0.000000000000000000e+00
4.288370736406929909e-03
1.408337232656202854e-03
-1.429962603332835328e-02
-3.000758930015548498e-02
-4.571555255129140100e-02
-6.067538269204336004e-02
-7.638334589398097785e-02
-9.209130853974514808e-02
-1.072568090761462228e-01
-1.207004444266096266e-01
-1.320774567100256869e-01
-1.432547869420096875e-01
-1.511554237630794162e-01
-1.602970510367433266e-01
-1.659895241252251352e-01
-1.722653515975451632e-01
-1.764964504108415544e-01
-1.806597031143146459e-01
-1.836990816901372392e-01
-1.859271007809723542e-01
-1.876474864903853457e-01
-1.892777400513530328e-01
-1.900961273294607956e-01
-1.906625757352541917e-01
-1.905410109568663746e-01
-1.902632691291457068e-01
-1.894074423843383204e-01
-1.884689925792235321e-01
-1.870378635204617557e-01
-1.855722252073606082e-01
-1.836781800870770920e-01
-1.817825610820685556e-01
-1.795124689591071354e-01
-1.778763957098765391e-01
-1.754859475169424643e-01
-1.734870508444304738e-01
-1.708119825466653530e-01
-1.685056588830007862e-01
-1.656352850789062636e-01
-1.631021649405959006e-01
-1.601161401850057509e-01
-1.574252742655225523e-01
-1.550021991100142271e-01
-1.524040326601383000e-01
-1.498390537845063764e-01
-1.471150820934381820e-01
-1.444216579576713955e-01
-1.416046584560803623e-01
-1.388232434346383937e-01
-1.359534286607572973e-01
-1.331234953742878035e-01
-1.309002129665471359e-01
-1.282463974623317404e-01
-1.259274963514998846e-01
-1.232184248137498939e-01
-1.208089112078319233e-01
-1.180742980579542051e-01
-1.156100881784422746e-01
-1.128825680218952798e-01
-1.110953122970084195e-01
-1.085975351362734181e-01
-1.066962772018941047e-01
-1.041807418081268921e-01
-1.021647279708845640e-01
-9.965305699708008891e-02
-9.756144267208022303e-02
-9.579775155238470785e-02
-9.389689925978561558e-02
-9.203795358014416061e-02
-9.006968216892513590e-02
-8.812374669551671647e-02
-8.611065091466844901e-02
-8.411679803199176297e-02
-8.284222156713914875e-02
-8.106100248993833302e-02
-7.965147145322949707e-02
-7.781990485470377528e-02
-7.627969432700185126e-02
-7.442089886224229067e-02
-7.279279701829231841e-02
-7.171235038877156465e-02
-7.028349093812553960e-02
-6.906238178424635443e-02
-6.756186757346188676e-02
-6.620755814664752714e-02
-6.545670410983045473e-02
-6.426856323089552570e-02
-6.332703737024433788e-02
-6.203662707190311237e-02
-6.092132438177548515e-02
-5.955709779630566358e-02
-5.914421382363649338e-02
-5.800281094951398320e-02
-5.733837269783422647e-02
-5.612808075511906830e-02
-5.524193393386322981e-02
-5.481119070302741675e-02
-5.405896314133021990e-02
-5.339833194174987280e-02
-5.250103912813028351e-02
-5.163989888151210295e-02
-5.148007765489392290e-02
-5.077687965374038520e-02
-5.033439142728856480e-02
-4.949790901117999409e-02
-4.881368063612785690e-02
-4.873330048587860841e-02
-4.819230783520402767e-02
-4.781657997480174421e-02
-4.712073314174051314e-02
-4.738100149824574919e-02
-4.686379026169289891e-02
-4.673333780806002147e-02
-4.607404545744341745e-02
-4.652341640631688785e-02
-4.605527772391622421e-02
-4.606088756148100233e-02
-4.544955705123940315e-02
-4.600647104064819332e-02
-4.559104895411077857e-02
-4.567029356816278141e-02
-4.601114366316813586e-02
-4.606048466214105602e-02
-4.600906098614183926e-02
-4.575327502552081066e-02
-4.629609837402756667e-02
-4.612997055218173020e-02
-4.619660774211681309e-02
-4.672369619154161796e-02
-4.675920874370230462e-02
-4.683217737418253479e-02
-4.748795732869946773e-02
-4.752593397233072225e-02
-4.861862103669021412e-02
-4.865367326300906736e-02
-4.910243718776276245e-02
-4.975494895820033875e-02
-5.001895632834065658e-02
-5.109612734225111447e-02
-5.123856679080850823e-02
-5.166510612769936728e-02
-5.234720586376757911e-02
-5.255293854570401713e-02
-5.361608076551777069e-02
-5.365738484242405654e-02
-5.498246441183551880e-02
-5.487310020928730381e-02
-5.636876384977416304e-02
-5.612220915823513262e-02
-5.771036211076185918e-02
-5.734827474164875399e-02
-5.896056137296866451e-02
-5.851089494934001017e-02
-6.008477440365947442e-02
-5.958423545705564955e-02
-6.106200439048956735e-02
-6.054122015464669104e-02
-6.102881944880823861e-02
-6.107629033938975077e-02
-6.112737050938715777e-02
-6.152858742278302651e-02
-6.130076532381537047e-02
-6.192793014316130135e-02
-6.149859761395238406e-02
-6.227484232692236110e-02
-6.169345346197954716e-02
-6.256553524972967295e-02
-6.187393873461872335e-02
-6.193302036388802223e-02
-6.176492162275150355e-02
-6.150218654465660489e-02
-6.170019373913730037e-02
-6.122964855925436961e-02
-6.169332209273170609e-02
-6.107021876527378434e-02
-6.083771395155972150e-02
-6.072641913819296772e-02
-6.025399693616188823e-02
-6.052582660346441518e-02
-5.989834401383494628e-02
-5.954182432112201800e-02
-5.944901586763415985e-02
-5.890885087255633146e-02
-5.922728100692131736e-02
-5.857065534650018196e-02
-5.824755843709849418e-02
-5.817938250385595866e-02
-5.767342295263368918e-02
-5.805336175573947571e-02
-5.742971182355233878e-02
-5.715739555193894567e-02
-5.714511307191286887e-02
-5.669303037148643726e-02
-5.613797843057757864e-02
-5.627503263308049342e-02
-5.562490563508531299e-02
-5.621427402776840720e-02
-5.550906726895999538e-02
-5.539135348964505101e-02
-5.537188676494638612e-02
-5.506002785748197875e-02
-5.449173899364731510e-02
-5.478386394049654384e-02
-5.413250290304055107e-02
-5.487446062848179429e-02
-5.417644033775442791e-02
-5.416894666000424130e-02
-5.417664507611798241e-02
-5.396045532879056861e-02
-5.339405355089349436e-02
-5.378544007822492340e-02
-5.311785286999867045e-02
-5.289001067058128613e-02
-5.290162515349442623e-02
-5.255324052523273337e-02
-5.303305955115834858e-02
-5.260971198370806290e-02
-5.235110003574436344e-02
-5.261623842500591508e-02
-5.211851479889584998e-02
-5.183323703190245019e-02
-5.191314684585714850e-02
-5.151389942103353631e-02
-5.201292689194604579e-02
-5.151292187401580042e-02
-5.128188501457321691e-02
-5.144509591939674248e-02
-5.092136880718281522e-02
-5.159386057426650074e-02
-5.078529529581655294e-02
-5.088817140933602629e-02
-5.054770665204678243e-02
-5.051042355258542060e-02
-5.045956277630384013e-02
-5.034053571239762576e-02
-4.952237210096029074e-02
-5.007215001519205178e-02
-4.882832732473708914e-02
-4.998131209841938372e-02
-4.831347945156334173e-02
-4.994076363953282860e-02
-4.798001660071629648e-02
-4.978780348048272159e-02
-4.780088757985988257e-02
-4.951942775190221191e-02
-4.760821393279824482e-02
-4.919390550274494595e-02
-4.751647715576162723e-02
-4.861455143077533791e-02
-4.732448096539011023e-02
-4.812499956348420538e-02
-4.702451457679780733e-02
-4.758779443915540225e-02
-4.668935197028729889e-02
-4.700808113682677924e-02
-4.710075620259950718e-02
-4.671719819406299629e-02
-4.718773581865429168e-02
-4.635778617537570506e-02
-4.707393106209994960e-02
-4.597028309945049018e-02
-4.684204850040039197e-02
-4.562419379240552353e-02
-4.564320925937989659e-02
-4.502985918340953603e-02
-4.483552217263888501e-02
-4.454610448652790433e-02
-4.432335136435355122e-02
-4.423407530488292910e-02
-4.400452341309124549e-02
-4.312927449884399606e-02
-4.353127335510788287e-02
-4.253435988231236975e-02
-4.229305953429230575e-02
-4.201914291406396579e-02
-4.167775920713107096e-02
-4.197146172924858670e-02
-4.151971679039762747e-02
-4.112127215958018278e-02
-4.139983371327154299e-02
-4.090340799564547158e-02
-4.051068230749519522e-02
-3.958171648905486201e-02
-3.999862415044512509e-02
-3.916514391728492112e-02
-3.891391717502733910e-02
-3.905043423294829452e-02
-3.876497980595442622e-02
-3.828222213575855487e-02
-3.754277383677911972e-02
-3.801735696846894608e-02
-3.742162786239663225e-02
-3.720123145691578426e-02
-3.765918187773690390e-02
-3.744865239585734584e-02
-3.720890178934854742e-02
-3.653223561416313325e-02
-3.728329830545420998e-02
-3.681810648743857883e-02
-3.676310838500597422e-02
-3.743435783003466744e-02
-3.739443043635699848e-02
-3.728841560192926868e-02
-3.673600015488882181e-02
-3.764989781089761456e-02
-3.735422564836547721e-02
-3.737050601054444504e-02
-3.668881244153059107e-02
-3.768792604502329419e-02
-3.739130653304955504e-02
-3.743286771849071992e-02
-3.677815482922575790e-02
-3.780519185354123957e-02
-3.759754960455214540e-02
-3.763764661239051706e-02
-3.705698787772045144e-02
-3.809789067872094287e-02
-3.799863461797406416e-02
-3.803590517674326071e-02
-3.916302111857765389e-02
-3.937982788459071237e-02
-3.953782635498668402e-02
-3.916741563144428284e-02
-4.035652135899907983e-02
-4.040585381559481243e-02
-4.055476140310570327e-02
-4.008916121598963406e-02
-4.125821251887679814e-02
-4.129684483284151025e-02
-4.142519015123689169e-02
-4.259486442177833759e-02
-4.302088777323734292e-02
-4.313058812552527516e-02
-4.291361473960957768e-02
-4.401722942566926172e-02
-4.429310285032474204e-02
-4.433541373359069920e-02
-4.565346112351474639e-02
-4.603716787169719743e-02
-4.626928050656427954e-02
-4.758375035761916449e-02
-4.813701528684317943e-02
-4.832060583456475322e-02
-4.974213016320168379e-02
-5.022884487982166857e-02
-5.050177924301165605e-02
-5.180550593318408031e-02
-5.236961997594892504e-02
-5.253399235679478280e-02
-5.386099962075040909e-02
-5.432399290260447877e-02
-5.451793820144436309e-02
-5.570727506315655692e-02
-5.619571297492432366e-02
-5.628151134216492768e-02
-5.744947246549231973e-02
-5.784068690275025876e-02
-5.937375613792440082e-02
-5.995755217442282070e-02
-6.025357435191967120e-02
-6.138731553885354297e-02
-6.187018766681944004e-02
-6.328300010065580905e-02
-6.387300979092970510e-02
-6.540662994026399946e-02
-6.603755289703888698e-02
-6.760096496588888226e-02
-6.821763824590515446e-02
-6.846129659626616626e-02
-6.942299274726418390e-02
-6.970423238991077519e-02
-7.080506147333671951e-02
-7.109615909023621338e-02
-7.222886319487790974e-02
-7.250018732331224569e-02
-7.361114535115258206e-02
-7.501787650678529151e-02
-7.570831146926179644e-02
-7.694452522793468474e-02
-7.736007671647879280e-02
-7.841767885610008426e-02
-7.862669469423856639e-02
-7.951502647716914007e-02
-7.955497503666841830e-02
-8.029364699017421669e-02
-8.019445903982620749e-02
-8.080581600286500243e-02
-8.167657643113242216e-02
-8.187478983326751392e-02
-8.255303653581436141e-02
-8.248809894605094173e-02
-8.300314887437768019e-02
-8.276663981924221869e-02
-8.315133803367086296e-02
-8.386035706441391513e-02
-8.386883021975309604e-02
-8.438238119534598181e-02
-8.414878612343987263e-02
-8.451761728927832673e-02
-8.521171016520344421e-02
-8.520090589798499925e-02
-8.568737844294900541e-02
-8.543419729558833497e-02
-8.578370928771646142e-02
-8.650098001782613455e-02
-8.647060060843504703e-02
-8.699895907598485800e-02
-8.673931601875928266e-02
-8.715268906081799494e-02
-8.677033027569627799e-02
-8.711631824064344776e-02
-8.785213248424168786e-02
-8.784294148766864929e-02
-8.845554356990881217e-02
-8.825229786188774905e-02
-8.879373211391060339e-02
-8.849261254414324263e-02
-8.899651151280138506e-02
-8.992612653627481134e-02
-9.003618462473809980e-02
-9.086795771678103650e-02
-9.077633181324254452e-02
-9.154286629553044785e-02
-9.134373003413981396e-02
-9.207334780409655306e-02
-9.181619092471453303e-02
-9.253695335304089331e-02
-9.367203132361880125e-02
-9.394172112075466208e-02
-9.500216815746843901e-02
-9.504787235911910104e-02
-9.602767981786765328e-02
-9.594209642508902403e-02
-9.685675836906114389e-02
-9.819408586660799410e-02
-9.855761555083183967e-02
-9.976551769351860166e-02
-9.982670709377761131e-02
-1.008875363519391166e-01
-1.007589080754345001e-01
-1.016961509358726978e-01
-1.014328300999457061e-01
-1.022682685896303262e-01
-1.034674524384632810e-01
-1.036965926133166654e-01
-1.047308741529768272e-01
-1.046028217028998619e-01
-1.054511899999514418e-01
-1.051021087179151298e-01
-1.057846800382065272e-01
-1.052750200356887961e-01
-1.058151547340327736e-01
-1.051847301174931304e-01
-1.056055732302329103e-01
-1.064327272322005274e-01
-1.061644571282500671e-01
-1.068555873450406507e-01
-1.061903387690499995e-01
-1.067156303047588489e-01
-1.058036122786605721e-01
-1.061761036189649010e-01
-1.050940137193872442e-01
-1.053425444395724581e-01
-1.056633872586450057e-01
-1.051308662189800597e-01
-1.054124733328037633e-01
-1.044608991867741615e-01
-1.046294926257818753e-01
-1.049428371827961781e-01
-1.042358139990009203e-01
-1.045276000358925372e-01
-1.048266402173221451e-01
-1.042017182786721535e-01
-1.044020771440822698e-01
-1.032318121922961990e-01
-1.032930762855688994e-01
-1.032324051871273546e-01
-1.023358620707161687e-01
-1.023088402442829531e-01
-1.008422141664622462e-01
-1.007650155500743466e-01
-9.896624451126520561e-02
-9.881195075148836715e-02
-9.817255711338628010e-02
-9.715078533889173751e-02
-9.665585680231186805e-02
-9.512079993431357683e-02
-9.466046302403656465e-02
-9.283449132560667172e-02
-9.112060321112870620e-02
-8.988316623411045370e-02
-8.793418101979109947e-02
-8.701737126962766355e-02
-8.500278311512436680e-02
-8.426268108125102574e-02
-8.226100966446375784e-02
-8.051129838179581222e-02
-7.917768330970148538e-02
-7.735212014605197250e-02
-7.638269044426584942e-02
-7.459847593509751074e-02
-7.282011752574810148e-02
-7.165285519153095917e-02
-6.991535289831071753e-02
-6.811461249806180507e-02
-6.697602388852647026e-02
-6.531559436142245212e-02
-6.358723251991443837e-02
-6.253873963785507029e-02
-6.098305312841257458e-02
-5.938957567651901442e-02
-5.842470728986470796e-02
-5.702854601218698694e-02
-5.554608302501367473e-02
-5.471263609476210987e-02
-5.344126992324063630e-02
-5.211041830807249670e-02
-5.136922300383567341e-02
-5.025443607115941125e-02
-4.903418220566266306e-02
-4.841114418597041585e-02
-4.740914118322404197e-02
-4.632107750569838117e-02
-4.577379539715373952e-02
-4.490098135524261957e-02
-4.390508505493427582e-02
-4.344966342795179154e-02
-4.266765018026060646e-02
-4.177854779260143508e-02
-4.138254299432751054e-02
-4.070439176815229820e-02
-3.989167723790607023e-02
-3.957078360113030352e-02
-3.896859042831848224e-02
-3.886888451772248232e-02
-3.842290247970872596e-02
-3.785232051451768720e-02
-3.769585788163048318e-02
-3.728595212021618144e-02
-3.731978640207424952e-02
-3.703481731626731555e-02
-3.659057986324745770e-02
-3.656634956055928448e-02
-3.627583661128055276e-02
-3.644547472429066765e-02
-3.628326714425858524e-02
-3.660260899533680085e-02
-3.655253334198144133e-02
-3.700976581814348354e-02
-3.706661076025117435e-02
-3.766448013552090718e-02
-3.863075225776294724e-02
-3.918743696528507320e-02
-4.026449288611827493e-02
-4.180982879341636760e-02
-4.278856549206844218e-02
-4.441800516733950682e-02
-4.659523639411866647e-02
-4.806722212789492354e-02
-5.031496154275200139e-02
-5.325514210313227886e-02
-5.526948624373500402e-02
-5.823183925649741410e-02
-6.201580277824855075e-02
-6.672238208856549890e-02
-6.985363847340610166e-02
-7.422953101559487399e-02
-7.950830490517764304e-02
-8.304596927499015291e-02
-8.795121494828390951e-02
-9.100510414080945076e-02
-9.572253110361785000e-02
-1.015175705321618438e-01
-1.051012184479055006e-01
-1.104654155788140357e-01
-1.134643285747181790e-01
-1.185316726809909488e-01
-1.210909134068622606e-01
-1.259411409860377862e-01
-1.281573838954777056e-01
-1.328481669928206765e-01
-1.347654915255271368e-01
-1.393438550270795495e-01
-1.409819522492460897e-01
-1.454537275488924086e-01
-1.468428513070084984e-01
-1.511764232773200323e-01
-1.523425949133026258e-01
-1.565030109553328386e-01
-1.574542034496246579e-01
-1.614170281933060280e-01
-1.621472662713640545e-01
-1.619044876358215757e-01
-1.639049615968824203e-01
-1.638108503631762469e-01
-1.663109550777666923e-01
-1.662228500517091700e-01
-1.690181736760784370e-01
-1.688419465012533927e-01
-1.677692998705002658e-01
-1.690364847618293642e-01
-1.682718064672173719e-01
-1.701773726283154486e-01
-1.694963872006219896e-01
-1.678270025781665453e-01
-1.687545778037073396e-01
-1.674879320690773887e-01
-1.691978377525006905e-01
-1.680485416814253841e-01
-1.663915871695849646e-01
-1.667953023531738577e-01
-1.656443572077464232e-01
-1.668113066634470121e-01
-1.657799048452180679e-01
-1.637064924729972060e-01
-1.643116627870952473e-01
-1.626036730869902247e-01
-1.640391136080322221e-01
-1.624212810401998164e-01
-1.606912245558658192e-01
-1.607469432393363318e-01
-1.592166580771325057e-01
-1.601818208598745075e-01
-1.586593766015279294e-01
-1.566296286386704428e-01
-1.566971680322873650e-01
-1.549272845923406194e-01
-1.523587250969873075e-01
-1.522543086116353861e-01
-1.501621963451993391e-01
-1.508834163078559831e-01
-1.490166432209346081e-01
-1.469986998527611499e-01
-1.466311490580350929e-01
-1.449353927583630353e-01
-1.452876992073730278e-01
-1.437104683419500040e-01
-1.414696656770489114e-01
-1.411989168884598689e-01
-1.393005346357122642e-01
-1.367504577376964237e-01
-1.361957364264675119e-01
-1.341566938446934476e-01
-1.341986367237887612e-01
-1.324162822251229443e-01
-1.301669651153901652e-01
-1.295253490907985472e-01
-1.276787104618957447e-01
-1.250538882778369776e-01
-1.243423623370827208e-01
-1.222805764114408278e-01
-1.197234347339688892e-01
-1.188086881597104905e-01
-1.168513971472703167e-01
-1.142436619204066639e-01
-1.111912090580804979e-01
-1.099719817890627421e-01
-1.078087050094834326e-01
-1.051905511612270805e-01
-1.041913675881399742e-01
-1.023585688026740215e-01
-9.997381196806168213e-02
-9.916849060187174492e-02
-9.751627489137104643e-02
-9.534682860798683601e-02
-9.275875999150069717e-02
-9.181165659582316008e-02
-9.010658641774525746e-02
-8.800235899809943918e-02
-8.725236701093436187e-02
-8.589795595012893192e-02
-8.398136182054682930e-02
-8.176317742398973853e-02
-8.096965970111674737e-02
-7.959975536102913141e-02
-7.778910116029627564e-02
-7.725419262469399029e-02
-7.615693256153241442e-02
-7.457771180199533612e-02
-7.266532350543025709e-02
-7.209174515857881549e-02
-7.097613905839275650e-02
-6.948344422734130388e-02
-6.910884861439049731e-02
-6.826684570430276155e-02
-6.694802369841457157e-02
-6.532748718425070156e-02
-6.491837669524365417e-02
-6.403323089291070025e-02
-6.278229867999765568e-02
-6.256849451327871348e-02
-6.190927360908082128e-02
-6.082581643403336263e-02
-5.942861189204749067e-02
-5.917726739079651188e-02
-5.846280109812770909e-02
-5.742772101666652335e-02
-5.734171118709675136e-02
-5.684180181597490306e-02
-5.594408365300345548e-02
-5.600489844798265532e-02
-5.557770782118558184e-02
-5.480195228682568920e-02
-5.490449069011779648e-02
-5.454432326345513837e-02
-5.381074456327235994e-02
-5.395612891535890576e-02
-5.360209949972092464e-02
-5.291612364366427707e-02
-5.305581146615333255e-02
-5.271667081788162373e-02
-5.203897008141050023e-02
-5.218227119623819465e-02
-5.182713799597642862e-02
-5.116860140066307322e-02
-5.128921443104270117e-02
-5.093024120240198516e-02
-5.026974070534562244e-02
-5.037760936533306616e-02
-4.999786127764224708e-02
-4.934567243165912526e-02
-4.942388033697022592e-02
-4.903325365980588241e-02
-4.837540816437982394e-02
-4.843005048028378723e-02
-4.801695520949513657e-02
-4.833367000624548548e-02
-4.801961112675738608e-02
-4.751512870600119870e-02
-4.756643251594944860e-02
-4.719345966511501178e-02
-4.653828842125276588e-02
-4.651967665557012882e-02
-4.602405659133500943e-02
-4.534678871278319950e-02
-4.521014947215044877e-02
-4.468979992780319765e-02
-4.473190951773584750e-02
-4.426781238927264550e-02
-4.363624157674672599e-02
-4.345026313594146927e-02
-4.290346349336607995e-02
-4.215697813647457937e-02
-4.187467710444516683e-02
-4.124239673843331511e-02
-4.045867582675558016e-02
-4.008549442200444457e-02
-3.942007995278402205e-02
-3.916226898337272361e-02
-3.853908379014203689e-02
-3.780051381500887375e-02
-3.736012415220217597e-02
-3.669241626346164686e-02
-3.586890680352514127e-02
-3.536981492653789444e-02
-3.464425231305320180e-02
-3.381602769111256845e-02
-3.325309662546138689e-02
-3.252836443773921699e-02
-3.168725872010950267e-02
-3.110667564625066786e-02
-3.037471984922708937e-02
-2.955622643165872754e-02
-2.895328775978200583e-02
-2.824557892404805370e-02
-2.744304146643134282e-02
-2.684768180507726698e-02
-2.615850030491766523e-02
-2.539490687122031992e-02
-2.480385362209656594e-02
-2.415291329730102909e-02
-2.342086133631155614e-02
-2.285299752946758078e-02
-2.223306616141680625e-02
-2.154563614110927353e-02
-2.099749727664451671e-02
-2.042103087481764168e-02
-1.977226706361297562e-02
-1.925871611257448657e-02
-1.872177891503025091e-02
-1.812207664281679023e-02
-1.764340077636660994e-02
-1.715639869173746918e-02
-1.660241332194139705e-02
-1.617078733835110999e-02
-1.573133895826014234e-02
-1.523000174440576962e-02
-1.484599394946806324e-02
-1.446099089617131073e-02
-1.400908550039590104e-02
-1.368124841686640773e-02
-1.334867437324423027e-02
-1.295050267111715926e-02
-1.267920469903007635e-02
-1.240372704399896400e-02
-1.205646204821447277e-02
-1.184730355110026438e-02
-1.162690443275006535e-02
-1.133250068604795512e-02
-1.118460515503877026e-02
-1.102136133120787398e-02
-1.077620277928310367e-02
-1.069187952243874466e-02
-1.058285103580220050e-02
-1.038652996079083603e-02
-1.036343961144389411e-02
-1.030863751702784832e-02
-1.015695165055168457e-02
-1.019513276463421790e-02
-1.019120220322074916e-02
-1.008236768618205742e-02
-1.017868375290707263e-02
-1.022445360385088910e-02
-1.015408555404838375e-02
-1.030713032203985774e-02
-1.039912311490663252e-02
-1.036461606538555992e-02
-1.057083365013807875e-02
-1.070723616447181135e-02
-1.070427860842379682e-02
-1.096150639066848127e-02
-1.113905871017536672e-02
-1.116477083968691643e-02
-1.146947138347014297e-02
-1.168620000653565992e-02
-1.173661922813328505e-02
-1.208604808209450855e-02
-1.233861471067413014e-02
-1.241066514063066985e-02
-1.280068741021500242e-02
-1.308616344668128359e-02
-1.317574506243117741e-02
-1.360254215322388542e-02
-1.391680713009952296e-02
-1.402034254128496811e-02
-1.447910011898435878e-02
-1.481831101444207495e-02
-1.493154961160402493e-02
-1.541784974454045269e-02
-1.577742239752555689e-02
-1.589665410714567045e-02
-1.640566272977947437e-02
-1.678141467308871121e-02
-1.690268790067295246e-02
-1.743018515813429467e-02
-1.781764692806704978e-02
-1.793765228116968313e-02
-1.847937515483542500e-02
-1.887456427509853762e-02
-1.899001723569561373e-02
-1.954228855295746595e-02
-1.994112957075728360e-02
-2.004932961910508779e-02
-2.060849627957644231e-02
-2.100731163932172130e-02
-2.110563663028061990e-02
-2.166846593137796220e-02
-2.206351211134467694e-02
-2.214978747911910267e-02
-2.205026379148541590e-02
-2.247754415254570037e-02
-2.275772849962427388e-02
-2.275650010265385312e-02
-2.324372543087847159e-02
-2.358311747206876668e-02
-2.360752338783626836e-02
-2.414292614634060488e-02
-2.449508890670236416e-02
-2.454124857724664793e-02
-2.508559440037644653e-02
-2.545015700432803896e-02
-2.548745565706283384e-02
-2.604234136011048667e-02
-2.639073301190252366e-02
-2.642280382743634679e-02
-2.624136299826545712e-02
-2.664111208817821624e-02
-2.685130522121466704e-02
-2.678304288533077740e-02
-2.722647642940462243e-02
-2.749264747851105917e-02
-2.743941469886220300e-02
-2.792604417558989735e-02
-2.818550511354327853e-02
-2.815459548359957459e-02
-2.863239196001062317e-02
-2.889612477431094742e-02
-2.884601980284733080e-02
-2.859556058881473906e-02
-2.892430336978803543e-02
-2.904649591393898556e-02
-2.890297895513160159e-02
-2.928299003868447409e-02
-2.944666744133747974e-02
-2.932856503874536544e-02
-2.973470355493183781e-02
-2.989641106369792661e-02
-2.978867774608992894e-02
-3.018835164098290433e-02
-3.034069120862291358e-02
-3.022136427082161222e-02
-2.989830577164866166e-02
-3.015219410955771381e-02
-3.016460316498250499e-02
-2.995694563966477819e-02
-3.024434861289823293e-02
-3.030423717317148533e-02
-3.011198396016082426e-02
-3.042606748142072728e-02
-3.047396897237052843e-02
-3.029742184096175656e-02
-3.059228059501368710e-02
-3.063515739819306152e-02
-3.044084705092991658e-02
-3.072481850162793460e-02
-3.073485683734940299e-02
-3.053285087175105009e-02
-3.013187565541361121e-02
-3.027075878708549925e-02
-3.014310213173602981e-02
-2.985498001463131323e-02
-2.999765259286338998e-02
-2.992268743717477197e-02
-2.963405397991718260e-02
-2.980463121088527262e-02
-2.970937164392707316e-02
-2.944612649711653846e-02
-2.958685579503085236e-02
-2.949977224080205240e-02
-2.921555574325323743e-02
-2.935177683594548947e-02
-2.923271700008667554e-02
-2.895137097054551259e-02
-2.849503429613877911e-02
-2.850783099083534569e-02
-2.827633529152021041e-02
-2.792678157250735871e-02
-2.793187422739165301e-02
-2.775778944074932739e-02
-2.740441844133445840e-02
-2.743762289462872012e-02
-2.724690928004918494e-02
-2.692414176260360392e-02
-2.692760777559726967e-02
-2.675464348564408207e-02
-2.641514949711465735e-02
-2.641894414477930983e-02
-2.622256078962529116e-02
-2.589285008459759133e-02
-2.542320245383879185e-02
-2.532878406587558279e-02
-2.505070146317529139e-02
-2.467204959520524071e-02
-2.457216334762129736e-02
-2.434824254090004955e-02
-2.397025028955386550e-02
-2.389785551301320393e-02
-2.366775707730800829e-02
-2.332152808828729523e-02
-2.285818049075629202e-02
-2.272261677788117024e-02
-2.244870154033535084e-02
-2.208142774140735634e-02
-2.195709226538854544e-02
-2.174536537784116721e-02
-2.138854449481327955e-02
-2.129939816593090160e-02
-2.108946795516839987e-02
-2.076634485496755417e-02
-2.034342766941448985e-02
-2.020420548540073635e-02
-1.996425899684214564e-02
-1.962742735136435018e-02
-1.950965186290659278e-02
-1.932982237652837790e-02
-1.901079428595411555e-02
-1.863078397505307793e-02
-1.849048621967881029e-02
-1.829490200515099946e-02
-1.797794694697559328e-02
-1.789171283308690907e-02
-1.773737175039413749e-02
-1.746379747938248475e-02
-1.740587960121004613e-02
-1.728681707267226697e-02
-1.703620262172295813e-02
-1.671892832833011058e-02
-1.663580013183516004e-02
-1.650332061143338150e-02
-1.625030171428091391e-02
-1.621793464727818573e-02
-1.613082305641404257e-02
-1.591284690179900832e-02
-1.562804923311889374e-02
-1.558162370222679859e-02
-1.548957567029576876e-02
-1.527446560172037414e-02
-1.528782282154273788e-02
-1.524924911974427817e-02
