8.209431186531305968e+01
8.179010446775788523e+01
8.149228711087842214e+01
8.119675535007388589e+01
8.090423900235231258e+01
8.061459934227661961e+01
8.032921871787267776e+01
8.004673857420176830e+01
7.976639080068920862e+01
7.948733648067934610e+01
7.920900725750107085e+01
7.893156209794116762e+01
7.865383406372808395e+01
7.837720614038522626e+01
7.810020082647889694e+01
7.782419518179833062e+01
7.754852872059268520e+01
7.727395977800166804e+01
7.700033406784802992e+01
7.672785703289999049e+01
7.645664539690713468e+01
7.618681632851466645e+01
7.591812293674739465e+01
7.565061081638215512e+01
7.538403844614153115e+01
7.511842261723441538e+01
7.485354294300333322e+01
7.458946210233500551e+01
7.432603264316176706e+01
7.406338119724978242e+01
7.380142706725010271e+01
7.354033026095892467e+01
7.328003448013421917e+01
7.302089267919274107e+01
7.276257485028479266e+01
7.250541777177674874e+01
7.224911925270031077e+01
7.199392550114775702e+01
7.173952598359689148e+01
7.148610368146641747e+01
7.123338620132074084e+01
7.098153289681941658e+01
7.073054941770770654e+01
7.048033835930431223e+01
7.023098275547215508e+01
6.998244975705961224e+01
6.973479953921427921e+01
6.948798717469303199e+01
6.924204262172757751e+01
6.899691164949963706e+01
6.875260545749507912e+01
6.850929322939383326e+01
6.826670431042462894e+01
6.802505175536593640e+01
6.778413343150491244e+01
6.754412179412301498e+01
6.730482693856276910e+01
6.706638742164740563e+01
6.682863717516198676e+01
6.659192240295287490e+01
6.635581329213344759e+01
6.612067718518005677e+01
6.588618890717064858e+01
6.565264048425264320e+01
6.541974612528601085e+01
6.518773033375538262e+01
6.495658257624069165e+01
6.472618724470638085e+01
6.449659705152730282e+01
6.426776402237750574e+01
6.403970821603411423e+01
6.381238401655809156e+01
6.358579204986028088e+01
6.336013664577580329e+01
6.313510115197697559e+01
6.291093208993263630e+01
6.268741398751540572e+01
6.246472805975491838e+01
6.224269128401561346e+01
6.202142982787737679e+01
6.180104344986844467e+01
6.158130291553773361e+01
6.136236559848460104e+01
6.114409604572009016e+01
6.092659596711669678e+01
6.071000487007347601e+01
6.049405079555472753e+01
6.027891784611416881e+01
6.006443142433411708e+01
5.985070986639212265e+01
5.963761053455230154e+01
5.942546580505561593e+01
5.921382987714537194e+01
5.900303274165275269e+01
5.879279395623017734e+01
5.858333575346972566e+01
5.837471167815389350e+01
5.816672432969270545e+01
5.795948768849774524e+01
5.775290104717191753e+01
5.754701583723704061e+01
5.734201922213443936e+01
5.713757910169468346e+01
5.693390943099591794e+01
5.673081949095298171e+01
5.652843542640007968e+01
5.632689042963056636e+01
5.612590579960529169e+01
5.592565279774265719e+01
5.572599017354574613e+01
5.552728036913998722e+01
5.532906406951381229e+01
5.513165341132195607e+01
5.493478367508021165e+01
5.473890565176935752e+01
5.454347384723530467e+01
5.434885425555224003e+01
5.415473182418362796e+01
5.396159505945671953e+01
5.376887084943894024e+01
5.357694754416894511e+01
5.338578269404314369e+01
5.319523744931976239e+01
5.300535824822980402e+01
5.281609411818348576e+01
5.262771826920962326e+01
5.243982223808475851e+01
5.225264609607626198e+01
5.206626372169918682e+01
5.188042479823428010e+01
5.169526322262837681e+01
5.151093967561642017e+01
5.132713534849199277e+01
5.114432408010539888e+01
5.096194693300192569e+01
5.078038342334694022e+01
5.059957996461265139e+01
5.041936646088211660e+01
5.024007421668064666e+01
5.006123158169015852e+01
4.988314051231820656e+01
4.970579184201180567e+01
4.952897935606326030e+01
4.935307199980310600e+01
4.917757055628863583e+01
4.900310772634486511e+01
4.882896436729502909e+01
4.865596057683014664e+01
4.848320837738464917e+01
4.831165497036076317e+01
4.814029675012422871e+01
4.797015639068779080e+01
4.780017031416864626e+01
4.763139081024078791e+01
4.746274931459969793e+01
4.729528203512762730e+01
4.712796424803266859e+01
4.696152687357823652e+01
4.679559576484172112e+01
4.663026677608334580e+01
4.646563643387975162e+01
4.630145817590133817e+01
4.613812364505731978e+01
4.597515592439098953e+01
4.581313856612923985e+01
4.565142637283872062e+01
4.549072978465213168e+01
4.533028448691010936e+01
4.517063300883404509e+01
4.501151738442538175e+01
4.485294624099590521e+01
4.469506028855008140e+01
4.453757402717548075e+01
4.438090266986142041e+01
4.422455004025634651e+01
4.406886761068236069e+01
4.391379274173516478e+01
4.375919728478087478e+01
4.360536769783396949e+01
4.345189611780186567e+01
4.329905069143509877e+01
4.314683060014368721e+01
4.299504955347408952e+01
4.284404606034658514e+01
4.269336910407340469e+01
4.254332362559863157e+01
4.239389689567008901e+01
4.224491127397158152e+01
4.209671440801761833e+01
4.194884423804252549e+01
4.180161497662001580e+01
4.165501150360552884e+01
4.150885224579127453e+01
4.136319316808297231e+01
4.121823593983594947e+01
4.107361107550993040e+01
4.092984774920799396e+01
4.078633355133109717e+01
4.064351539758050791e+01
4.050128982839250114e+01
4.035955438190068634e+01
4.021828946429811680e+01
4.007777660338206260e+01
3.993756540312115533e+01
3.979826107750013620e+01
3.965917756839905906e+01
3.952081455292454848e+01
3.938302448409100975e+01
3.924573936170832411e+01
3.910889598492818209e+01
3.897282348184859302e+01
3.883702216467526824e+01
3.870182654813711309e+01
3.856720979923735371e+01
3.843302500554533196e+01
3.829961305112585279e+01
3.816656563054631590e+01
3.803412350303568701e+01
3.790239097127710011e+01
3.777104302813594927e+01
3.764027052284129127e+01
3.751012006119284337e+01
3.738036886380771762e+01
3.725139354208867104e+01
3.712273733900665462e+01
3.699468199015893077e+01
3.686727664875062516e+01
3.674025016807497224e+01
3.661409571758084525e+01
3.648816560087339411e+01
3.636299410859648873e+01
3.623826903486183681e+01
3.611414203186352267e+01
3.599057590559368691e+01
3.586754452835628371e+01
3.574486132929542492e+01
3.562302762252452482e+01
3.550127426207166081e+01
3.538063148754473275e+01
3.525986098815452152e+01
3.514044294939933621e+01
3.502076253450155008e+01
3.490255541109266346e+01
3.478407005404541508e+01
3.466702741113684283e+01
3.454975373153467189e+01
3.443384053145277335e+01
3.431776122799051620e+01
3.420285179755463645e+01
3.408794592304212756e+01
3.397402908011081024e+01
3.386020277903601539e+01
3.374725794896872344e+01
3.363448832811938871e+01
3.352249955991114660e+01
3.341102113567981036e+01
3.330000985202777741e+01
3.318976573502897054e+01
3.307979982694260457e+01
3.297070957916877632e+01
3.286172813000965931e+01
3.275364819349432821e+01
3.264555925001776160e+01
3.253810501737591920e+01
3.243087365492446139e+01
3.232405760664929062e+01
3.221757908463018083e+01
3.211147334221471539e+01
3.200580581686369186e+01
3.190052544528085932e+01
3.179551811179793219e+01
3.169118866564394565e+01
3.158695584503880127e+01
3.148323387233446624e+01
3.137984714150694288e+01
3.127676620343809333e+01
3.117415322176545445e+01
3.107172038871303243e+01
3.096962704274183409e+01
3.086801227413623749e+01
3.076656873303700834e+01
3.066546793160601680e+01
3.056454544804410745e+01
3.046418693534851130e+01
3.036383928266651111e+01
3.026387779273221668e+01
3.016427138234703875e+01
3.006485849441957825e+01
2.996569108728061792e+01
2.986674519363310765e+01
2.976832821138589225e+01
2.966996038666400182e+01
2.957194222308097764e+01
2.947434126223423689e+01
2.937687971320930913e+01
2.927969336534329159e+01
2.918268340715918896e+01
2.908623158353819349e+01
2.898977934715337668e+01
2.889366612306402615e+01
2.879795850451417039e+01
2.870236183038635502e+01
2.860701854561989421e+01
2.851184199228278260e+01
2.841722366287899604e+01
2.832259998878301488e+01
2.822829132308177336e+01
2.813407619139211491e+01
2.804044191355927751e+01
2.794676398660978478e+01
2.785339109276199210e+01
2.776010284804206307e+01
2.766738968883861460e+01
2.757464372537566177e+01
2.748218512575944317e+01
2.738983005066306831e+01
2.729803871927228442e+01
2.720623384807229428e+01
2.711469113133004782e+01
2.702360606725674330e+01
2.693256904674020902e+01
2.684176957063738911e+01
2.675110848881063319e+01
2.666100612757186639e+01
2.657089401949582452e+01
2.648103300441545116e+01
2.639126806261110403e+01
2.630205123808127254e+01
2.621280293188480215e+01
2.612378520104021717e+01
2.603519573309458224e+01
2.594666960214824769e+01
2.585831509406678208e+01
2.577013212287867105e+01
2.568245372654459402e+01
2.559482455999177475e+01
2.550737420191416049e+01
2.542040717599319066e+01
2.533346323253604382e+01
2.524671460493684805e+01
2.516041677348258787e+01
2.507418650547827710e+01
2.498811819774620702e+01
2.490254258780893792e+01
2.481700738206090406e+01
2.473166925070794164e+01
2.464678265452275951e+01
2.456197330623938768e+01
2.447731766604767500e+01
2.439313420968990798e+01
2.430899662804156236e+01
2.422503279013179522e+01
2.414150329026834996e+01
2.405805013665758452e+01
2.397474163318500473e+01
2.389188506195754513e+01
2.380908998071620886e+01
2.372676582094754139e+01
2.364448489494671435e+01
2.356239540104785490e+01
2.348073524890374841e+01
2.339918754706522463e+01
2.331808860068726830e+01
2.323707180073165901e+01
2.315651686348803651e+01
2.307604075111163766e+01
2.299603851872186056e+01
2.291611924755283880e+01
2.283639904981145108e+01
2.275709763063623114e+01
2.267790489705320311e+01
2.259913298800595172e+01
2.252043422216706858e+01
2.244216325498566889e+01
2.236396574631303480e+01
2.228621225372572212e+01
2.220881039098399867e+01
2.213156537249408373e+01
2.205476461416958500e+01
2.197812065388963276e+01
2.190194258900268309e+01
2.182589939737131957e+01
2.175030189770457767e+01
2.167480571754527574e+01
2.159972666293883492e+01
2.152472413374566429e+01
2.145012310532391098e+01
2.137584197763852956e+01
2.130169500318955400e+01
2.122794663939783888e+01
2.115433968827232647e+01
2.108115958696013337e+01
2.100811184032658119e+01
2.093548058574720727e+01
2.086320276492815040e+01
2.079105666746083969e+01
2.071930120780189810e+01
2.064765996005275994e+01
2.057641492461451804e+01
2.050551004030061009e+01
2.043472610595195604e+01
2.036432445901633059e+01
2.029403411819669500e+01
2.022413614186809738e+01
2.015458072434376291e+01
2.008513029080737056e+01
2.001606550128778395e+01
1.994709230604388495e+01
1.987851514097436123e+01
1.981000885366817243e+01
1.974188892644376025e+01
1.967408382693745139e+01
1.960635755688521442e+01
1.953901053940369081e+01
1.947173873616970141e+01
1.940487535109751960e+01
1.933807744245638105e+01
1.927169072270451622e+01
1.920563730749613285e+01
1.913966043627718605e+01
1.907409678446874679e+01
1.900859829854083216e+01
1.894354337660501386e+01
1.887853885174623869e+01
1.881398211892284777e+01
1.874945871401159891e+01
1.868538210274929057e+01
1.862164399500205647e+01
1.855798831159129492e+01
1.849478622416532048e+01
1.843166134151627134e+01
1.836903415752817281e+01
1.830647471898760514e+01
1.824441857967724800e+01
1.818275321129448940e+01
1.812119125327271263e+01
1.806013136637768923e+01
1.799914869268326001e+01
1.793869924952013406e+01
1.787830631274315607e+01
1.781844322112170786e+01
1.775861472911207528e+01
1.769930581063846375e+01
1.764037957981496163e+01
1.758156732058915850e+01
1.752326868282452565e+01
1.746506670903695735e+01
1.740741972405936266e+01
1.734985015929058960e+01
1.729282301456091631e+01
1.723584302857302930e+01
1.717937711050852911e+01
1.712293431629569440e+01
1.706698449860837385e+01
1.701140870510419489e+01
1.695590691266971106e+01
1.690093349174385651e+01
1.684600082992663417e+01
1.679164457118393017e+01
1.673729315686500385e+01
1.668350337527131799e+01
1.662967351199579014e+01
1.657637143835344418e+01
1.652333569920272183e+01
1.647037571747030427e+01
1.641785147686552548e+01
1.636533083439815783e+01
1.631330464860829821e+01
1.626157301622922802e+01
1.620989770311696176e+01
1.615869706866781641e+01
1.610776799223929601e+01
1.605691575908170421e+01
1.600649729946946920e+01
1.595603873505832837e+01
1.590605888315613825e+01
1.585626490762926188e+01
1.580650460085227671e+01
1.575712470064493154e+01
1.570764201527024717e+01
1.565863045073531090e+01
1.560944122730242434e+01
1.556075641512706831e+01
1.551214421242803354e+01
1.546363262017573703e+01
1.541541756467982260e+01
1.536717741025853279e+01
1.531934342863872445e+01
1.527140617986679416e+01
1.522364293225601628e+01
1.517610297321122381e+01
1.512851863030776123e+01
1.508123907631629734e+01
1.503382428183462061e+01
1.498677092739383276e+01
1.493957015039109137e+01
1.489252888276262787e+01
1.484568477014956045e+01
1.479884730234462431e+01
1.475230364500419356e+01
1.470571221601310619e+01
1.465922880052174015e+01
1.461297470168239343e+01
1.456669769099667100e+01
1.452048303880130220e+01
1.447447936316518557e+01
1.442843805080855546e+01
1.438244160727050236e+01
1.433665378427757631e+01
1.429083377992405701e+01
1.424507253248862071e+01
1.419952294180428964e+01
1.415396991392177029e+01
1.410847677175295978e+01
1.406320848364949683e+01
1.401794020604567415e+01
1.397273703386975541e+01
1.392774554201619708e+01
1.388276376558276581e+01
1.383783333949650718e+01
1.379311417877579871e+01
1.374840312706491829e+01
1.370374753102798060e+01
1.365929564375788097e+01
1.361486745681605193e+01
1.357049166241192495e+01
1.352632555860486718e+01
1.348218825624373096e+01
1.343810970409770533e+01
1.339423499205637569e+01
1.335040047934629470e+01
1.330661967740917717e+01
1.326304390835486302e+01
1.321950965128809585e+01
1.317621870665537642e+01
1.313300047628581346e+01
1.308988199676922015e+01
1.304699214262449836e+01
1.300417723617259469e+01
1.296161068992607035e+01
1.291912701628911364e+01
1.287672957227768933e+01
1.283455104198335484e+01
1.279243169748598064e+01
1.275055396029972599e+01
1.270875015587645862e+01
1.266722813057135255e+01
1.262580769261519720e+01
1.258470380983579773e+01
1.254371453553630289e+01
1.250305698930537091e+01
1.246273345121380238e+01
1.242257568762298092e+01
1.238279568540945164e+01
1.234340716528929605e+01
1.230417595515757334e+01
1.226535823392558378e+01
1.222693881449393949e+01
1.218863164555729206e+01
1.215074412688639605e+01
1.211325944378017994e+01
1.207582485134364703e+01
1.203883816982415844e+01
1.200227504220802999e+01
1.196617232689365729e+01
1.193002840738434145e+01
1.189445697170397764e+01
1.185938312293059482e+01
1.182426319977189877e+01
1.178975372742222127e+01
1.175516792705916735e+01
1.172122295601699093e+01
1.168775261754114325e+01
1.165408085950331341e+01
1.162104575415746055e+01
1.158779606599162726e+01
1.155525270471741450e+01
1.152247432669785887e+01
1.149044329839943224e+01
1.145814594802155817e+01
1.142661554653902911e+01
1.139477837047368780e+01
1.136372508848651108e+01
1.133232324436691485e+01
1.130172564801536517e+01
1.127075238720917127e+01
1.124060005227516257e+01
1.121006498738669244e+01
1.118036052334768904e+01
1.115027767811962356e+01
1.112102819585417635e+01
1.109140571459047919e+01
1.106188312505237370e+01
1.103304115820695053e+01
1.100400472469474522e+01
1.097564047816122290e+01
1.094693709621582123e+01
1.091892678315172205e+01
1.089050735956445237e+01
1.086212184846673523e+01
1.083436500348668119e+01
1.080639818642826988e+01
1.077909500460432568e+01
1.075146948751976872e+01
1.072385799200386458e+01
1.069689776271945902e+01
1.066967535871144079e+01
1.064313006243526338e+01
1.061618665532049732e+01
1.058930995654414176e+01
1.056295509358011486e+01
1.053643698780386018e+01
1.051046287664871670e+01
1.048421035048770378e+01
1.045793286061025995e+01
1.043228562285899130e+01
1.040635127431679052e+01
1.038110372444603513e+01
1.035543620376662943e+01
1.032990148009573161e+01
1.030482133027130232e+01
1.027957704098066216e+01
1.025488893294372339e+01
1.022987619458855590e+01
1.020491861276420664e+01
1.018046014022229251e+01
1.015579094117165049e+01
1.013110844554731749e+01
1.010695841869295819e+01
1.008253684688225782e+01
1.005868241956375009e+01
1.003445908125085317e+01
1.001032047799950675e+01
9.986581048035532149e+00
9.962713412676890812e+00
9.939318627376714232e+00
9.915710344631456508e+00
9.892131513666903686e+00
9.869028255398026417e+00
9.845756725509280827e+00
9.822485225836400602e+00
9.799650459726612084e+00
9.776623182652123489e+00
9.754029263030076891e+00
9.731196972336469742e+00
9.708382008548802844e+00
9.685950830955114554e+00
9.663407886345741105e+00
9.640834313095149710e+00
9.618689300542012433e+00
9.596388940053822481e+00
9.574077139812231962e+00
9.552119539549492444e+00
9.530033101731104850e+00
9.507887781294270368e+00
9.485698435868947342e+00
9.463849488641919550e+00
9.441841000784664928e+00
9.419762481329092552e+00
9.397992966703373696e+00
9.376108563553387398e+00
9.354175507354808516e+00
9.332589680458678316e+00
9.310927695757394318e+00
9.289252177031910307e+00
9.267557828046896873e+00
9.246195673288129413e+00
9.224722464812858291e+00
9.203191001917778280e+00
9.181925218132684918e+00
9.160578501589036193e+00
9.139166604181170328e+00
9.117721700330440271e+00
9.096557834117751540e+00
9.075314682679641365e+00
9.054016436574057636e+00
9.032992992035834945e+00
9.011920852174077012e+00
8.990816631766685774e+00
8.969685655395029045e+00
8.948829750933230187e+00
8.927902270190124057e+00
8.906924003682453517e+00
8.886187067474791590e+00
8.865410279480398614e+00
8.844592770211436417e+00
8.823744650916195198e+00
8.803147079230219774e+00
8.782490130918244375e+00
8.761786027078739991e+00
8.741315565553513522e+00
8.720816210033092375e+00
8.700289572581354491e+00
8.679731505263537983e+00
8.659415034329640548e+00
8.639042309266224962e+00
8.618628271198339519e+00
8.598431925582735502e+00
8.578211402994758927e+00
8.557965890326363123e+00
8.537970535907685843e+00
8.517964504054667430e+00
8.497959723807305465e+00
8.478199850483054689e+00
8.458433508914206200e+00
8.438656393408521694e+00
8.419112846725049337e+00
8.399544050776787785e+00
8.379960328989765728e+00
8.360593290825518054e+00
8.341201302004792595e+00
8.321793547153040649e+00
8.302605546511854229e+00
8.283395059722447940e+00
8.264180753348711050e+00
8.245184329418647096e+00
8.226172632960857101e+00
8.207158748406913062e+00
8.188360621825184538e+00
8.169544130104931412e+00
8.150727302490061277e+00
8.132116591608616218e+00
8.113488310454799901e+00
8.094858235766187349e+00
8.076430310814867397e+00
8.057985270504794073e+00
8.039788216898211104e+00
8.021600246889052599e+00
8.003479979538818512e+00
7.985582617308715214e+00
7.967709865253080892e+00
7.949847745229745577e+00
7.932175160891571153e+00
7.914472332594262305e+00
7.896761295339818076e+00
7.879201457723242541e+00
7.861622076676965776e+00
7.844253902371853826e+00
7.826916177046010503e+00
7.809650909814540576e+00
7.792596503866933588e+00
7.775587609515070220e+00
7.758608742611425413e+00
7.741795345159561137e+00
7.724978555397939317e+00
7.708155867501520930e+00
7.691459499281754653e+00
7.674757177591250645e+00
7.658239502606992488e+00
7.641778204627100557e+00
7.625393674745587269e+00
7.609191923850818995e+00
7.593057697871846479e+00
7.576954431862628958e+00
7.560988863079193045e+00
7.545040091898546741e+00
7.529088118622732750e+00
7.513234931893716606e+00
7.497398743889831074e+00
7.481560015028731137e+00
7.465834955698642972e+00
7.450151095780206845e+00
7.434492335528874563e+00
7.418958638918983439e+00
7.403487411002294571e+00
7.388043903498481946e+00
7.372721371795140755e+00
7.357455231090550996e+00
7.342208525044114253e+00
7.327064766906075555e+00
7.311973541669479992e+00
7.296893116864824336e+00
7.281911022644880660e+00
7.266983440578226094e+00
7.252071809802382418e+00
7.237258660728861592e+00
7.222509256546664425e+00
7.207778626949782108e+00
7.193148196569713271e+00
7.178583097163323323e+00
7.164037128926986853e+00
7.149586345666659071e+00
7.135200457512613781e+00
7.120829480457238958e+00
7.106550980333054213e+00
7.092335287412556255e+00
7.078134063167190071e+00
7.064023918498652854e+00
7.049977944897516835e+00
7.035946082558438341e+00
7.022007076655214064e+00
7.008131894562018793e+00
6.994271188487829249e+00
6.980503441739388748e+00
6.966798731375165588e+00
6.953106448361821457e+00
6.939507899634522303e+00
6.925969725790199760e+00
6.912442635872608321e+00
6.899009852738732462e+00
6.885635827556622957e+00
6.872271203453401256e+00
6.859003169220850182e+00
6.845791804253635426e+00
6.832588958919453503e+00
6.819484768595768465e+00
6.806435497108894950e+00
6.793392938880622012e+00
6.780451645601205612e+00
6.767562651853705979e+00
6.754678686388707831e+00
6.741898285151361137e+00
6.729167907454902675e+00
6.716440391333761362e+00
6.703819455487519008e+00
6.691246054956313749e+00
6.678673686438141743e+00
6.666210919940083635e+00
6.653793607404390187e+00
6.641375102007472719e+00
6.629069659955630023e+00
6.616807365748581304e+00
6.604541690275279819e+00
6.592392430135873838e+00
6.580284272972432014e+00
6.568170185249019966e+00
6.556176164785489924e+00
6.544221158046065412e+00
6.532257792582360167e+00
6.520418091538150662e+00
6.508615640504830324e+00
6.496802269712208755e+00
6.485116332819504947e+00
6.473465904377228242e+00
6.461802128888122887e+00
6.450269403570550786e+00
6.438770662853123383e+00
6.427256076724134459e+00
6.415876176167333966e+00
6.404528740347695148e+00
6.393163123762447775e+00
6.381935671116868214e+00
6.370739322201879773e+00
6.359522505670739179e+00
6.348447324171972106e+00
6.337401872804619529e+00
6.326333876926078403e+00
6.315410837396055577e+00
6.304516227482561241e+00
6.293597112441791097e+00
6.282826216741377756e+00
6.272082395200800242e+00
6.261312349487730522e+00
6.250693622644014624e+00
6.240100633166697719e+00
6.229479889079816424e+00
6.219013463316118262e+00
6.208571371308805986e+00
6.198100280581447130e+00
6.187577732327618207e+00
6.177164443051871956e+00
6.166723273587887633e+00
6.156213044160780967e+00
6.145834180411008596e+00
6.135473431390283672e+00
6.125089277902013407e+00
6.114887879708652108e+00
6.104732352404566242e+00
6.094573441765714250e+00
6.084597135943054624e+00
6.074655805333452285e+00
6.064687183482670996e+00
6.054882018417863776e+00
6.045085673730570264e+00
6.035248708869479728e+00
6.025346047729132515e+00
6.015556827844349641e+00
6.005726791833292388e+00
5.995827415074538536e+00
5.986067441141447176e+00
5.976324571884692460e+00
5.966563682414853353e+00
5.956998669452011619e+00
5.947476713754701549e+00
5.937958587973146685e+00
5.928628846342812508e+00
5.919328667198763050e+00
5.910003580473716767e+00
5.900621730098849937e+00
5.891352776050874596e+00
5.882032736321118449e+00
5.872635227977187178e+00
5.863369163574044585e+00
5.854103797119565300e+00
5.844821539206821903e+00
5.835731166111998824e+00
5.826682729045242759e+00
5.817646693326843810e+00
5.808805841453714258e+00
5.799995112932457175e+00
5.791172879279812946e+00
5.782295486260964346e+00
5.773532261337277482e+00
5.764711119390972804e+00
5.755819470023581630e+00
5.747052675576429515e+00
5.738283318832092306e+00
5.729501429637174681e+00
5.720908557050634613e+00
5.712354676720031499e+00
5.703822797012453094e+00
5.695481632000170436e+00
5.687172162966834144e+00
5.678859027402411996e+00
5.670708872153912949e+00
5.662557829105403506e+00
5.654385212151532336e+00
5.646142798845974475e+00
5.638003497990524693e+00
5.629806550702568302e+00
5.621560967623990379e+00
5.613443098403706699e+00
5.605340190259169297e+00
5.597243535194216690e+00
5.589335535320448578e+00
5.581470472626510748e+00
5.573635897820953922e+00
5.565974845862071696e+00
5.558344357691478166e+00
5.550709938129980259e+00
5.543222250175537269e+00
5.535734289569075095e+00
5.528231664071411089e+00
5.520660248994690988e+00
5.513178898989313126e+00
5.505646747980567746e+00
5.498075893339883891e+00
5.490622037357258733e+00
5.483194710956825979e+00
5.475781224048670737e+00
5.468544345515631733e+00
5.461359519652652317e+00
5.454209810526137403e+00
5.447217676167598555e+00
5.440265164074412851e+00
5.433311234180282945e+00
5.426488366563289034e+00
5.419675874973183483e+00
5.412852281506655316e+00
5.405962290542746018e+00
5.399142941244063465e+00
5.392284747829145353e+00
5.385389997343708934e+00
5.378599471270906207e+00
5.371849010922907119e+00
5.365117420655470148e+00
5.358549033945092965e+00
5.352047526157181601e+00
5.345582863284096042e+00
5.339089077461912858e+00
5.332676150192595443e+00
5.326237258301405930e+00
5.319752500853565103e+00
5.313346895765721278e+00
5.306966922132211550e+00
5.300585740269735169e+00
5.294345006648277341e+00
5.288170113491208468e+00
5.282030441339717441e+00
5.275868045532844164e+00
5.269786527025512868e+00
5.263697215664957518e+00
5.257570729727008008e+00
5.251527458269080739e+00
5.245520414405779874e+00
5.239514355601757600e+00
5.233479496466621583e+00
5.227519076800117404e+00
5.221574164373726568e+00
5.215608108962794809e+00
5.209751263233743934e+00
5.203950302022781749e+00
5.198168656898683793e+00
5.192524079776811519e+00
5.186954257298129534e+00
5.181404807337827378e+00
5.175823517971276821e+00
5.170299352058275844e+00
5.164766446853494841e+00
5.159184339665357832e+00
5.153685694674233986e+00
5.148229115458534011e+00
5.142782131212459085e+00
5.137313193498376229e+00
5.131927599788116190e+00
5.126566661951196480e+00
5.121188613173740301e+00
5.115922607529320487e+00
5.110716119916748568e+00
5.105524183514456027e+00
