0
1 
4.87084 
-0.425497 
0
0 0 
4.65797 8.78161 
0.418017 0.246021 
4
0 0 
4.68951 8.25648 
0.41836 0.245887 
8
0 0 0 
4.67762 8.48644 12.2833 
0.418275 0.245959 0.176383 
12
0 0 
4.61764 8.25072 
0.418186 0.2459 
4
1 
4.94589 
-0.424485 
8
1 
5.00415 
-0.424222 
12
1 1 
5.064 8.32158 
-0.423434 -0.206866 
16
0 0 0 
4.68081 8.74193 13.1876 
0.419427 0.246475 0.179079 
16
1 
5.0647 
-0.423645 
20
0 0 0 
4.75927 8.10096 12.8244 
0.419078 0.245929 0.178197 
20
1 
5.064 
-0.423434 
24
1 
5.15438 
-0.423268 
28
1 1 
5.08744 13.0014 
-0.423575 -0.119624 
24
0 0 0 
4.7819 8.41282 10.9146 
0.418407 0.245851 0.176688 
28
0 0 0 
4.68081 8.05765 11.1923 
0.419427 0.246341 0.175801 
32
1 
4.99833 
-0.42452 
32
0 0 
4.69923 8.65881 
0.419349 0.24619 
36
0 0 0 
4.53386 8.8259 12.0247 
0.418653 0.246368 0.175625 
36
1 1 
5.08744 8.30514 
-0.423575 -0.206874 
40
0 0 0 
4.75927 7.94272 12.5873 
0.419078 0.246346 0.17908 
40
1 1 
5.12178 8.37436 
-0.423395 -0.206785 
44
1 
5.00562 
-0.423951 
44
0 0 
4.69923 8.57166 
0.419349 0.246585 
48
0 0 0 
4.61764 7.94272 12.7892 
0.418186 0.246346 0.178229 
48
1 1 
5.07702 8.37436 
-0.42366 -0.206785 
52
1 1 
4.91736 12.4182 
-0.423886 -0.120192 
52
0 0 
4.61764 8.60595 
0.418186 0.246579 
56
1 
5.064 
-0.423434 
56
0 0 
4.56482 7.92481 
0.419041 0.246016 
60
1 
4.95891 
-0.423649 
60
0 0 
4.69923 8.64722 
0.419349 0.246509 
64
1 
5.0341 
-0.423839 
64
0 0 
4.56141 7.99745 
0.417993 0.245946 
68
1 
5.00832 
-0.424334 
68
0 0 
5.16128 8.48181 
0.416078 0.247092 
72
1 
5.13341 
-0.423403 
76
1 1 1 
4.98321 12.6546 17.4307 
-0.423693 -0.119899 -0.0764355 
80
1 1 1 
5.13341 20.4402 13.2972 
-0.423403 -0.0756608 -0.119351 
72
0 0 
4.7819 8.48181 
0.418407 0.247092 
76
0 0 0 
4.69923 7.99696 14.2314 
0.419349 0.246252 -3.00652 
80
0 0 0 0 
4.51634 12.0975 8.6274 15.5056 
0.418193 0.17888 0.246545 0.144965 
84
1 1 1 
5.08744 8.4176 20.7964 
-0.423575 -0.206507 -0.0756698 
84
0 0 0 0 
4.55114 8.531 11.667 15.6987 
0.418041 0.246957 0.179652 0.144165 
88
1 1 1 
5.15438 13.2972 20.7827 
-0.423268 -0.119351 -0.0755674 
88
0 0 0 
4.75927 8.09102 12.0975 
0.419078 0.246292 0.17888 
92
1 1 
5.13535 8.63714 
-0.42175 -0.205832 
92
0 0 0 
4.75927 8.05512 12.5148 
0.419078 0.246369 0.178026 
96
0 0 0 0 
4.66091 8.06195 12.0975 15.4237 
0.418013 0.245371 0.17888 0.144797 
96
1 1 1 
5.07702 8.61366 21.204 
-0.42366 -0.205149 -0.0752295 
100
1 
4.87293 
-0.425502 
100
0 0 0 
4.75927 8.16867 12.4406 
0.419078 0.246197 0.178619 
104
1 1 
5.07144 17.1354 
-0.424144 -0.07566 
104
0 0 0 0 
4.75927 8.531 12.2109 15.4944 
0.419078 0.246957 0.179512 0.144984 
108
0 0 0 0 
4.76246 8.82201 12.1425 13.9534 
0.419555 0.246098 0.178527 0.145977 
112
0 0 0 
4.75927 8.2356 12.1096 
0.419078 0.245952 0.179608 
116
0 0 0 
4.75927 7.72888 15.3191 
0.419078 0.246146 0.145033 
108
1 
4.89752 
-0.424707 
112
1 
4.9426 
-0.424902 
116
1 
4.84585 
-0.425239 
120
1 1 
4.937 20.818 
-0.424998 -0.0753941 
120
0 0 0 
4.75927 8.531 15.5056 
0.419078 0.246957 0.144965 
124
0 0 0 0 
4.56656 8.20751 13.7129 15.5056 
0.417991 0.24584 0.178271 0.144965 
124
1 1 
5.0341 20.7033 
-0.423839 -0.0752745 
128
1 
4.91734 
-0.424025 
128
0 0 
4.62072 8.46618 
0.418185 0.246655 
132
0 0 
4.56656 8.85499 
0.417991 0.245813 
132
1 
5.0341 
-0.423839 
136
1 1 1 
5.07702 8.5787 20.6688 
-0.42366 -0.206116 -0.0753498 
136
0 0 0 
4.51634 7.97551 15.6547 
0.418193 0.243049 0.144745 
140
0 0 0 0 
4.62072 8.06707 13.6912 15.5056 
0.418185 0.246184 0.176739 0.144965 
144
0 0 0 
4.62072 8.6274 15.4804 
0.418185 0.246545 0.144944 
148
0 0 0 
4.56656 8.56887 17.3663 
0.417991 0.24662 0.146324 
140
1 
4.91736 
-0.423886 
144
1 1 
5.0341 20.818 
-0.423839 -0.0753941 
148
1 1 
4.92801 8.27954 
-0.423844 -0.207277 
152
0 0 0 
4.60697 7.85562 12.5042 
0.418251 0.246126 0.178116 
152
1 1 1 
5.13341 8.32649 20.818 
-0.423403 -0.206577 -0.0753941 
156
1 1 1 
4.99766 8.20243 20.5465 
-0.424263 -0.207257 -0.0753989 
156
0 0 0 
4.62072 7.85562 15.1004 
0.418185 0.246126 0.146803 
160
0 0 0 
4.56656 7.93573 15.5056 
0.417991 0.245515 0.144965 
160
1 1 1 
4.91736 8.51005 21.1187 
-0.423886 -0.206748 -0.0753125 
164
0 0 0 0 
4.51634 8.52908 12.09 16.1485 
0.418193 0.246976 0.178934 0.144619 
164
1 
5.0341 
-0.423839 
168
0 0 
4.55114 8.43615 
0.418041 0.246585 
168
1 
4.97984 
-0.424853 
172
1 1 1 
5.12043 8.65295 12.4194 
-0.423624 -0.205403 -0.119158 
172
0 0 
4.51353 7.7946 
0.421038 0.247683 
176
1 1 1 
4.85206 12.9866 16.3115 
-0.425763 -0.117485 -0.0711095 
176
0 0 
4.76303 8.57393 
0.424843 0.249554 
180
0 0 0 
4.39771 8.31868 11.4775 
0.428285 0.252539 0.181731 
180
1 1 
4.95309 8.98116 
-0.42519 -0.201571 
184
1 1 
4.99015 8.4296 
-0.424699 -0.20195 
184
0 0 0 
4.57406 8.37089 10.0445 
0.43425 0.256712 0.187938 
188
0 0 0 
4.71744 8.34557 14.5338 
0.4401 0.260343 0.18284 
188
1 1 1 
4.93755 12.976 8.96146 
-0.424052 -0.109223 -0.196627 
192
1 1 1 
4.89275 8.84211 12.0262 
-0.423699 -0.193417 -0.108919 
192
0 0 0 
4.61125 8.14237 11.5135 
0.450036 0.266514 0.194054 
196
0 0 0 
4.44132 7.49285 11.9072 
0.45932 0.27339 0.19384 
200
0 0 0 
4.25634 11.0079 8.15519 
0.469206 0.205451 0.280814 
196
1 1 1 
5.28023 8.36072 12.3351 
-0.435149 -0.192624 -0.102556 
200
1 1 1 
5.19109 8.56612 10.7022 
-0.435634 -0.188985 -0.0561018 
204
1 1 1 
4.65735 8.77625 11.8465 
-0.426526 -0.184806 -0.0963445 
204
0 0 0 
4.45314 11.9758 8.10427 
0.479583 0.209445 0.285918 
208
1 1 
4.55899 8.64745 
-0.429417 -0.184023 
208
0 0 
4.37552 8.28083 
0.489531 0.290005 
212
0 0 0 
4.26506 7.73496 16.3462 
0.499071 0.295576 0.179431 
212
1 1 1 
4.44441 8.58593 15.4419 
-0.434622 -0.184138 -0.0450203 
216
0 0 0 
4.26384 7.89319 11.5783 
0.510177 0.299964 0.213747 
216
1 
4.40567 
-0.440547 
220
0 0 
4.1299 12.1569 
0.52153 0.218555 
220
1 1 1 
4.10113 8.38888 12.4752 
-0.448133 -0.18422 -0.0898474 
224
0 0 0 
3.96334 8.28723 11.8005 
0.534744 0.308656 0.22149 
224
1 1 1 
4.32328 8.30465 8.5211 
-0.454542 -0.18396 -0.0839378 
228
0 0 0 0 
3.7899 7.4207 12.2095 14.8835 
0.550448 0.316359 0.230854 0.195084 
228
1 1 
4.30372 8.18814 
-0.463424 -0.185367 
232
1 1 
4.16873 8.06828 
-0.473733 -0.185241 
236
1 1 1 
4.04559 8.11687 10.3521 
-0.485349 -0.187474 -0.0871343 
232
0 0 0 
3.82245 7.54315 13.1808 
0.565437 0.323841 0.19497 
236
0 0 
7.45968 15.5782 
0.327846 0.193637 
240
0 0 
3.86617 6.68777 
0.598761 0.336129 
240
1 1 1 
3.93718 7.7969 11.8845 
-0.498855 -0.189928 -0.0882542 
244
0 0 
6.96582 10.9879 
0.341964 0.245896 
244
1 1 
3.60422 7.70299 
-0.515648 -0.192478 
248
1 1 1 
7.67913 11.1497 13.8511 
-0.195112 -0.0891174 3.11094 
248
0 0 0 
3.33753 6.85323 11.0396 
0.64393 0.350408 0.252348 
252
0 0 
3.36295 6.83889 
0.669836 0.357043 
256
0 0 0 
3.32243 6.92796 9.98321 
0.698346 0.365453 0.259724 
252
1 1 
3.40129 7.0933 
-0.551705 -0.199835 
256
1 1 
3.25983 7.29688 
-0.573648 -0.201575 
260
0 0 0 
3.20513 6.79792 9.75581 
0.728911 0.374231 0.264534 
260
1 1 1 
7.07581 3.29981 11.265 
-0.205481 -0.597749 -0.0900699 
264
0 0 0 0 
3.10113 9.93798 5.78629 14.0043 
0.76529 0.26971 0.392182 0.215441 
264
1 1 1 
3.17181 6.8132 9.20838 
-0.625875 -0.210127 -0.0934717 
268
0 0 0 
2.89788 6.4088 13.6415 
0.807765 0.396927 0.224733 
268
1 1 1 
2.93394 6.80161 10.4884 
-0.658376 -0.213829 -0.0886171 
272
0 0 0 0 
2.72281 5.9996 11.0321 14.7242 
0.854689 0.408949 0.278285 0.229158 
272
1 1 1 
2.86189 6.6127 10.5784 
-0.693186 -0.218428 -0.0905233 
276
0 0 
2.60303 5.95995 
0.90664 0.422889 
276
1 1 1 
2.66746 6.35498 17.3948 
-0.734806 -0.224102 -0.0322741 
280
0 0 0 
2.73128 5.82986 9.31757 
0.961496 0.437923 0.289013 
280
1 1 
2.57644 6.10694 
-0.780965 -0.230071 
284
1 1 1 
2.44857 10.0284 5.90734 
-0.836655 -0.0912772 -0.237045 
284
0 0 
5.62666 9.45456 
0.454552 0.296978 
288
0 0 
5.72929 9.05319 
0.471622 0.312354 
292
0 0 0 
5.59343 8.40075 10.5257 
0.490212 0.321033 0.255927 
288
1 1 1 
2.60841 5.8009 9.72353 
-0.900622 -0.243789 -0.0915807 
292
1 1 1 
2.14388 5.53044 9.17299 
-0.981059 -0.253186 -0.0936284 
296
1 1 
5.20794 8.9357 
-0.266915 -0.0984859 
296
0 0 0 
5.19199 8.79369 13.5311 
0.507389 0.32597 0.256906 
300
0 0 0 
4.79517 8.42342 12.2067 
0.524273 0.328761 0.250871 
304
0 0 0 
4.58013 8.59622 12.061 
0.543546 0.323979 0.255107 
308
0 0 
4.55811 8.69314 
0.561464 0.329981 
312
0 0 0 
3.77057 7.71578 11.3473 
0.584658 0.339991 0.253659 
300
1 1 
5.05251 8.8885 
-0.284647 -0.10657 
304
1 1 1 
4.88461 9.16881 17.0306 
-0.306116 -0.125864 -0.00679529 
308
1 1 
4.72253 8.26258 
-0.328124 -0.126227 
312
1 1 
4.3715 8.15969 
-0.354456 -0.1373 
316
1 1 1 
4.27785 7.92545 16.4146 
-0.382492 -0.146788 -0.0250741 
320
1 1 
4.00829 7.76588 
-0.413875 -0.157692 
324
1 1 1 
3.79263 7.30903 15.7152 
-0.449427 -0.170193 -0.0356348 
316
0 0 0 0 
4.02182 7.87589 11.6246 19.8314 
0.615898 0.344778 0.249546 0.178462 
320
0 0 0 
3.82335 7.35914 10.4262 
0.648218 0.351975 0.255991 
324
0 0 0 
3.69273 6.63292 20.6601 
0.682188 0.357915 0.170676 
328
0 0 0 
3.28819 6.83977 10.4498 
0.726094 0.366513 0.251449 
332
0 0 0 
3.24275 6.83757 11.935 
0.775737 0.377089 0.260519 
336
0 0 
2.80619 6.63033 
0.837555 0.390714 
340
0 0 0 0 
2.88753 6.07794 9.45116 14.8607 
0.923844 0.412288 0.275549 0.21266 
328
1 1 1 
3.56457 7.10396 13.7115 
-0.491521 -0.182653 -0.0415561 
332
1 1 1 
3.44195 6.66766 11.9312 
-0.536736 -0.195593 -0.047992 
336
1 1 
3.12826 6.53721 
-0.590769 -0.206377 
340
1 1 1 
2.90609 6.38153 16.4118 
-0.648678 -0.215511 -0.0469249 
344
1 1 
2.71389 5.8964 
-0.715801 -0.224643 
348
1 1 1 
2.57279 5.8463 10.6856 
-0.805836 -0.234572 -0.0399146 
344
0 0 
5.76259 10.0721 
0.436332 0.281183 
348
0 
5.76868 
0.460199 
352
1 1 1 
2.00533 5.34698 15.6643 
-0.907851 -0.247609 -0.0414805 
352
0 
9.00181 
0.312159 
356
0 0 0 0 
5.00474 8.72123 12.9983 17.435 
0.522231 0.327519 0.247641 0.204048 
360
0 0 
4.62649 8.49741 
0.558567 0.342397 
356
1 1 1 
4.97842 9.40007 18.5009 
-0.261781 -0.105566 -0.01103 
360
1 1 
4.69161 12.9992 
-0.277984 -0.0406118 
364
1 1 1 
4.41883 12.2454 8.89806 
-0.300747 -0.0412075 -0.107912 
364
0 0 0 0 
4.24205 8.03342 12.5277 16.9151 
0.597037 0.356488 0.263188 0.212211 
368
0 0 0 
4.04585 7.78581 12.2302 
0.636746 0.36877 0.26882 
368
1 1 
4.20273 8.28022 
-0.330058 -0.120825 
372
1 
3.7697 
-0.371003 
372
0 0 0 0 
3.90843 12.1103 7.81512 16.8129 
0.679264 0.269796 0.380549 0.212384 
376
0 0 0 
3.60397 7.05763 11.6222 
0.725735 0.386474 0.268962 
376
1 1 
3.59984 7.17014 
-0.419649 -0.149123 
380
0 0 0 0 
3.33812 6.84095 12.1231 14.7298 
0.783534 0.395478 0.267672 0.209751 
380
1 1 1 
6.9336 3.23149 17.2371 
-0.169068 -0.480253 -0.0381726 
384
1 1 1 1 
2.90693 6.42366 10.5822 15.1066 
-0.554694 -0.187783 -0.0874949 -0.0460291 
384
0 0 0 0 
3.07485 6.50018 10.8927 16.3321 
0.855613 0.406962 0.271764 0.199611 
388
0 0 0 
2.92287 6.15034 9.96775 
0.941861 0.422592 0.270448 
388
1 1 1 
2.5544 6.00744 10.7999 
-0.64875 -0.208962 -0.096698 
392
1 1 1 1 
2.38424 5.93512 10.0991 14.3749 
-0.760826 -0.23202 -0.111929 -0.0659321 
392
0 
5.95492 
0.438744 
396
1 1 1 
2.01631 5.69675 14.5517 
-0.917037 -0.257179 -0.0742529 
396
0 0 
10.1227 13.5744 
0.279372 0.201707 
400
0 0 0 
5.52658 8.35354 14.4146 
0.487181 0.286539 0.158145 
400
1 1 1 
5.11583 9.21773 13.1063 
-0.281793 -0.134026 -0.081726 
404
1 1 1 
5.08041 8.87518 13.2626 
-0.308459 -0.142109 -0.0849064 
404
0 0 0 
4.94318 8.25605 12.1845 
0.521344 0.298116 0.209673 
408
1 1 1 1 
4.31534 8.45592 12.6832 11.5039 
-0.340683 -0.150965 -0.0883148 -0.0615089 
408
0 0 0 
4.44971 8.44594 12.8332 
0.561269 0.311823 0.215627 
412
0 0 
4.1197 7.8517 
0.613109 0.331595 
412
1 1 
3.90622 7.83745 
-0.374721 -0.158577 
416
1 1 1 1 
3.77854 7.99361 11.8661 12.436 
-0.410856 -0.159454 -0.0869951 -0.0508197 
416
0 0 0 
3.99144 8.29817 15.1179 
0.681392 0.353983 0.182343 
420
0 0 0 
3.55222 7.40335 14.0604 
0.756804 0.379618 0.192163 
420
1 1 1 
3.32101 7.51353 11.2857 
-0.462551 -0.175314 -0.0867916 
424
1 1 1 
2.93946 6.64107 11.3277 
-0.527226 -0.173781 -0.0863998 
424
0 0 
3.52492 6.41894 
0.844022 0.408446 
428
0 0 0 
3.05889 6.28957 10.3343 
0.953943 0.438321 0.285278 
428
1 1 
2.69049 6.49875 
-0.610318 -0.183381 
432
1 1 1 
2.19207 5.97567 10.3661 
-0.733393 -0.193559 -0.0873971 
432
0 0 
5.86038 9.86276 
0.473284 0.301456 
436
0 
5.67962 
0.51191 
436
1 1 1 
1.91791 5.59966 9.38168 
-0.890169 -0.207349 -0.0880256 
440
1 1 
5.04424 9.2445 
-0.225834 -0.0908893 
440
0 0 0 
5.3107 9.16894 12.9273 
0.555558 0.337085 0.241243 
444
1 1 
4.54634 10.7367 
-0.251092 -0.0471028 
444
0 0 0 
4.76332 11.9046 15.8205 
0.606424 0.256297 0.208922 
448
0 0 0 
4.5066 8.50328 12.0825 
0.66158 0.374099 0.263822 
452
0 0 0 
4.05101 7.95267 11.2484 
0.721824 0.385064 0.26646 
448
1 1 
4.01642 8.56903 
-0.284701 -0.1038 
452
1 1 
3.5939 8.24828 
-0.334476 -0.120676 
456
1 1 
3.34623 7.18154 
-0.397498 -0.140484 
456
0 0 0 
3.42174 7.50945 10.7177 
0.791085 0.397598 0.26781 
460
0 0 0 
3.33622 7.38186 10.6657 
0.878838 0.413044 0.27096 
460
1 1 
2.71082 6.91944 
-0.482976 -0.16126 
464
0 0 0 
6.55864 10.5582 13.771 
0.434024 0.266972 0.204747 
464
1 1 
2.217 6.28165 
-0.60986 -0.185647 
468
1 1 
1.79458 5.68555 
-0.778745 -0.213203 
468
0 
6.19406 
0.458232 
472
0 0 
5.74092 9.95941 
0.486998 0.284172 
472
1 1 
5.15493 8.32968 
-0.247282 -0.126319 
476
0 0 
5.34358 8.84978 
0.522519 0.292654 
476
1 1 
9.02002 4.783 
-0.141251 -0.281072 
480
0 0 
4.83088 8.29291 
0.568577 0.30614 
480
1 1 
4.34808 8.21872 
-0.321926 -0.155551 
484
0 0 
7.98364 4.44784 
0.33061 0.636557 
484
1 1 
3.87001 8.14724 
-0.361753 -0.163233 
488
1 1 
3.26203 7.27591 
-0.413893 -0.164114 
488
0 0 0 0 
7.43607 11.5788 16.147 26.0645 
0.364719 0.239969 0.193276 0.759893 
492
1 1 1 
3.00526 5.70195 14.5264 
-0.464393 -0.171435 -0.035295 
492
0 0 0 
3.844 6.87155 12.8718 
0.833444 0.408929 0.274211 
496
0 0 
6.54383 10.5266 
0.456615 0.302851 
496
1 1 1 1 
2.08839 6.40867 9.79384 16.9469 
-0.553031 -0.161272 -0.0776255 -0.0186771 
500
0 0 0 
5.974 9.373 14.8752 
0.509221 0.331154 0.261563 
500
1 1 
1.89968 5.7917 
-0.701627 -0.166513 
504
1 1 
5.30453 13.6402 
-0.173707 0.00112038 
504
0 0 0 0 
5.69258 9.42822 14.1024 17.8744 
0.564314 0.354421 0.281873 0.329169 
508
0 0 0 
5.19726 8.25888 13.218 
0.621658 0.386644 0.296798 
508
1 1 1 
4.7403 8.81125 10.3014 
-0.194525 -0.0603928 -0.000564604 
512
0 0 0 1 
5.52244 8.36658 11.1033 20.816 
0.658597 0.39678 0.296632 0.0584239 
516
0 0 0 
4.31328 8.32871 12.8487 
0.728125 0.398632 0.286984 
512
1 1 
4.28475 8.0342 
-0.238296 -0.0128608 
516
1 1 1 
3.81102 7.68409 10.0958 
-0.307003 -0.111502 -0.037785 
520
1 1 
3.20742 7.15335 
-0.410454 -0.15892 
524
1 1 1 
2.71201 6.58522 11.3865 
-0.544061 -0.209224 -0.109108 
520
0 0 0 0 0 1 
4.01632 7.10896 11.762 15.8123 19.4615 152.684 
0.783226 0.392964 0.265563 0.308544 0.894183 -3.0126 
524
0 0 0 0 0 
3.59155 6.51965 12.166 20.7385 13.98 
0.861228 0.39083 0.247186 0.888663 0.291473 
528
1 1 1 
2.22549 6.13178 11.3872 
-0.720863 -0.251568 -0.137027 
528
0 0 
6.27521 11.4381 
0.401178 0.239486 
532
0 0 
5.68107 10.1981 
0.437129 0.252252 
536
0 0 0 1 
5.09326 12.6985 9.40336 22.1176 
0.498877 0.321409 0.283102 0.630716 
532
1 1 
5.4125 7.9664 
-0.288491 -0.154088 
536
1 1 
4.92973 8.72025 
-0.311029 -0.149725 
540
1 1 
4.49728 8.98575 
-0.333339 -0.135893 
540
0 0 0 
4.60173 9.54483 12.5763 
0.581949 0.324353 0.359279 
544
1 1 
3.574 7.86475 
-0.36168 -0.121674 
544
0 0 0 1 0 
4.08499 8.23827 17.7469 17.0192 17.8753 
0.686403 0.377029 0.786549 0.169063 0.664408 
548
0 0 1 0 0 1 0 
3.87647 7.98423 11.5947 10.6316 18.8458 15.1582 1.99596 
0.810155 0.431355 0.0344985 0.455297 0.836181 0.196732 0.785641 
548
1 
3.18472 
-0.407606 
552
1 1 
2.54691 6.7827 
-0.488179 -0.0986648 
552
0 0 1 0 
4.00203 7.34493 11.3015 15.4419 
0.949284 0.489044 0.0575633 0.75225 
556
1 1 
2.0433 6.56744 
-0.641448 -0.107581 
556
0 0 0 
6.66875 10.5504 15.8314 
0.535918 0.533899 0.911767 
560
1 
6.02575 
-0.141556 
564
1 
4.87542 
-0.18341 
560
0 1 0 0 0 0 
6.23089 10.7086 10.3119 15.1311 18.4534 12.7204 
0.567778 0.0490627 0.549133 0.656505 0.791003 0.573932 
564
0 0 1 0 0 
5.62883 9.37301 9.43674 14.0949 13.842 
0.608623 0.570469 0.0355981 0.67655 0.804608 
568
0 0 0 
4.91582 8.36368 13.49 
0.664979 0.596896 0.692086 
568
1 
4.21971 
-0.233196 
572
1 
3.88108 
-0.296209 
572
0 0 0 
4.74402 14.3332 10.8822 
0.732178 0.832818 0.623886 
576
1 
3.25066 
-0.386337