0
1 1 1 1 0 0 
3.64366 9.77475 8.76083 9.25226 14.8597 16.8593 
-0.420285 -0.699122 -0.154572 -0.451056 -0.89856 -0.642851 
0
0 0 0 0 
3.62354 8.47804 16.1408 20.6403 
0.497475 0.196018 0.118445 0.0858167 
4
0 0 0 0 
3.64536 8.52002 12.9118 17.7236 
0.497518 0.200056 0.125712 0.0827294 
8
0 0 0 0 
3.37007 7.84693 13.1656 19.1557 
0.494108 0.198312 0.125164 0.0867038 
4
1 1 1 1 0 
3.62956 6.51645 9.5569 11.3856 15.0424 
-0.419048 -0.151901 -0.695321 -0.455941 -0.89836 
8
1 1 1 1 
3.83378 8.61899 8.47797 21.6628 
-0.422627 -0.693386 -0.154117 -0.32931 
12
0 0 0 0 
3.53281 8.18691 12.8551 18.5812 
0.48952 0.196883 0.125929 0.0862588 
12
1 1 1 1 0 1 
3.53751 10.5684 8.54252 20.883 16.7868 14.9944 
-0.417472 -0.69937 -0.154468 -0.331123 -0.642538 -0.076039 
16
0 0 0 0 
3.46572 8.07288 12.4454 20.1047 
0.50201 0.197399 0.126461 0.0857566 
16
1 1 1 1 0 
3.60466 8.84197 8.23699 14.1557 16.7578 
-0.421123 -0.694566 -0.153829 -0.459124 -0.643916 
20
0 0 0 0 
3.51624 8.40376 12.5993 20.6146 
0.50395 0.195776 0.126437 0.0857955 
24
0 0 0 0 
3.4083 8.41056 12.2469 19.2968 
0.49488 0.195903 0.119852 0.0866099 
20
1 1 1 1 1 
3.64483 10.501 8.73784 12.8056 21.1105 
-0.419685 -0.693788 -0.154541 -0.457717 -0.329472 
24
1 1 1 1 1 
3.35392 8.56047 9.73286 13.246 14.757 
-0.419727 -0.154665 -0.693297 -0.45924 -0.0756419 
28
1 1 1 1 0 1 1 
3.5191 8.6266 9.2555 14.485 20.5126 13.361 20.857 
-0.420127 -0.154966 -0.698033 -0.459533 -0.643211 -0.0844757 -0.330581 
28
0 0 0 0 
3.52993 8.88926 12.4673 18.9831 
0.499273 0.19404 0.120963 0.0859792 
32
0 0 0 0 
3.50531 8.82486 14.1021 19.4648 
0.503261 0.199365 0.123714 0.0864845 
32
1 1 1 
3.55972 8.20173 9.10256 
-0.418432 -0.154354 -0.696715 
36
1 1 1 1 1 1 
3.35382 8.50812 10.0992 14.4262 14.7745 20.5329 
-0.419092 -0.154625 -0.693279 -0.456552 -0.0761755 -0.330686 
36
0 0 0 0 
3.39665 8.90877 12.6355 20.4453 
0.505266 0.193161 0.126737 0.0858113 
40
0 0 0 0 
3.19879 8.40076 12.9868 14.322 
0.512456 0.195001 0.125825 0.0837432 
40
1 1 1 1 0 1 1 
3.69085 9.94813 8.69886 13.8479 12.3016 15.1216 20.1456 
-0.422501 -0.698843 -0.154344 -0.458602 -0.640266 -0.0758701 -0.329131 
44
1 1 1 0 1 
3.22614 10.3604 8.52357 19.991 22.9906 
-0.420161 -0.693383 -0.154517 -0.643872 -0.331052 
44
0 0 0 0 
3.35014 8.02937 12.5308 19.8901 
0.499918 0.19793 0.126851 0.086129 
48
0 0 0 0 
3.41311 8.48411 13.8535 19.2072 
0.505931 0.195857 0.123687 0.0866478 
48
1 1 1 
3.33932 7.19978 10.3455 
-0.419685 -0.150886 -0.695442 
52
0 0 0 0 
3.36792 7.94191 12.7971 23.1048 
0.493073 0.206531 0.125935 0.0845538 
52
1 1 1 1 1 
3.94149 8.40164 9.6037 10.4719 21.4277 
-0.422452 -0.153759 -0.699444 -0.0805738 -0.329315 
56
0 0 0 0 
3.5312 8.09346 13.3493 21.4535 
0.492295 0.197227 0.120781 0.0887449 
56
1 1 1 1 0 1 1 
3.12832 10.9829 8.53591 13.0232 17.0817 20.831 12.5251 
-0.419656 -0.694939 -0.154103 -0.458575 -0.643158 -0.331207 -0.0769281 
60
0 0 0 0 
3.44215 8.3381 13.549 20.3648 
0.493827 0.197739 0.12455 0.086177 
64
0 0 0 0 
3.17447 7.47783 13.5169 17.4576 
0.498658 0.200156 0.125222 0.0830271 
60
1 1 1 0 1 
3.22709 8.54006 9.78975 15.099 20.6707 
-0.416919 -0.153742 -0.698404 -0.901834 -0.328974 
64
1 1 1 1 0 0 
3.29254 8.54499 10.0104 13.8693 12.7996 14.8428 
-0.420069 -0.154214 -0.6977 -0.458877 -0.641919 -0.898684 
68
0 0 0 0 
3.38775 8.03766 14.5578 15.7364 
0.496855 0.197428 0.123057 0.0826183 
72
0 0 0 0 
3.45891 7.89596 12.7463 14.5773 
0.50397 0.196396 0.126074 0.0834341 
68
1 1 1 0 1 1 
3.14678 10.4667 7.14878 11.8675 13.2947 23.1475 
-0.419573 -0.694896 -0.1511 -0.642536 -0.0848512 -0.32917 
72
1 1 1 1 1 
2.95084 8.40298 10.8024 13.2707 20.4219 
-0.416583 -0.154136 -0.694812 -0.459603 -0.330927 
76
0 0 0 0 
3.19791 8.14788 10.6974 16.0157 
0.50923 0.19665 0.124712 0.0830805 
76
1 1 1 0 1 1 
3.64282 8.42473 9.61588 10.968 12.8952 21.8862 
-0.421385 -0.154321 -0.699193 -0.642979 -0.0848893 -0.33102 
80
0 0 0 0 
3.3216 8.2636 11.7596 18.4942 
0.499479 0.197049 0.119706 0.0870878 
80
1 1 1 1 0 1 1 0 
3.23152 8.52645 11.3371 13.8855 18.9014 15.3997 22.3405 7.40617 
-0.414835 -0.155029 -0.695994 -0.459704 -0.643347 -0.07758 -0.330908 -0.905937 
84
1 1 1 1 0 0 1 1 
3.4942 9.35202 8.3772 11.5883 6.63285 19.4346 11.6345 21.7348 
-0.417877 -0.699138 -0.153353 -0.457047 -0.908189 -0.644025 -0.0851792 -0.330389 
88
1 1 1 1 1 
3.38793 8.33153 9.19208 15.2477 20.613 
-0.416166 -0.154373 -0.693255 -0.0768366 -0.330989 
84
0 0 0 
3.32211 7.94301 14.1242 
0.498496 0.198051 0.11978 
88
0 0 0 0 
2.85926 9.34639 12.5885 19.3519 
0.51719 0.198474 0.126788 0.0862121 
92
0 0 0 0 
3.54368 8.24118 12.335 16.3364 
0.498745 0.196548 0.127428 0.0832886 
92
1 1 1 1 1 
3.65497 9.516 8.00488 20.193 12.7756 
-0.420705 -0.695767 -0.151566 -0.329028 -0.0843344 
96
1 1 1 1 0 0 1 
3.09735 11.1619 8.42385 14.2657 18.9628 14.8292 20.7062 
-0.417054 -0.694645 -0.154229 -0.45908 -0.643251 -0.899536 -0.330492 
100
1 1 1 1 1 0 1 
3.56839 10.1513 8.54821 11.1374 22.3321 16.8938 12.2187 
-0.418538 -0.698571 -0.154445 -0.454145 -0.33087 -0.642107 -0.0850487 
96
0 0 0 0 
3.6261 6.6799 15.111 17.5424 
0.498363 0.209951 0.122003 0.0834398 
100
0 0 0 0 
3.57374 9.60552 12.8268 20.8008 
0.501846 0.191487 0.126456 0.0854828 
104
1 1 1 1 0 1 1 
3.3056 9.23508 9.24564 12.2056 18.8387 11.6848 20.3256 
-0.42178 -0.698656 -0.156172 -0.454334 -0.643304 -0.0836987 -0.329104 
104
0 0 0 0 
3.1829 8.26418 11.8529 16.0667 
0.501718 0.20116 0.121973 0.0811022 
108
1 1 1 0 1 
3.81983 8.38853 10.6269 17.8743 13.3352 
-0.423193 -0.153909 -0.69896 -0.64364 -0.085042 
108
0 0 0 0 
3.3227 8.67348 15.1156 21.48 
0.500511 0.200963 0.119098 0.085816 
112
0 0 0 0 
3.36363 8.41017 12.7153 17.3505 
0.497769 0.195235 0.126403 0.0826665 
116
0 0 0 0 
3.24371 8.2918 15.1902 23.1879 
0.50118 0.196563 0.120606 0.0851099 
112
1 1 1 1 0 0 1 
3.82172 8.48145 8.66258 14.2431 15.4678 18.204 22.0644 
-0.425172 -0.154757 -0.699047 -0.460171 -0.8997 -0.642818 -0.329088 
116
1 1 1 1 1 0 1 
3.18808 6.87512 10.6882 9.24305 21.487 17.8763 15.2152 
-0.419066 -0.149433 -0.700081 -0.448537 -0.330267 -0.642826 -0.0770396 
120
0 0 0 0 
3.73264 8.06633 13.6237 21.3989 
0.494173 0.19781 0.120876 0.085481 
120
1 1 1 1 0 1 1 
2.79647 9.91861 7.92195 10.5947 12.6495 16.2041 21.3834 
-0.427754 -0.694999 -0.153223 -0.451003 -0.641743 -0.0762041 -0.331112 
124
1 1 1 0 
2.70359 8.51172 10.1903 19.4269 
-0.425101 -0.154502 -0.695621 -0.643153 
128
1 1 1 1 1 
3.22366 8.39076 14.394 9.33551 13.7564 
-0.418972 -0.15398 -0.459321 -0.694098 -0.0848424 
132
1 1 1 1 0 1 1 
3.29762 9.60513 8.27894 10.817 19.7355 12.9428 17.7776 
-0.41885 -0.693793 -0.15436 -0.453375 -0.643235 -0.077533 -0.32872 
124
0 0 0 0 
3.17516 8.34407 13.0018 21.5568 
0.502372 0.196364 0.126239 0.0849111 
128
0 0 0 0 
3.19562 8.41039 12.9086 19.2002 
0.501874 0.201591 0.125337 0.0861413 
132
0 0 0 0 
3.451 8.90342 10.9453 17.3549 
0.505059 0.193986 0.123758 0.0835838 
136
0 0 0 0 
3.72477 8.2822 13.2012 15.5987 
0.495025 0.196112 0.125303 0.0824154 
136
1 1 1 1 0 1 
3.5758 8.24729 10.3476 13.627 11.5044 21.423 
-0.422048 -0.153832 -0.694355 -0.456831 -0.642831 -0.330486 
140
0 0 0 0 
3.59857 9.16155 12.4594 18.9972 
0.496436 0.193088 0.127113 0.0814841 
140
1 1 1 0 1 
3.26905 8.79127 8.56322 11.3592 19.7692 
-0.416917 -0.697222 -0.155013 -0.643638 -0.329583 
144
0 0 0 0 
3.63852 8.62774 11.3987 21.1207 
0.497287 0.200153 0.123801 0.0831608 
144
1 1 1 1 0 1 1 
3.36812 8.11041 9.21448 13.103 20.1715 15.1199 20.7895 
-0.416017 -0.152474 -0.698949 -0.458639 -0.643995 -0.0847232 -0.330328 
148
0 0 0 0 
3.70817 7.95892 11.9267 22.3273 
0.494872 0.197112 0.127905 0.0849207 
148
1 1 1 0 
3.52336 7.5255 10.0901 18.0763 
-0.419435 -0.15367 -0.695669 -0.643888 
152
1 1 1 1 0 1 1 
3.30818 8.19488 10.3059 14.2487 17.6751 14.177 20.4302 
-0.418704 -0.153528 -0.689874 -0.45986 -0.642837 -0.0759508 -0.329001 
152
0 0 0 0 
3.60497 8.69314 10.9185 20.7874 
0.497604 0.199335 0.123918 0.0857635 
156
0 0 0 0 
3.73568 8.03254 11.4133 16.9469 
0.494269 0.203877 0.127835 0.0824579 
156
1 1 1 1 1 0 1 
3.67034 8.75745 8.26471 11.2237 20.6932 19.2118 15.4889 
-0.419414 -0.154749 -0.693886 -0.456774 -0.330953 -0.644167 -0.0769282 
160
1 1 1 0 1 1 
3.4747 8.36593 9.02166 18.2938 12.075 19.7844 
-0.423371 -0.154085 -0.692825 -0.643356 -0.0849881 -0.330963 
160
0 0 0 0 
3.39043 8.42429 13.1635 19.8752 
0.494509 0.200715 0.125755 0.0850684 
164
0 0 0 0 
3.2808 8.53549 12.9884 15.3581 
0.498919 0.19639 0.12528 0.0827434 
164
1 1 1 1 0 1 
3.43838 12.0073 10.5814 8.63126 12.0819 9.87862 
-0.417336 -0.457766 -0.699558 -0.154602 -0.642062 -0.0710104 
168
1 1 1 1 0 
3.21635 8.56822 8.07578 11.3631 18.5594 
-0.420489 -0.153332 -0.693643 -0.454762 -0.643802 
168
0 0 0 0 
3.41474 9.12335 13.5927 18.4326 
0.495811 0.19376 0.124142 0.0865572 
172
0 0 0 0 
3.87405 7.98596 14.9786 18.0974 
0.491447 0.197332 0.119651 0.0869422 
172
1 1 1 1 0 1 
3.26581 10.8513 8.28464 13.3099 20.8121 21.1309 
-0.419469 -0.698252 -0.153563 -0.458564 -0.643488 -0.328984 
176
0 0 0 0 
3.46649 8.41236 12.3775 19.565 
0.493838 0.201085 0.126736 0.0862165 
176
1 1 1 1 0 
3.34352 8.55028 9.5852 20.4761 19.1241 
-0.420721 -0.154084 -0.694619 -0.328824 -0.64362 
180
0 0 0 0 
3.4369 6.92468 12.6959 17.9651 
0.503365 0.201843 0.126002 0.0828237 
180
1 1 1 1 0 1 
3.61352 8.65253 10.6592 13.1406 18.131 12.0709 
-0.419424 -0.154869 -0.694314 -0.458833 -0.642929 -0.0775084 
184
1 1 1 1 1 0 1 
3.69471 8.00042 9.28087 12.7138 13.5234 14.1802 21.1252 
-0.424618 -0.153708 -0.693685 -0.460547 -0.0836114 -0.899339 -0.331067 
184
0 0 0 0 
3.49207 8.04348 12.946 19.8598 
0.492578 0.204257 0.12554 0.0859263 
188
0 0 0 0 
3.5698 8.69363 13.9177 18.0693 
0.499434 0.195515 0.121103 0.0867707 
188
1 1 1 0 1 
3.73802 10.8105 8.45535 19.5486 22.5158 
-0.423303 -0.695662 -0.154927 -0.643425 -0.330965 
192
0 0 0 0 
2.99124 8.16388 14.591 17.0212 
0.505875 0.203505 0.120108 0.0834649 
192
1 1 1 1 0 0 1 
3.25431 11.1123 8.417 13.7422 16.6269 15.8948 22.0975 
-0.419091 -0.694111 -0.154593 -0.459137 -0.642057 -0.89995 -0.329395 
196
1 1 1 1 0 1 
3.1625 9.99872 8.25363 10.2153 17.072 11.7245 
-0.420638 -0.693968 -0.154354 -0.452326 -0.642986 -0.0821242 
196
0 0 0 0 
3.4216 8.10896 12.7696 19.102 
0.503472 0.196945 0.126043 0.0860491 
200
0 0 0 0 
3.57309 8.91615 12.8201 17.2305 
0.498413 0.199472 0.125881 0.0822198 
200
1 1 1 1 1 1 
3.67423 9.33137 9.00222 11.3158 13.2687 18.142 
-0.424478 -0.695134 -0.155359 -0.454735 -0.0851812 -0.329072 
204
0 0 0 0 
3.37561 11.7629 8.62149 22.3548 
0.496493 0.116154 0.195855 0.0843881 
204
1 1 1 0 1 
3.2921 9.51222 7.55551 16.9274 19.343 
-0.420361 -0.69769 -0.151876 -0.643767 -0.32898 
208
0 0 0 0 
3.54178 9.62709 10.6991 20.5001 
0.499815 0.196989 0.125665 0.085409 
208
1 1 1 1 0 1 1 
3.6723 9.07141 8.48201 15.52 11.0538 14.34 21.5828 
-0.41957 -0.695891 -0.154291 -0.45903 -0.642417 -0.0771679 -0.331591 
212
0 0 0 0 
3.46061 8.85051 13.5864 19.7432 
0.492162 0.19428 0.12462 0.0863691 
212
1 1 1 1 0 1 
3.44988 8.23626 14.5035 9.94162 16.7639 21.5279 
-0.418211 -0.152725 -0.460374 -0.698154 -0.642452 -0.331006 
216
1 1 1 1 0 0 1 
3.50472 8.39027 9.77936 12.606 19.6338 15.0477 22.4723 
-0.416906 -0.154442 -0.697992 -0.457913 -0.643253 -0.899673 -0.330884 
216
0 0 0 0 
3.22372 8.31128 13.2537 21.0074 
0.51404 0.198338 0.125526 0.0855365 
220
1 1 1 
3.59224 8.04644 10.0778 
-0.420075 -0.153843 -0.694544 
220
0 0 0 
2.89269 8.13047 13.1423 
0.523655 0.203053 0.125001 
224
0 0 0 0 
3.47588 9.30117 13.8267 20.6001 
0.503992 0.192769 0.124129 0.0854936 
228
0 0 0 0 
3.73984 7.00877 12.5588 18.834 
0.483921 0.207069 0.127004 0.0864484 
224
1 1 1 1 0 
3.49933 8.55263 9.89401 13.6725 12.0971 
-0.43034 -0.154156 -0.695107 -0.459924 -0.641411 
228
1 1 1 1 1 0 1 
3.20694 8.48221 10.693 14.9803 23.432 18.9583 15.5873 
-0.420683 -0.153644 -0.698944 -0.460304 -0.329964 -0.643638 -0.0762617 
232
1 1 1 0 1 1 
3.52295 8.2824 9.67881 19.5911 16.4017 20.5855 
-0.417899 -0.154313 -0.696981 -0.642233 -0.076705 -0.328842 
232
0 0 0 0 
3.42744 8.25886 13.5553 21.8518 
0.507791 0.203201 0.124789 0.0844509 
236
1 1 1 0 1 1 
3.25269 8.35742 8.53388 11.6866 12.4028 21.3804 
-0.41905 -0.695379 -0.154036 -0.643294 -0.085102 -0.329342 
236
0 0 0 0 
3.30363 8.36333 12.94 18.4408 
0.497705 0.202237 0.121332 0.0866269 
240
0 0 0 0 
3.08509 9.44312 13.2599 20.6136 
0.508949 0.197975 0.12484 0.0853061 
240
1 1 1 0 1 1 
3.67765 7.12169 12.3915 19.5238 12.1393 21.1252 
-0.421198 -0.151673 -0.697859 -0.643327 -0.0837174 -0.329237 
244
0 0 0 0 
3.41501 7.74575 12.7124 19.1759 
0.503396 0.198784 0.126115 0.0862346 
244
1 1 1 1 0 0 1 
3.56963 10.1774 8.32348 13.3018 11.7914 15.9808 20.4126 
-0.422902 -0.695293 -0.153494 -0.459418 -0.641992 -0.901267 -0.329044 
248
0 0 0 0 
3.90388 8.78485 12.5457 19.0387 
0.490927 0.199611 0.119621 0.0865602 
248
1 1 1 0 1 
3.79483 8.48077 12.0184 19.1225 21.8105 
-0.422588 -0.15369 -0.694698 -0.643473 -0.33136 
252
0 0 0 0 
3.58095 7.86672 12.9403 13.6734 
0.487471 0.207308 0.125837 0.0831764 
252
1 1 1 1 0 
3.64348 8.1572 9.41406 11.5899 11.7722 
-0.419554 -0.152102 -0.694578 -0.454062 -0.641189 
256
0 0 0 0 
3.43796 8.95227 15.3924 14.6375 
0.49058 0.194445 0.119193 0.0831625 
256
1 1 1 1 
3.4951 7.84687 9.24221 21.2891 
-0.42253 -0.153399 -0.691732 -0.331453 
260
0 0 0 0 
2.96818 8.34264 13.2221 19.0651 
0.513714 0.204495 0.124959 0.0861513 
260
1 1 1 1 1 
3.22941 9.80395 8.40132 8.79484 22.5606 
-0.417384 -0.695394 -0.15397 -0.455239 -0.330941 
264
1 1 1 1 0 1 1 
3.31488 8.04342 8.15055 9.88105 18.6843 15.0593 23.7827 
-0.419871 -0.693569 -0.1547 -0.452808 -0.643399 -0.0764445 -0.330974 
264
0 0 0 0 
3.5916 7.75348 14.3405 20.4563 
0.49933 0.198644 0.120111 0.0855012 
268
0 0 0 0 
3.83713 8.27713 11.7659 16.9083 
0.492143 0.201118 0.123033 0.0822946 
268
1 1 1 0 1 
3.54691 8.3749 10.0307 11.3485 22.7476 
-0.421673 -0.153428 -0.698682 -0.642115 -0.331629 
272
0 0 0 0 
3.57242 8.63293 15.1988 19.5879 
0.499008 0.199673 0.119901 0.0860434 
272
1 1 1 0 1 1 
3.39372 10.3062 8.49561 19.796 14.2354 20.0279 
-0.423915 -0.698703 -0.154798 -0.644321 -0.0756056 -0.331302 
276
1 1 1 1 0 
3.51674 7.99868 9.95596 13.7901 14.095 
-0.422434 -0.148144 -0.696198 -0.459224 -0.899576 
276
0 0 0 0 
3.30609 8.09678 12.093 13.829 
0.499946 0.1976 0.12737 0.0836349 
280
1 1 1 1 1 
3.22169 8.27873 10.3347 15.6561 20.2898 
-0.419451 -0.153652 -0.699089 -0.0769793 -0.33123 
280
0 0 0 0 
3.3908 9.00725 11.7874 20.051 
0.505617 0.195549 0.123208 0.085792 
284
0 0 0 0 
3.8015 7.034 11.6217 18.1441 
0.493828 0.21124 0.122304 0.0823969 
288
0 0 0 0 
3.34644 8.33561 10.3614 20.0424 
0.505237 0.20136 0.134958 0.0855522 
284
1 1 1 1 1 
3.63674 9.04192 10.3964 15.22 14.9117 
-0.421845 -0.155869 -0.698304 -0.0764871 -0.335904 
288
1 1 1 1 
3.51943 8.54948 10.5459 13.1962 
-0.417691 -0.155103 -0.698727 -0.458843 
292
0 0 0 0 
3.01005 8.26101 13.7837 18.5602 
0.509292 0.200795 0.120897 0.0909084 
292
1 1 1 1 1 0 
3.40938 7.87188 10.0122 12.0587 12.8969 15.1824 
-0.422521 -0.153128 -0.693862 -0.457172 -0.0847189 -0.899433 
296
0 0 0 0 
3.52071 7.24916 11.2946 19.23 
0.489736 0.206262 0.131863 0.0852906 
296
1 1 1 1 1 
3.62299 8.44341 9.53104 13.2998 19.4877 
-0.422228 -0.15488 -0.693142 -0.459908 -0.330797 
300
1 1 1 1 
2.98488 8.56524 8.87558 12.6317 
-0.416084 -0.155216 -0.692383 -0.456499 
300
0 0 0 0 
3.60873 8.75144 12.7173 17.214 
0.496341 0.196119 0.125912 0.0874593 
304
1 1 1 1 
3.52355 8.02072 8.6692 11.3405 
-0.42037 -0.153823 -0.693777 -0.0769051 
304
0 0 0 0 
3.513 8.3079 11.3832 19.0592 
0.499067 0.205404 0.123062 0.085795 
308
0 0 0 0 
3.59125 9.30892 11.8509 19.0154 
0.495918 0.197592 0.130168 0.0903619 
308
1 1 1 1 1 
3.37919 8.5858 9.14992 13.5308 12.8076 
-0.423755 -0.155106 -0.696988 -0.458212 -0.0848478 
312
1 1 1 
3.16802 8.20746 10.4466 
-0.419108 -0.156472 -0.694966 
312
0 0 0 0 
3.47311 8.63923 12.951 21.39 
0.505171 0.199784 0.125211 0.0802313 
316
1 1 1 1 1 1 
3.56391 7.69218 10.6078 12.4046 12.3753 21.0521 
-0.418899 -0.152002 -0.694384 -0.456936 -0.0849623 -0.329351 
316
0 0 0 
3.55325 8.52855 12.3589 
0.500951 0.195354 0.120828 
320
0 0 0 0 
3.48072 8.64335 11.6289 19.4571 
0.489876 0.196328 0.12134 0.0857942 
320
1 1 1 1 1 
3.52643 7.85174 10.1601 13.2659 21.7727 
-0.421029 -0.151547 -0.694031 -0.457479 -0.331794 
324
0 0 0 0 
3.04902 8.13121 12.3152 19.2516 
0.512907 0.197408 0.126559 0.0855048 
328
0 0 0 0 
3.65101 7.48762 14.0068 16.0864 
0.494179 0.20456 0.120082 0.0820553 
332
0 0 0 0 
3.34253 7.58615 11.6734 20.5314 
0.505009 0.200202 0.122629 0.0889381 
324
1 1 1 1 
3.46047 8.10002 10.5821 13.7651 
-0.419335 -0.153563 -0.694668 -0.459717 
328
1 1 1 1 
3.70375 8.33113 9.54455 21.951 
-0.42176 -0.154369 -0.692891 -0.331384 
332
1 1 1 1 
3.38503 8.37561 8.63395 11.0615 
-0.41925 -0.154138 -0.6966 -0.456571 
336
0 0 0 0 
3.42316 8.34483 12.7866 23.0303 
0.494142 0.197001 0.12562 0.0793695 
336
1 1 1 1 1 
3.58491 8.80999 11.9472 15.137 18.8289 
-0.424823 -0.155788 -0.458417 -0.0773651 -0.331067 
340
0 0 0 0 
3.2039 8.31565 13.2057 18.4978 
0.501908 0.201347 0.124944 0.0864863 
340
1 1 1 1 1 
3.5572 8.39128 10.2116 11.939 21.6657 
-0.420616 -0.154099 -0.696582 -0.456648 -0.329919 
344
1 1 1 1 1 1 
3.59803 9.86714 8.21631 11.8859 22.0302 15.1028 
-0.420604 -0.694857 -0.154259 -0.456153 -0.329512 -0.0769487 
344
0 0 0 0 
3.62444 8.84717 10.8471 19.9898 
0.488315 0.194312 0.133602 0.0896229 
348
0 0 0 
3.48039 8.21318 11.3129 
0.501005 0.201536 0.122157 
348
1 1 1 1 1 1 
3.66256 8.20004 10.0094 12.4311 22.8629 12.1442 
-0.422696 -0.154819 -0.694289 -0.457753 -0.329611 -0.0790756 
352
1 1 1 1 1 
3.26387 7.93695 10.4657 12.0953 12.1054 
-0.420705 -0.15269 -0.694821 -0.458161 -0.078115 
356
1 1 1 1 
3.15378 8.42846 8.75174 12.2183 
-0.418704 -0.155295 -0.692718 -0.457844 
352
0 0 0 
3.45815 8.46287 12.9667 
0.493293 0.195628 0.124885 
356
0 0 0 
3.45546 10.0685 11.1784 
0.504827 0.191277 0.123153 
360
1 1 1 1 1 
3.82553 8.04583 9.7272 13.7143 14.7072 
-0.42133 -0.155038 -0.693673 -0.4589 -0.0780427 
364
1 1 1 1 0 1 1 
3.61791 8.58657 10.8436 13.3071 20.4203 22.9568 12.4814 
-0.422826 -0.151703 -0.69891 -0.4573 -0.643406 -0.329823 -0.0844657 
360
0 0 0 
3.42242 8.23248 11.3849 
0.495787 0.196324 0.123572 
364
0 0 0 0 
3.47813 10.2183 8.61514 22.1978 
0.495565 0.126566 0.195957 0.0853328 
368
0 0 0 0 
3.6479 12.2523 7.97497 19.281 
0.487405 0.121234 0.197032 0.0906828 
368
1 1 1 1 1 0 
3.54376 8.15764 9.97311 13.571 11.0502 14.5008 
-0.423594 -0.154503 -0.694262 -0.459354 -0.0819246 -0.642419 
372
0 0 0 0 
3.45384 8.33525 15.9933 19.0363 
0.493907 0.200289 0.118921 0.0894431 
372
1 1 1 1 1 
3.34374 8.32837 10.4964 13.014 13.7796 
-0.41843 -0.155054 -0.699548 -0.0794588 -0.460059 
376
1 1 1 1 1 1 0 
3.39833 10.0654 8.55996 14.1643 18.5312 13.5436 8.60217 
-0.419785 -0.697252 -0.156522 -0.459613 -0.332107 -0.0858431 -0.912444 
376
0 0 0 1 0 
3.18063 8.47809 11.7816 13.8726 19.0897 
0.497381 0.198349 0.129815 0.756243 0.0894238 
380
1 1 1 1 1 
3.37737 7.8732 10.1563 12.4589 18.0802 
-0.42544 -0.157583 -0.694522 -0.0791044 -0.335925 
380
0 0 0 1 0 
3.00538 8.36448 12.5295 12.9567 19.6716 
0.509929 0.198025 0.127772 0.760972 0.0879379 
384
0 0 0 0 
3.17643 7.82599 12.2607 19.1784 
0.512248 0.194935 0.128571 0.0883969 
384
1 1 1 1 1 1 
3.46709 8.13805 10.6126 12.8254 12.3382 20.8944 
-0.425069 -0.154347 -0.698942 -0.0790405 -0.458869 -0.332861 
388
1 1 1 1 1 1 
3.10085 11.3648 8.76217 14.7057 11.7341 23.1149 
-0.42572 -0.702534 -0.153778 -0.458694 -0.0777021 -0.332879 
388
0 0 0 0 
3.38525 7.46765 12.8338 20.2222 
0.506487 0.207793 0.126506 0.0878964 
392
0 0 0 0 
3.42106 8.19 12.9057 19.0488 
0.511663 0.206245 0.127001 0.0872783 
392
1 1 1 1 0 1 0 
3.84039 10.793 8.6855 12.4106 9.73657 20.4488 14.9488 
-0.436831 -0.702413 -0.159015 -0.46376 -0.90919 -0.334593 -0.647315 
396
1 1 1 0 1 1 
3.5798 10.6868 7.97376 14.1467 12.807 8.17 
-0.440397 -0.711379 -0.157059 -0.643304 -0.461992 -0.0934792 
396
0 0 0 0 
3.22047 8.70286 11.7921 21.1632 
0.527855 0.205018 0.129873 0.0881936 
400
0 0 0 0 
3.12127 7.69491 11.807 17.075 
0.534505 0.204572 0.127112 0.0889887 
400
1 1 1 1 1 1 0 
3.31968 8.88554 8.26653 17.8863 20.9021 11.347 15.1606 
-0.451078 -0.712168 -0.157085 -0.468379 -0.33462 -0.08584 -0.649588 
404
0 0 0 0 
3.4975 7.55759 10.2113 20.7859 
0.531693 0.208409 0.135194 0.0788853 
404
1 1 1 0 1 1 1 
3.4847 10.4482 8.15523 19.1661 10.9699 11.7123 21.4727 
-0.465875 -0.72557 -0.166678 -0.656292 -0.0948886 -0.467238 -0.339156 
408
0 0 0 0 
3.13399 7.85629 11.5579 17.0286 
0.550644 0.210588 0.122376 0.0798397 
408
1 1 1 1 1 
3.17669 10.3386 8.46392 13.9053 10.5867 
-0.473419 -0.719883 -0.167548 -0.0875537 -0.469806 
412
0 0 0 0 
3.02829 8.45943 12.8998 15.4697 
0.565097 0.210147 0.125573 0.0883663 
412
1 1 1 1 1 0 
3.05945 7.66133 10.9183 9.00329 13.2335 13.8528 
-0.48671 -0.16431 -0.73315 -0.478124 -0.0957083 -0.66711 
416
0 0 0 0 
2.58005 7.51488 11.8419 18.1588 
0.594856 0.211948 0.128794 0.0829322 
416
1 1 1 1 1 1 
2.98089 7.67644 8.18037 17.471 11.575 12.675 
-0.497703 -0.172252 -0.736675 -0.346664 -0.092376 -0.482899 
420
0 0 0 0 
2.98261 7.75878 9.94778 14.1083 
0.589892 0.217254 0.134022 0.0872413 
420
1 1 1 0 
3.07172 8.32125 13.8023 17.8971 
-0.531213 -0.175451 -0.483837 -0.67441 
424
0 0 0 0 
2.46835 7.83006 11.5394 20.2778 
0.631287 0.207373 0.127115 0.0808558 
424
1 1 1 1 1 
2.81516 9.32403 13.0078 8.85156 12.0845 
-0.545703 -0.764485 -0.492697 -0.185891 -0.0986687 
428
0 0 0 0 
2.53765 7.18987 9.85809 16.151 
0.654661 0.221673 0.140206 0.0854722 
428
1 1 1 1 1 0 
3.07636 9.4856 8.53327 10.0188 10.381 20.6954 
-0.573699 -0.768788 -0.184941 -0.0993695 -0.492243 -0.686377 
432
0 0 0 0 
2.50586 6.52417 10.2797 15.96 
0.689959 0.232658 0.139172 0.0862013 
432
1 1 1 1 1 
2.18534 8.84408 7.33198 9.34713 12.3469 
-0.59885 -0.780096 -0.193534 -0.500618 -0.0981606 
436
0 0 0 0 
2.39155 8.25349 11.7832 17.0543 
0.717075 0.218255 0.131374 0.0855624 
436
1 1 1 1 0 1 
1.90661 7.89671 9.67496 11.8581 11.6432 13.8204 
-0.639693 -0.191053 -0.793671 -0.108505 -0.695536 -0.510047 
440
0 0 0 0 
1.91329 6.44258 12.0584 16.9294 
0.794 0.222234 0.133499 0.0872892 
440
1 1 1 1 1 
2.22084 7.07817 8.14404 10.1191 17.7422 
-0.688194 -0.204805 -0.80421 -0.0980328 -0.36568 
444
0 0 0 0 
2.2253 6.03478 12.6918 16.5414 
0.82201 0.24143 0.13051 0.0879035 
444
1 1 1 1 1 1 
1.97373 9.83944 13.0929 7.21599 14.2711 15.2504 
-0.742626 -0.828125 -0.107398 -0.210997 -0.373492 -0.524234 
448
0 0 0 0 
2.06935 5.97845 9.57241 17.5486 
0.894567 0.247798 0.140282 0.0873234 
448
1 1 1 
2.16618 6.55102 8.64465 
-0.816228 -0.226776 -0.840551 
452
0 0 0 0 
6.07927 2.27732 12.869 13.5215 
0.245887 0.953492 0.131091 0.0855815 
452
1 1 1 1 1 
2.04705 6.64537 7.86277 12.0483 12.4949 
-0.864946 -0.227875 -0.861406 -0.113004 -0.543139 
456
1 1 1 0 1 
6.23233 8.58872 10.3488 10.9594 17.4077 
-0.232361 -0.877786 -0.11606 -0.746499 -0.384164 
456
0 0 0 
6.00915 10.8596 15.1451 
0.260409 0.132696 0.0860719 
460
0 0 0 
5.78606 11.1099 18.6723 
0.262101 0.135331 0.0825791 
460
1 1 
5.97264 6.59853 
-0.24394 -0.910033 
464
0 0 0 
5.47334 11.1389 15.5778 
0.277806 0.133109 0.0881694 
464
1 1 1 
5.45887 12.0028 14.5563 
-0.258444 -0.583765 -0.406594 
468
0 0 0 
4.69 11.9614 16.0108 
0.289394 0.137939 0.0889117 
468
1 1 1 1 0 
5.36106 15.0627 10.4137 9.59711 15.0617 
-0.270679 -0.406405 -0.131877 -0.590356 -0.789527 
472
0 0 0 
5.17041 10.6336 16.6484 
0.307284 0.139811 0.0874855 
472
1 1 1 1 
5.59277 8.25836 11.6859 11.9606 
-0.293274 -0.606525 -0.136377 -0.42601 
476
0 0 0 
4.90412 10.3255 15.5132 
0.313781 0.144217 0.0867837 
476
1 1 1 1 
4.49085 9.25629 18.2574 14.8213 
-0.308326 -0.153196 -0.0886495 -0.424884 
480
0 0 0 
4.5685 9.20557 15.6816 
0.329774 0.142908 0.0887332 
480
1 1 1 1 
4.59502 9.85258 15.5639 11.0272 
-0.329949 -0.146962 -0.438628 -0.64109 
484
0 0 0 
4.47703 9.00544 12.4283 
0.347781 0.155567 0.0924652 
484
1 1 1 1 0 
4.71091 14.0082 6.29571 9.66219 15.7555 
-0.352944 -0.446249 -0.661956 -0.156941 -0.62281 
488
0 0 0 
3.93183 7.40989 14.6126 
0.372125 0.173113 0.0916294 
488
1 1 1 1 1 0 
4.40993 9.34048 12.1034 14.9986 9.89456 12.25 
-0.379061 -0.164539 -0.0939795 -0.450959 -0.6761 -0.872861 
492
1 1 1 1 1 
3.90723 7.93239 8.6068 15.4925 14.9169 
-0.408275 -0.695085 -0.176659 -0.465874 -0.103232 
492
0 0 0 
3.8724 8.57083 14.7294 
0.394877 0.165137 0.0936781 
496
0 0 0 
3.70096 9.09086 11.8919 
0.43721 0.164719 0.104301 
496
1 1 1 1 
3.60142 7.3387 7.58507 11.9083 
-0.441452 -0.716569 -0.169782 -0.475034 
500
0 0 0 
2.70913 8.00732 13.6091 
0.498976 0.176164 0.0989638 
500
1 1 1 1 
3.67496 6.19982 11.007 13.2391 
-0.477796 -0.185184 -0.737271 -0.486442 
504
0 0 0 
2.59349 8.11812 8.58391 
0.552432 0.184729 0.1115 
504
1 1 1 1 
3.46169 8.07623 11.8088 13.6578 
-0.534047 -0.188445 -0.756135 -0.48966 
508
0 0 0 0 
2.5826 7.25817 12.1634 14.7712 
0.605836 0.206931 0.118004 0.0778289 
508
1 1 1 0 1 0 
2.81304 8.82549 12.5959 12.9836 8.29091 8.78454 
-0.573282 -0.193349 -0.501578 -0.687917 -0.769259 -0.686277 
512
0 0 0 
2.35504 7.50292 10.7022 
0.678589 0.212246 0.124848 
512
1 1 1 1 0 
2.77057 8.36663 10.4102 11.5654 17.217 
-0.663326 -0.195631 -0.797298 -0.508859 -0.697466 
516
0 0 0 0 
2.21753 7.11116 12.6457 18.1688 
0.785253 0.230293 0.130109 0.0869333 
516
1 1 1 1 0 
2.04883 6.16437 6.19758 12.4465 16.7328 
-0.74705 -0.827191 -0.213435 -0.10414 -0.716347 
2432
0 0 0 
5.22218 10.4845 15.8688 
0.295788 0.152597 0.110409 
2432
1 1 1 1 
5.05102 7.50616 10.9584 14.2374 
-0.236087 -0.90451 -0.104383 -0.379014 
2436
0 0 0 
8.0157 5.24223 16.8369 
0.163651 0.294782 0.108753 
2436
1 1 1 1 
5.46002 11.0482 6.243 15.4901 
-0.238066 -0.105737 -0.906111 -0.380637 
2440
0 0 0 
5.3291 8.60725 16.0938 
0.295105 0.154743 0.110513 
2440
1 1 1 1 
6.15307 8.06774 11.4137 13.2687 
-0.240355 -0.898005 -0.105849 -0.377979 
2444
0 0 0 
5.51262 8.51209 15.3231 
0.286838 0.155718 0.110585 
2444
1 1 1 1 0 
5.37011 11.425 5.59788 15.0893 15.5055 
-0.242994 -0.106948 -0.908863 -0.379761 -0.756207 
2448
0 0 
4.67163 8.49379 
0.296613 0.156469 
2448
1 1 1 1 0 
5.5293 11.208 6.07192 16.7943 14.628 
-0.238223 -0.106794 -0.915232 -0.379002 -0.754602 
2452
0 0 
5.331 9.25777 
0.288334 0.15433 
2452
1 1 1 1 
6.76276 5.65554 11.0142 20.7457 
-0.237688 -0.909931 -0.105419 -0.38195 
2456
0 0 0 
5.01027 8.1604 13.8932 
0.287616 0.156274 0.110022 
2456
1 1 1 1 
5.45815 6.01495 10.8096 15.0602 
-0.234928 -0.912498 -0.105739 -0.378914 
2460
0 0 0 
8.69233 5.52897 15.4039 
0.155196 0.293708 0.111104 
2460
1 1 1 1 0 
5.44432 6.99659 11.1606 20.9404 15.2896 
-0.239951 -0.907396 -0.106334 -0.3806 -0.755194 
2464
1 1 1 1 
6.14007 6.82339 11.1154 15.2234 
-0.23593 -0.908903 -0.106199 -0.378221 
2464
0 0 1 
5.58844 7.9423 7.31446 
0.291611 0.158473 0.755233 
2468
0 0 1 1 0 
5.51175 8.59489 9.86075 11.8574 17.7555 
0.281765 0.155223 0.749437 0.648108 0.103801 
2468
1 1 1 1 
6.17534 6.73283 11.2817 17.584 
-0.242869 -0.906478 -0.106236 -0.379188 
2472
0 0 1 1 0 
5.25471 9.50055 10.5263 11.8619 16.4986 
0.295377 0.152548 0.75294 0.649699 0.109259 
2472
1 1 1 1 
5.39586 7.22654 10.3884 15.0655 
-0.238563 -0.905072 -0.106171 -0.379185 
2476
0 0 1 1 0 
5.22184 8.96551 11.4292 13.3655 16.6747 
0.293389 0.156596 0.753885 0.648374 0.109193 
2476
1 1 1 1 
5.53319 5.77141 11.0005 17.9526 
-0.237994 -0.91196 -0.106049 -0.381459 
2480
0 0 1 1 0 
8.55297 5.3493 8.86455 13.5647 11.2632 
0.156382 0.294073 0.751809 0.647473 0.121902 
2480
1 1 1 1 0 
4.54191 7.36686 11.7301 14.6245 15.9879 
-0.237821 -0.905667 -0.106595 -0.376455 -0.755724 
2484
0 0 1 0 1 
5.61816 9.04694 10.6462 15.1327 12.899 
0.290942 0.156722 0.752958 0.106822 0.643031 
2484
1 1 1 1 0 
4.52714 7.42062 11.0478 15.5449 13.2872 
-0.23792 -0.90517 -0.106773 -0.380077 -0.754082 
2488
0 0 1 0 
5.20387 9.70685 8.48587 10.0688 
0.296058 0.158591 0.751891 0.124945 
2488
1 1 1 1 
4.713 16.4637 11.0003 5.69093 
-0.232297 -0.37609 -0.106957 -0.908553 
2492
0 0 1 0 1 
5.27864 8.95677 12.4701 12.2028 14.6682 
0.295084 0.155102 0.755107 0.118914 0.646342 
2496
0 0 1 0 
5.24219 8.99479 8.12572 15.0535 
0.292417 0.1549 0.752453 0.111401 
2492
1 1 1 1 
5.44355 6.29603 15.6712 10.6171 
-0.239204 -0.906284 -0.376895 -0.105476 
2496
1 1 1 1 
5.75533 5.65071 11.1396 15.3551 
-0.239883 -0.913553 -0.10679 -0.379824 
2500
0 0 0 1 1 
5.53302 9.14525 16.6405 8.36064 11.8165 
0.291708 0.156098 0.105387 0.75301 0.650021 
2500
1 1 1 1 
5.2396 6.71239 11.2117 15.3854 
-0.240235 -0.905992 -0.106636 -0.378575 
2504
1 1 1 1 
4.68463 7.24272 10.6086 13.4579 
-0.236044 -0.90809 -0.106309 -0.377835 
2504
0 0 0 1 
5.20608 8.87193 16.3621 8.76615 
0.288354 0.159224 0.107936 0.748158 
2508
0 0 0 1 
6.11276 8.10099 16.4173 12.1889 
0.282144 0.156799 0.109619 0.645668 
2508
1 1 1 1 
5.86144 7.5182 11.0143 14.6349 
-0.239782 -0.907064 -0.107241 -0.379641 
2512
0 0 0 
5.39591 7.85164 15.7597 
0.293783 0.163262 0.110747 
2512
1 1 1 1 
5.28447 7.1642 10.5921 18.7961 
-0.23917 -0.905379 -0.106071 -0.381803 
2516
1 1 1 1 
4.90098 6.63636 11.3939 14.3426 
-0.242532 -0.909006 -0.106919 -0.380314 
2516
0 0 0 1 
5.75761 9.42152 16.4498 14.0157 
0.285192 0.155722 0.105589 0.646878 
2520
1 1 1 1 
5.79143 7.0308 13.0227 10.9228 
-0.238722 -0.896618 -0.37754 -0.106309 
2520
0 0 0 1 
5.87475 8.48054 16.0343 13.1344 
0.283344 0.162464 0.105403 0.647094 
2524
0 0 0 1 
9.53329 5.51473 16.9734 14.489 
0.154129 0.295452 0.110022 0.646216 
2524
1 1 1 1 
6.07338 6.72379 11.1026 13.3249 
-0.24152 -0.905878 -0.106525 -0.379074 
2528
1 1 1 1 
5.19319 6.90577 14.4814 10.1935 
-0.238625 -0.908209 -0.376398 -0.105122 
2528
0 0 0 1 
8.77011 5.56356 15.2265 8.56477 
0.155713 0.292489 0.10643 0.652146 
2532
0 0 0 1 
9.13606 5.69398 15.6465 8.18992 
0.159929 0.288275 0.110614 0.651719 
2536
0 0 0 
5.6139 8.7783 16.9903 
0.290949 0.161621 0.108908 
2532
1 1 1 1 
5.89009 7.11149 11.4382 16.5892 
-0.23667 -0.904475 -0.107352 -0.380361 
2536
1 1 1 1 
6.06158 6.36513 12.6137 11.2619 
-0.242634 -0.908446 -0.378822 -0.106468 
2540
0 0 0 
8.42934 5.55423 11.4347 
0.156616 0.287174 0.121524 
2544
0 0 0 
5.63272 8.99589 14.5849 
0.294264 0.154264 0.113142 
2548
0 0 0 
5.54962 10.8698 16.2791 
0.291426 0.154319 0.109083 
2540
1 1 1 1 
5.48519 5.92464 10.7097 13.5934 
-0.239878 -0.905898 -0.104922 -0.38299 
2544
1 1 1 1 
5.3688 6.39585 18.1524 10.9823 
-0.238753 -0.9065 -0.378971 -0.105944 
2548
1 1 1 1 
5.67803 10.7104 6.64979 14.0246 
-0.239662 -0.106289 -0.907561 -0.380772 
2552
0 0 0 
5.59282 9.72748 15.3414 
0.290522 0.157116 0.110723 
2556
0 0 0 1 
5.50104 11.5247 11.391 8.76015 
0.29337 0.153526 0.119274 0.652675 
2560
0 0 0 
5.95908 8.81383 15.1382 
0.286974 0.157648 0.111309 
2552
1 1 1 1 
5.10586 7.68027 11.1583 20.8982 
-0.236479 -0.902796 -0.105842 -0.380396 
2556
1 1 1 1 
4.74699 7.09919 11.2945 14.7455 
-0.237618 -0.904593 -0.106779 -0.377123 
2560
1 1 1 1 
5.46722 6.64989 11.3513 18.0591 
-0.239525 -0.906192 -0.10688 -0.381085 
2564
1 1 1 1 
5.49344 11.4626 13.5948 7.13175 
-0.239813 -0.107392 -0.375042 -0.905279 
2564
0 0 0 
8.89938 5.71631 10.6067 
0.154318 0.290565 0.121605 
2568
0 0 0 
9.91048 5.21307 11.7799 
0.154899 0.295996 0.120012 
2568
1 1 1 1 
5.50998 7.44887 11.3317 13.1309 
-0.238264 -0.907773 -0.105931 -0.378634 
2572
1 1 1 1 
4.65203 11.435 5.61976 15.4412 
-0.239569 -0.106597 -0.910951 -0.377997 
2572
0 0 0 
5.34215 9.73102 12.071 
0.289176 0.153957 0.119478 
2576
1 1 1 1 
5.47895 6.96901 12.1372 17.5539 
-0.239904 -0.905174 -0.106461 -0.380177 
2576
0 0 0 
5.30438 9.08697 16.4163 
0.295435 0.158457 0.108775 
2580
0 0 0 
8.19449 5.66901 11.3889 
0.169061 0.284867 0.119856 
2584
0 0 0 
6.2023 8.44454 16.987 
0.283901 0.155945 0.107012 
2580
1 1 1 1 
5.37324 6.67755 10.5932 17.2966 
-0.242409 -0.905702 -0.105786 -0.379235 
2584
1 1 1 1 
5.05784 6.78821 11.425 12.8508 
-0.240539 -0.909665 -0.106295 -0.379322 
2588
1 1 1 1 
5.76005 11.2406 6.94848 14.6413 
-0.239108 -0.106368 -0.905285 -0.377713 
2588
0 0 0 
5.19407 8.92684 12.3112 
0.296261 0.166388 0.118481 
2592
1 1 1 1 0 
5.34358 16.8938 7.19122 12.0539 17.9254 
-0.239098 -0.378993 -0.905931 -0.107826 -0.755025 
2592
0 0 0 
10.8093 5.88844 12.4915 
0.158589 0.287279 0.118441 
2596
1 1 1 1 
5.54056 11.1144 6.98648 10.93 
-0.242607 -0.105844 -0.908677 -0.377799 
2596
0 0 0 
9.40993 5.55965 15.5807 
0.149452 0.290509 0.11099 
2600
1 1 1 1 
5.47631 6.34846 17.6911 10.663 
-0.239852 -0.907468 -0.380626 -0.106323 
2600
0 0 0 1 
6.01839 9.41026 11.0976 8.83768 
0.287288 0.15845 0.122062 0.751097 
2604
1 1 1 1 
5.78984 6.12292 11.1415 16.857 
-0.238729 -0.906147 -0.107505 -0.38052 
2604
0 0 0 1 
8.19263 4.65336 12.1741 8.15397 
0.156245 0.294112 0.118793 0.75397 
2608
1 1 1 1 
6.55508 5.5158 10.4604 12.8745 
-0.240596 -0.915625 -0.105551 -0.380279 
2608
0 0 0 1 
5.07154 10.3457 16.7821 8.84878 
0.298526 0.154618 0.109467 0.746319 
2612
0 0 0 
8.50793 5.55471 12.4552 
0.155467 0.291965 0.11844 
2612
1 1 1 1 
6.1389 6.69246 11.6917 15.7995 
-0.241786 -0.907293 -0.10683 -0.380044 
2616
1 1 1 1 0 
5.44356 6.71186 15.0507 10.8067 16.1502 
-0.237199 -0.904706 -0.375651 -0.105721 -0.755852 
2616
0 0 0 
8.83813 5.82885 10.7988 
0.155446 0.282519 0.121101 
2620
1 1 1 1 
4.88903 6.40341 14.7191 10.8553 
-0.237335 -0.905668 -0.379579 -0.106443 
2620
0 0 0 
5.95174 9.58331 10.489 
0.288315 0.158161 0.123963 
2624
0 0 0 
10.9839 5.23467 12.5246 
0.152947 0.296294 0.118376 
2624
1 1 1 1 
4.56925 5.79441 10.6515 20.8324 
-0.237185 -0.907438 -0.105683 -0.383454 
2628
0 0 0 
5.37965 9.75347 12.7465 
0.295107 0.154136 0.117142 
2628
1 1 1 1 
5.41763 10.9559 5.94057 12.7939 
-0.236549 -0.107601 -0.908625 -0.377309 
2632
1 1 1 1 
5.67494 6.28775 10.8261 15.2729 
-0.240654 -0.906267 -0.106391 -0.380468 
2632
0 0 0 1 
5.52219 9.30873 16.6468 8.75485 
0.294656 0.155595 0.107722 0.751205 
2636
1 1 1 1 
5.29807 5.57887 11.4136 15.345 
-0.23718 -0.916033 -0.106853 -0.377904 
2636
0 0 0 
4.79586 8.8233 14.8292 
0.293065 0.159778 0.111519 
2640
0 0 0 
9.21385 6.09006 15.9936 
0.15522 0.282229 0.110599 
2644
0 0 0 
9.12434 5.46419 16.1459 
0.159428 0.293129 0.110239 
2640
1 1 1 1 
5.58004 6.67641 11.3362 15.4688 
-0.240425 -0.905448 -0.106758 -0.379425 
2644
1 1 1 1 
5.73164 16.3192 6.09492 11.5349 
-0.235521 -0.379372 -0.913117 -0.106992 
2648
1 1 1 1 
4.82574 7.51077 13.6512 10.8414 
-0.235598 -0.906617 -0.377234 -0.106041 
2648
0 0 0 
9.14194 5.85906 15.4074 
0.158939 0.288076 0.110631 
2652
0 0 0 
5.17537 8.6253 12.7212 
0.296098 0.158945 0.118076 
2652
1 1 1 1 
5.83464 5.98093 11.5483 15.2487 
-0.243557 -0.909891 -0.106293 -0.378995 
2656
1 1 1 1 
5.69501 6.84833 11.6161 14.9701 
-0.237802 -0.905878 -0.105704 -0.379649 
2660
1 1 1 1 
5.47628 6.99788 11.2227 13.9115 
-0.242617 -0.905309 -0.106465 -0.378497 
2656
0 0 0 1 
12.6391 5.62416 12.0602 10.3514 
0.156584 0.286368 0.119496 0.745225 
2660
0 0 0 
6.92166 11.2169 16.3648 
0.281027 0.15362 0.110073 
2664
1 1 1 1 
5.65743 7.17527 11.4284 14.1746 
-0.242036 -0.905572 -0.106275 -0.379525 
2668
1 1 1 1 
4.60538 6.25962 11.8774 14.7494 
-0.234554 -0.905856 -0.106993 -0.375824 
2672
1 1 1 1 0 
5.46165 7.34885 12.8512 10.9023 12.7477 
-0.2377 -0.906118 -0.375782 -0.10548 -0.7551 
2664
0 0 0 
5.15896 9.00557 11.9062 
0.296561 0.159509 0.11985 
2668
0 0 0 
5.60968 9.7447 13.0667 
0.285138 0.160161 0.118194 
2672
0 0 0 
5.36407 8.45441 14.7961 
0.29014 0.160429 0.104458 
2676
1 1 1 1 
4.5421 5.43 10.5309 13.7221 
-0.232058 -0.909095 -0.106438 -0.377288 
2676
0 0 0 
8.66431 5.75871 11.6321 
0.161746 0.285167 0.119205 
2680
0 0 0 
7.56451 5.61939 11.5713 
0.168375 0.290163 0.118793 
2680
1 1 1 1 
5.82804 7.64109 10.623 12.7222 
-0.237747 -0.909417 -0.106234 -0.377139 
2684
0 0 0 
8.90719 5.74851 16.3042 
0.154513 0.28277 0.10327 
2684
1 1 1 1 0 
4.64061 11.8008 6.58104 19.4747 12.2407 
-0.243152 -0.107601 -0.905589 -0.379915 -0.751616 
2688
1 1 1 1 
5.48807 6.04955 11.0244 14.6957 
-0.2397 -0.907687 -0.105678 -0.380147 
2688
0 0 0 
5.16075 11.1307 15.2406 
0.29741 0.153376 0.110746 
2692
0 0 0 
9.505 5.1853 18.3632 
0.153488 0.29556 0.10675 
2696
0 0 0 
4.9412 9.30256 17.1176 
0.297665 0.156029 0.110143 
2700
0 0 0 
5.33597 7.46661 15.7018 
0.292429 0.163902 0.105162 
2692
1 1 1 1 0 
5.32457 7.07889 10.4912 14.4404 13.658 
-0.239978 -0.904341 -0.105396 -0.378069 -0.754449 
2696
1 1 1 1 
5.26383 7.01865 13.8405 10.8771 
-0.240261 -0.904085 -0.379558 -0.105759 
2700
1 1 1 1 
5.20034 5.47399 17.1226 8.59057 
-0.237664 -0.910258 -0.381063 -0.096672 
2704
1 1 1 1 
5.42023 6.75435 10.583 15.6533 
-0.242213 -0.906913 -0.106601 -0.379729 
2708
1 1 1 1 0 
6.57581 7.54317 16.2826 10.9119 11.6063 
-0.247611 -0.908302 -0.380767 -0.106943 -0.752639 
2704
0 0 0 
5.53575 8.74689 14.725 
0.292724 0.159943 0.106419 
2708
0 0 0 
5.26985 11.7357 15.7111 
0.295513 0.153111 0.105833 
2712
1 1 1 1 
5.8838 10.9738 19.9356 6.32804 
-0.237889 -0.105375 -0.381177 -0.909527 
2716
1 1 1 1 0 
4.55363 6.03828 10.8326 16.2322 16.8047 
-0.237358 -0.913673 -0.106699 -0.380137 -0.755866 
2712
0 0 0 
5.10567 10.6589 16.2127 
0.29718 0.153421 0.104813 
2716
0 0 0 
5.296 8.59723 15.8344 
0.294049 0.151757 0.108534 
2720
0 0 0 
10.5689 5.59577 14.1747 
0.154955 0.288021 0.106875 
2720
1 1 1 1 
4.90212 11.0709 6.27028 15.4317 
-0.243145 -0.106797 -0.907994 -0.378184 
2724
0 0 0 
5.24693 11.5073 16.1878 
0.295678 0.152005 0.110645 
2724
1 1 1 1 
5.82315 7.11254 14.6667 10.524 
-0.240163 -0.905589 -0.376082 -0.105961 
2728
0 0 0 
5.47597 9.44379 15.5196 
0.292085 0.157423 0.110395 
2732
0 0 0 
9.01599 5.16263 16.6662 
0.157679 0.29668 0.107168 
2736
0 0 0 
5.69673 9.17496 16.9621 
0.290117 0.158363 0.109538 
2740
0 0 0 
9.23042 5.31503 15.4 
0.155132 0.284341 0.104249 
2728
1 1 1 1 0 
5.73761 10.7031 6.85279 16.0079 13.8516 
-0.236404 -0.105374 -0.907739 -0.379433 -0.755676 
2744
0 0 0 
8.75877 5.72756 16.7251 
0.155516 0.291984 0.109264 
2732
1 1 1 1 
5.17067 11.4076 14.9992 5.96141 
-0.238158 -0.107273 -0.378056 -0.912055 
2736
1 1 1 1 
5.4702 5.89192 11.9872 13.9629 
-0.239145 -0.912161 -0.107087 -0.375728 
2740
1 1 1 1 
5.2744 6.9135 11.5264 14.4871 
-0.240461 -0.905351 -0.10606 -0.375227 
2744
1 1 1 1 
5.6592 6.07628 14.639 11.4461 
-0.240477 -0.91034 -0.375667 -0.106848 
2748
1 1 1 1 
5.66878 11.4907 5.79946 15.0108 
-0.238969 -0.107355 -0.912255 -0.379198 
2752
1 1 1 1 
5.14249 10.6596 6.1049 13.001 
-0.241325 -0.106313 -0.908843 -0.380571 
2748
0 0 0 
8.54045 5.52248 18.8013 
0.156571 0.288225 0.107299 
2752
0 0 0 
5.83371 9.45428 18.4647 
0.283301 0.153495 0.108188 
2756
0 0 0 
5.43282 10.1236 12.5664 
0.287011 0.152059 0.119257 
2760
0 0 0 
5.40931 9.6251 11.8171 
0.29516 0.152322 0.120914 
2764
0 0 0 
5.7709 9.21912 13.3649 
0.284888 0.155926 0.117715 
2756
1 1 1 1 0 
5.82482 6.59813 11.901 15.1708 14.7224 
-0.241635 -0.905427 -0.106937 -0.380258 -0.756045 
2760
1 1 1 1 
5.61295 6.61396 14.8318 11.2525 
-0.239698 -0.908211 -0.377991 -0.107163 
2764
1 1 1 1 
6.00243 6.6925 13.2451 11.1512 
-0.242744 -0.909427 -0.379123 -0.106803 
2768
1 1 1 1 
4.80461 5.67273 11.2249 17.6564 
-0.240609 -0.909847 -0.106793 -0.379063 
2772
1 1 1 1 
5.13445 6.01406 11.323 18.1506 
-0.238201 -0.910516 -0.107145 -0.38151 
2768
0 0 1 0 
6.08837 9.44286 9.26614 15.518 
0.28244 0.157118 0.766285 0.108043 
2772
0 0 0 1 
8.93012 5.26812 16.2127 8.65585 
0.154698 0.289429 0.110771 0.75138 
2776
0 0 1 0 
5.83905 8.29205 9.6266 15.3024 
0.281793 0.15222 0.745987 0.10831 
2776
1 1 1 1 
5.47472 6.35656 11.698 14.6064 
-0.238812 -0.906323 -0.106299 -0.379759 
2780
0 0 0 
9.85901 5.70085 11.5184 
0.157675 0.292072 0.121475 
2780
1 1 1 1 
5.16616 10.6992 5.5546 15.9748 
-0.245184 -0.10622 -0.913703 -0.380686 
2784
0 0 0 
7.76653 5.94186 16.0357 
0.153877 0.283065 0.106018 
2784
1 1 1 1 
5.53076 6.60954 11.73 16.5784 
-0.238326 -0.907229 -0.10679 -0.379045 
2788
0 0 0 
5.36668 8.78146 16.356 
0.293599 0.159683 0.109752 
2788
1 1 1 1 0 
5.24578 6.90092 10.7721 14.5728 14.7066 
-0.239095 -0.905138 -0.106256 -0.376397 -0.754828 
2792
0 0 0 
9.31727 5.65784 15.8794 
0.154253 0.290035 0.109629 
2796
0 0 0 
8.1089 5.43291 17.718 
0.161046 0.291728 0.108459 
2800
0 0 0 
9.51046 5.18338 15.9072 
0.157295 0.295677 0.110604 
2804
0 0 0 
8.73301 5.36145 17.4146 
0.157609 0.294772 0.103148 
2808
0 0 0 
5.1409 8.76515 14.4314 
0.29595 0.156435 0.10722 
2792
1 1 1 1 
5.9011 5.52479 17.3834 11.4186 
-0.240996 -0.912085 -0.379709 -0.106073 
2796
1 1 1 1 
5.87777 10.6409 6.80019 16.4907 
-0.236502 -0.106427 -0.907049 -0.380474 
2800
1 1 1 1 
5.51325 11.0877 5.28759 15.8456 
-0.237782 -0.105972 -0.910362 -0.378237 
2804
1 1 1 1 0 
6.01489 6.2512 11.3654 14.4738 13.8155 
-0.240044 -0.908488 -0.105995 -0.379837 -0.753947 
2808
1 1 1 1 
5.53599 5.38327 10.7006 18.2923 
-0.239607 -0.911613 -0.106294 -0.380801 
2812
0 0 0 
10.217 5.02289 16.9415 
0.153783 0.298511 0.109185 
2812
1 1 1 1 
6.11666 6.68794 10.8803 11.0113 
-0.239635 -0.906865 -0.10624 -0.375976 
2816
1 1 1 1 
5.5968 11.0358 6.77117 13.6855 
-0.238046 -0.106469 -0.91151 -0.378516 
2816
0 0 0 
5.97806 8.89596 14.9025 
0.289055 0.155925 0.104903 
2820
0 0 0 
5.38821 10.4723 16.9726 
0.294332 0.152522 0.108985 
2820
1 1 1 1 
5.56193 6.61752 11.0048 15.1864 
-0.241504 -0.905685 -0.106746 -0.377414 
2824
0 0 0 
8.94977 6.15807 16.8423 
0.156059 0.282624 0.104576 
2824
1 1 1 1 
5.21492 5.70422 17.3181 11.0502 
-0.237895 -0.912866 -0.376736 -0.105864 
2828
1 1 1 1 
5.43221 6.09193 11.0596 17.9122 
-0.239477 -0.909032 -0.106661 -0.38 
2828
0 0 0 
9.6477 5.21786 16.5373 
0.158733 0.289561 0.104226 
2832
0 0 0 
8.8722 4.99067 15.5189 
0.155182 0.296594 0.110487 
2832
1 1 1 1 
5.96972 6.28913 11.6753 11.2906 
-0.240326 -0.906075 -0.376618 -0.107139 
2836
0 0 0 
9.08879 5.54826 14.6003 
0.155338 0.287376 0.110772 
2836
1 1 1 1 
5.19352 6.65622 10.8594 12.5981 
-0.237564 -0.907967 -0.10595 -0.378714 
2840
0 0 0 
5.69433 10.0039 16.778 
0.291276 0.155865 0.109005 
2840
1 1 1 1 
5.28572 6.82499 10.9727 14.8866 
-0.242136 -0.906742 -0.106358 -0.380633 
2844
1 1 1 1 
5.34651 7.92273 11.7666 13.371 
-0.23933 -0.906556 -0.106977 -0.378912 
2848
1 1 1 1 
5.62964 6.07451 13.2249 10.5913 
-0.238127 -0.907852 -0.378589 -0.105847 
2852
1 1 1 1 
5.09135 6.5135 10.287 13.57 
-0.239501 -0.903399 -0.106137 -0.378269 
