301
0 0 0 0 0 1 0 1 0 0 0 0 1 1 1 0 1 1 1 0 1 0 3 3 
2.28189 4.94975 5.45738 7.42209 7.79334 6.86703 12.9588 11.7291 17.2976 18.4063 18.5536 16.7782 15.5954 10.8193 19.4032 15.4569 17.3061 21.2989 20.4652 14.2311 19.9714 10.035 7.42016 8.82709 
0.959173 0.442604 1.03249 0.654724 0.549157 1.02429 0.166118 0.888584 0.406658 0.319212 0.249113 0.490396 0.771593 0.860557 0.502396 0.155979 0.663946 0.29803 0.390215 0.556253 0.18469 0.55013 0.241043 0.222337 
321
0 1 0 0 1 1 1 1 3 3 3 3 
13.0462 12.7352 18.5944 14.6174 17.2653 21.3406 21.5679 22.061 7.69605 6.8279 7.87944 8.07137 
0.149249 -0.122173 0.231377 0.137351 -0.0914475 -0.0293469 0.0790743 0.165474 0.218739 -0.182561 -0.179037 0.206234 
326
0 0 0 0 0 1 0 1 0 0 1 1 1 0 0 0 1 1 1 0 0 1 3 3 
2.27401 4.02283 5.20858 7.58515 13.4162 8.02264 9.21154 11.3659 16.7575 18.8502 14.2995 16.8583 13.2538 17.2173 18.0309 12.0668 22.4878 21.7945 21.7632 15.2845 14.0582 21.886 7.94768 8.46819 
0.971733 0.459203 1.0398 0.656374 0.165616 1.01742 0.541422 0.892468 0.249345 0.318121 0.774514 0.662955 0.854913 0.490009 0.404689 0.546473 0.388218 0.182168 0.29616 0.154354 0.55556 0.499487 0.237944 0.223068 
341
0 0 0 0 0 0 1 0 0 1 0 1 0 1 1 0 1 1 1 1 0 0 3 3 
2.27437 4.23072 5.14306 6.51993 8.83987 12.4301 7.51453 16.8072 17.1003 11.3337 17.401 11.6941 19.7744 15.3905 20.3076 16.1306 22.3425 19.1731 22.3246 19.7856 9.78587 13.5745 7.5681 8.59981 
1.03791 0.472473 1.07627 0.682208 0.553869 0.166664 1.03977 0.496046 0.250714 0.905809 0.321418 0.869555 0.406597 0.78096 0.29907 0.154102 0.182223 0.666714 0.502675 0.392168 0.558645 0.564457 0.2432 0.223375 
356
0 0 1 0 1 1 1 1 3 3 3 3 
12.7967 15.4213 11.8253 15.6057 15.2529 19.4694 20.0111 19.4425 6.63011 7.20454 7.96802 7.43903 
0.16002 0.146815 -0.125043 0.245521 -0.0918704 0.0855436 0.174201 -0.0265803 -0.203005 0.239723 -0.187232 0.230024 
371
1 3 3 
3.27522 6.41129 6.60729 
-0.448717 -0.206983 -0.192101 
376
0 1 0 1 1 1 1 3 3 3 
12.6661 11.7451 13.3045 16.703 17.8921 19.2065 19.389 5.57724 7.62969 7.63401 
0.178921 -0.122138 0.164504 -0.0862041 -0.0174768 0.0982331 0.190117 -0.207232 -0.196721 0.252017 
386
0 0 1 1 1 1 1 3 3 
11.9753 13.4142 10.7377 20.0647 15.2534 19.9153 18.3464 5.41977 6.94998 
0.189254 0.172543 -0.123513 0.103519 -0.0854252 0.197383 -0.0146852 -0.217525 -0.206717 
396
0 0 0 0 0 0 0 1 0 0 1 1 1 0 1 1 1 0 1 1 3 3 
2.69765 5.58148 7.16429 10.2142 11.8561 16.87 13.4765 10.1646 15.3378 14.7596 10.2499 18.0571 19.3196 14.8278 18.0002 18.4817 13.4512 9.44224 17.1437 19.0225 6.90262 5.89896 
0.829622 0.934187 0.722821 0.682451 0.214759 0.380074 0.196832 1.08736 0.480684 0.303491 1.01415 0.757507 0.221139 0.583762 0.350359 0.450606 0.897048 0.681967 0.576843 0.126938 0.329946 0.319682 
411
1 1 3 3 
1.49712 9.56026 4.58179 4.57536 
-0.949432 -0.136406 -0.277215 -0.2579 
421
1 3 3 
9.48062 4.17089 4.60757 
-0.141252 -0.282242 -0.307148 
426
0 0 0 0 0 0 0 1 0 0 1 1 1 1 1 1 3 3 
6.36969 8.05646 8.7209 11.5152 11.3171 14.628 12.6134 14.9184 13.6746 11.8462 16.7388 18.126 10.9837 16.7833 15.6901 18.3258 4.48278 5.01388 
0.917724 0.822147 0.262116 0.778103 0.230688 0.431742 0.348434 0.840494 0.543542 0.668492 0.248563 0.386457 1.00732 0.142244 0.500323 0.634117 0.469214 0.433062 
441
1 3 3 
7.81478 3.60105 3.1807 
-0.160234 -0.377446 -0.426134 
446
1 0 1 1 1 1 
7.40964 9.5914 11.1508 13.9204 16.8974 16.7361 
-0.169032 0.246266 -0.0978514 -0.00535927 0.138453 0.251848 
456
1 3 3 
6.85954 1.81515 2.57807 
-0.18378 -0.632776 -0.525378 
461
0 0 0 0 0 0 0 0 1 1 1 1 1 1 3 3 
6.61184 7.15015 9.84753 8.75846 11.5257 8.75686 11.234 11.8742 15.4252 16.0935 15.3819 15.8463 14.9015 14.4463 2.60321 1.88799 
1.09076 0.353613 0.289716 0.97956 0.423641 0.822823 0.526122 0.654451 0.449402 0.733865 0.576586 0.288955 0.167876 0.971052 0.807059 0.978579 
476
0 0 0 0 0 0 0 1 1 1 1 1 1 3 
5.52358 8.35316 7.28731 10.1996 10.516 10.4457 11.2415 13.6891 11.8884 12.5633 14.5408 13.9747 14.4799 2.8569 
0.426761 1.09671 0.334616 0.473408 0.579845 0.898542 0.719305 0.313043 1.04748 0.792633 0.61998 0.181857 0.48549 1.12501 
496
1 1 
3.76385 8.69808 
-0.347354 -0.150941 
516
0 0 0 0 0 1 1 1 1 1 
2.73253 5.00414 6.83014 7.38037 8.70933 10.5903 11.5563 11.8924 11.3575 13.394 
0.900684 0.515967 0.670154 0.793197 0.964032 0.216019 0.600518 0.382392 0.766162 0.963543 
546
1 1 
6.2919 7.89249 
-0.203985 0.103848 
561
1 1 
2.62439 5.1272 
-0.990184 -0.443427 
581
1 1 
3.76869 4.95983 
-0.926132 -0.364112 
601
1 
4.53819 
0.0678904 
616
0 0 1 1 
3.69186 2.59821 5.88384 8.98448 
1.06933 1.07199 0.481344 0.883377 
636
0 1 1 
2.55642 7.3922 8.86856 
1.05675 0.618265 0.984147 
656
1 
2.8701 
0.270961 
671
1 
4.531 
-0.0282494 
691
0 0 0 1 1 0 0 1 1 0 1 1 0 1 1 0 1 0 1 
4.40352 1.71423 5.99728 6.37867 8.60226 13.129 9.89601 11.2618 14.0893 18.6955 16.8956 19.5639 13.3852 13.8443 20.8862 15.2721 20.7605 16.7777 18.0511 
0.966511 1.15918 1.09625 0.447035 0.702692 1.00729 1.10849 0.76231 0.619413 0.980926 0.65213 0.767062 0.867963 0.699608 1.04244 1.08982 0.904148 0.872444 0.693012 
731
1 1 
3.01396 4.64642 
-0.971052 -0.331622 
746
1 1 1 1 0 1 1 1 0 1 0 0 
5.38951 11.6029 7.5652 8.94469 14.4796 13.1614 16.2909 14.8176 11.4268 16.5671 14.5085 24.8958 
-0.13818 -0.252769 -0.048163 -0.140895 0.208548 -0.207525 -0.0655352 -0.156989 0.0708395 0.100569 0.0771838 0.208292 
776
1 1 1 1 1 1 1 
3.39378 5.24274 7.01068 8.83582 12.7836 11.5756 14.8895 
-0.449036 -0.263529 -0.363464 -0.480422 -0.342701 -0.40863 -0.23505 
801
1 1 1 0 1 1 0 1 1 1 
1.72036 3.38088 5.28639 7.28898 8.09571 9.71409 9.09762 13.575 13.3067 12.3326 
-1.08595 -0.564248 -0.630979 -0.238284 -0.71581 -0.604913 -0.218955 -0.170737 -0.387772 -0.51432 
826
1 1 0 0 1 1 1 1 
1.92922 3.01855 5.49201 7.29634 5.54204 8.03893 10.3976 10.2126 
-0.963106 -0.84954 -0.217385 -0.179457 -0.829605 -0.642598 -0.518093 -0.363063 
856
0 0 1 1 
3.12676 3.63532 7.35262 8.02102 
0.218355 0.262984 -0.213086 -0.00699526 
876
1 1 
2.79504 4.52902 
-0.899382 -0.386455 
891
1 1 
5.33859 4.89376 
-0.234165 0.0769172 
911
1 1 
2.78435 3.80597 
-1.05956 -0.499853 
931
1 1 
2.441 2.77548 
-1.1508 -0.503027 
946
1 1 0 
4.96529 6.45504 8.64648 
0.606416 0.914505 0.154158 
966
0 1 
6.91049 1.85961 
-0.267874 -0.561257 
986
1 1 
5.82184 4.20759 
0.940971 0.402399 
1001
1 
3.26753 
0.151457 
1021
1 
2.57613 
-0.261416 
1036
1 1 1 3 3 
3.43698 7.27971 14.641 10.7254 9.73561 
0.389264 0.873832 1.09272 1.01161 1.02863 
1071
0 1 1 0 0 0 1 1 1 1 1 0 3 3 3 
5.79336 5.7579 13.1706 18.2814 20.3184 17.0124 18.4857 19.6465 22.4454 20.7302 19.9978 11.0364 8.57084 8.87639 9.9769 
1.07627 0.476026 0.654905 0.977286 1.04156 0.890652 0.680035 0.739494 0.840114 0.922576 1.03021 0.901502 0.946097 0.596129 0.605275 
1116
0 0 0 1 0 0 0 0 1 1 1 0 0 1 1 1 1 0 0 1 3 3 
3.35505 6.89004 9.22464 10.2832 12.8171 15.5223 14.7468 15.5694 12.0252 15.604 20.4823 17.1299 14.8194 20.3413 15.7904 17.5311 21.9924 13.0423 10.0055 15.7029 6.454 7.8158 
0.7712 0.911861 0.749857 1.10457 0.316568 0.470905 0.298342 0.561864 1.04473 0.94569 0.43906 0.39576 0.656424 0.229357 0.826468 0.538354 0.318995 0.729927 0.742957 0.657306 0.426951 0.404273 
1156
1 1 3 3 
8.8423 12.5777 4.10242 3.88381 
-0.231981 -0.181346 -0.392641 -0.381894 
1176
0 1 0 1 1 1 1 
7.99218 7.79962 10.5434 11.9752 14.0304 16.7981 17.7316 
0.207668 -0.230451 0.16758 -0.162887 -0.0725313 0.180624 0.0687543 
1201
1 1 1 1 
5.88331 9.45027 13.6723 14.1216 
-0.22346 -0.121614 -0.0154373 0.145237 
1221
1 1 1 1 
5.12587 8.19524 10.8946 12.8403 
-0.266193 -0.119249 0.0065575 0.183432 
1241
0 0 0 0 0 0 1 1 1 1 1 
3.53456 6.53804 7.86662 9.52677 8.90168 8.67706 12.2179 12.8765 12.8262 12.6428 11.5815 
0.676391 0.445141 0.606924 0.720698 0.889519 1.11607 0.22136 0.72875 0.373764 0.919959 0.57744 
1271
0 0 0 0 1 1 1 1 1 
3.74953 5.89778 6.68019 6.3316 8.75634 10.9867 10.1418 10.4515 9.22181 
0.689549 0.808676 1.11681 0.932359 0.251914 1.06615 0.676964 0.851575 0.440073 
1296
1 1 
5.35357 6.99886 
-0.231533 0.110962 
1316
1 1 
5.3051 6.54588 
-0.14502 0.152678 
1331
0 0 1 1 1 
2.68211 3.66788 5.74407 6.24464 9.41959 
1.17432 1.10613 0.384605 0.63363 0.892113 
1356
1 
3.37109 
-0.721267 
1371
0 1 1 1 0 
3.41988 5.81681 7.78768 9.82335 2.39942 
1.03027 0.325949 0.748594 1.08403 1.16573 
1391
1 
3.99522 
-0.124551 
1406
1 
5.47692 
0.146082 
1426
0 0 1 1 1 1 1 1 1 0 1 1 
2.72759 4.87272 5.52021 7.12875 9.13516 11.2855 15.2204 12.8329 18.5855 12.5273 21.2388 20.4337 
1.11544 1.11059 0.388756 0.683632 0.923174 0.987091 0.85817 0.933262 0.891704 1.09943 1.00544 0.93263 
1456
1 1 
2.51161 3.87307 
-1.22352 -0.215837 
1471
0 0 1 1 0 0 0 0 0 1 0 1 1 1 0 1 1 1 0 1 1 3 
2.78581 4.28289 8.71708 6.08344 7.11603 9.60243 12.3911 10.3272 15.7555 10.4183 15.3283 12.8064 15.5692 14.1663 13.4133 16.7847 18.8088 17.422 14.7711 18.2451 19.2352 8.19825 
0.895009 0.87446 0.321609 0.267387 0.834202 0.729881 0.5866 0.844456 0.651482 0.232862 0.533722 1.04206 0.855015 0.15654 0.723465 0.197511 0.278666 0.584592 0.40901 0.432077 0.709985 1.10185 
1511
1 0 0 0 1 0 1 1 0 
5.72893 8.66665 10.2198 13.3669 14.9944 13.4626 15.7334 16.1472 10.875 
-0.248005 0.125116 -0.107715 0.044187 0.2492 0.19113 -0.0783706 0.100354 -0.105193 
1536
0 0 0 0 1 1 1 0 
8.53225 7.22069 10.6431 10.7333 15.1869 15.7518 15.3968 9.43363 
-0.190661 0.0937812 -0.00592177 0.16453 -0.142771 0.222126 0.0567223 -0.180677 
1561
0 0 0 0 0 1 1 1 
3.68874 5.45678 5.45921 7.55116 9.42207 8.49663 11.1804 13.4637 
0.608346 0.155929 0.66577 0.374125 0.226789 0.888808 0.521059 0.283819 
1586
1 1 1 1 1 
2.47879 5.32937 7.46874 9.49931 9.6197 
-0.921508 -0.81756 -0.59009 -0.442852 -0.272459 
1606
0 0 0 0 0 1 1 1 0 
2.72145 3.36614 4.76712 5.36441 6.08273 8.78069 8.86362 10.1009 6.03209 
1.08685 0.238654 0.272089 0.897416 0.590439 0.632156 0.330687 0.865189 1.1356 
1631
0 0 1 0 1 1 
3.31017 4.92544 6.55993 1.96672 9.04128 7.70998 
0.755521 1.09337 0.291712 0.947741 1.00736 0.682911 
1656
1 1 
3.89967 2.63814 
-0.265956 -0.756314 
1671
1 
3.4334 
-0.182746 
1686
1 1 1 
3.87218 5.37456 7.36646 
0.215998 0.664658 0.940708 
1706
1 0 
2.53076 9.12057 
-0.275488 -0.139402 
1726
1 1 
4.94646 5.96635 
0.402641 0.915409 
