0
1 1 1 1 1 1 
2.13343 5.89384 6.86125 11.9768 12.8139 11.4648 
-0.915029 -0.229374 -0.864932 -0.111126 -0.369597 -0.534632 
4
1 1 1 1 1 0 
1.92155 7.51758 10.1136 10.4667 11.483 12.6332 
-0.915637 -0.229573 -0.864177 -0.110506 -0.368332 -0.73196 
0
0 0 0 
5.93183 10.9601 2.27163 
0.251952 0.141316 0.994573 
4
0 0 0 
6.28653 9.82153 2.91247 
0.247665 0.134975 0.955238 
8
1 1 1 1 1 0 1 
2.06889 5.17641 9.69224 11.7425 16.9762 14.7353 11.9332 
-0.918907 -0.241139 -0.863196 -0.109685 -0.371945 -0.733905 -0.535389 
8
0 0 0 
5.71901 10.2875 2.27168 
0.252716 0.143566 0.999554 
12
0 0 0 
6.71034 10.9161 2.76437 
0.245915 0.140701 0.960912 
12
1 1 1 1 1 1 0 
1.9743 7.34842 8.28992 17.1797 11.0218 11.6028 13.119 
-0.910274 -0.234229 -0.8672 -0.37283 -0.111012 -0.534517 -0.73573 
16
0 0 0 
6.26289 10.6833 2.86075 
0.248668 0.142072 0.953363 
16
1 1 1 1 0 1 1 
2.03142 6.87906 7.09968 11.4026 12.477 11.6166 10.9315 
-0.905848 -0.227055 -0.86294 -0.11149 -0.736619 -0.368081 -0.534536 
20
1 1 1 1 1 1 0 
2.02533 6.3826 6.80123 11.6956 16.5177 11.3415 12.2036 
-0.918472 -0.230365 -0.863118 -0.110829 -0.372213 -0.5356 -0.735542 
20
0 0 0 
5.4416 10.9939 2.33188 
0.257209 0.141246 0.991667 
24
0 0 0 
5.22296 2.36277 11.53 
0.257863 0.992747 0.138886 
24
1 1 1 1 1 0 1 
2.00428 6.3944 11.7269 11.343 13.4661 12.2542 12.046 
-0.915274 -0.227732 -0.861209 -0.111588 -0.371622 -0.736333 -0.535228 
28
1 1 1 1 1 1 0 
1.933 5.01537 6.56185 10.5766 16.0542 11.4383 14.7153 
-0.920542 -0.241189 -0.864807 -0.110922 -0.372992 -0.535529 -0.738745 
28
0 0 0 
5.65252 10.7602 2.36596 
0.252155 0.142485 0.9866 
32
1 1 1 1 1 0 1 
2.02552 7.05951 9.30743 15.3059 12.5117 14.6302 11.209 
-0.917658 -0.228008 -0.864018 -0.370379 -0.110847 -0.737814 -0.532652 
32
0 0 0 
5.15177 11.03 2.24997 
0.257577 0.140705 0.999402 
36
1 1 1 1 1 1 
2.66861 7.26959 6.9065 11.228 11.4767 12.1579 
-0.918539 -0.227985 -0.862377 -0.367768 -0.109774 -0.534231 
36
0 0 0 
6.4148 11.0619 2.92685 
0.249331 0.141274 0.948901 
40
1 1 1 1 1 1 0 
2.65808 6.35729 10.1575 15.7024 10.7485 11.7831 12.7924 
-0.911695 -0.231007 -0.863978 -0.371351 -0.111198 -0.534637 -0.735326 
44
1 1 1 1 1 1 
2.124 7.04393 6.7316 14.8966 12.1872 11.6685 
-0.910153 -0.228078 -0.862521 -0.371425 -0.110448 -0.535083 
40
0 0 0 
5.74581 2.70646 11.3311 
0.253908 0.96498 0.140505 
48
1 1 1 1 1 1 
1.98945 7.3929 11.7079 11.8938 14.9236 12.4096 
-0.916726 -0.228577 -0.860489 -0.110461 -0.372456 -0.534936 
44
0 0 0 
6.66921 11.6598 2.29175 
0.249561 0.139327 0.999629 
48
0 0 0 
6.42176 10.7676 2.32362 
0.248528 0.142144 0.993932 
52
1 1 1 1 1 1 
2.57817 6.51387 10.2863 15.3716 9.60364 9.80639 
-0.913781 -0.225256 -0.863812 -0.372079 -0.103005 -0.537 
52
0 0 0 
6.16021 11.1528 2.39612 
0.250024 0.140965 0.986481 
56
1 1 1 1 1 1 
2.45424 5.95821 10.1638 11.5547 12.1133 11.9905 
-0.904334 -0.240134 -0.866932 -0.109722 -0.37018 -0.535828 
56
0 0 0 
5.96509 11.5752 2.25839 
0.250495 0.139686 0.998733 
60
0 0 0 
5.33376 2.34118 11.0352 
0.2603 0.993365 0.140625 
60
1 1 1 1 1 
1.88267 6.42298 6.61391 11.6092 12.2096 
-0.918015 -0.225717 -0.863262 -0.110729 -0.370042 
64
0 0 0 
5.46302 11.1315 2.78308 
0.256 0.140948 0.961369 
64
1 1 1 1 1 1 
1.86136 6.68457 8.88434 11.8086 12.8446 13.8962 
-0.920907 -0.226824 -0.864186 -0.110117 -0.534494 -0.370665 
68
1 1 1 1 1 0 1 
1.99821 6.28147 7.42334 11.0869 15.2828 11.5975 12.7431 
-0.906943 -0.230799 -0.863356 -0.110721 -0.372451 -0.735747 -0.535522 
68
0 0 0 
4.92658 2.39132 11.4161 
0.261845 0.988525 0.139771 
72
0 0 0 
5.70478 11.8351 2.37887 
0.253253 0.139862 0.988736 
72
1 1 1 1 1 0 1 
1.82398 6.30937 10.5563 15.0636 11.3612 12.7046 10.9962 
-0.92297 -0.226277 -0.864552 -0.372056 -0.110522 -0.736657 -0.533261 
76
0 0 0 
5.62363 2.18609 11.2947 
0.252088 1.00657 0.139806 
80
0 0 0 
5.77972 12.6113 2.22865 
0.252567 0.138991 0.994771 
84
0 0 0 
5.54219 11.2273 2.21439 
0.255406 0.139394 0.999479 
76
1 1 1 1 1 0 1 
1.80917 6.18589 7.21216 14.9087 10.8578 11.7515 9.92109 
-0.917574 -0.231731 -0.862533 -0.371094 -0.111415 -0.737326 -0.533103 
80
1 1 1 1 1 1 
1.92083 6.3473 9.73204 12.33 12.223 11.4314 
-0.917651 -0.231062 -0.861889 -0.110643 -0.37013 -0.53387 
84
1 1 1 1 1 1 0 
1.77226 6.93376 6.94919 14.4933 12.1714 10.9228 11.9418 
-0.920177 -0.227922 -0.861831 -0.370913 -0.11086 -0.54177 -0.736547 
88
0 0 0 
6.35634 11.4791 2.32379 
0.249754 0.139765 0.99184 
88
1 1 1 1 1 1 0 
1.83477 6.90539 7.05566 11.5939 17.3247 10.6782 13.507 
-0.900961 -0.226269 -0.861092 -0.111834 -0.373118 -0.541417 -0.734264 
92
1 1 1 1 1 1 
1.91778 6.88115 6.94423 9.75465 17.3573 10.6282 
-0.899949 -0.227205 -0.864056 -0.107073 -0.374919 -0.536624 
96
1 1 1 1 1 1 
1.94315 6.53046 9.04102 9.1826 17.538 12.9298 
-0.909181 -0.229983 -0.863463 -0.106898 -0.374509 -0.534807 
100
1 1 1 1 1 0 
1.98105 6.82916 10.5635 10.0226 27.3679 13.7981 
-0.904644 -0.231184 -0.861649 -0.108244 -0.374427 -0.735685 
92
0 0 0 
6.16525 2.18635 11.058 
0.249405 1.00117 0.140765 
96
0 0 0 
6.85674 10.5664 2.26301 
0.246946 0.142511 0.993408 
100
0 0 0 
5.80332 2.31448 10.9017 
0.251099 0.990557 0.140842 
104
0 0 0 
5.50713 2.70767 10.6909 
0.25416 0.963905 0.140568 
108
0 0 0 
5.07811 2.3272 9.47799 
0.257027 0.991849 0.134667 
104
1 1 1 1 1 0 1 
2.02886 6.68649 7.2719 16.2439 9.92823 12.6518 9.96269 
-0.916143 -0.229044 -0.860706 -0.372188 -0.106461 -0.731896 -0.541142 
108
1 1 1 1 1 1 1 
1.80529 7.28007 8.92684 18.233 10.2808 14.7304 17.8963 
-0.919069 -0.229608 -0.859797 -0.37294 -0.108386 -0.540132 -0.275272 
112
0 0 0 
7.06571 2.369 10.3033 
0.247943 0.994252 0.141688 
112
1 1 1 1 1 0 1 
1.91703 6.52373 7.84991 10.2219 14.4673 13.1862 14.8854 
-0.915289 -0.229422 -0.85928 -0.108576 -0.370969 -0.734652 -0.540952 
116
1 1 1 1 1 0 
1.99203 7.01832 7.79038 14.1036 10.3534 12.5907 
-0.905779 -0.22931 -0.861417 -0.3697 -0.106335 -0.729796 
116
0 0 0 
5.26588 2.21541 10.6542 
0.2567 1.00504 0.140503 
120
1 1 1 1 1 0 1 
2.26052 6.46832 8.03222 14.8023 11.385 12.1107 10.2029 
-0.901466 -0.229442 -0.859463 -0.370376 -0.105898 -0.731385 -0.540306 
120
0 0 0 
5.55664 11.3806 2.28216 
0.252161 0.138797 0.996871 
124
1 1 1 1 1 0 1 
1.92889 6.77903 7.10893 10.6499 17.7977 13.0945 10.8204 
-0.913898 -0.229487 -0.861502 -0.107482 -0.372284 -0.731738 -0.54005 
124
0 0 0 
5.96103 9.45716 2.38187 
0.261094 0.150907 0.990167 
128
1 1 1 1 1 0 1 
1.97005 6.46352 7.33459 11.5221 14.1554 13.2444 14.8789 
-0.915852 -0.228678 -0.862093 -0.106522 -0.371226 -0.733964 -0.540344 
128
0 0 0 
5.94267 2.19992 11.3812 
0.251563 1.00136 0.138646 
132
1 1 1 1 1 0 1 
1.95047 6.78504 7.16911 16.2028 11.2851 13.3802 15.8208 
-0.912655 -0.230035 -0.861827 -0.372323 -0.107872 -0.734541 -0.273314 
132
0 0 0 
5.70203 2.20598 10.6613 
0.25388 1.00288 0.140389 
136
1 1 1 1 0 1 1 1 
2.02235 7.27516 8.40008 10.0109 13.5955 15.475 11.2471 15.2768 
-0.906316 -0.229196 -0.859493 -0.106764 -0.730928 -0.371677 -0.54377 -0.0629542 
136
0 0 
5.50033 10.2113 
0.254182 0.14167 
140
0 0 0 
5.56758 2.85145 10.8088 
0.255375 0.9574 0.140706 
140
1 1 1 1 1 0 1 
1.91169 6.39735 7.66444 10.5317 17.0675 12.6845 13.3242 
-0.906114 -0.228816 -0.862691 -0.106633 -0.371054 -0.731063 -0.539544 
144
1 1 1 1 1 1 0 1 
2.15084 6.39392 8.1803 10.0121 18.1934 11.7983 12.3625 13.2612 
-0.896343 -0.2291 -0.86398 -0.106677 -0.372892 -0.543886 -0.732396 -0.281906 
144
0 0 0 
5.30297 2.72275 10.4609 
0.257064 0.965009 0.146437 
148
0 0 0 
5.81975 2.12451 10.9695 
0.261233 1.00738 0.140142 
148
1 1 1 1 1 0 1 
2.19561 7.01754 7.02907 10.3115 15.8249 9.98582 14.4791 
-0.919487 -0.230462 -0.860914 -0.106478 -0.371523 -0.732077 -0.54064 
152
1 1 1 1 0 1 1 
2.12327 6.92572 7.12891 10.6781 12.1935 16.8112 10.2833 
-0.915807 -0.230143 -0.859889 -0.106371 -0.734459 -0.379259 -0.538007 
152
0 0 0 
6.07835 11.1193 2.18839 
0.250914 0.13894 1.00611 
156
0 0 0 
5.48072 9.07484 2.84143 
0.254048 0.140535 0.954268 
160
0 0 0 
5.31378 2.8706 11.3785 
0.257272 0.949406 0.140424 
164
0 0 0 
5.14487 2.7077 11.1721 
0.258571 0.964472 0.139059 
168
0 0 0 
5.08282 9.31456 2.7106 
0.258302 0.136718 0.95198 
172
0 0 0 
5.79728 2.90762 10.2561 
0.253476 0.948594 0.142101 
176
0 0 0 
5.52828 11.1877 2.25281 
0.253817 0.139708 1.00491 
156
1 1 1 1 0 1 1 1 
2.13716 6.94181 8.49866 16.1325 11.7217 10.7789 10.0432 11.4077 
-0.910488 -0.230797 -0.863207 -0.37993 -0.731548 -0.106942 -0.284443 -0.543522 
160
1 1 1 1 1 0 1 
2.12895 6.61852 8.41335 11.0486 16.9853 11.558 16.2952 
-0.90479 -0.228845 -0.862028 -0.107568 -0.37201 -0.731585 -0.541927 
164
1 1 1 1 0 1 1 
2.2321 7.15126 7.92652 15.5735 13.5474 11.6265 11.1928 
-0.900333 -0.230661 -0.860795 -0.373493 -0.733329 -0.107897 -0.538097 
168
1 1 1 1 1 0 1 
2.13644 6.58191 9.93982 17.6735 10.3033 14.5415 9.52136 
-0.917415 -0.228925 -0.864537 -0.372802 -0.10763 -0.734686 -0.539612 
172
1 1 1 1 1 0 1 
2.09082 6.54906 7.52924 10.3372 15.3195 12.4942 11.2852 
-0.920636 -0.229382 -0.861265 -0.106778 -0.372239 -0.731818 -0.543058 
176
1 1 1 1 1 0 1 
1.98485 6.50609 7.82306 10.0415 13.6734 12.8998 10.9793 
-0.919908 -0.229381 -0.860295 -0.105166 -0.373732 -0.733591 -0.538893 
180
1 1 1 1 0 1 1 
2.19845 6.37084 6.94372 15.4535 11.3223 11.3079 10.9009 
-0.909668 -0.229496 -0.861168 -0.373991 -0.732904 -0.107588 -0.276013 
184
1 1 1 1 0 1 1 
2.11735 7.39042 6.81554 16.6972 11.0657 8.06431 11.782 
-0.918135 -0.230659 -0.859591 -0.370585 -0.73366 -0.116131 -0.538958 
180
0 0 0 
5.47697 11.3998 2.24997 
0.25479 0.138354 0.998831 
184
0 0 0 
5.70855 10.6266 2.12513 
0.254787 0.142503 1.00913 
188
0 0 0 
6.05405 2.32836 9.8063 
0.250312 0.991102 0.143145 
188
1 1 1 1 1 0 1 1 
2.11817 6.65113 8.00914 10.6606 14.0944 14.3572 16.8825 15.8291 
-0.916684 -0.228624 -0.861614 -0.105935 -0.369748 -0.739452 -0.0623942 -0.541032 
192
0 0 0 
5.22179 10.5078 2.4314 
0.257696 0.14065 0.984877 
192
1 1 1 1 1 0 1 
2.03998 5.15369 7.1201 10.9815 14.5894 11.973 14.4615 
-0.909825 -0.238778 -0.861263 -0.106793 -0.369691 -0.729703 -0.539813 
196
1 1 1 1 1 1 0 1 
2.02144 7.11368 7.56475 13.6877 11.5676 10.3129 13.5065 14.048 
-0.908927 -0.229715 -0.860194 -0.379485 -0.539414 -0.106407 -0.733772 -0.275494 
196
0 0 0 
5.64238 10.1464 2.88987 
0.253753 0.146723 0.958394 
200
0 0 0 
6.22285 10.4677 2.28675 
0.252854 0.141041 0.996834 
200
1 1 1 1 1 0 
2.12459 6.77646 7.7979 17.5558 9.97283 10.3855 
-0.9136 -0.229938 -0.861167 -0.372912 -0.107639 -0.733079 
204
1 1 1 1 1 0 1 
2.17641 6.88611 7.53773 16.9933 10.7378 11.9451 14.0742 
-0.895006 -0.230688 -0.860059 -0.373178 -0.107647 -0.730687 -0.540541 
204
0 0 0 
5.42106 11.9428 2.55912 
0.254829 0.138691 0.969703 
208
0 0 0 
5.0659 2.20488 11.1478 
0.258211 1.00618 0.139447 
208
1 1 1 1 1 0 1 1 
1.98034 6.61548 7.78517 15.8653 10.1435 11.6758 12.7407 11.6407 
-0.899502 -0.229373 -0.859782 -0.371495 -0.107178 -0.733696 -0.275522 -0.539385 
212
0 0 0 
5.96559 8.69009 2.39336 
0.250713 0.137738 0.992067 
212
1 1 1 0 1 1 
2.07593 5.44398 7.41476 12.0681 10.9902 15.6928 
-0.910473 -0.239601 -0.860451 -0.731741 -0.106564 -0.371458 
216
0 0 0 
5.31077 11.1018 2.42185 
0.255869 0.139575 0.979147 
216
1 1 1 1 1 0 1 
2.19069 7.4408 7.41568 10.6762 16.7271 13.1966 15.7766 
-0.921065 -0.230666 -0.861056 -0.107115 -0.372108 -0.73431 -0.5411 
220
0 0 0 
4.999 11.0516 2.32557 
0.256286 0.140701 0.993897 
224
0 0 0 
5.85335 2.18144 10.8242 
0.261164 1.01025 0.1398 
220
1 1 1 1 1 0 1 1 
2.31444 6.72134 8.25564 16.1674 11.0616 13.2278 11.235 9.9383 
-0.913343 -0.229033 -0.85845 -0.371107 -0.107124 -0.734159 -0.539247 -0.275332 
224
1 1 1 1 1 0 1 1 
1.95438 6.6413 9.57744 17.9229 10.5065 12.2749 10.2968 15.6253 
-0.90882 -0.229097 -0.864881 -0.373417 -0.107549 -0.731844 -0.540188 -0.0609188 
228
1 1 1 1 1 0 1 
2.16781 6.8913 9.88292 13.987 10.4805 12.2899 10.7464 
-0.905254 -0.229801 -0.864618 -0.370444 -0.107455 -0.73115 -0.53938 
232
1 1 1 1 1 0 1 
1.97579 5.66408 7.6047 16.2076 10.6501 10.7957 10.9391 
-0.910595 -0.238678 -0.861203 -0.371597 -0.106738 -0.730697 -0.537902 
228
0 0 0 
5.27115 8.84009 2.75773 
0.255927 0.136557 0.9386 
232
0 0 0 
5.37298 2.88574 9.81924 
0.254835 0.930167 0.147134 
236
1 1 1 1 1 0 
2.04801 5.8832 7.36997 11.396 16.2876 12.453 
-0.911877 -0.231475 -0.860842 -0.107421 -0.374168 -0.731616 
236
0 0 0 
5.59913 11.8983 2.5387 
0.253363 0.138155 0.971494 
240
0 0 0 
5.11281 2.18591 11.7319 
0.257971 1.00624 0.138095 
240
1 1 1 1 1 0 
2.01735 6.59321 7.96252 11.0318 17.3376 15.2817 
-0.910891 -0.230476 -0.858683 -0.108098 -0.372412 -0.739688 
244
0 0 0 
5.67948 2.48796 10.7161 
0.263746 0.989381 0.140996 
244
1 1 1 0 1 1 1 
1.93264 6.76033 10.1689 15.0816 12.9408 16.2146 11.4109 
-0.917614 -0.228822 -0.864745 -0.74011 -0.111499 -0.372295 -0.279674 
248
1 1 1 1 1 0 1 
2.02935 5.92359 10.3811 7.21843 16.1594 13.5608 10.4273 
-0.91221 -0.226361 -0.10516 -0.861157 -0.371024 -0.739822 -0.539358 
248
0 0 0 
5.29404 12.1934 2.37097 
0.258401 0.138175 0.993103 
252
1 1 1 0 1 1 1 1 
2.05074 6.68154 10.3535 11.6588 10.058 14.5113 10.6699 11.7975 
-0.917455 -0.230191 -0.868145 -0.733913 -0.106125 -0.371814 -0.539795 -0.281376 
252
0 0 0 
5.42855 2.5822 11.1035 
0.254239 0.967089 0.139789 
256
0 0 0 
5.20624 11.3598 2.94783 
0.257506 0.139613 0.948013 
256
1 1 1 1 1 0 1 1 
2.14411 7.08301 7.00515 16.469 11.2559 12.8317 15.7998 9.99022 
-0.915464 -0.229223 -0.859038 -0.37254 -0.538574 -0.734651 -0.278491 -0.106162 
260
1 1 1 1 1 
2.08784 7.35089 6.97705 10.255 14.9202 
-0.911722 -0.230242 -0.862264 -0.107552 -0.371773 
260
0 0 0 
5.55321 10.7794 2.70943 
0.254126 0.139911 0.959714 
264
1 1 1 1 1 0 1 
1.88888 6.80311 7.61436 10.5591 14.2512 14.0094 13.9636 
-0.911671 -0.229472 -0.861075 -0.106528 -0.371181 -0.739745 -0.540007 
264
0 0 0 
5.28928 2.21022 11.0033 
0.258089 1.00206 0.14049 
268
0 0 0 
5.19004 11.112 2.79073 
0.258927 0.139442 0.929868 
268
1 1 1 1 1 0 
1.9059 6.17552 6.81113 12.0359 18.1139 12.9245 
-0.922729 -0.228092 -0.862955 -0.105955 -0.372151 -0.738141 
272
1 1 1 1 1 1 0 
1.97206 6.62354 7.53168 11.1308 16.964 14.9073 12.7329 
-0.91346 -0.229293 -0.865985 -0.106997 -0.372451 -0.540915 -0.73841 
272
0 0 0 
5.36852 8.89666 2.19445 
0.256596 0.135831 0.995787 
276
0 0 0 
7.07929 10.2926 2.92941 
0.250045 0.141419 0.953444 
276
1 1 1 1 1 1 0 
1.95598 6.69758 7.25093 15.7882 15.1972 13.7583 12.9799 
-0.914868 -0.229146 -0.862406 -0.37156 -0.103966 -0.539884 -0.73353 
280
1 1 1 1 0 1 1 
2.10545 7.11353 7.45562 10.2886 13.1623 14.5845 10.3668 
-0.896999 -0.23077 -0.860455 -0.107012 -0.733458 -0.371032 -0.54168 
284
1 1 1 1 0 1 1 
2.21978 6.72681 6.8979 17.3296 12.3629 10.5848 11.4455 
-0.906979 -0.23049 -0.861676 -0.372054 -0.737486 -0.108252 -0.540115 
288
1 1 1 1 1 0 1 
2.04647 7.32289 7.48854 16.6379 8.89053 10.9422 11.0941 
-0.91498 -0.231749 -0.86061 -0.37239 -0.111648 -0.733823 -0.543323 
280
0 0 0 
6.0434 11.6533 2.37593 
0.250381 0.138006 0.982113 
284
0 0 0 
6.15205 2.2805 10.2446 
0.248135 0.99855 0.146777 
288
0 0 0 
5.60784 2.17074 10.6552 
0.25543 1.00295 0.139794 
292
1 1 1 1 0 1 1 
2.17126 6.70236 7.0592 15.5008 13.8098 10.2412 14.1325 
-0.915478 -0.231489 -0.859106 -0.371094 -0.729715 -0.106556 -0.540132 
292
0 0 0 
5.32504 2.53321 10.9466 
0.255894 0.97193 0.140652 
296
1 1 1 1 0 1 1 
2.06751 6.54143 7.17449 13.8117 14.3486 14.5548 10.9963 
-0.913279 -0.230015 -0.859777 -0.370061 -0.7348 -0.539715 -0.106965 
296
0 0 0 
5.37413 10.4223 3.09648 
0.256954 0.141299 0.923028 
300
1 1 1 1 1 0 1 
2.13536 7.026 7.36196 16.7545 10.8168 12.1921 13.1227 
-0.907886 -0.230856 -0.861133 -0.37222 -0.107056 -0.738056 -0.539941 
300
0 0 0 
6.08098 2.8779 11.4716 
0.25011 0.953588 0.138675 
304
1 1 1 1 1 0 1 
2.17434 5.57836 7.40939 16.6974 11.1799 14.2507 13.6776 
-0.911385 -0.237151 -0.86117 -0.372599 -0.106889 -0.734728 -0.539893 
304
0 0 0 
5.38767 9.62299 2.19168 
0.266364 0.150287 1.00343 
308
1 1 1 0 1 1 1 
2.21606 6.12134 7.61537 13.8792 17.2627 11.3676 15.8659 
-0.912164 -0.228592 -0.858945 -0.730563 -0.379602 -0.107914 -0.54162 
308
0 0 0 
5.41788 10.554 2.31931 
0.254066 0.143224 0.996618 
312
0 0 0 
5.10631 2.73468 11.1953 
0.258708 0.960866 0.139124 
312
1 1 1 1 0 1 1 
2.15654 6.97268 9.08751 16.8514 13.2511 10.4562 11.1761 
-0.910112 -0.230003 -0.86403 -0.374643 -0.732796 -0.108259 -0.538809 
316
0 0 0 
6.25683 11.1573 2.23241 
0.248406 0.139004 1.00266 
316
1 1 1 1 1 0 1 
2.20573 7.08128 7.60175 16.8361 11.0396 11.6839 9.70713 
-0.916323 -0.230196 -0.859607 -0.378426 -0.10815 -0.731799 -0.542153 
320
1 1 1 0 1 1 1 
1.8086 6.77483 8.40939 11.3488 15.2957 14.6959 10.2589 
-0.91669 -0.225283 -0.865005 -0.728275 -0.371415 -0.540061 -0.108568 
320
0 0 0 
5.84015 2.61251 11.1679 
0.261905 0.958811 0.139546 
324
0 0 0 
5.14406 2.13832 11.5605 
0.26936 1.00811 0.13867 
324
1 1 1 1 1 0 1 
1.92127 7.13987 7.56536 13.2893 9.77633 13.0519 12.8482 
-0.908072 -0.230005 -0.861445 -0.368893 -0.109216 -0.730363 -0.542237 
328
0 0 0 
5.61478 2.20696 11.6077 
0.252675 1.00439 0.139008 
328
1 1 1 1 0 1 1 
2.13583 6.62227 10.4318 17.8183 10.8977 11.6404 14.4594 
-0.912706 -0.229591 -0.864677 -0.373161 -0.736087 -0.107292 -0.541309 
332
1 1 1 1 1 0 1 
2.16946 5.31695 10.3845 17.4734 9.5815 13.2052 14.4982 
-0.919821 -0.230428 -0.861043 -0.378164 -0.105271 -0.733576 -0.545225 
332
0 0 0 
5.73199 11.5306 2.12714 
0.257141 0.137947 1.00764 
336
1 1 1 1 1 0 1 
2.03244 6.61674 9.12783 17.7405 9.42412 11.2477 14.5186 
-0.916691 -0.229092 -0.860204 -0.373352 -0.10756 -0.735375 -0.541216 
336
0 0 0 
6.52445 2.19223 8.82497 
0.251767 1.00782 0.151707 
340
1 1 1 0 1 1 1 
2.03071 6.8298 7.60182 11.5052 15.7542 11.9297 11.4399 
-0.911592 -0.225946 -0.860529 -0.735059 -0.372902 -0.107087 -0.535565 
340
0 0 0 
7.06952 9.03072 2.44812 
0.246387 0.139943 0.993735 
344
1 1 1 1 0 1 1 
2.05902 7.17578 7.75615 15.5337 12.8163 10.1277 12.4163 
-0.913302 -0.231059 -0.860452 -0.371425 -0.734194 -0.106537 -0.535673 
348
1 1 1 0 1 1 1 
2.26473 7.09463 10.4806 13.356 18.2118 9.65316 12.8306 
-0.919088 -0.232075 -0.861926 -0.730843 -0.373455 -0.108228 -0.540328 
352
1 1 1 1 1 0 1 
1.98057 7.50125 7.25365 18.2693 10.4374 12.2683 14.4051 
-0.919666 -0.231457 -0.860281 -0.374123 -0.105675 -0.732682 -0.540773 
344
0 0 0 
5.60366 2.52593 11.5394 
0.259322 0.974749 0.137577 
348
0 0 
5.17804 10.544 
0.254913 0.145568 
352
0 0 0 
5.53923 2.81033 11.682 
0.260004 0.959106 0.137605 
356
0 0 0 
5.6006 11.6836 2.73214 
0.253358 0.137543 0.960815 
356
1 1 1 1 0 1 1 
2.23518 6.71328 9.5323 10.3843 11.2741 16.7624 13.7474 
-0.919261 -0.229576 -0.8684 -0.108425 -0.734992 -0.372279 -0.540814 
360
0 0 0 
5.7512 11.5231 2.90581 
0.257398 0.139095 0.956034 
360
1 1 1 1 0 1 1 
2.21207 6.87878 9.29177 16.8905 12.021 10.823 13.7011 
-0.915492 -0.22585 -0.864275 -0.373566 -0.728877 -0.106312 -0.541204 
364
0 0 0 
5.43304 11.7232 2.09738 
0.254929 0.138087 1.00795 
364
1 1 1 0 1 1 1 
1.91771 6.76506 7.79322 13.4114 16.7467 14.1403 10.2267 
-0.915194 -0.228783 -0.860483 -0.733081 -0.373857 -0.540277 -0.104153 
368
1 1 1 1 1 0 1 
2.04701 5.84332 7.79613 9.71287 16.4819 12.4961 14.8905 
-0.912978 -0.23096 -0.861159 -0.107394 -0.372752 -0.733847 -0.541569 
368
0 0 0 
5.58846 10.8365 2.64662 
0.256563 0.143789 0.966747 
372
0 0 0 
5.92564 10.4833 2.75783 
0.256357 0.140714 0.955276 
372
1 1 1 1 0 1 1 
2.09893 7.51963 7.29489 10.1194 12.8096 15.9153 9.69625 
-0.913796 -0.231796 -0.860485 -0.107094 -0.73016 -0.37207 -0.536202 
376
0 0 0 
5.50684 11.6747 2.90304 
0.254033 0.138423 0.950796 
376
1 1 1 1 0 1 1 
2.12991 5.51294 7.71002 17.778 13.2842 14.6029 8.32057 
-0.915841 -0.22998 -0.856842 -0.373044 -0.730598 -0.54092 -0.116479 
380
0 0 0 
5.20256 2.76069 9.76096 
0.256414 0.957919 0.1474 
380
1 1 1 1 0 1 
2.01441 6.89868 7.72312 14.8528 11.1467 10.2169 
-0.920267 -0.231036 -0.860378 -0.37136 -0.733027 -0.106813 
384
1 1 1 0 1 1 1 
2.02249 6.65401 7.37543 11.0965 13.8863 9.79829 10.3529 
-0.918801 -0.228801 -0.864514 -0.734277 -0.370571 -0.109753 -0.54002 
384
0 0 0 
7.03148 11.532 2.74219 
0.249219 0.143264 0.963022 
388
1 1 1 1 0 1 1 
1.97265 7.32205 8.00098 15.6374 12.5636 9.75126 11.4101 
-0.915619 -0.229894 -0.862899 -0.371862 -0.734026 -0.106753 -0.537859 
388
0 0 0 
5.77182 10.8383 2.77077 
0.25219 0.139914 0.962495 
392
1 1 1 0 1 1 1 
2.02409 7.09748 7.79949 11.7447 18.6667 14.4402 12.3087 
-0.911999 -0.229468 -0.860305 -0.734052 -0.372649 -0.541359 -0.111368 
392
0 0 0 
5.32842 2.92906 11.5328 
0.25616 0.948383 0.138622 
396
0 0 0 
5.55372 2.73639 11.1531 
0.254244 0.961604 0.138584 
396
1 1 1 1 0 1 1 
2.21203 7.14682 9.28429 16.7521 12.8964 14.205 11.2587 
-0.909122 -0.230888 -0.863925 -0.372315 -0.729919 -0.540114 -0.107827 
400
1 1 1 0 1 1 1 
2.14121 7.16663 6.52141 12.3368 10.7487 16.0445 13.9726 
-0.908354 -0.230957 -0.860383 -0.734366 -0.104929 -0.372377 -0.542769 
400
0 0 0 
6.5688 10.3558 2.45617 
0.251575 0.140433 0.981515 
404
1 1 1 0 1 1 1 
1.89894 7.08465 7.67213 14.8783 10.4912 17.8379 14.4609 
-0.919113 -0.231694 -0.859718 -0.734576 -0.107773 -0.372612 -0.541085 
404
0 0 0 
6.58483 10.6805 2.75898 
0.247365 0.140143 0.956645 
408
0 0 0 
5.47374 11.3416 2.54357 
0.261594 0.139052 0.966914 
408
1 1 1 1 1 0 1 
2.16197 5.37611 7.94151 9.58933 17.8929 13.1776 15.1553 
-0.91606 -0.238976 -0.860936 -0.108947 -0.372995 -0.734563 -0.540543 
412
0 0 0 
6.48882 2.77493 10.9772 
0.252682 0.954156 0.139561 
412
1 1 1 1 1 0 1 
2.02295 6.87028 7.16378 16.5993 10.2607 12.8195 11.4755 
-0.916825 -0.229558 -0.862139 -0.372538 -0.105818 -0.734131 -0.536501 
416
1 1 1 1 1 0 1 
2.10493 6.65298 6.70305 9.89225 17.0359 11.265 9.27012 
-0.917771 -0.229659 -0.860701 -0.106898 -0.372976 -0.732421 -0.540027 
416
0 0 0 
6.26855 2.66882 10.599 
0.253144 0.962681 0.144632 
420
1 1 1 1 1 0 1 1 
2.32029 5.62627 7.66333 9.63858 17.4857 12.4745 12.5852 12.7284 
-0.912072 -0.230312 -0.859826 -0.108778 -0.374231 -0.733725 -0.281716 -0.536657 
420
0 0 0 
6.15163 11.1111 2.40517 
0.258863 0.139254 0.971724 
424
0 0 0 
6.58977 11.1493 2.47462 
0.256216 0.139444 0.985523 
424
1 1 1 1 0 1 1 
2.0006 7.1467 7.49633 18.1289 13.526 14.3452 9.83191 
-0.911628 -0.230775 -0.861031 -0.37319 -0.732594 -0.540573 -0.107081 
428
1 1 1 1 0 1 1 
2.22474 6.75047 7.53953 14.2326 13.3808 10.7337 13.7404 
-0.914576 -0.228794 -0.85996 -0.370604 -0.730662 -0.106926 -0.539666 
428
0 0 0 
4.99842 2.70856 11.3673 
0.258006 0.956994 0.139401 
432
0 0 0 
7.08885 10.4801 2.77711 
0.248648 0.143103 0.958994 
432
1 1 1 1 0 1 1 
1.98999 7.13905 7.46435 15.0608 12.6163 10.2647 9.03764 
-0.914945 -0.229771 -0.862546 -0.371223 -0.73325 -0.106969 -0.540483 
436
1 1 1 1 0 1 
2.1357 6.19843 7.83382 15.3214 12.5179 9.91008 
-0.912707 -0.227915 -0.861223 -0.371292 -0.730662 -0.107297 
436
0 0 0 
5.77333 3.01829 11.3005 
0.252656 0.942054 0.138888 
440
0 0 0 
5.76765 8.41985 2.88868 
0.251892 0.14821 0.945312 
440
1 1 1 1 0 1 1 
2.20177 6.64164 9.77535 13.6228 12.3821 9.84627 10.4131 
-0.922646 -0.230227 -0.864385 -0.371207 -0.728221 -0.106272 -0.540654 
444
1 1 1 1 0 1 1 
2.1934 6.51061 7.65208 16.6421 12.3563 12.0426 14.2081 
-0.909102 -0.229764 -0.862542 -0.371636 -0.733499 -0.105894 -0.541402 
444
0 0 0 
5.22927 2.76618 9.01823 
0.258069 0.956802 0.146004 
448
0 0 0 
5.43619 2.6727 10.5236 
0.254849 0.959857 0.140576 
452
0 0 0 
6.30709 2.72959 10.0878 
0.246879 0.953963 0.146578 
448
1 1 1 0 1 1 1 
2.4833 6.74159 7.95203 12.9106 16.2193 14.9811 9.62092 
-0.913958 -0.229921 -0.860168 -0.736805 -0.373039 -0.540953 -0.107928 
452
1 1 1 1 0 1 
2.005 6.53911 8.67977 16.7278 12.9445 9.63527 
-0.909961 -0.228714 -0.860804 -0.371759 -0.731676 -0.10673 
456
0 0 0 
5.80764 10.7997 2.59511 
0.252219 0.14054 0.96405 
456
1 1 1 1 0 1 1 
2.02225 6.85214 9.90716 16.2334 11.563 10.5159 10.6603 
-0.912248 -0.230857 -0.861044 -0.372763 -0.727888 -0.108339 -0.539212 
460
1 1 1 1 1 0 1 
1.92732 6.57397 7.67804 10.7178 16.6105 10.9981 9.96601 
-0.907258 -0.228546 -0.856813 -0.107713 -0.372166 -0.731087 -0.284677 
460
0 0 0 
5.8862 2.62555 10.8054 
0.250408 0.962044 0.140117 
464
1 1 1 1 0 1 1 
2.22144 6.80663 7.49201 15.6305 12.3429 12.701 10.7339 
-0.89905 -0.23064 -0.861875 -0.371082 -0.73777 -0.109886 -0.538422 
468
1 1 1 0 1 1 1 
2.08695 6.73807 7.3685 14.1345 17.2262 10.9169 14.6255 
-0.910287 -0.229211 -0.860399 -0.739354 -0.372705 -0.106321 -0.540164 
464
0 0 0 
5.16255 11.3781 2.62835 
0.256506 0.138382 0.971651 
468
0 0 0 
5.86305 2.63969 10.0286 
0.253436 0.969585 0.141945 
472
1 1 1 1 0 
2.10201 6.47916 7.5301 17.7631 12.931 
-0.915725 -0.227254 -0.860241 -0.372939 -0.734027 
472
0 0 0 
5.81502 2.54163 10.2494 
0.261025 0.969255 0.142164 
476
0 0 0 
5.99089 9.39736 2.62449 
0.25082 0.134168 0.96168 
476
1 1 1 1 1 0 1 
1.92616 7.3726 7.6261 10.4724 14.6488 11.6446 14.449 
-0.916825 -0.230125 -0.8597 -0.108397 -0.369906 -0.736832 -0.540846 
480
1 1 1 1 0 1 
2.07726 6.79222 7.16068 15.1153 12.2509 11.756 
-0.909044 -0.229449 -0.860473 -0.373269 -0.728886 -0.111387 
480
0 0 0 
5.88595 2.68049 9.71229 
0.251896 0.961017 0.14222 
484
0 0 0 
5.25292 12.149 2.47546 
0.2562 0.13937 0.975293 
484
1 1 1 1 1 0 1 
2.05012 6.89695 12.3172 11.0499 15.4732 13.0577 11.0257 
-0.912024 -0.229923 -0.865465 -0.105534 -0.373377 -0.733082 -0.541462 
488
1 1 1 1 1 0 1 
2.1542 6.82898 10.4926 15.8903 9.46205 10.7918 11.4405 
-0.912187 -0.230217 -0.863847 -0.371902 -0.106026 -0.733258 -0.543211 
492
1 1 1 0 1 1 1 
2.25059 6.22504 7.51127 15.9388 17.1289 14.681 10.6517 
-0.913401 -0.227043 -0.860756 -0.740242 -0.371828 -0.540984 -0.106825 
496
1 1 1 1 0 1 1 
1.97147 7.16089 7.33709 16.134 12.2437 9.56194 13.783 
-0.915177 -0.229474 -0.860641 -0.372795 -0.733923 -0.107931 -0.539662 
488
0 0 0 
6.07956 2.63942 10.796 
0.250557 0.960285 0.140679 
492
0 0 0 
5.97639 10.984 2.62077 
0.249479 0.144301 0.96332 
496
0 0 0 
5.4686 9.94522 2.71333 
0.254685 0.146618 0.959524 
500
1 1 1 0 1 1 1 
2.12759 6.72049 7.32468 12.6302 10.6149 15.603 12.9805 
-0.916348 -0.230321 -0.859144 -0.727448 -0.10798 -0.379535 -0.539876 
500
0 0 0 
5.65538 10.5692 2.75742 
0.262531 0.145762 0.950194 
504
0 0 0 
6.42895 8.92903 2.70663 
0.248768 0.135066 0.955429 
504
1 1 1 1 0 1 
2.12909 6.06519 9.60952 18.4255 12.2226 12.6955 
-0.913677 -0.227974 -0.861015 -0.377751 -0.733447 -0.112515 
508
0 0 0 
5.71387 11.3913 3.00444 
0.262103 0.139961 0.947397 
512
0 0 0 
5.73856 11.2713 2.67544 
0.257901 0.138353 0.965266 
508
1 1 1 1 0 1 1 
2.33554 6.58065 6.71115 17.1094 12.7082 10.19 10.324 
-0.911638 -0.229179 -0.861133 -0.372599 -0.733757 -0.107804 -0.53872 
512
1 1 1 1 1 0 1 
2.29396 7.72184 7.7215 10.0946 16.2212 11.7594 14.3222 
-0.915888 -0.232004 -0.86055 -0.107849 -0.372581 -0.731506 -0.543796 
516
1 1 1 1 1 1 0 
2.08894 6.63573 7.99972 17.6533 9.75295 13.9332 14.6728 
-0.912208 -0.228548 -0.86103 -0.37298 -0.108517 -0.543449 -0.734555 
516
0 0 0 
6.30297 10.7001 2.67018 
0.256498 0.140627 0.962517 
520
0 0 0 
5.15797 10.7622 2.71396 
0.257481 0.140537 0.959921 
520
1 1 1 1 1 0 1 
2.33709 6.4606 8.94886 15.9255 9.75082 13.7172 14.0623 
-0.915357 -0.228776 -0.863655 -0.371139 -0.107842 -0.736942 -0.539829 
524
0 0 0 
5.4858 2.91054 9.9371 
0.259533 0.951199 0.147189 
524
1 1 1 1 0 1 1 
2.21093 6.7795 7.66607 18.7409 11.1736 13.6031 9.85114 
-0.904967 -0.230239 -0.861218 -0.373539 -0.731538 -0.540379 -0.106452 
528
1 1 1 1 1 0 1 
2.10829 7.30357 8.01338 14.2103 7.48641 14.7845 14.7525 
-0.909097 -0.227057 -0.859333 -0.370667 -0.113088 -0.730656 -0.542484 
528
0 0 0 
5.49683 2.91946 9.93078 
0.25483 0.953468 0.147649 
532
0 0 0 
5.4321 2.68472 11.2548 
0.258477 0.972168 0.139271 
532
1 1 1 1 1 1 0 
2.20728 6.43602 7.52713 16.0224 14.2364 10.0179 13.7818 
-0.914093 -0.229884 -0.860906 -0.370829 -0.541521 -0.113744 -0.730175 
536
1 1 1 1 1 1 0 
2.12892 6.70398 8.06534 14.3859 9.0214 13.5609 12.4742 
-0.915064 -0.229763 -0.863516 -0.369734 -0.115417 -0.540767 -0.734766 
536
0 0 0 
6.32979 10.4363 3.204 
0.252129 0.145715 0.944781 
540
0 0 0 
6.43448 3.24818 8.21726 
0.251419 0.938479 0.150432 
540
1 1 1 0 1 1 1 
2.33538 6.43792 14.596 14.5974 7.49832 10.0118 9.39453 
-0.90488 -0.228704 -0.369955 -0.73016 -0.860846 -0.542597 -0.104717 
544
1 1 1 1 0 1 1 
2.29508 6.77909 7.4906 16.354 12.9393 14.9021 9.06148 
-0.914737 -0.230936 -0.860513 -0.379633 -0.735383 -0.540728 -0.102064 
548
1 1 1 1 1 0 1 
2.04439 7.1336 7.94865 14.1414 12.7111 11.6763 9.07448 
-0.912502 -0.226252 -0.85899 -0.541159 -0.367866 -0.729804 -0.101461 
552
1 1 1 1 0 1 
2.0575 5.01709 7.17991 15.0075 10.7295 13.7423 
-0.907059 -0.231545 -0.860275 -0.371638 -0.736249 -0.540604 
556
1 1 1 0 1 1 1 1 
2.38831 6.45038 10.1799 10.2178 16.0606 9.9375 14.1203 10.5185 
-0.911828 -0.229788 -0.864996 -0.730759 -0.372442 -0.106655 -0.53976 -0.285062 
560
1 1 1 1 0 1 1 
2.46391 7.31535 10.0282 17.1215 11.1446 11.0419 9.88431 
-0.910585 -0.231607 -0.86141 -0.374483 -0.731347 -0.537835 -0.105828 
564
1 1 1 1 0 1 
2.09969 6.61388 7.8476 17.0322 13.2588 12.9475 
-0.913536 -0.230473 -0.85887 -0.372463 -0.731583 -0.539924 
544
0 0 0 
6.36801 11.0571 2.85766 
0.25151 0.143964 0.958358 
548
0 0 0 
7.20509 11.0104 3.03915 
0.249398 0.142716 0.944403 
552
0 0 0 
4.98516 10.263 2.98149 
0.258319 0.145706 0.946578 
556
0 0 0 
6.09887 12.0738 2.77957 
0.249193 0.137991 0.955329 
560
0 0 0 
5.20592 2.99479 10.9916 
0.25683 0.950741 0.139771 
564
0 0 0 
6.60501 2.60285 10.8252 
0.250004 0.969491 0.140058 
568
0 0 0 
5.1322 3.21966 11.4846 
0.257962 0.943878 0.142271 
572
0 0 0 
6.00457 2.68306 11.3684 
0.250839 0.954653 0.137913 
568
1 1 1 1 0 1 1 
2.12449 6.91278 8.43404 12.5004 12.5815 14.3422 10.2238 
-0.908646 -0.225013 -0.861104 -0.368289 -0.732081 -0.541744 -0.104846 
572
1 1 1 1 0 1 
2.18559 6.89468 7.92406 15.0773 11.2929 9.9436 
-0.910005 -0.230031 -0.864441 -0.373198 -0.732183 -0.105265 
576
1 1 1 1 0 1 1 
2.10558 7.52168 7.18929 14.4247 12.5192 9.52167 12.9654 
-0.920668 -0.231092 -0.860715 -0.37111 -0.734378 -0.105605 -0.539877 
576
0 0 0 
5.67954 2.57452 10.7219 
0.257417 0.966873 0.145196 
580
1 1 1 1 0 
2.06979 6.84437 7.19254 14.355 11.1456 
-0.911117 -0.229398 -0.859619 -0.370398 -0.737173 
580
0 0 0 
5.22046 11.8298 2.66531 
0.255483 0.137686 0.974232 
584
0 0 0 
5.19408 2.24975 10.8515 
0.256869 0.998153 0.14348 
584
1 1 1 1 0 1 
2.05613 6.63014 15.9242 7.68706 12.9885 14.7819 
-0.915629 -0.225019 -0.370937 -0.860669 -0.736908 -0.541613 
588
0 0 0 
6.07774 10.976 2.5551 
0.258068 0.139644 0.965583 
588
1 1 1 1 0 1 1 
2.30075 7.18528 7.02492 14.3049 11.6561 14.1105 10.1977 
-0.915724 -0.225485 -0.859766 -0.371597 -0.730044 -0.539435 -0.104588 
592
0 0 0 
5.00614 11.3841 2.88309 
0.258966 0.136378 0.948805 
592
1 1 1 1 1 0 1 
1.9833 6.99699 10.886 7.46853 14.8513 14.2422 11.0292 
-0.915834 -0.231493 -0.862383 -0.116 -0.371171 -0.734775 -0.535387 
596
0 0 0 
5.53242 2.63293 11.0203 
0.258914 0.961875 0.139368 
596
1 1 1 1 1 
1.92883 7.02064 7.99876 14.8839 10.0638 
-0.915469 -0.230024 -0.858686 -0.370151 -0.106105 
600
0 0 0 
6.50547 9.70963 2.21323 
0.250602 0.141601 1.00778 
600
1 1 1 1 1 1 0 
2.05016 6.77941 8.70703 15.912 8.82892 13.5222 13.7194 
-0.910992 -0.229794 -0.860265 -0.373338 -0.115684 -0.541566 -0.730706 
604
1 1 1 1 0 1 1 1 
1.95205 5.54518 9.89512 10.5747 12.3987 17.436 13.031 10.5745 
-0.909686 -0.235963 -0.867898 -0.106695 -0.733203 -0.37771 -0.274354 -0.537253 
604
0 0 0 
5.36677 12.4836 2.61504 
0.254907 0.137036 0.974773 
608
1 1 1 1 0 1 1 
1.76007 6.441 9.13383 13.2521 13.1783 12.6902 9.06229 
-0.925912 -0.228108 -0.863318 -0.373182 -0.734104 -0.112298 -0.541813 
608
0 0 0 
6.06585 9.27034 2.43187 
0.256915 0.136334 0.987995 
612
1 1 1 1 0 1 1 1 
2.10731 5.68033 9.13076 11.1986 13.4627 12.6792 13.0418 13.871 
-0.923224 -0.230324 -0.861549 -0.544126 -0.733972 -0.111371 -0.374469 -0.277488 
612
0 0 0 
5.97424 10.588 2.44503 
0.251422 0.140128 0.998235 
616
0 0 0 
5.37295 10.897 2.92129 
0.258943 0.139351 0.908225 
616
1 1 1 1 1 1 0 1 1 0 
6.23033 2.31473 9.05794 10.9274 12.3912 23.6486 11.9205 15.611 24.2279 10.7277 
-0.228839 -0.923746 -0.860092 -0.541039 -0.111342 -0.37308 -0.745166 -0.383915 -0.283841 -0.737615 
620
1 1 1 1 1 1 0 
6.48397 7.63658 1.78481 12.7059 15.6628 10.7796 10.871 
-0.229187 -0.860412 -0.947791 -0.111691 -0.377002 -0.537805 -0.74063 
620
0 0 0 
5.91154 10.5592 2.87848 
0.251529 0.143994 0.984085 
624
0 0 0 
5.55741 10.3403 2.60201 
0.253606 0.145907 0.96564 
624
1 1 1 1 1 1 0 0 1 
6.6207 2.0873 8.04534 16.2824 12.5665 12.091 13.4138 10.8547 15.3512 
-0.227924 -0.95681 -0.869201 -0.377143 -0.112377 -0.547644 -0.738054 -0.733941 -0.276061 
628
1 1 1 1 0 1 1 
6.60119 8.43045 15.9945 10.993 12.0477 12.1079 20.409 
-0.235861 -0.872656 -0.377673 -0.548636 -0.736431 -0.11224 -0.27927 
628
0 0 
6.50988 8.39002 
0.246957 0.149579 
632
1 1 1 1 1 0 
6.29596 10.1883 13.5503 11.1164 12.4912 13.0869 
-0.234017 -0.881844 -0.372854 -0.550697 -0.108955 -0.748215 
632
0 0 
6.01027 10.6583 
0.258782 0.145551 
636
1 1 1 1 0 1 
7.09565 10.7485 12.259 15.8524 13.4688 10.1433 
-0.232273 -0.880183 -0.111075 -0.385922 -0.744925 -0.554837 
636
0 0 
5.29907 11.1847 
0.260828 0.142682 
640
0 0 
6.01704 10.2697 
0.257547 0.143701 
640
1 1 1 0 1 0 1 
7.40662 7.123 9.91514 10.4285 12.2153 11.8735 18.5226 
-0.899248 -0.239992 -0.558138 -0.746553 -0.115462 -0.755971 -0.383977 
644
1 1 1 1 0 0 1 
10.8518 6.07019 11.6614 13.3173 14.6165 9.73458 14.5438 
-0.897046 -0.238791 -0.114253 -0.378688 -0.751799 -0.751779 -0.557062 
644
0 0 
5.05263 12.4948 
0.260178 0.134998 
648
0 0 
6.78827 11.2977 
0.264125 0.13706 
648
1 1 1 1 0 1 
6.92401 9.80962 11.5537 17.0132 11.1935 12.8782 
-0.24294 -0.901841 -0.115775 -0.388201 -0.750384 -0.557542 
652
1 1 1 1 1 0 
5.55208 9.88257 12.8912 5.62269 15.1515 11.3462 
-0.250688 -0.1152 -0.565426 -0.915707 -0.38533 -0.755349 
652
0 0 
5.27889 10.325 
0.272709 0.138779 
656
0 0 
4.9434 10.379 
0.275616 0.145174 
656
1 1 0 1 1 1 
6.02271 10.1341 15.1617 10.495 16.0838 13.1709 
-0.256677 -0.11751 -0.767906 -0.578044 -0.389915 -0.0706316 
660
0 0 
4.50965 10.7738 
0.28689 0.14877 
660
1 0 1 1 1 
6.55101 12.5615 9.07192 11.8153 15.8603 
-0.266274 -0.775994 -0.115176 -0.573551 -0.396003 
664
1 1 1 0 1 
6.28234 14.0183 11.3818 13.2653 19.3366 
-0.279094 -0.580865 -0.123657 -0.778572 -0.0690992 
664
0 0 
5.36325 10.3689 
0.280235 0.142833 
668
0 0 
4.63038 9.68252 
0.287905 0.142363 
668
1 1 0 1 0 1 
5.36102 15.7425 15.0294 10.7348 9.46154 16.8995 
-0.278619 -0.405024 -0.791261 -0.127271 -0.783261 -0.0500497 
672
1 1 0 1 1 1 
4.64228 11.0998 14.2774 15.2488 11.5437 16.0253 
-0.277851 -0.596406 -0.798045 -0.403524 -0.131105 -0.0429768 
676
1 1 1 0 1 
5.48694 9.93829 11.2622 11.6891 17.2971 
-0.301799 -0.605364 -0.132644 -0.799306 -0.409788 
680
1 1 1 1 
4.74281 10.41 10.3278 15.3898 
-0.304819 -0.607986 -0.130421 -0.413307 
684
1 1 1 0 1 
4.65068 9.49302 9.75921 12.6409 14.347 
-0.319586 -0.616116 -0.134026 -0.811339 -0.421023 
672
0 0 
5.19835 9.15285 
0.284733 0.141599 
676
0 0 
4.48436 7.26828 
0.292722 0.151537 
680
0 0 
5.85056 8.91239 
0.293084 0.150023 
684
0 0 
4.84079 8.83008 
0.312814 0.142746 
688
0 0 
4.60168 10.1534 
0.325724 0.148324 
688
1 1 1 0 1 0 
5.00795 9.49011 10.7671 14.6069 14.9471 15.3684 
-0.317208 -0.619532 -0.141118 -0.833058 -0.428832 -0.603928 
692
0 0 
4.50257 8.62659 
0.326741 0.149007 
696
0 0 
4.31058 9.93341 
0.337328 0.156971 
700
0 0 1 
4.23478 9.61329 6.47865 
0.355496 0.159668 0.848165 
692
1 0 1 1 1 0 
4.70883 9.82763 11.6018 8.82141 14.3098 17.9377 
-0.335951 -0.830732 -0.635932 -0.149127 -0.432189 -0.610598 
696
1 1 1 1 0 0 
4.22163 10.8731 9.13125 14.7873 10.7146 15.2754 
-0.346907 -0.640806 -0.150814 -0.435521 -0.844592 -0.611686 
700
1 1 1 1 0 
4.42331 10.7371 7.61907 14.9701 8.35972 
-0.371456 -0.65513 -0.150451 -0.441071 -0.85284 
704
1 1 1 0 1 
4.23611 8.60011 9.43073 11.8486 14.0373 
-0.37643 -0.666523 -0.153571 -0.868865 -0.440647 
704
0 0 
4.37035 8.92265 
0.358285 0.161132 
708
1 1 1 1 0 0 
4.08454 7.81516 11.8869 14.0939 14.6622 16.5154 
-0.398716 -0.163744 -0.680897 -0.443553 -0.87668 -0.630412 
708
0 0 
3.91991 9.58908 
0.392646 0.161638 
712
0 0 1 
3.30139 9.4688 8.79951 
0.414853 0.165796 0.893083 
712
1 1 1 1 0 0 1 
4.00836 6.69556 7.56603 13.2643 10.9925 14.1595 15.2719 
-0.416804 -0.686396 -0.157371 -0.458596 -0.889479 -0.639343 -0.0927631 
716
0 0 1 0 
2.70521 8.60697 9.48469 11.0367 
0.456461 0.174277 0.907131 0.110272 
716
1 1 1 1 0 1 1 0 
3.40092 10.7332 10.8612 17.5538 11.4691 20.9029 10.9465 12.3477 
-0.445275 -0.692915 -0.167629 -0.465348 -0.894511 -0.338602 -0.0878693 -0.643713 
720
0 0 1 
3.4506 8.22937 11.8656 
0.454997 0.17944 0.916027 
720
1 1 1 1 1 1 1 0 
3.33247 12.3625 9.10526 11.8618 16.0606 22.2574 15.9198 13.1553 
-0.454645 -0.160086 -0.716666 -0.473419 -0.464734 -0.337859 -0.0977925 -0.649003 
724
1 1 1 1 1 1 1 0 
3.17702 8.20222 8.32843 10.066 13.0272 12.7015 17.4771 11.428 
-0.47733 -0.168231 -0.719472 -0.466429 -0.469056 -0.100244 -0.341268 -0.650437 
724
0 0 0 
3.39559 8.47493 11.9512 
0.481281 0.188427 0.112539 
728
1 1 1 1 1 0 1 1 1 
3.50356 8.76877 10.3287 11.643 16.7284 18.2681 14.2243 11.1749 18.9042 
-0.514316 -0.18675 -0.736174 -0.481079 -0.476762 -0.664897 -0.335179 -0.0885669 -0.057859 
728
0 0 0 
2.71377 7.60407 12.5989 
0.533162 0.194745 0.122016 
732
0 0 0 
2.64467 6.27238 13.3367 
0.564279 0.207025 0.117913 
732
1 1 1 1 0 1 
3.20778 7.95332 7.09587 11.3794 17.0806 14.4744 
-0.54941 -0.747407 -0.173992 -0.492885 -0.674658 -0.341671 
736
1 1 1 1 0 1 
3.00438 10.2324 7.29942 13.1875 14.0869 14.1688 
-0.592624 -0.766403 -0.186011 -0.496401 -0.67606 -0.0967249 
736
0 0 0 
2.61778 8.76511 12.1191 
0.591134 0.205485 0.121069 
740
1 1 1 0 1 
2.7351 10.0618 7.67588 9.19734 13.2837 
-0.636737 -0.782142 -0.192865 -0.683101 -0.494614 
740
0 0 0 0 
2.46287 6.40678 10.8377 13.4977 
0.648682 0.223151 0.125527 0.0994223 
744
0 0 0 0 
1.8682 6.75572 11.7551 18.9625 
0.742104 0.228159 0.135812 0.0922717 
744
1 1 1 1 0 
2.63088 6.36987 10.6275 9.05231 11.4721 
-0.694587 -0.19582 -0.797656 -0.49762 -0.697026 
748
0 0 
2.15015 6.33347 
0.78298 0.236214 
748
1 1 1 0 1 1 
2.65424 7.89045 9.37256 16.3265 9.06877 12.8025 
-0.760347 -0.210392 -0.817061 -0.70794 -0.510262 -0.099998 
752
1 1 1 1 1 
2.38455 8.94873 7.15312 9.46375 14.5719 
-0.83538 -0.838324 -0.212891 -0.519917 -0.110325 
756
1 1 1 1 1 0 1 
1.8592 7.46119 8.34305 13.7553 13.5381 11.4131 20.552 
-0.915933 -0.225346 -0.858526 -0.0594189 -0.539185 -0.733508 -0.375283 
752
0 0 
1.84805 6.13304 
0.859847 0.241672 
756
0 0 
5.15724 2.52625 
0.243402 0.94624 
760
0 0 
5.63364 5.33484 
0.257491 0.956009 
760
1 1 0 1 0 1 
6.7854 10.1963 11.5928 15.262 10.7465 15.6574 
-0.234873 -0.893099 -0.751285 -0.0638805 -0.746518 -0.547734 
764
1 0 1 1 1 1 1 
6.22867 10.4134 11.8155 12.5798 16.5917 5.55994 16.5758 
-0.253162 -0.761212 -0.56458 -0.115326 -0.0679649 -0.918013 -0.391919 
764
0 
6.62643 
0.265038 
768
0 0 0 0 
5.31962 10.4726 14.007 5.65334 
0.280769 0.146971 0.0947941 0.95417 
768
1 1 0 1 1 
5.79609 11.4022 11.4904 10.233 12.7094 
-0.266115 -0.575976 -0.766819 -0.125747 -0.388162 
772
0 0 0 
5.17887 9.95943 13.9985 
0.283257 0.149524 0.0937982 
772
1 0 1 1 
6.01679 10.9921 9.47082 22.8806 
-0.279411 -0.783376 -0.594728 -0.299061 
776
1 1 1 1 0 1 
5.72855 10.2588 10.6475 15.7731 16.4095 21.8517 
-0.293831 -0.604033 -0.136178 -0.0797056 -0.806135 -0.0494091 
776
0 0 0 1 
4.75147 10.4698 13.7527 6.49719 
0.307501 0.150519 0.0946284 0.892536 
780
0 0 0 
5.19969 7.4 17.5447 
0.310648 0.155619 0.0951863 
780
1 0 1 1 1 0 1 
4.80524 15.068 12.7706 12.1735 9.38627 10.2784 10.9609 
-0.318363 -0.824207 -0.624615 -0.0854486 -0.13339 -0.819459 -0.416214 
784
1 1 1 1 0 1 
4.3317 11.2413 11.15 11.5417 12.26 11.5918 
-0.334076 -0.637259 -0.148616 -0.0903421 -0.835218 -0.438898 
784
0 0 1 0 1 
3.89932 8.30809 6.65449 11.3289 7.86077 
0.339741 0.167053 0.882967 0.108308 0.930632 
788
0 0 1 0 
4.20909 9.92185 6.86694 10.3583 
0.360221 0.16283 0.91661 0.102743 
788
1 1 1 0 1 1 
4.67065 12.6849 9.94908 14.0403 17.2456 11.0542 
-0.361122 -0.649675 -0.151208 -0.854207 -0.433363 -0.0895605 
792
0 0 0 1 
4.55758 8.77903 12.907 6.26464 
0.3781 0.168484 0.112583 0.950511 
792
1 1 1 1 1 0 
4.35359 11.2727 15.1913 10.3994 15.7404 9.86474 
-0.38391 -0.668901 -0.0853576 -0.155933 -0.445867 -0.869878 
796
1 1 1 1 1 0 0 1 
4.1184 11.6946 8.55587 13.4237 14.8559 14.6774 17.2128 14.3109 
-0.41466 -0.681645 -0.157821 -0.0876619 -0.452184 -0.882602 -0.631904 -0.0548747 
3116
0 0 0 
5.76172 11.6437 16.1954 
0.291248 0.158069 0.112398 
3116
1 1 1 1 0 0 1 0 
5.51104 7.66878 9.03625 13.6033 14.8522 9.32619 10.5898 23.0592 
-0.212288 -0.882523 -0.101121 -0.366657 -0.743237 -0.740733 -0.535878 -0.415397 
3120
1 1 1 1 0 1 0 1 
6.66045 7.73766 8.93441 14.497 14.7745 8.94031 24.8338 21.1464 
-0.212704 -0.882244 -0.104306 -0.36719 -0.737948 -0.532509 -0.415937 -0.27394 
3120
0 0 0 
5.36443 10.4623 15.3926 
0.294596 0.156697 0.118777 
3124
1 1 0 1 1 1 0 1 
5.30435 10.5432 13.9186 9.82203 10.9462 15.4857 27.0477 13.8731 
-0.211297 -0.87872 -0.737348 -0.104234 -0.53632 -0.367054 -0.416764 -0.270168 
3124
0 0 0 
5.65269 12.1174 14.6497 
0.292296 0.154903 0.118944 
3128
0 0 0 
6.0804 10.3183 16.7148 
0.287288 0.156465 0.11226 
3128
1 1 1 1 0 1 1 0 
5.45685 8.76965 10.1879 10.2493 12.9832 15.4906 14.1705 27.7947 
-0.212126 -0.882074 -0.104014 -0.535 -0.744115 -0.373393 -0.269762 -0.416797 
3132
1 1 1 1 1 0 0 
6.12782 8.30099 9.71569 10.0255 15.4761 14.981 17.7402 
-0.21199 -0.882031 -0.104207 -0.535356 -0.365349 -0.736575 -0.420163 
3132
0 0 0 
12.7125 5.87961 15.074 
0.156173 0.290898 0.119326 
3136
0 0 0 
5.98793 9.65283 17.4479 
0.288326 0.161824 0.116454 
3140
0 0 
5.51109 11.2396 
0.294827 0.157394 
3136
1 1 1 1 0 0 1 1 
6.61576 7.27474 16.7045 11.2531 8.32179 16.4056 10.5996 21.3749 
-0.213159 -0.881208 -0.374348 -0.0943084 -0.740693 -0.743362 -0.535101 -0.274452 
3140
1 1 1 1 1 0 0 0 0 
6.43046 9.96031 9.62696 11.4918 14.7029 13.9238 9.20436 11.2496 21.8403 
-0.21603 -0.881385 -0.103376 -0.537307 -0.367218 -0.743618 -0.740537 -0.7381 -0.420862 
3144
1 1 1 0 1 1 0 1 0 1 
6.36479 8.10639 9.48019 14.4635 14.2793 10.9865 10.0007 10.1853 26.1856 12.973 
-0.210278 -0.883794 -0.103402 -0.744513 -0.366868 -0.536396 -0.738995 -0.379796 -0.417022 -0.2713 
3144
0 0 0 
5.64745 10.9577 14.5871 
0.291815 0.161085 0.119976 
3148
0 0 0 
5.77323 13.1222 15.6422 
0.289153 0.155819 0.119461 
3148
1 1 1 0 1 1 1 0 1 
6.26265 7.92165 9.4726 13.6005 12.1546 10.3928 15.1219 10.9574 13.0038 
-0.218108 -0.880994 -0.104096 -0.743898 -0.379459 -0.535629 -0.364985 -0.736837 -0.274812 
3152
1 1 1 1 1 0 0 0 1 
6.25835 9.63664 8.74353 14.7136 10.8903 8.92922 25.2845 14.4169 18.8135 
-0.211454 -0.880381 -0.0952145 -0.365699 -0.535472 -0.739699 -0.416667 -0.743154 -0.0549614 
3152
0 0 0 
4.72259 11.9843 15.0972 
0.303267 0.157997 0.119128 
3156
0 0 0 
6.01482 11.9675 21.2732 
0.289133 0.158643 0.110545 
3156
1 1 1 1 1 0 0 1 0 0 
7.01076 8.85317 9.70431 10.7454 14.265 12.6041 9.10015 19.7294 10.8448 25.7053 
-0.212904 -0.882291 -0.104252 -0.535926 -0.365363 -0.744758 -0.741292 -0.275041 -0.737664 -0.416046 
3160
0 0 0 
4.80716 11.3995 15.2301 
0.299266 0.160212 0.119796 
3160
1 1 1 1 1 0 0 0 
6.36078 9.66553 8.97291 9.79564 14.2302 7.96609 13.9624 25.5533 
-0.212959 -0.883905 -0.103479 -0.534036 -0.367094 -0.741361 -0.743875 -0.416473 
3164
1 1 1 0 1 1 
5.88158 8.57933 9.90624 13.526 10.6948 14.8081 
-0.214339 -0.879436 -0.106061 -0.737451 -0.536101 -0.366155 
3164
0 0 0 
5.98875 12.1922 16.689 
0.289869 0.15902 0.112016 
3168
1 1 1 1 1 0 1 0 1 
8.03988 6.11374 10.0555 11.1911 14.2229 14.0643 22.1311 27.4454 10.2875 
-0.880804 -0.226851 -0.0932132 -0.536007 -0.366912 -0.739507 -0.274385 -0.416734 -0.384105 
3172
1 1 1 1 0 1 0 1 
5.99645 8.37577 9.00051 10.2187 9.15197 10.2704 12.9368 19.0586 
-0.209413 -0.883071 -0.104575 -0.363764 -0.737974 -0.534883 -0.745771 -0.0465371 
3168
0 0 0 
6.49029 11.2017 12.6045 
0.284395 0.157704 0.122511 
3172
0 0 0 
5.32435 11.771 13.5744 
0.294066 0.160173 0.121022 
3176
1 1 1 0 1 1 0 0 
6.25898 9.10874 10.0869 13.3495 10.2848 14.9307 8.85588 24.8054 
-0.212641 -0.880043 -0.103544 -0.745292 -0.535987 -0.36773 -0.741105 -0.41676 
3176
0 0 0 
5.70556 11.8929 15.7969 
0.290497 0.157729 0.11814 
3180
0 0 0 
5.89884 8.61383 14.0813 
0.289228 0.164622 0.119625 
3184
0 0 0 
5.22376 12.0096 13.294 
0.294203 0.157033 0.122038 
3180
1 1 1 1 0 1 0 0 
6.70787 9.44765 8.27856 13.0519 10.0661 11.0994 14.5865 20.2774 
-0.213744 -0.883263 -0.10496 -0.367887 -0.738838 -0.535559 -0.744659 -0.420426 
3184
1 1 1 1 0 0 1 1 
6.31226 9.94507 8.75066 17.1917 13.3916 9.21747 11.0631 20.0741 
-0.209161 -0.879863 -0.104711 -0.373785 -0.744196 -0.740375 -0.53659 -0.273842 
3188
0 0 0 
5.96382 11.6228 16.0002 
0.289058 0.15806 0.118731 
3192
0 0 0 
5.37638 11.1832 14.8689 
0.294089 0.158919 0.119879 
3196
0 0 0 
5.36145 11.7904 14.1412 
0.294051 0.15708 0.119926 
3188
1 1 1 1 0 0 1 0 
5.90754 9.05716 8.57686 10.1385 12.4646 8.729 13.8479 23.8722 
-0.210223 -0.881787 -0.101977 -0.536146 -0.74368 -0.73825 -0.365872 -0.416275 
3192
1 1 1 1 1 0 0 0 
6.21326 7.89465 9.2957 14.8434 11.0297 23.247 13.8659 18.5142 
-0.21072 -0.881641 -0.103867 -0.368653 -0.536324 -0.737286 -0.745163 -0.421288 
3196
1 1 1 1 1 0 1 0 0 
6.78979 10.1537 9.84449 10.6382 12.9326 14.613 13.7818 26.8936 9.02779 
-0.214377 -0.8793 -0.10653 -0.535343 -0.365629 -0.745029 -0.269948 -0.416055 -0.738835 
3200
0 0 0 
4.5285 11.6613 13.9779 
0.304647 0.157954 0.120529 
3200
1 1 1 1 1 0 0 
6.22718 10.1621 9.34489 10.946 14.1472 14.2262 26.0416 
-0.21542 -0.883336 -0.104395 -0.536848 -0.366747 -0.737248 -0.416201 
3204
0 0 0 
5.89917 12.0598 13.9706 
0.289181 0.158843 0.120836 
3204
1 1 1 1 1 0 1 0 
6.65249 7.72135 8.79142 9.95756 15.5419 13.1035 24.3903 27.753 
-0.212196 -0.883388 -0.103911 -0.534796 -0.367719 -0.737839 -0.274671 -0.416632 
3208
1 1 1 1 0 1 0 1 
6.27055 8.07928 11.0339 15.0833 14.2389 11.2984 9.12329 20.6091 
-0.211042 -0.880948 -0.0974006 -0.36517 -0.744797 -0.535965 -0.739753 -0.273752 
3208
0 0 0 
5.78893 11.3067 16.6601 
0.290617 0.161464 0.116904 
3212
1 1 1 1 1 0 0 1 
6.59217 8.11707 9.20959 10.93 14.8486 13.1475 9.54863 13.6408 
-0.213913 -0.882145 -0.102661 -0.536851 -0.368043 -0.743107 -0.738452 -0.270042 
3212
0 0 0 
5.9231 10.9262 15.1607 
0.288132 0.162297 0.119001 
3216
0 0 0 
4.8352 12.3094 14.6005 
0.307406 0.15673 0.119237 
3216
1 1 1 1 0 1 0 
5.98585 7.82643 9.13472 13.7161 14.6081 11.1152 27.9125 
-0.214029 -0.882183 -0.104953 -0.367029 -0.737625 -0.537341 -0.41677 
3220
1 1 1 1 1 0 1 0 1 
6.32882 8.40776 9.95568 14.617 11.4013 13.8794 22.9566 27.4259 19.1358 
-0.211944 -0.882035 -0.101918 -0.367356 -0.536662 -0.737369 -0.274211 -0.416323 -0.0546454 
3224
1 1 1 1 0 1 0 1 
7.77176 6.76623 9.23723 13.7143 13.9109 10.9626 8.16368 18.1876 
-0.882747 -0.211331 -0.102214 -0.367198 -0.743932 -0.536501 -0.738671 -0.0548637 
3228
1 1 1 0 1 1 0 
6.80027 10.7672 8.46188 13.628 17.8085 12.4766 27.1526 
-0.210714 -0.880591 -0.0955156 -0.737396 -0.374683 -0.540467 -0.415711 
3220
0 0 0 
5.65397 11.46 15.7645 
0.290104 0.158363 0.112766 
3224
0 0 0 
4.87542 11.0896 13.8632 
0.299829 0.159476 0.12176 
3228
0 0 0 
5.92154 12.3103 12.6213 
0.288472 0.159475 0.122602 
3232
0 0 0 
5.75632 11.2011 15.9718 
0.29161 0.157947 0.112599 
3232
1 1 1 1 1 0 1 
6.86082 6.76434 10.519 11.6279 13.8167 13.5801 21.5282 
-0.213774 -0.881113 -0.104351 -0.536691 -0.365021 -0.737266 -0.274144 
3236
1 1 1 1 1 0 0 1 0 
6.40471 9.60765 9.24261 11.3115 18.0895 12.7453 17.7854 21.6577 9.67055 
-0.212152 -0.878088 -0.105084 -0.536506 -0.374217 -0.744173 -0.419763 -0.274362 -0.738207 
3236
0 0 0 
5.26264 11.0284 17.6049 
0.296549 0.161054 0.116192 
3240
0 0 0 
5.33594 10.8187 14.8577 
0.295548 0.158785 0.11977 
3240
1 1 1 1 1 0 0 0 0 
6.01629 7.6539 9.21907 10.3738 13.9443 13.7485 9.98269 10.6911 26.2004 
-0.211262 -0.881536 -0.102246 -0.535319 -0.366413 -0.74459 -0.736498 -0.737121 -0.416256 
3244
1 1 1 1 1 0 0 0 1 
6.18848 8.64659 12.1872 9.41894 14.6133 13.3855 9.74978 24.9318 23.3643 
-0.210495 -0.883392 -0.537834 -0.104213 -0.368367 -0.743527 -0.737705 -0.416062 -0.273935 
3244
0 0 0 
4.79765 11.712 14.3969 
0.300776 0.159874 0.120598 
3248
0 0 0 
5.6322 11.8664 12.7939 
0.292529 0.158407 0.121306 
3248
1 1 0 1 1 0 1 0 1 
7.97034 6.78178 14.2929 10.0776 16.7197 9.01687 12.2711 27.6351 12.2723 
-0.880645 -0.211094 -0.745343 -0.103844 -0.373821 -0.737276 -0.537946 -0.416127 -0.276451 
3252
0 0 0 
6.0413 11.3446 17.3559 
0.288813 0.158254 0.111224 
3252
1 1 1 1 0 1 0 0 1 
5.75095 9.77336 9.79003 10.996 14.852 17.9242 8.74235 26.2396 22.7901 
-0.214056 -0.883519 -0.103601 -0.535909 -0.745159 -0.367319 -0.737718 -0.416123 -0.27494 
3256
1 1 1 1 0 1 0 0 1 
6.67945 7.50867 10.3442 14.9408 12.9909 11.1589 9.79662 25.8351 21.0725 
-0.212736 -0.882704 -0.104005 -0.368705 -0.743349 -0.536323 -0.738167 -0.41587 -0.275624 
3256
0 0 0 
4.96305 10.4798 13.4558 
0.298593 0.161402 0.121007 
3260
1 1 1 1 1 0 0 0 1 
5.97502 6.128 11.4314 8.63531 13.9527 13.5186 11.0842 29.1087 14.7712 
-0.883423 -0.213911 -0.535626 -0.103813 -0.366966 -0.744009 -0.737057 -0.415953 -0.269781 
3260
0 0 0 
4.72149 10.5962 15.2492 
0.30025 0.161089 0.118702 
3264
1 1 1 1 1 0 0 0 
5.81231 7.26746 10.1128 11.1427 14.1405 13.575 9.05132 26.5588 
-0.209976 -0.882041 -0.0959241 -0.53717 -0.368446 -0.743501 -0.736678 -0.41629 
3264
0 0 0 
4.95521 9.11585 15.2618 
0.298144 0.163243 0.119375 
3268
1 1 1 1 0 1 0 1 
8.85129 6.02848 10.1036 10.7059 13.6898 15.0985 24.7261 20.882 
-0.88247 -0.215715 -0.103642 -0.535554 -0.738205 -0.36689 -0.416019 -0.0551035 
3268
0 0 
5.00367 11.4014 
0.299246 0.158788 
3272
0 0 0 
4.58278 12.1283 14.3493 
0.305394 0.160181 0.119313 
3272
1 1 1 1 1 0 0 
6.05006 8.24687 9.7882 16.8199 10.2772 14.4113 24.7549 
-0.209421 -0.881582 -0.105775 -0.373928 -0.534657 -0.737533 -0.416026 
3276
0 0 0 
5.66192 11.0082 14.7147 
0.29135 0.159137 0.119355 
3276
1 1 1 1 1 0 0 0 1 
5.79133 10.0386 9.36919 10.7828 15.0308 14.9307 25.1623 26.6696 11.6958 
-0.215316 -0.878767 -0.105359 -0.536633 -0.365683 -0.744042 -0.736033 -0.41681 -0.276182 
3280
1 1 1 0 1 1 0 0 
7.19054 7.96681 10.0679 14.1431 15.2756 9.71423 9.92319 24.3723 
-0.21466 -0.876473 -0.091688 -0.744352 -0.367609 -0.535658 -0.739104 -0.415663 
3280
0 0 0 
5.01357 12.0831 18.2958 
0.297639 0.160609 0.110535 
3284
0 0 0 
5.85825 11.4077 15.6489 
0.290364 0.159197 0.118628 
3288
0 0 0 
5.40981 8.94504 14.3358 
0.293989 0.16463 0.121711 
3292
0 0 0 
5.49293 11.016 15.0261 
0.293153 0.161198 0.119103 
3296
0 0 0 
5.85732 12.2448 16.4627 
0.289766 0.160274 0.117697 
3284
1 1 1 1 1 0 0 0 1 
6.21869 10.1138 9.60995 14.3978 10.915 14.3361 25.8526 10.1885 14.1355 
-0.211186 -0.87938 -0.103245 -0.367437 -0.536984 -0.744329 -0.416132 -0.738307 -0.27082 
3288
1 1 1 1 1 0 0 1 0 1 
6.64892 8.15761 12.4165 10.4112 14.9196 14.7255 9.60974 11.4717 26.0055 12.6374 
-0.213579 -0.880657 -0.0978978 -0.535892 -0.367059 -0.744524 -0.736373 -0.37795 -0.416418 -0.270839 
3292
1 1 1 0 1 1 0 0 
6.03811 9.56404 8.62113 15.3366 15.5401 9.78004 9.16309 26.8557 
-0.218642 -0.88383 -0.0954406 -0.743769 -0.368458 -0.533829 -0.739371 -0.416655 
3296
1 1 1 1 1 0 1 0 0 
6.94331 8.84733 9.38227 10.5263 14.9432 12.4215 11.4318 23.3738 28.1939 
-0.212178 -0.88201 -0.104836 -0.535798 -0.368291 -0.744903 -0.378734 -0.737303 -0.416329 
3300
1 1 1 1 1 0 0 1 
5.84972 7.41304 10.8031 10.4731 14.9137 14.0762 11.4614 19.1229 
-0.209974 -0.882024 -0.0989652 -0.536066 -0.365151 -0.743464 -0.737214 -0.27455 
3304
1 1 1 1 0 0 1 0 1 
6.20474 10.6365 10.9369 8.4671 8.23599 13.6997 14.8478 24.7062 14.4269 
-0.212078 -0.878035 -0.536188 -0.103725 -0.739178 -0.745605 -0.366459 -0.415465 -0.275622 
3300
0 0 0 
5.68591 11.6274 14.0616 
0.290811 0.160894 0.120199 
3304
0 0 0 
5.95415 11.0296 13.2011 
0.289404 0.160423 0.121446 
3308
1 1 1 1 1 0 0 0 1 
5.80233 7.44154 9.53533 10.974 14.4891 13.9975 9.97572 25.939 25.1323 
-0.208688 -0.881541 -0.108589 -0.536605 -0.368082 -0.744297 -0.736823 -0.415575 -0.27549 
3308
0 0 0 
4.71074 11.378 15.345 
0.301774 0.160973 0.120477 
3312
1 1 1 1 1 0 0 0 1 
6.23948 8.11405 8.17197 11.1133 16.5673 14.8603 9.09264 24.3185 12.8342 
-0.210319 -0.882258 -0.103299 -0.535731 -0.367683 -0.745168 -0.738402 -0.415844 -0.274865 
3312
0 0 0 
6.16842 11.0057 16.0111 
0.286512 0.160803 0.112613 
3316
0 0 0 
6.00838 9.86576 12.7064 
0.28761 0.166136 0.122426 
3316
1 1 1 1 0 1 0 0 1 
5.59651 7.40688 9.80604 16.1423 13.2449 10.5019 9.30973 24.917 13.1448 
-0.212653 -0.881396 -0.102345 -0.368608 -0.743801 -0.536074 -0.738687 -0.415842 -0.268639 
3320
1 1 1 1 0 0 1 0 
6.23761 8.55933 10.2914 13.0365 17.3962 14.0111 10.9928 25.5444 
-0.213622 -0.883146 -0.104668 -0.367771 -0.739484 -0.745388 -0.536276 -0.416212 
3320
0 0 0 
6.46433 11.6898 14.402 
0.286393 0.160295 0.120035 
3324
1 1 1 1 0 1 0 
6.08916 7.50498 9.36953 12.0346 14.1178 14.1366 9.70285 
-0.210273 -0.882365 -0.102389 -0.537018 -0.744903 -0.367767 -0.737222 
3324
0 0 0 
5.72074 12.2617 16.4312 
0.290833 0.158047 0.116907 
3328
0 0 0 
5.25621 10.4164 14.3762 
0.294746 0.164317 0.119935 
3332
0 0 0 
4.70609 11.924 11.9499 
0.301069 0.158796 0.125484 
3328
1 1 1 1 1 0 0 1 
5.80081 7.77013 9.34554 14.3276 9.42049 13.9802 24.1065 20.1329 
-0.209505 -0.881132 -0.106284 -0.368318 -0.534954 -0.737619 -0.415602 -0.274167 
3332
1 1 1 1 1 0 1 
7.43193 6.78938 9.0727 11.6828 12.7961 13.5392 22.8133 
-0.88122 -0.213879 -0.10446 -0.540252 -0.367186 -0.739664 -0.273996 
3336
0 0 0 
5.9388 10.1411 15.1139 
0.288885 0.158408 0.118428 
3336
1 1 1 1 0 1 1 0 1 
6.00093 7.92187 12.1208 13.8071 13.7532 10.8749 12.213 24.9236 23.4297 
-0.210916 -0.881781 -0.100532 -0.367396 -0.738138 -0.536652 -0.377382 -0.416043 -0.27531 
3340
0 0 0 
5.58659 12.4777 14.3774 
0.29181 0.159414 0.118901 
3340
1 1 1 1 0 1 0 0 0 
5.49389 7.75911 9.82611 13.9808 14.7256 10.3872 11.5817 8.48504 26.286 
-0.211809 -0.882243 -0.0957332 -0.367826 -0.743765 -0.535123 -0.73794 -0.739267 -0.416528 
3344
0 0 0 
6.26131 11.1836 15.2926 
0.288408 0.160701 0.118857 
3344
1 1 1 1 0 1 0 
7.19161 8.1748 9.74078 13.2434 13.8737 11.353 23.9937 
-0.213391 -0.880951 -0.0914009 -0.366113 -0.744333 -0.538802 -0.4161 
3348
1 1 1 1 1 0 0 0 0 
7.25014 8.07584 10.483 11.2192 13.5933 14.9653 8.19599 28.7092 11.7246 
-0.213751 -0.879137 -0.107083 -0.536212 -0.3674 -0.744808 -0.739631 -0.415997 -0.737272 
3348
0 0 0 
4.4947 8.58131 13.6971 
0.306438 0.165748 0.119923 
3352
0 0 0 
4.91914 11.4742 14.7071 
0.299289 0.160954 0.119975 
3352
1 1 1 1 1 0 0 
6.56651 8.19372 9.36728 11.5516 15.0185 14.3077 28.0557 
-0.211413 -0.882705 -0.103867 -0.537046 -0.368335 -0.738844 -0.416409 
3356
1 1 1 1 0 1 0 0 0 
6.12456 7.93415 9.18289 14.4352 12.901 10.612 8.44487 10.9956 26.2318 
-0.21007 -0.882082 -0.105171 -0.368001 -0.744429 -0.534954 -0.739457 -0.737351 -0.416436 
3356
0 0 0 
6.09784 12.0429 14.0543 
0.288152 0.157988 0.119767 
3360
0 0 0 
4.94517 10.71 12.7382 
0.298621 0.163151 0.123469 
3360
1 1 1 0 1 1 0 0 0 
6.62342 7.92935 9.66338 13.8157 10.5404 14.3887 17.0272 12.0486 8.58982 
-0.21201 -0.883438 -0.10532 -0.743616 -0.535561 -0.368184 -0.419028 -0.737425 -0.737814 
3364
1 1 1 1 1 0 0 1 
6.28092 9.67595 9.926 11.4131 14.3959 13.7632 26.5797 19.7319 
-0.216298 -0.882441 -0.10462 -0.537223 -0.367668 -0.736369 -0.41656 -0.273225 
3364
0 0 0 
6.12353 10.8778 16.067 
0.287695 0.15915 0.117686 
3368
1 1 1 1 0 0 1 
5.91096 7.77599 11.7069 14.5617 14.2246 10.5802 11.5261 
-0.209459 -0.882147 -0.0959419 -0.367082 -0.744151 -0.736656 -0.536815 
3368
0 0 0 
5.76162 10.0548 14.0555 
0.290676 0.157165 0.121412 
3372
0 0 0 
4.90959 12.1408 16.1782 
0.300139 0.15931 0.112737 
3372
1 1 1 1 0 1 0 0 1 1 
5.9431 8.23808 9.72927 10.9675 15.3555 13.5457 29.7554 8.63457 21.508 18.8227 
-0.209293 -0.880192 -0.102619 -0.536986 -0.744594 -0.367534 -0.415954 -0.740292 -0.274219 -0.0550023 
3376
1 1 1 1 1 0 0 0 
6.18173 7.42835 9.55924 11.0389 14.7435 15.0748 30.1376 9.96627 
-0.210337 -0.881787 -0.104495 -0.536845 -0.366739 -0.744398 -0.416398 -0.735582 
3380
1 1 1 1 1 0 0 
6.4177 8.2732 8.57723 10.7255 15.2442 15.4766 25.5624 
-0.215435 -0.881896 -0.104958 -0.536366 -0.367553 -0.739202 -0.415487 
3376
0 0 0 
5.11349 9.41553 15.8059 
0.296654 0.154175 0.113494 
3380
0 0 0 
5.87437 11.791 18.2074 
0.289828 0.161071 0.112957 
3384
0 0 0 
5.63035 10.3699 17.3294 
0.292 0.159589 0.118334 
3388
0 0 0 
5.16943 10.4891 12.9767 
0.295138 0.157373 0.121439 
3384
1 1 1 1 1 0 
6.72034 9.4914 9.44916 14.4802 10.7198 13.5193 
-0.212371 -0.884503 -0.107288 -0.373712 -0.536203 -0.73714 
3388
1 1 1 1 0 1 
5.71124 8.13417 11.0905 14.9425 13.9627 11.1216 
-0.210388 -0.879572 -0.0919595 -0.367395 -0.739097 -0.535409 
3392
1 1 1 1 1 0 0 0 1 
6.61401 8.55685 7.94739 14.557 11.2974 13.9158 10.0186 24.7813 12.4731 
-0.220282 -0.881155 -0.102523 -0.367625 -0.537063 -0.743461 -0.735209 -0.416211 -0.269872 
3392
0 0 0 
4.56044 10.5608 15.664 
0.304844 0.160465 0.119006 
3396
0 0 0 
5.53955 11.1932 16.568 
0.292392 0.161275 0.117759 
3396
1 1 1 1 1 0 0 1 
6.14581 7.53774 11.54 8.97176 13.8532 13.9436 7.48691 22.2085 
-0.211193 -0.883317 -0.537126 -0.0944568 -0.368062 -0.744375 -0.741563 -0.274715 
3400
0 0 0 
4.63464 10.8881 15.269 
0.302231 0.1616 0.117876 
3400
1 1 1 0 1 0 1 0 1 
6.46673 9.08678 9.01385 14.9138 11.5032 20.1005 14.9091 20.2293 11.4751 
-0.211133 -0.882816 -0.102616 -0.745329 -0.536975 -0.737019 -0.367213 -0.420029 -0.379024 
3404
0 0 0 
5.64239 11.035 15.4709 
0.290343 0.160387 0.118994 
3404
1 1 1 1 0 1 0 0 0 
6.2196 9.34443 10.0024 14.2777 15.2479 11.6267 10.6968 12.21 24.0532 
-0.212444 -0.885126 -0.104393 -0.366902 -0.743853 -0.536936 -0.739094 -0.737959 -0.416149 
3408
0 0 0 
5.27765 10.3923 15.1824 
0.295318 0.161627 0.120069 
3408
1 1 1 1 0 1 1 
6.49478 8.24114 8.62115 11.1197 13.1026 13.511 11.1013 
-0.21286 -0.880973 -0.10345 -0.536855 -0.743515 -0.368755 -0.3805 
