0
0
0
-2.19133e-05
0.00632101 -7.4489e-05 1.27403e-08 -7.4489e-05 0.00654249 -1.41748e-07 1.27403e-08 -1.41748e-07 1.21855e-06 
1
0
0
-0.000472233
0.00930524 -0.000181497 -1.68475e-09 -0.000181497 0.00905159 -1.83812e-07 -1.68475e-09 -1.83812e-07 1.0366e-06 
2
0
0
-0.00118601
0.01077 -0.000257594 -2.73493e-09 -0.000257594 0.00996566 -2.07391e-07 -2.73493e-09 -2.07391e-07 1.037e-06 
3
0.0517326
0
0.00028579
0.0114637 -0.000299641 -2.24144e-09 -0.000299641 0.010272 -2.1786e-07 -2.24144e-09 -2.1786e-07 1.03729e-06 
4
0.0570151
0
3.39643e-05
0.01179 -0.000320666 -1.77107e-09 -0.000320666 0.0103719 -2.23115e-07 -1.77107e-09 -2.23115e-07 1.03691e-06 
5
0.0601416
0
-0.000386079
0.0119435 -0.000330615 -1.53608e-09 -0.000330615 0.0104043 -2.26526e-07 -1.53608e-09 -2.26526e-07 1.03652e-06 
6
0.0621453
0
0.000398417
0.0120158 -0.000335302 -1.34691e-09 -0.000335302 0.010415 -2.29249e-07 -1.34691e-09 -2.29249e-07 1.03621e-06 
7
0.0633933
0
-0.000202853
0.0120501 -0.000323303 -9.39321e-09 -0.000323303 0.0104188 -2.31842e-07 -9.39321e-09 -2.31842e-07 1.03597e-06 
8
0.0644443
0
-0.000136574
0.0120663 -0.000318827 -1.07295e-08 -0.000318827 0.0104201 -2.34072e-07 -1.07295e-08 -2.34072e-07 1.03578e-06 
9
0.0642725
0
0.000577562
0.012074 -0.000326698 -5.38184e-09 -0.000326698 0.0104202 -2.35893e-07 -5.38184e-09 -2.35893e-07 1.03564e-06 
10
0.0644595
0
0.000351025
0.0120777 -0.000329733 -4.40994e-09 -0.000329733 0.0104204 -2.37737e-07 -4.40994e-09 -2.37737e-07 1.03554e-06 
11
0.0644312
0
-0.00077472
0.0120794 -0.000334621 -2.00907e-09 -0.000334621 0.0104205 -2.39431e-07 -2.00907e-09 -2.39431e-07 1.03546e-06 
12
0.0644957
0
-0.00156852
0.0120803 -0.00033652 -1.54695e-09 -0.00033652 0.0104207 -2.40984e-07 -1.54695e-09 -2.40984e-07 1.0354e-06 
13
0.0645892
0
-0.00156455
0.0120808 -0.000337395 -1.34046e-09 -0.000337395 0.0104208 -2.4239e-07 -1.34046e-09 -2.4239e-07 1.03536e-06 
14
0.0648916
0
-0.00114453
0.0120811 -0.000337735 -1.25639e-09 -0.000337735 0.0104209 -2.43658e-07 -1.25639e-09 -2.43658e-07 1.03533e-06 
15
0.0651665
0
-0.000350862
0.0120814 -0.000332031 -4.64683e-09 -0.000332031 0.010421 -2.44819e-07 -4.64683e-09 -2.44819e-07 1.03531e-06 
16
0.065308
0
-0.00111043
0.0120816 -0.00032984 -5.1822e-09 -0.00032984 0.010421 -2.4584e-07 -5.1822e-09 -2.4584e-07 1.03529e-06 
17
0.0637607
0
0.000743309
0.0120817 -0.000326363 -6.8296e-09 -0.000326363 0.0104212 -2.46795e-07 -6.8296e-09 -2.46795e-07 1.03529e-06 
18
0.0631909
0
0.000647806
0.0120818 -0.000325005 -7.06991e-09 -0.000325005 0.0104212 -2.47615e-07 -7.06991e-09 -2.47615e-07 1.03528e-06 
19
0.0631257
0
6.26301e-05
0.0120817 -0.000315857 -1.22389e-08 -0.000315857 0.0104217 -2.48627e-07 -1.22389e-08 -2.48627e-07 1.03528e-06 
20
0.0631742
0
0.000576237
0.0120816 -0.000312367 -1.31073e-08 -0.000312367 0.0104218 -2.49309e-07 -1.31073e-08 -2.49309e-07 1.03528e-06 
21
0.0630326
0
-0.00117942
0.0120815 -0.00030943 -1.42034e-08 -0.00030943 0.010422 -2.49961e-07 -1.42034e-08 -2.49961e-07 1.03528e-06 
22
0.0633198
0
-0.000272804
0.0120814 -0.000308334 -1.43965e-08 -0.000308334 0.0104221 -2.50473e-07 -1.43965e-08 -2.50473e-07 1.03528e-06 
23
0.0638237
0
-0.00081575
0.0120816 -0.00031162 -1.21895e-08 -0.00031162 0.0104218 -2.50739e-07 -1.21895e-08 -2.50739e-07 1.03528e-06 
24
0.0639394
0
-0.00342559
0.0120816 -0.000312886 -1.18113e-08 -0.000312886 0.0104217 -2.51102e-07 -1.18113e-08 -2.51102e-07 1.03529e-06 
25
0.0666395
0
0.000121219
0.0120814 -0.000328408 -2.75173e-09 -0.000328408 0.0104213 -2.51144e-07 -2.75173e-09 -2.51144e-07 1.03529e-06 
26
0.0681296
0
0.00153368
0.0120815 -0.000334286 -1.17899e-09 -0.000334286 0.0104212 -2.51417e-07 -1.17899e-09 -2.51417e-07 1.03529e-06 
27
0.0692054
0
4.37952e-05
0.0120815 -0.00033704 -5.58333e-10 -0.00033704 0.0104213 -2.51678e-07 -5.58333e-10 -2.51678e-07 1.03529e-06 
28
0.0697076
0
-5.33694e-05
0.0120816 -0.000338118 -4.47593e-10 -0.000338118 0.0104213 -2.51906e-07 -4.47593e-10 -2.51906e-07 1.0353e-06 
29
0.0698704
0
0.000847469
0.0120818 -0.000332572 -4.0093e-09 -0.000332572 0.0104214 -2.52119e-07 -4.0093e-09 -2.52119e-07 1.0353e-06 
30
0.0702517
0
4.42102e-05
0.0120819 -0.000330438 -4.6012e-09 -0.000330438 0.0104214 -2.52294e-07 -4.6012e-09 -2.52294e-07 1.0353e-06 
31
0.070698
0
-0.000329722
0.0120816 -0.000336794 -3.9633e-10 -0.000336794 0.0104213 -2.52436e-07 -3.9633e-10 -2.52436e-07 1.0353e-06 
32
0.0712156
0
-0.000881519
0.0120815 -0.000339229 3.15725e-10 -0.000339229 0.0104214 -2.52575e-07 3.15725e-10 -2.52575e-07 1.03531e-06 
33
0.0710015
0
-0.000489089
0.0120818 -0.000328893 -6.35511e-09 -0.000328893 0.0104216 -2.52764e-07 -6.35511e-09 -2.52764e-07 1.03531e-06 
34
0.0708686
0
0.000267106
0.0120819 -0.000324935 -7.47334e-09 -0.000324935 0.0104215 -2.52878e-07 -7.47334e-09 -2.52878e-07 1.03531e-06 
35
0.0706295
0
0.000534584
0.0120819 -0.000325403 -6.45746e-09 -0.000325403 0.0104214 -2.52928e-07 -6.45746e-09 -2.52928e-07 1.03531e-06 
36
0.0711073
0
0.00111874
0.0120819 -0.000325578 -6.27925e-09 -0.000325578 0.0104214 -2.53002e-07 -6.27925e-09 -2.53002e-07 1.03531e-06 
37
0.0712828
0
-0.00192708
0.0120817 -0.000332792 -1.91955e-09 -0.000332792 0.0104213 -2.5301e-07 -1.91955e-09 -2.5301e-07 1.03532e-06 
38
0.0714843
0
0.000553565
0.0120817 -0.000335598 -1.19739e-09 -0.000335598 0.0104213 -2.53068e-07 -1.19739e-09 -2.53068e-07 1.03532e-06 
39
0.0717121
0
0.000169462
0.0120817 -0.000335051 -2.00623e-09 -0.000335051 0.0104214 -2.53118e-07 -2.00623e-09 -2.53118e-07 1.03532e-06 
40
0.0718064
0
-0.00216513
0.0120818 -0.000334849 -2.14166e-09 -0.000334849 0.0104214 -2.53161e-07 -2.14166e-09 -2.53161e-07 1.03532e-06 
41
0.0727117
0
-0.000612744
0.0120815 -0.000339174 4.53307e-10 -0.000339174 0.0104214 -2.53221e-07 4.53307e-10 -2.53221e-07 1.03532e-06 
42
0.0737969
0
-0.000831937
0.0120815 -0.000340802 9.12293e-10 -0.000340802 0.0104215 -2.5326e-07 9.12293e-10 -2.5326e-07 1.03532e-06 
43
0.0740879
0
0.000508822
0.0120818 -0.000328171 -7.00136e-09 -0.000328171 0.0104217 -2.53382e-07 -7.00136e-09 -2.53382e-07 1.03532e-06 
44
0.0742138
0
-0.000336836
0.0120819 -0.000323319 -8.33228e-09 -0.000323319 0.0104216 -2.53424e-07 -8.33228e-09 -2.53424e-07 1.03532e-06 
45
0.0748443
0
-0.00147806
0.0120819 -0.000322936 -7.69253e-09 -0.000322936 0.0104215 -2.53412e-07 -7.69253e-09 -2.53412e-07 1.03532e-06 
46
0.0752332
0
-0.00160755
0.0120819 -0.000322807 -7.59721e-09 -0.000322807 0.0104215 -2.53426e-07 -7.59721e-09 -2.53426e-07 1.03532e-06 
47
0.0753282
0
-0.00130888
0.0120819 -0.000323825 -6.93891e-09 -0.000323825 0.0104215 -2.53417e-07 -6.93891e-09 -2.53417e-07 1.03532e-06 
48
0.0757885
0
-0.000944028
0.0120819 -0.000324209 -6.82233e-09 -0.000324209 0.0104214 -2.53428e-07 -6.82233e-09 -2.53428e-07 1.03532e-06 
49
0.075886
0
0.000378485
0.0120819 -0.000319437 -9.76408e-09 -0.000319437 0.0104217 -2.53577e-07 -9.76408e-09 -2.53577e-07 1.03532e-06 
50
0.0759066
0
0.000248221
0.0120818 -0.000317591 -1.0252e-08 -0.000317591 0.0104217 -2.53606e-07 -1.0252e-08 -2.53606e-07 1.03532e-06 
51
0.0765117
0
0.000722904
0.0120817 -0.000326978 -4.24605e-09 -0.000326978 0.0104213 -2.53404e-07 -4.24605e-09 -2.53404e-07 1.03532e-06 
52
0.0767256
0
0.000836761
0.0120818 -0.000330559 -3.22324e-09 -0.000330559 0.0104213 -2.53393e-07 -3.22324e-09 -2.53393e-07 1.03532e-06 
53
0.0764805
0
-0.000693195
0.0120818 -0.000319313 -1.06538e-08 -0.000319313 0.0104218 -2.53692e-07 -1.06538e-08 -2.53692e-07 1.03532e-06 
54
0.0765916
0
-0.00105655
0.0120817 -0.000315036 -1.19241e-08 -0.000315036 0.0104219 -2.53744e-07 -1.19241e-08 -2.53744e-07 1.03532e-06 
55
0.0771877
0
0.000469098
0.0120818 -0.000319379 -8.5495e-09 -0.000319379 0.0104216 -2.5355e-07 -8.5495e-09 -2.5355e-07 1.03532e-06 
56
0.0777472
0
-0.00110464
0.0120818 -0.000321015 -7.97243e-09 -0.000321015 0.0104215 -2.5353e-07 -7.97243e-09 -2.5353e-07 1.03532e-06 
57
0.0789819
0
-0.00116178
0.0120818 -0.000323526 -6.75717e-09 -0.000323526 0.0104214 -2.53487e-07 -6.75717e-09 -2.53487e-07 1.03532e-06 
58
0.0799313
0
0.00103168
0.0120819 -0.000324487 -6.54737e-09 -0.000324487 0.0104214 -2.53482e-07 -6.54737e-09 -2.53482e-07 1.03532e-06 
59
0.0807773
0
-7.25259e-05
0.0120816 -0.000333575 -1.20626e-09 -0.000333575 0.0104213 -2.53421e-07 -1.20626e-09 -2.53421e-07 1.03532e-06 
60
0.0811668
0
-0.000260636
0.0120816 -0.000337067 -3.05009e-10 -0.000337067 0.0104214 -2.53423e-07 -3.05009e-10 -2.53423e-07 1.03532e-06 
61
0.0815303
0
0.000523995
0.0120818 -0.000332175 -3.91077e-09 -0.000332175 0.0104214 -2.53438e-07 -3.91077e-09 -2.53438e-07 1.03532e-06 
62
0.0821308
0
3.94352e-05
0.0120819 -0.000330292 -4.51699e-09 -0.000330292 0.0104214 -2.53439e-07 -4.51699e-09 -2.53439e-07 1.03532e-06 
63
0.0822445
0
1.43554e-05
0.0120816 -0.000337268 1.44103e-11 -0.000337268 0.0104214 -2.53434e-07 1.44103e-11 -2.53434e-07 1.03532e-06 
64
0.0824319
0
-0.000232053
0.0120815 -0.000339934 7.79949e-10 -0.000339934 0.0104214 -2.53443e-07 7.79949e-10 -2.53443e-07 1.03532e-06 
65
0.0807044
0
-0.000617265
0.0120814 -0.000342279 1.71e-09 -0.000342279 0.0104215 -2.53465e-07 1.71e-09 -2.53465e-07 1.03532e-06 
66
0.079698
0
-0.000429834
0.0120814 -0.000343181 1.8608e-09 -0.000343181 0.0104216 -2.53475e-07 1.8608e-09 -2.53475e-07 1.03532e-06 
67
0.0795651
0
-0.000384759
0.0120814 -0.000342332 1.16485e-09 -0.000342332 0.0104215 -2.53463e-07 1.16485e-09 -2.53463e-07 1.03532e-06 
68
0.0795716
0
0.00046598
0.0120815 -0.000342007 1.04507e-09 -0.000342007 0.0104215 -2.53461e-07 1.04507e-09 -2.53461e-07 1.03532e-06 
69
0.0795089
0
0.000598311
0.0120815 -0.000342268 1.2691e-09 -0.000342268 0.0104215 -2.53466e-07 1.2691e-09 -2.53466e-07 1.03532e-06 
70
0.079689
0
0.000656185
0.0120815 -0.000342366 1.30924e-09 -0.000342366 0.0104215 -2.53468e-07 1.30924e-09 -2.53468e-07 1.03532e-06 
71
0.0800175
0
0.000621181
0.0120814 -0.000343066 1.71643e-09 -0.000343066 0.0104216 -2.53478e-07 1.71643e-09 -2.53478e-07 1.03532e-06 
72
0.0801121
0
0.000185435
0.0120814 -0.000343334 1.78334e-09 -0.000343334 0.0104216 -2.53479e-07 1.78334e-09 -2.53479e-07 1.03532e-06 
73
0.0806169
0
0.000356232
0.0120815 -0.000342117 9.89516e-10 -0.000342117 0.0104215 -2.53462e-07 9.89516e-10 -2.53462e-07 1.03532e-06 
74
0.0807924
0
0.00123327
0.0120815 -0.000341649 8.62239e-10 -0.000341649 0.0104215 -2.53458e-07 8.62239e-10 -2.53458e-07 1.03532e-06 
75
0.0812147
0
0.00184435
0.0120814 -0.000342912 1.72823e-09 -0.000342912 0.0104215 -2.53477e-07 1.72823e-09 -2.53477e-07 1.03532e-06 
76
0.0815042
0
0.000483663
0.0120814 -0.000343385 1.88071e-09 -0.000343385 0.0104216 -2.5348e-07 1.88071e-09 -2.5348e-07 1.03532e-06 
77
0.0814255
0
-0.00181424
0.0120814 -0.000343059 1.58039e-09 -0.000343059 0.0104216 -2.53472e-07 1.58039e-09 -2.53472e-07 1.03532e-06 
78
0.0813954
0
-0.00011693
0.0120814 -0.000342971 1.50996e-09 -0.000342971 0.0104216 -2.53471e-07 1.50996e-09 -2.53471e-07 1.03532e-06 
79
0.0817116
0
0.00211647
0.0120818 -0.000332172 -4.97664e-09 -0.000332172 0.0104216 -2.53485e-07 -4.97664e-09 -2.53485e-07 1.03532e-06 
80
0.0819459
0
0.00120149
0.0120819 -0.000328007 -6.05962e-09 -0.000328007 0.0104215 -2.53488e-07 -6.05962e-09 -2.53488e-07 1.03532e-06 
81
0.0782172
0
0.00190939
0.0120814 -0.000338624 1.10899e-09 -0.000338624 0.0104214 -2.53476e-07 1.10899e-09 -2.53476e-07 1.03532e-06 
82
0.0765285
0
0.00038024
0.0120813 -0.000342671 2.33102e-09 -0.000342671 0.0104215 -2.53501e-07 2.33102e-09 -2.53501e-07 1.03532e-06 
83
0.0755808
0
2.5338e-05
0.0120811 -0.000346096 3.65699e-09 -0.000346096 0.0104216 -2.53551e-07 3.65699e-09 -2.53551e-07 1.03532e-06 
84
0.0755292
0
-6.26847e-05
0.0120811 -0.000347411 3.87898e-09 -0.000347411 0.0104217 -2.53563e-07 3.87898e-09 -2.53563e-07 1.03532e-06 
85
0.0755785
0
-0.000701852
0.0120812 -0.000346596 3.11852e-09 -0.000346596 0.0104217 -2.53536e-07 3.11852e-09 -2.53536e-07 1.03532e-06 
86
0.0753797
0
-0.000269805
0.0120812 -0.000346294 2.98461e-09 -0.000346294 0.0104217 -2.53531e-07 2.98461e-09 -2.53531e-07 1.03532e-06 
87
0.0755394
0
0.000245703
0.0120811 -0.000347891 4.00031e-09 -0.000347891 0.0104218 -2.5357e-07 4.00031e-09 -2.5357e-07 1.03532e-06 
88
0.0760593
0
0.00132843
0.0120811 -0.000348493 4.17345e-09 -0.000348493 0.0104218 -2.53577e-07 4.17345e-09 -2.53577e-07 1.03533e-06 
89
0.0733724
0
-0.00228325
0.0120813 -0.000345796 2.45507e-09 -0.000345796 0.0104217 -2.53515e-07 2.45507e-09 -2.53515e-07 1.03532e-06 
90
0.0724056
0
-0.000123208
0.0120813 -0.000344823 2.13565e-09 -0.000344823 0.0104217 -2.5351e-07 2.13565e-09 -2.5351e-07 1.03532e-06 
91
0.0723366
0
0.00149999
0.0120812 -0.000345872 2.96942e-09 -0.000345872 0.0104217 -2.53539e-07 2.96942e-09 -2.53539e-07 1.03532e-06 
92
0.0720736
0
-0.00136822
0.0120812 -0.000346247 3.12394e-09 -0.000346247 0.0104217 -2.53544e-07 3.12394e-09 -2.53544e-07 1.03532e-06 
93
0.07191
0
-0.000594547
0.0120813 -0.000345509 2.57392e-09 -0.000345509 0.0104217 -2.53527e-07 2.57392e-09 -2.53527e-07 1.03532e-06 
94
0.0724957
0
3.45862e-05
0.0120813 -0.000345214 2.48511e-09 -0.000345214 0.0104217 -2.53525e-07 2.48511e-09 -2.53525e-07 1.03532e-06 
95
0.0728446
0
-0.000486071
0.0120812 -0.000346412 3.27109e-09 -0.000346412 0.0104217 -2.53549e-07 3.27109e-09 -2.53549e-07 1.03532e-06 
96
0.0728247
0
-0.00175883
0.0120812 -0.000346878 3.40139e-09 -0.000346878 0.0104217 -2.53553e-07 3.40139e-09 -2.53553e-07 1.03532e-06 
97
0.0728626
0
-0.000210429
0.0120811 -0.000347346 3.57902e-09 -0.000347346 0.0104217 -2.5356e-07 3.57902e-09 -2.5356e-07 1.03532e-06 
98
0.0732628
0
0.000702013
0.0120811 -0.0003475 3.61918e-09 -0.0003475 0.0104217 -2.53562e-07 3.61918e-09 -2.53562e-07 1.03532e-06 
99
0.0735776
0
-0.00107763
0.0120811 -0.000348072 3.95397e-09 -0.000348072 0.0104218 -2.53574e-07 3.95397e-09 -2.53574e-07 1.03533e-06 
100
0.0735171
0
-0.00207894
0.0120811 -0.000348319 3.9993e-09 -0.000348319 0.0104218 -2.53575e-07 3.9993e-09 -2.53575e-07 1.03533e-06 
101
0.0734846
0
-0.00142115
0.0120812 -0.000321511 -1.22573e-08 -0.000321511 0.0104225 -2.53956e-07 -1.22573e-08 -2.53956e-07 1.03533e-06 
102
0.073665
0
-0.000501064
0.0120813 -0.000311242 -1.50178e-08 -0.000311242 0.0104225 -2.54047e-07 -1.50178e-08 -2.54047e-07 1.03533e-06 
103
0.0740415
0
0.00289692
0.0120808 -0.000334095 6.79543e-10 -0.000334095 0.0104217 -2.53565e-07 6.79543e-10 -2.53565e-07 1.03532e-06 
104
0.0746795
0
-7.41605e-05
0.0120809 -0.000342774 3.36262e-09 -0.000342774 0.0104216 -2.53557e-07 3.36262e-09 -2.53557e-07 1.03532e-06 
105
0.0719996
0
-0.000610376
0.0120815 -0.000331165 -5.21981e-09 -0.000331165 0.0104216 -2.53528e-07 -5.21981e-09 -2.53528e-07 1.03532e-06 
106
0.0704943
0
0.00392086
0.0120818 -0.000326735 -6.67294e-09 -0.000326735 0.0104216 -2.53535e-07 -6.67294e-09 -2.53535e-07 1.03532e-06 
107
0.0708957
0
0.00414761
0.0120818 -0.000328158 -4.97628e-09 -0.000328158 0.0104214 -2.53487e-07 -4.97628e-09 -2.53487e-07 1.03532e-06 
108
0.0713582
0
-0.000108185
0.0120819 -0.000328698 -4.68778e-09 -0.000328698 0.0104214 -2.53481e-07 -4.68778e-09 -2.53481e-07 1.03532e-06 
109
0.0704663
0
1.17094e-05
0.0120817 -0.000333876 -1.70112e-09 -0.000333876 0.0104213 -2.53455e-07 -1.70112e-09 -2.53455e-07 1.03532e-06 
110
0.0708103
0
-0.00106259
0.0120817 -0.000335853 -1.1956e-09 -0.000335853 0.0104214 -2.53459e-07 -1.1956e-09 -2.53459e-07 1.03532e-06 
111
0.0710319
0
-0.00362571
0.0120813 -0.000343384 2.96141e-09 -0.000343384 0.0104215 -2.53547e-07 2.96141e-09 -2.53547e-07 1.03532e-06 
112
0.0704555
0
-0.00269574
0.0120811 -0.000346303 3.63853e-09 -0.000346303 0.0104217 -2.53567e-07 3.63853e-09 -2.53567e-07 1.03532e-06 
113
0.0692124
0
-0.000837624
0.0120809 -0.000349385 4.95368e-09 -0.000349385 0.0104218 -2.53627e-07 4.95368e-09 -2.53627e-07 1.03533e-06 
114
0.0690342
0
0.000599076
0.0120809 -0.000350534 5.18886e-09 -0.000350534 0.0104219 -2.53641e-07 5.18886e-09 -2.53641e-07 1.03533e-06 
115
0.0680769
0
-0.000145554
0.0120809 -0.000349896 4.60862e-09 -0.000349896 0.0104219 -2.53614e-07 4.60862e-09 -2.53614e-07 1.03533e-06 
116
0.0673538
0
-0.00150408
0.012081 -0.000349664 4.50669e-09 -0.000349664 0.0104219 -2.53612e-07 4.50669e-09 -2.53612e-07 1.03533e-06 
117
0.0675428
0
-0.0010768
0.0120813 -0.000345362 1.91579e-09 -0.000345362 0.0104217 -2.53525e-07 1.91579e-09 -2.53525e-07 1.03532e-06 
118
0.0681988
0
0.000334365
0.0120814 -0.00034371 1.47159e-09 -0.00034371 0.0104216 -2.5351e-07 1.47159e-09 -2.5351e-07 1.03532e-06 
119
0.0685628
0
0.000618301
0.0120814 -0.000343585 1.72289e-09 -0.000343585 0.0104216 -2.53513e-07 1.72289e-09 -2.53513e-07 1.03532e-06 
120
0.0687019
0
5.41888e-05
0.0120814 -0.000343533 1.77256e-09 -0.000343533 0.0104216 -2.53513e-07 1.77256e-09 -2.53513e-07 1.03532e-06 
121
0.0705796
0
0.000383401
0.0120814 -0.00034392 2.02157e-09 -0.00034392 0.0104216 -2.53519e-07 2.02157e-09 -2.53519e-07 1.03532e-06 
122
0.0716914
0
-0.00045958
0.0120814 -0.000344064 2.06747e-09 -0.000344064 0.0104216 -2.53516e-07 2.06747e-09 -2.53516e-07 1.03532e-06 
123
0.0729761
0
-8.69114e-05
0.0120813 -0.000345059 2.62705e-09 -0.000345059 0.0104216 -2.5353e-07 2.62705e-09 -2.5353e-07 1.03532e-06 
124
0.0731232
0
-0.00086327
0.0120813 -0.000345433 2.72185e-09 -0.000345433 0.0104217 -2.5353e-07 2.72185e-09 -2.5353e-07 1.03532e-06 
125
0.0725517
0
-0.00139651
0.0120815 -0.000342143 6.56519e-10 -0.000342143 0.0104216 -2.5348e-07 6.56519e-10 -2.5348e-07 1.03532e-06 
126
0.0729594
0
0.000102107
0.0120815 -0.000340894 3.04292e-10 -0.000340894 0.0104215 -2.53472e-07 3.04292e-10 -2.53472e-07 1.03532e-06 
127
0.0733906
0
-0.000471064
0.0120813 -0.000344759 2.88921e-09 -0.000344759 0.0104216 -2.53536e-07 2.88921e-09 -2.53536e-07 1.03532e-06 
128
0.0729829
0
-0.00133559
0.0120812 -0.000346245 3.32159e-09 -0.000346245 0.0104217 -2.53549e-07 3.32159e-09 -2.53549e-07 1.03532e-06 
129
0.0706314
0
-0.000970499
0.0120815 -0.000341398 1.08786e-10 -0.000341398 0.0104216 -2.53474e-07 1.08786e-10 -2.53474e-07 1.03532e-06 
130
0.0695668
0
-0.000585101
0.0120816 -0.000339539 -4.35391e-10 -0.000339539 0.0104215 -2.53467e-07 -4.35391e-10 -2.53467e-07 1.03532e-06 
131
0.0690472
0
0.0010938
0.0120814 -0.000343061 2.03424e-09 -0.000343061 0.0104216 -2.53518e-07 2.03424e-09 -2.53518e-07 1.03532e-06 
132
0.0690564
0
0.000276854
0.0120813 -0.000344381 2.4667e-09 -0.000344381 0.0104216 -2.53531e-07 2.4667e-09 -2.53531e-07 1.03532e-06 
133
0.0688639
0
-0.00103591
0.0120813 -0.000345168 2.69864e-09 -0.000345168 0.0104216 -2.53539e-07 2.69864e-09 -2.53539e-07 1.03532e-06 
134
0.0685714
0
-0.000773791
0.0120813 -0.00034549 2.72404e-09 -0.00034549 0.0104217 -2.5354e-07 2.72404e-09 -2.5354e-07 1.03532e-06 
135
0.068649
0
0.000172461
0.0120816 -0.000338056 -1.83264e-09 -0.000338056 0.0104216 -2.53477e-07 -1.83264e-09 -2.53477e-07 1.03532e-06 
136
0.0688926
0
0.000612977
0.0120818 -0.000335199 -2.59583e-09 -0.000335199 0.0104215 -2.53466e-07 -2.59583e-09 -2.53466e-07 1.03532e-06 
137
0.0667949
0
0.000501214
0.0120815 -0.000340063 8.76372e-10 -0.000340063 0.0104215 -2.53494e-07 8.76372e-10 -2.53494e-07 1.03532e-06 
138
0.0657778
0
-0.000681093
0.0120814 -0.000341923 1.46224e-09 -0.000341923 0.0104215 -2.53509e-07 1.46224e-09 -2.53509e-07 1.03532e-06 
139
0.0653943
0
9.50401e-05
0.0120817 -0.000335762 -2.6069e-09 -0.000335762 0.0104215 -2.53483e-07 -2.6069e-09 -2.53483e-07 1.03532e-06 
140
0.0650659
0
0.000396845
0.0120818 -0.000333394 -3.29363e-09 -0.000333394 0.0104214 -2.53478e-07 -3.29363e-09 -2.53478e-07 1.03532e-06 
141
0.0649497
0
0.00099106
0.0120817 -0.000336193 -1.17076e-09 -0.000336193 0.0104214 -2.53474e-07 -1.17076e-09 -2.53474e-07 1.03532e-06 
142
0.0652448
0
0.00120996
0.0120817 -0.000337253 -8.05114e-10 -0.000337253 0.0104214 -2.53477e-07 -8.05114e-10 -2.53477e-07 1.03532e-06 
143
0.0655666
0
0.000989008
0.0120814 -0.000341765 1.74432e-09 -0.000341765 0.0104215 -2.53521e-07 1.74432e-09 -2.53521e-07 1.03532e-06 
144
0.0655173
0
0.000545746
0.0120814 -0.000343494 2.17557e-09 -0.000343494 0.0104215 -2.53531e-07 2.17557e-09 -2.53531e-07 1.03532e-06 
145
0.0664775
0
-0.000201061
0.0120816 -0.000339787 -3.94152e-10 -0.000339787 0.0104215 -2.53485e-07 -3.94152e-10 -2.53485e-07 1.03532e-06 
146
0.0672112
0
-0.000228184
0.0120816 -0.000338382 -8.33076e-10 -0.000338382 0.0104215 -2.53475e-07 -8.33076e-10 -2.53475e-07 1.03532e-06 
147
0.0678027
0
5.77009e-05
0.0120817 -0.000337446 -1.15217e-09 -0.000337446 0.0104214 -2.5347e-07 -1.15217e-09 -2.5347e-07 1.03532e-06 
148
0.0681793
0
0.000530851
0.0120817 -0.000337083 -1.20481e-09 -0.000337083 0.0104214 -2.53467e-07 -1.20481e-09 -2.53467e-07 1.03532e-06 
149
0.0680553
0
-0.000769435
0.0120819 -0.000331769 -4.33194e-09 -0.000331769 0.0104215 -2.5349e-07 -4.33194e-09 -2.5349e-07 1.03532e-06 
150
0.068173
0
-0.000508742
0.0120819 -0.000329758 -4.87211e-09 -0.000329758 0.0104214 -2.53492e-07 -4.87211e-09 -2.53492e-07 1.03532e-06 
151
0.0684873
0
0.0006012
0.0120816 -0.000337336 7.68635e-11 -0.000337336 0.0104214 -2.53484e-07 7.68635e-11 -2.53484e-07 1.03532e-06 
152
0.0688575
0
-5.44644e-05
0.0120815 -0.000340216 9.25403e-10 -0.000340216 0.0104214 -2.53493e-07 9.25403e-10 -2.53493e-07 1.03532e-06 
153
0.0685352
0
-0.00130425
0.0120817 -0.000335363 -2.52958e-09 -0.000335363 0.0104215 -2.53472e-07 -2.52958e-09 -2.53472e-07 1.03532e-06 
154
0.0683312
0
-0.000907221
0.0120818 -0.000333528 -3.13146e-09 -0.000333528 0.0104214 -2.53468e-07 -3.13146e-09 -2.53468e-07 1.03532e-06 
155
0.0688994
0
-0.000487355
0.0120819 -0.000328974 -5.56331e-09 -0.000328974 0.0104215 -2.53511e-07 -5.56331e-09 -2.53511e-07 1.03532e-06 
156
0.0692751
0
-6.46859e-05
0.0120819 -0.000327225 -5.97581e-09 -0.000327225 0.0104215 -2.53515e-07 -5.97581e-09 -2.53515e-07 1.03532e-06 
157
0.0696766
0
0.000203919
0.0120819 -0.000320707 -9.57317e-09 -0.000320707 0.0104217 -2.53667e-07 -9.57317e-09 -2.53667e-07 1.03533e-06 
158
0.0701365
0
-6.34489e-05
0.0120819 -0.000318209 -1.01828e-08 -0.000318209 0.0104217 -2.53687e-07 -1.01828e-08 -2.53687e-07 1.03533e-06 
159
0.0702661
0
-0.000803434
0.0120818 -0.000326949 -4.44278e-09 -0.000326949 0.0104214 -2.53482e-07 -4.44278e-09 -2.53482e-07 1.03532e-06 
160
0.0709802
0
0.000291659
0.0120818 -0.000330301 -3.47748e-09 -0.000330301 0.0104213 -2.53464e-07 -3.47748e-09 -2.53464e-07 1.03532e-06 
161
0.0683538
0
0.000205779
0.0120817 -0.000335011 -1.21985e-09 -0.000335011 0.0104213 -2.53458e-07 -1.21985e-09 -2.53458e-07 1.03532e-06 
162
0.0668578
0
-0.000925383
0.0120816 -0.000336813 -8.33895e-10 -0.000336813 0.0104214 -2.53467e-07 -8.33895e-10 -2.53467e-07 1.03532e-06 
163
0.0657666
0
-0.00109825
0.0120817 -0.000335405 -2.05103e-09 -0.000335405 0.0104214 -2.53468e-07 -2.05103e-09 -2.53468e-07 1.03532e-06 
164
0.0659212
0
0.000724711
0.0120817 -0.000334869 -2.26151e-09 -0.000334869 0.0104214 -2.5347e-07 -2.26151e-09 -2.5347e-07 1.03532e-06 
165
0.066125
0
-0.000614914
0.0120819 -0.000324148 -8.62173e-09 -0.000324148 0.0104217 -2.53646e-07 -8.62173e-09 -2.53646e-07 1.03533e-06 
166
0.0644665
0
-0.00406376
0.0120819 -0.000320068 -9.71277e-09 -0.000320068 0.0104217 -2.53673e-07 -9.71277e-09 -2.53673e-07 1.03533e-06 
167
0.0622289
0
-6.11122e-05
0.0120818 -0.000320557 -8.72969e-09 -0.000320557 0.0104216 -2.53621e-07 -8.72969e-09 -2.53621e-07 1.03533e-06 
168
0.0648247
0
0.00749886
0.0120819 -0.00032068 -8.53949e-09 -0.00032068 0.0104216 -2.53621e-07 -8.53949e-09 -2.53621e-07 1.03533e-06 
169
0.0839845
0
0.0240671
0.0120816 -0.000331882 -1.64506e-09 -0.000331882 0.0104213 -2.53484e-07 -1.64506e-09 -2.53484e-07 1.03532e-06 
170
0.13115
0
0.00746643
0.0120818 -0.000335902 -3.52977e-10 -0.000335902 0.0104212 -2.53435e-07 -3.52977e-10 -2.53435e-07 1.03532e-06 
171
0.167453
0
-0.0342256
0.0120816 -0.000340486 1.46069e-09 -0.000340486 0.0104213 -2.53346e-07 1.46069e-09 -2.53346e-07 1.03532e-06 
172
0.179885
0
-0.0455833
0.0120812 -0.0003429 1.4814e-09 -0.0003429 0.0104217 -2.53253e-07 1.4814e-09 -2.53253e-07 1.03532e-06 
173
0.191531
0
0.00273
0.0120812 -0.000337511 -2.5482e-09 -0.000337511 0.0104218 -2.53177e-07 -2.5482e-09 -2.53177e-07 1.03532e-06 
174
0.220178
0
0.037337
0.0120816 -0.000334684 -2.92857e-09 -0.000334684 0.0104215 -2.53142e-07 -2.92857e-09 -2.53142e-07 1.03532e-06 
175
0.250581
0
-0.00607173
0.0120817 -0.000339676 1.26818e-09 -0.000339676 0.0104213 -2.53103e-07 1.26818e-09 -2.53103e-07 1.03532e-06 
176
0.265158
0
-0.0551539
0.0120814 -0.000342273 1.72415e-09 -0.000342273 0.0104215 -2.53032e-07 1.72415e-09 -2.53032e-07 1.03532e-06 
177
0.271929
0
-0.0361588
0.0120805 -0.000350398 5.28385e-09 -0.000350398 0.0104221 -2.5315e-07 5.28385e-09 -2.5315e-07 1.03532e-06 
178
0.289195
0
0.0121769
0.0120802 -0.000353201 5.97003e-09 -0.000353201 0.0104223 -2.53163e-07 5.97003e-09 -2.53163e-07 1.03532e-06 
179
0.311276
0
0.000496296
0.0120802 -0.000356806 8.41061e-09 -0.000356806 0.0104223 -2.5326e-07 8.41061e-09 -2.5326e-07 1.03533e-06 
180
0.325124
0
-0.0427828
0.0120801 -0.00035837 8.76766e-09 -0.00035837 0.0104224 -2.53227e-07 8.76766e-09 -2.53227e-07 1.03533e-06 
181
0.338916
0
-0.0420309
0.0120797 -0.000360441 8.99168e-09 -0.000360441 0.0104228 -2.53229e-07 8.99168e-09 -2.53229e-07 1.03533e-06 
182
0.353802
0
-0.0122249
0.0120795 -0.00036122 9.00868e-09 -0.00036122 0.010423 -2.532e-07 9.00868e-09 -2.532e-07 1.03533e-06 
183
0.370467
0
-0.0150739
0.0120808 -0.000335631 -6.07649e-09 -0.000335631 0.0104224 -2.5288e-07 -6.07649e-09 -2.5288e-07 1.03532e-06 
184
0.384198
0
-0.0381655
0.0120813 -0.00032589 -8.63293e-09 -0.00032589 0.010422 -2.52821e-07 -8.63293e-09 -2.52821e-07 1.03532e-06 
185
0.399408
0
-0.0440511
0.0120796 -0.000350324 7.48314e-09 -0.000350324 0.0104225 -2.53072e-07 7.48314e-09 -2.53072e-07 1.03533e-06 
186
0.41795
0
-0.0286802
0.0120791 -0.000359751 1.01296e-08 -0.000359751 0.0104229 -2.53144e-07 1.01296e-08 -2.53144e-07 1.03533e-06 
187
0.434868
0
-0.0218478
0.0120785 -0.000366929 1.30102e-08 -0.000366929 0.0104235 -2.53359e-07 1.30102e-08 -2.53359e-07 1.03533e-06 
188
0.446332
0
-0.0396803
0.0120784 -0.000369565 1.35914e-08 -0.000369565 0.0104237 -2.53363e-07 1.35914e-08 -2.53363e-07 1.03533e-06 
189
0.459725
0
-0.0457425
0.0120799 -0.000353833 3.33652e-09 -0.000353833 0.0104227 -2.52621e-07 3.33652e-09 -2.52621e-07 1.03532e-06 
190
0.476395
0
-0.03181
0.0120804 -0.000347917 1.522e-09 -0.000347917 0.0104223 -2.52487e-07 1.522e-09 -2.52487e-07 1.03532e-06 
191
0.491352
0
-0.0287595
0.0120805 -0.00034848 3.10457e-09 -0.00034848 0.0104221 -2.52486e-07 3.10457e-09 -2.52486e-07 1.03532e-06 
192
0.50141
0
-0.044085
0.0120806 -0.000348647 3.40838e-09 -0.000348647 0.0104221 -2.52454e-07 3.40838e-09 -2.52454e-07 1.03532e-06 
193
0.508359
0
-0.0489566
0.0120801 -0.0003545 6.727e-09 -0.0003545 0.0104224 -2.52605e-07 6.727e-09 -2.52605e-07 1.03532e-06 
194
0.520629
0
-0.0391441
0.0120798 -0.000356813 7.23993e-09 -0.000356813 0.0104226 -2.52618e-07 7.23993e-09 -2.52618e-07 1.03532e-06 
195
0.532184
0
-0.0377996
0.012079 -0.000364396 1.15007e-08 -0.000364396 0.0104233 -2.52944e-07 1.15007e-08 -2.52944e-07 1.03533e-06 
196
0.541747
0
-0.0435868
0.0120787 -0.000367272 1.2228e-08 -0.000367272 0.0104235 -2.52975e-07 1.2228e-08 -2.52975e-07 1.03533e-06 
197
0.554664
0
-0.0481515
0.0120788 -0.000365832 1.07297e-08 -0.000365832 0.0104234 -2.52809e-07 1.07297e-08 -2.52809e-07 1.03533e-06 
198
0.569424
0
-0.0433634
0.0120789 -0.000365354 1.04454e-08 -0.000365354 0.0104234 -2.52754e-07 1.04454e-08 -2.52754e-07 1.03533e-06 
199
0.585104
0
-0.0409681
0.0120788 -0.000365884 1.09085e-08 -0.000365884 0.0104235 -2.52755e-07 1.09085e-08 -2.52755e-07 1.03533e-06 
200
0.600934
0
-0.0419615
0.0120788 -0.000366048 1.10093e-08 -0.000366048 0.0104235 -2.5272e-07 1.10093e-08 -2.5272e-07 1.03533e-06 
201
0.620132
0
-0.0417749
0.0120793 -0.000362039 8.56627e-09 -0.000362039 0.0104231 -2.52472e-07 8.56627e-09 -2.52472e-07 1.03533e-06 
202
0.636988
0
-0.0375541
0.0120795 -0.000360504 8.13697e-09 -0.000360504 0.010423 -2.52389e-07 8.13697e-09 -2.52389e-07 1.03533e-06 
203
0.651786
0
-0.0280596
0.0120801 -0.000353775 4.41479e-09 -0.000353775 0.0104225 -2.52123e-07 4.41479e-09 -2.52123e-07 1.03532e-06 
204
0.668466
0
-0.0306432
0.0120804 -0.000351053 3.84589e-09 -0.000351053 0.0104223 -2.52049e-07 3.84589e-09 -2.52049e-07 1.03532e-06 
205
0.683511
0
-0.0296974
0.0120808 -0.000346745 1.74689e-09 -0.000346745 0.010422 -2.5193e-07 1.74689e-09 -2.5193e-07 1.03532e-06 
206
0.698483
0
-0.022318
0.0120809 -0.000345084 1.39908e-09 -0.000345084 0.0104219 -2.51877e-07 1.39908e-09 -2.51877e-07 1.03532e-06 
207
0.71576
0
-0.0201802
0.0120813 -0.000336119 -3.56239e-09 -0.000336119 0.0104218 -2.51809e-07 -3.56239e-09 -2.51809e-07 1.03532e-06 
208
0.733826
0
-0.0236037
0.0120815 -0.000332657 -4.39879e-09 -0.000332657 0.0104217 -2.51759e-07 -4.39879e-09 -2.51759e-07 1.03532e-06 
209
0.750415
0
-0.0240189
0.0120815 -0.000331917 -4.25806e-09 -0.000331917 0.0104216 -2.51705e-07 -4.25806e-09 -2.51705e-07 1.03532e-06 
210
0.765481
0
-0.0206413
0.0120815 -0.00033164 -4.25293e-09 -0.00033164 0.0104216 -2.5166e-07 -4.25293e-09 -2.5166e-07 1.03532e-06 
211
0.781598
0
-0.0167305
0.0120816 -0.000329893 -5.18516e-09 -0.000329893 0.0104216 -2.51637e-07 -5.18516e-09 -2.51637e-07 1.03532e-06 
212
0.797216
0
-0.0189454
0.0120816 -0.000329163 -5.31001e-09 -0.000329163 0.0104216 -2.51596e-07 -5.31001e-09 -2.51596e-07 1.03532e-06 
213
0.813342
0
-0.0187528
0.0120817 -0.0003248 -7.81971e-09 -0.0003248 0.0104217 -2.51635e-07 -7.81971e-09 -2.51635e-07 1.03532e-06 
214
0.831007
0
-0.021014
0.0120817 -0.000323129 -8.25021e-09 -0.000323129 0.0104217 -2.51602e-07 -8.25021e-09 -2.51602e-07 1.03532e-06 
215
0.84742
0
-0.0201071
0.0120816 -0.000325579 -6.51197e-09 -0.000325579 0.0104216 -2.51491e-07 -6.51197e-09 -2.51491e-07 1.03532e-06 
216
0.86234
0
-0.0180583
0.0120816 -0.000326502 -6.21868e-09 -0.000326502 0.0104216 -2.51441e-07 -6.21868e-09 -2.51441e-07 1.03532e-06 
217
0.876362
0
-0.0141866
0.0120817 -0.000326293 -6.47618e-09 -0.000326293 0.0104216 -2.51409e-07 -6.47618e-09 -2.51409e-07 1.03532e-06 
218
0.891225
0
-0.0154612
0.0120817 -0.000326151 -6.48963e-09 -0.000326151 0.0104215 -2.51373e-07 -6.48963e-09 -2.51373e-07 1.03532e-06 
219
0.90543
0
-0.0178111
0.0120817 -0.000325453 -6.89185e-09 -0.000325453 0.0104216 -2.51346e-07 -6.89185e-09 -2.51346e-07 1.03532e-06 
220
0.919668
0
-0.0199969
0.0120817 -0.000325223 -6.97569e-09 -0.000325223 0.0104216 -2.5131e-07 -6.97569e-09 -2.5131e-07 1.03532e-06 
221
0.933677
0
-0.0216465
0.0120816 -0.000319327 -1.05236e-08 -0.000319327 0.0104219 -2.5144e-07 -1.05236e-08 -2.5144e-07 1.03532e-06 
222
0.946955
0
-0.0152684
0.0120816 -0.000317097 -1.11528e-08 -0.000317097 0.0104219 -2.51426e-07 -1.11528e-08 -2.51426e-07 1.03532e-06 
223
0.960574
0
-0.0161974
0.0120816 -0.000316808 -1.08299e-08 -0.000316808 0.0104219 -2.51371e-07 -1.08299e-08 -2.51371e-07 1.03532e-06 
224
0.973198
0
-0.0182307
0.0120816 -0.000316712 -1.07807e-08 -0.000316712 0.0104219 -2.51333e-07 -1.07807e-08 -2.51333e-07 1.03532e-06 
225
0.984828
0
-0.0200731
0.0120815 -0.000315648 -1.14089e-08 -0.000315648 0.0104219 -2.51339e-07 -1.14089e-08 -2.51339e-07 1.03533e-06 
226
0.998638
0.0506347
-0.0216448
0.0120815 -0.00031527 -1.15404e-08 -0.00031527 0.010422 -2.51313e-07 -1.15404e-08 -2.51313e-07 1.03533e-06 
227
1.0131
0
-0.0174807
0.0120814 -0.000312361 -1.32597e-08 -0.000312361 0.0104222 -2.51399e-07 -1.32597e-08 -2.51399e-07 1.03533e-06 
228
1.0257
0.0534541
-0.0145895
0.0120814 -0.000311182 -1.35221e-08 -0.000311182 0.0104222 -2.51378e-07 -1.35221e-08 -2.51378e-07 1.03533e-06 
229
1.0395
0.0538481
-0.0178928
0.0120815 -0.000315864 -1.04528e-08 -0.000315864 0.0104218 -2.51137e-07 -1.04528e-08 -2.51137e-07 1.03532e-06 
230
1.05176
0.0530107
-0.0189476
0.0120815 -0.000317708 -9.95167e-09 -0.000317708 0.0104218 -2.51075e-07 -9.95167e-09 -2.51075e-07 1.03532e-06 
231
1.06909
0.0532997
-0.0188593
0.0120813 -0.000309798 -1.50493e-08 -0.000309798 0.0104224 -2.51424e-07 -1.50493e-08 -2.51424e-07 1.03533e-06 
232
1.08484
0.0528987
-0.0175119
0.0120811 -0.00030677 -1.59163e-08 -0.00030677 0.0104226 -2.51435e-07 -1.59163e-08 -2.51435e-07 1.03533e-06 
233
1.10072
0.0569459
-0.0117464
0.0120813 -0.000311298 -1.2634e-08 -0.000311298 0.0104221 -2.51116e-07 -1.2634e-08 -2.51116e-07 1.03533e-06 
234
1.11432
0.0597128
-0.0117005
0.0120814 -0.000312938 -1.20557e-08 -0.000312938 0.010422 -2.5104e-07 -1.20557e-08 -2.5104e-07 1.03533e-06 
235
1.12748
0.0571299
-0.00903644
0.0120813 -0.000309187 -1.45857e-08 -0.000309187 0.0104223 -2.51206e-07 -1.45857e-08 -2.51206e-07 1.03533e-06 
236
1.14272
0.0572347
-0.0119394
0.0120813 -0.00030771 -1.4984e-08 -0.00030771 0.0104224 -2.51199e-07 -1.4984e-08 -2.51199e-07 1.03533e-06 
237
1.15949
0.0573625
-0.00889878
0.0120814 -0.000313164 -1.14867e-08 -0.000313164 0.0104219 -2.50889e-07 -1.14867e-08 -2.50889e-07 1.03533e-06 
238
1.17591
0.0599656
-0.010656
0.0120816 -0.000315202 -1.08748e-08 -0.000315202 0.0104218 -2.50811e-07 -1.08748e-08 -2.50811e-07 1.03532e-06 
239
1.19136
0.0601579
-0.00866386
0.0120816 -0.000315609 -1.10258e-08 -0.000315609 0.0104218 -2.50777e-07 -1.10258e-08 -2.50777e-07 1.03532e-06 
240
1.20653
0.0633909
-0.00438522
0.0120816 -0.000315734 -1.1038e-08 -0.000315734 0.0104218 -2.50736e-07 -1.1038e-08 -2.50736e-07 1.03532e-06 
241
1.22429
0.06136
-0.00426372
0.0120816 -0.000312394 -1.30145e-08 -0.000312394 0.010422 -2.50837e-07 -1.30145e-08 -2.50837e-07 1.03533e-06 
242
1.24306
0.0614907
-0.0138251
0.0120816 -0.000311115 -1.33376e-08 -0.000311115 0.0104221 -2.5081e-07 -1.33376e-08 -2.5081e-07 1.03533e-06 
243
1.26337
0.0630078
-0.0139619
0.0120815 -0.000313302 -1.19435e-08 -0.000313302 0.0104219 -2.50651e-07 -1.19435e-08 -2.50651e-07 1.03533e-06 
244
1.28544
0.063867
-0.0140936
0.0120815 -0.000314141 -1.17216e-08 -0.000314141 0.0104219 -2.50584e-07 -1.17216e-08 -2.50584e-07 1.03533e-06 
245
1.30516
0.0644676
-0.00609347
0.0120815 -0.000313934 -1.20054e-08 -0.000313934 0.010422 -2.50545e-07 -1.20054e-08 -2.50545e-07 1.03533e-06 
246
1.32182
0.0644247
-0.00814677
0.0120816 -0.000313728 -1.20034e-08 -0.000313728 0.0104219 -2.50495e-07 -1.20034e-08 -2.50495e-07 1.03533e-06 
247
1.33765
0.0614084
-0.00614457
0.0120816 -0.000313811 -1.19327e-08 -0.000313811 0.0104219 -2.50445e-07 -1.19327e-08 -2.50445e-07 1.03533e-06 
248
1.35435
0.060945
-0.00316234
0.0120816 -0.000313811 -1.18949e-08 -0.000313811 0.0104219 -2.50402e-07 -1.18949e-08 -2.50402e-07 1.03533e-06 
249
1.37102
0.0670849
-0.00811944
0.0120817 -0.000315094 -1.10678e-08 -0.000315094 0.0104218 -2.50306e-07 -1.10678e-08 -2.50306e-07 1.03532e-06 
250
1.38618
0.0711972
-0.012058
0.0120817 -0.000315663 -1.09818e-08 -0.000315663 0.0104218 -2.50254e-07 -1.09818e-08 -2.50254e-07 1.03532e-06 
251
1.40055
0.0731729
-0.0170692
0.0120816 -0.000314084 -1.21257e-08 -0.000314084 0.0104219 -2.50286e-07 -1.21257e-08 -2.50286e-07 1.03533e-06 
252
1.41509
0.0761044
-0.0125891
0.0120815 -0.000313559 -1.2365e-08 -0.000313559 0.010422 -2.50257e-07 -1.2365e-08 -2.50257e-07 1.03533e-06 
253
1.43232
0.077154
-0.0105688
0.0120815 -0.000313023 -1.25541e-08 -0.000313023 0.010422 -2.50232e-07 -1.25541e-08 -2.50232e-07 1.03533e-06 
254
1.45024
0.0740294
-0.00842717
0.0120815 -0.000312785 -1.25751e-08 -0.000312785 0.010422 -2.50189e-07 -1.25751e-08 -2.50189e-07 1.03533e-06 
255
1.46798
0.074615
-0.00910342
0.0120815 -0.00031279 -1.24721e-08 -0.00031279 0.010422 -2.50136e-07 -1.24721e-08 -2.50136e-07 1.03533e-06 
256
1.48535
0.0743296
-0.015385
0.0120815 -0.000312802 -1.24591e-08 -0.000312802 0.010422 -2.50088e-07 -1.24591e-08 -2.50088e-07 1.03533e-06 
257
1.50196
0.0740348
-0.0140382
0.0120815 -0.000314637 -1.14602e-08 -0.000314637 0.0104219 -2.4997e-07 -1.14602e-08 -2.4997e-07 1.03532e-06 
258
1.51911
0.0819121
-0.0156696
0.0120816 -0.000315317 -1.12852e-08 -0.000315317 0.0104219 -2.49917e-07 -1.12852e-08 -2.49917e-07 1.03532e-06 
259
1.53861
0.0830311
-0.0137552
0.0120816 -0.000315868 -1.11384e-08 -0.000315868 0.0104219 -2.4986e-07 -1.11384e-08 -2.4986e-07 1.03532e-06 
260
1.55579
0.0765384
-0.00505402
0.0120816 -0.000316049 -1.11055e-08 -0.000316049 0.0104218 -2.49807e-07 -1.11055e-08 -2.49807e-07 1.03532e-06 
261
1.5736
0.076218
-0.00848746
0.0120816 -0.00031545 -1.13314e-08 -0.00031545 0.0104218 -2.49781e-07 -1.13314e-08 -2.49781e-07 1.03532e-06 
262
1.59174
0.0755455
-0.015183
0.0120816 -0.000315276 -1.13836e-08 -0.000315276 0.0104218 -2.49736e-07 -1.13836e-08 -2.49736e-07 1.03532e-06 
263
1.61036
0.0778932
-0.014908
0.0120816 -0.000315315 -1.14344e-08 -0.000315315 0.0104219 -2.49687e-07 -1.14344e-08 -2.49687e-07 1.03532e-06 
264
1.62548
0.0827557
-0.0147796
0.0120816 -0.000315326 -1.14565e-08 -0.000315326 0.0104219 -2.49638e-07 -1.14565e-08 -2.49638e-07 1.03532e-06 
265
1.63773
0.0847639
-0.0133013
0.0120802 -0.000295941 -2.30795e-08 -0.000295941 0.0104241 -2.50893e-07 -2.30795e-08 -2.50893e-07 1.03533e-06 
266
1.65239
0.0874992
-0.0203124
0.0120796 -0.000288493 -2.50592e-08 -0.000288493 0.0104247 -2.51068e-07 -2.50592e-08 -2.51068e-07 1.03533e-06 
267
1.67064
0.088918
-0.0215801
0.0120805 -0.000304486 -1.42607e-08 -0.000304486 0.0104227 -2.4974e-07 -1.42607e-08 -2.4974e-07 1.03533e-06 
268
1.68747
0.09041
-0.0167252
0.012081 -0.000310622 -1.24484e-08 -0.000310622 0.0104221 -2.49538e-07 -1.24484e-08 -2.49538e-07 1.03532e-06 
269
1.70319
0.0912953
-0.0140708
0.0120812 -0.000313293 -1.1863e-08 -0.000313293 0.010422 -2.49453e-07 -1.1863e-08 -2.49453e-07 1.03532e-06 
270
1.71937
0.0892462
-0.0146077
0.0120814 -0.000314273 -1.17401e-08 -0.000314273 0.0104219 -2.49405e-07 -1.17401e-08 -2.49405e-07 1.03532e-06 
271
1.73576
0.0913567
-0.0150277
0.0120814 -0.000312927 -1.27439e-08 -0.000312927 0.010422 -2.49433e-07 -1.27439e-08 -2.49433e-07 1.03533e-06 
272
1.75121
0.0914426
-0.014479
0.0120814 -0.000312419 -1.29248e-08 -0.000312419 0.0104221 -2.49399e-07 -1.29248e-08 -2.49399e-07 1.03533e-06 
273
1.76495
0.0948971
-0.0179749
0.0120804 -0.000297093 -2.19958e-08 -0.000297093 0.0104238 -2.50368e-07 -2.19958e-08 -2.50368e-07 1.03533e-06 
274
1.78202
0.0997628
-0.0129922
0.0120799 -0.00029128 -2.3579e-08 -0.00029128 0.0104243 -2.50489e-07 -2.3579e-08 -2.50489e-07 1.03533e-06 
275
1.80154
0.0952459
-0.00693056
0.0120801 -0.000292959 -2.14687e-08 -0.000292959 0.0104238 -2.50137e-07 -2.14687e-08 -2.50137e-07 1.03533e-06 
276
1.82084
0.0927239
-0.00863399
0.0120802 -0.000293505 -2.10507e-08 -0.000293505 0.0104236 -2.50046e-07 -2.10507e-08 -2.50046e-07 1.03533e-06 
277
1.8388
0.0947992
-0.0141591
0.0120803 -0.000294669 -2.04159e-08 -0.000294669 0.0104235 -2.49915e-07 -2.04159e-08 -2.49915e-07 1.03533e-06 
278
1.85661
0.0981549
-0.017904
0.0120803 -0.000295202 -2.03489e-08 -0.000295202 0.0104235 -2.49855e-07 -2.03489e-08 -2.49855e-07 1.03533e-06 
279
1.87177
0.102826
-0.0149356
0.0120807 -0.000301034 -1.70501e-08 -0.000301034 0.0104228 -2.49425e-07 -1.70501e-08 -2.49425e-07 1.03533e-06 
280
1.88929
0.101632
-0.01158
0.0120809 -0.000303218 -1.6491e-08 -0.000303218 0.0104226 -2.49333e-07 -1.6491e-08 -2.49333e-07 1.03533e-06 
281
1.90562
0.0948268
-0.00784369
0.0120802 -0.00029379 -2.24632e-08 -0.00029379 0.0104239 -2.50034e-07 -2.24632e-08 -2.50034e-07 1.03533e-06 
282
1.92607
0.0944473
-0.00924761
0.0120799 -0.00029012 -2.34242e-08 -0.00029012 0.0104242 -2.50102e-07 -2.34242e-08 -2.50102e-07 1.03533e-06 
283
1.94443
0.0936093
-0.00775588
0.0120806 -0.000299882 -1.69432e-08 -0.000299882 0.0104229 -2.49241e-07 -1.69432e-08 -2.49241e-07 1.03533e-06 
284
1.96398
0.0963766
-0.0119172
0.0120809 -0.000303593 -1.58294e-08 -0.000303593 0.0104225 -2.49088e-07 -1.58294e-08 -2.49088e-07 1.03533e-06 
285
1.98271
0.0994635
-0.0169589
0.0120782 -0.000279835 -3.07422e-08 -0.000279835 0.0104264 -2.51376e-07 -3.07422e-08 -2.51376e-07 1.03533e-06 
286
2.00113
0.101067
-0.0186041
0.012077 -0.000270809 -3.33328e-08 -0.000270809 0.0104277 -2.51703e-07 -3.33328e-08 -2.51703e-07 1.03533e-06 
287
2.01596
0.0986955
-0.018781
0.012078 -0.000278421 -2.72226e-08 -0.000278421 0.0104259 -2.5042e-07 -2.72226e-08 -2.5042e-07 1.03533e-06 
288
2.03274
0.0959556
-0.0135739
0.0120785 -0.000281338 -2.6181e-08 -0.000281338 0.0104253 -2.50216e-07 -2.6181e-08 -2.50216e-07 1.03533e-06 
289
2.04911
0.0976568
-0.0124054
0.012079 -0.000284911 -2.44353e-08 -0.000284911 0.0104247 -2.49899e-07 -2.44353e-08 -2.49899e-07 1.03533e-06 
290
2.06643
0.103106
-0.0133345
0.0120793 -0.00028626 -2.41279e-08 -0.00028626 0.0104245 -2.49815e-07 -2.41279e-08 -2.49815e-07 1.03533e-06 
291
2.07955
0.105494
-0.0197834
0.0120799 -0.0002921 -2.0929e-08 -0.0002921 0.0104237 -2.49312e-07 -2.0929e-08 -2.49312e-07 1.03533e-06 
292
2.09458
0.114147
-0.0190534
0.0120801 -0.000294437 -2.04338e-08 -0.000294437 0.0104235 -2.49212e-07 -2.04338e-08 -2.49212e-07 1.03533e-06 
293
2.11279
0.11692
-0.00620443
0.0120796 -0.00028854 -2.44241e-08 -0.00028854 0.0104245 -2.49743e-07 -2.44241e-08 -2.49743e-07 1.03533e-06 
294
2.12842
0.119963
0.0115269
0.0120794 -0.000286078 -2.5029e-08 -0.000286078 0.0104247 -2.49781e-07 -2.5029e-08 -2.49781e-07 1.03533e-06 
295
2.14544
0.124427
0.0263345
0.0120796 -0.000286191 -2.42234e-08 -0.000286191 0.0104244 -2.49631e-07 -2.42234e-08 -2.49631e-07 1.03533e-06 
296
2.16288
0.126566
0.031186
0.0120798 -0.000286 -2.39888e-08 -0.000286 0.0104243 -2.49573e-07 -2.39888e-08 -2.49573e-07 1.03533e-06 
297
2.17587
0.133706
0.038249
0.0120802 -0.000289044 -2.19983e-08 -0.000289044 0.0104237 -2.49243e-07 -2.19983e-08 -2.49243e-07 1.03533e-06 
298
2.19208
0.145641
0.0506947
0.0120805 -0.000290097 -2.16293e-08 -0.000290097 0.0104235 -2.49169e-07 -2.16293e-08 -2.49169e-07 1.03533e-06 
299
2.20774
0.148103
0.0611918
0.0120791 -0.000277647 -2.90661e-08 -0.000277647 0.0104256 -2.50408e-07 -2.90661e-08 -2.50408e-07 1.03533e-06 
300
2.22733
0.15358
0.0544369
0.0120786 -0.000272712 -3.02592e-08 -0.000272712 0.0104262 -2.50564e-07 -3.02592e-08 -2.50564e-07 1.03533e-06 
301
2.24936
0.1609
0.0518629
0.0120783 -0.000270664 -3.06818e-08 -0.000270664 0.0104265 -2.50582e-07 -3.06818e-08 -2.50582e-07 1.03533e-06 
302
2.27166
0.160756
0.0587897
0.0120781 -0.00026992 -3.08029e-08 -0.00026992 0.0104266 -2.50539e-07 -3.08029e-08 -2.50539e-07 1.03533e-06 
303
2.28899
0.159875
0.0564964
0.0120794 -0.00028033 -2.43371e-08 -0.00028033 0.0104246 -2.49322e-07 -2.43371e-08 -2.49322e-07 1.03533e-06 
304
2.29905
0.163168
0.0512308
0.01208 -0.000284349 -2.3241e-08 -0.000284349 0.010424 -2.49115e-07 -2.3241e-08 -2.49115e-07 1.03533e-06 
305
2.30919
0.168445
0.0439006
0.0120796 -0.000280227 -2.65174e-08 -0.000280227 0.0104248 -2.49622e-07 -2.65174e-08 -2.49622e-07 1.03533e-06 
306
2.32531
0.171368
0.046193
0.0120794 -0.000278765 -2.71465e-08 -0.000278765 0.0104251 -2.49671e-07 -2.71465e-08 -2.49671e-07 1.03533e-06 
307
2.34428
0.172667
0.0508629
0.0120796 -0.000280706 -2.57502e-08 -0.000280706 0.0104247 -2.49381e-07 -2.57502e-08 -2.49381e-07 1.03533e-06 
308
2.36315
0.175346
0.0503097
0.0120797 -0.000281374 -2.54888e-08 -0.000281374 0.0104246 -2.49298e-07 -2.54888e-08 -2.49298e-07 1.03533e-06 
309
2.37786
0.174129
0.0545529
0.0120802 -0.000285644 -2.30672e-08 -0.000285644 0.0104239 -2.48866e-07 -2.30672e-08 -2.48866e-07 1.03533e-06 
310
2.39143
0.175804
0.0477385
0.0120805 -0.00028721 -2.26209e-08 -0.00028721 0.0104237 -2.48772e-07 -2.26209e-08 -2.48772e-07 1.03533e-06 
311
2.41083
0.172168
0.049143
0.0120806 -0.000288845 -2.20364e-08 -0.000288845 0.0104235 -2.48645e-07 -2.20364e-08 -2.48645e-07 1.03533e-06 
312
2.43096
0.16904
0.0500634
0.0120807 -0.000289449 -2.19159e-08 -0.000289449 0.0104235 -2.48581e-07 -2.19159e-08 -2.48581e-07 1.03533e-06 
313
2.44426
0.17426
0.0467062
0.0120803 -0.000285668 -2.42553e-08 -0.000285668 0.0104241 -2.48884e-07 -2.42553e-08 -2.48884e-07 1.03533e-06 
314
2.4563
0.181193
0.0473082
0.0120801 -0.000284275 -2.46967e-08 -0.000284275 0.0104243 -2.48899e-07 -2.46967e-08 -2.48899e-07 1.03533e-06 
315
2.47195
0.188162
0.0390965
0.0120805 -0.000287729 -2.2421e-08 -0.000287729 0.0104237 -2.48515e-07 -2.2421e-08 -2.48515e-07 1.03533e-06 
316
2.48737
0.189559
0.0351877
0.0120806 -0.000289181 -2.21154e-08 -0.000289181 0.0104236 -2.48424e-07 -2.21154e-08 -2.48424e-07 1.03533e-06 
317
2.49804
0.188325
0.0456395
0.0120806 -0.000289928 -2.20205e-08 -0.000289928 0.0104235 -2.48363e-07 -2.20205e-08 -2.48363e-07 1.03533e-06 
318
2.51166
0.191763
0.0437781
0.0120807 -0.000290048 -2.19346e-08 -0.000290048 0.0104235 -2.48332e-07 -2.19346e-08 -2.48332e-07 1.03533e-06 
319
2.52588
0.185719
0.0446481
0.0120806 -0.000288932 -2.26474e-08 -0.000288932 0.0104237 -2.48397e-07 -2.26474e-08 -2.48397e-07 1.03533e-06 
320
2.54133
0.193629
0.0425101
0.0120806 -0.000288491 -2.27383e-08 -0.000288491 0.0104237 -2.48373e-07 -2.27383e-08 -2.48373e-07 1.03533e-06 
321
2.55924
0.201092
0.0393771
0.0120806 -0.000289284 -2.22466e-08 -0.000289284 0.0104236 -2.48255e-07 -2.22466e-08 -2.48255e-07 1.03533e-06 
322
2.57359
0.202439
0.0452286
0.0120806 -0.000289637 -2.22138e-08 -0.000289637 0.0104236 -2.48198e-07 -2.22138e-08 -2.48198e-07 1.03533e-06 
323
2.5879
0.202003
0.046215
0.0120807 -0.000289814 -2.2096e-08 -0.000289814 0.0104235 -2.48146e-07 -2.2096e-08 -2.48146e-07 1.03533e-06 
324
2.60512
0.203084
0.0410818
0.0120807 -0.000289866 -2.20621e-08 -0.000289866 0.0104235 -2.48106e-07 -2.20621e-08 -2.48106e-07 1.03533e-06 
325
2.6211
0.207026
0.0459752
0.0120802 -0.000285705 -2.46271e-08 -0.000285705 0.0104242 -2.48445e-07 -2.46271e-08 -2.48445e-07 1.03533e-06 
326
2.63683
0.211743
0.0458822
0.0120801 -0.000284034 -2.50514e-08 -0.000284034 0.0104243 -2.4846e-07 -2.50514e-08 -2.4846e-07 1.03533e-06 
327
2.6476
0.213615
0.047007
0.0120804 -0.00028766 -2.26061e-08 -0.00028766 0.0104237 -2.4804e-07 -2.26061e-08 -2.4804e-07 1.03533e-06 
328
2.65909
0.210855
0.0468763
0.0120806 -0.000289029 -2.21886e-08 -0.000289029 0.0104236 -2.47959e-07 -2.21886e-08 -2.47959e-07 1.03533e-06 
329
2.67815
0.221052
0.0357846
0.0120808 -0.000290883 -2.13125e-08 -0.000290883 0.0104233 -2.47809e-07 -2.13125e-08 -2.47809e-07 1.03533e-06 
330
2.70121
0.223508
0.0317298
0.0120808 -0.000291768 -2.12743e-08 -0.000291768 0.0104233 -2.47742e-07 -2.12743e-08 -2.47742e-07 1.03533e-06 
331
2.71895
0.225194
0.0284966
0.012081 -0.000294558 -1.98912e-08 -0.000294558 0.010423 -2.47495e-07 -1.98912e-08 -2.47495e-07 1.03533e-06 
332
2.72956
0.226658
0.021292
0.012081 -0.000295676 -1.9688e-08 -0.000295676 0.0104229 -2.4742e-07 -1.9688e-08 -2.4742e-07 1.03533e-06 
333
2.74023
0.223978
0.0178158
0.0120811 -0.000297148 -1.91573e-08 -0.000297148 0.0104229 -2.47318e-07 -1.91573e-08 -2.47318e-07 1.03533e-06 
334
2.75538
0.220994
0.0169935
0.0120811 -0.000297766 -1.90863e-08 -0.000297766 0.0104228 -2.47278e-07 -1.90863e-08 -2.47278e-07 1.03533e-06 
335
2.77267
0.219929
0.0071346
0.012081 -0.000297751 -1.92297e-08 -0.000297751 0.0104229 -2.47255e-07 -1.92297e-08 -2.47255e-07 1.03533e-06 
336
2.7894
0.211069
-0.00490003
0.012081 -0.000297902 -1.93171e-08 -0.000297902 0.0104229 -2.4721e-07 -1.93171e-08 -2.4721e-07 1.03533e-06 
337
2.79699
0.213024
-0.0109308
0.012081 -0.000300932 -1.77324e-08 -0.000300932 0.0104227 -2.46979e-07 -1.77324e-08 -2.46979e-07 1.03533e-06 
338
2.81011
0.211383
-0.0115764
0.012081 -0.000302187 -1.75256e-08 -0.000302187 0.0104227 -2.46931e-07 -1.75256e-08 -2.46931e-07 1.03533e-06 
339
2.82827
0.208825
-0.0156794
0.012081 -0.000303477 -1.70203e-08 -0.000303477 0.0104226 -2.46843e-07 -1.70203e-08 -2.46843e-07 1.03533e-06 
340
2.84316
0.204982
-0.0350246
0.012081 -0.000304036 -1.69533e-08 -0.000304036 0.0104226 -2.46788e-07 -1.69533e-08 -2.46788e-07 1.03533e-06 
341
2.86047
0.202907
-0.045091
0.0120811 -0.000311459 -1.29578e-08 -0.000311459 0.0104221 -2.464e-07 -1.29578e-08 -2.464e-07 1.03532e-06 
342
2.87946
0.200057
-0.0401805
0.0120811 -0.000314458 -1.23532e-08 -0.000314458 0.0104221 -2.4631e-07 -1.23532e-08 -2.4631e-07 1.03532e-06 
343
2.89832
0.195361
-0.0361856
0.0120812 -0.000316057 -1.19006e-08 -0.000316057 0.010422 -2.46233e-07 -1.19006e-08 -2.46233e-07 1.03532e-06 
344
2.91216
0.195118
-0.0339529
0.0120813 -0.000316606 -1.17772e-08 -0.000316606 0.010422 -2.46179e-07 -1.17772e-08 -2.46179e-07 1.03532e-06 
345
2.91864
0.202399
-0.0279334
0.0120812 -0.000313332 -1.37847e-08 -0.000313332 0.0104222 -2.46285e-07 -1.37847e-08 -2.46285e-07 1.03532e-06 
346
2.92857
0.208861
-0.0252287
0.0120812 -0.000311984 -1.4114e-08 -0.000311984 0.0104223 -2.46286e-07 -1.4114e-08 -2.46286e-07 1.03532e-06 
347
2.94985
0.215254
-0.0320731
0.0120809 -0.000304521 -1.82724e-08 -0.000304521 0.0104229 -2.4666e-07 -1.82724e-08 -2.4666e-07 1.03533e-06 
348
2.96828
0.215614
-0.0264762
0.0120807 -0.000301773 -1.90466e-08 -0.000301773 0.0104231 -2.46664e-07 -1.90466e-08 -2.46664e-07 1.03533e-06 
349
2.98479
0.215616
-0.0284026
0.012081 -0.000309398 -1.3948e-08 -0.000309398 0.0104223 -2.46138e-07 -1.3948e-08 -2.46138e-07 1.03532e-06 
350
3.00022
0.214135
-0.0310445
0.0120812 -0.000312345 -1.30892e-08 -0.000312345 0.0104221 -2.46033e-07 -1.30892e-08 -2.46033e-07 1.03532e-06 
351
3.015
0.21054
-0.0328691
0.0120811 -0.000310061 -1.49961e-08 -0.000310061 0.0104224 -2.46144e-07 -1.49961e-08 -2.46144e-07 1.03532e-06 
352
3.02703
0.217492
-0.0374113
0.0120811 -0.000309216 -1.5317e-08 -0.000309216 0.0104224 -2.46124e-07 -1.5317e-08 -2.46124e-07 1.03532e-06 
353
3.03754
0.219302
-0.0284271
0.0120811 -0.000312684 -1.32272e-08 -0.000312684 0.0104222 -2.4592e-07 -1.32272e-08 -2.4592e-07 1.03532e-06 
354
3.04845
0.220834
-0.0347595
0.0120812 -0.000313868 -1.28241e-08 -0.000313868 0.0104221 -2.45871e-07 -1.28241e-08 -2.45871e-07 1.03532e-06 
355
3.06811
0.22293
-0.0330807
0.0120802 -0.000298366 -2.23176e-08 -0.000298366 0.0104238 -2.46867e-07 -2.23176e-08 -2.46867e-07 1.03533e-06 
356
3.08787
0.225257
-0.0382949
0.0120797 -0.000292404 -2.3937e-08 -0.000292404 0.0104243 -2.46977e-07 -2.3937e-08 -2.46977e-07 1.03533e-06 
357
3.10127
0.223631
-0.0248643
0.0120775 -0.000276229 -3.25538e-08 -0.000276229 0.010427 -2.48503e-07 -3.25538e-08 -2.48503e-07 1.03533e-06 
358
3.11368
0.232868
-0.0266312
0.0120767 -0.000269817 -3.39417e-08 -0.000269817 0.0104278 -2.48716e-07 -3.39417e-08 -2.48716e-07 1.03533e-06 
359
3.12722
0.229659
-0.0292684
0.0120788 -0.000290528 -2.05066e-08 -0.000290528 0.0104242 -2.46422e-07 -2.05066e-08 -2.46422e-07 1.03533e-06 
360
3.14685
0.233002
-0.0399232
0.0120798 -0.000298494 -1.82204e-08 -0.000298494 0.0104232 -2.46102e-07 -1.82204e-08 -2.46102e-07 1.03533e-06 
361
3.15608
0.243596
-0.0277963
0.0120804 -0.000305695 -1.5533e-08 -0.000305695 0.0104226 -2.45779e-07 -1.5533e-08 -2.45779e-07 1.03532e-06 
362
3.16715
0.25241
-0.0249354
0.0120808 -0.000308258 -1.50388e-08 -0.000308258 0.0104224 -2.45716e-07 -1.50388e-08 -2.45716e-07 1.03532e-06 
363
3.18163
0.261167
-0.0153068
0.0120803 -0.000298321 -2.14033e-08 -0.000298321 0.0104235 -2.46394e-07 -2.14033e-08 -2.46394e-07 1.03533e-06 
364
3.20271
0.262354
-0.00566012
0.0120801 -0.000294363 -2.24549e-08 -0.000294363 0.0104238 -2.46464e-07 -2.24549e-08 -2.46464e-07 1.03533e-06 
365
3.21698
0.256624
0.00921736
0.0120803 -0.000294416 -2.15535e-08 -0.000294416 0.0104236 -2.46293e-07 -2.15535e-08 -2.46293e-07 1.03533e-06 
366
3.22844
0.260586
0.0240652
0.0120804 -0.0002942 -2.12692e-08 -0.0002942 0.0104234 -2.4624e-07 -2.12692e-08 -2.4624e-07 1.03533e-06 
367
3.23828
0.268027
0.0340514
0.0120807 -0.000295609 -2.00968e-08 -0.000295609 0.0104231 -2.46078e-07 -2.00968e-08 -2.46078e-07 1.03533e-06 
368
3.25582
0.282934
0.0319496
0.012081 -0.00029599 -1.98416e-08 -0.00029599 0.0104229 -2.46034e-07 -1.98416e-08 -2.46034e-07 1.03533e-06 
369
3.27594
0.292549
0.0421557
0.0120803 -0.000288324 -2.45021e-08 -0.000288324 0.010424 -2.46646e-07 -2.45021e-08 -2.46646e-07 1.03533e-06 
370
3.29265
0.310174
0.0489303
0.0120801 -0.000285228 -2.52639e-08 -0.000285228 0.0104243 -2.46694e-07 -2.52639e-08 -2.46694e-07 1.03533e-06 
371
3.30491
0.317815
0.0572912
0.0120805 -0.000288861 -2.24968e-08 -0.000288861 0.0104236 -2.46227e-07 -2.24968e-08 -2.46227e-07 1.03533e-06 
372
3.31721
0.319441
0.0773153
0.0120808 -0.000290118 -2.19908e-08 -0.000290118 0.0104234 -2.46138e-07 -2.19908e-08 -2.46138e-07 1.03533e-06 
373
3.33644
0.325384
0.0915463
0.0120809 -0.000288296 -2.294e-08 -0.000288296 0.0104235 -2.46266e-07 -2.294e-08 -2.46266e-07 1.03533e-06 
374
3.35515
0.32449
0.0790774
0.012081 -0.000287373 -2.30097e-08 -0.000287373 0.0104234 -2.46241e-07 -2.30097e-08 -2.46241e-07 1.03533e-06 
375
3.36719
0.323985
0.0753586
0.0120803 -0.000281207 -2.6641e-08 -0.000281207 0.0104245 -2.46773e-07 -2.6641e-08 -2.46773e-07 1.03533e-06 
376
3.37967
0.334811
0.073035
0.01208 -0.000278906 -2.72881e-08 -0.000278906 0.0104248 -2.46827e-07 -2.72881e-08 -2.46827e-07 1.03533e-06 
377
3.39055
0.342799
0.0790745
0.0120802 -0.000281801 -2.52523e-08 -0.000281801 0.0104243 -2.46433e-07 -2.52523e-08 -2.46433e-07 1.03533e-06 
378
3.41054
0.343333
0.0828217
0.0120804 -0.000282813 -2.49035e-08 -0.000282813 0.0104241 -2.46356e-07 -2.49035e-08 -2.46356e-07 1.03533e-06 
379
3.43275
0.332477
0.0709699
0.0120808 -0.00028647 -2.28419e-08 -0.00028647 0.0104235 -2.45996e-07 -2.28419e-08 -2.45996e-07 1.03533e-06 
380
3.44615
0.328589
0.0714433
0.0120809 -0.000288058 -2.25178e-08 -0.000288058 0.0104234 -2.4589e-07 -2.25178e-08 -2.4589e-07 1.03533e-06 
381
3.45894
0.339381
0.0682212
0.0120808 -0.000286264 -2.38665e-08 -0.000286264 0.0104237 -2.46055e-07 -2.38665e-08 -2.46055e-07 1.03533e-06 
382
3.47511
0.349989
0.0710501
0.0120807 -0.000285629 -2.41636e-08 -0.000285629 0.0104238 -2.4605e-07 -2.41636e-08 -2.4605e-07 1.03533e-06 
383
3.49398
0.353267
0.0568546
0.0120808 -0.000286942 -2.3297e-08 -0.000286942 0.0104236 -2.4587e-07 -2.3297e-08 -2.4587e-07 1.03533e-06 
384
3.5059
0.344625
0.0528759
0.0120807 -0.00028767 -2.32545e-08 -0.00028767 0.0104236 -2.458e-07 -2.32545e-08 -2.458e-07 1.03533e-06 
385
3.50844
0.349688
0.0578032
0.0120799 -0.000280941 -2.7433e-08 -0.000280941 0.0104248 -2.46451e-07 -2.7433e-08 -2.46451e-07 1.03533e-06 
386
3.51948
0.355181
0.0713956
0.0120795 -0.000278286 -2.81431e-08 -0.000278286 0.0104251 -2.46546e-07 -2.81431e-08 -2.46546e-07 1.03533e-06 
387
3.53471
0.357797
0.062471
0.0120802 -0.000283993 -2.40972e-08 -0.000283993 0.010424 -2.45855e-07 -2.40972e-08 -2.45855e-07 1.03533e-06 
388
3.55311
0.372135
0.0641386
0.0120805 -0.000286317 -2.34667e-08 -0.000286317 0.0104237 -2.45722e-07 -2.34667e-08 -2.45722e-07 1.03533e-06 
389
3.56749
0.363704
0.0766107
0.0120799 -0.000280645 -2.72693e-08 -0.000280645 0.0104247 -2.46295e-07 -2.72693e-08 -2.46295e-07 1.03533e-06 
390
3.58262
0.352289
0.0736304
0.0120797 -0.000278276 -2.77988e-08 -0.000278276 0.0104249 -2.46348e-07 -2.77988e-08 -2.46348e-07 1.03533e-06 
391
3.59387
0.361646
0.0617961
0.0120792 -0.000274352 -2.96681e-08 -0.000274352 0.0104256 -2.46667e-07 -2.96681e-08 -2.46667e-07 1.03533e-06 
392
3.60997
0.361416
0.0727937
0.0120789 -0.000273038 -3.01033e-08 -0.000273038 0.0104259 -2.4669e-07 -3.01033e-08 -2.4669e-07 1.03533e-06 
393
3.62278
0.374819
0.0643652
0.0120798 -0.000280898 -2.50649e-08 -0.000280898 0.0104244 -2.45765e-07 -2.50649e-08 -2.45765e-07 1.03533e-06 
394
3.63476
0.382478
0.0595159
0.0120802 -0.000284039 -2.43086e-08 -0.000284039 0.010424 -2.45607e-07 -2.43086e-08 -2.45607e-07 1.03533e-06 
395
3.6426
0.384406
0.0585384
0.0120806 -0.000288109 -2.25891e-08 -0.000288109 0.0104235 -2.45311e-07 -2.25891e-08 -2.45311e-07 1.03533e-06 
396
3.65157
0.386137
0.0634842
0.0120808 -0.000289681 -2.23108e-08 -0.000289681 0.0104233 -2.4525e-07 -2.23108e-08 -2.4525e-07 1.03533e-06 
397
3.66849
0.388761
0.0560616
0.012081 -0.000290469 -2.20805e-08 -0.000290469 0.0104232 -2.45198e-07 -2.20805e-08 -2.45198e-07 1.03533e-06 
398
3.6832
0.383098
0.0345657
0.012081 -0.000290888 -2.20961e-08 -0.000290888 0.0104232 -2.45149e-07 -2.20961e-08 -2.45149e-07 1.03533e-06 
399
3.6963
0.383805
0.013188
0.0120811 -0.000295105 -2.00267e-08 -0.000295105 0.0104229 -2.44822e-07 -2.00267e-08 -2.44822e-07 1.03533e-06 
400
3.71331
0.380077
0.0240504
0.0120811 -0.000297058 -1.98365e-08 -0.000297058 0.0104229 -2.44745e-07 -1.98365e-08 -2.44745e-07 1.03533e-06 
401
3.73644
0.380961
0.018615
0.0120807 -0.000292592 -2.27173e-08 -0.000292592 0.0104235 -2.45085e-07 -2.27173e-08 -2.45085e-07 1.03533e-06 
402
3.75414
0.378559
0.021049
0.0120805 -0.000290969 -2.32467e-08 -0.000290969 0.0104237 -2.45079e-07 -2.32467e-08 -2.45079e-07 1.03533e-06 
403
3.76283
0.379132
0.00964793
0.0120808 -0.000294551 -2.08148e-08 -0.000294551 0.0104232 -2.44705e-07 -2.08148e-08 -2.44705e-07 1.03533e-06 
404
3.7704
0.379601
-0.0044601
0.0120808 -0.000296102 -2.04783e-08 -0.000296102 0.0104231 -2.44633e-07 -2.04783e-08 -2.44633e-07 1.03533e-06 
405
3.78858
0.378599
-0.00654238
0.0120803 -0.000291751 -2.35747e-08 -0.000291751 0.0104238 -2.45017e-07 -2.35747e-08 -2.45017e-07 1.03533e-06 
406
3.8105
0.377531
-0.00382589
0.01208 -0.000290119 -2.41257e-08 -0.000290119 0.010424 -2.45029e-07 -2.41257e-08 -2.45029e-07 1.03533e-06 
407
3.83216
0.372261
-0.00266085
0.0120807 -0.000301791 -1.69188e-08 -0.000301791 0.0104226 -2.44113e-07 -1.69188e-08 -2.44113e-07 1.03532e-06 
408
3.84773
0.374199
-0.0156308
0.0120811 -0.000306237 -1.56625e-08 -0.000306237 0.0104223 -2.43946e-07 -1.56625e-08 -2.43946e-07 1.03532e-06 
409
3.84933
0.373744
-0.0189122
0.0120812 -0.000307344 -1.60021e-08 -0.000307344 0.0104223 -2.43925e-07 -1.60021e-08 -2.43925e-07 1.03532e-06 
410
3.85503
0.379942
-0.017489
0.0120812 -0.00030782 -1.60872e-08 -0.00030782 0.0104223 -2.43919e-07 -1.60872e-08 -2.43919e-07 1.03532e-06 
411
3.874
0.37448
-0.0268295
0.0120812 -0.00030838 -1.58859e-08 -0.00030838 0.0104223 -2.43884e-07 -1.58859e-08 -2.43884e-07 1.03532e-06 
412
3.89732
0.367989
-0.0474327
0.0120812 -0.000308742 -1.58913e-08 -0.000308742 0.0104223 -2.43832e-07 -1.58913e-08 -2.43832e-07 1.03532e-06 
413
3.90858
0.372127
-0.0592235
0.0120811 -0.000312132 -1.42844e-08 -0.000312132 0.0104222 -2.43628e-07 -1.42844e-08 -2.43628e-07 1.03532e-06 
414
3.91584
0.368344
-0.0656592
0.012081 -0.000313616 -1.41248e-08 -0.000313616 0.0104223 -2.43576e-07 -1.41248e-08 -2.43576e-07 1.03532e-06 
415
3.93273
0.369378
-0.0717334
0.012081 -0.000317204 -1.2416e-08 -0.000317204 0.0104222 -2.43438e-07 -1.2416e-08 -2.43438e-07 1.03532e-06 
416
3.94981
0.367858
-0.0497514
0.0120809 -0.000318672 -1.21788e-08 -0.000318672 0.0104222 -2.4338e-07 -1.21788e-08 -2.4338e-07 1.03532e-06 
417
3.95901
0.37811
-0.0350967
0.0120811 -0.00031968 -1.15245e-08 -0.00031968 0.0104221 -2.43308e-07 -1.15245e-08 -2.43308e-07 1.03532e-06 
418
3.96839
0.38751
-0.046789
0.0120812 -0.000319833 -1.13417e-08 -0.000319833 0.0104219 -2.43279e-07 -1.13417e-08 -2.43279e-07 1.03532e-06 
419
3.98578
0.390876
-0.0547299
0.0120812 -0.000318088 -1.2579e-08 -0.000318088 0.0104221 -2.43321e-07 -1.2579e-08 -2.43321e-07 1.03532e-06 
420
4.00308
0.388041
-0.0401674
0.0120811 -0.000317547 -1.28576e-08 -0.000317547 0.0104221 -2.43285e-07 -1.28576e-08 -2.43285e-07 1.03532e-06 
421
4.02014
0.390547
-0.0466935
0.0120812 -0.000317639 -1.24927e-08 -0.000317639 0.0104221 -2.43223e-07 -1.24927e-08 -2.43223e-07 1.03532e-06 
422
4.0333
0.384232
-0.0411137
0.0120812 -0.000317777 -1.24722e-08 -0.000317777 0.0104221 -2.43174e-07 -1.24722e-08 -2.43174e-07 1.03532e-06 
423
4.03836
0.386311
-0.0458752
0.0120812 -0.000316147 -1.3348e-08 -0.000316147 0.0104221 -2.432e-07 -1.3348e-08 -2.432e-07 1.03532e-06 
424
4.04768
0.3903
-0.0496911
0.0120812 -0.000315599 -1.35327e-08 -0.000315599 0.0104222 -2.43192e-07 -1.35327e-08 -2.43192e-07 1.03532e-06 
425
4.06843
0.393159
-0.0424405
0.0120811 -0.00031638 -1.30596e-08 -0.00031638 0.0104221 -2.43133e-07 -1.30596e-08 -2.43133e-07 1.03532e-06 
426
4.08745
0.39801
-0.0392604
0.0120812 -0.000316563 -1.29455e-08 -0.000316563 0.0104221 -2.43076e-07 -1.29455e-08 -2.43076e-07 1.03532e-06 
427
4.09998
0.403858
-0.0428608
0.0120807 -0.000305439 -1.94874e-08 -0.000305439 0.0104231 -2.43628e-07 -1.94874e-08 -2.43628e-07 1.03533e-06 
428
4.10428
0.410548
-0.0480489
0.0120804 -0.000301238 -2.06458e-08 -0.000301238 0.0104233 -2.43684e-07 -2.06458e-08 -2.43684e-07 1.03533e-06 
429
4.11737
0.415228
-0.0511437
0.0120802 -0.000298519 -2.16176e-08 -0.000298519 0.0104236 -2.43776e-07 -2.16176e-08 -2.43776e-07 1.03533e-06 
430
4.13096
0.417587
-0.0452787
0.01208 -0.000297527 -2.18293e-08 -0.000297527 0.0104237 -2.4376e-07 -2.18293e-08 -2.4376e-07 1.03533e-06 
431
4.15206
0.41172
-0.035875
0.0120806 -0.000307936 -1.54269e-08 -0.000307936 0.0104226 -2.43074e-07 -1.54269e-08 -2.43074e-07 1.03532e-06 
432
4.17118
0.414305
-0.0278268
0.0120809 -0.000311768 -1.42436e-08 -0.000311768 0.0104222 -2.4294e-07 -1.42436e-08 -2.4294e-07 1.03532e-06 
433
4.17904
0.428884
-0.0400591
0.0120811 -0.000314172 -1.33532e-08 -0.000314172 0.010422 -2.42832e-07 -1.33532e-08 -2.42832e-07 1.03532e-06 
434
4.18638
0.425979
-0.0501707
0.0120812 -0.000315286 -1.33272e-08 -0.000315286 0.0104221 -2.42799e-07 -1.33272e-08 -2.42799e-07 1.03532e-06 
435
4.19808
0.436552
-0.0498613
0.0120809 -0.000309232 -1.72942e-08 -0.000309232 0.0104227 -2.43102e-07 -1.72942e-08 -2.43102e-07 1.03532e-06 
436
4.2108
0.441935
-0.0392111
0.0120807 -0.00030691 -1.80227e-08 -0.00030691 0.0104228 -2.43119e-07 -1.80227e-08 -2.43119e-07 1.03532e-06 
437
4.22618
0.436781
-0.0330909
0.0120807 -0.000305458 -1.83383e-08 -0.000305458 0.0104228 -2.43119e-07 -1.83383e-08 -2.43119e-07 1.03532e-06 
438
4.24518
0.450203
-0.0297088
0.0120807 -0.000304805 -1.83243e-08 -0.000304805 0.0104228 -2.43085e-07 -1.83243e-08 -2.43085e-07 1.03532e-06 
439
4.26224
0.456741
-0.0260678
0.0120789 -0.000286288 -2.90733e-08 -0.000286288 0.0104254 -2.44625e-07 -2.90733e-08 -2.44625e-07 1.03533e-06 
440
4.27061
0.45135
-0.0251724
0.0120781 -0.000279135 -3.09082e-08 -0.000279135 0.0104262 -2.4483e-07 -3.09082e-08 -2.4483e-07 1.03533e-06 
441
4.27509
0.466028
-0.0225404
0.0120781 -0.000278646 -2.98696e-08 -0.000278646 0.010426 -2.44599e-07 -2.98696e-08 -2.44599e-07 1.03533e-06 
442
4.28868
0.471156
-0.0229095
0.0120781 -0.000278417 -2.97367e-08 -0.000278417 0.0104259 -2.44563e-07 -2.97367e-08 -2.44563e-07 1.03533e-06 
443
4.30666
0.471542
-0.0244925
0.0120795 -0.000293496 -2.08041e-08 -0.000293496 0.0104237 -2.43192e-07 -2.08041e-08 -2.43192e-07 1.03533e-06 
444
4.32659
0.476571
-0.0158507
0.0120802 -0.00029929 -1.9286e-08 -0.00029929 0.010423 -2.42972e-07 -1.9286e-08 -2.42972e-07 1.03533e-06 
445
4.34052
0.483519
-0.0125278
0.0120806 -0.000302565 -1.82739e-08 -0.000302565 0.0104227 -2.42817e-07 -1.82739e-08 -2.42817e-07 1.03533e-06 
446
4.34582
0.484684
0.00423906
0.0120809 -0.000303765 -1.80945e-08 -0.000303765 0.0104226 -2.42763e-07 -1.80945e-08 -2.42763e-07 1.03533e-06 
447
4.35447
0.496689
0.0372751
0.0120801 -0.000292411 -2.47475e-08 -0.000292411 0.010424 -2.43628e-07 -2.47475e-08 -2.43628e-07 1.03533e-06 
448
4.37129
0.495079
0.045036
0.01208 -0.000287539 -2.57021e-08 -0.000287539 0.0104242 -2.43745e-07 -2.57021e-08 -2.43745e-07 1.03533e-06 
449
4.39558
0.514566
0.0388319
0.0120801 -0.000285953 -2.55466e-08 -0.000285953 0.0104242 -2.4369e-07 -2.55466e-08 -2.4369e-07 1.03533e-06 
450
4.41978
0.538358
0.0506815
0.0120801 -0.000285444 -2.56251e-08 -0.000285444 0.0104242 -2.43628e-07 -2.56251e-08 -2.43628e-07 1.03533e-06 
451
4.43229
0.545492
0.0628566
0.0120807 -0.000290908 -2.22138e-08 -0.000290908 0.0104233 -2.43068e-07 -2.22138e-08 -2.43068e-07 1.03533e-06 
452
4.43944
0.548724
0.0853441
0.0120811 -0.000292805 -2.15655e-08 -0.000292805 0.010423 -2.42965e-07 -2.15655e-08 -2.42965e-07 1.03533e-06 
453
4.45289
0.559809
0.0886796
0.0120812 -0.000291182 -2.24722e-08 -0.000291182 0.010423 -2.43093e-07 -2.24722e-08 -2.43093e-07 1.03532e-06 
454
4.47316
0.561908
0.0829585
0.0120814 -0.000290507 -2.2623e-08 -0.000290507 0.010423 -2.43079e-07 -2.2623e-08 -2.43079e-07 1.03532e-06 
455
4.49381
0.558987
0.0893813
0.0120814 -0.000290605 -2.25271e-08 -0.000290605 0.010423 -2.43008e-07 -2.25271e-08 -2.43008e-07 1.03532e-06 
456
4.51214
0.571453
0.0806382
0.0120814 -0.00029054 -2.24585e-08 -0.00029054 0.010423 -2.42952e-07 -2.24585e-08 -2.42952e-07 1.03532e-06 
457
4.51764
0.573064
0.0867444
0.012081 -0.000286801 -2.48147e-08 -0.000286801 0.0104236 -2.43236e-07 -2.48147e-08 -2.43236e-07 1.03533e-06 
458
4.52842
0.584326
0.0730483
0.0120809 -0.000285273 -2.51901e-08 -0.000285273 0.0104237 -2.43269e-07 -2.51901e-08 -2.43269e-07 1.03533e-06 
459
4.54504
0.594051
0.080903
0.012081 -0.000288102 -2.3511e-08 -0.000288102 0.0104234 -2.42967e-07 -2.3511e-08 -2.42967e-07 1.03533e-06 
460
4.56025
0.58514
0.0648909
0.0120812 -0.000289059 -2.32226e-08 -0.000289059 0.0104232 -2.42888e-07 -2.32226e-08 -2.42888e-07 1.03533e-06 
461
4.57258
0.593348
0.0717006
0.0120811 -0.000290209 -2.2926e-08 -0.000290209 0.0104232 -2.42794e-07 -2.2926e-08 -2.42794e-07 1.03533e-06 
462
4.59249
0.601686
0.0646497
0.0120812 -0.00029054 -2.28782e-08 -0.00029054 0.0104231 -2.42754e-07 -2.28782e-08 -2.42754e-07 1.03533e-06 
463
4.6043
0.599367
0.0783402
0.0120808 -0.00028692 -2.52162e-08 -0.00028692 0.0104237 -2.43038e-07 -2.52162e-08 -2.43038e-07 1.03533e-06 
464
4.61634
0.603578
0.0807858
0.0120807 -0.000285316 -2.55221e-08 -0.000285316 0.0104238 -2.43057e-07 -2.55221e-08 -2.43057e-07 1.03533e-06 
465
4.63749
0.605926
0.0759542
0.0120806 -0.000283865 -2.60398e-08 -0.000283865 0.010424 -2.4311e-07 -2.60398e-08 -2.4311e-07 1.03533e-06 
466
4.6488
0.608326
0.0675042
0.0120805 -0.000283386 -2.61638e-08 -0.000283386 0.0104241 -2.43068e-07 -2.61638e-08 -2.43068e-07 1.03533e-06 
467
4.66027
0.619978
0.0698123
0.0120808 -0.000287997 -2.3514e-08 -0.000287997 0.0104234 -2.4262e-07 -2.3514e-08 -2.4262e-07 1.03533e-06 
468
4.67673
0.623588
0.0671256
0.012081 -0.000289724 -2.30993e-08 -0.000289724 0.0104232 -2.42533e-07 -2.30993e-08 -2.42533e-07 1.03533e-06 
469
4.69625
0.629935
0.0719993
0.0120804 -0.000283899 -2.68913e-08 -0.000283899 0.0104242 -2.43077e-07 -2.68913e-08 -2.43077e-07 1.03533e-06 
470
4.71253
0.622488
0.0766749
0.0120802 -0.000281593 -2.75343e-08 -0.000281593 0.0104244 -2.43114e-07 -2.75343e-08 -2.43114e-07 1.03533e-06 
471
4.72416
0.613455
0.0728473
0.0120802 -0.000281706 -2.6956e-08 -0.000281706 0.0104243 -2.42978e-07 -2.6956e-08 -2.42978e-07 1.03533e-06 
472
4.73499
0.618391
0.0668621
0.0120802 -0.00028181 -2.68434e-08 -0.00028181 0.0104243 -2.42933e-07 -2.68434e-08 -2.42933e-07 1.03533e-06 
473
4.75118
0.624933
0.0734673
0.0120809 -0.000289261 -2.25877e-08 -0.000289261 0.0104232 -2.42256e-07 -2.25877e-08 -2.42256e-07 1.03533e-06 
474
4.76766
0.631223
0.0630582
0.0120812 -0.000292007 -2.18485e-08 -0.000292007 0.0104229 -2.42127e-07 -2.18485e-08 -2.42127e-07 1.03532e-06 
475
4.78102
0.638591
0.0669469
0.0120813 -0.000293222 -2.18057e-08 -0.000293222 0.0104229 -2.42066e-07 -2.18057e-08 -2.42066e-07 1.03533e-06 
476
4.79974
0.628145
0.0613261
0.0120814 -0.000293626 -2.18084e-08 -0.000293626 0.0104228 -2.42027e-07 -2.18084e-08 -2.42027e-07 1.03533e-06 
477
4.81501
0.61919
0.0702267
0.0120815 -0.000295328 -2.0945e-08 -0.000295328 0.0104227 -2.41868e-07 -2.0945e-08 -2.41868e-07 1.03532e-06 
478
4.83218
0.632616
0.0437907
0.0120816 -0.000295837 -2.07088e-08 -0.000295837 0.0104226 -2.41811e-07 -2.07088e-08 -2.41811e-07 1.03532e-06 
479
4.84339
0.624195
0.0205879
0.0120816 -0.000297781 -2.0109e-08 -0.000297781 0.0104225 -2.41667e-07 -2.0109e-08 -2.41667e-07 1.03533e-06 
480
4.8592
0.615461
0.0267454
0.0120814 -0.000298894 -2.0143e-08 -0.000298894 0.0104226 -2.41619e-07 -2.0143e-08 -2.41619e-07 1.03533e-06 
481
4.8756
0.624165
0.00865811
0.0120812 -0.0002971 -2.13435e-08 -0.0002971 0.0104229 -2.41727e-07 -2.13435e-08 -2.41727e-07 1.03533e-06 
482
4.88864
0.619504
-0.0259452
0.012081 -0.0002967 -2.1708e-08 -0.0002967 0.010423 -2.41702e-07 -2.1708e-08 -2.41702e-07 1.03533e-06 
483
4.89543
0.616002
-0.0860276
0.012081 -0.000303331 -1.8341e-08 -0.000303331 0.0104226 -2.41259e-07 -1.8341e-08 -2.41259e-07 1.03532e-06 
484
4.90133
0.608407
-0.110029
0.0120806 -0.00030682 -1.81825e-08 -0.00030682 0.0104228 -2.41178e-07 -1.81825e-08 -2.41178e-07 1.03532e-06 
485
4.91549
0.600899
-0.120601
0.0120805 -0.000318097 -1.27321e-08 -0.000318097 0.0104224 -2.4075e-07 -1.27321e-08 -2.4075e-07 1.03532e-06 
486
4.93622
0.589059
-0.112708
0.0120804 -0.000322576 -1.18808e-08 -0.000322576 0.0104224 -2.40666e-07 -1.18808e-08 -2.40666e-07 1.03532e-06 
487
4.95096
0.575939
-0.0925372
0.0120803 -0.000319116 -1.46123e-08 -0.000319116 0.0104227 -2.40776e-07 -1.46123e-08 -2.40776e-07 1.03532e-06 
488
4.95593
0.578548
-0.101608
0.0120804 -0.000317472 -1.48956e-08 -0.000317472 0.0104226 -2.40759e-07 -1.48956e-08 -2.40759e-07 1.03532e-06 
489
4.96161
0.572341
-0.149179
0.0120804 -0.000326547 -9.39793e-09 -0.000326547 0.0104222 -2.40477e-07 -9.39793e-09 -2.40477e-07 1.03532e-06 
490
4.96986
0.565897
-0.17328
0.0120801 -0.000330771 -8.75253e-09 -0.000330771 0.0104225 -2.40431e-07 -8.75253e-09 -2.40431e-07 1.03532e-06 
491
4.99264
0.569205
-0.154426
0.0120799 -0.000329585 -1.06746e-08 -0.000329585 0.0104229 -2.4046e-07 -1.06746e-08 -2.4046e-07 1.03532e-06 
492
5.01969
0.574508
-0.143897
0.0120799 -0.000328832 -1.09215e-08 -0.000328832 0.0104228 -2.4041e-07 -1.09215e-08 -2.4041e-07 1.03532e-06 
493
5.02886
0.573238
-0.14163
0.0120798 -0.000320278 -1.56561e-08 -0.000320278 0.0104232 -2.40615e-07 -1.56561e-08 -2.40615e-07 1.03532e-06 
494
5.03385
0.584124
-0.163226
0.0120798 -0.000316969 -1.64357e-08 -0.000316969 0.0104232 -2.40625e-07 -1.64357e-08 -2.40625e-07 1.03532e-06 
495
5.04245
0.583086
-0.172194
0.0120798 -0.000325469 -1.12339e-08 -0.000325469 0.0104228 -2.40301e-07 -1.12339e-08 -2.40301e-07 1.03532e-06 
496
5.06368
0.582575
-0.154199
0.0120797 -0.000328861 -1.04152e-08 -0.000328861 0.0104229 -2.40246e-07 -1.04152e-08 -2.40246e-07 1.03532e-06 
497
5.07669
0.592973
-0.103337
0.0120798 -0.000322974 -1.4197e-08 -0.000322974 0.0104231 -2.40387e-07 -1.4197e-08 -2.40387e-07 1.03532e-06 
498
5.08375
0.602652
-0.113825
0.0120801 -0.000319917 -1.45347e-08 -0.000319917 0.0104228 -2.40383e-07 -1.45347e-08 -2.40383e-07 1.03532e-06 
499
5.08795
0.593094
-0.142557
0.0120803 -0.000325551 -1.0768e-08 -0.000325551 0.0104224 -2.40167e-07 -1.0768e-08 -2.40167e-07 1.03532e-06 
500
5.09924
0.604094
-0.140992
0.0120801 -0.00032816 -1.02675e-08 -0.00032816 0.0104226 -2.40132e-07 -1.02675e-08 -2.40132e-07 1.03532e-06 
501
5.11919
0.610629
-0.121117
0.0120801 -0.000324887 -1.27166e-08 -0.000324887 0.0104228 -2.4021e-07 -1.27166e-08 -2.4021e-07 1.03532e-06 
502
5.13098
0.616921
-0.097983
0.0120802 -0.00032332 -1.30291e-08 -0.00032332 0.0104227 -2.40174e-07 -1.30291e-08 -2.40174e-07 1.03532e-06 
503
5.12995
0.622799
-0.0781149
0.0120801 -0.000313062 -1.83844e-08 -0.000313062 0.0104232 -2.40567e-07 -1.83844e-08 -2.40567e-07 1.03532e-06 
504
5.13832
0.625971
-0.0802907
0.0120802 -0.000308821 -1.91712e-08 -0.000308821 0.0104232 -2.40631e-07 -1.91712e-08 -2.40631e-07 1.03532e-06 
505
5.15356
0.626948
-0.0729696
0.01208 -0.000303789 -2.13315e-08 -0.000303789 0.0104235 -2.40846e-07 -2.13315e-08 -2.40846e-07 1.03532e-06 
506
5.17765
0.641563
-0.0508797
0.0120799 -0.000301746 -2.16498e-08 -0.000301746 0.0104236 -2.40844e-07 -2.16498e-08 -2.40844e-07 1.03532e-06 
507
5.1858
0.656673
-0.0292451
0.0120797 -0.000295974 -2.43254e-08 -0.000295974 0.010424 -2.41151e-07 -2.43254e-08 -2.41151e-07 1.03533e-06 
508
5.19253
0.671372
-0.00179956
0.0120797 -0.000293422 -2.46786e-08 -0.000293422 0.010424 -2.41184e-07 -2.46786e-08 -2.41184e-07 1.03533e-06 
509
5.20132
0.683944
0.0307744
0.0120787 -0.000281883 -3.05212e-08 -0.000281883 0.0104256 -2.42188e-07 -3.05212e-08 -2.42188e-07 1.03533e-06 
510
5.21908
0.697847
0.0677234
0.0120785 -0.000276947 -3.13258e-08 -0.000276947 0.0104259 -2.42327e-07 -3.13258e-08 -2.42327e-07 1.03533e-06 
511
5.23726
0.713801
0.118554
0.0120763 -0.000261213 -3.90041e-08 -0.000261213 0.0104289 -2.44124e-07 -3.90041e-08 -2.44124e-07 1.03533e-06 
512
5.24781
0.729928
0.167816
0.0120757 -0.000254377 -4.00116e-08 -0.000254377 0.0104296 -2.44373e-07 -4.00116e-08 -2.44373e-07 1.03533e-06 
513
5.2563
0.744397
0.202737
0.0120785 -0.000267582 -3.01594e-08 -0.000267582 0.010426 -2.42194e-07 -3.01594e-08 -2.42194e-07 1.03532e-06 
514
5.27458
0.769485
0.205405
0.0120801 -0.000272072 -2.82444e-08 -0.000272072 0.0104247 -2.41881e-07 -2.82444e-08 -2.41881e-07 1.03532e-06 
515
5.30089
0.787782
0.207351
0.0120804 -0.000269879 -3.01959e-08 -0.000269879 0.010425 -2.42217e-07 -3.01959e-08 -2.42217e-07 1.03532e-06 
516
5.32279
0.805313
0.224662
0.0120805 -0.000269008 -3.05617e-08 -0.000269008 0.0104251 -2.42203e-07 -3.05617e-08 -2.42203e-07 1.03532e-06 
517
5.33467
0.824306
0.260882
0.01208 -0.000263871 -3.32212e-08 -0.000263871 0.010426 -2.42722e-07 -3.32212e-08 -2.42722e-07 1.03532e-06 
518
5.34498
0.843803
0.312455
0.01208 -0.000261329 -3.35007e-08 -0.000261329 0.0104262 -2.42783e-07 -3.35007e-08 -2.42783e-07 1.03532e-06 
519
5.36183
0.861376
0.340007
0.0120792 -0.000252243 -3.75261e-08 -0.000252243 0.0104279 -2.43829e-07 -3.75261e-08 -2.43829e-07 1.03532e-06 
520
5.38847
0.874094
0.329103
0.012079 -0.000248328 -3.80569e-08 -0.000248328 0.0104285 -2.43955e-07 -3.80569e-08 -2.43955e-07 1.03532e-06 
521
5.40231
0.88519
0.289348
0.0120753 -0.000232565 -4.66829e-08 -0.000232565 0.0104331 -2.46498e-07 -4.66829e-08 -2.46498e-07 1.03532e-06 
522
5.40145
0.897276
0.283706
0.0120734 -0.000227174 -4.84623e-08 -0.000227174 0.0104347 -2.46863e-07 -4.84623e-08 -2.46863e-07 1.03532e-06 
523
5.40714
0.909843
0.291163
0.0120743 -0.000232534 -4.46082e-08 -0.000232534 0.0104329 -2.45534e-07 -4.46082e-08 -2.45534e-07 1.03532e-06 
524
5.42654
0.908134
0.277724
0.0120747 -0.000234464 -4.39678e-08 -0.000234464 0.0104323 -2.45338e-07 -4.39678e-08 -2.45338e-07 1.03532e-06 
525
5.44995
0.90773
0.246881
0.0120781 -0.000253163 -3.35523e-08 -0.000253163 0.0104275 -2.42547e-07 -3.35523e-08 -2.42547e-07 1.03532e-06 
526
5.46834
0.902573
0.198817
0.0120795 -0.000260791 -3.19824e-08 -0.000260791 0.0104261 -2.42094e-07 -3.19824e-08 -2.42094e-07 1.03532e-06 
527
5.47184
0.899874
0.160724
0.0120799 -0.000264599 -3.19491e-08 -0.000264599 0.0104257 -2.41951e-07 -3.19491e-08 -2.41951e-07 1.03532e-06 
528
5.48336
0.891501
0.156024
0.0120798 -0.000266662 -3.22303e-08 -0.000266662 0.0104257 -2.41916e-07 -3.22303e-08 -2.41916e-07 1.03532e-06 
529
5.52003
0.883327
0.104213
0.0120811 -0.00028099 -2.44599e-08 -0.00028099 0.0104234 -2.40508e-07 -2.44599e-08 -2.40508e-07 1.03532e-06 
530
5.54051
0.870613
0.0606082
0.0120815 -0.00028729 -2.34661e-08 -0.00028729 0.0104229 -2.4022e-07 -2.34661e-08 -2.4022e-07 1.03532e-06 
531
5.55271
0.84182
0.0170363
0.0120818 -0.000299424 -1.83005e-08 -0.000299424 0.010422 -2.39515e-07 -1.83005e-08 -2.39515e-07 1.03532e-06 
532
5.5473
0.833983
-0.0573846
0.0120817 -0.000304757 -1.76454e-08 -0.000304757 0.010422 -2.39389e-07 -1.76454e-08 -2.39389e-07 1.03532e-06 
533
5.56169
0.812261
-0.120678
0.0120813 -0.000309173 -1.73454e-08 -0.000309173 0.0104223 -2.39314e-07 -1.73454e-08 -2.39314e-07 1.03532e-06 
534
5.58137
0.805558
-0.147718
0.0120806 -0.000311866 -1.7706e-08 -0.000311866 0.0104227 -2.39261e-07 -1.7706e-08 -2.39261e-07 1.03532e-06 
535
5.60592
0.796856
-0.150403
0.0120803 -0.000319824 -1.4207e-08 -0.000319824 0.0104227 -2.38944e-07 -1.4207e-08 -2.38944e-07 1.03532e-06 
536
5.61644
0.784757
-0.149345
0.0120801 -0.000322908 -1.36483e-08 -0.000322908 0.0104227 -2.38848e-07 -1.36483e-08 -2.38848e-07 1.03532e-06 
537
5.6166
0.766101
-0.186473
0.0120799 -0.000317699 -1.72358e-08 -0.000317699 0.0104232 -2.39058e-07 -1.72358e-08 -2.39058e-07 1.03532e-06 
538
5.62774
0.755293
-0.21925
0.0120795 -0.000316293 -1.80252e-08 -0.000316293 0.0104235 -2.39081e-07 -1.80252e-08 -2.39081e-07 1.03532e-06 
539
5.65664
0.749225
-0.231349
0.0120793 -0.000320789 -1.57339e-08 -0.000320789 0.0104235 -2.38863e-07 -1.57339e-08 -2.38863e-07 1.03532e-06 
540
5.6794
0.747325
-0.241586
0.0120791 -0.000322699 -1.54349e-08 -0.000322699 0.0104236 -2.38767e-07 -1.54349e-08 -2.38767e-07 1.03532e-06 
541
5.68596
0.746829
-0.263521
0.0120788 -0.000334597 -9.03594e-09 -0.000334597 0.0104234 -2.38483e-07 -9.03594e-09 -2.38483e-07 1.03532e-06 
542
5.67977
0.730881
-0.289926
0.0120786 -0.000339491 -8.09695e-09 -0.000339491 0.0104237 -2.38446e-07 -8.09695e-09 -2.38446e-07 1.03532e-06 
543
5.68523
0.731442
-0.2694
0.0120784 -0.000339527 -9.37068e-09 -0.000339527 0.010424 -2.38469e-07 -9.37068e-09 -2.38469e-07 1.03532e-06 
544
5.69466
0.722816
-0.248229
0.0120784 -0.000339216 -9.48019e-09 -0.000339216 0.010424 -2.38459e-07 -9.48019e-09 -2.38459e-07 1.03532e-06 
545
5.71448
0.720143
-0.22698
0.0120786 -0.000330937 -1.38809e-08 -0.000330937 0.010424 -2.38593e-07 -1.38809e-08 -2.38593e-07 1.03532e-06 
546
5.72301
0.720155
-0.229436
0.0120788 -0.000327436 -1.44603e-08 -0.000327436 0.0104238 -2.38564e-07 -1.44603e-08 -2.38564e-07 1.03532e-06 
547
5.72564
0.723689
-0.248491
0.0120789 -0.00032839 -1.32414e-08 -0.00032839 0.0104236 -2.38477e-07 -1.32414e-08 -2.38477e-07 1.03532e-06 
548
5.72921
0.723844
-0.24571
0.0120789 -0.000329056 -1.31648e-08 -0.000329056 0.0104237 -2.3846e-07 -1.31648e-08 -2.3846e-07 1.03532e-06 
549
5.73908
0.734411
-0.215962
0.0120788 -0.000328602 -1.35279e-08 -0.000328602 0.0104238 -2.38468e-07 -1.35279e-08 -2.38468e-07 1.03532e-06 
550
5.75162
0.738235
-0.203486
0.012079 -0.000327958 -1.34316e-08 -0.000327958 0.0104236 -2.38449e-07 -1.34316e-08 -2.38449e-07 1.03532e-06 
551
5.76329
0.728315
-0.17953
0.0120792 -0.000330568 -1.15352e-08 -0.000330568 0.0104233 -2.38348e-07 -1.15352e-08 -2.38348e-07 1.03532e-06 
552
5.77163
0.743315
-0.136777
0.0120794 -0.000331188 -1.0991e-08 -0.000331188 0.0104231 -2.38313e-07 -1.0991e-08 -2.38313e-07 1.03532e-06 
553
5.78751
0.744632
-0.123177
0.0120798 -0.000326904 -1.28876e-08 -0.000326904 0.0104229 -2.38387e-07 -1.28876e-08 -2.38387e-07 1.03532e-06 
554
5.79732
0.759495
-0.0921761
0.0120801 -0.000325051 -1.30752e-08 -0.000325051 0.0104227 -2.38359e-07 -1.30752e-08 -2.38359e-07 1.03532e-06 
555
5.81135
0.78987
-0.0235195
0.0120797 -0.000309261 -2.14448e-08 -0.000309261 0.0104236 -2.39073e-07 -2.14448e-08 -2.39073e-07 1.03532e-06 
556
5.82177
0.809827
0.0412003
0.0120801 -0.000302128 -2.251e-08 -0.000302128 0.0104235 -2.39163e-07 -2.251e-08 -2.39163e-07 1.03533e-06 
557
5.82715
0.832457
0.0933906
0.0120805 -0.000295587 -2.39082e-08 -0.000295587 0.0104234 -2.39384e-07 -2.39082e-08 -2.39384e-07 1.03533e-06 
558
5.84822
0.856676
0.148909
0.0120811 -0.000292254 -2.38175e-08 -0.000292254 0.0104231 -2.39415e-07 -2.38175e-08 -2.39415e-07 1.03532e-06 
559
5.86304
0.871118
0.193996
0.01208 -0.000275977 -3.16952e-08 -0.000275977 0.0104252 -2.4083e-07 -3.16952e-08 -2.4083e-07 1.03532e-06 
560
5.88035
0.886535
0.198065
0.0120799 -0.000269028 -3.27323e-08 -0.000269028 0.0104257 -2.41025e-07 -3.27323e-08 -2.41025e-07 1.03532e-06 
561
5.9034
0.908833
0.172497
0.0120793 -0.000262845 -3.49069e-08 -0.000262845 0.0104267 -2.41478e-07 -3.49069e-08 -2.41478e-07 1.03532e-06 
562
5.91462
0.921691
0.149768
0.0120788 -0.000260886 -3.55105e-08 -0.000260886 0.0104271 -2.41495e-07 -3.55105e-08 -2.41495e-07 1.03532e-06 
563
5.92707
0.938614
0.141617
0.012079 -0.000264485 -3.35011e-08 -0.000264485 0.0104264 -2.40955e-07 -3.35011e-08 -2.40955e-07 1.03532e-06 
564
5.94084
0.945998
0.128795
0.0120791 -0.000265992 -3.33009e-08 -0.000265992 0.0104262 -2.40852e-07 -3.33009e-08 -2.40852e-07 1.03533e-06 
565
5.95486
0.95113
0.140359
0.0120797 -0.000272105 -3.0284e-08 -0.000272105 0.0104251 -2.40179e-07 -3.0284e-08 -2.40179e-07 1.03532e-06 
566
5.96896
0.959341
0.139437
0.0120801 -0.00027426 -2.97313e-08 -0.00027426 0.0104248 -2.40053e-07 -2.97313e-08 -2.40053e-07 1.03532e-06 
567
5.98893
0.957978
0.132683
0.0120793 -0.000267642 -3.40166e-08 -0.000267642 0.0104261 -2.40886e-07 -3.40166e-08 -2.40886e-07 1.03533e-06 
568
6.00611
0.956299
0.138324
0.0120788 -0.000265217 -3.47916e-08 -0.000265217 0.0104266 -2.40963e-07 -3.47916e-08 -2.40963e-07 1.03533e-06 
569
6.01634
0.971976
0.141193
0.0120799 -0.000273658 -2.93848e-08 -0.000273658 0.0104249 -2.39832e-07 -2.93848e-08 -2.39832e-07 1.03532e-06 
570
6.02389
0.974697
0.142614
0.0120805 -0.00027684 -2.85061e-08 -0.00027684 0.0104243 -2.39655e-07 -2.85061e-08 -2.39655e-07 1.03532e-06 
571
6.02824
0.974137
0.143895
0.0120811 -0.000281509 -2.63249e-08 -0.000281509 0.0104236 -2.3927e-07 -2.63249e-08 -2.3927e-07 1.03532e-06 
572
6.04346
0.972403
0.143063
0.0120814 -0.000283275 -2.59386e-08 -0.000283275 0.0104233 -2.39204e-07 -2.59386e-08 -2.39204e-07 1.03532e-06 
573
6.05905
0.980067
0.147859
0.0120785 -0.000263887 -3.75634e-08 -0.000263887 0.0104273 -2.41577e-07 -3.75634e-08 -2.41577e-07 1.03533e-06 
574
6.07276
0.983494
0.1483
0.0120773 -0.000256387 -3.956e-08 -0.000256387 0.0104287 -2.41919e-07 -3.956e-08 -2.41919e-07 1.03533e-06 
575
6.08269
0.986185
0.146679
0.0120794 -0.000271997 -2.91608e-08 -0.000271997 0.0104252 -2.39623e-07 -2.91608e-08 -2.39623e-07 1.03532e-06 
576
6.09514
0.995366
0.161657
0.0120805 -0.000277988 -2.7408e-08 -0.000277988 0.0104241 -2.39293e-07 -2.7408e-08 -2.39293e-07 1.03532e-06 
577
6.11016
1.00218
0.152487
0.0120809 -0.000278307 -2.80449e-08 -0.000278307 0.010424 -2.39383e-07 -2.80449e-08 -2.39383e-07 1.03532e-06 
578
6.12229
1.00776
0.170344
0.012081 -0.000278573 -2.82238e-08 -0.000278573 0.010424 -2.39355e-07 -2.82238e-08 -2.39355e-07 1.03532e-06 
579
6.1363
1.02745
0.201275
0.0120776 -0.000257164 -4.05217e-08 -0.000257164 0.0104287 -2.4215e-07 -4.05217e-08 -2.4215e-07 1.03533e-06 
580
6.15109
1.04894
0.233598
0.0120763 -0.000248475 -4.24994e-08 -0.000248475 0.0104301 -2.42571e-07 -4.24994e-08 -2.42571e-07 1.03533e-06 
581
6.16757
1.05465
0.229299
0.0120782 -0.000256686 -3.56886e-08 -0.000256686 0.0104275 -2.40819e-07 -3.56886e-08 -2.40819e-07 1.03532e-06 
582
6.17385
1.05497
0.245635
0.0120791 -0.000259889 -3.45406e-08 -0.000259889 0.0104266 -2.40536e-07 -3.45406e-08 -2.40536e-07 1.03532e-06 
583
6.18092
1.06967
0.275472
0.012078 -0.000251971 -3.93888e-08 -0.000251971 0.0104285 -2.41755e-07 -3.93888e-08 -2.41755e-07 1.03532e-06 
584
6.18996
1.09336
0.31758
0.0120777 -0.000248468 -4.00626e-08 -0.000248468 0.010429 -2.41928e-07 -4.00626e-08 -2.41928e-07 1.03532e-06 
585
6.20921
1.11429
0.38799
0.0120726 -0.000225812 -5.19861e-08 -0.000225812 0.0104358 -2.4591e-07 -5.19861e-08 -2.4591e-07 1.03532e-06 
586
6.22696
1.15542
0.441343
0.0120708 -0.000216029 -5.36267e-08 -0.000216029 0.0104381 -2.46517e-07 -5.36267e-08 -2.46517e-07 1.03532e-06 
587
6.23525
1.18121
0.456321
0.0120744 -0.00022645 -4.49413e-08 -0.00022645 0.0104336 -2.43541e-07 -4.49413e-08 -2.43541e-07 1.03532e-06 