325.18641 0.35313
12.8033 1.14734
18.0841 1.62379
23.2921 2.14938
28.3725 2.55556
33.4292 2.9881
38.4077 3.48231
41.0268 3.66136
44.8775 2.35286
46.2321 -1.48253
45.2254 -3.72012
42.8211 -5.49569
38.7713 -6.46748
36.7378 -6.74786
34.0682 -7.07564
31.6215 -7.42182
29.0787 -7.68296
26.4924 -7.95044
23.9359 -8.16357
18.8554 -8.72818
16.279 -8.97795
13.6803 -9.30374
11.112 -9.55304
8.8822 -10.2369
6.3898 -10.4696
0.791726 -10.7083
-1.63174 -10.9422
-4.5987 -10.8447
-4.89101 -1.58662
-2.48378 -1.03893
0.173274 -0.2746
2.68967 -0.002395
5.18641 0.35313
12.8033 1.14734
18.0841 1.62379
23.2921 2.14938
28.3725 2.55556
