151
0 0
2.197 -0.055
4.206 -0.062
6.18 -0.046
8.197 -0.028
10.21 0.01
12.179 0.051
14.181 0.079
16.117 0.099
18.121 0.12
20.166 0.135
22.22 0.124
24.256 0.086
26.278 0.034
28.311 -0.017
30.331 -0.073
32.378 -0.155
34.434 -0.227
36.495 -0.4
38.527 -0.812
40.386 -1.65
41.975 -2.928
43.098 -4.568
43.726 -6.099
44.117 -7.959
44.217 -9.992
44.043 -12.023
43.59 -13.995
42.858 -15.881
41.864 -17.598
40.592 -19.167
39.097 -20.541
37.43 -21.678
35.657 -22.635
33.784 -23.432
31.876 -24.161
29.963 -24.826
28.013 -25.391
26.029 -25.859
24.012 -26.084
21.968 -25.994
19.978 -25.567
18.144 -24.687
16.429 -23.546
14.817 -22.283
13.225 -21.023
11.639 -19.74
10.03 -18.48
8.335 -17.334
6.494 -16.463
4.491 -15.982
2.414 -15.812
0.341 -15.973
-1.528 -16.701
-3.06 -17.978
-4.211 -19.651
-4.966 -21.548
-5.286 -23.539
-5.33 -25.553
-5.179 -27.576
-5.133 -29.593
-5.386 -31.62
-5.961 -33.57
-6.672 -35.49
-7.442 -37.378
-7.734 -39.372
-7.552 -41.391
-6.979 -43.219
-6.26 -44.71
-5.186 -46.386
-3.84 -47.919
-2.247 -49.199
-0.422 -50.072
1.46 -50.546
3.435 -50.775
5.44 -50.731
7.463 -50.582
9.492 -50.335
11.527 -50.191
13.56 -50.246
15.517 -50.613
17.327 -51.346
19.008 -52.322
20.513 -53.564
21.945 -55.0
23.243 -56.583
24.435 -58.23
25.495 -59.806
26.258 -61.218
26.968 -63.09
27.528 -65.106
27.731 -67.181
27.238 -69.147
25.989 -70.545
24.422 -71.341
22.509 -71.76
20.479 -71.789
18.48 -71.527
16.495 -71.159
14.502 -70.732
12.506 -70.288
10.56 -69.848
8.587 -69.375
6.597 -68.884
4.59 -68.361
2.605 -67.785
0.705 -67.029
-1.053 -65.979
-2.672 -64.68
-4.126 -63.227
-5.568 -61.726
-7.036 -60.22
-8.516 -58.738
-9.95 -57.23
-11.357 -55.702
-12.766 -54.198
-14.155 -52.677
-15.508 -51.154
-16.838 -49.61
-18.19 -48.076
-19.45 -46.485
-20.656 -44.893
-21.826 -43.357
-22.617 -41.96
-23.243 -40.26
-23.679 -38.274
-23.923 -36.251
-24.017 -34.228
-24.028 -32.199
-23.935 -30.169
-23.729 -28.162
-23.419 -26.145
-23.062 -24.136
-22.652 -22.125
-22.173 -20.175
-21.622 -18.214
-21.078 -16.261
-20.474 -14.309
-19.822 -12.35
-18.882 -10.509
-17.672 -8.826
-16.316 -7.285
-14.8 -5.879
-13.129 -4.641
-11.33 -3.58
-9.435 -2.721
-7.543 -2.025
-5.798 -1.501
-4.284 -1.115
-2.947 -0.724
-1.702 -0.442
0 0
