2
3 0.3 -1.5
3 -0.3 -1.5
3 -0.3 1.5
3 0.3 1.5
6
3 0.3 -1.5
3 -0.3 -1.5
3 -0.3 1.5
3 0.3 1.5
10
3 0.3 -1.5
3 -0.3 -1.5
3 -0.3 1.5
3 0.3 1.5
14
3 0.3 -1.5
3 -0.3 -1.5
3 -0.3 1.5
3 0.3 1.5
18
0 3.39314 1.85554
0 -2.07371 1.68272
3 0.3 -1.5
3 -0.3 -1.5
3 -0.3 1.5
3 0.3 1.5
22
1 4.35202 -0.872205
1 -1.31093 -0.934087
0 3.39315 1.85554
0 -2.07372 1.68285
3 0.3 -1.5
3 -0.3 -1.5
3 -0.3 1.5
3 0.3 1.5
26
1 1.66579 -5.17727
1 4.42 -0.8787
1 -1.26179 -0.942318
0 3.23687 1.82466
0 -2.05437 1.68902
3 0.3 -1.5
3 -0.3 -1.5
3 -0.3 1.5
3 0.3 1.5
30
0 5.06368 1.6892
1 1.66589 -5.17834
1 4.42014 -0.87956
1 -1.31373 -0.933549
0 3.23697 1.82424
0 -2.02449 1.69974
3 0.3 -1.5
3 -0.3 -1.5
3 -0.3 1.5
3 0.3 1.5
34
0 5.21153 1.66156
1 1.6657 -5.1779
1 4.41999 -0.87921
1 -1.31395 -0.93304
0 3.16583 1.81271
0 -1.9971 1.70599
3 0.3 -1.5
3 -0.3 -1.5
3 -0.3 1.5
3 0.3 1.5
38
0 5.21153 1.661
1 1.66571 -5.17789
1 3.0783 -6.03005
1 4.28917 -0.868887
1 -1.3005 -0.935745
0 3.16584 1.81273
0 -1.99709 1.70601
3 0.3 -1.5
3 -0.3 -1.5
3 -0.3 1.5
3 0.3 1.5
42
0 5.26804 1.65421
1 1.66572 -5.17783
1 3.1316 -6.06189
1 4.35534 -0.874318
1 -1.31625 -0.933331
0 3.18533 1.81522
0 -2.00297 1.70498
3 0.3 -1.5
3 -0.3 -1.5
3 -0.3 1.5
3 0.3 1.5
46
0 5.26754 1.65475
1 1.71043 -5.20126
1 3.13103 -6.06128
1 4.42639 -0.880257
1 -1.27911 -0.941121
0 3.27774 1.82817
0 -1.98525 1.70984
3 0.3 -1.5
3 -0.3 -1.5
3 -0.3 1.5
3 0.3 1.5
50
0 5.26726 1.6548
1 1.78952 -5.24647
1 3.1307 -6.06122
1 4.44253 -0.881348
1 -1.29849 -0.936517
0 3.30979 1.83222
0 -1.96167 1.71652
3 0.3 -1.5
3 -0.3 -1.5
3 -0.3 1.5
3 0.3 1.5
54
0 5.16068 1.70692
1 1.78955 -5.24738
1 3.1307 -6.06196
1 4.44254 -0.882239
1 -1.29847 -0.937387
0 3.29579 1.83157
0 -1.9389 1.72142
3 0.3 -1.5
3 -0.3 -1.5
3 -0.3 1.5
3 0.3 1.5
58
0 5.16071 1.70702
1 1.80767 -5.2549
1 3.08215 -6.03168
1 4.472 -0.886525
1 -1.31103 -0.936016
0 3.29583 1.8317
0 -1.93887 1.72155
3 0.3 -1.5
3 -0.3 -1.5
3 -0.3 1.5
3 0.3 1.5
62
0 5.20279 1.6962
1 1.80742 -5.25471
1 3.03895 -6.00395
1 4.47173 -0.88632
1 -1.30577 -0.936298
0 3.30339 1.83179
0 -1.94788 1.71912
3 0.3 -1.5
3 -0.3 -1.5
3 -0.3 1.5
3 0.3 1.5
66
0 5.20262 1.6962
1 1.86238 -5.28716
0 2.29829 -8.32529
1 3.03873 -6.00395
1 4.45376 -0.885029
1 -1.29537 -0.938384
0 3.30321 1.83178
0 -1.94806 1.71912
3 0.3 -1.5
3 -0.3 -1.5
3 -0.3 1.5
3 0.3 1.5
70
0 5.20285 1.696
1 1.86266 -5.28739
0 2.29868 -8.32565
1 2.99132 -5.97629
1 4.47157 -0.886284
1 -1.29552 -0.938474
0 3.27508 1.82991
0 -1.9602 1.71489
3 0.3 -1.5
3 -0.3 -1.5
3 -0.3 1.5
3 0.3 1.5
74
0 5.23465 1.6879
1 1.86256 -5.28714
0 2.29854 -8.32525
1 2.99117 -5.97593
1 4.47145 -0.88599
1 -1.29564 -0.938169
0 3.32859 1.83942
0 -1.96391 1.71419
3 0.3 -1.5
3 -0.3 -1.5
3 -0.3 1.5
3 0.3 1.5
78
0 5.23196 1.67773
1 1.86251 -5.29184
0 2.19447 -8.23771
1 2.99148 -5.97559
1 4.51904 -0.890207
1 -1.30195 -0.936478
0 3.30473 1.83595
0 -1.96304 1.71507
3 0.3 -1.5
3 -0.3 -1.5
3 -0.3 1.5
3 0.3 1.5
82
0 5.21579 1.66827
1 1.86239 -5.29132
0 2.19426 -8.23692
1 3.04154 -6.00777
1 4.58374 -0.89464
1 -1.29617 -0.937994
0 3.34816 1.84188
0 -1.96682 1.71476
3 0.3 -1.5
3 -0.3 -1.5
3 -0.3 1.5
3 0.3 1.5
86
0 5.24787 1.66488
1 1.86247 -5.29128
0 2.19438 -8.23685
1 3.04173 -6.00718
1 4.5843 -0.89386
1 -1.30458 -0.935885
0 3.36009 1.84243
0 -1.97607 1.71192
3 0.3 -1.5
3 -0.3 -1.5
3 -0.3 1.5
3 0.3 1.5
90
0 5.23879 1.65843
1 1.86258 -5.29112
0 2.19453 -8.23661
1 3.02823 -5.99776
1 4.55298 -0.892833
1 -1.30532 -0.935609
0 3.36133 1.84265
0 -1.97934 1.71117
3 0.3 -1.5
3 -0.3 -1.5
3 -0.3 1.5
3 0.3 1.5
94
0 5.23844 1.6584
1 1.86258 -5.29112
0 2.19453 -8.23661
1 3.02649 -5.99732
1 4.54175 -0.891565
1 -1.28383 -0.93921
0 3.36102 1.84262
0 -1.97965 1.71115
3 0.3 -1.5
3 -0.3 -1.5
3 -0.3 1.5
3 0.3 1.5
98
0 5.23852 1.65809
1 1.86258 -5.29112
0 2.19453 -8.23661
1 2.99738 -5.9799
1 4.49391 -0.88598
1 -1.28535 -0.938779
0 3.35841 1.84137
0 -1.9773 1.71188
3 0.3 -1.5
3 -0.3 -1.5
3 -0.3 1.5
3 0.3 1.5
102
0 5.23843 1.6579
1 1.86429 -5.28994
0 2.04736 -8.10678
1 2.99726 -5.98015
1 4.49382 -0.886176
1 -1.29295 -0.937179
0 3.38672 1.84681
0 -1.9761 1.7119
3 0.3 -1.5
3 -0.3 -1.5
3 -0.3 1.5
3 0.3 1.5
106
3 0.3 1.5
3 -0.3 1.5
3 -0.3 -1.5
3 0.3 -1.5
0 -1.96743 1.71504
0 3.38617 1.84727
1 -1.28228 -0.938482
1 4.52108 -0.889225
1 2.99728 -5.98113
0 2.0689 -8.12996
1 1.86389 -5.28962
0 5.21693 1.65002
110
3 0.3 1.5
3 -0.3 1.5
3 -0.3 -1.5
3 0.3 -1.5
0 -1.9694 1.71345
0 3.38667 1.84632
1 -1.28188 -0.939316
1 4.53326 -0.89124
1 2.96204 -5.95918
0 2.06533 -8.13054
1 1.86425 -5.2903
0 5.15481 1.66439
114
3 0.3 1.5
3 -0.3 1.5
3 -0.3 -1.5
3 0.3 -1.5
0 -1.96392 1.71541
0 3.38119 1.84488
1 -1.29737 -0.936362
1 4.54662 -0.892997
1 2.96281 -5.96039
0 2.06564 -8.13087
1 1.86438 -5.29041
0 5.15505 1.66415
118
3 0.3 1.5
3 -0.3 1.5
3 -0.3 -1.5
3 0.3 -1.5
0 -1.9659 1.71492
0 3.39995 1.84717
1 -1.30122 -0.935912
1 4.5467 -0.89281
1 2.9321 -5.94104
0 2.06573 -8.1306
1 1.86442 -5.29032
0 5.15513 1.66435
1 3.00472 -0.75483
122
3 0.3 1.5
3 -0.3 1.5
3 -0.3 -1.5
3 0.3 -1.5
0 -1.96341 1.71588
0 3.38779 1.84655
1 -1.30134 -0.935807
1 4.54659 -0.892719
1 2.93195 -5.94089
0 2.06558 -8.13046
1 1.86436 -5.29027
0 5.1835 1.66312
1 3.00455 -0.754666
126
3 0.3 1.5
3 -0.3 1.5
3 -0.3 -1.5
3 0.3 -1.5
0 -1.96293 1.71619
0 3.38666 1.84573
1 -1.3029 -0.935171
1 4.5642 -0.893668
1 2.93259 -5.94096
0 2.09523 -8.15646
1 1.79216 -5.25143
0 5.18404 1.66306
1 3.00524 -0.754761
130
3 0.3 1.5
3 -0.3 1.5
3 -0.3 -1.5
3 0.3 -1.5
0 -1.95401 1.71927
0 3.40096 1.8475
1 -1.30252 -0.934861
1 4.54776 -0.891888
1 2.93196 -5.94069
0 2.09453 -8.15613
1 1.79175 -5.25125
0 5.13964 1.6544
1 3.00455 -0.754416
134
3 0.3 1.5
3 -0.3 1.5
3 -0.3 -1.5
3 0.3 -1.5
0 -1.95392 1.7194
0 3.40104 1.84764
1 -1.30107 -0.934772
1 4.53713 -0.89075
1 2.97156 -5.96814
0 2.09463 -8.15598
1 1.82052 -5.26902
0 5.13974 1.65453
1 2.99204 -0.760686
138
3 0.3 1.5
3 -0.3 1.5
3 -0.3 -1.5
3 0.3 -1.5
0 -1.95696 1.71921
0 3.40953 1.84986
1 -1.28868 -0.937159
1 4.53202 -0.890845
1 2.97148 -5.96827
0 2.09456 -8.1561
1 1.84435 -5.2828
0 5.16576 1.65328
1 2.99194 -0.760888
142
3 0.3 1.5
3 -0.3 1.5
3 -0.3 -1.5
3 0.3 -1.5
0 -1.94811 1.72207
0 3.42166 1.8533
1 -1.28919 -0.93716
1 4.53154 -0.890845
1 2.97097 -5.96825
0 2.09402 -8.15607
1 1.8439 -5.28282
0 5.16527 1.65328
1 2.99127 -0.760898
146
3 0.3 1.5
3 -0.3 1.5
3 -0.3 -1.5
3 0.3 -1.5
0 -1.9457 1.72285
0 3.40678 1.85039
1 -1.29656 -0.935665
1 4.53168 -0.890861
1 2.94525 -5.95258
0 2.14693 -8.20462
1 1.84403 -5.28284
0 5.16541 1.65327
1 3.04775 -0.770199
150
3 0.3 1.5
3 -0.3 1.5
3 -0.3 -1.5
3 0.3 -1.5
0 -1.94521 1.72298
0 3.40725 1.85053
1 -1.30787 -0.934068
1 4.53726 -0.891145
1 2.91547 -5.93332
0 2.14746 -8.20448
1 1.84443 -5.28273
0 5.16583 1.65337
1 3.04846 -0.769973
154
3 0.3 1.5
3 -0.3 1.5
3 -0.3 -1.5
3 0.3 -1.5
0 -1.94727 1.72108
0 3.40799 1.84943
1 -1.31243 -0.933915
1 4.5458 -0.892752
1 2.91886 -5.93608
0 2.14819 -8.20564
1 1.84502 -5.28361
0 5.12101 1.66815
1 3.04958 -0.771848
158
3 0.3 1.5
3 -0.3 1.5
3 -0.3 -1.5
3 0.3 -1.5
0 -1.95107 1.71999
0 3.42559 1.85164
1 -1.3212 -0.931959
1 4.54579 -0.892628
1 2.91885 -5.93593
0 2.14189 -8.20164
1 1.87833 -5.30281
0 5.12907 1.66408
1 3.0721 -0.769151
162
3 0.3 1.5
3 -0.3 1.5
3 -0.3 -1.5
3 0.3 -1.5
0 -1.93797 1.72448
0 3.42337 1.85173
1 -1.31899 -0.932654
1 4.55153 -0.89354
1 2.91752 -5.93523
0 2.14047 -8.20084
1 1.88037 -5.30298
0 5.12787 1.66472
1 3.07017 -0.767892
166
3 0.3 1.5
3 -0.3 1.5
3 -0.3 -1.5
3 0.3 -1.5
0 -1.9271 1.72836
0 3.43509 1.85407
1 -1.30393 -0.93541
1 4.54761 -0.892795
1 2.91594 -5.93488
0 2.13876 -8.20045
1 1.87882 -5.30257
0 5.12642 1.66503
1 3.06787 -0.767273
170
3 0.3 1.5
3 -0.3 1.5
3 -0.3 -1.5
3 0.3 -1.5
0 -1.92766 1.72816
0 3.43619 1.85409
1 -1.31825 -0.932968
1 4.54869 -0.89277
1 2.90027 -5.92846
0 2.13998 -8.20044
1 1.8799 -5.30251
0 5.12744 1.66504
1 3.07371 -0.764334
174
3 0.3 1.5
3 -0.3 1.5
3 -0.3 -1.5
3 0.3 -1.5
0 -1.92775 1.72799
0 3.43611 1.85395
1 -1.3174 -0.933092
1 4.53125 -0.891178
1 2.90017 -5.92862
0 2.13988 -8.20058
1 1.8596 -5.28896
0 5.12736 1.66492
1 3.07356 -0.764624
178
3 0.3 1.5
3 -0.3 1.5
3 -0.3 -1.5
3 0.3 -1.5
0 -1.92733 1.72825
0 3.43752 1.85392
1 -1.32017 -0.932346
1 4.52844 -0.890847
1 2.9001 -5.92849
0 2.13982 -8.20047
1 1.79614 -5.24908
0 5.14351 1.66226
1 3.07344 -0.764348
182
0 1.44554 1.57942
3 0.3 1.5
3 -0.3 1.5
3 -0.3 -1.5
3 0.3 -1.5
0 -1.92055 1.73055
0 3.4391 1.85423
1 -1.32084 -0.93221
1 4.52784 -0.890723
1 2.89953 -5.92838
0 2.13928 -8.20038
1 1.79542 -5.24891
0 5.14299 1.66236
1 3.07256 -0.764164
186
0 1.44597 1.5794
3 0.3 1.5
3 -0.3 1.5
3 -0.3 -1.5
3 0.3 -1.5
0 -1.9203 1.7304
0 3.43928 1.85422
1 -1.32559 -0.931406
1 4.50509 -0.889239
1 2.89436 -5.92435
0 2.13944 -8.20038
1 1.81243 -5.25889
0 5.14315 1.66235
1 3.07283 -0.764173
190
0 1.44777 1.57743
3 0.3 1.5
3 -0.3 1.5
3 -0.3 -1.5
3 0.3 -1.5
0 -1.92003 1.7302
0 3.43042 1.85316
1 -1.32467 -0.932245
1 4.50597 -0.890073
1 2.89515 -5.92499
0 2.14008 -8.20079
1 1.81343 -5.25995
0 5.14793 1.67154
1 3.07389 -0.765083
194
0 1.44749 1.57443
3 0.3 1.5
3 -0.3 1.5
3 -0.3 -1.5
3 0.3 -1.5
0 -1.92021 1.72871
0 3.43024 1.85193
1 -1.34385 -0.930545
1 4.53654 -0.874867
1 2.88868 -5.92281
0 2.16451 -8.22149
1 1.81322 -5.26158
0 5.14774 1.66988
1 3.07362 -0.766577
198
0 1.55893 1.58556
3 0.3 1.5
3 -0.3 1.5
3 -0.3 -1.5
3 0.3 -1.5
0 -1.91562 1.7302
0 3.43002 1.85216
1 -1.34821 -0.92995
1 4.52678 -0.873971
1 2.88569 -5.9207
0 2.16428 -8.22123
1 1.81292 -5.26123
0 5.14747 1.67024
1 3.07334 -0.766342
202
0 1.65448 1.59658
3 0.3 1.5
3 -0.3 1.5
3 -0.3 -1.5
3 0.3 -1.5
0 -1.91076 1.73203
0 3.42956 1.85231
1 -1.34887 -0.929675
1 4.52611 -0.873636
1 2.88503 -5.92038
0 2.1638 -8.22108
1 1.81234 -5.261
0 5.12999 1.66459
1 3.07275 -0.766189
206
0 1.65325 1.59754
3 0.3 1.5
3 -0.3 1.5
3 -0.3 -1.5
3 0.3 -1.5
0 -1.90856 1.73325
0 3.45119 1.85487
1 -1.34946 -0.929358
1 4.52551 -0.87327
1 2.88444 -5.92002
0 2.16335 -8.22086
1 1.81182 -5.26073
0 5.1226 1.66025
1 3.07218 -0.765947
210
0 1.65271 1.59758
3 0.3 1.5
3 -0.3 1.5
3 -0.3 -1.5
3 0.3 -1.5
0 -1.90882 1.73327
0 3.45098 1.85483
1 -1.34334 -0.930469
1 4.49355 -0.871413
1 2.8758 -5.91496
0 2.17829 -8.23084
1 1.8116 -5.26073
0 5.12233 1.66027
1 3.07195 -0.765945
214
0 1.65339 1.5968
3 0.3 1.5
3 -0.3 1.5
3 -0.3 -1.5
3 0.3 -1.5
0 -1.90818 1.73299
0 3.45127 1.85455
1 -1.34244 -0.931308
1 4.48047 -0.871625
1 2.87406 -5.91445
0 2.17774 -8.22557
1 1.81187 -5.26096
0 5.10685 1.66908
1 3.07195 -0.765945
218
0 1.65348 1.59599
3 0.3 1.5
3 -0.3 1.5
3 -0.3 -1.5
3 0.3 -1.5
0 -1.90464 1.73346
0 3.4513 1.85426
1 -1.3398 -0.932431
1 4.49104 -0.873601
1 2.86361 -5.90856
0 2.17776 -8.22606
1 1.8119 -5.26122
0 5.0815 1.67864
1 3.0723 -0.766415
222
0 1.6518 1.5942
3 0.3 1.5
3 -0.3 1.5
3 -0.3 -1.5
3 0.3 -1.5
0 -1.90947 1.73102
0 3.45856 1.85426
1 -1.3385 -0.934029
1 4.51215 -0.858687
1 2.84784 -5.90113
0 2.17669 -8.22723
1 1.81112 -5.26178
0 5.09331 1.67456
1 3.07143 -0.766992
226
0 1.65146 1.59506
3 0.3 1.5
3 -0.3 1.5
3 -0.3 -1.5
3 0.3 -1.5
0 -1.90504 1.73276
0 3.46182 1.85458
1 -1.33796 -0.934222
1 4.51792 -0.859294
1 2.86234 -5.91171
0 2.1765 -8.22671
1 1.81098 -5.26154
0 5.09305 1.6753
1 3.07128 -0.766791
230
0 1.65162 1.59529
3 0.3 1.5
3 -0.3 1.5
3 -0.3 -1.5
3 0.3 -1.5
0 -1.90495 1.73293
0 3.4619 1.85472
1 -1.33628 -0.934554
1 4.50842 -0.859217
1 2.87789 -5.92122
0 2.1766 -8.22657
1 1.81105 -5.26148
0 5.09316 1.6755
1 3.07137 -0.766731
234
0 1.64972 1.59576
3 0.3 1.5
3 -0.3 1.5
3 -0.3 -1.5
3 0.3 -1.5
0 -1.89881 1.7353
0 3.47555 1.85716
1 -1.3376 -0.934174
1 4.50695 -0.858736
1 2.87632 -5.92067
0 2.17549 -8.2263
1 1.81024 -5.26135
0 5.1122 1.67484
1 3.07048 -0.766626
238
0 1.65053 1.59611
3 0.3 1.5
3 -0.3 1.5
3 -0.3 -1.5
3 0.3 -1.5
0 -1.89826 1.73562
0 3.47604 1.85747
1 -1.33473 -0.934601
1 4.50704 -0.858856
1 2.87456 -5.92258
0 2.2008 -8.25043
1 1.8106 -5.26125
0 5.11281 1.67521
1 3.12301 -0.769821
242
0 1.65037 1.59625
3 0.3 1.5
3 -0.3 1.5
3 -0.3 -1.5
3 0.3 -1.5
0 -1.89393 1.73714
0 3.43626 1.8511
1 -1.33486 -0.934448
1 4.5069 -0.858691
1 2.87439 -5.92236
0 2.20068 -8.25027
1 1.81054 -5.26121
0 5.10826 1.6716
1 3.12288 -0.769696
246
0 1.64942 1.5964
3 0.3 1.5
3 -0.3 1.5
3 -0.3 -1.5
3 0.3 -1.5
0 -1.88986 1.73867
0 3.41293 1.84722
1 -1.32864 -0.935473
1 4.51842 -0.860278
1 2.87395 -5.92272
0 2.19998 -8.25012
1 1.81013 -5.26117
0 5.10744 1.67181
1 3.1222 -0.769514
250
0 1.64909 1.59653
3 0.3 1.5
3 -0.3 1.5
3 -0.3 -1.5
3 0.3 -1.5
0 -1.89014 1.73886
0 3.41266 1.84743
1 -1.32366 -0.936441
1 4.51087 -0.861276
1 2.88456 -5.92895
0 2.16574 -8.21669
1 1.82429 -5.26966
0 5.10716 1.67198
1 3.12196 -0.769349
254
0 1.65038 1.59644
3 0.3 1.5
3 -0.3 1.5
3 -0.3 -1.5
3 0.3 -1.5
0 -1.89756 1.73631
0 3.40674 1.8461
1 -1.32252 -0.936601
1 4.51211 -0.861456
1 2.88592 -5.92915
0 2.1669 -8.21686
1 1.82504 -5.26974
0 5.10825 1.67186
1 3.12288 -0.769454
258
0 1.65039 1.59642
3 0.3 1.5
3 -0.3 1.5
3 -0.3 -1.5
3 0.3 -1.5
0 -1.89755 1.73634
0 3.40675 1.84615
1 -1.32216 -0.936427
1 4.51211 -0.861403
1 2.87023 -5.92137
0 2.16959 -8.21741
1 1.82505 -5.26975
0 5.10825 1.67188
1 3.21567 -0.783883
262
0 1.65136 1.59616
3 0.3 1.5
3 -0.3 1.5
3 -0.3 -1.5
3 0.3 -1.5
0 -1.89841 1.73555
0 3.38746 1.84229
1 -1.3212 -0.936962
1 4.51304 -0.861857
1 2.87131 -5.92199
0 2.17062 -8.21811
1 1.82561 -5.27001
0 5.10384 1.67934
1 3.21687 -0.784924
266
0 1.6518 1.59604
3 0.3 1.5
3 -0.3 1.5
3 -0.3 -1.5
3 0.3 -1.5
0 -1.90011 1.73472
0 3.38256 1.84082
1 -1.32456 -0.936156
1 4.51361 -0.861904
1 2.87203 -5.92202
0 2.17128 -8.21814
1 1.82583 -5.27007
0 5.10447 1.6793
1 3.18233 -0.77712
270
0 1.65261 1.59591
3 0.3 1.5
3 -0.3 1.5
3 -0.3 -1.5
3 0.3 -1.5
0 -1.9069 1.73208
0 3.39544 1.84169
1 -1.32369 -0.936503
1 4.5144 -0.862152
1 2.87295 -5.92236
0 2.17215 -8.21853
1 1.8263 -5.27021
0 5.11836 1.68798
1 3.18361 -0.77796
274
0 1.65261 1.59591
3 0.3 1.5
3 -0.3 1.5
3 -0.3 -1.5
3 0.3 -1.5
0 -1.90728 1.73103
0 3.3951 1.84069
1 -1.32327 -0.93739
1 4.50152 -0.84979
1 2.90088 -5.94171
0 2.13325 -8.18814
1 1.82606 -5.27057
0 5.11799 1.68682
1 3.10981 -0.770968
278
0 1.65325 1.5957
3 0.3 1.5
3 -0.3 1.5
3 -0.3 -1.5
3 0.3 -1.5
0 -1.90862 1.73064
0 3.40374 1.84139
1 -1.32841 -0.93664
1 4.50263 -0.849512
1 2.92096 -5.95364
0 2.02783 -8.09174
1 1.82665 -5.27046
0 5.1192 1.6872
1 3.15074 -0.775228
282
0 1.65341 1.59573
3 0.3 1.5
3 -0.3 1.5
3 -0.3 -1.5
3 0.3 -1.5
0 -1.90843 1.73076
0 3.40392 1.8415
1 -1.32916 -0.936401
1 4.49737 -0.850284
1 2.92117 -5.9535
0 2.028 -8.09159
1 1.82675 -5.27042
0 5.11938 1.68731
1 3.15103 -0.774946
286
0 1.6547 1.59591
3 0.3 1.5
3 -0.3 1.5
3 -0.3 -1.5
3 0.3 -1.5
0 -1.90696 1.73099
0 3.40532 1.84173
1 -1.33443 -0.935123
1 4.49881 -0.850061
1 2.92419 -5.9537
0 1.98042 -8.04853
1 1.81591 -5.26804
0 5.12083 1.68754
1 3.13214 -0.770317
290
0 1.65392 1.59595
3 0.3 1.5
3 -0.3 1.5
3 -0.3 -1.5
3 0.3 -1.5
0 -1.90102 1.73303
0 3.39447 1.83946
1 -1.33557 -0.934846
1 4.49788 -0.849901
1 2.92305 -5.95346
0 1.97897 -8.04804
1 1.81524 -5.26787
0 5.11989 1.68772
1 3.13016 -0.769593
294
0 1.65392 1.59595
3 0.3 1.5
3 -0.3 1.5
3 -0.3 -1.5
3 0.3 -1.5
0 -1.89676 1.73448
0 3.39525 1.83995
1 -1.33714 -0.934543
1 4.4982 -0.849657
1 2.92344 -5.9531
0 1.97937 -8.04752
1 1.82158 -5.27498
0 5.12022 1.68798
1 3.0898 -0.763813
298
0 1.74001 1.593
3 0.3 1.5
3 -0.3 1.5
3 -0.3 -1.5
3 0.3 -1.5
0 -1.90229 1.73271
0 3.39587 1.84008
1 -1.33065 -0.935679
1 4.49879 -0.849732
1 2.91903 -5.95182
0 1.98007 -8.0473
1 1.82212 -5.27489
0 5.1208 1.68793
1 3.06095 -0.759324
302
0 1.71993 1.58461
3 0.3 1.5
3 -0.3 1.5
3 -0.3 -1.5
3 0.3 -1.5
0 -1.90276 1.73252
0 3.39586 1.8401
1 -1.33066 -0.935651
1 4.49879 -0.849749
1 2.91902 -5.9518
0 1.98005 -8.04726
1 1.82212 -5.27487
0 5.1208 1.68792
1 3.06091 -0.759158
306
0 1.69606 1.56866
3 0.3 1.5
3 -0.3 1.5
3 -0.3 -1.5
3 0.3 -1.5
0 -1.90733 1.73088
0 3.39632 1.84001
1 -1.33065 -0.935583
1 4.49919 -0.849867
1 2.9089 -5.94505
0 1.98059 -8.04737
1 1.82249 -5.27498
0 5.1212 1.68781
1 3.08587 -0.759799
310
0 1.69436 1.56912
3 0.3 1.5
3 -0.3 1.5
3 -0.3 -1.5
3 0.3 -1.5
0 -1.90538 1.73179
0 3.40211 1.8403
1 -1.32685 -0.93603
1 4.48529 -0.849777
1 2.90527 -5.94286
0 1.97964 -8.04718
1 1.8219 -5.27487
0 5.12056 1.68788
1 3.08415 -0.759418
314
1 0.268752 -4.3513
0 1.67842 1.56226
3 0.3 1.5
3 -0.3 1.5
3 -0.3 -1.5
3 0.3 -1.5
0 -1.91604 1.72814
0 3.3924 1.837
1 -1.36887 -0.934333
1 4.47643 -0.852479
1 2.89364 -5.94683
0 1.99723 -8.08379
1 1.81873 -5.19754
0 5.11217 1.68537
1 3.00971 -0.768378
318
1 0.26947 -4.351
0 1.67901 1.56297
3 0.3 1.5
3 -0.3 1.5
3 -0.3 -1.5
3 0.3 -1.5
0 -1.92404 1.72537
0 3.37951 1.83234
1 -1.36844 -0.933985
1 4.47672 -0.852305
1 2.89406 -5.94653
0 1.99781 -8.08336
1 1.81915 -5.19714
0 5.11245 1.68551
1 3.0105 -0.767575
322
1 4.35934 -4.39487
1 0.270912 -4.34959
0 1.72234 1.55917
3 0.3 1.5
3 -0.3 1.5
3 -0.3 -1.5
3 0.3 -1.5
0 -1.92427 1.72541
0 3.37993 1.83274
1 -1.36964 -0.933612
1 4.4789 -0.854254
1 2.89284 -5.94715
0 1.99852 -8.0828
1 1.81973 -5.19662
0 5.11274 1.68549
1 3.01136 -0.766345
326
1 4.35799 -4.3942
1 0.270224 -4.34936
0 1.72156 1.55945
3 0.3 1.5
3 -0.3 1.5
3 -0.3 -1.5
3 0.3 -1.5
0 -1.92023 1.72705
0 3.36999 1.82981
1 -1.37008 -0.933508
1 4.4786 -0.854189
1 2.89243 -5.94705
0 1.99803 -8.08266
1 1.81935 -5.1965
0 5.11249 1.68553
1 3.01058 -0.766126
330
1 4.36176 -4.39205
1 0.272023 -4.34863
0 1.72312 1.56022
3 0.3 1.5
3 -0.3 1.5
3 -0.3 -1.5
3 0.3 -1.5
0 -1.91925 1.72745
0 3.37091 1.8302
1 -1.36855 -0.93402
1 4.47922 -0.854018
1 2.88534 -5.9446
0 1.99915 -8.08234
1 1.8202 -5.1962
0 5.11298 1.68563
1 2.96345 -0.759277
334
1 4.37097 -4.39114
1 0.276369 -4.34823
0 1.72739 1.56061
3 0.3 1.5
3 -0.3 1.5
3 -0.3 -1.5
3 0.3 -1.5
0 -1.92221 1.72649
0 3.35864 1.8276
1 -1.37381 -0.932992
1 4.47633 -0.854612
1 2.88808 -5.9444
0 2.00212 -8.08223
1 1.83619 -5.20753
0 5.11447 1.68577
1 2.9683 -0.758857
338
1 4.18357 -4.325
1 0.280265 -4.34721
0 1.73097 1.56171
3 0.3 1.5
3 -0.3 1.5
3 -0.3 -1.5
3 0.3 -1.5
0 -1.91967 1.72721
0 3.36107 1.82832
1 -1.37955 -0.931449
1 4.48563 -0.855912
1 2.89061 -5.94388
0 2.00479 -8.08176
1 1.79838 -5.19114
0 5.11592 1.68603
1 2.99037 -0.759817
342
1 4.30879 -4.36812
1 0.281553 -4.34669
0 1.73205 1.56229
3 0.3 1.5
3 -0.3 1.5
3 -0.3 -1.5
3 0.3 -1.5
0 -1.92062 1.72699
0 3.35668 1.82734
1 -1.37593 -0.932148
1 4.48616 -0.855699
1 2.87565 -5.93627
0 2.01401 -8.08929
1 1.79962 -5.19069
0 5.11624 1.68605
1 2.96194 -0.759418
346
1 4.31042 -4.36843
1 0.282113 -4.34671
0 1.73262 1.56227
3 0.3 1.5
3 -0.3 1.5
3 -0.3 -1.5
3 0.3 -1.5
0 -1.92373 1.72605
0 3.36523 1.82796
1 -1.37549 -0.932176
1 4.48644 -0.855702
1 2.87605 -5.93629
0 2.0145 -8.08935
1 1.80013 -5.19076
0 5.11642 1.68606
1 2.96271 -0.75948
350
0 -0.076814 -6.20365
1 4.3137 -4.36583
1 0.262711 -4.31776
0 1.73421 1.56299
3 0.3 1.5
3 -0.3 1.5
3 -0.3 -1.5
3 0.3 -1.5
0 -1.9226 1.72659
0 3.36633 1.82853
1 -1.3804 -0.93189
1 4.48846 -0.856219
1 2.87053 -5.93335
0 1.95772 -8.03373
1 1.80156 -5.19024
0 5.11713 1.6862
1 2.97464 -0.760424
354
0 -0.0731291 -6.20256
1 4.31755 -4.36537
1 0.335476 -4.34933
0 1.74841 1.56068
3 0.3 1.5
3 -0.3 1.5
3 -0.3 -1.5
3 0.3 -1.5
0 -1.92259 1.72663
0 3.36755 1.82859
1 -1.38942 -0.930547
1 4.48942 -0.856196
1 2.87189 -5.93339
0 1.95946 -8.03392
1 1.80302 -5.19029
0 5.11779 1.68617
1 2.96493 -0.762619
358
0 -0.0724617 -6.20162
1 4.31807 -4.364
1 0.336345 -4.34842
0 1.77682 1.56977
3 0.3 1.5
3 -0.3 1.5
3 -0.3 -1.5
3 0.3 -1.5
0 -1.92025 1.72786
0 3.36759 1.82889
1 -1.39179 -0.930149
1 4.48948 -0.855971
1 2.87769 -5.93838
0 1.93126 -8.00609
1 1.80324 -5.18997
0 5.14442 1.68523
1 2.96515 -0.76187
362
0 -0.0715696 -6.19974
1 4.31862 -4.36125
1 0.337661 -4.34653
0 1.77629 1.57159
3 0.3 1.5
3 -0.3 1.5
3 -0.3 -1.5
3 0.3 -1.5
0 -1.92694 1.72716
0 3.35406 1.81694
1 -1.39161 -0.929267
1 4.48952 -0.855446
1 2.8781 -5.93775
0 1.93188 -8.00534
1 1.80352 -5.18931
0 5.17453 1.6856
1 2.96532 -0.760355
366
0 0.120363 -6.33387
1 4.33028 -4.3593
1 0.348134 -4.34582
0 1.78295 1.57288
3 0.3 1.5
3 -0.3 1.5
3 -0.3 -1.5
3 0.3 -1.5
0 -1.92221 1.72804
0 3.35848 1.81777
1 -1.42509 -0.923261
1 4.4923 -0.855032
1 2.86997 -5.92995
0 1.95896 -8.02343
1 1.8003 -5.19128
0 5.17698 1.68608
1 2.97241 -0.759197
370
0 0.124694 -6.331
1 4.33479 -4.35784
1 0.352674 -4.34497
0 1.78537 1.57394
3 0.3 1.5
3 -0.3 1.5
3 -0.3 -1.5
3 0.3 -1.5
0 -1.92055 1.72865
0 3.3601 1.81845
1 -1.42487 -0.922964
1 4.49347 -0.854703
1 2.87221 -5.92965
0 1.96226 -8.02351
1 1.79406 -5.1922
0 5.17794 1.68651
1 2.94296 -0.757355
374
0 0.127248 -6.33259
1 4.33707 -4.35923
1 0.354436 -4.34603
0 1.78704 1.57313
3 0.3 1.5
3 -0.3 1.5
3 -0.3 -1.5
3 0.3 -1.5
0 -1.91669 1.72899
0 3.35992 1.81888
1 -1.43952 -0.922088
1 4.51625 -0.843606
1 2.88357 -5.93915
0 1.9634 -8.02437
1 1.79506 -5.19288
0 5.17846 1.68616
1 2.96327 -0.762267
378
1 1.3819 -0.699934
0 0.0175949 -6.21316
1 4.33918 -4.35965
1 0.356166 -4.34649
0 1.7884 1.57287
3 0.3 1.5
3 -0.3 1.5
3 -0.3 -1.5
3 0.3 -1.5
0 -1.91181 1.72997
0 3.3542 1.81837
1 -1.45942 -0.91984
1 4.53518 -0.83171
1 2.88107 -5.94105
0 1.96455 -8.02487
1 1.79608 -5.19322
0 5.2062 1.68211
1 2.96478 -0.762645
382
1 1.38409 -0.693697
0 0.0233359 -6.21285
1 4.34085 -4.35833
1 0.358114 -4.34563
0 1.83702 1.58112
3 0.3 1.5
3 -0.3 1.5
3 -0.3 -1.5
3 0.3 -1.5
0 -1.91336 1.72947
0 3.35435 1.81909
1 -1.45696 -0.920599
1 4.53561 -0.831241
1 2.8868 -5.94589
0 1.96594 -8.02477
1 1.79755 -5.19292
0 5.20617 1.68257
1 2.97355 -0.765848
386
1 1.39516 -0.686786
0 0.0349922 -6.21255
1 4.34754 -4.35692
1 0.364485 -4.34498
0 1.79532 1.57078
3 0.3 1.5
3 -0.3 1.5
3 -0.3 -1.5
3 0.3 -1.5
0 -1.91468 1.72915
0 3.35699 1.81997
1 -1.45617 -0.920877
1 4.53758 -0.830628
1 2.89187 -5.94589
0 1.97054 -8.02519
1 1.80182 -5.2012
0 5.20767 1.68316
1 3.00026 -0.769905
390
1 1.39854 -0.687006
0 0.0378585 -6.2131
1 4.3494 -4.35692
1 0.366097 -4.34511
0 1.79729 1.57073
3 0.3 1.5
3 -0.3 1.5
3 -0.3 -1.5
3 0.3 -1.5
0 -1.92204 1.72641
0 3.3559 1.81974
1 -1.45502 -0.920925
1 4.53808 -0.830629
1 2.89295 -5.94605
0 1.97166 -8.02544
1 1.80307 -5.20141
0 5.20799 1.68314
1 3.00182 -0.769961
394
1 1.411 -0.681153
0 0.0502823 -6.2134
1 4.35643 -4.35561
1 0.372653 -4.34467
0 1.7466 1.56314
3 0.3 1.5
3 -0.3 1.5
3 -0.3 -1.5
3 0.3 -1.5
0 -1.93139 1.72288
0 3.35862 1.82065
1 -1.45227 -0.921498
1 4.53977 -0.830172
1 2.87878 -5.93878
0 2.00575 -8.05733
1 1.809 -5.20173
0 5.20927 1.68355
1 2.98797 -0.769265
398
1 1.42459 -0.677189
0 0.0631538 -6.21413
1 4.36413 -4.35439
1 0.378592 -4.34368
0 1.7132 1.55884
3 0.3 1.5
3 -0.3 1.5
3 -0.3 -1.5
3 0.3 -1.5
0 -1.9374 1.72037
0 3.36196 1.8214
1 -1.4667 -0.918469
1 4.53402 -0.833079
1 2.87181 -5.93526
0 2.01264 -8.05894
1 1.815 -5.20215
0 5.21087 1.6839
1 2.99472 -0.767509
402
1 1.43466 -0.67234
0 0.0733095 -6.21445
1 4.36986 -4.35345
1 0.392246 -4.34827
0 1.7117 1.56008
3 0.3 1.5
3 -0.3 1.5
3 -0.3 -1.5
3 0.3 -1.5
0 -1.93528 1.72098
0 3.36415 1.82213
1 -1.47305 -0.917674
1 4.53547 -0.832382
1 2.85836 -5.92717
0 2.0372 -8.08601
1 1.81989 -5.20244
0 5.21193 1.68424
1 3.00557 -0.769979
406
1 1.44387 -0.669093
0 0.0964748 -6.22749
1 4.3777 -4.35357
1 0.40455 -4.35204
0 1.71749 1.56353
3 0.3 1.5
3 -0.3 1.5
3 -0.3 -1.5
3 0.3 -1.5
0 -1.9358 1.72057
0 3.35033 1.82046
1 -1.47729 -0.917074
1 4.54957 -0.83247
1 2.86396 -5.92691
0 2.02641 -8.0732
1 1.79745 -5.19343
0 5.21092 1.68414
1 3.03284 -0.773072
410
1 1.45798 -0.665825
0 0.118464 -6.23866
1 4.38455 -4.35299
1 0.411226 -4.35238
0 1.71613 1.56339
3 0.3 1.5
3 -0.3 1.5
3 -0.3 -1.5
3 0.3 -1.5
0 -1.93832 1.71905
0 3.35159 1.82109
1 -1.49751 -0.913579
1 4.54998 -0.831891
1 2.87397 -5.93397
0 1.99546 -8.04227
1 1.80492 -5.19406
0 5.21156 1.68421
1 3.0557 -0.776853
414
1 1.45864 -0.665746
0 0.117229 -6.23689
1 4.38496 -4.35306
1 0.411634 -4.35247
0 1.76135 1.56795
3 0.3 1.5
3 -0.3 1.5
3 -0.3 -1.5
3 0.3 -1.5
0 -1.94114 1.71776
0 3.35214 1.82117
1 -1.50251 -0.912478
1 4.55017 -0.831919
1 2.87027 -5.93148
0 1.99199 -8.03844
1 1.80121 -5.19156
0 5.21171 1.68418
1 3.04954 -0.776244
418
1 1.46529 -0.662245
0 0.124391 -6.23707
1 4.38904 -4.35205
1 0.415726 -4.35223
0 1.80364 1.57658
3 0.3 1.5
3 -0.3 1.5
3 -0.3 -1.5
3 0.3 -1.5
0 -1.94443 1.71733
0 3.35359 1.82203
1 -1.49519 -0.914365
1 4.54997 -0.835003
1 2.87507 -5.93555
0 2.00185 -8.04223
1 1.80723 -5.19244
0 5.21253 1.68449
1 3.05428 -0.773195
422
1 1.47396 -0.658536
0 0.133435 -6.23753
1 4.39412 -4.35084
1 0.420766 -4.35198
0 1.80623 1.58237
3 0.3 1.5
3 -0.3 1.5
3 -0.3 -1.5
3 0.3 -1.5
0 -1.94229 1.71855
0 3.34974 1.82109
1 -1.49777 -0.914048
1 4.54629 -0.838383
1 2.87358 -5.93568
0 2.00859 -8.04673
1 1.8145 -5.19355
0 5.21347 1.68489
1 3.06032 -0.769961
426
1 1.47823 -0.655691
0 0.138163 -6.2376
1 4.3812 -4.36602
1 0.52288 -4.40851
0 1.80395 1.58658
3 0.3 1.5
3 -0.3 1.5
3 -0.3 -1.5
3 0.3 -1.5
0 -1.93911 1.72055
0 3.34658 1.82118
1 -1.51186 -0.911865
1 4.53209 -0.840955
1 2.87731 -5.93468
0 2.01622 -8.04879
1 1.81872 -5.19409