2
3 0.3 -1.5
3 -0.3 -1.5
3 -0.3 1.5
3 0.3 1.5
6
3 0.3 -1.5
3 -0.3 -1.5
3 -0.3 1.5
3 0.3 1.5
10
1 4.78441 -3.92597
3 0.3 -1.5
3 -0.3 -1.5
3 -0.3 1.5
3 0.3 1.5
14
1 4.64761 -3.96585
1 2.30059 -5.43272
1 4.26712 -2.37549
3 0.3 -1.5
3 -0.3 -1.5
3 -0.3 1.5
3 0.3 1.5
18
0 5.2584 0.0822511
1 4.68486 -3.87644
1 2.3479 -5.5222
1 3.91949 -2.25448
1 -1.28562 -0.669281
3 0.3 -1.5
3 -0.3 -1.5
3 -0.3 1.5
3 0.3 1.5
22
0 5.2584 0.0822658
1 4.68486 -3.87649
1 2.3479 -5.52225
1 3.91821 -2.25769
1 -1.28569 -0.669791
3 0.3 -1.5
3 -0.3 -1.5
3 -0.3 1.5
3 0.3 1.5
26
0 5.25335 0.0837086
1 4.62691 -3.96822
1 2.41623 -5.60929
1 3.8055 -2.2043
1 -1.40312 -0.661284
3 0.3 -1.5
3 -0.3 -1.5
3 -0.3 1.5
3 0.3 1.5
30
0 5.22351 0.0884585
1 4.62955 -4.03747
1 2.5214 -5.69655
1 3.77018 -2.17612
1 -1.58268 -0.631087
3 0.3 -1.5
3 -0.3 -1.5
3 -0.3 1.5
3 0.3 1.5
34
0 5.32952 0.081316
1 4.61228 -4.00984
1 2.6223 -5.69647
1 3.73461 -2.15713
1 -1.71696 -0.611965
3 0.3 -1.5
3 -0.3 -1.5
3 -0.3 1.5
3 0.3 1.5
38
0 5.33008 0.0834399
1 4.50759 -4.06621
1 2.65834 -5.68631
1 3.63681 -2.12229
1 -1.66669 -0.618676
3 0.3 -1.5
3 -0.3 -1.5
3 -0.3 1.5
3 0.3 1.5
42
0 5.34119 0.0796248
1 4.48977 -4.09167
1 2.78268 -5.73077
1 3.61648 -2.11164
1 -1.69806 -0.613215
3 0.3 -1.5
3 -0.3 -1.5
3 -0.3 1.5
3 0.3 1.5
46
0 5.34246 0.0820926
1 4.45503 -4.13048
1 2.8379 -5.77552
1 3.42079 -2.06394
1 -1.72143 -0.609423
3 0.3 -1.5
3 -0.3 -1.5
3 -0.3 1.5
3 0.3 1.5
50
0 5.37867 0.083698
1 4.45405 -4.13174
1 2.86713 -5.7531
1 3.34995 -2.04394
1 -1.72964 -0.613342
3 0.3 -1.5
3 -0.3 -1.5
3 -0.3 1.5
3 0.3 1.5
54
0 5.37867 0.0836592
1 4.45405 -4.13174
1 2.86713 -5.7531
1 3.34995 -2.04394
1 -1.72964 -0.613341
3 0.3 -1.5
3 -0.3 -1.5
3 -0.3 1.5
3 0.3 1.5
58
0 5.35375 0.0829444
1 4.45579 -4.10949
1 2.87901 -5.78086
1 3.21727 -2.00667
1 -1.69653 -0.619458
3 0.3 -1.5
3 -0.3 -1.5
3 -0.3 1.5
3 0.3 1.5
62
0 5.3706 -0.028732
1 4.43563 -4.12971
1 2.86732 -5.78572
1 3.23021 -1.9988
1 -1.69912 -0.611065
3 0.3 -1.5
3 -0.3 -1.5
3 -0.3 1.5
3 0.3 1.5
66
0 5.428 -0.00618981
1 4.44454 -4.17615
1 2.8629 -5.76143
1 3.10117 -1.96637
1 -1.66312 -0.613696
3 0.3 -1.5
3 -0.3 -1.5
3 -0.3 1.5
3 0.3 1.5
70
0 5.42811 -0.00644997
1 4.47253 -4.19882
1 2.86602 -5.7481
1 2.99438 -1.94316
1 -1.67635 -0.612362
3 0.3 -1.5
3 -0.3 -1.5
3 -0.3 1.5
3 0.3 1.5
74
0 5.40287 -0.0791223
1 4.47713 -4.17993
1 2.88336 -5.73275
1 3.03164 -1.94601
1 -1.68361 -0.60948
3 0.3 -1.5
3 -0.3 -1.5
3 -0.3 1.5
3 0.3 1.5
78
0 5.40392 -0.0773346
1 4.47488 -4.20865
1 2.92599 -5.7458
1 3.08172 -1.9502
1 -1.70977 -0.604004
3 0.3 -1.5
3 -0.3 -1.5
3 -0.3 1.5
3 0.3 1.5
82
0 5.40683 -0.0728915
1 4.47651 -4.25028
1 2.91835 -5.74557
1 3.11787 -1.95004
1 -1.72773 -0.596347
3 0.3 -1.5
3 -0.3 -1.5
3 -0.3 1.5
3 0.3 1.5
86
0 5.40687 -0.0727908
1 4.47655 -4.25019
1 2.9184 -5.74546
1 3.11786 -1.94996
1 -1.72769 -0.596238
3 0.3 -1.5
3 -0.3 -1.5
3 -0.3 1.5
3 0.3 1.5
90
0 5.40527 -0.0750374
1 4.49258 -4.24169
1 2.94187 -5.75286
1 3.1158 -1.95259
1 -1.72319 -0.598598
3 0.3 -1.5
3 -0.3 -1.5
3 -0.3 1.5
3 0.3 1.5
94
0 1.97391 -8.31378
0 5.40658 -0.0730726
1 4.42679 -4.24224
1 2.94478 -5.75966
1 3.11742 -1.95038
1 -1.70813 -0.595198
3 0.3 -1.5
3 -0.3 -1.5
3 -0.3 1.5
3 0.3 1.5
98
0 1.97562 -8.31113
1 0.468418 -4.02197
0 5.37349 -0.0597345
1 4.41679 -4.25992
1 2.9298 -5.75588
1 3.11869 -1.94906
1 -1.68956 -0.595102
3 0.3 -1.5
3 -0.3 -1.5
3 -0.3 1.5
3 0.3 1.5
102
0 1.9785 -8.30987
1 0.470652 -4.02177
0 5.40839 -0.046801
1 4.42942 -4.28018
1 2.91521 -5.75443
1 3.1585 -1.95199
1 -1.67925 -0.592689
3 0.3 -1.5
3 -0.3 -1.5
3 -0.3 1.5
3 0.3 1.5
106
0 2.01645 -8.38718
1 0.47027 -4.02485
0 5.40805 -0.0490151
1 4.40566 -4.26245
1 2.88441 -5.73619
1 3.17608 -1.95399
1 -1.67728 -0.594233
3 0.3 -1.5
3 -0.3 -1.5
3 -0.3 1.5
3 0.3 1.5
110
0 2.01664 -8.39064
1 0.470409 -4.02716
0 5.38635 -0.0403695
1 4.40338 -4.24633
1 2.87056 -5.73888
1 3.18619 -1.95636
1 -1.67744 -0.595909
3 0.3 -1.5
3 -0.3 -1.5
3 -0.3 1.5
3 0.3 1.5
114
0 2.01664 -8.39064
1 0.470409 -4.02716
0 5.38635 -0.0403695
1 4.40338 -4.24633
1 2.87056 -5.73888
1 3.18619 -1.95636
1 -1.67744 -0.595909
3 0.3 -1.5
3 -0.3 -1.5
3 -0.3 1.5
3 0.3 1.5
118
1 1.21623 -1.48789
0 2.01309 -8.39477
1 0.467991 -4.02972
0 5.38426 -0.0427247
1 4.40476 -4.23405
1 2.8619 -5.72882
1 3.18404 -1.95862
1 -1.68363 -0.598169
3 0.3 -1.5
3 -0.3 -1.5
3 -0.3 1.5
3 0.3 1.5
122
1 1.2159 -1.49078
0 2.01299 -8.39593
1 0.467938 -4.03044
0 5.38416 -0.0433711
1 4.40465 -4.23478
1 2.84487 -5.71776
1 3.21591 -1.9637
1 -1.69183 -0.596998
3 0.3 -1.5
3 -0.3 -1.5
3 -0.3 1.5
3 0.3 1.5
126
1 1.2145 -1.4918
0 2.0121 -8.39642
1 0.46736 -4.03067
0 5.34366 -0.0353119
1 4.4088 -4.24162
1 2.84385 -5.71145
1 3.22146 -1.96479
1 -1.68156 -0.59919
3 0.3 -1.5
3 -0.3 -1.5
3 -0.3 1.5
3 0.3 1.5
130
1 1.21455 -1.49254
0 2.06093 -8.47219
1 0.467236 -4.03115
0 5.34358 -0.0357297
1 4.42643 -4.23486
1 2.83474 -5.71356
1 3.24499 -1.96956
1 -1.68151 -0.600728
3 0.3 -1.5
3 -0.3 -1.5
3 -0.3 1.5
3 0.3 1.5
134
1 1.21862 -1.49109
0 2.09714 -8.5238
1 0.469064 -4.03087
0 5.36827 -0.0271317
1 4.43393 -4.24308
1 2.81634 -5.70838
1 3.24736 -1.96697
1 -1.68046 -0.599623
3 0.3 -1.5
3 -0.3 -1.5
3 -0.3 1.5
3 0.3 1.5
138
1 1.2267 -1.48332
0 2.10618 -8.51514
1 0.472933 -4.02806
0 5.37006 -0.0141526
1 4.43654 -4.2814
1 2.83253 -5.71509
1 3.23267 -1.95663
1 -1.6794 -0.593722
3 0.3 -1.5
3 -0.3 -1.5
3 -0.3 1.5
3 0.3 1.5
142
1 1.22792 -1.48346
0 2.13384 -8.55174
1 0.473446 -4.02824
0 5.3708 -0.0142212
1 4.45002 -4.28541
1 2.81573 -5.71127
1 3.24408 -1.95733
1 -1.6663 -0.594028
3 0.3 -1.5
3 -0.3 -1.5
3 -0.3 1.5
3 0.3 1.5
146
1 1.2276 -1.48551
0 2.1606 -8.59076
1 0.47321 -4.02916
0 5.37041 -0.0156307
1 4.45808 -4.27622
1 2.81907 -5.71944
1 3.24365 -1.95832
1 -1.67122 -0.594572
3 0.3 -1.5
3 -0.3 -1.5
3 -0.3 1.5
3 0.3 1.5
150
1 1.22845 -1.4833
0 2.27453 -8.50326
1 0.474032 -4.02801
0 5.39268 -0.00748482
1 4.45847 -4.29012
1 2.82384 -5.72673
1 3.22428 -1.95158
1 -1.66732 -0.592943
3 0.3 -1.5
3 -0.3 -1.5
3 -0.3 1.5
3 0.3 1.5
154
3 0.3 1.5
3 -0.3 1.5
3 -0.3 -1.5
3 0.3 -1.5
1 -1.6873 -0.590096
1 3.24149 -1.95492
1 2.82249 -5.72465
1 4.45892 -4.29141
0 5.39305 -0.00858298
1 0.474402 -4.02847
0 2.2751 -8.50531
1 1.22922 -1.48459
158
3 0.3 1.5
3 -0.3 1.5
3 -0.3 -1.5
3 0.3 -1.5
1 -1.70047 -0.589776
1 3.21458 -1.95023
1 2.836 -5.72703
1 4.46464 -4.29556
0 5.41425 -0.00355917
1 0.474243 -4.0288
0 2.2929 -8.54925
1 1.2289 -1.48556
162
3 0.3 1.5
3 -0.3 1.5
3 -0.3 -1.5
3 0.3 -1.5
1 -1.69946 -0.59052
1 3.22304 -1.95211
1 2.82236 -5.71389
1 4.46391 -4.29776
0 5.41319 -0.00393581
1 0.473693 -4.02876
0 2.29076 -8.5502
1 1.22765 -1.48577
166
3 0.3 1.5
3 -0.3 1.5
3 -0.3 -1.5
3 0.3 -1.5
1 -1.69466 -0.59385
1 3.22788 -1.95489
1 2.82815 -5.71551
1 4.50423 -4.29888
0 5.41036 -0.00534329
1 0.593859 -4.13344
0 2.28525 -8.553
1 1.2243 -1.48689
170
3 0.3 1.5
3 -0.3 1.5
3 -0.3 -1.5
3 0.3 -1.5
1 -1.68685 -0.593059
1 3.25344 -1.95688
1 2.83913 -5.72489
1 4.5049 -4.30747
0 5.41019 0.00106492
1 0.597106 -4.13239
0 2.30316 -8.58469
1 1.22651 -1.48609
174
3 0.3 1.5
3 -0.3 1.5
3 -0.3 -1.5
3 0.3 -1.5
1 -1.67164 -0.594209
1 3.27965 -1.96033
1 2.83006 -5.71659
1 4.5104 -4.31838
0 5.39743 0.0073452
1 0.597744 -4.13154
0 2.31471 -8.61088
1 1.22667 -1.48565
178
3 0.3 1.5
3 -0.3 1.5
3 -0.3 -1.5
3 0.3 -1.5
1 -1.67877 -0.592637
1 3.28775 -1.96033
1 2.81109 -5.7095
1 4.52199 -4.32233
0 5.39928 0.00727103
1 0.599605 -4.13164
0 2.31781 -8.61133
1 1.22842 -1.48593
182
3 0.3 1.5
3 -0.3 1.5
3 -0.3 -1.5
3 0.3 -1.5
1 -1.68466 -0.591139
1 3.28728 -1.96023
1 2.8176 -5.71812
1 4.53512 -4.32696
0 5.40814 0.0120909
1 0.601346 -4.13207
0 2.32118 -8.6121
1 1.23021 -1.48646
186
3 0.3 1.5
3 -0.3 1.5
3 -0.3 -1.5
3 0.3 -1.5
1 -1.68353 -0.595295
1 3.29005 -1.96488
1 2.79024 -5.70974
1 4.5411 -4.30631
0 5.40524 0.00915986
1 0.598474 -4.13434
0 2.31682 -8.61605
0 4.13722 0.110973
1 1.22802 -1.48826
190
3 0.3 1.5
3 -0.3 1.5
3 -0.3 -1.5
3 0.3 -1.5
1 -1.67994 -0.59673
1 3.28435 -1.96277
1 2.79614 -5.71173
1 4.51767 -4.29865
0 5.39125 0.0133125
1 0.598465 -4.13422
0 2.31667 -8.61579
0 4.13718 0.110943
1 1.22797 -1.48826
194
3 0.3 1.5
3 -0.3 1.5
3 -0.3 -1.5
3 0.3 -1.5
1 -1.68769 -0.59547
1 3.28948 -1.96293
1 2.80352 -5.71917
1 4.52065 -4.29921
0 5.37776 0.0165456
1 0.600166 -4.13466
0 2.32709 -8.63918
0 4.13979 0.110437
1 1.22957 -1.4889
198
3 0.3 1.5
3 -0.3 1.5
3 -0.3 -1.5
3 0.3 -1.5
1 -1.69182 -0.594378
1 3.29765 -1.96376
1 2.79757 -5.71776
1 4.52314 -4.30089
0 5.37876 0.0168749
1 0.601292 -4.1344
0 2.32898 -8.63846
0 3.9039 0.104003
1 1.23079 -1.48873
202
3 0.3 1.5
3 -0.3 1.5
3 -0.3 -1.5
3 0.3 -1.5
1 -1.69416 -0.593856
1 3.31247 -1.96662
1 2.79772 -5.71804
1 4.52331 -4.30124
0 5.37889 0.0165855
1 0.601351 -4.13453
0 2.32919 -8.63883
0 3.90408 0.103607
1 1.23088 -1.48882
206
3 0.3 1.5
3 -0.3 1.5
3 -0.3 -1.5
3 0.3 -1.5
1 -1.70595 -0.596359
1 3.30769 -1.97036
1 2.78517 -5.6997
1 4.49898 -4.28946
0 5.36925 0.0154408
1 0.595135 -4.13429
0 2.39826 -8.59889
0 3.95559 0.0929053
1 1.22606 -1.48746
210
3 0.3 1.5
3 -0.3 1.5
3 -0.3 -1.5
3 0.3 -1.5
1 -1.7096 -0.593722
1 3.30567 -1.96741
1 2.77332 -5.69591
1 4.50057 -4.29881
0 5.3708 0.016925
1 0.596622 -4.13345
0 2.46473 -8.58221
0 4.04133 0.0928067
1 1.22794 -1.48651
214
3 0.3 1.5
3 -0.3 1.5
3 -0.3 -1.5
3 0.3 -1.5
1 -1.71845 -0.595626
1 3.30382 -1.96905
1 2.75885 -5.68428
1 4.51164 -4.29475
0 5.36287 0.0180707
1 0.595447 -4.13412
0 2.44441 -8.59211
0 4.03858 0.0889119
1 1.23771 -1.49285
218
3 0.3 1.5
3 -0.3 1.5
3 -0.3 -1.5
3 0.3 -1.5
1 -1.72827 -0.596127
1 3.30876 -1.97155
1 2.76476 -5.68626
1 4.5083 -4.28817
0 5.36118 0.0174558
1 0.594377 -4.13432
0 2.4412 -8.59351
0 4.03508 0.0868646
1 1.2355 -1.49411
222
3 0.3 1.5
3 -0.3 1.5
3 -0.3 -1.5
3 0.3 -1.5
1 -1.73217 -0.59508
1 3.2883 -1.9668
1 2.75148 -5.68086
1 4.51691 -4.29149
0 5.36339 0.0174932
1 0.59573 -4.13445
0 2.44537 -8.59319
0 4.0501 0.0850628
1 1.23836 -1.49377
226
3 0.3 1.5
3 -0.3 1.5
3 -0.3 -1.5
3 0.3 -1.5
1 -1.73073 -0.595673
1 3.31029 -1.97189
1 2.74342 -5.68055
1 4.51789 -4.28436
0 5.36468 0.0169477
1 0.596298 -4.13493
0 2.42665 -8.60555
0 4.08989 0.082653
1 1.24003 -1.49439
230
3 0.3 1.5
3 -0.3 1.5
3 -0.3 -1.5
3 0.3 -1.5
1 -1.73564 -0.593652
1 3.32571 -1.97305
1 2.74195 -5.68167
1 4.51739 -4.29167
0 5.34216 0.0203081
1 0.597544 -4.13428
0 2.42335 -8.53699
0 4.09195 0.0873585
1 1.2418 -1.49227
234
3 0.3 1.5
3 -0.3 1.5
3 -0.3 -1.5
3 0.3 -1.5
1 -1.73086 -0.590638
1 3.31108 -1.96643
1 2.74736 -5.68376
1 4.52715 -4.30683
0 5.36416 0.0244573
1 0.717806 -4.23895
0 2.43344 -8.53236
0 4.10337 0.0931604
1 1.24755 -1.49016
238
3 0.3 1.5
3 -0.3 1.5
3 -0.3 -1.5
3 0.3 -1.5
1 -1.72893 -0.590067
1 3.33389 -1.96991
1 2.74768 -5.68626
1 4.53462 -4.31117
0 5.3652 0.0246595
1 0.718501 -4.23931
0 2.43535 -8.53189
0 4.1055 0.0937678
1 1.24859 -1.49
242
3 0.3 1.5
3 -0.3 1.5
3 -0.3 -1.5
3 0.3 -1.5
1 -1.74062 -0.589402
1 3.341 -1.97252
1 2.74783 -5.69153
1 4.53327 -4.3048
0 5.37844 0.0263218
1 0.716674 -4.24095
0 2.44203 -8.4698
0 4.10123 0.0917637
1 1.24744 -1.49039
246
3 0.3 1.5
3 -0.3 1.5
3 -0.3 -1.5
3 0.3 -1.5
1 -1.74665 -0.581995
1 3.35861 -1.96959
1 2.75152 -5.6894
1 4.53635 -4.32331
0 5.38784 -0.00229741
1 0.719958 -4.23564
0 2.43737 -8.47307
0 4.10721 0.0999007
1 1.24992 -1.48677
250
3 0.3 1.5
3 -0.3 1.5
3 -0.3 -1.5
3 0.3 -1.5
1 -1.7616 -0.577407
1 3.35253 -1.96584
1 2.75174 -5.69239
1 4.53336 -4.32059
0 5.3833 -0.0280841
1 0.718044 -4.23372
0 2.46107 -8.42968
0 4.1021 0.103956
1 1.24801 -1.48435
254
3 0.3 1.5
3 -0.3 1.5
3 -0.3 -1.5
3 0.3 -1.5
1 -1.76503 -0.575653
1 3.35369 -1.96525
1 2.75161 -5.68959
1 4.53658 -4.32935
0 5.38457 -0.0272493
1 0.718951 -4.23322
0 2.46283 -8.42864
0 4.10373 0.104632
1 1.37039 -1.51362
258
3 0.3 1.5
3 -0.3 1.5
3 -0.3 -1.5
3 0.3 -1.5
1 -1.75841 -0.574977
1 3.36819 -1.96592
1 2.75013 -5.68429
1 4.54415 -4.33807
0 5.40664 -0.0209256
1 0.785521 -4.33392
0 2.46802 -8.42718
0 4.10866 0.105465
1 1.37422 -1.51228
262
3 0.3 1.5
3 -0.3 1.5
3 -0.3 -1.5
3 0.3 -1.5
1 -1.76227 -0.573945
1 3.36476 -1.9655
1 2.75837 -5.69204
1 4.54736 -4.33921
0 5.40731 -0.0176142
1 0.788564 -4.33517
0 2.47275 -8.42888
0 4.11313 0.103901
1 1.37764 -1.51377
266
3 0.3 1.5
3 -0.3 1.5
3 -0.3 -1.5
3 0.3 -1.5
1 -1.7654 -0.574198
1 3.36984 -1.96529
1 2.7555 -5.69013
1 4.54793 -4.33992
0 5.41612 -0.0145247
1 0.78892 -4.33619
0 2.4736 -8.42998
0 4.11396 0.102993
1 1.37826 -1.51486
270
3 0.3 1.5
3 -0.3 1.5
3 -0.3 -1.5
3 0.3 -1.5
1 -1.7654 -0.574198
1 3.36984 -1.96529
1 2.7555 -5.69013
1 4.54793 -4.33992
0 5.41612 -0.0145247
1 0.78892 -4.33619
0 2.4736 -8.42998
0 4.11396 0.102993
1 1.37826 -1.51486
274
3 0.3 1.5
3 -0.3 1.5
3 -0.3 -1.5
3 0.3 -1.5
1 -1.77058 -0.573338
1 3.37016 -1.96609
1 2.75624 -5.68948
1 4.54823 -4.34049
0 5.41645 -0.0156208
1 0.78899 -4.33712
0 2.47409 -8.43092
0 4.15345 0.103276
1 1.31895 -1.50596
278
3 0.3 1.5
3 -0.3 1.5
3 -0.3 -1.5
3 0.3 -1.5
1 -1.765 -0.572012
1 3.37284 -1.96539
1 2.75754 -5.69122
1 4.54542 -4.34577
0 5.41945 -0.0145605
1 0.869366 -4.38207
0 2.4775 -8.43016
0 4.15761 0.104651
1 1.41826 -1.5242
282
3 0.3 1.5
3 -0.3 1.5
3 -0.3 -1.5
3 0.3 -1.5
1 -1.7683 -0.572319
1 3.36742 -1.96401
1 2.77273 -5.69721
1 4.54306 -4.34591
0 5.4166 -0.0149858
1 0.864957 -4.38479
0 2.47424 -8.43039
0 4.15373 0.104132
1 1.4135 -1.52581
286
3 0.3 1.5
3 -0.3 1.5
3 -0.3 -1.5
3 0.3 -1.5
1 -1.7683 -0.573182
1 3.36212 -1.96493
1 2.78383 -5.69881
1 4.54395 -4.34787
0 5.39884 -0.0116795
1 0.858082 -4.38641
0 2.47534 -8.42803
0 4.14675 0.103595
1 1.40474 -1.52829
290
3 0.3 1.5
3 -0.3 1.5
3 -0.3 -1.5
3 0.3 -1.5
1 -1.76618 -0.572401
1 3.36576 -1.9642
1 2.7679 -5.68842
1 4.52242 -4.34586
0 5.40276 -0.0110032
1 0.862708 -4.38519
0 2.47997 -8.42763
0 4.15149 0.104111
1 1.4106 -1.52649
294
3 0.3 1.5
3 -0.3 1.5
3 -0.3 -1.5
3 0.3 -1.5
1 -1.76618 -0.572401
1 3.36576 -1.9642
1 2.7679 -5.68842
1 4.52242 -4.34586
0 5.40276 -0.0110033
1 0.862708 -4.38519
0 2.47997 -8.42763
0 4.15149 0.104111
1 1.4106 -1.52649
298
3 0.3 1.5
3 -0.3 1.5
3 -0.3 -1.5
3 0.3 -1.5
1 -1.76993 -0.571139
1 3.36372 -1.9618
1 2.77782 -5.68528
1 4.52542 -4.36042
0 5.40094 -0.00998955
1 0.860998 -4.38414
0 2.47772 -8.42653
0 4.14495 0.110237
1 1.40828 -1.52497
