2
3 0.3 -1.5
3 -0.3 -1.5
3 -0.3 1.5
3 0.3 1.5
6
3 0.3 -1.5
3 -0.3 -1.5
3 -0.3 1.5
3 0.3 1.5
10
3 0.3 -1.5
3 -0.3 -1.5
3 -0.3 1.5
3 0.3 1.5
14
3 0.3 -1.5
3 -0.3 -1.5
3 -0.3 1.5
3 0.3 1.5
18
0 0.335123 1.26343
0 -4.48644 1.58343
3 0.3 -1.5
3 -0.3 -1.5
3 -0.3 1.5
3 0.3 1.5
22
3 0.3 1.5
3 -0.3 1.5
3 -0.3 -1.5
3 0.3 -1.5
1 -4.40332 -1.0997
1 0.14909 -1.12072
0 -4.48646 1.58332
0 0.335135 1.25975
26
3 0.3 1.5
3 -0.3 1.5
3 -0.3 -1.5
3 0.3 -1.5
1 -4.37008 -1.11025
1 0.171213 -1.1265
0 -4.47738 1.58918
0 0.0295768 1.21886
0 4.03096 1.0484
30
3 0.3 1.5
3 -0.3 1.5
3 -0.3 -1.5
3 0.3 -1.5
1 -4.36969 -1.11074
1 0.171566 -1.12707
0 -4.50804 1.57059
0 0.11201 1.25626
0 4.00905 1.05202
34
3 0.3 1.5
3 -0.3 1.5
3 -0.3 -1.5
3 0.3 -1.5
1 -4.37753 -1.10997
1 0.166426 -1.1266
0 -4.50774 1.57114
0 0.112309 1.25679
0 4.00936 1.05259
38
3 0.3 1.5
3 -0.3 1.5
3 -0.3 -1.5
3 0.3 -1.5
1 -4.36256 -1.11731
1 0.143594 -1.12473
1 3.76365 -1.19396
0 -4.50774 1.5714
0 0.112308 1.25704
0 4.00936 1.05287
42
3 0.3 1.5
3 -0.3 1.5
3 -0.3 -1.5
3 0.3 -1.5
1 -4.36229 -1.11794
1 0.143856 -1.12538
1 3.76404 -1.19505
0 -4.49455 1.57889
0 -0.101006 1.23472
0 3.96924 1.05385
46
3 0.3 1.5
3 -0.3 1.5
3 -0.3 -1.5
3 0.3 -1.5
1 -4.36489 -1.1151
1 0.0898749 -1.11227
1 3.79064 -1.20394
0 -4.50067 1.57833
0 0.00275182 1.21037
0 3.96883 1.05556
50
3 0.3 1.5
3 -0.3 1.5
3 -0.3 -1.5
3 0.3 -1.5
1 -4.37481 -1.10999
1 0.155672 -1.12508
1 3.79078 -1.20389
0 -4.50055 1.57834
0 0.00283171 1.20974
0 3.96892 1.05558
1 3.74233 -5.98152
54
3 0.3 1.5
3 -0.3 1.5
3 -0.3 -1.5
3 0.3 -1.5
1 -4.36265 -1.11667
1 0.156488 -1.12318
1 3.88829 -1.21671
0 -4.50875 1.57341
0 0.0126972 1.21758
0 4.05829 1.05798
1 3.74296 -5.98113
58
3 0.3 1.5
3 -0.3 1.5
3 -0.3 -1.5
3 0.3 -1.5
1 -4.3444 -1.12501
1 0.112578 -1.11246
1 3.88825 -1.21681
1 5.32448 -1.394
0 -4.50878 1.57341
0 0.0126626 1.21758
0 4.05827 1.05798
1 3.52318 -5.87728
0 2.1213 -7.35582
62
3 0.3 1.5
3 -0.3 1.5
3 -0.3 -1.5
3 0.3 -1.5
1 -4.3608 -1.11751
1 0.127293 -1.11917
1 3.88871 -1.21748
1 5.20812 -1.37012
0 -4.51258 1.57082
0 0.0703305 1.23051
0 4.00582 1.05633
1 3.52397 -5.87773
0 2.12198 -7.35689
66
3 0.3 1.5
3 -0.3 1.5
3 -0.3 -1.5
3 0.3 -1.5
1 -4.3606 -1.1165
1 0.127484 -1.11816
1 3.88887 -1.21666
1 5.20833 -1.36887
0 -4.51314 1.57254
0 -0.00193928 1.19818
0 3.97316 1.05673
1 3.52411 -5.87679
0 2.12219 -7.35562
70
3 0.3 1.5
3 -0.3 1.5
3 -0.3 -1.5
3 0.3 -1.5
1 -4.35987 -1.11718
1 0.128224 -1.11885
1 3.88947 -1.2172
1 5.2092 -1.36977
0 -4.51977 1.56803
0 -0.00334101 1.20256
0 3.83293 1.04629
1 3.52489 -5.87748
0 2.1231 -7.3565
74
3 0.3 1.5
3 -0.3 1.5
3 -0.3 -1.5
3 0.3 -1.5
1 -4.36213 -1.11613
1 0.059985 -1.10344
1 3.94108 -1.22353
1 5.09481 -1.33886
0 -4.51985 1.56725
0 -0.0034302 1.20173
0 3.83286 1.04553
1 3.41676 -5.8302
0 2.12302 -7.35713
78
3 0.3 1.5
3 -0.3 1.5
3 -0.3 -1.5
3 0.3 -1.5
1 -4.35471 -1.11841
1 0.0447438 -1.09751
1 3.94134 -1.22214
1 5.05483 -1.34292
0 -4.52876 1.56428
0 0.0504754 1.18978
0 3.83312 1.04681
1 3.28132 -5.75612
0 2.12323 -7.3561
82
3 0.3 1.5
3 -0.3 1.5
3 -0.3 -1.5
3 0.3 -1.5
1 -4.36033 -1.11574
1 0.0352045 -1.09477
1 3.94137 -1.22231
1 5.02234 -1.34379
0 -4.52873 1.56405
0 0.0505151 1.18952
0 3.83315 1.04665
1 3.28142 -5.75636
0 2.01677 -7.27009
86
3 0.3 1.5
3 -0.3 1.5
3 -0.3 -1.5
3 0.3 -1.5
1 -4.35483 -1.11852
1 0.0423793 -1.09505
1 3.94112 -1.22234
1 5.00362 -1.33994
0 -4.51824 1.57035
0 -0.0322672 1.18006
0 3.89675 1.04863
1 3.16454 -5.6944
0 2.06095 -7.30869
90
3 0.3 1.5
3 -0.3 1.5
3 -0.3 -1.5
3 0.3 -1.5
1 -4.34845 -1.12207
1 0.0178195 -1.0903
1 3.99059 -1.21741
1 5.00459 -1.34154
0 -4.52218 1.56788
0 0.00853357 1.19092
0 3.94887 1.04941
1 3.16553 -5.69573
0 2.05727 -7.30683
94
3 0.3 1.5
3 -0.3 1.5
3 -0.3 -1.5
3 0.3 -1.5
1 -4.3568 -1.11853
1 0.0419035 -1.09662
1 3.99129 -1.21829
1 4.98906 -1.34153
0 -4.52761 1.56311
0 -0.0185239 1.19335
0 3.89038 1.04834
1 3.2365 -5.73258
0 2.0586 -7.30869
98
3 0.3 1.5
3 -0.3 1.5
3 -0.3 -1.5
3 0.3 -1.5
1 -4.35842 -1.11687
1 0.0402042 -1.09492
1 3.99011 -1.21704
1 4.98681 -1.33903
0 -4.52263 1.56816
0 0.0372402 1.18777
0 3.88895 1.04973
1 3.23439 -5.73034
0 2.05636 -7.30627
102
3 0.3 1.5
3 -0.3 1.5
3 -0.3 -1.5
3 0.3 -1.5
1 -4.36005 -1.115
1 0.0507534 -1.09628
1 3.99014 -1.21644
1 4.98684 -1.33788
0 -4.52737 1.56684
0 0.0430442 1.17482
0 3.88898 1.0504
1 3.23443 -5.72928
0 2.05641 -7.30512
106
3 0.3 1.5
3 -0.3 1.5
3 -0.3 -1.5
3 0.3 -1.5
1 -4.35445 -1.11803
1 0.0700291 -1.10088
1 3.9898 -1.21675
1 5.06035 -1.33972
0 -4.52201 1.56979
0 0.0171477 1.17749
0 3.9347 1.05098
1 3.23386 -5.72977
0 2.0558 -7.30566
110
3 0.3 1.5
3 -0.3 1.5
3 -0.3 -1.5
3 0.3 -1.5
1 -4.35325 -1.11916
1 0.0712275 -1.10203
1 3.99046 -1.21726
1 5.06186 -1.34121
0 -4.52873 1.56385
0 -0.01144 1.18296
0 3.87574 1.04592
1 3.23502 -5.73072
0 2.05703 -7.30668
114
3 0.3 1.5
3 -0.3 1.5
3 -0.3 -1.5
3 0.3 -1.5
1 -4.35444 -1.11875
1 0.0694945 -1.10109
1 3.99053 -1.21724
1 5.0417 -1.34065
0 -4.52857 1.56392
0 -0.0112713 1.18302
0 3.8759 1.04598
1 3.23109 -5.72523
0 2.05716 -7.30664
118
3 0.3 1.5
3 -0.3 1.5
3 -0.3 -1.5
3 0.3 -1.5
1 -4.35647 -1.1176
1 0.101064 -1.10749
1 3.99515 -1.22175
1 5.04287 -1.34115
0 -4.53486 1.5594
0 -0.0301847 1.18326
0 3.88624 1.04433
1 3.11246 -5.66259
0 2.05794 -7.30688
122
3 0.3 1.5
3 -0.3 1.5
3 -0.3 -1.5
3 0.3 -1.5
1 -4.36321 -1.11366
1 0.104357 -1.10717
1 3.99458 -1.22116
1 5.00981 -1.33648
0 -4.53507 1.56023
0 -0.0275174 1.17371
0 3.88539 1.04525
1 3.1115 -5.66166
0 2.03602 -7.28922
126
3 0.3 1.5
3 -0.3 1.5
3 -0.3 -1.5
3 0.3 -1.5
1 -4.36112 -1.11502
1 0.117499 -1.10913
1 3.99522 -1.22135
1 5.0476 -1.33269
0 -4.5376 1.55827
0 -0.0766957 1.1674
0 3.88668 1.04317
1 3.17751 -5.69124
0 2.03712 -7.28958
130
3 0.3 1.5
3 -0.3 1.5
3 -0.3 -1.5
3 0.3 -1.5
1 -4.35342 -1.11855
1 0.143079 -1.11363
1 3.99526 -1.22115
1 5.08926 -1.3411
0 -4.53754 1.55868
0 -0.0766116 1.16782
0 3.88674 1.04357
1 3.11125 -5.65715
0 2.03718 -7.28924
134
3 0.3 1.5
3 -0.3 1.5
3 -0.3 -1.5
3 0.3 -1.5
1 -4.35251 -1.11848
1 0.143911 -1.11353
1 3.99573 -1.22112
1 5.09057 -1.34081
0 -4.54371 1.55517
0 -0.0642096 1.16453
0 3.77084 1.03486
1 3.11245 -5.65704
0 2.03796 -7.2892
138
3 0.3 1.5
3 -0.3 1.5
3 -0.3 -1.5
3 0.3 -1.5
1 -4.34779 -1.12061
1 0.124255 -1.10923
1 4.02364 -1.22481
1 5.09077 -1.34115
0 -4.54418 1.55416
0 -0.139752 1.1535
0 3.77359 1.03539
1 3.06047 -5.62973
0 2.0099 -7.26361
142
3 0.3 1.5
3 -0.3 1.5
3 -0.3 -1.5
3 0.3 -1.5
1 -4.3482 -1.12053
1 0.123863 -1.10915
1 4.02329 -1.22478
1 5.09026 -1.34107
0 -4.54127 1.55592
0 -0.13995 1.15722
0 3.80594 1.03596
1 3.05987 -5.62968
0 2.0094 -7.26354
146
1 -0.482076 -6.08483
3 0.3 1.5
3 -0.3 1.5
3 -0.3 -1.5
3 0.3 -1.5
1 -4.34961 -1.12009
1 0.0991881 -1.10506
1 4.02292 -1.225
1 5.07809 -1.34252
0 -4.54181 1.55562
0 -0.140535 1.15692
0 3.8054 1.03564
1 3.00569 -5.59483
0 1.96722 -7.22804
150
1 0.843773 -7.30937
1 -0.481796 -6.08554
3 0.3 1.5
3 -0.3 1.5
3 -0.3 -1.5
3 0.3 -1.5
1 -4.35094 -1.11999
1 0.0942038 -1.10417
1 4.02305 -1.2253
1 5.14468 -1.34573
0 -4.54238 1.55461
0 -0.138831 1.16096
0 3.79662 1.03502
1 3.06298 -5.62259
0 1.96757 -7.22902
154
1 0.843576 -7.31031
1 -0.546759 -6.01255
3 0.3 1.5
3 -0.3 1.5
3 -0.3 -1.5
3 0.3 -1.5
1 -4.35856 -1.11675
1 0.0978528 -1.10455
1 4.00071 -1.2239
1 5.14455 -1.34609
0 -4.54247 1.5544
0 -0.138942 1.16076
0 3.79652 1.03478
1 3.08525 -5.63122
0 2.04286 -7.28941
158
1 0.716614 -7.19371
1 -0.547001 -6.0124
3 0.3 1.5
3 -0.3 1.5
3 -0.3 -1.5
3 0.3 -1.5
1 -4.35828 -1.11698
1 0.114819 -1.10824
1 4.00058 -1.22382
1 5.14438 -1.34598
0 -4.54491 1.55264
0 -0.141849 1.16252
0 3.81293 1.03424
1 3.10609 -5.63775
0 2.08242 -7.32227
162
1 0.714269 -7.19342
1 -0.483094 -6.07103
3 0.3 1.5
3 -0.3 1.5
3 -0.3 -1.5
3 0.3 -1.5
1 -4.35434 -1.11935
1 0.124927 -1.11055
1 3.99999 -1.22378
1 5.12002 -1.33902
0 -4.54165 1.55434
0 -0.142101 1.16635
0 3.74426 1.03034
1 3.10498 -5.63766
0 2.11585 -7.34924
166
1 0.643259 -7.12549
1 -0.482852 -6.07093
3 0.3 1.5
3 -0.3 1.5
3 -0.3 -1.5
3 0.3 -1.5
1 -4.35259 -1.12022
1 0.11089 -1.10767
1 4.00007 -1.22376
1 5.103 -1.33738
0 -4.54155 1.55438
0 -0.142002 1.16638
0 3.74439 1.03038
1 3.10514 -5.63761
0 2.11605 -7.34917
170
1 0.625619 -7.11366
1 -0.482715 -6.07155
3 0.3 1.5
3 -0.3 1.5
3 -0.3 -1.5
3 0.3 -1.5
1 -4.3572 -1.1181
1 0.123755 -1.11076
1 4.00012 -1.22391
1 5.13183 -1.3409
0 -4.54095 1.55448
0 -0.136395 1.16985
0 3.74871 1.02875
1 3.1288 -5.65446
0 2.09478 -7.33262
174
1 0.620273 -7.1127
1 -0.485396 -6.07117
3 0.3 1.5
3 -0.3 1.5
3 -0.3 -1.5
3 0.3 -1.5
1 -4.35896 -1.11782
1 0.122054 -1.1105
1 3.99918 -1.22379
1 5.12967 -1.34058
0 -4.53583 1.55729
0 -0.107605 1.17928
0 3.72301 1.02624
1 3.12667 -5.65417
0 2.09208 -7.33223
178
1 0.581651 -7.07419
1 -0.48498 -6.07101
3 0.3 1.5
3 -0.3 1.5
3 -0.3 -1.5
3 0.3 -1.5
1 -4.3596 -1.11752
1 0.11309 -1.10824
1 3.99931 -1.22375
1 5.136 -1.34406
0 -4.53556 1.5574
0 -0.107378 1.17937
0 3.72335 1.02638
1 3.13374 -5.66197
0 2.09249 -7.33207
182
1 0.583755 -7.07604
1 -0.484123 -6.07161
3 0.3 1.5
3 -0.3 1.5
3 -0.3 -1.5
3 0.3 -1.5
1 -4.35894 -1.11798
1 0.113761 -1.1087
1 3.99961 -1.22388
1 5.13686 -1.34472
0 -4.53964 1.55399
0 -0.123982 1.18137
0 3.76607 1.02783
1 3.13457 -5.66259
0 2.09335 -7.33266
186
1 0.613621 -7.10358
1 -0.483491 -6.07173
3 0.3 1.5
3 -0.3 1.5
3 -0.3 -1.5
3 0.3 -1.5
1 -4.357 -1.119
1 0.102357 -1.10659
1 3.9163 -1.2151
1 5.1375 -1.34485
0 -4.5429 1.55144
0 -0.114134 1.18514
0 3.78073 1.02924
1 3.1352 -5.66271
0 2.08198 -7.3233
190
1 0.532119 -7.01504
1 -0.48305 -6.07147
3 0.3 1.5
3 -0.3 1.5
3 -0.3 -1.5
3 0.3 -1.5
1 -4.35066 -1.12217
1 0.0814448 -1.10397
1 3.95348 -1.21168
1 5.13792 -1.34458
0 -4.54248 1.5518
0 -0.11376 1.18543
0 3.78122 1.02965
1 3.09214 -5.63303
0 2.04123 -7.28892
194
1 0.531227 -7.01529
1 -0.483331 -6.07152
3 0.3 1.5
3 -0.3 1.5
3 -0.3 -1.5
3 0.3 -1.5
1 -4.35097 -1.12223
1 0.0811197 -1.10403
1 3.95316 -1.21175
1 5.13765 -1.34462
0 -4.54264 1.55123
0 -0.119549 1.18781
0 3.8056 1.03013
1 3.09179 -5.63309
0 2.04079 -7.28901
198
1 0.532212 -7.01519
1 -0.483045 -6.07152
3 0.3 1.5
3 -0.3 1.5
3 -0.3 -1.5
3 0.3 -1.5
1 -4.35024 -1.12247
1 0.0877724 -1.10658
1 3.95351 -1.21171
1 5.1413 -1.34642
0 -4.5448 1.54955
0 -0.114195 1.19085
0 3.80247 1.03042
1 3.05623 -5.61615
0 2.04124 -7.28898
202
1 0.600544 -7.08327
1 -0.483397 -6.07152
3 0.3 1.5
3 -0.3 1.5
3 -0.3 -1.5
3 0.3 -1.5
1 -4.35396 -1.12111
1 0.0863447 -1.10604
1 3.96218 -1.21354
1 5.14087 -1.34639
0 -4.54329 1.55014
0 -0.108643 1.19454
0 3.82542 1.03109
1 3.03463 -5.60042
0 2.04068 -7.28895
206
1 0.599774 -7.08356
1 -0.483624 -6.07145
3 0.3 1.5
3 -0.3 1.5
3 -0.3 -1.5
3 0.3 -1.5
1 -4.35424 -1.12118
1 0.0860434 -1.10611
1 3.96184 -1.21371
1 5.14062 -1.34638
0 -4.54097 1.55156
0 -0.101686 1.19712
0 3.82507 1.03096
1 3.03424 -5.60049
0 2.04034 -7.28892
210
1 0.600003 -7.08332
1 -0.503343 -6.05509
3 0.3 1.5
3 -0.3 1.5
3 -0.3 -1.5
3 0.3 -1.5
1 -4.35724 -1.11965
1 0.0890975 -1.10701
1 3.96195 -1.21358
1 5.15411 -1.34972
0 -4.53917 1.55248
0 -0.128284 1.19332
0 3.74191 1.02103
1 3.0111 -5.58313
0 2.03888 -7.28578
214
1 0.59956 -7.08307
1 -0.503663 -6.05484
3 0.3 1.5
3 -0.3 1.5
3 -0.3 -1.5
3 0.3 -1.5
1 -4.35979 -1.11852
1 0.106173 -1.11048
1 3.96172 -1.21343
1 5.15392 -1.34959
0 -4.53648 1.55407
0 -0.16447 1.18814
0 3.74451 1.02164
1 3.05177 -5.60354
0 2.07526 -7.31582
218
1 0.59996 -7.08285
1 -0.50341 -6.05464
3 0.3 1.5
3 -0.3 1.5
3 -0.3 -1.5
3 0.3 -1.5
1 -4.36023 -1.11833
1 0.103965 -1.11007
1 3.9619 -1.21331
1 5.17493 -1.35532
0 -4.53626 1.55425
0 -0.164249 1.1883
0 3.74476 1.02184
1 3.05204 -5.60334
0 2.10892 -7.34245
222
1 0.599938 -7.08278
1 -0.503429 -6.05458
3 0.3 1.5
3 -0.3 1.5
3 -0.3 -1.5
3 0.3 -1.5
1 -4.3596 -1.11861
1 0.106827 -1.11086
1 3.96189 -1.21327
1 5.15128 -1.35368
0 -4.53628 1.5543
0 -0.164268 1.18835
0 3.74474 1.02189
1 3.08947 -5.62285
0 2.09948 -7.33502
226
1 0.599724 -7.0834
1 -0.50352 -6.05514
3 0.3 1.5
3 -0.3 1.5
3 -0.3 -1.5
3 0.3 -1.5
1 -4.35956 -1.1194
1 0.106848 -1.11168
1 3.96188 -1.21366
1 5.15131 -1.35475
0 -4.53417 1.55452
0 -0.168103 1.18989
0 3.70886 1.04003
1 3.08936 -5.62375
0 2.09934 -7.33619
230
1 0.60022 -7.08323
1 -0.503196 -6.055
3 0.3 1.5
3 -0.3 1.5
3 -0.3 -1.5
3 0.3 -1.5
1 -4.3609 -1.11876
1 0.0977095 -1.11076
1 3.96211 -1.21357
1 5.17343 -1.35825
0 -4.53376 1.55475
0 -0.167766 1.19005
0 3.70939 1.04034
1 3.08578 -5.61959
0 2.07425 -7.31538
234
1 0.600407 -7.08321
1 -0.503075 -6.05498
3 0.3 1.5
3 -0.3 1.5
3 -0.3 -1.5
3 0.3 -1.5
1 -4.36074 -1.11872
1 0.0978854 -1.11072
1 3.96218 -1.21356
1 5.17361 -1.35821
0 -4.53429 1.55421
0 -0.199978 1.18525
0 3.72344 1.0399
1 3.08596 -5.61955
0 2.07453 -7.31532
238
1 0.600444 -7.08311
1 -0.503048 -6.05491
3 0.3 1.5
3 -0.3 1.5
3 -0.3 -1.5
3 0.3 -1.5
1 -4.36025 -1.11921
1 0.092668 -1.10946
1 3.99557 -1.21836
1 5.1737 -1.35819
0 -4.53379 1.5542
0 -0.204159 1.18685
0 3.72356 1.0399
1 3.08602 -5.6195
0 2.08405 -7.32234
242
1 0.600143 -7.0831
1 -0.503253 -6.05489
3 0.3 1.5
3 -0.3 1.5
3 -0.3 -1.5
3 0.3 -1.5
1 -4.36087 -1.11905
1 0.0907088 -1.10957
1 3.98047 -1.21716
1 5.17337 -1.35813
0 -4.5339 1.55398
0 -0.189408 1.19118
0 3.73527 1.03959
1 3.11665 -5.63498
0 2.0499 -7.29575
246
1 0.600112 -7.08313
1 -0.503274 -6.05491
3 0.3 1.5
3 -0.3 1.5
3 -0.3 -1.5
3 0.3 -1.5
1 -4.36091 -1.1191
1 0.0906705 -1.10962
1 3.98043 -1.21723
1 5.17334 -1.35816
0 -4.53471 1.5533
0 -0.185143 1.19327
0 3.74591 1.03914
1 3.11661 -5.63503
0 2.04983 -7.29585
250
1 0.599846 -7.08315
1 -0.503455 -6.05492
3 0.3 1.5
3 -0.3 1.5
3 -0.3 -1.5
3 0.3 -1.5
1 -4.36175 -1.11896
1 0.0741571 -1.10658
1 3.95278 -1.21467
1 5.17308 -1.35816
0 -4.53262 1.55434
0 -0.177382 1.19635
0 3.74824 1.0404
1 3.12473 -5.64021
0 2.0492 -7.29577
254
1 0.600496 -7.08316
1 -0.503012 -6.05494
3 0.3 1.5
3 -0.3 1.5
3 -0.3 -1.5
3 0.3 -1.5
1 -4.36112 -1.11913
1 0.0704633 -1.10581
1 3.95434 -1.21513
1 5.20108 -1.35895
0 -4.5387 1.55026
0 -0.170212 1.19762
0 3.76143 1.03964
1 3.11713 -5.63554
0 2.06844 -7.31066
258
1 0.600212 -7.08318
1 -0.503207 -6.05495
3 0.3 1.5
3 -0.3 1.5
3 -0.3 -1.5
3 0.3 -1.5
1 -4.36337 -1.11828
1 0.0651496 -1.10465
1 3.95258 -1.21587
1 5.20052 -1.35883
0 -4.5352 1.55244
0 -0.157312 1.2009
0 3.76085 1.03976
1 3.08872 -5.62219
0 2.08137 -7.3217
262
1 0.600452 -7.08321
1 -0.503044 -6.05498
3 0.3 1.5
3 -0.3 1.5
3 -0.3 -1.5
3 0.3 -1.5
1 -4.36281 -1.11857
1 0.065765 -1.10495
1 3.95342 -1.21638
1 5.20103 -1.35911
0 -4.53599 1.55175
0 -0.162624 1.20117
0 3.7614 1.03951
1 3.08943 -5.62259
0 2.08221 -7.32216
266
0 5.34917 1.00136
1 0.600263 -7.08317
1 -0.503168 -6.05494
3 0.3 1.5
3 -0.3 1.5
3 -0.3 -1.5
3 0.3 -1.5
1 -4.36314 -1.11846
1 0.0654091 -1.10485
1 3.95295 -1.21625
1 5.20073 -1.35903
0 -4.53879 1.54953
0 -0.161001 1.20316
0 3.7479 1.038
1 3.089 -5.62248
0 2.08169 -7.32203
270
0 5.35078 1.00249
1 0.600455 -7.08314
1 -0.503041 -6.05492
3 0.3 1.5
3 -0.3 1.5
3 -0.3 -1.5
3 0.3 -1.5
1 -4.36259 -1.11873
1 0.0757047 -1.10676
1 3.95882 -1.21741
1 5.18689 -1.35773
0 -4.53818 1.54999
0 -0.160559 1.2035
0 3.7484 1.03833
1 3.10542 -5.63334
0 2.0707 -7.31232
274
0 5.34914 1.00285
1 0.600283 -7.08316
1 -0.503159 -6.05493
3 0.3 1.5
3 -0.3 1.5
3 -0.3 -1.5
3 0.3 -1.5
1 -4.36311 -1.11863
1 0.0751652 -1.10665
1 3.95808 -1.21725
1 5.1864 -1.35763
0 -4.53774 1.5501
0 -0.156801 1.20576
0 3.75751 1.03794
1 3.10484 -5.63324
0 2.06983 -7.31214
278
0 5.28103 1.01856
1 0.600345 -7.08312
1 -0.503119 -6.05489
3 0.3 1.5
3 -0.3 1.5
3 -0.3 -1.5
3 0.3 -1.5
1 -4.36326 -1.11849
1 0.0821678 -1.10828
1 3.95824 -1.21716
1 5.18395 -1.3595
0 -4.53831 1.54969
0 -0.16939 1.20395
0 3.75764 1.03801
1 3.13534 -5.64849
0 2.07003 -7.31204
282
0 5.28193 1.01852
1 0.600405 -7.08311
1 -0.503077 -6.05489
3 0.3 1.5
3 -0.3 1.5
3 -0.3 -1.5
3 0.3 -1.5
1 -4.36305 -1.11849
1 0.0823793 -1.10828
1 3.9585 -1.21716
1 5.18417 -1.3595
0 -4.54048 1.54826
0 -0.169175 1.20394
0 3.76094 1.03723
1 3.13559 -5.64848
0 2.07032 -7.31203
286
0 5.28194 1.01892
1 0.600469 -7.08307
1 -0.503037 -6.05486
3 0.3 1.5
3 -0.3 1.5
3 -0.3 -1.5
3 0.3 -1.5
1 -4.36356 -1.11824
1 0.0889626 -1.10994
1 3.98558 -1.22282
1 5.1842 -1.35939
0 -4.54047 1.54838
0 -0.169151 1.20404
0 3.76096 1.03734
1 3.15871 -5.66021
0 2.0839 -7.32114
290
0 5.28271 1.01925
1 0.600511 -7.08307
1 -0.503008 -6.05486
3 0.3 1.5
3 -0.3 1.5
3 -0.3 -1.5
3 0.3 -1.5
1 -4.36327 -1.11849
1 0.0810193 -1.10785
1 4.00771 -1.22507
1 5.17298 -1.35832
0 -4.5402 1.54849
0 -0.168966 1.2041
0 3.76117 1.03741
1 3.15897 -5.66007
0 2.08426 -7.32096
294
0 5.14304 1.02113
1 0.600506 -7.08307
1 -0.503013 -6.05485
3 0.3 1.5
3 -0.3 1.5
3 -0.3 -1.5
3 0.3 -1.5
1 -4.36315 -1.11862
1 0.0811433 -1.10799
1 4.0079 -1.22531
1 5.17308 -1.35844
0 -4.54056 1.54788
0 -0.18643 1.2034
0 3.77165 1.03733
1 3.15903 -5.66016
0 2.08436 -7.3211
298
0 1.64523 0.973969
0 5.14095 1.02075
1 0.600425 -7.0831
1 -0.503068 -6.05487
3 0.3 1.5
3 -0.3 1.5
3 -0.3 -1.5
3 0.3 -1.5
1 -4.36365 -1.1186
1 0.0806208 -1.10796
1 4.00714 -1.22529
1 5.17264 -1.35844
0 -4.53848 1.54907
0 -0.182661 1.2057
0 3.77127 1.0373
1 3.15865 -5.66026
0 2.0838 -7.3212
302
0 1.64449 0.97327
0 5.03051 1.03126
1 0.600372 -7.08304
1 -0.503102 -6.05483
3 0.3 1.5
3 -0.3 1.5
3 -0.3 -1.5
3 0.3 -1.5
1 -4.36468 -1.11824
1 0.0659729 -1.10526
1 4.00692 -1.22545
1 5.17652 -1.35625
0 -4.53882 1.54871
0 -0.174952 1.20698
0 3.77116 1.03726
1 3.1207 -5.6363
0 2.07039 -7.30984
306
0 1.61716 1.09328
0 5.03051 1.03146
1 0.600349 -7.08301
1 -0.503115 -6.0548
3 0.3 1.5
3 -0.3 1.5
3 -0.3 -1.5
3 0.3 -1.5
1 -4.36087 -1.12005
1 0.0586411 -1.10357
1 3.96972 -1.22272
1 5.1765 -1.35605
0 -4.53857 1.54886
0 -0.17497 1.20718
0 3.75683 1.03659
1 3.12066 -5.63601
0 2.03086 -7.2774
310
0 1.44607 1.15712
0 5.0954 1.04146
1 0.600327 -7.08299
1 -0.50313 -6.05479
3 0.3 1.5
3 -0.3 1.5
3 -0.3 -1.5
3 0.3 -1.5
1 -4.36098 -1.12
1 0.0585277 -1.10352
1 3.96956 -1.22266
1 5.1764 -1.35599
0 -4.53891 1.5486
0 -0.175066 1.20724
0 3.75674 1.03663
1 3.12055 -5.63589
0 2.03072 -7.27732
314
0 1.44557 1.15482
0 5.09574 1.04161
1 0.600373 -7.08297
1 -0.503102 -6.05478
3 0.3 1.5
3 -0.3 1.5
3 -0.3 -1.5
3 0.3 -1.5
1 -4.36227 -1.11944
1 0.0588593 -1.10325
1 3.95541 -1.22336
1 5.17648 -1.35596
0 -4.5388 1.54865
0 -0.174996 1.20727
0 3.75681 1.03665
1 3.14771 -5.65012
0 2.03968 -7.28432
318
0 1.44605 1.15409
0 5.02223 1.04531
1 0.600364 -7.08297
1 -0.503108 -6.05477
3 0.3 1.5
3 -0.3 1.5
3 -0.3 -1.5
3 0.3 -1.5
1 -4.36217 -1.11955
1 0.0589618 -1.10338
1 3.95559 -1.22364
1 5.17653 -1.35602
0 -4.53846 1.54864
0 -0.185205 1.20696
0 3.75597 1.03644
1 3.14776 -5.65022
0 2.03978 -7.28447
322
0 1.44561 1.15532
0 5.02179 1.04657
1 0.600393 -7.08297
1 -0.503089 -6.05477
3 0.3 1.5
3 -0.3 1.5
3 -0.3 -1.5
3 0.3 -1.5
1 -4.35853 -1.1214
1 0.0671233 -1.10499
1 3.95155 -1.22297
1 5.1765 -1.35592
0 -4.53648 1.55012
0 -0.186204 1.20719
0 3.74835 1.03618
1 3.17381 -5.66325
0 2.03967 -7.28421
326
0 1.43063 1.21039
0 5.02129 1.04655
1 0.600376 -7.08296
1 -0.5031 -6.05476
3 0.3 1.5
3 -0.3 1.5
3 -0.3 -1.5
3 0.3 -1.5
1 -4.35869 -1.12133
1 0.0669568 -1.10493
1 3.95129 -1.22297
1 5.17639 -1.3558
0 -4.53642 1.55016
0 -0.186349 1.20722
0 3.75201 1.03641
1 3.17375 -5.66296
0 2.03948 -7.28404
330
0 1.43193 1.2114
0 5.02222 1.04716
1 0.60041 -7.08296
1 -0.503078 -6.05476
3 0.3 1.5
3 -0.3 1.5
3 -0.3 -1.5
3 0.3 -1.5
1 -4.35884 -1.1213
1 0.0705414 -1.10567
1 3.94832 -1.22266
1 5.17653 -1.35574
0 -4.53607 1.5504
0 -0.186113 1.20737
0 3.75228 1.03661
1 3.174 -5.66278
0 2.04696 -7.28952
334
0 1.36881 1.24464
0 5.02091 1.04726
1 0.600371 -7.08294
1 -0.503104 -6.05474
3 0.3 1.5
3 -0.3 1.5
3 -0.3 -1.5
3 0.3 -1.5
1 -4.35824 -1.12161
1 0.0811373 -1.10796
1 3.9474 -1.22272
1 5.17631 -1.35564
0 -4.53446 1.55154
0 -0.186461 1.20743
0 3.73766 1.0356
1 3.1287 -5.63508
0 2.04075 -7.28517
338
0 1.27895 1.26059
0 4.96081 1.04594
1 0.600347 -7.08293
1 -0.50312 -6.05474
3 0.3 1.5
3 -0.3 1.5
3 -0.3 -1.5
3 0.3 -1.5
1 -4.35841 -1.12156
1 0.0809648 -1.10791
1 3.94711 -1.22265
1 5.17622 -1.35556
0 -4.53414 1.55174
0 -0.186587 1.2075
0 3.73751 1.03564
1 3.12854 -5.63503
0 2.04054 -7.28509
342
0 1.35549 1.25585
0 4.9903 1.05033
1 0.600319 -7.08295
1 -0.503139 -6.05475
3 0.3 1.5
3 -0.3 1.5
3 -0.3 -1.5
3 0.3 -1.5
1 -4.35879 -1.12151
1 0.0805973 -1.10787
1 3.94644 -1.22259
1 5.1761 -1.3556
0 -4.53379 1.55181
0 -0.181214 1.20961
0 3.73717 1.03566
1 3.12816 -5.63499
0 2.04008 -7.28506
346
0 1.35434 1.25654
0 4.98959 1.05068
1 0.600325 -7.08297
1 -0.503137 -6.05476
3 0.3 1.5
3 -0.3 1.5
3 -0.3 -1.5
3 0.3 -1.5
1 -4.3563 -1.12282
1 0.0905536 -1.10982
1 3.94615 -1.22248
1 5.19439 -1.35813
0 -4.53211 1.55299
0 -0.177811 1.21151
0 3.73766 1.03496
1 3.128 -5.63493
0 2.03988 -7.28499
350
0 1.35559 1.25675
0 4.9904 1.05077
1 0.60036 -7.08297
1 -0.503113 -6.05476
3 0.3 1.5
3 -0.3 1.5
3 -0.3 -1.5
3 0.3 -1.5
1 -4.3545 -1.12381
1 0.0836076 -1.10827
1 3.92159 -1.22002
1 5.19455 -1.35811
0 -4.53211 1.55294
0 -0.171707 1.21329
0 3.74717 1.03564
1 3.14796 -5.64492
0 2.0401 -7.28497
354
0 1.35563 1.25692
0 4.99043 1.05087
1 0.600369 -7.08296
1 -0.503108 -6.05475
3 0.3 1.5
3 -0.3 1.5
3 -0.3 -1.5
3 0.3 -1.5
1 -4.35437 -1.12385
1 0.0886175 -1.10928
1 3.91476 -1.22002
1 5.19456 -1.35809
0 -4.5321 1.55298
0 -0.171702 1.21333
0 3.74718 1.03569
1 3.14797 -5.64488
0 2.04011 -7.28495
358
0 1.30299 1.27309
0 5.0116 1.05508
1 0.600346 -7.08295
1 -0.503121 -6.05474
3 0.3 1.5
3 -0.3 1.5
3 -0.3 -1.5
3 0.3 -1.5
1 -4.35193 -1.12495
1 0.0780029 -1.10708
1 3.91521 -1.22
1 5.21344 -1.36128
0 -4.53367 1.55191
0 -0.17156 1.21337
0 3.74737 1.03572
1 3.14812 -5.64481
0 2.00732 -7.25803
362
0 1.27282 1.28979
0 4.96807 1.05829
1 0.600361 -7.08292
1 -0.503111 -6.05472
3 0.3 1.5
3 -0.3 1.5
3 -0.3 -1.5
3 0.3 -1.5
1 -4.35174 -1.12501
1 0.0815609 -1.10794
1 3.90252 -1.21884
1 5.21346 -1.36126
0 -4.53456 1.55133
0 -0.171568 1.21345
0 3.74737 1.0358
1 3.14811 -5.64471
0 2.01674 -7.264
366
0 1.27307 1.28974
0 4.96826 1.05824
1 0.600373 -7.08291
1 -0.503103 -6.05471
3 0.3 1.5
3 -0.3 1.5
3 -0.3 -1.5
3 0.3 -1.5
1 -4.35102 -1.12541
1 0.0678515 -1.10525
1 3.90507 -1.21979
1 5.2135 -1.36127
0 -4.53448 1.55134
0 -0.171526 1.21345
0 3.74742 1.03579
1 3.14785 -5.64284
0 2.0168 -7.26402
370
0 1.23177 1.30241
0 4.96676 1.05845
1 0.600364 -7.08293
1 -0.503112 -6.05472
3 0.3 1.5
3 -0.3 1.5
3 -0.3 -1.5
3 0.3 -1.5
1 -4.35158 -1.12531
1 0.0672565 -1.10515
1 3.90409 -1.21966
1 5.21323 -1.36122
0 -4.53217 1.55273
0 -0.174072 1.21446
0 3.75547 1.03561
1 3.14742 -5.64277
0 2.01625 -7.2639
374
0 1.2317 1.30259
0 4.96673 1.05855
1 0.600388 -7.08294
1 -0.503097 -6.05473
3 0.3 1.5
3 -0.3 1.5
3 -0.3 -1.5
3 0.3 -1.5
1 -4.35211 -1.12505
1 0.0761422 -1.10764
1 3.88519 -1.21455
1 5.23582 -1.36404
0 -4.53218 1.55278
0 -0.174068 1.21448
0 3.75547 1.03565
1 3.15583 -5.64608
0 2.01625 -7.26386
378
0 1.24508 1.24042
0 4.96686 1.05766
1 0.600394 -7.08298
1 -0.503092 -6.05475
3 0.3 1.5
3 -0.3 1.5
3 -0.3 -1.5
3 0.3 -1.5
1 -4.35209 -1.12521
1 0.0761628 -1.10781
1 3.88521 -1.21477
1 5.2358 -1.36398
0 -4.53217 1.55249
0 -0.171914 1.21693
0 3.75553 1.03543
1 3.15585 -5.64629
0 2.01632 -7.26429
382
0 1.24479 1.2401
0 4.96673 1.05757
1 0.600394 -7.08297
1 -0.503093 -6.05475
3 0.3 1.5
3 -0.3 1.5
3 -0.3 -1.5
3 0.3 -1.5
1 -4.35411 -1.12424
1 0.0812216 -1.10896
1 3.88511 -1.21485
1 5.23012 -1.36356
0 -4.53225 1.55241
0 -0.17196 1.21688
0 3.75548 1.03539
1 3.15346 -5.64402
0 2.00266 -7.25337
386
0 1.24468 1.2401
0 4.9667 1.05751
1 0.600395 -7.08299
1 -0.503093 -6.05476
3 0.3 1.5
3 -0.3 1.5
3 -0.3 -1.5
3 0.3 -1.5
1 -4.35264 -1.12511
1 0.0754136 -1.10759
1 3.88507 -1.21488
1 5.22767 -1.36321
0 -4.53082 1.55327
0 -0.168902 1.21867
0 3.7584 1.0348
1 3.15342 -5.64404
0 2.00261 -7.25339
390
0 1.24524 1.23987
0 4.95311 1.05788
1 0.600388 -7.08299
1 -0.503097 -6.05476
3 0.3 1.5
3 -0.3 1.5
3 -0.3 -1.5
3 0.3 -1.5
1 -4.35315 -1.1249
1 0.0819363 -1.10902
1 3.88527 -1.21495
1 5.24065 -1.36463
0 -4.53118 1.55298
0 -0.165702 1.2198
0 3.75852 1.03475
1 3.15355 -5.6441
0 1.99708 -7.24945
394
0 1.24517 1.23972
0 4.95306 1.05773
1 0.600382 -7.083
1 -0.503102 -6.05477
3 0.3 1.5
3 -0.3 1.5
3 -0.3 -1.5
3 0.3 -1.5
1 -4.35373 -1.12462
1 0.0765343 -1.10776
1 3.88525 -1.215
1 5.23364 -1.36372
0 -4.5312 1.55291
0 -0.165718 1.21974
0 3.7585 1.03471
1 3.17348 -5.65673
0 2.00531 -7.25647
398
0 1.24528 1.23967
0 4.95315 1.05767
1 0.600382 -7.08299
1 -0.503101 -6.05476
3 0.3 1.5
3 -0.3 1.5
3 -0.3 -1.5
3 0.3 -1.5
1 -4.35303 -1.12499
1 0.0658312 -1.10566
1 3.89184 -1.21615
1 5.2337 -1.36376
0 -4.53115 1.55291
0 -0.165684 1.21973
0 3.75853 1.0347
1 3.15754 -5.64616
0 2.00535 -7.25651
402
0 1.26256 1.25899
0 4.95319 1.05788
1 0.600412 -7.08298
1 -0.503084 -6.05475
3 0.3 1.5
3 -0.3 1.5
3 -0.3 -1.5
3 0.3 -1.5
1 -4.35335 -1.12481
1 0.0715517 -1.10697
1 3.89187 -1.21601
1 5.22544 -1.36372
0 -4.53078 1.55326
0 -0.165666 1.21978
0 3.76658 1.03445
1 3.1763 -5.65571
0 2.00542 -7.25647
406
0 1.27414 1.23146
0 4.94537 1.0576
1 0.600414 -7.083
1 -0.503083 -6.05476
3 0.3 1.5
3 -0.3 1.5
3 -0.3 -1.5
3 0.3 -1.5
1 -4.35349 -1.12486
1 0.0714036 -1.10702
1 3.89182 -1.21628
1 5.22524 -1.36367
0 -4.53055 1.55325
0 -0.163368 1.22145
0 3.76657 1.03429
1 3.17609 -5.65564
0 2.00533 -7.25663
410
0 1.24274 1.24267
0 4.90664 1.05604
1 0.600406 -7.083
1 -0.503088 -6.05476
3 0.3 1.5
3 -0.3 1.5
3 -0.3 -1.5
3 0.3 -1.5
1 -4.35276 -1.1253
1 0.0676344 -1.10604
1 3.89173 -1.21608
1 5.2252 -1.3636
0 -4.52923 1.55413
0 -0.163412 1.22154
0 3.76652 1.0344
1 3.17604 -5.65555
0 2.00254 -7.25405
414
0 1.24297 1.24288
0 4.90677 1.05589
1 0.600379 -7.08299
1 -0.503103 -6.05475
3 0.3 1.5
3 -0.3 1.5
3 -0.3 -1.5
3 0.3 -1.5
1 -4.34878 -1.1272
1 0.0574317 -1.10398
1 3.89178 -1.21605
1 5.21342 -1.36264
0 -4.52916 1.55422
0 -0.163376 1.22159
0 3.76654 1.03442
1 3.12211 -5.62368
0 2.00258 -7.25397
418
0 1.26188 1.21953
0 4.88836 1.05581
1 0.600384 -7.08302
1 -0.503102 -6.05477
3 0.3 1.5
3 -0.3 1.5
3 -0.3 -1.5
3 0.3 -1.5
1 -4.34922 -1.12724
1 0.0569339 -1.10402
1 3.8916 -1.21639
1 5.21286 -1.3626
0 -4.5263 1.55589
0 -0.162214 1.22383
0 3.76647 1.03422
1 3.12148 -5.6236
0 2.00224 -7.2541
422
0 1.26186 1.21934
0 4.88834 1.05562
1 0.600384 -7.08301
1 -0.503101 -6.05476
3 0.3 1.5
3 -0.3 1.5
3 -0.3 -1.5
3 0.3 -1.5
1 -4.34811 -1.12781
1 0.0416324 -1.10093
1 3.89979 -1.21727
1 5.21286 -1.36267
0 -4.5263 1.55584
0 -0.162211 1.22378
0 3.76648 1.0342
1 3.13978 -5.63306
0 1.98502 -7.23988
426
0 1.25947 1.19613
0 4.88926 1.05521
1 0.600386 -7.08302
1 -0.503098 -6.05477
3 0.3 1.5
3 -0.3 1.5
3 -0.3 -1.5
3 0.3 -1.5
1 -4.34764 -1.12801
1 0.0421513 -1.10113
1 3.90021 -1.21757
1 5.21326 -1.36284
0 -4.52818 1.55452
0 -0.158864 1.22489
0 3.76664 1.03402
1 3.14028 -5.63323
0 1.98545 -7.24009
430
0 1.2589 1.19601
0 4.8832 1.05592
1 0.600394 -7.08303
1 -0.503096 -6.05477
3 0.3 1.5
3 -0.3 1.5
3 -0.3 -1.5
3 0.3 -1.5
1 -4.34974 -1.12727
1 0.0368721 -1.10017
1 3.90005 -1.21762
1 5.21569 -1.36261
0 -4.52425 1.55701
0 -0.155361 1.22639
0 3.76661 1.03399
1 3.14002 -5.63328
0 1.98525 -7.24014
434
0 1.25944 1.19549
0 4.91267 1.05932
1 0.600394 -7.08305
1 -0.503097 -6.05478
3 0.3 1.5
3 -0.3 1.5
3 -0.3 -1.5
3 0.3 -1.5
1 -4.34948 -1.12751
1 0.0371576 -1.10044
1 3.90023 -1.21782
1 5.21594 -1.36287
0 -4.52397 1.55696
0 -0.157274 1.2278
0 3.76669 1.03393
1 3.14023 -5.63351
0 1.98542 -7.24034
438
0 1.27594 1.21297
0 4.9118 1.05946
1 0.600385 -7.08306
1 -0.503103 -6.05479
3 0.3 1.5
3 -0.3 1.5
3 -0.3 -1.5
3 0.3 -1.5
1 -4.34898 -1.12784
1 0.0374136 -1.1002
1 3.90001 -1.21764
1 5.21566 -1.36279
0 -4.52261 1.55783
0 -0.157545 1.22788
0 3.74314 1.03241
1 3.13995 -5.6334
0 1.99904 -7.25185
442
0 1.27675 1.21337
0 4.91276 1.05998
1 0.600369 -7.08307
1 -0.503114 -6.0548
3 0.3 1.5
3 -0.3 1.5
3 -0.3 -1.5
3 0.3 -1.5
1 -4.35023 -1.12729
1 0.0377574 -1.0998
1 3.90905 -1.21952
1 5.21593 -1.36268
0 -4.52224 1.55801
0 -0.157268 1.22802
0 3.7433 1.03249
1 3.14098 -5.63583
0 2.00849 -7.25988
446
0 1.27697 1.21323
0 4.8864 1.05895
1 0.600354 -7.08307
1 -0.503122 -6.0548
3 0.3 1.5
3 -0.3 1.5
3 -0.3 -1.5
3 0.3 -1.5
1 -4.34834 -1.12821
1 0.0375586 -1.09955
1 3.90914 -1.21961
1 5.20223 -1.36128
0 -4.52285 1.55758
0 -0.155497 1.22882
0 3.74334 1.03245
1 3.14106 -5.6359
0 2.01974 -7.26972
450
0 1.27711 1.21313
0 4.88662 1.05877
1 0.600348 -7.08307
1 -0.503126 -6.0548
3 0.3 1.5
3 -0.3 1.5
3 -0.3 -1.5
3 0.3 -1.5
1 -4.34967 -1.12768
1 0.0341498 -1.09861
1 3.91323 -1.21998
1 5.21373 -1.36049
0 -4.52276 1.55754
0 -0.155428 1.22878
0 3.74338 1.03242
1 3.14111 -5.63595
0 2.0198 -7.2698
454
0 1.27706 1.21309
0 4.88653 1.05869
1 0.600363 -7.08307
1 -0.503117 -6.0548
3 0.3 1.5
3 -0.3 1.5
3 -0.3 -1.5
3 0.3 -1.5
1 -4.35066 -1.12724
1 0.0362425 -1.09886
1 3.9132 -1.22002
1 5.21609 -1.3612
0 -4.52279 1.55752
0 -0.155445 1.22876
0 3.74338 1.03241
1 3.15735 -5.64427
0 2.02931 -7.27804
458
0 1.27655 1.21306
0 4.86669 1.05819
1 0.600353 -7.08309
1 -0.503124 -6.05481
3 0.3 1.5
3 -0.3 1.5
3 -0.3 -1.5
3 0.3 -1.5
1 -4.35112 -1.12718
1 0.0357466 -1.09882
1 3.91285 -1.22002
1 5.21551 -1.36116
0 -4.52063 1.5588
0 -0.154263 1.22996
0 3.72865 1.03166
1 3.157 -5.64428
0 2.02883 -7.27803
462
0 1.27654 1.2131
0 4.86669 1.05828
1 0.600348 -7.08309
1 -0.503128 -6.0548
3 0.3 1.5
3 -0.3 1.5
3 -0.3 -1.5
3 0.3 -1.5
1 -4.35213 -1.12673
1 0.0348538 -1.09849
1 3.91284 -1.21999
1 5.22282 -1.36183
0 -4.52091 1.55859
0 -0.152518 1.23034
0 3.73577 1.0316
1 3.157 -5.64424
0 2.00768 -7.26068
466
0 1.27688 1.21302
0 4.86736 1.05807
1 0.600367 -7.08309
1 -0.503114 -6.0548
3 0.3 1.5
3 -0.3 1.5
3 -0.3 -1.5
3 0.3 -1.5
1 -4.35043 -1.12753
1 0.0367776 -1.0987
1 3.88158 -1.2161
1 5.2233 -1.36203
0 -4.52227 1.55765
0 -0.15336 1.23073
0 3.74113 1.03128
1 3.17117 -5.65115
0 2.00201 -7.25593
470
0 1.28219 1.22526
0 4.86743 1.05812
1 0.600368 -7.08309
1 -0.503114 -6.0548
3 0.3 1.5
3 -0.3 1.5
3 -0.3 -1.5
3 0.3 -1.5
1 -4.35038 -1.12755
1 0.0368269 -1.09872
1 3.88161 -1.21608
1 5.22337 -1.36212
0 -4.52217 1.55775
0 -0.153322 1.2307
0 3.74769 1.03162
1 3.17119 -5.65115
0 2.00209 -7.25603
474
0 1.28218 1.22522
0 4.86742 1.05809
1 0.600374 -7.08308
1 -0.50311 -6.0548
3 0.3 1.5
3 -0.3 1.5
3 -0.3 -1.5
3 0.3 -1.5
1 -4.35114 -1.12722
1 0.0383526 -1.0989
1 3.88161 -1.21611
1 5.21932 -1.36184
0 -4.52218 1.55773
0 -0.153326 1.23068
0 3.74769 1.03159
1 3.17386 -5.652
0 2.00208 -7.25606
478
0 1.28218 1.22527
0 4.86741 1.0581
1 0.600373 -7.0831
1 -0.50311 -6.05481
3 0.3 1.5
3 -0.3 1.5
3 -0.3 -1.5
3 0.3 -1.5
1 -4.35047 -1.12757
1 0.0457311 -1.10063
1 3.88626 -1.21399
1 5.229 -1.36144
0 -4.52217 1.55778
0 -0.153326 1.23071
0 3.74768 1.03163
1 3.18705 -5.65979
0 2.01475 -7.26657
482
0 1.28222 1.22533
0 4.86956 1.05853
1 0.600389 -7.0831
1 -0.5031 -6.05481
3 0.3 1.5
3 -0.3 1.5
3 -0.3 -1.5
3 0.3 -1.5
1 -4.35033 -1.12763
1 0.0486946 -1.10138
1 3.88628 -1.21392
1 5.22369 -1.36189
0 -4.52216 1.55776
0 -0.15769 1.23034
0 3.7477 1.03167
1 3.20341 -5.668
0 2.01266 -7.26498
486
0 1.28209 1.22531
0 4.86931 1.05852
1 0.600393 -7.08311
1 -0.503099 -6.05482
3 0.3 1.5
3 -0.3 1.5
3 -0.3 -1.5
3 0.3 -1.5
1 -4.35049 -1.12764
1 0.0485393 -1.10139
1 3.88615 -1.21393
1 5.22345 -1.3619
0 -4.52138 1.55825
0 -0.152043 1.23203
0 3.75111 1.03118
1 3.20322 -5.66802
0 2.01244 -7.26499
490
0 1.29096 1.23922
0 4.85647 1.05757
1 0.600379 -7.08309
1 -0.503106 -6.0548
3 0.3 1.5
3 -0.3 1.5
3 -0.3 -1.5
3 0.3 -1.5
1 -4.35035 -1.1276
1 0.0489262 -1.10148
1 3.88646 -1.21393
1 5.22512 -1.36367
0 -4.52379 1.55663
0 -0.151745 1.23194
0 3.75141 1.03107
1 3.15927 -5.64162
0 2.01684 -7.26824
494
0 1.29097 1.23916
0 4.83661 1.0583
1 0.600373 -7.0831
1 -0.50311 -6.0548
3 0.3 1.5
3 -0.3 1.5
3 -0.3 -1.5
3 0.3 -1.5
1 -4.34955 -1.12807
1 0.04065 -1.09992
1 3.88645 -1.21398
1 5.2251 -1.36374
0 -4.524 1.55631
0 -0.15312 1.23265
0 3.75141 1.03104
1 3.15763 -5.63991
0 2.01677 -7.26828
498
0 1.29134 1.23914
0 4.83733 1.05831
1 0.600366 -7.0831
1 -0.503112 -6.0548
3 0.3 1.5
3 -0.3 1.5
3 -0.3 -1.5
3 0.3 -1.5
1 -4.34867 -1.12845
1 0.0472136 -1.10168
1 3.88664 -1.21402
1 5.22549 -1.36375
0 -4.52539 1.55526
0 -0.154099 1.23331
0 3.72896 1.02969
1 3.15802 -5.6399
0 2.01711 -7.26828
502
0 1.29134 1.23913
0 4.83731 1.05828
1 0.600366 -7.0831
1 -0.503112 -6.0548
3 0.3 1.5
3 -0.3 1.5
3 -0.3 -1.5
3 0.3 -1.5
1 -4.34905 -1.12828
1 0.0483466 -1.10181
1 3.88664 -1.21402
1 5.22548 -1.36376
0 -4.5254 1.55525
0 -0.154105 1.2333
0 3.72895 1.02968
1 3.15801 -5.63992
0 2.0171 -7.26829
506
0 1.291 1.23917
0 4.83658 1.05842
1 0.600347 -7.08313
1 -0.503128 -6.05482
3 0.3 1.5
3 -0.3 1.5
3 -0.3 -1.5
3 0.3 -1.5
1 -4.34965 -1.12812
1 0.0441589 -1.10094
1 3.88645 -1.21401
1 5.22505 -1.3637
0 -4.52246 1.55706
0 -0.158422 1.23362
0 3.73405 1.02959
1 3.13969 -5.63175
0 2.0167 -7.26824
510
0 1.29115 1.23918
0 4.83687 1.05843
1 0.600355 -7.08312
1 -0.503123 -6.05481
3 0.3 1.5
3 -0.3 1.5
3 -0.3 -1.5
3 0.3 -1.5
1 -4.34884 -1.1284
1 0.044345 -1.10075
1 3.86287 -1.21241
1 5.22522 -1.36369
0 -4.52375 1.55615
0 -0.169147 1.23174
0 3.73741 1.02982
1 3.13992 -5.63174
0 2.02345 -7.27388
514
0 1.2912 1.2392
0 4.83697 1.05849
1 0.60034 -7.08313
1 -0.503132 -6.05482
3 0.3 1.5
3 -0.3 1.5
3 -0.3 -1.5
3 0.3 -1.5
1 -4.34744 -1.12905
1 0.0394443 -1.09965
1 3.86215 -1.21254
1 5.22527 -1.36367
0 -4.52369 1.55619
0 -0.169087 1.23178
0 3.73747 1.02987
1 3.12259 -5.62349
0 2.03578 -7.28364
518
0 1.29107 1.23925
0 4.8154 1.05757
1 0.600351 -7.08313
1 -0.503126 -6.05482
3 0.3 1.5
3 -0.3 1.5
3 -0.3 -1.5
3 0.3 -1.5
1 -4.3474 -1.12911
1 0.0441755 -1.10059
1 3.86191 -1.21237
1 5.23095 -1.36472
0 -4.52303 1.55666
0 -0.169648 1.23182
0 3.7373 1.02997
1 3.13757 -5.63124
0 2.02928 -7.27854
522
0 1.32446 1.22873
0 4.81599 1.05737
1 0.600365 -7.08312
1 -0.503116 -6.05482
3 0.3 1.5
3 -0.3 1.5
3 -0.3 -1.5
3 0.3 -1.5
1 -4.34865 -1.12842
1 0.0472203 -1.10168
1 3.86229 -1.21254
1 5.23127 -1.36481
0 -4.525 1.55528
0 -0.16848 1.23229
0 3.73756 1.02989
1 3.13803 -5.63133
0 2.03959 -7.28662
526
0 1.29797 1.23935
0 4.8293 1.05817
1 0.60037 -7.08312
1 -0.503113 -6.05481
3 0.3 1.5
3 -0.3 1.5
3 -0.3 -1.5
3 0.3 -1.5
1 -4.3478 -1.12883
1 0.0531065 -1.10297
1 3.86227 -1.21248
1 5.23129 -1.36472
0 -4.52414 1.55595
0 -0.168449 1.23229
0 3.73757 1.02995
1 3.14641 -5.63535
0 2.03136 -7.2803
530
0 1.29798 1.23941
0 4.82931 1.05822
1 0.600377 -7.08312
1 -0.503109 -6.05481
3 0.3 1.5
3 -0.3 1.5
3 -0.3 -1.5
3 0.3 -1.5
1 -4.34771 -1.12888
1 0.0551822 -1.10326
1 3.86332 -1.21322
1 5.2313 -1.36471
0 -4.52413 1.55597
0 -0.168445 1.23231
0 3.73757 1.02996
1 3.14641 -5.63532
0 2.03974 -7.28707
534
0 1.29801 1.23945
0 4.82932 1.0582
1 0.600383 -7.08313
1 -0.503102 -6.05482
3 0.3 1.5
3 -0.3 1.5
3 -0.3 -1.5
3 0.3 -1.5
1 -4.34727 -1.12911
1 0.0567672 -1.10344
1 3.86584 -1.2113
1 5.2411 -1.36581
0 -4.5249 1.55542
0 -0.168404 1.23227
0 3.71801 1.02831
1 3.14637 -5.63531
0 2.03968 -7.28702
538
0 1.26361 1.24499
0 4.8289 1.05842
1 0.600357 -7.08314
1 -0.503122 -6.05483
3 0.3 1.5
3 -0.3 1.5
3 -0.3 -1.5
3 0.3 -1.5
1 -4.34953 -1.12808
1 0.054542 -1.10293
1 3.86549 -1.21116
1 5.24132 -1.36541
0 -4.52355 1.55624
0 -0.168611 1.23237
0 3.72184 1.02809
1 3.13651 -5.6314
0 2.03777 -7.28607
542
0 1.26305 1.24531
0 4.82363 1.05813
1 0.600338 -7.08316
1 -0.503135 -6.05484
3 0.3 1.5
3 -0.3 1.5
3 -0.3 -1.5
3 0.3 -1.5
1 -4.34948 -1.12817
1 0.0524326 -1.10231
1 3.86515 -1.21096
1 5.24101 -1.36523
0 -4.52156 1.55755
0 -0.168782 1.23241
0 3.72158 1.02822
1 3.12924 -5.62902
0 2.02722 -7.27785
546
0 1.26307 1.24527
0 4.82364 1.05805
1 0.600332 -7.08317
1 -0.503138 -6.05485
3 0.3 1.5
3 -0.3 1.5
3 -0.3 -1.5
3 0.3 -1.5
1 -4.34852 -1.12869
1 0.0475688 -1.1013
1 3.87804 -1.21054
1 5.24101 -1.36528
0 -4.52155 1.55755
0 -0.168776 1.23239
0 3.72158 1.02819
1 3.14126 -5.6352
0 2.02717 -7.27789
550
0 1.2633 1.24529
0 4.81788 1.05758
1 0.600328 -7.08317
1 -0.50314 -6.05484
3 0.3 1.5
3 -0.3 1.5
3 -0.3 -1.5
3 0.3 -1.5
1 -4.34854 -1.12866
1 0.0368253 -1.0993
1 3.87824 -1.21052
1 5.23222 -1.36479
0 -4.52219 1.55709
0 -0.165441 1.23281
0 3.72169 1.0282
1 3.14148 -5.63518
0 2.0274 -7.27787
554
0 1.26492 1.25629
0 4.81199 1.0568
1 0.600322 -7.08317
1 -0.503143 -6.05484
3 0.3 1.5
3 -0.3 1.5
3 -0.3 -1.5
3 0.3 -1.5
1 -4.34726 -1.12924
1 0.0336527 -1.09871
1 3.8783 -1.21046
1 5.2219 -1.36435
0 -4.52236 1.55699
0 -0.165422 1.23287
0 3.72172 1.02825
1 3.14154 -5.63516
0 2.02746 -7.27784
558
0 1.23602 1.25995
0 4.81241 1.05661
1 0.600306 -7.08316
1 -0.503151 -6.05484
3 0.3 1.5
3 -0.3 1.5
3 -0.3 -1.5
3 0.3 -1.5
1 -4.34707 -1.12927
1 0.033868 -1.09876
1 3.87843 -1.21048
1 5.2221 -1.36445
0 -4.52392 1.55587
0 -0.165363 1.2329
0 3.69776 1.02625
1 3.14169 -5.6352
0 2.0276 -7.27786
562
0 1.21026 1.26545
0 4.8125 1.057
1 0.600294 -7.08317
1 -0.503159 -6.05485
3 0.3 1.5
3 -0.3 1.5
3 -0.3 -1.5
3 0.3 -1.5
1 -4.34691 -1.12934
1 0.0318572 -1.09824
1 3.87842 -1.21027
1 5.21483 -1.36417
0 -4.52423 1.55563
0 -0.165386 1.23301
0 3.69706 1.02624
1 3.15576 -5.64444
0 2.0276 -7.27769
566
0 1.20979 1.26601
0 4.81218 1.05735
1 0.600291 -7.08317
1 -0.503163 -6.05484
3 0.3 1.5
3 -0.3 1.5
3 -0.3 -1.5
3 0.3 -1.5
1 -4.34815 -1.12873
1 0.0277158 -1.09737
1 3.87828 -1.21013
1 5.22585 -1.36559
0 -4.52446 1.55544
0 -0.166328 1.23277
0 3.70319 1.02608
1 3.1556 -5.64424
0 2.01193 -7.265
570
0 1.21039 1.24822
0 4.81208 1.05738
1 0.600303 -7.08317
1 -0.503154 -6.05484
3 0.3 1.5
3 -0.3 1.5
3 -0.3 -1.5
3 0.3 -1.5
1 -4.3484 -1.12868
1 0.0277189 -1.0973
1 3.88679 -1.21192
1 5.22572 -1.36533
0 -4.52462 1.55528
0 -0.163613 1.23364
0 3.70307 1.02627
1 3.1693 -5.65146
0 2.01186 -7.26491
574
0 1.20934 1.24846
0 4.80688 1.05692
1 0.600303 -7.08318
1 -0.503155 -6.05485
3 0.3 1.5
3 -0.3 1.5
3 -0.3 -1.5
3 0.3 -1.5
1 -4.34882 -1.12858
1 0.0272428 -1.0972
1 3.88641 -1.21182
1 5.22526 -1.36524
0 -4.52294 1.55636
0 -0.162905 1.23414
0 3.7027 1.02634
1 3.1689 -5.65139
0 2.01146 -7.26483
578
0 1.20656 1.24004
0 4.80673 1.05707
1 0.600305 -7.08318
1 -0.503154 -6.05485
3 0.3 1.5
3 -0.3 1.5
3 -0.3 -1.5
3 0.3 -1.5
1 -4.3491 -1.12851
1 0.0231969 -1.09636
1 3.88636 -1.21181
1 5.21404 -1.36241
0 -4.52279 1.5564
0 -0.162966 1.23421
0 3.70264 1.02639
1 3.17853 -5.65657
0 2.01658 -7.2692
582
0 1.20684 1.24004
0 4.80688 1.05705
1 0.600315 -7.08318
1 -0.503147 -6.05485
3 0.3 1.5
3 -0.3 1.5
3 -0.3 -1.5
3 0.3 -1.5
1 -4.34958 -1.1283
1 0.0230517 -1.09637
1 3.89242 -1.21301
1 5.21415 -1.36241
0 -4.52353 1.55584
0 -0.161194 1.23515
0 3.70694 1.02588
1 3.18352 -5.65883
0 2.0176 -7.26994
586
0 1.20712 1.24027
0 4.80704 1.05714
1 0.600329 -7.08318
1 -0.503138 -6.05485
3 0.3 1.5
3 -0.3 1.5
3 -0.3 -1.5
3 0.3 -1.5
1 -4.34974 -1.12824
1 0.0229959 -1.09633
1 3.89252 -1.21291
1 5.20655 -1.36256
0 -4.52341 1.55592
0 -0.161122 1.23521
0 3.70704 1.02595
1 3.19277 -5.66365
0 2.02684 -7.27728
590
0 1.20695 1.24049
0 4.80249 1.05628
1 0.600332 -7.08319
1 -0.503137 -6.05485
3 0.3 1.5
3 -0.3 1.5
3 -0.3 -1.5
3 0.3 -1.5
1 -4.34967 -1.12833
1 0.0210213 -1.09597
1 3.89245 -1.21282
1 5.21071 -1.36438
0 -4.52313 1.55606
0 -0.157105 1.23637
0 3.70698 1.02601
1 3.19268 -5.6635
0 2.02675 -7.27713
594
0 1.20748 1.24084
0 4.80287 1.05655
1 0.600346 -7.08319
1 -0.503128 -6.05485
3 0.3 1.5
3 -0.3 1.5
3 -0.3 -1.5
3 0.3 -1.5
1 -4.34888 -1.12873
1 0.0161893 -1.09506
1 3.89263 -1.21267
1 5.21886 -1.36642
0 -4.52287 1.55625
0 -0.156952 1.23652
0 3.70715 1.02611
1 3.20425 -5.66949
0 2.02701 -7.2769
598
0 1.20685 1.24086
0 4.78757 1.05619
1 0.60034 -7.0832
1 -0.503133 -6.05486
3 0.3 1.5
3 -0.3 1.5
3 -0.3 -1.5
3 0.3 -1.5
1 -4.34928 -1.12866
1 0.0157071 -1.09499
1 3.89238 -1.21268
1 5.21834 -1.36636
0 -4.52182 1.55684
0 -0.154575 1.23779
0 3.70695 1.0261
1 3.20384 -5.66949
0 2.02665 -7.2769
602
0 1.20711 1.24097
0 4.78791 1.05644
1 0.600344 -7.0832
1 -0.50313 -6.05485
3 0.3 1.5
3 -0.3 1.5
3 -0.3 -1.5
3 0.3 -1.5
1 -4.34921 -1.12871
1 0.0135764 -1.09454
1 3.89715 -1.21389
1 5.21852 -1.36623
0 -4.52164 1.55694
0 -0.154459 1.23789
0 3.70703 1.02613
1 3.20398 -5.66936
0 2.02677 -7.27682
606
0 1.22347 1.23517
0 4.80134 1.05721
1 0.600344 -7.08321
1 -0.503131 -6.05486
3 0.3 1.5
3 -0.3 1.5
3 -0.3 -1.5
3 0.3 -1.5
1 -4.34962 -1.12855
1 0.0131184 -1.09438
1 3.89682 -1.21377
1 5.2181 -1.36609
0 -4.52135 1.557
0 -0.163235 1.23688
0 3.70691 1.0261
1 3.20372 -5.66931
0 2.02657 -7.27683
610
0 1.20745 1.24168
0 4.8071 1.05745
1 0.63043 -7.12255
1 -0.503277 -6.05492
3 0.3 1.5
3 -0.3 1.5
3 -0.3 -1.5
3 0.3 -1.5
1 -4.34952 -1.12865
1 0.0104674 -1.09376
1 3.89673 -1.21357
1 5.218 -1.36593
0 -4.52062 1.55746
0 -0.163337 1.23703
0 3.70681 1.02617
1 3.21397 -5.67497
0 2.02646 -7.2767
614
0 1.20782 1.24202
0 4.80745 1.05783
1 0.60846 -7.1027
1 -0.503298 -6.05493
3 0.3 1.5
3 -0.3 1.5
3 -0.3 -1.5
3 0.3 -1.5
1 -4.34925 -1.12881
1 0.0161973 -1.09498
1 3.88471 -1.2105
1 5.22657 -1.36696
0 -4.52044 1.55761
0 -0.163228 1.23712
0 3.70686 1.02618
1 3.22168 -5.67899
0 2.03609 -7.28479
618
0 1.20675 1.24221
0 4.80789 1.05757
1 0.607229 -7.10229
1 -0.503309 -6.05494
3 0.3 1.5
3 -0.3 1.5
3 -0.3 -1.5
3 0.3 -1.5
1 -4.3497 -1.12872
1 0.015672 -1.09487
1 3.88417 -1.21037
1 5.22607 -1.36686
0 -4.51853 1.55881
0 -0.162567 1.23813
0 3.71073 1.02564
1 3.22121 -5.67892
0 2.03574 -7.28476
622
0 1.20739 1.24257
0 4.80865 1.05815
1 0.662407 -7.15838
1 -0.503335 -6.05497
3 0.3 1.5
3 -0.3 1.5
3 -0.3 -1.5
3 0.3 -1.5
1 -4.34875 -1.1292
1 0.00934456 -1.09366
1 3.88124 -1.21055
1 5.22633 -1.36669
0 -4.51812 1.55906
0 -0.162296 1.23833
0 3.71087 1.02572
1 3.22793 -5.68206
0 2.02427 -7.27593
626
0 1.20714 1.2426
0 4.80831 1.05821
1 0.661811 -7.15822
1 -0.503341 -6.05497
3 0.3 1.5
3 -0.3 1.5
3 -0.3 -1.5
3 0.3 -1.5
1 -4.3489 -1.12917
1 0.00916223 -1.09362
1 3.88105 -1.21051
1 5.22621 -1.36667
0 -4.51775 1.55925
0 -0.164212 1.23865
0 3.71722 1.02549
1 3.22778 -5.68204
0 2.02409 -7.2759
630
0 1.20764 1.24263
0 4.80894 1.05833
1 0.622547 -7.11975
1 -0.770093 -5.78755
3 0.3 1.5
3 -0.3 1.5
3 -0.3 -1.5
3 0.3 -1.5
1 -4.3493 -1.12921
1 0.00746097 -1.09349
1 3.88865 -1.20998
1 5.21582 -1.36621
0 -4.51737 1.55936
0 -0.163943 1.2387
0 3.71738 1.02548
1 3.22798 -5.68194
0 2.02136 -7.27371
634
0 1.20734 1.24266
0 4.8112 1.05804
1 0.621586 -7.1193
1 -0.771897 -5.787
3 0.3 1.5
3 -0.3 1.5
3 -0.3 -1.5
3 0.3 -1.5
1 -4.34958 -1.1291
1 0.00714497 -1.09338
1 3.88832 -1.20987
1 5.21549 -1.3661
0 -4.51733 1.55928
0 -0.173361 1.23769
0 3.72252 1.0251
1 3.22779 -5.68191
0 2.02108 -7.27361
638
0 1.20713 1.24275
0 4.81084 1.05826
1 0.621029 -7.11882
1 -0.77265 -5.78617
3 0.3 1.5
3 -0.3 1.5
3 -0.3 -1.5
3 0.3 -1.5
1 -4.34979 -1.12897
1 0.00693462 -1.09325
1 3.8881 -1.20972
1 5.21528 -1.36594
0 -4.51929 1.55795
0 -0.168268 1.23878
0 3.72528 1.02423
1 3.22767 -5.68183
0 2.02091 -7.27348
642
0 1.20702 1.24274
0 4.80671 1.05825
1 0.620691 -7.11876
1 -0.773016 -5.78597
3 0.3 1.5
3 -0.3 1.5
3 -0.3 -1.5
3 0.3 -1.5
1 -4.34988 -1.12895
1 0.00682654 -1.09324
1 3.88799 -1.20972
1 5.21516 -1.36594
0 -4.5197 1.55762
0 -0.164877 1.23968
0 3.72514 1.02426
1 3.22759 -5.68184
0 2.02079 -7.27348
646
0 1.20726 1.24272
0 4.80731 1.05861
1 0.621589 -7.11785
1 -0.869288 -5.68441
3 0.3 1.5
3 -0.3 1.5
3 -0.3 -1.5
3 0.3 -1.5
1 -4.35012 -1.12906
1 0.012304 -1.09454
1 3.88818 -1.20964
1 5.22771 -1.36797
0 -4.51929 1.55792
0 -0.164548 1.23998
0 3.72538 1.02451
1 3.22766 -5.68181
0 2.02091 -7.27336
650
0 1.20713 1.24267
0 4.80298 1.05773
1 0.621519 -7.11755
1 -0.86159 -5.68531
3 0.3 1.5
3 -0.3 1.5
3 -0.3 -1.5
3 0.3 -1.5
1 -4.34995 -1.12931
1 0.00726648 -1.09371
1 3.88804 -1.20965
1 5.22756 -1.36787
0 -4.51865 1.5584
0 -0.167653 1.23941
0 3.72526 1.02459
1 3.22492 -5.68003
0 2.02075 -7.27336
654
0 1.19661 1.22625
0 4.80254 1.05811
1 0.62119 -7.11712
1 -0.863003 -5.68281
3 0.3 1.5
3 -0.3 1.5
3 -0.3 -1.5
3 0.3 -1.5
1 -4.35015 -1.12924
1 0.00710394 -1.09366
1 3.88799 -1.20976
1 5.22738 -1.36774
0 -4.51871 1.55829
0 -0.173335 1.23865
0 3.72509 1.02467
1 3.22488 -5.68003
0 2.02075 -7.27344
658
0 1.19684 1.2264
0 4.80292 1.05835
1 0.621564 -7.11687
1 -0.921768 -5.61983
3 0.3 1.5
3 -0.3 1.5
3 -0.3 -1.5
3 0.3 -1.5
1 -4.34994 -1.1295
1 0.00917012 -1.094
1 3.88805 -1.20974
1 5.23145 -1.36899
0 -4.51845 1.55848
0 -0.173105 1.23882
0 3.72519 1.02474
1 3.22492 -5.67995
0 2.01873 -7.27257
662
0 -1.73279 1.0042
0 1.19639 1.22652
0 4.80223 1.0586
1 0.620944 -7.11672
1 -0.924974 -5.61777
3 0.3 1.5
3 -0.3 1.5
3 -0.3 -1.5
3 0.3 -1.5
1 -4.35033 -1.12935
1 0.00874959 -1.09384
1 3.88791 -1.20974
1 5.23101 -1.36877
0 -4.51787 1.55886
0 -0.17051 1.23963
0 3.73565 1.02461
1 3.22479 -5.67992
0 2.01838 -7.27239
666
0 -1.73312 1.00494
0 1.19637 1.22654
0 4.79666 1.05785
1 0.620897 -7.11667
1 -0.939598 -5.60242
3 0.3 1.5
3 -0.3 1.5
3 -0.3 -1.5
3 0.3 -1.5
1 -4.35153 -1.12885
1 0.00805554 -1.09374
1 3.89108 -1.20843
1 5.23025 -1.36842
0 -4.51662 1.55957
0 -0.17675 1.23891
0 3.73559 1.02468
1 3.21975 -5.67902
0 2.0145 -7.26964
670
0 -1.7332 1.00497
0 1.19636 1.22654
0 4.79664 1.05785
1 0.62088 -7.11667
1 -0.939684 -5.6024
3 0.3 1.5
3 -0.3 1.5
3 -0.3 -1.5
3 0.3 -1.5
1 -4.35154 -1.12885
1 0.00804439 -1.09374
1 3.89107 -1.20843
1 5.23024 -1.36842
0 -4.51635 1.55977
0 -0.173452 1.23922
0 3.71996 1.02369
1 3.21974 -5.67902
0 2.01449 -7.26964
674
0 -1.73198 1.00658
0 1.19655 1.22665
0 4.79708 1.05824
1 0.549996 -7.05064
1 -0.937883 -5.60037
3 0.3 1.5
3 -0.3 1.5
3 -0.3 -1.5
3 0.3 -1.5
1 -4.35025 -1.12953
1 0.0114714 -1.0946
1 3.8866 -1.20879
1 5.23043 -1.36818
0 -4.51599 1.56009
0 -0.173164 1.23954
0 3.7202 1.02402
1 3.23894 -5.69095
0 2.01467 -7.26933
678
0 -1.73112 1.00743
0 1.19674 1.22673
0 4.79744 1.05846
1 0.54143 -7.04148
1 -0.904122 -5.63403
3 0.3 1.5
3 -0.3 1.5
3 -0.3 -1.5
3 0.3 -1.5
1 -4.35084 -1.12926
1 0.0131407 -1.09495
1 3.89551 -1.21042
1 5.23063 -1.36803
0 -4.51569 1.56029
0 -0.172904 1.23973
0 3.72044 1.0242
1 3.23914 -5.69065
0 2.01486 -7.26915
682
0 -1.73131 1.00745
0 1.19674 1.22672
0 4.80972 1.05894
1 0.541207 -7.04142
1 -0.904433 -5.63398
3 0.3 1.5
3 -0.3 1.5
3 -0.3 -1.5
3 0.3 -1.5
1 -4.35088 -1.12925
1 0.0130927 -1.09495
1 3.89543 -1.21041
1 5.23061 -1.36804
0 -4.51507 1.56066
0 -0.177451 1.23919
0 3.7204 1.0242
1 3.23911 -5.69066
0 2.01484 -7.26916
686
0 -1.73045 1.00716
0 1.18679 1.23223
0 4.81677 1.05889
1 0.542108 -7.0421
1 -0.903255 -5.63466
3 0.3 1.5
3 -0.3 1.5
3 -0.3 -1.5
3 0.3 -1.5
1 -4.35064 -1.12932
1 0.0133353 -1.09505
1 3.8958 -1.21062
1 5.23072 -1.36807
0 -4.51679 1.55945
0 -0.177317 1.23944
0 3.7169 1.02384
1 3.23921 -5.69072
0 2.01488 -7.26916
690
0 -1.73064 1.00733
0 1.18674 1.23228
0 4.82199 1.05996
1 0.541819 -7.04173
1 -0.903572 -5.6343
3 0.3 1.5
3 -0.3 1.5
3 -0.3 -1.5
3 0.3 -1.5
1 -4.35111 -1.12917
1 0.011302 -1.09468
1 3.89637 -1.21128
1 5.23069 -1.36808
0 -4.51616 1.55978
0 -0.178955 1.23971
0 3.71685 1.02388
1 3.2484 -5.69574
0 2.01483 -7.26916
694
0 -1.72995 1.00746
0 1.18699 1.23231
0 4.82255 1.06008
1 0.547875 -7.04632
1 -0.902426 -5.63395
3 0.3 1.5
3 -0.3 1.5
3 -0.3 -1.5
3 0.3 -1.5
1 -4.35068 -1.12936
1 0.0153993 -1.09556
1 3.89678 -1.21117
1 5.22676 -1.36782
0 -4.51743 1.55893
0 -0.178225 1.24026
0 3.71767 1.02333
1 3.24859 -5.69565
0 2.01655 -7.27072
698
0 -1.72993 1.00749
0 1.1744 1.23817
0 4.82256 1.06003
1 0.547905 -7.04666
1 -0.902444 -5.63414
3 0.3 1.5
3 -0.3 1.5
3 -0.3 -1.5
3 0.3 -1.5
1 -4.35068 -1.12934
1 0.01538 -1.09556
1 3.89678 -1.21121
1 5.22673 -1.36784
0 -4.51782 1.55863
0 -0.178214 1.24026
0 3.70404 1.02232
1 3.24853 -5.69565
0 2.01646 -7.27071
702
0 -1.72983 1.00747
0 1.17444 1.23839
0 4.82264 1.05998
1 0.517965 -7.01528
1 -0.902337 -5.63411
3 0.3 1.5
3 -0.3 1.5
3 -0.3 -1.5
3 0.3 -1.5
1 -4.35121 -1.1291
1 0.0128822 -1.09513
1 3.89683 -1.21124
1 5.22277 -1.36664
0 -4.51853 1.55805
0 -0.179571 1.24051
0 3.70925 1.02196
1 3.23708 -5.6891
0 2.01647 -7.27071
706
0 -1.72961 1.0076
0 1.16014 1.24331
0 4.81002 1.05867
1 0.518803 -7.01616
1 -0.90197 -5.63405
3 0.3 1.5
3 -0.3 1.5
3 -0.3 -1.5
3 0.3 -1.5
1 -4.35109 -1.12914
1 0.0118202 -1.09486
1 3.89658 -1.21165
1 5.22291 -1.36662
0 -4.51938 1.55746
0 -0.179414 1.24057
0 3.70946 1.02198
1 3.23712 -5.68904
0 2.01644 -7.27064
710
0 -1.72959 1.00765
0 1.16015 1.24344
0 4.81004 1.05879
1 0.493213 -6.98821
1 -0.901904 -5.63394
3 0.3 1.5
3 -0.3 1.5
3 -0.3 -1.5
3 0.3 -1.5
1 -4.35008 -1.12956
1 0.0153555 -1.09589
1 3.88715 -1.21083
1 5.22293 -1.36654
0 -4.51936 1.55754
0 -0.179391 1.24063
0 3.70948 1.02207
1 3.23714 -5.68898
0 2.01646 -7.2706
714
0 -1.7296 1.00775
0 1.15287 1.24688
0 4.81853 1.05914
1 0.48038 -6.97619
1 -0.901875 -5.63388
3 0.3 1.5
3 -0.3 1.5
3 -0.3 -1.5
3 0.3 -1.5
1 -4.35002 -1.12953
1 0.0190025 -1.09678
1 3.88716 -1.21072
1 5.22401 -1.36689
0 -4.52034 1.55689
0 -0.179402 1.24069
0 3.70948 1.02214
1 3.23711 -5.6889
0 2.00999 -7.26563
718
0 -1.72953 1.00776
0 1.15299 1.24692
0 4.81864 1.05918
1 0.454345 -6.94728
1 -0.901736 -5.63382
3 0.3 1.5
3 -0.3 1.5
3 -0.3 -1.5
3 0.3 -1.5
1 -4.35037 -1.12937
1 0.0157655 -1.09614
1 3.88441 -1.21151
1 5.22409 -1.36686
0 -4.52025 1.55693
0 -0.179333 1.24072
0 3.70956 1.02216
1 3.23716 -5.68888
0 2.01004 -7.2656
722
0 -1.72976 1.00761
0 1.14389 1.23327
0 4.8182 1.05936
1 0.452726 -6.94583
1 -0.902075 -5.63377
3 0.3 1.5
3 -0.3 1.5
3 -0.3 -1.5
3 0.3 -1.5
1 -4.35115 -1.12906
1 0.0124497 -1.09539
1 3.87704 -1.2089
1 5.23104 -1.36743
0 -4.51971 1.55725
0 -0.177294 1.24089
0 3.70934 1.02218
1 3.24837 -5.69586
0 2.00995 -7.2656
726
0 -1.72971 1.00771
0 1.12609 1.23654
0 4.82702 1.05961
1 0.452777 -6.94663
1 -0.901955 -5.63377
3 0.3 1.5
3 -0.3 1.5
3 -0.3 -1.5
3 0.3 -1.5
1 -4.35143 -1.12889
1 0.0141138 -1.09567
1 3.87727 -1.20902
1 5.22219 -1.36713
0 -4.52052 1.5567
0 -0.177236 1.24091
0 3.7094 1.0222
1 3.24839 -5.69585
0 2.00995 -7.26557
730
0 -1.72991 1.0078
0 1.11371 1.24076
0 4.82662 1.05972
1 0.454423 -6.94961
1 -0.90227 -5.63378
3 0.3 1.5
3 -0.3 1.5
3 -0.3 -1.5
3 0.3 -1.5
1 -4.35196 -1.12869
1 0.0141431 -1.09563
1 3.87904 -1.20954
1 5.22186 -1.36705
0 -4.51927 1.5575
0 -0.177407 1.24097
0 3.70266 1.0219
1 3.2482 -5.69579
0 2.00385 -7.2609
734
0 -1.72989 1.00781
0 1.1138 1.24088
0 4.82667 1.05979
1 0.45545 -6.95065
1 -0.902237 -5.63376
3 0.3 1.5
3 -0.3 1.5
3 -0.3 -1.5
3 0.3 -1.5
1 -4.35163 -1.12885
1 0.0164107 -1.09592
1 3.8791 -1.20945
1 5.22481 -1.36788
0 -4.51925 1.55753
0 -0.177394 1.24098
0 3.70269 1.02193
1 3.24822 -5.69577
0 1.99862 -7.25663
738
0 -1.72999 1.00778
0 1.11335 1.24086
0 4.81898 1.059
1 0.438912 -6.93619
1 -0.902408 -5.63379
3 0.3 1.5
3 -0.3 1.5
3 -0.3 -1.5
3 0.3 -1.5
1 -4.35262 -1.12844
1 0.0168558 -1.09599
1 3.87762 -1.21033
1 5.22457 -1.36788
0 -4.51865 1.55784
0 -0.175391 1.24192
0 3.70254 1.02192
1 3.24813 -5.69579
0 2.00192 -7.25956
742
0 -1.72998 1.00778
0 1.11346 1.24097
0 4.80659 1.05914
1 0.431481 -6.92849
1 -0.90238 -5.63377
3 0.3 1.5
3 -0.3 1.5
3 -0.3 -1.5
3 0.3 -1.5
1 -4.3519 -1.12877
1 0.0213176 -1.09706
1 3.87771 -1.21022
1 5.2254 -1.3686
0 -4.51909 1.55758
0 -0.171952 1.24286
0 3.70257 1.02195
1 3.24814 -5.69577
0 2.00294 -7.26039
746
0 -1.72997 1.00778
0 1.11348 1.24101
0 4.80661 1.05921
1 0.458558 -6.9549
1 -0.902381 -5.63378
3 0.3 1.5
3 -0.3 1.5
3 -0.3 -1.5
3 0.3 -1.5
1 -4.35121 -1.1291
1 0.0218299 -1.09707
1 3.87772 -1.21018
1 5.21761 -1.36784
0 -4.51908 1.5576
0 -0.171947 1.24288
0 3.70258 1.02195
1 3.24814 -5.69577
0 2.01146 -7.26754
750
0 -1.72992 1.00775
0 1.11361 1.2409
0 4.80675 1.05904
1 0.475726 -6.97177
1 -0.902382 -5.6338
3 0.3 1.5
3 -0.3 1.5
3 -0.3 -1.5
3 0.3 -1.5
1 -4.35148 -1.129
1 0.0194889 -1.0966
1 3.87286 -1.21006
1 5.21771 -1.36797
0 -4.51962 1.55712
0 -0.170208 1.24361
0 3.68456 1.02056
1 3.25827 -5.70119
0 2.00976 -7.26605
754
0 -1.72998 1.00772
0 1.1133 1.24096
0 4.80642 1.05913
1 0.496038 -6.99209
1 -0.902491 -5.63383
3 0.3 1.5
3 -0.3 1.5
3 -0.3 -1.5
3 0.3 -1.5
1 -4.35128 -1.12918
1 0.0178289 -1.09617
1 3.87249 -1.20994
1 5.22037 -1.36885
0 -4.51829 1.55797
0 -0.169034 1.2444
0 3.68699 1.02023
1 3.25816 -5.70117
0 2.00941 -7.2659
758
0 -1.72995 1.0077
0 1.11339 1.24091
0 4.80651 1.05907
1 0.496363 -6.99229
1 -0.902468 -5.63383
3 0.3 1.5
3 -0.3 1.5
3 -0.3 -1.5
3 0.3 -1.5
1 -4.3512 -1.12923
1 0.0179125 -1.09622
1 3.87259 -1.21
1 5.22046 -1.36892
0 -4.51873 1.55763
0 -0.168095 1.24503
0 3.68914 1.01989
1 3.25819 -5.7012
0 2.0095 -7.26597
762
0 -1.72998 1.00769
0 1.11333 1.2409
0 4.80645 1.05907
1 0.526343 -7.02383
1 -0.902529 -5.63386
3 0.3 1.5
3 -0.3 1.5
3 -0.3 -1.5
3 0.3 -1.5
1 -4.3492 -1.13014
1 0.00824369 -1.09448
1 3.87253 -1.21001
1 5.23001 -1.37024
0 -4.51879 1.55761
0 -0.168145 1.24502
0 3.68909 1.01988
1 3.25817 -5.70121
0 2.00774 -7.26478
766
0 -1.72992 1.00769
0 1.11344 1.24092
0 4.80655 1.0591
1 0.526556 -7.02388
1 -0.927545 -5.61385
3 0.3 1.5
3 -0.3 1.5
3 -0.3 -1.5
3 0.3 -1.5
1 -4.34905 -1.13018
1 0.00682912 -1.09415
1 3.87264 -1.20999
1 5.23013 -1.37023
0 -4.51828 1.55788
0 -0.165786 1.24584
0 3.69056 1.01938
1 3.25826 -5.70119
0 2.01606 -7.27183
770
0 -1.72996 1.0078
0 1.11543 1.24708
0 4.80653 1.05917
1 0.526603 -7.02409
1 -0.927516 -5.61402
3 0.3 1.5
3 -0.3 1.5
3 -0.3 -1.5
3 0.3 -1.5
1 -4.34906 -1.13016
1 0.00683291 -1.09415
1 3.87263 -1.20994
1 5.23014 -1.37026
0 -4.51828 1.55791
0 -0.165787 1.24585
0 3.69262 1.019
1 3.25823 -5.70112
0 2.01605 -7.27185
774
0 -1.73 1.0078
0 1.11535 1.24708
0 4.80647 1.05917
1 0.526495 -7.02407
1 -0.885234 -5.65294
3 0.3 1.5
3 -0.3 1.5
3 -0.3 -1.5
3 0.3 -1.5
1 -4.34949 -1.12997
1 0.00827279 -1.09466
1 3.87045 -1.20873
1 5.23007 -1.37026
0 -4.51834 1.55791
0 -0.165837 1.24585
0 3.69256 1.019
1 3.26855 -5.70736
0 2.01597 -7.27185
778
1 1.58253 -4.72991
0 -1.73008 1.0079
0 1.10162 1.25127
0 4.80639 1.05922
1 0.526335 -7.02413
1 -0.883581 -5.65408
3 0.3 1.5
3 -0.3 1.5
3 -0.3 -1.5
3 0.3 -1.5
1 -4.34964 -1.12993
1 0.00792688 -1.09458
1 3.87036 -1.20873
1 5.22999 -1.37027
0 -4.51781 1.55827
0 -0.165892 1.24588
0 3.69374 1.01912
1 3.26845 -5.70734
0 2.01894 -7.2746
782
1 1.58212 -4.72999
0 -1.73007 1.00788
0 1.10158 1.25125
0 4.80687 1.05875
1 0.526258 -7.02414
1 -0.883719 -5.6541
3 0.3 1.5
3 -0.3 1.5
3 -0.3 -1.5
3 0.3 -1.5
1 -4.34966 -1.12995
1 0.00789937 -1.09459
1 3.87034 -1.20874
1 5.22997 -1.37028
0 -4.51735 1.55856
0 -0.165892 1.24606
0 3.69371 1.01911
1 3.26844 -5.70735
0 2.01891 -7.27462
786
1 1.58333 -4.72964
0 -1.73 1.0079
0 1.10181 1.25129
0 4.80706 1.05876
1 0.51547 -7.01151
1 -0.881136 -5.65952
3 0.3 1.5
3 -0.3 1.5
3 -0.3 -1.5
3 0.3 -1.5
1 -4.35016 -1.12968
1 0.0068328 -1.09429
1 3.87051 -1.20872
1 5.21494 -1.36877
0 -4.51719 1.55861
0 -0.165761 1.24609
0 3.69388 1.01914
1 3.26445 -5.7039
0 2.01906 -7.27473
790
1 1.58685 -4.73097
0 -1.73001 1.0079
0 1.08703 1.2539
0 4.83094 1.0519
1 0.516377 -7.01176
1 -0.879584 -5.66021
3 0.3 1.5
3 -0.3 1.5
3 -0.3 -1.5
3 0.3 -1.5
1 -4.34981 -1.12982
1 0.00720043 -1.09443
1 3.87079 -1.2088
1 5.21533 -1.36891
0 -4.51861 1.55765
0 -0.163068 1.24648
0 3.67938 1.01818
1 3.26471 -5.70402
0 2.01943 -7.27487
794
1 1.58701 -4.73067
0 -1.72998 1.0079
0 1.0871 1.25394
0 4.83102 1.05194
1 0.522126 -7.01466
1 -0.879483 -5.66006
3 0.3 1.5
3 -0.3 1.5
3 -0.3 -1.5
3 0.3 -1.5
1 -4.3499 -1.12977
1 0.0061907 -1.09462
1 3.87163 -1.20806
1 5.21539 -1.3689
0 -4.51855 1.5577
0 -0.163016 1.2465
0 3.67945 1.01821
1 3.27589 -5.7099
0 2.01946 -7.27485
798
1 1.58483 -4.72979
0 -1.72996 1.00789
0 1.08678 1.25409
0 4.83071 1.05213
1 0.516451 -7.00637
1 -0.880407 -5.65961
3 0.3 1.5
3 -0.3 1.5
3 -0.3 -1.5
3 0.3 -1.5
1 -4.34961 -1.12996
1 0.00339797 -1.09398
1 3.87139 -1.20796
1 5.21691 -1.36944
0 -4.51755 1.55838
0 -0.161196 1.24692
0 3.68262 1.01851
1 3.2757 -5.70978
0 2.01923 -7.27476
802
1 1.58328 -4.72854
0 -1.72988 1.00772
0 1.10451 1.24784
0 4.83052 1.05234
1 0.515977 -7.00592
1 -0.881011 -5.65908
3 0.3 1.5
3 -0.3 1.5
3 -0.3 -1.5
3 0.3 -1.5
1 -4.34975 -1.12994
1 0.00323488 -1.09391
1 3.87127 -1.2079
1 5.21674 -1.3693
0 -4.51686 1.55883
0 -0.160587 1.24705
0 3.68242 1.01867
1 3.27564 -5.70971
0 2.01917 -7.27473
806
1 1.58314 -4.72847
0 -1.72983 1.00783
0 1.10881 1.25372
0 4.81911 1.05195
1 0.515893 -7.00586
1 -0.938583 -5.60911
3 0.3 1.5
3 -0.3 1.5
3 -0.3 -1.5
3 0.3 -1.5
1 -4.34885 -1.13027
1 0.00412347 -1.09387
1 3.87918 -1.2096
1 5.21678 -1.36923
0 -4.51647 1.55905
0 -0.16054 1.24713
0 3.68246 1.01873
1 3.27569 -5.70962
0 2.02527 -7.27953
810
1 1.58208 -4.72867
0 -1.72984 1.00789
0 1.09772 1.25697
0 4.83236 1.05291
1 0.515364 -7.00592
1 -0.9393 -5.60918
3 0.3 1.5
3 -0.3 1.5
3 -0.3 -1.5
3 0.3 -1.5
1 -4.34903 -1.13021
1 0.00393847 -1.09387
1 3.87899 -1.20964
1 5.21662 -1.36928
0 -4.51599 1.55926
0 -0.161081 1.24745
0 3.66731 1.0178
1 3.27552 -5.70965
0 2.02503 -7.27955
814
1 1.58218 -4.72879
0 -1.72984 1.00788
0 1.09776 1.25686
0 4.83239 1.05282
1 0.534476 -7.02442
1 -0.939227 -5.60929
3 0.3 1.5
3 -0.3 1.5
3 -0.3 -1.5
3 0.3 -1.5
1 -4.34963 -1.12995
1 0.00357581 -1.0937
1 3.87901 -1.20968
1 5.21663 -1.3693
0 -4.51627 1.55902
0 -0.159836 1.24799
0 3.67142 1.01777
1 3.28411 -5.71485
0 2.02505 -7.27958
818
1 1.58227 -4.72881
0 -1.72984 1.00788
0 1.09781 1.25686
0 4.83244 1.05281
1 0.534507 -7.02443
1 -0.939171 -5.6093
3 0.3 1.5
3 -0.3 1.5
3 -0.3 -1.5
3 0.3 -1.5
1 -4.34949 -1.13003
1 0.000833118 -1.09314
1 3.87903 -1.20969
1 5.21842 -1.36928
0 -4.51624 1.55903
0 -0.15981 1.24799
0 3.67146 1.01776
1 3.28412 -5.71486
0 2.02505 -7.27959
822
1 1.58218 -4.72888
0 -1.72984 1.00788
0 1.09778 1.2568
0 4.83241 1.05275
1 0.534448 -7.02447
1 -0.939233 -5.60934
3 0.3 1.5
3 -0.3 1.5
3 -0.3 -1.5
3 0.3 -1.5
1 -4.34913 -1.13022
1 0.00182109 -1.09327
1 3.87901 -1.20972
1 5.21775 -1.36923
0 -4.51663 1.55876
0 -0.156405 1.24887
0 3.6724 1.01754
1 3.28409 -5.71489
0 2.02502 -7.27961
826
1 1.5819 -4.72905
0 -1.72984 1.00788
0 1.09153 1.26165
0 4.82492 1.05248
1 0.534197 -7.02456
1 -0.939424 -5.60945
3 0.3 1.5
3 -0.3 1.5
3 -0.3 -1.5
3 0.3 -1.5
1 -4.34976 -1.12994
1 1.86352e-05 -1.09294
1 3.88454 -1.20938
1 5.22405 -1.36998
0 -4.51677 1.55863
0 -0.156449 1.24882
0 3.67236 1.01741
1 3.28788 -5.71657
0 2.01832 -7.27448
830
1 1.5817 -4.72894
0 -1.72984 1.00788
0 1.07413 1.25357
0 4.82479 1.05261
1 0.534155 -7.02451
1 -0.939554 -5.60934
3 0.3 1.5
3 -0.3 1.5
3 -0.3 -1.5
3 0.3 -1.5
1 -4.34982 -1.12994
1 -5.34829e-05 -1.09291
1 3.88449 -1.20933
1 5.22397 -1.36987
0 -4.51628 1.55895
0 -0.156511 1.24886
0 3.67225 1.0175
1 3.28785 -5.71653
0 2.01829 -7.27445
834
1 1.89147 -8.35065
1 1.58142 -4.72898
0 -1.72986 1.00788
0 1.07385 1.2533
0 4.83833 1.05451
1 0.534013 -7.02453
1 -0.939756 -5.60934
3 0.3 1.5
3 -0.3 1.5
3 -0.3 -1.5
3 0.3 -1.5
1 -4.35017 -1.12981
1 -0.000794529 -1.09271
1 3.8844 -1.20935
1 5.21768 -1.36822
0 -4.51532 1.55959
0 -0.155538 1.24896
0 3.67215 1.01748
1 3.28154 -5.71346
0 2.0182 -7.27445
838
1 1.89026 -8.35287
1 1.58116 -4.72907
0 -1.72986 1.00788
0 1.07446 1.25777
0 4.83823 1.05435
1 0.533816 -7.02457
1 -0.939933 -5.60937
3 0.3 1.5
3 -0.3 1.5
3 -0.3 -1.5
3 0.3 -1.5
1 -4.35026 -1.12979
1 -0.000874043 -1.09273
1 3.88433 -1.20939
1 5.21759 -1.36834
0 -4.51477 1.55989
0 -0.155274 1.24941
0 3.65666 1.01596
1 3.28144 -5.71353
0 2.01809 -7.27447
842
1 1.89269 -8.3519
1 1.58135 -4.72905
0 -1.72986 1.00788
0 1.07478 1.25791
0 4.83838 1.05442
1 0.508727 -7.00397
1 -0.939825 -5.60937
3 0.3 1.5
3 -0.3 1.5
3 -0.3 -1.5
3 0.3 -1.5
1 -4.3506 -1.12965
1 -0.00336193 -1.09225
1 3.88437 -1.20936
1 5.21768 -1.36829
0 -4.51465 1.55994
0 -0.155207 1.24945
0 3.6568 1.01602
1 3.28152 -5.71349
0 2.01813 -7.27446
846
1 1.87835 -8.33865
1 1.58151 -4.72904
0 -1.72986 1.00788
0 1.07505 1.25802
0 4.8385 1.05448
1 0.508148 -7.00559
1 -0.939728 -5.60938
3 0.3 1.5
3 -0.3 1.5
3 -0.3 -1.5
3 0.3 -1.5
1 -4.35034 -1.12979
1 -0.0070464 -1.09142
1 3.88013 -1.20933
1 5.21777 -1.36826
0 -4.51454 1.55999
0 -0.15514 1.24948
0 3.65693 1.01608
1 3.28159 -5.71347
0 2.01241 -7.26979
850
1 1.92132 -8.38075
1 1.58156 -4.72909
0 -1.72986 1.00788
0 1.07516 1.25795
0 4.83858 1.05442
1 0.508218 -7.00567
1 -0.939691 -5.6094
3 0.3 1.5
3 -0.3 1.5
3 -0.3 -1.5
3 0.3 -1.5
1 -4.35111 -1.12946
1 -0.00952207 -1.09099
1 3.88655 -1.20916
1 5.21842 -1.36818
0 -4.51411 1.56018
0 -0.1569 1.24969
0 3.6385 1.01327
1 3.28162 -5.7135
0 2.01244 -7.26983
854
1 1.95189 -8.41002
1 1.58162 -4.72909
0 -1.72986 1.00788
0 1.07525 1.25801
0 4.83862 1.05444
1 0.508283 -7.00562
1 -0.939657 -5.6094
3 0.3 1.5
3 -0.3 1.5
3 -0.3 -1.5
3 0.3 -1.5
1 -4.35058 -1.12972
1 -0.00817533 -1.09118
1 3.88661 -1.2091
1 5.21846 -1.36815
0 -4.51406 1.56022
0 -0.156863 1.24973
0 3.63857 1.01331
1 3.28163 -5.71349
0 2.00181 -7.26132
858
1 1.95288 -8.40843
1 1.58163 -4.72911
0 -1.72986 1.00788
0 1.07533 1.25808
0 4.83155 1.05395
1 0.512532 -7.01199
1 -0.939673 -5.60941
3 0.3 1.5
3 -0.3 1.5
3 -0.3 -1.5
3 0.3 -1.5
1 -4.34976 -1.13012
1 -0.00620976 -1.09158
1 3.88667 -1.20901
1 5.21849 -1.36812
0 -4.5143 1.56008
0 -0.154568 1.25028
0 3.63862 1.01337
1 3.28923 -5.71766
0 2.00182 -7.26127
862
1 1.95237 -8.40736
1 1.58145 -4.7291
1 1.9594 -1.22837
0 -1.73005 1.00775
0 1.07673 1.2626
0 4.8314 1.05403
1 0.517161 -7.01881
1 -0.9398 -5.60949
3 0.3 1.5
3 -0.3 1.5
3 -0.3 -1.5
3 0.3 -1.5
1 -4.35007 -1.12999
1 -0.00634053 -1.09152
1 3.88654 -1.20892
1 5.21752 -1.36839
0 -4.51372 1.56044
0 -0.154675 1.25032
0 3.63307 1.01317
1 3.29722 -5.72254
0 2.0017 -7.26124
866
1 1.94852 -8.41007
1 1.58075 -4.72969
1 1.95643 -1.22984
0 -1.72983 1.00769
0 1.07663 1.26208
0 4.8314 1.05333
1 0.516077 -7.0195
1 -0.92114 -5.63029
3 0.3 1.5
3 -0.3 1.5
3 -0.3 -1.5
3 0.3 -1.5
1 -4.34996 -1.13021
1 -0.00368441 -1.09246
1 3.88639 -1.20944
1 5.22088 -1.37025
0 -4.51374 1.56046
0 -0.161555 1.24962
0 3.62848 1.01241
1 3.31615 -5.71742
0 2.00129 -7.26156
870
1 1.94925 -8.41031
1 1.58078 -4.72971
1 1.95699 -1.23008
0 -1.72983 1.00769
0 1.07673 1.26204
0 4.83147 1.05328
1 0.516188 -7.01956
1 -0.921047 -5.63034
3 0.3 1.5
3 -0.3 1.5
3 -0.3 -1.5
3 0.3 -1.5
1 -4.34988 -1.13023
1 -0.00361689 -1.09249
1 3.88645 -1.20948
1 5.22096 -1.3703
0 -4.51423 1.56012
0 -0.161999 1.24938
0 3.62602 1.01282
1 3.31622 -5.71747
0 2.00131 -7.26159
874
1 1.93698 -8.39573
1 1.58086 -4.7297
1 1.9576 -1.22967
0 -1.72983 1.00769
0 1.07686 1.26211
0 4.83155 1.05332
1 0.516367 -7.01946
1 -0.923164 -5.62795
3 0.3 1.5
3 -0.3 1.5
3 -0.3 -1.5
3 0.3 -1.5
1 -4.35028 -1.13005
1 -0.00428731 -1.09249
1 3.88653 -1.20944
1 5.23042 -1.37181
0 -4.51414 1.56017
0 -0.161908 1.24944
0 3.62616 1.01291
1 3.31633 -5.71737
0 2.00137 -7.26157
878
1 1.93612 -8.39607
1 1.58086 -4.7297
1 1.9572 -1.22985
0 -1.7298 1.00768
0 1.07682 1.26205
0 4.82391 1.05268
1 0.510401 -7.01221
1 -0.923363 -5.62804
3 0.3 1.5
3 -0.3 1.5
3 -0.3 -1.5
3 0.3 -1.5
1 -4.35139 -1.12958
1 -0.00545703 -1.09235
1 3.89246 -1.2093
1 5.23033 -1.37191
0 -4.51372 1.56037
0 -0.159911 1.25011
0 3.62611 1.01285
1 3.31306 -5.71545
0 2.00132 -7.2616
882
1 1.93629 -8.39622
1 1.58086 -4.7297
1 1.9572 -1.22985
0 -1.7298 1.00768
0 1.07686 1.26203
0 4.82396 1.05263
1 0.510415 -7.01225
1 -0.92333 -5.62808
3 0.3 1.5
3 -0.3 1.5
3 -0.3 -1.5
3 0.3 -1.5
1 -4.35184 -1.1294
1 -0.00652632 -1.09213
1 3.89612 -1.20876
1 5.23543 -1.37239
0 -4.51368 1.56037
0 -0.159878 1.25009
0 3.62615 1.01282
1 3.31307 -5.71549
0 2.00131 -7.26162
886
1 1.93637 -8.39669
1 1.58086 -4.7297
1 1.9572 -1.22985
0 -1.7298 1.00768
0 1.0739 1.26605
0 4.82093 1.05215
1 0.510353 -7.01235
1 -0.923357 -5.6282
3 0.3 1.5
3 -0.3 1.5
3 -0.3 -1.5
3 0.3 -1.5
1 -4.35183 -1.1294
1 -0.00652103 -1.09216
1 3.89613 -1.20884
1 5.23545 -1.37252
0 -4.51363 1.56036
0 -0.163564 1.24971
0 3.62831 1.01293
1 3.31305 -5.71554
0 2.00124 -7.2616
890
1 1.93562 -8.39638
1 1.58062 -4.72977
1 1.95706 -1.23
0 -1.7298 1.00768
0 1.07378 1.26612
0 4.8208 1.05225
1 0.510205 -7.01225
1 -0.923523 -5.62809
3 0.3 1.5
3 -0.3 1.5
3 -0.3 -1.5
3 0.3 -1.5
1 -4.35267 -1.129
1 -0.0103554 -1.09141
1 3.89683 -1.20907
1 5.23532 -1.37242
0 -4.5128 1.56086
0 -0.16883 1.24861
0 3.62092 1.01255
1 3.31296 -5.71548
0 2.00015 -7.26101
894
1 1.93683 -8.39679
1 1.58059 -4.72973
1 1.95779 -1.23023
0 -1.7298 1.00768
0 1.06444 1.26843
0 4.81347 1.05132
1 0.510392 -7.01233
1 -0.92328 -5.62819
3 0.3 1.5
3 -0.3 1.5
3 -0.3 -1.5
3 0.3 -1.5
1 -4.35249 -1.12902
1 -0.0101784 -1.09146
1 3.89705 -1.2092
1 5.23551 -1.37251
0 -4.51406 1.56002
0 -0.168643 1.24855
0 3.62116 1.01246
1 3.31307 -5.71551
0 2.00021 -7.26104
898
1 1.93766 -8.39647
1 1.58059 -4.72973
1 1.95818 -1.23008
0 -1.7298 1.00768
0 1.06462 1.26858
0 4.81366 1.05151
1 0.510603 -7.01225
1 -0.923059 -5.62811
3 0.3 1.5
3 -0.3 1.5
3 -0.3 -1.5
3 0.3 -1.5
1 -4.35201 -1.12923
1 -0.0130317 -1.09091
1 3.8972 -1.20906
1 5.23938 -1.37358
0 -4.51394 1.56009
0 -0.16854 1.24862
0 3.62129 1.01256
1 3.31226 -5.71626
0 1.99073 -7.25331
902
1 1.93787 -8.39637
1 1.58059 -4.72973
1 1.95818 -1.23008
0 -1.7298 1.00768
0 1.05501 1.27042
0 4.81373 1.05161
1 0.510597 -7.01219
1 -0.923033 -5.62805
3 0.3 1.5
3 -0.3 1.5
3 -0.3 -1.5
3 0.3 -1.5
1 -4.35159 -1.12939
1 -0.0115899 -1.09108
1 3.88598 -1.20801
1 5.23944 -1.37351
0 -4.5144 1.55979
0 -0.168501 1.24868
0 3.60698 1.01051
1 3.31231 -5.71617
0 1.99073 -7.25323
906
1 1.93775 -8.39643
1 1.58059 -4.72973
1 1.95818 -1.23008
0 -1.7298 1.00768
0 1.05498 1.27038
0 4.81342 1.05126
1 0.510566 -7.01221
1 -0.923059 -5.62806
3 0.3 1.5
3 -0.3 1.5
3 -0.3 -1.5
3 0.3 -1.5
1 -4.35221 -1.12915
1 -0.0132662 -1.0908
1 3.88596 -1.20805
1 5.23942 -1.37355
0 -4.51397 1.56003
0 -0.166969 1.24924
0 3.60697 1.01048
1 3.32079 -5.721
0 1.99071 -7.25326
910
1 1.93801 -8.3964
1 1.58059 -4.72973
1 1.95818 -1.23008
0 -1.7298 1.00768
0 1.0551 1.27041
0 4.81354 1.0513
1 0.51062 -7.01221
1 -0.922995 -5.62805
3 0.3 1.5
3 -0.3 1.5
3 -0.3 -1.5
3 0.3 -1.5
1 -4.35233 -1.12909
1 -0.0196924 -1.08972
1 3.88527 -1.20834
1 5.23949 -1.37353
0 -4.5139 1.56005
0 -0.166906 1.24926
0 3.60705 1.01049
1 3.3284 -5.72512
0 1.99242 -7.25461
914
1 1.93837 -8.3964
1 1.58059 -4.72973
1 1.95818 -1.23008
0 -1.7298 1.00768
0 1.05528 1.27043
0 4.81372 1.05131
1 0.51067 -7.01222
1 -0.922923 -5.62805
3 0.3 1.5
3 -0.3 1.5
3 -0.3 -1.5
3 0.3 -1.5
1 -4.35176 -1.12936
1 -0.022354 -1.08918
1 3.88545 -1.20831
1 5.23958 -1.37354
0 -4.51459 1.55956
0 -0.16543 1.2497
0 3.61138 1.01069
1 3.32855 -5.72508
0 1.99638 -7.25819
918
1 1.93795 -8.3963
1 1.58059 -4.72973
1 1.95818 -1.23008
0 -1.7298 1.00768
0 1.05509 1.27051
0 4.80856 1.05082
1 0.510581 -7.01219
1 -0.923023 -5.62802
3 0.3 1.5
3 -0.3 1.5
3 -0.3 -1.5
3 0.3 -1.5
1 -4.35189 -1.1293
1 -0.0214361 -1.08946
1 3.87537 -1.20762
1 5.23947 -1.37349
0 -4.51429 1.55976
0 -0.162459 1.25033
0 3.61121 1.01078
1 3.32411 -5.72233
0 1.98604 -7.24985
922
1 1.93777 -8.39634
1 1.58059 -4.72973
1 1.95818 -1.23008
0 -1.7298 1.00768
0 1.05504 1.27049
0 4.80005 1.05
1 0.510526 -7.01221
1 -0.923073 -5.62803
3 0.3 1.5
3 -0.3 1.5
3 -0.3 -1.5
3 0.3 -1.5
1 -4.35195 -1.12931
1 -0.0214995 -1.08948
1 3.87529 -1.20764
1 5.23944 -1.37352
0 -4.51421 1.55978
0 -0.160465 1.25097
0 3.61117 1.01076
1 3.32404 -5.72235
0 1.98596 -7.24987
926
1 1.93786 -8.39632
1 1.58059 -4.72973
1 1.95818 -1.23008
0 -1.7298 1.00768
0 1.05509 1.27051
0 4.80013 1.05009
1 0.510545 -7.01221
1 -0.92305 -5.62803
3 0.3 1.5
3 -0.3 1.5
3 -0.3 -1.5
3 0.3 -1.5
1 -4.35188 -1.12935
1 -0.0199077 -1.08974
1 3.87535 -1.20759
1 5.23912 -1.37372
0 -4.51416 1.55983
0 -0.160423 1.25101
0 3.61121 1.01078
1 3.33276 -5.72728
0 1.986 -7.24981
930
1 1.93801 -8.39634
1 1.58054 -4.72976
1 1.88026 -1.26841
0 -1.72999 1.00772
0 1.05508 1.2705
0 4.80015 1.05014
1 0.51058 -7.01222
1 -0.923036 -5.6281
3 0.3 1.5
3 -0.3 1.5
3 -0.3 -1.5
3 0.3 -1.5
1 -4.35159 -1.12946
1 -0.0198898 -1.08973
1 3.87537 -1.20756
1 5.23912 -1.37371
0 -4.51495 1.55929
0 -0.159684 1.25132
0 3.61453 1.01059
1 3.3328 -5.72725
0 1.98603 -7.24981
934
1 1.93803 -8.39634
1 1.58054 -4.72976
1 1.88015 -1.26859
0 -1.72999 1.0077
0 1.05507 1.27048
0 4.79044 1.04933
1 0.510596 -7.01223
1 -0.923025 -5.62811
3 0.3 1.5
3 -0.3 1.5
3 -0.3 -1.5
3 0.3 -1.5
1 -4.3519 -1.12934
1 -0.0184155 -1.08999
1 3.87536 -1.20758
1 5.23922 -1.37369
0 -4.51467 1.55941
0 -0.159947 1.25169
0 3.61451 1.01057
1 3.32663 -5.72498
0 1.98603 -7.24983
938
1 1.93808 -8.3963
1 1.58054 -4.72976
1 1.88021 -1.26837
0 -1.73 1.00772
0 1.05506 1.27051
0 4.79044 1.04941
1 0.510616 -7.0122
1 -0.923012 -5.62809
3 0.3 1.5
3 -0.3 1.5
3 -0.3 -1.5
3 0.3 -1.5
1 -4.3519 -1.1293
1 -0.0184095 -1.08995
1 3.87536 -1.20754
1 5.23923 -1.37365
0 -4.51532 1.55897
0 -0.161849 1.25134
0 3.61758 1.0104
1 3.32665 -5.72492
0 1.98605 -7.24979
942
1 1.93775 -8.39622
1 1.58054 -4.72976
1 1.87968 -1.26856
0 -1.73006 1.00785
0 1.05292 1.2765
0 4.79025 1.04946
1 0.51047 -7.01212
1 -0.923133 -5.62802
3 0.3 1.5
3 -0.3 1.5
3 -0.3 -1.5
3 0.3 -1.5
1 -4.35204 -1.12922
1 -0.0185522 -1.08988
1 3.87523 -1.20746
1 5.2391 -1.3736
0 -4.51536 1.55898
0 -0.161978 1.25137
0 3.62357 1.00995
1 3.32649 -5.72488
0 1.98591 -7.24972
946
1 1.93781 -8.3962
1 1.58054 -4.72976
1 1.87977 -1.26862
0 -1.73007 1.00786
0 1.05294 1.27648
0 4.79027 1.04947
1 0.510488 -7.01211
1 -0.923116 -5.62802
3 0.3 1.5
3 -0.3 1.5
3 -0.3 -1.5
3 0.3 -1.5
1 -4.35258 -1.12895
1 -0.0200178 -1.08968
1 3.87524 -1.20745
1 5.23911 -1.37359
0 -4.51534 1.55896
0 -0.161965 1.25137
0 3.62359 1.00994
1 3.32651 -5.72488
0 1.96781 -7.23484
950
1 1.93782 -8.39622
1 1.58054 -4.72976
1 1.87996 -1.26865
0 -1.73006 1.00787
0 1.05301 1.27647
0 4.78661 1.04977
1 0.510487 -7.01211
1 -0.923113 -5.62801
3 0.3 1.5
3 -0.3 1.5
3 -0.3 -1.5
3 0.3 -1.5
1 -4.35288 -1.12878
1 -0.0209176 -1.0895
1 3.86945 -1.20724
1 5.23914 -1.3736
0 -4.51565 1.55868
0 -0.167845 1.25049
0 3.62365 1.00993
1 3.32654 -5.72489
0 1.96784 -7.23485
954
1 1.93803 -8.39612
1 1.58054 -4.72976
1 1.88058 -1.2687
0 -1.7301 1.00791
0 1.05177 1.27843
0 4.78682 1.04982
1 0.51054 -7.01205
1 -0.923066 -5.62798
3 0.3 1.5
3 -0.3 1.5
3 -0.3 -1.5
3 0.3 -1.5
1 -4.35287 -1.12873
1 -0.0185881 -1.08996
1 3.86957 -1.20719
1 5.2392 -1.37354
0 -4.51632 1.55823
0 -0.167717 1.2505
0 3.62378 1.00994
1 3.33176 -5.72956
0 1.96798 -7.23483
958
1 1.93807 -8.39608
1 1.58054 -4.72976
1 1.88045 -1.26866
0 -1.73011 1.0079
0 1.05169 1.27846
0 4.79727 1.05088
1 0.510564 -7.01204
1 -0.923053 -5.62797
3 0.3 1.5
3 -0.3 1.5
3 -0.3 -1.5
3 0.3 -1.5
1 -4.35269 -1.12879
1 -0.0180519 -1.09012
1 3.86954 -1.20717
1 5.23436 -1.37263
0 -4.51677 1.5579
0 -0.166027 1.25099
0 3.62374 1.00996
1 3.33951 -5.73544
0 1.96797 -7.23482
962
1 1.93807 -8.39607
1 1.58054 -4.72976
1 1.88031 -1.26866
0 -1.73011 1.0079
0 1.05163 1.27846
0 4.79719 1.05089
1 0.51057 -7.01204
1 -0.923052 -5.62797
3 0.3 1.5
3 -0.3 1.5
3 -0.3 -1.5
3 0.3 -1.5
1 -4.35229 -1.12896
1 -0.0155602 -1.09069
1 3.87059 -1.20707
1 5.23433 -1.37262
0 -4.51683 1.5579
0 -0.166073 1.25099
0 3.6237 1.00997
1 3.34227 -5.73709
0 1.96795 -7.23481
966
1 1.93788 -8.39618
1 1.58054 -4.72976
1 1.88005 -1.26873
0 -1.73008 1.00786
0 1.05154 1.27841
0 4.80704 1.05189
1 0.510501 -7.01209
1 -0.923108 -5.628
3 0.3 1.5
3 -0.3 1.5
3 -0.3 -1.5
3 0.3 -1.5
1 -4.35239 -1.12895
1 -0.0156485 -1.09072
1 3.8705 -1.20713
1 5.23427 -1.3727
0 -4.51687 1.55775
0 -0.167899 1.25136
0 3.62365 1.00991
1 3.34211 -5.73714
0 1.96786 -7.23486
970
1 1.93784 -8.39607
1 1.58054 -4.72976
1 1.87998 -1.26865
0 -1.73014 1.00793
0 1.04085 1.28034
0 4.81094 1.05248
1 0.510469 -7.01203
1 -0.923137 -5.62796
3 0.3 1.5
3 -0.3 1.5
3 -0.3 -1.5
3 0.3 -1.5
1 -4.35206 -1.12903
1 -0.0143302 -1.09133
1 3.87496 -1.2074
1 5.23422 -1.37262
0 -4.51729 1.55749
0 -0.167955 1.25141
0 3.6236 1.00997
1 3.34701 -5.7413
0 1.96783 -7.23479
974
1 1.93794 -8.39601
1 1.58054 -4.72976
1 1.87989 -1.26861
0 -1.73015 1.00792
0 1.04077 1.28036
0 4.80741 1.05249
1 0.510522 -7.01201
1 -0.923101 -5.62795
3 0.3 1.5
3 -0.3 1.5
3 -0.3 -1.5
3 0.3 -1.5
1 -4.35256 -1.12875
1 -0.0116817 -1.09191
1 3.87015 -1.20678
1 5.2342 -1.37258
0 -4.51783 1.55705
0 -0.171132 1.25116
0 3.62356 1.01
1 3.35354 -5.74635
0 1.97374 -7.24002
978
1 1.9378 -8.396
1 1.58054 -4.72976
1 1.87994 -1.26865
0 -1.73019 1.00798
0 1.03345 1.28237
0 4.81863 1.0532
1 0.510441 -7.01198
1 -0.923162 -5.62792
3 0.3 1.5
3 -0.3 1.5
3 -0.3 -1.5
3 0.3 -1.5
1 -4.35254 -1.12874
1 -0.0116662 -1.09192
1 3.8702 -1.20685
1 5.23419 -1.37258
0 -4.51816 1.55683
0 -0.171085 1.25113
0 3.62357 1.01
1 3.35355 -5.74641
0 1.97371 -7.24003
982
1 1.93761 -8.39606
1 1.58054 -4.72976
1 1.7042 -1.28703
0 -1.73029 1.00792
0 1.02298 1.28388
0 4.82213 1.05359
1 0.510325 -7.01198
1 -0.923268 -5.62797
3 0.3 1.5
3 -0.3 1.5
3 -0.3 -1.5
3 0.3 -1.5
1 -4.35257 -1.12871
1 -0.0116831 -1.0919
1 3.87022 -1.20682
1 5.23124 -1.37202
0 -4.51872 1.55643
0 -0.171066 1.25115
0 3.62355 1.00998
1 3.35355 -5.7464
0 1.97365 -7.24003
986
1 1.93763 -8.39599
1 1.58023 -4.72944
1 1.54584 -1.27908
0 -1.73039 1.00788
0 1.01675 1.28493
0 4.83122 1.05454
1 0.510316 -7.01194
1 -0.923297 -5.62798
3 0.3 1.5
3 -0.3 1.5
3 -0.3 -1.5
3 0.3 -1.5
1 -4.35276 -1.12858
1 -0.0117236 -1.09186
1 3.87019 -1.20675
1 5.2312 -1.37196
0 -4.51923 1.55606
0 -0.171109 1.25118
0 3.6235 1.01002
1 3.35358 -5.748
0 1.97363 -7.24
990
1 1.93783 -8.3959
1 1.58028 -4.72938
1 1.50786 -1.28841
0 -1.73044 1.00781
0 1.01676 1.285
0 4.83124 1.05467
1 0.510398 -7.01191
1 -0.923244 -5.62801
3 0.3 1.5
3 -0.3 1.5
3 -0.3 -1.5
3 0.3 -1.5
1 -4.35309 -1.1284
1 -0.0117214 -1.09185
1 3.8702 -1.20668
1 5.22947 -1.37147
0 -4.51924 1.55603
0 -0.171126 1.25119
0 3.62347 1.01005
1 3.36063 -5.75348
0 1.98184 -7.24728
994
1 1.93798 -8.39584
1 1.58028 -4.72938
1 1.50632 -1.2873
0 -1.73044 1.00781
0 1.01788 1.28703
0 4.86341 1.0509
1 0.510471 -7.01192
1 -0.923185 -5.62803
3 0.3 1.5
3 -0.3 1.5
3 -0.3 -1.5
3 0.3 -1.5
1 -4.35318 -1.12839
1 -0.0117583 -1.09185
1 3.87012 -1.20663
1 5.22939 -1.37139
0 -4.51932 1.55594
0 -0.169615 1.25165
0 3.62345 1.01007
1 3.36053 -5.75339
0 1.98181 -7.24724
998
1 1.93796 -8.39585
1 1.58028 -4.72938
1 1.50482 -1.2872
0 -1.73044 1.00781
0 1.01757 1.28703
0 4.86922 1.05158
1 0.510474 -7.01193
1 -0.923184 -5.62803
3 0.3 1.5
3 -0.3 1.5
3 -0.3 -1.5
3 0.3 -1.5
1 -4.35369 -1.12815
1 -0.0106096 -1.0922
1 3.87598 -1.20713
1 5.2293 -1.37139
0 -4.51927 1.55593
0 -0.170029 1.25186
0 3.62342 1.01006
1 3.36721 -5.75751
0 1.98174 -7.24725
1002
1 1.93775 -8.39584
1 1.58028 -4.72938
1 1.50354 -1.28729
0 -1.73044 1.00781
0 1.01081 1.28934
0 4.8781 1.05242
1 0.510374 -7.0119
1 -0.92326 -5.62801
3 0.3 1.5
3 -0.3 1.5
3 -0.3 -1.5
3 0.3 -1.5
1 -4.35384 -1.12809
1 -0.0107182 -1.09217
1 3.87582 -1.20713
1 5.22918 -1.37139
0 -4.51888 1.55619
0 -0.170156 1.25188
0 3.62337 1.01007
1 3.36699 -5.75752
0 1.9816 -7.24723
1006
1 1.93756 -8.39583
1 1.58028 -4.72938
1 1.50224 -1.28705
0 -1.73044 1.00781
0 1.00097 1.29076
0 4.88462 1.05321
1 0.510291 -7.01188
1 -0.923321 -5.62799
3 0.3 1.5
3 -0.3 1.5
3 -0.3 -1.5
3 0.3 -1.5
1 -4.354 -1.12805
1 -0.00946332 -1.09252
1 3.87602 -1.20691
1 5.22907 -1.37138
0 -4.51783 1.55691
0 -0.170284 1.25192
0 3.62333 1.01008
1 3.36677 -5.75749
0 1.98147 -7.2472
1010
1 1.93765 -8.39569
1 1.58028 -4.72938
1 1.50268 -1.28659
0 -1.73044 1.00781
0 0.994778 1.29277
0 4.89131 1.05411
1 0.510319 -7.01181
1 -0.923301 -5.62794
3 0.3 1.5
3 -0.3 1.5
3 -0.3 -1.5
3 0.3 -1.5
1 -4.35443 -1.12779
1 -0.00742756 -1.09324
1 3.87694 -1.20673
1 5.22907 -1.37126
0 -4.51787 1.55688
0 -0.170286 1.25201
0 3.6233 1.01015
1 3.37337 -5.76255
0 1.98797 -7.25322
1014
1 1.93762 -8.39566
1 1.58028 -4.72938
1 1.50327 -1.28662
0 -1.73044 1.00781
0 0.999123 1.29481
0 4.89424 1.05443
1 0.510293 -7.01179
1 -0.923322 -5.62792
3 0.3 1.5
3 -0.3 1.5
3 -0.3 -1.5
3 0.3 -1.5
1 -4.35417 -1.12786
1 -0.00897971 -1.09308
1 3.87706 -1.20674
1 5.22576 -1.37071
0 -4.51868 1.55631
0 -0.170245 1.25202
0 3.6233 1.01017
1 3.37345 -5.76254
0 1.99436 -7.25916
1018
1 1.93776 -8.39559
1 1.58028 -4.72938
1 1.50354 -1.28638
0 -1.73044 1.00781
0 0.999215 1.29499
0 4.89434 1.05467
1 0.510352 -7.01176
1 -0.923278 -5.62791
3 0.3 1.5
3 -0.3 1.5
3 -0.3 -1.5
3 0.3 -1.5
1 -4.35444 -1.12769
1 -0.006466 -1.094
1 3.88263 -1.20651
1 5.22578 -1.37063
0 -4.51865 1.55635
0 -0.170237 1.25205
0 3.62329 1.01021
1 3.3772 -5.76498
0 1.99489 -7.26009
1022
1 1.93773 -8.39563
1 1.58018 -4.72923
1 1.50345 -1.28652
0 -1.73053 1.00794
0 0.999206 1.29488
0 4.88794 1.05474
1 0.510333 -7.01178
1 -0.923289 -5.62792
3 0.3 1.5
3 -0.3 1.5
3 -0.3 -1.5
3 0.3 -1.5
1 -4.35483 -1.1275
1 -0.00802627 -1.09389
1 3.88776 -1.2065
1 5.22578 -1.37069
0 -4.51865 1.55625
0 -0.175386 1.25157
0 3.62331 1.01018
1 3.37716 -5.76512
0 2.00138 -7.26614
1026
1 1.93781 -8.39558
1 1.58018 -4.72923
1 1.50386 -1.28649
0 -1.73053 1.00794
0 0.999406 1.29489
0 4.8939 1.05524
1 0.510365 -7.01176
1 -0.923264 -5.6279
3 0.3 1.5
3 -0.3 1.5
3 -0.3 -1.5
3 0.3 -1.5
1 -4.35623 -1.1268
1 -0.00648181 -1.09426
1 3.89137 -1.20672
1 5.22583 -1.37066
0 -4.51954 1.5556
0 -0.175237 1.25159
0 3.62331 1.0102
1 3.37727 -5.76509
0 2.0082 -7.27228
1030
1 1.93784 -8.39559
1 1.5802 -4.7292
1 1.40164 -1.29054
0 -1.73056 1.00789
0 0.999393 1.29487
0 4.89389 1.05525
1 0.510379 -7.01176
1 -0.923262 -5.62793
3 0.3 1.5
3 -0.3 1.5
3 -0.3 -1.5
3 0.3 -1.5
1 -4.35682 -1.12653
1 -0.00648649 -1.09427
1 3.89138 -1.20669
1 5.22582 -1.37066
0 -4.51955 1.55557
0 -0.175249 1.25158
0 3.62329 1.01019
1 3.37727 -5.7651
0 2.00822 -7.27227
1034
1 1.93803 -8.39548
1 1.58028 -4.72914
1 1.40102 -1.28925
0 -1.7306 1.00787
0 0.999286 1.29499
0 4.89375 1.0555
1 0.510459 -7.01173
1 -0.923211 -5.62793
3 0.3 1.5
3 -0.3 1.5
3 -0.3 -1.5
3 0.3 -1.5
1 -4.35563 -1.12701
1 -0.00405348 -1.09517
1 3.89131 -1.20653
1 5.2258 -1.37057
0 -4.51964 1.55558
0 -0.175305 1.25162
0 3.62326 1.01024
1 3.37258 -5.76328
0 2.01618 -7.27902
1038
1 1.93792 -8.3956
1 1.58026 -4.72923
1 1.40005 -1.28924
0 -1.73054 1.00783
0 0.999145 1.29492
0 4.90768 1.05695
1 0.510424 -7.01179
1 -0.923232 -5.62796
3 0.3 1.5
3 -0.3 1.5
3 -0.3 -1.5
3 0.3 -1.5
1 -4.35578 -1.12699
1 -0.00416591 -1.09519
1 3.89114 -1.20659
1 5.22578 -1.37065
0 -4.51873 1.55605
0 -0.18235 1.25119
0 3.6233 1.01018
1 3.37237 -5.76334
0 2.01596 -7.27908
1042
1 1.9381 -8.3955
1 1.58033 -4.72918
1 1.40003 -1.28909
0 -1.73056 1.00783
0 0.999109 1.29497
0 4.90767 1.0569
1 0.510507 -7.01175
1 -0.923171 -5.62795
3 0.3 1.5
3 -0.3 1.5
3 -0.3 -1.5
3 0.3 -1.5
1 -4.35596 -1.12686
1 -0.00278311 -1.09574
1 3.89496 -1.20657
1 5.22578 -1.37058
0 -4.51876 1.55604
0 -0.182377 1.25122
0 3.62328 1.01022
1 3.37594 -5.76652
0 2.02349 -7.28539
1046
1 1.938 -8.39559
1 1.58033 -4.72918
1 1.39948 -1.28911
0 -1.73056 1.00783
0 0.999026 1.29492
0 4.91487 1.05755
1 0.510467 -7.01179
1 -0.923199 -5.62797
3 0.3 1.5
3 -0.3 1.5
3 -0.3 -1.5
3 0.3 -1.5
1 -4.35606 -1.12685
1 -0.00286913 -1.09576
1 3.89482 -1.20662
1 5.22576 -1.37065
0 -4.51863 1.55604
0 -0.183356 1.25162
0 3.6233 1.01018
1 3.37578 -5.76656
0 2.02332 -7.28543
1050
1 1.93793 -8.39553
1 1.58033 -4.72918
1 1.39964 -1.28895
0 -1.73056 1.00783
0 0.98906 1.29615
0 4.91493 1.05767
1 0.510429 -7.01175
1 -0.923225 -5.62794
3 0.3 1.5
3 -0.3 1.5
3 -0.3 -1.5
3 0.3 -1.5
1 -4.35678 -1.1265
1 -0.00202929 -1.09614
1 3.88846 -1.20655
1 5.22574 -1.3706
0 -4.51821 1.55631
0 -0.183327 1.25171
0 3.62328 1.01021
1 3.37373 -5.7653
0 2.02334 -7.28534
1054
1 1.93782 -8.39557
1 1.58033 -4.72918
1 1.42644 -1.3034
0 -1.73056 1.00783
0 0.993241 1.29817
0 4.91841 1.05828
1 0.510374 -7.01175
1 -0.923269 -5.62795
3 0.3 1.5
3 -0.3 1.5
3 -0.3 -1.5
3 0.3 -1.5
1 -4.35694 -1.12642
1 -0.001987 -1.09614
1 3.88916 -1.206
1 5.22574 -1.37063
0 -4.51845 1.55614
0 -0.183258 1.25171
0 3.62328 1.0102
1 3.37616 -5.76677
0 2.03088 -7.29164
1058
1 1.93778 -8.39551
1 1.58033 -4.72918
1 1.4266 -1.3035
0 -1.73056 1.00783
0 0.99633 1.30104
0 4.91845 1.0583
1 0.510351 -7.01171
1 -0.923288 -5.62791
3 0.3 1.5
3 -0.3 1.5
3 -0.3 -1.5
3 0.3 -1.5
1 -4.35693 -1.12639
1 -0.00198333 -1.0961
1 3.88919 -1.20599
1 5.22573 -1.37058
0 -4.51879 1.55592
0 -0.183246 1.25173
0 3.61052 1.00822
1 3.37619 -5.76675
0 2.03089 -7.29162
1062
1 1.93773 -8.39555
1 1.58033 -4.72918
1 1.42702 -1.30356
0 -1.73056 1.00783
0 0.996494 1.30101
0 4.92004 1.05885
1 0.510331 -7.01172
1 -0.923302 -5.62792
3 0.3 1.5
3 -0.3 1.5
3 -0.3 -1.5
3 0.3 -1.5
1 -4.35683 -1.12642
1 -0.00836329 -1.09505
1 3.8884 -1.20672
1 5.22575 -1.37061
0 -4.51893 1.55573
0 -0.185915 1.25164
0 3.61057 1.0082
1 3.37626 -5.76678
0 2.03095 -7.29163
1066
1 1.93777 -8.39552
1 1.58033 -4.72918
1 1.42697 -1.30335
0 -1.73056 1.00783
0 0.996463 1.30109
0 4.92632 1.05972
1 0.510348 -7.01171
1 -0.923288 -5.62791
3 0.3 1.5
3 -0.3 1.5
3 -0.3 -1.5
3 0.3 -1.5
1 -4.35724 -1.12624
1 -0.00769308 -1.0951
1 3.88838 -1.20663
1 5.22096 -1.37056
0 -4.51895 1.55573
0 -0.183358 1.25199
0 3.61056 1.00823
1 3.38185 -5.76992
0 2.03096 -7.29158
1070
1 1.93774 -8.39554
1 1.58033 -4.72918
1 1.42704 -1.30336
0 -1.73056 1.00783
0 0.996489 1.30108
0 4.92623 1.06015
1 0.510335 -7.01172
1 -0.923297 -5.62791
3 0.3 1.5
3 -0.3 1.5
3 -0.3 -1.5
3 0.3 -1.5
1 -4.35741 -1.12617
1 -0.00734451 -1.09515
1 3.8884 -1.20664
1 5.21513 -1.37044
0 -4.51904 1.55565
0 -0.181335 1.25252
0 3.61057 1.00823
1 3.38499 -5.7715
0 2.03545 -7.29539
1074
1 1.93766 -8.39559
1 1.58033 -4.72918
1 1.42719 -1.30347
0 -1.73056 1.00783
0 0.996557 1.30103
0 4.91838 1.05993
1 0.510298 -7.01174
1 -0.923327 -5.62792
3 0.3 1.5
3 -0.3 1.5
3 -0.3 -1.5
3 0.3 -1.5
1 -4.35737 -1.12619
1 -0.00730901 -1.09519
1 3.88845 -1.2067
1 5.21517 -1.3705
0 -4.51937 1.55538
0 -0.182727 1.25256
0 3.61059 1.00819
1 3.38501 -5.77157
0 2.03546 -7.29544
1078
1 1.93761 -8.39563
1 1.58033 -4.72918
1 1.37243 -1.30618
0 -1.73056 1.00783
0 0.9966 1.30104
0 4.92379 1.06079
1 0.510275 -7.01175
1 -0.923349 -5.62794
3 0.3 1.5
3 -0.3 1.5
3 -0.3 -1.5
3 0.3 -1.5
1 -4.35757 -1.1261
1 -0.00728098 -1.09517
1 3.88849 -1.20669
1 5.2205 -1.37102
0 -4.51951 1.55528
0 -0.181645 1.25277
0 3.61059 1.00819
1 3.38505 -5.77154
0 2.03548 -7.29542
1082
1 1.93755 -8.39562
1 1.58033 -4.72918
1 1.37272 -1.30621
0 -1.73056 1.00783
0 1.00079 1.30306
0 4.92707 1.06143
1 0.510239 -7.01173
1 -0.923379 -5.62793
3 0.3 1.5
3 -0.3 1.5
3 -0.3 -1.5
3 0.3 -1.5
1 -4.35739 -1.12617
1 -0.00669107 -1.09525
1 3.89317 -1.20774
1 5.22053 -1.37102
0 -4.51998 1.55498
0 -0.181592 1.25279
0 3.6106 1.00819
1 3.38805 -5.77294
0 2.04324 -7.30209
1086
1 1.93742 -8.39561
1 1.58033 -4.72918
1 1.37354 -1.30656
0 -1.73056 1.00783
0 0.995332 1.30423
0 4.92741 1.06125
1 0.510166 -7.01171
1 -0.923439 -5.62791
3 0.3 1.5
3 -0.3 1.5
3 -0.3 -1.5
3 0.3 -1.5
1 -4.35728 -1.12618
1 -0.00661311 -1.09527
1 3.89331 -1.2078
1 5.22062 -1.37108
0 -4.5211 1.55422
0 -0.181457 1.25275
0 3.61061 1.0082
1 3.38817 -5.773
0 2.04332 -7.30211
1090
1 1.90299 -8.35857
1 1.57999 -4.72921
1 1.37363 -1.3065
0 -1.73065 1.00794
0 0.995365 1.30426
0 4.92223 1.06131
1 0.510137 -7.01172
1 -0.923464 -5.62791
3 0.3 1.5
3 -0.3 1.5
3 -0.3 -1.5
3 0.3 -1.5
1 -4.35657 -1.1265
1 -0.00809625 -1.09495
1 3.89332 -1.2078
1 5.22661 -1.37219
0 -4.52182 1.55375
0 -0.179808 1.25304
0 3.61061 1.00819
1 3.39521 -5.7768
0 2.04331 -7.3021
1094
1 1.90296 -8.35841
1 1.57997 -4.7292
1 1.37363 -1.30638
0 -1.73065 1.00794
0 0.995357 1.30432
0 4.91629 1.06131
1 0.510125 -7.01171
1 -0.923476 -5.6279
3 0.3 1.5
3 -0.3 1.5
3 -0.3 -1.5
3 0.3 -1.5
1 -4.3569 -1.12633
1 -0.00782416 -1.09498
1 3.89633 -1.20835
1 5.2266 -1.37216
0 -4.52229 1.55344
0 -0.178513 1.25318
0 3.6106 1.0082
1 3.3952 -5.77676
0 2.05051 -7.30796
1098
1 1.90285 -8.35817
1 1.58001 -4.72917
1 1.37348 -1.30622
0 -1.73065 1.00794
0 0.9953 1.3044
0 4.91619 1.06147
1 0.510157 -7.01168
1 -0.923451 -5.62788
3 0.3 1.5
3 -0.3 1.5
3 -0.3 -1.5
3 0.3 -1.5
1 -4.35693 -1.12629
1 -0.00785338 -1.09492
1 3.89628 -1.20826
1 5.22658 -1.37209
0 -4.52233 1.55341
0 -0.179862 1.25302
0 3.59635 1.00607
1 3.39518 -5.77669
0 2.0505 -7.30789
1102
1 1.90224 -8.35814
1 1.57993 -4.7292
1 1.37294 -1.30623
0 -1.73065 1.00794
0 0.987647 1.30465
0 4.91008 1.06151
1 0.510073 -7.01169
1 -0.923515 -5.62788
3 0.3 1.5
3 -0.3 1.5
3 -0.3 -1.5
3 0.3 -1.5
1 -4.35708 -1.12623
1 -0.00798643 -1.09491
1 3.8961 -1.20828
1 5.22645 -1.37212
0 -4.52215 1.55347
0 -0.18122 1.25307
0 3.59625 1.00606
1 3.39499 -5.77672
0 2.0503 -7.30791
1106
1 1.90233 -8.35812
1 1.57995 -4.72917
1 1.37298 -1.30621
0 -1.73065 1.00794
0 0.987652 1.30467
0 4.9101 1.06154
1 0.510103 -7.01167
1 -0.923491 -5.62787
3 0.3 1.5
3 -0.3 1.5
3 -0.3 -1.5
3 0.3 -1.5
1 -4.35754 -1.12601
1 -0.00987782 -1.09458
1 3.89611 -1.20825
1 5.22246 -1.37226
0 -4.52215 1.55345
0 -0.181215 1.25307
0 3.59625 1.00608
1 3.39502 -5.7767
0 2.05034 -7.30789
1110
1 1.90269 -8.35792
1 1.61134 -4.74413
1 1.37332 -1.30604
0 -1.73067 1.008
0 0.987812 1.30479
0 4.91037 1.06178
1 0.510153 -7.01165
1 -0.923446 -5.62786
3 0.3 1.5
3 -0.3 1.5
3 -0.3 -1.5
3 0.3 -1.5
1 -4.35825 -1.12568
1 -0.00796041 -1.09491
1 3.89622 -1.20816
1 5.22267 -1.37321
0 -4.52201 1.55353
0 -0.18109 1.25316
0 3.5963 1.00613
1 3.39514 -5.77662
0 2.04778 -7.3059
1114
1 1.90263 -8.35786
1 1.61114 -4.74366
1 1.37327 -1.30602
0 -1.73067 1.008
0 0.987786 1.30481
0 4.91033 1.06183
1 0.510144 -7.01166
1 -0.923457 -5.62786
3 0.3 1.5
3 -0.3 1.5
3 -0.3 -1.5
3 0.3 -1.5
1 -4.35668 -1.12641
1 -0.00889853 -1.09477
1 3.8962 -1.20816
1 5.22369 -1.37359
0 -4.52203 1.55356
0 -0.181113 1.25319
0 3.59629 1.00614
1 3.39512 -5.77661
0 2.04776 -7.30587
1118
1 1.90276 -8.35768
1 1.61053 -4.74206
1 1.37322 -1.30591
0 -1.73067 1.008
0 0.990168 1.29958
0 4.91021 1.06207
1 0.510266 -7.01172
1 -0.923362 -5.62791
3 0.3 1.5
3 -0.3 1.5
3 -0.3 -1.5
3 0.3 -1.5
1 -4.35679 -1.12637
1 -0.00849095 -1.09479
1 3.89622 -1.20813
1 5.22227 -1.37279
0 -4.5222 1.55342
0 -0.181165 1.25324
0 3.59629 1.00614
1 3.40146 -5.77997
0 2.02789 -7.2901
1122
1 1.90258 -8.35761
1 1.60979 -4.74164
1 1.373 -1.30587
0 -1.73067 1.008
0 0.989924 1.29968
0 4.91 1.06214
1 0.510268 -7.01171
1 -0.923361 -5.62791
3 0.3 1.5
3 -0.3 1.5
3 -0.3 -1.5
3 0.3 -1.5
1 -4.35693 -1.12631
1 -0.00863178 -1.09472
1 3.89615 -1.2081
1 5.222 -1.37264
0 -4.5224 1.55328
0 -0.180085 1.25359
0 3.60064 1.006
1 3.40137 -5.77993
0 2.02774 -7.29002
1126
1 1.90322 -8.35758
1 1.6109 -4.74145
1 1.37369 -1.30583
0 -1.7302 1.0079
0 0.990612 1.29973
0 4.91067 1.06218
1 0.51068 -7.0117
1 -0.923001 -5.6279
3 0.3 1.5
3 -0.3 1.5
3 -0.3 -1.5
3 0.3 -1.5
1 -4.357 -1.12606
1 -0.00733006 -1.09489
1 3.89662 -1.20809
1 5.22169 -1.37331
0 -4.52281 1.5527
0 -0.182722 1.25298
0 3.60527 1.00629
1 3.40762 -5.78315
0 2.02827 -7.28998
1130
1 1.90331 -8.35753
1 1.6111 -4.74119
1 1.37377 -1.30579
0 -1.7302 1.0079
0 0.990669 1.29979
0 4.91073 1.06224
1 0.510698 -7.0117
1 -0.922987 -5.62789
3 0.3 1.5
3 -0.3 1.5
3 -0.3 -1.5
3 0.3 -1.5
1 -4.35705 -1.12604
1 -0.0055261 -1.0952
1 3.89721 -1.20877
1 5.22177 -1.3732
0 -4.52276 1.55274
0 -0.182675 1.25304
0 3.6053 1.00636
1 3.41458 -5.78705
0 2.03517 -7.29579
1134
1 1.90329 -8.35752
1 1.61113 -4.7409
1 1.37381 -1.30579
0 -1.7302 1.0079
0 0.990703 1.29985
0 4.90324 1.06139
1 0.510673 -7.01171
1 -0.923004 -5.62789
3 0.3 1.5
3 -0.3 1.5
3 -0.3 -1.5
3 0.3 -1.5
1 -4.35799 -1.12561
1 -0.00693918 -1.09497
1 3.89721 -1.20873
1 5.22178 -1.3731
0 -4.52291 1.55258
0 -0.18222 1.25319
0 3.60531 1.00643
1 3.41458 -5.78697
0 2.03516 -7.29571
1138
1 1.90331 -8.3574
1 1.61081 -4.74047
1 1.37372 -1.30569
0 -1.7302 1.0079
0 0.990563 1.29997
0 4.90307 1.0616
1 0.510721 -7.01169
1 -0.922968 -5.62789
3 0.3 1.5
3 -0.3 1.5
3 -0.3 -1.5
3 0.3 -1.5
1 -4.35763 -1.12579
1 -0.00495159 -1.09537
1 3.89713 -1.20859
1 5.22641 -1.37418
0 -4.52259 1.55285
0 -0.1803 1.25371
0 3.60983 1.00627
1 3.42102 -5.79033
0 2.03592 -7.29642
1142
1 1.90333 -8.35734
1 1.61073 -4.74022
1 1.37371 -1.30564
0 -1.7302 1.0079
0 0.99053 1.30005
0 4.90303 1.06171
1 0.510741 -7.01166
1 -0.922954 -5.62787
3 0.3 1.5
3 -0.3 1.5
3 -0.3 -1.5
3 0.3 -1.5
1 -4.3577 -1.12572
1 -0.00479186 -1.09533
1 3.89711 -1.20851
1 5.22807 -1.37421
0 -4.52284 1.55271
0 -0.184773 1.25263
0 3.60937 1.00592
1 3.42577 -5.79282
0 2.0359 -7.29628
1146
1 1.90328 -8.35734
1 1.61064 -4.74021
1 1.37367 -1.30564
0 -1.7302 1.0079
0 0.990498 1.30006
0 4.89923 1.06166
1 0.510722 -7.01166
1 -0.92297 -5.62787
3 0.3 1.5
3 -0.3 1.5
3 -0.3 -1.5
3 0.3 -1.5
1 -4.35774 -1.1257
1 -0.00483379 -1.09532
1 3.89708 -1.20851
1 5.22801 -1.3742
0 -4.52314 1.55251
0 -0.182388 1.25308
0 3.60933 1.00593
1 3.42572 -5.79282
0 2.03585 -7.29627
1150
1 1.90325 -8.35733
1 1.61055 -4.74005
1 1.37364 -1.30564
0 -1.7302 1.0079
0 0.990475 1.30008
0 4.89916 1.06177
1 0.510724 -7.01168
1 -0.92297 -5.62788
3 0.3 1.5
3 -0.3 1.5
3 -0.3 -1.5
3 0.3 -1.5
1 -4.35678 -1.12616
1 -0.00319264 -1.09552
1 3.89706 -1.20849
1 5.23244 -1.375
0 -4.52284 1.55274
0 -0.18519 1.25272
0 3.61355 1.00619
1 3.43117 -5.79594
0 2.0427 -7.30208
1154
1 1.90323 -8.35727
1 1.61063 -4.73998
1 1.37365 -1.30559
0 -1.7302 1.0079
0 0.987689 1.30214
0 4.89921 1.06184
1 0.510698 -7.01164
1 -0.92299 -5.62784
3 0.3 1.5
3 -0.3 1.5
3 -0.3 -1.5
3 0.3 -1.5
1 -4.35719 -1.12594
1 -0.00391004 -1.09532
1 3.90006 -1.20932
1 5.2325 -1.37493
0 -4.52298 1.55261
0 -0.185128 1.25277
0 3.6059 1.00549
1 3.42749 -5.79482
0 2.04849 -7.30682
1158
1 1.90332 -8.35723
1 1.61075 -4.73989
1 1.37369 -1.30555
0 -1.7302 1.0079
0 0.98773 1.30222
0 4.89925 1.06192
1 0.51073 -7.01163
1 -0.922967 -5.62784
3 0.3 1.5
3 -0.3 1.5
3 -0.3 -1.5
3 0.3 -1.5
1 -4.35723 -1.12591
1 -0.00167888 -1.09585
1 3.90407 -1.21012
1 5.23256 -1.37483
0 -4.52293 1.55265
0 -0.185081 1.25284
0 3.60595 1.0056
1 3.4224 -5.79226
0 2.05508 -7.3121
1162
1 1.90334 -8.35715
1 1.61073 -4.73982
1 1.37366 -1.30547
0 -1.7302 1.0079
0 0.980905 1.30261
0 4.8992 1.06202
1 0.510731 -7.01158
1 -0.92297 -5.62781
3 0.3 1.5
3 -0.3 1.5
3 -0.3 -1.5
3 0.3 -1.5
1 -4.35761 -1.12568
1 -0.000725043 -1.09615
1 3.90794 -1.2109
1 5.23252 -1.37475
0 -4.52373 1.55212
0 -0.18513 1.25289
0 3.60537 1.00501
1 3.42891 -5.79587
0 2.05506 -7.31202
1166
1 1.90323 -8.35723
1 1.61072 -4.73983
1 1.37368 -1.30555
0 -1.7302 1.0079
0 0.980965 1.3027
0 4.89926 1.06195
1 0.510686 -7.01162
1 -0.923001 -5.62783
3 0.3 1.5
3 -0.3 1.5
3 -0.3 -1.5
3 0.3 -1.5
1 -4.35772 -1.12565
1 -0.00021356 -1.09625
1 3.90796 -1.21084
1 5.23272 -1.37492
0 -4.52351 1.55221
0 -0.18629 1.2529
0 3.59305 1.00414
1 3.43527 -5.79942
0 2.05505 -7.31196
1170
1 1.90324 -8.35722
1 1.61078 -4.73978
1 1.34722 -1.30869
0 -1.7302 1.0079
0 0.980989 1.3028
0 4.8944 1.06128
1 0.510675 -7.01161
1 -0.923017 -5.62784
3 0.3 1.5
3 -0.3 1.5
3 -0.3 -1.5
3 0.3 -1.5
1 -4.35718 -1.12589
1 -0.000190134 -1.09616
1 3.91053 -1.21143
1 5.23276 -1.37481
0 -4.52397 1.55195
0 -0.185511 1.25281
0 3.59311 1.00431
1 3.43533 -5.79926
0 2.05897 -7.31527
1174
1 1.90316 -8.35718
1 1.61066 -4.73974
1 1.34686 -1.30856
0 -1.7302 1.0079
0 0.977169 1.30426
0 4.89428 1.06133
1 0.510641 -7.01158
1 -0.923044 -5.62781
3 0.3 1.5
3 -0.3 1.5
3 -0.3 -1.5
3 0.3 -1.5
1 -4.35729 -1.12583
1 -0.000290816 -1.09611
1 3.9104 -1.21138
1 5.23265 -1.37478
0 -4.52406 1.55189
0 -0.185626 1.25285
0 3.59658 1.00407
1 3.43519 -5.79922
0 2.05884 -7.31523
1178
1 1.90336 -8.35709
1 1.61086 -4.73963
1 1.34725 -1.30792
0 -1.7302 1.0079
0 0.97733 1.30451
0 4.89438 1.06154
1 0.510716 -7.01155
1 -0.922988 -5.6278
3 0.3 1.5
3 -0.3 1.5
3 -0.3 -1.5
3 0.3 -1.5
1 -4.35719 -1.12584
1 0.00190547 -1.09676
1 3.91054 -1.21114
1 5.23192 -1.3757
0 -4.52393 1.55199
0 -0.185522 1.25297
0 3.59676 1.00433
1 3.43562 -5.80011
0 2.05906 -7.31503
1182
1 1.90322 -8.3571
1 1.61079 -4.73963
1 1.34716 -1.30769
0 -1.7302 1.0079
0 0.977218 1.30661
0 4.8912 1.06102
1 0.510652 -7.01154
1 -0.923037 -5.62778
3 0.3 1.5
3 -0.3 1.5
3 -0.3 -1.5
3 0.3 -1.5
1 -4.35705 -1.1259
1 0.00265644 -1.09687
1 3.91268 -1.21193
1 5.23187 -1.37562
0 -4.52405 1.55191
0 -0.185538 1.25303
0 3.59673 1.00441
1 3.43554 -5.8
0 2.05899 -7.31497
1186
1 1.90354 -8.35716
1 1.61094 -4.73965
1 1.34702 -1.30735
0 -1.7302 1.0079
0 0.983012 1.30007
0 4.89106 1.06089
1 0.510801 -7.01163
1 -0.922925 -5.62786
3 0.3 1.5
3 -0.3 1.5
3 -0.3 -1.5
3 0.3 -1.5
1 -4.35711 -1.12589
1 0.00263535 -1.09681
1 3.91263 -1.21177
1 5.23183 -1.37546
0 -4.52505 1.55121
0 -0.182135 1.25378
0 3.59665 1.00452
1 3.43559 -5.79983
0 2.05911 -7.31495
1190
1 1.90351 -8.35716
1 1.61087 -4.73966
1 1.34676 -1.30728
0 -1.7302 1.0079
0 0.982797 1.30014
0 4.89091 1.06093
1 0.510796 -7.01163
1 -0.922928 -5.62786
3 0.3 1.5
3 -0.3 1.5
3 -0.3 -1.5
3 0.3 -1.5
1 -4.35721 -1.12586
1 0.00253667 -1.09679
1 3.91251 -1.21173
1 5.23171 -1.37543
0 -4.52482 1.55136
0 -0.180669 1.25408
0 3.59837 1.00469
1 3.43546 -5.7998
0 2.05903 -7.31495
1194
1 1.90336 -8.35726
1 1.61087 -4.73972
1 1.34699 -1.3072
0 -1.7302 1.0079
0 0.983024 1.30025
0 4.89108 1.0609
1 0.510726 -7.01167
1 -0.922982 -5.62788
3 0.3 1.5
3 -0.3 1.5
3 -0.3 -1.5
3 0.3 -1.5
1 -4.35664 -1.12617
1 0.00371333 -1.09701
1 3.92052 -1.21178
1 5.23279 -1.37556
0 -4.52463 1.55151
0 -0.180524 1.25417
0 3.59854 1.00475
1 3.43813 -5.80106
0 2.05904 -7.31495
1198
1 1.9037 -8.3573
1 1.61105 -4.73976
1 1.34681 -1.30693
0 -1.6291 1.01581
0 0.988298 1.294
0 4.89098 1.06109
1 0.510923 -7.01176
1 -0.922801 -5.62799
3 0.3 1.5
3 -0.3 1.5
3 -0.3 -1.5
3 0.3 -1.5
1 -4.35636 -1.12634
1 0.00556298 -1.09745
1 3.92457 -1.21211
1 5.23267 -1.37529
0 -4.52429 1.55175
0 -0.180673 1.25428
0 3.59839 1.00492
1 3.44344 -5.80354
0 2.05707 -7.31328
1202
1 1.90365 -8.35735
1 1.61104 -4.73981
1 1.34685 -1.307
0 -1.62903 1.01428
0 0.988357 1.29394
0 4.88684 1.0607
1 0.510904 -7.01179
1 -0.922814 -5.62801
3 0.3 1.5
3 -0.3 1.5
3 -0.3 -1.5
3 0.3 -1.5
1 -4.35633 -1.12636
1 0.00559184 -1.0975
1 3.92462 -1.2122
1 5.2327 -1.37535
0 -4.52442 1.5516
0 -0.181467 1.25447
0 3.59842 1.00488
1 3.44345 -5.80361
0 2.05707 -7.31332
1206
1 1.90362 -8.35737
1 1.61103 -4.73983
1 1.34684 -1.30702
0 -1.62907 1.01437
0 0.988354 1.29394
0 4.88684 1.06067
1 0.510885 -7.0118
1 -0.92283 -5.62802
3 0.3 1.5
3 -0.3 1.5
3 -0.3 -1.5
3 0.3 -1.5
1 -4.35573 -1.12664
1 0.00481551 -1.09732
1 3.92361 -1.21251
1 5.23269 -1.37537
0 -4.52461 1.55148
0 -0.181219 1.25455
0 3.59532 1.00478
1 3.44266 -5.803
0 2.05917 -7.31526
1210
1 1.90355 -8.35743
1 1.61099 -4.73988
1 1.34677 -1.30708
0 -1.62934 1.01437
0 0.988304 1.29389
0 4.8868 1.0606
1 0.510866 -7.01182
1 -0.922842 -5.62803
3 0.3 1.5
3 -0.3 1.5
3 -0.3 -1.5
3 0.3 -1.5
1 -4.35579 -1.12664
1 0.00602245 -1.09755
1 3.9235 -1.21256
1 5.23544 -1.37588
0 -4.52418 1.55173
0 -0.181414 1.25474
0 3.589 1.00445
1 3.44256 -5.80305
0 2.06082 -7.31651
1214
1 1.90355 -8.35743
1 1.61097 -4.73988
1 1.34671 -1.30707
0 -1.54819 1.03685
0 0.988239 1.29389
0 4.88515 1.06083
1 0.510875 -7.01182
1 -0.922828 -5.62801
3 0.3 1.5
3 -0.3 1.5
3 -0.3 -1.5
3 0.3 -1.5
1 -4.35584 -1.12665
1 0.00596518 -1.09755
1 3.92341 -1.21257
1 5.23538 -1.37588
0 -4.52358 1.55214
0 -0.179334 1.25534
0 3.5878 1.00401
1 3.44249 -5.80306
0 2.06075 -7.31653
1218
1 1.90366 -8.35737
1 1.61101 -4.73983
1 1.34668 -1.30701
0 -1.54859 1.03665
0 0.988168 1.29392
0 4.88507 1.0609
1 0.510918 -7.0118
1 -0.922797 -5.628
3 0.3 1.5
3 -0.3 1.5
3 -0.3 -1.5
3 0.3 -1.5
1 -4.35574 -1.12667
1 0.00759 -1.09796
1 3.9276 -1.21341
1 5.23534 -1.37583
0 -4.52367 1.55209
0 -0.179405 1.25534
0 3.58772 1.00403
1 3.44248 -5.80303
0 2.05448 -7.31176
1222
1 1.90361 -8.3574
1 1.611 -4.73986
1 1.34671 -1.30702
0 -1.54819 1.03751
0 0.988217 1.29393
0 4.88513 1.06093
1 0.510895 -7.01182
1 -0.922817 -5.62801
3 0.3 1.5
3 -0.3 1.5
3 -0.3 -1.5
3 0.3 -1.5
1 -4.35491 -1.12707
1 0.00912459 -1.09815
1 3.92766 -1.21334
1 5.23197 -1.37563
0 -4.5236 1.55217
0 -0.179358 1.25539
0 3.58778 1.00408
1 3.4411 -5.80211
0 2.05561 -7.31288
1226
1 1.90349 -8.35738
1 1.61093 -4.73985
1 1.34666 -1.30701
0 -1.54833 1.03774
0 0.985189 1.29598
0 4.88511 1.06092
1 0.510841 -7.0118
1 -0.922856 -5.62799
3 0.3 1.5
3 -0.3 1.5
3 -0.3 -1.5
3 0.3 -1.5
1 -4.35478 -1.12715
1 0.0104619 -1.09847
1 3.92762 -1.21332
1 5.22826 -1.37544
0 -4.52296 1.55263
0 -0.179378 1.25542
0 3.59027 1.0043
1 3.44333 -5.80316
0 2.06101 -7.31744
1230
1 1.90365 -8.35736
1 1.61101 -4.73983
1 1.34673 -1.307
0 -1.548 1.03779
0 0.985236 1.29598
0 4.89253 1.05742
1 0.510903 -7.01182
1 -0.922808 -5.62802
3 0.3 1.5
3 -0.3 1.5
3 -0.3 -1.5
3 0.3 -1.5
1 -4.35469 -1.1272
1 0.010544 -1.09847
1 3.9277 -1.21327
1 5.22836 -1.37538
0 -4.52336 1.55235
0 -0.177811 1.25593
0 3.59436 1.00442
1 3.44348 -5.80311
0 2.06121 -7.3174
