2
3 0.3 -1.5
3 -0.3 -1.5
3 -0.3 1.5
3 0.3 1.5
6
3 0.3 -1.5
3 -0.3 -1.5
3 -0.3 1.5
3 0.3 1.5
10
3 0.3 -1.5
3 -0.3 -1.5
3 -0.3 1.5
3 0.3 1.5
14
3 0.3 -1.5
3 -0.3 -1.5
3 -0.3 1.5
3 0.3 1.5
18
3 0.3 -1.5
3 -0.3 -1.5
3 -0.3 1.5
3 0.3 1.5
22
3 0.3 -1.5
3 -0.3 -1.5
3 -0.3 1.5
3 0.3 1.5
26
0 -4.8451 -1.48057
1 -3.71211 -0.965663
3 0.3 -1.5
3 -0.3 -1.5
3 -0.3 1.5
3 0.3 1.5
30
0 -4.01711 1.71685
0 -4.84506 -1.48061
1 -3.71207 -0.965701
3 0.3 -1.5
3 -0.3 -1.5
3 -0.3 1.5
3 0.3 1.5
34
0 -4.01184 1.72204
0 -4.8933 -1.4482
1 -3.63721 -0.994355
3 0.3 -1.5
3 -0.3 -1.5
3 -0.3 1.5
3 0.3 1.5
38
0 -4.00583 1.72694
0 -4.93729 -1.41795
1 -3.65046 -0.991948
3 0.3 -1.5
3 -0.3 -1.5
3 -0.3 1.5
3 0.3 1.5
42
0 -3.99991 1.7306
0 -4.93613 -1.41424
1 -3.69095 -0.984143
3 0.3 -1.5
3 -0.3 -1.5
3 -0.3 1.5
3 0.3 1.5
46
0 -3.97993 1.73898
0 -4.95059 -1.40309
1 -3.73533 -0.969934
3 0.3 -1.5
3 -0.3 -1.5
3 -0.3 1.5
3 0.3 1.5
50
0 -4.00606 1.72289
0 -4.93603 -1.41276
1 -3.75373 -0.965099
3 0.3 -1.5
3 -0.3 -1.5
3 -0.3 1.5
3 0.3 1.5
54
0 -3.98935 1.73258
0 -4.92782 -1.41843
1 -3.77286 -0.959084
3 0.3 -1.5
3 -0.3 -1.5
3 -0.3 1.5
3 0.3 1.5
58
0 -3.98929 1.73442
0 -4.92363 -1.42127
1 -3.74571 -0.96891
3 0.3 -1.5
3 -0.3 -1.5
3 -0.3 1.5
3 0.3 1.5
62
0 -3.9952 1.73047
0 -4.93856 -1.41042
1 -3.72549 -0.974727
3 0.3 -1.5
3 -0.3 -1.5
3 -0.3 1.5
3 0.3 1.5
66
0 -4.00774 1.72065
0 -4.94778 -1.40419
1 -3.73596 -0.969119
3 0.3 -1.5
3 -0.3 -1.5
3 -0.3 1.5
3 0.3 1.5
70
0 -4.00875 1.72483
0 -4.91055 -1.42918
1 -3.72174 -0.979631
3 0.3 -1.5
3 -0.3 -1.5
3 -0.3 1.5
3 0.3 1.5
74
0 -4.02861 1.7104
0 -4.91392 -1.42685
1 -3.74759 -0.969531
3 0.3 -1.5
3 -0.3 -1.5
3 -0.3 1.5
3 0.3 1.5
78
0 -4.00919 1.72222
0 -4.92113 -1.4222
1 -3.74299 -0.970529
3 0.3 -1.5
3 -0.3 -1.5
3 -0.3 1.5
3 0.3 1.5
82
0 -4.01798 1.71534
0 -4.93259 -1.41389
1 -3.75149 -0.966647
3 0.3 -1.5
3 -0.3 -1.5
3 -0.3 1.5
3 0.3 1.5
86
0 -4.01832 1.7195
0 -4.89008 -1.4439
1 -3.7339 -0.976293
3 0.3 -1.5
3 -0.3 -1.5
3 -0.3 1.5
3 0.3 1.5
90
0 -4.03049 1.70958
0 -4.90135 -1.43615
1 -3.75334 -0.967745
3 0.3 -1.5
3 -0.3 -1.5
3 -0.3 1.5
3 0.3 1.5
94
0 -4.03012 1.71229
0 -4.89409 -1.44083
1 -3.72219 -0.979806
3 0.3 -1.5
3 -0.3 -1.5
3 -0.3 1.5
3 0.3 1.5
98
0 -4.01597 1.72078
0 -4.88373 -1.44887
1 -3.74142 -0.973465
3 0.3 -1.5
3 -0.3 -1.5
3 -0.3 1.5
3 0.3 1.5
102
0 -4.00595 1.72668
0 -4.87845 -1.45326
1 -3.75131 -0.969753
3 0.3 -1.5
3 -0.3 -1.5
3 -0.3 1.5
3 0.3 1.5
106
0 -4.00769 1.72423
0 -4.89133 -1.44409
1 -3.75786 -0.966489
3 0.3 -1.5
3 -0.3 -1.5
3 -0.3 1.5
3 0.3 1.5
110
0 -4.00162 1.72862
0 -4.88094 -1.45136
1 -3.76722 -0.964633
3 0.3 -1.5
3 -0.3 -1.5
3 -0.3 1.5
3 0.3 1.5
114
0 -3.99791 1.73262
0 -4.8606 -1.4663
1 -3.75931 -0.968126
3 0.3 -1.5
3 -0.3 -1.5
3 -0.3 1.5
3 0.3 1.5
118
0 -4.00388 1.72903
0 -4.86532 -1.46227
1 -3.75727 -0.969481
3 0.3 -1.5
3 -0.3 -1.5
3 -0.3 1.5
3 0.3 1.5
122
0 -4.00856 1.72453
0 -4.88235 -1.44975
1 -3.76702 -0.965452
3 0.3 -1.5
3 -0.3 -1.5
3 -0.3 1.5
3 0.3 1.5
126
0 -4.01031 1.72493
0 -4.87683 -1.45326
1 -3.75144 -0.971877
3 0.3 -1.5
3 -0.3 -1.5
3 -0.3 1.5
3 0.3 1.5
130
0 -4.01578 1.72215
0 -4.86966 -1.45815
1 -3.75066 -0.972833
3 0.3 -1.5
3 -0.3 -1.5
3 -0.3 1.5
3 0.3 1.5
134
0 -4.00912 1.72527
0 -4.8741 -1.45544
1 -3.76031 -0.968656
3 0.3 -1.5
3 -0.3 -1.5
3 -0.3 1.5
3 0.3 1.5
138
0 -4.00664 1.72633
0 -4.87704 -1.45334
1 -3.76696 -0.966323
3 0.3 -1.5
3 -0.3 -1.5
3 -0.3 1.5
3 0.3 1.5
142
0 -4.01468 1.72337
0 -4.86493 -1.46162
1 -3.74607 -0.974596
3 0.3 -1.5
3 -0.3 -1.5
3 -0.3 1.5
3 0.3 1.5
146
0 -4.00407 1.72968
0 -4.86455 -1.46214
1 -3.75397 -0.971973
3 0.3 -1.5
3 -0.3 -1.5
3 -0.3 1.5
3 0.3 1.5
150
0 -3.99419 1.73492
0 -4.87296 -1.45639
1 -3.76012 -0.969259
3 0.3 -1.5
3 -0.3 -1.5
3 -0.3 1.5
3 0.3 1.5
154
0 -3.99647 1.73219
0 -4.88426 -1.44843
1 -3.76651 -0.965975
3 0.3 -1.5
3 -0.3 -1.5
3 -0.3 1.5
3 0.3 1.5
158
0 -3.99061 1.73713
0 -4.87292 -1.45687
1 -3.75496 -0.970312
3 0.3 -1.5
3 -0.3 -1.5
3 -0.3 1.5
3 0.3 1.5
162
0 -3.98646 1.73998
0 -4.87366 -1.45625
1 -3.75199 -0.971645
3 0.3 -1.5
3 -0.3 -1.5
3 -0.3 1.5
3 0.3 1.5
166
0 -3.99047 1.73776
0 -4.87446 -1.45539
1 -3.74795 -0.973323
3 0.3 -1.5
3 -0.3 -1.5
3 -0.3 1.5
3 0.3 1.5
170
0 -3.99814 1.7328
0 -4.88414 -1.44754
1 -3.74853 -0.97392
3 0.3 -1.5
3 -0.3 -1.5
3 -0.3 1.5
3 0.3 1.5
174
0 -3.99885 1.73347
0 -4.87413 -1.45476
1 -3.73995 -0.977368
3 0.3 -1.5
3 -0.3 -1.5
3 -0.3 1.5
3 0.3 1.5
178
0 -3.99569 1.7352
0 -4.87404 -1.45498
1 -3.74384 -0.975902
3 0.3 -1.5
3 -0.3 -1.5
3 -0.3 1.5
3 0.3 1.5
182
0 -4.00904 1.72547
0 -4.88446 -1.44737
1 -3.75276 -0.971812
3 0.3 -1.5
3 -0.3 -1.5
3 -0.3 1.5
3 0.3 1.5
186
0 -4.00565 1.72736
0 -4.88322 -1.44832
1 -3.75999 -0.9695
3 0.3 -1.5
3 -0.3 -1.5
3 -0.3 1.5
3 0.3 1.5
190
0 -4.01596 1.72378
0 -4.8731 -1.4554
1 -3.71444 -0.985422
3 0.3 -1.5
3 -0.3 -1.5
3 -0.3 1.5
3 0.3 1.5
194
0 -4.00892 1.72548
0 -4.89394 -1.44032
1 -3.74404 -0.97465
3 0.3 -1.5
3 -0.3 -1.5
3 -0.3 1.5
3 0.3 1.5
198
0 -4.0036 1.72948
0 -4.89012 -1.44304
1 -3.7386 -0.977038
3 0.3 -1.5
3 -0.3 -1.5
3 -0.3 1.5
3 0.3 1.5
202
0 -3.99997 1.73181
0 -4.88359 -1.4476
1 -3.75088 -0.973709
3 0.3 -1.5
3 -0.3 -1.5
3 -0.3 1.5
3 0.3 1.5
206
0 -4.00258 1.72913
0 -4.88575 -1.44638
1 -3.76263 -0.968828
3 0.3 -1.5
3 -0.3 -1.5
3 -0.3 1.5
3 0.3 1.5
210
0 -4.00688 1.72968
0 -4.87829 -1.45138
1 -3.71119 -0.987234
3 0.3 -1.5
3 -0.3 -1.5
3 -0.3 1.5
3 0.3 1.5
214
0 -4.00046 1.73256
0 -4.86888 -1.45847
1 -3.74592 -0.975705
3 0.3 -1.5
3 -0.3 -1.5
3 -0.3 1.5
3 0.3 1.5
218
0 -3.99789 1.73233
0 -4.88399 -1.44757
1 -3.76297 -0.969191
3 0.3 -1.5
3 -0.3 -1.5
3 -0.3 1.5
3 0.3 1.5
222
0 -3.9994 1.73186
0 -4.88396 -1.44745
1 -3.75509 -0.972079
3 0.3 -1.5
3 -0.3 -1.5
3 -0.3 1.5
3 0.3 1.5
226
0 -4.00426 1.72949
0 -4.88479 -1.44644
1 -3.74491 -0.976038
3 0.3 -1.5
3 -0.3 -1.5
3 -0.3 1.5
3 0.3 1.5
230
0 -4.00396 1.72941
0 -4.887 -1.44487
1 -3.74686 -0.975212
3 0.3 -1.5
3 -0.3 -1.5
3 -0.3 1.5
3 0.3 1.5
234
0 -4.00325 1.72829
0 -4.88866 -1.44423
1 -3.76761 -0.967045
3 0.3 -1.5
3 -0.3 -1.5
3 -0.3 1.5
3 0.3 1.5
238
0 -3.99747 1.7329
0 -4.9061 -1.43113
1 -3.7334 -0.978945
3 0.3 -1.5
3 -0.3 -1.5
3 -0.3 1.5
3 0.3 1.5
242
0 -4.00206 1.73069
0 -4.87402 -1.45516
1 -3.74897 -0.973526
3 0.3 -1.5
3 -0.3 -1.5
3 -0.3 1.5
3 0.3 1.5
246
0 -4.00415 1.7288
0 -4.88604 -1.44586
1 -3.7532 -0.97253
3 0.3 -1.5
3 -0.3 -1.5
3 -0.3 1.5
3 0.3 1.5
250
0 -4.0028 1.72971
0 -4.88448 -1.44692
1 -3.75584 -0.971911
3 0.3 -1.5
3 -0.3 -1.5
3 -0.3 1.5
3 0.3 1.5
254
0 -4.0029 1.72855
0 -4.88755 -1.44502
1 -3.76864 -0.966783
3 0.3 -1.5
3 -0.3 -1.5
3 -0.3 1.5
3 0.3 1.5
258
0 -4.00861 1.72819
0 -4.86724 -1.4599
1 -3.72545 -0.981858
3 0.3 -1.5
3 -0.3 -1.5
3 -0.3 1.5
3 0.3 1.5
262
0 -4.00813 1.7257
0 -4.88322 -1.44811
1 -3.76436 -0.968296
3 0.3 -1.5
3 -0.3 -1.5
3 -0.3 1.5
3 0.3 1.5
266
0 -3.99583 1.73347
0 -4.88804 -1.44469
1 -3.76038 -0.969853
3 0.3 -1.5
3 -0.3 -1.5
3 -0.3 1.5
3 0.3 1.5
270
0 -4.00129 1.72911
0 -4.88974 -1.44378
1 -3.76979 -0.965695
3 0.3 -1.5
3 -0.3 -1.5
3 -0.3 1.5
3 0.3 1.5
274
0 -4.00563 1.72842
0 -4.88085 -1.45006
1 -3.74112 -0.97596
3 0.3 -1.5
3 -0.3 -1.5
3 -0.3 1.5
3 0.3 1.5
278
0 -4.00122 1.72864
0 -4.90881 -1.42935
1 -3.76415 -0.967838
3 0.3 -1.5
3 -0.3 -1.5
3 -0.3 1.5
3 0.3 1.5
282
0 -4.0007 1.72853
0 -4.9177 -1.42275
1 -3.76364 -0.967901
3 0.3 -1.5
3 -0.3 -1.5
3 -0.3 1.5
3 0.3 1.5
