2
3 0.3 -1.5
3 -0.3 -1.5
3 -0.3 1.5
3 0.3 1.5
6
3 0.3 -1.5
3 -0.3 -1.5
3 -0.3 1.5
3 0.3 1.5
10
3 0.3 -1.5
3 -0.3 -1.5
3 -0.3 1.5
3 0.3 1.5
14
3 0.3 -1.5
3 -0.3 -1.5
3 -0.3 1.5
3 0.3 1.5
18
3 0.3 -1.5
3 -0.3 -1.5
3 -0.3 1.5
3 0.3 1.5
22
1 4.60356 -1.09294
1 2.09665 -1.30944
1 -1.37069 -1.15909
1 -4.39636 -1.112
3 0.3 -1.5
3 -0.3 -1.5
3 -0.3 1.5
3 0.3 1.5
26
0 2.21572 1.4364
0 5.17103 1.26366
0 -1.01809 1.61029
0 -4.13683 1.73086
1 4.66506 -1.12391
1 2.07282 -1.30633
1 -1.40014 -1.15129
1 -4.42622 -1.09552
3 0.3 -1.5
3 -0.3 -1.5
3 -0.3 1.5
3 0.3 1.5
30
0 2.17712 1.43753
0 5.14425 1.26247
0 -0.979421 1.61938
0 -4.10186 1.74696
1 4.66459 -1.12358
1 2.07236 -1.30602
1 -1.40058 -1.15098
1 -4.42667 -1.09521
3 0.3 -1.5
3 -0.3 -1.5
3 -0.3 1.5
3 0.3 1.5
34
0 2.3278 1.45085
0 5.24741 1.27214
0 -0.954342 1.62458
0 -4.09269 1.75805
1 4.84201 -1.13416
1 2.00559 -1.29672
1 -1.50271 -1.12723
1 -4.40979 -1.10361
3 0.3 -1.5
3 -0.3 -1.5
3 -0.3 1.5
3 0.3 1.5
38
0 2.18151 1.42554
0 5.17465 1.26351
0 -1.09773 1.58742
0 -4.1001 1.7531
1 4.84187 -1.13607
1 2.20596 -1.28376
1 -1.50244 -1.13061
1 -4.43904 -1.08603
3 0.3 -1.5
3 -0.3 -1.5
3 -0.3 1.5
3 0.3 1.5
42
0 1.92968 1.40149
0 5.17445 1.26352
0 -1.05559 1.5971
0 -4.09213 1.75488
1 4.80206 -1.14575
1 2.10778 -1.27346
1 -1.54463 -1.12193
1 -4.45635 -1.07635
3 0.3 -1.5
3 -0.3 -1.5
3 -0.3 1.5
3 0.3 1.5
46
0 2.02444 1.4097
0 5.174 1.26393
0 -1.02546 1.60498
0 -4.08516 1.75804
1 4.80157 -1.14528
1 2.10437 -1.28135
1 -1.54606 -1.12207
1 -4.44961 -1.07847
3 0.3 -1.5
3 -0.3 -1.5
3 -0.3 1.5
3 0.3 1.5
50
0 2.07269 1.41246
0 5.22166 1.26752
0 -1.01192 1.60925
0 -4.07632 1.76225
1 4.80123 -1.14502
1 2.1038 -1.2808
1 -1.54663 -1.12163
1 -4.45015 -1.07804
3 0.3 -1.5
3 -0.3 -1.5
3 -0.3 1.5
3 0.3 1.5
54
0 2.10904 1.41986
0 5.23269 1.26862
0 -0.966662 1.61924
0 -4.13783 1.72395
1 4.82784 -1.14093
1 2.09755 -1.28205
1 -1.47358 -1.13812
1 -4.45504 -1.07601
3 0.3 -1.5
3 -0.3 -1.5
3 -0.3 1.5
3 0.3 1.5
58
0 2.10919 1.4204
0 5.23282 1.26911
0 -0.966521 1.61978
0 -4.13767 1.7245
1 4.91387 -1.13521
1 2.13417 -1.29171
1 -1.43702 -1.14582
1 -4.44874 -1.08035
3 0.3 -1.5
3 -0.3 -1.5
3 -0.3 1.5
3 0.3 1.5
62
0 2.16169 1.42675
0 5.21395 1.27016
0 -1.01947 1.61078
0 -4.1263 1.72406
1 4.86539 -1.12535
1 2.1567 -1.29701
1 -1.44309 -1.14239
1 -4.45496 -1.07682
3 0.3 -1.5
3 -0.3 -1.5
3 -0.3 1.5
3 0.3 1.5
66
0 2.09757 1.4189
0 5.19727 1.26989
0 -1.02231 1.61153
0 -4.18355 1.6846
1 4.8654 -1.12428
1 2.15671 -1.29612
1 -1.44308 -1.14147
1 -4.45497 -1.07589
3 0.3 -1.5
3 -0.3 -1.5
3 -0.3 1.5
3 0.3 1.5
70
0 2.16319 1.42601
0 5.25093 1.27448
0 -1.03837 1.60904
0 -4.18368 1.68482
1 4.86526 -1.12402
1 2.11458 -1.28932
1 -1.41748 -1.14799
1 -4.44862 -1.0788
3 0.3 -1.5
3 -0.3 -1.5
3 -0.3 1.5
3 0.3 1.5
74
0 2.16267 1.42634
0 5.25039 1.27482
0 -1.03892 1.60937
0 -4.18413 1.68506
1 4.88685 -1.13761
1 2.15449 -1.29706
1 -1.35408 -1.16269
1 -4.45333 -1.0758
3 0.3 -1.5
3 -0.3 -1.5
3 -0.3 1.5
3 0.3 1.5
78
0 2.10182 1.41867
0 5.22615 1.27311
0 -1.04996 1.60792
0 -4.18384 1.6849
1 4.88725 -1.13789
1 2.15491 -1.29736
1 -1.35374 -1.16325
1 -4.45289 -1.07611
3 0.3 -1.5
3 -0.3 -1.5
3 -0.3 1.5
3 0.3 1.5
82
0 -1.41906 6.08865
0 2.13513 1.42272
0 5.22024 1.27334
0 -1.00038 1.61925
0 -4.18435 1.68507
1 4.88653 -1.13759
1 2.14239 -1.2961
1 -1.35257 -1.16312
1 -4.4492 -1.07767
3 0.3 -1.5
3 -0.3 -1.5
3 -0.3 1.5
3 0.3 1.5
86
0 -1.46322 6.03626
0 2.01306 1.41038
0 5.27931 1.27828
0 -1.02698 1.6129
0 -4.18391 1.68485
1 4.88716 -1.138
1 2.14316 -1.29663
1 -1.35185 -1.16366
1 -4.44839 -1.07822
3 0.3 -1.5
3 -0.3 -1.5
3 -0.3 1.5
3 0.3 1.5
90
0 -1.46369 6.03719
0 2.01285 1.41074
0 5.27909 1.27868
0 -1.02719 1.61327
0 -4.18402 1.68496
1 4.887 -1.14948
1 2.06244 -1.28456
1 -1.31427 -1.17109
1 -4.44963 -1.07731
3 0.3 -1.5
3 -0.3 -1.5
3 -0.3 1.5
3 0.3 1.5
94
0 -1.41352 6.08876
0 1.9886 1.406
0 5.2785 1.27735
0 -1.03187 1.61131
0 -4.18392 1.68454
1 4.88707 -1.15084
1 2.09485 -1.2759
1 -1.31523 -1.17317
1 -4.46391 -1.07085
3 0.3 -1.5
3 -0.3 -1.5
3 -0.3 1.5
3 0.3 1.5
98
0 -1.43899 6.06201
0 2.0242 1.40984
0 5.19023 1.26989
0 -1.01521 1.61497
0 -4.18407 1.6846
1 4.88678 -1.15068
1 2.09443 -1.27562
1 -1.31559 -1.17293
1 -4.46431 -1.0706
3 0.3 -1.5
3 -0.3 -1.5
3 -0.3 1.5
3 0.3 1.5
102
0 -1.39732 6.10801
0 2.06386 1.414
0 5.20675 1.27215
0 -0.998548 1.61919
0 -4.18421 1.68467
1 4.8865 -1.15044
1 2.083 -1.27462
1 -1.32329 -1.17029
1 -4.46295 -1.07133
3 0.3 -1.5
3 -0.3 -1.5
3 -0.3 1.5
3 0.3 1.5
106
0 -1.38671 6.11606
0 2.03254 1.40847
0 5.22034 1.27216
0 -0.991535 1.62019
0 -4.184 1.68455
1 4.86788 -1.15391
1 2.07116 -1.27473
1 -1.36873 -1.15832
1 -4.47091 -1.06736
3 0.3 -1.5
3 -0.3 -1.5
3 -0.3 1.5
3 0.3 1.5
110
0 -1.37003 6.13563
0 2.09007 1.41425
0 5.21247 1.27243
0 -0.98212 1.6231
0 -4.18414 1.68459
1 4.86752 -1.15375
1 2.07063 -1.27447
1 -1.36923 -1.15808
1 -4.47141 -1.06711
3 0.3 -1.5
3 -0.3 -1.5
3 -0.3 1.5
3 0.3 1.5
114
0 -1.37039 6.13315
0 2.08982 1.41295
0 5.21218 1.27101
0 -0.982374 1.6218
0 -4.18415 1.68448
1 4.89756 -1.14979
1 2.11308 -1.27199
1 -1.37512 -1.15754
1 -4.47369 -1.06673
3 0.3 -1.5
3 -0.3 -1.5
3 -0.3 1.5
3 0.3 1.5
118
0 -1.37619 6.1277
0 2.09598 1.41402
0 5.23919 1.27436
0 -0.983229 1.62232
0 -4.18412 1.68453
1 4.87457 -1.15215
1 2.10821 -1.27169
1 -1.36791 -1.15872
1 -4.47403 -1.06653
3 0.3 -1.5
3 -0.3 -1.5
3 -0.3 1.5
3 0.3 1.5
122
0 -1.37627 6.12781
0 2.09593 1.41408
0 5.23915 1.27442
0 -0.983272 1.62238
0 -4.18414 1.68453
1 4.89617 -1.15146
1 2.09214 -1.27153
1 -1.34932 -1.16323
1 -4.47843 -1.06443
3 0.3 -1.5
3 -0.3 -1.5
3 -0.3 1.5
3 0.3 1.5
126
0 -1.37558 6.12733
0 2.09631 1.41382
0 5.23956 1.27415
0 -0.982895 1.62212
0 -4.18404 1.68451
1 4.8295 -1.1486
1 2.07905 -1.27081
1 -1.35616 -1.16182
1 -4.48536 -1.06079
3 0.3 -1.5
3 -0.3 -1.5
3 -0.3 1.5
3 0.3 1.5
130
0 -1.45879 6.02873
0 2.10126 1.40936
0 5.22901 1.2687
0 -1.06528 1.65084
0 -4.14147 1.69994
1 4.83029 -1.15164
1 2.07991 -1.27411
1 -1.35532 -1.16507
1 -4.4846 -1.06397
3 0.3 -1.5
3 -0.3 -1.5
3 -0.3 1.5
3 0.3 1.5
134
0 -1.44071 6.05198
0 2.10649 1.41126
0 5.14993 1.26352
0 -1.07223 1.65001
0 -4.16643 1.68187
1 4.80837 -1.15199
1 2.07505 -1.27296
1 -1.3571 -1.16353
1 -4.48816 -1.06158
3 0.3 -1.5
3 -0.3 -1.5
3 -0.3 1.5
3 0.3 1.5
138
0 -1.45996 6.03107
0 2.12152 1.41365
0 5.13773 1.26343
0 -1.06715 1.65066
0 -4.19556 1.66292
1 4.80894 -1.15086
1 2.05553 -1.26957
1 -1.35401 -1.163
1 -4.48189 -1.06411
3 0.3 -1.5
3 -0.3 -1.5
3 -0.3 1.5
3 0.3 1.5
142
0 -1.45923 6.03069
0 2.13001 1.41392
0 5.13823 1.26315
0 -1.06374 1.64925
0 -4.18987 1.66773
1 4.80934 -1.15105
1 2.05602 -1.26982
1 -1.35354 -1.16324
1 -4.48141 -1.06435
3 0.3 -1.5
3 -0.3 -1.5
3 -0.3 1.5
3 0.3 1.5
146
0 -1.45979 6.03152
0 2.16029 1.41775
0 5.14878 1.26411
0 -1.09623 1.64035
0 -4.17756 1.6758
1 4.77313 -1.15024
1 2.05417 -1.26978
1 -1.34545 -1.16458
1 -4.48151 -1.06437
3 0.3 -1.5
3 -0.3 -1.5
3 -0.3 1.5
3 0.3 1.5
150
0 -1.45833 6.03165
0 2.1787 1.41974
0 5.14949 1.2642
0 -1.15214 1.62531
0 -4.16821 1.6822
1 4.77396 -1.15018
1 2.0537 -1.27041
1 -1.3286 -1.16803
1 -4.47796 -1.06617
3 0.3 -1.5
3 -0.3 -1.5
3 -0.3 1.5
3 0.3 1.5
154
0 -1.45734 6.03125
0 2.15891 1.41752
0 5.15029 1.26388
0 -1.15068 1.62265
0 -4.16175 1.68613
1 4.77454 -1.15039
1 2.03056 -1.26775
1 -1.33571 -1.16666
1 -4.48524 -1.06267
3 0.3 -1.5
3 -0.3 -1.5
3 -0.3 1.5
3 0.3 1.5
158
0 -1.45768 6.03114
0 2.15863 1.41735
0 5.15002 1.26377
0 -1.15103 1.62246
0 -4.16206 1.68588
1 4.77435 -1.15044
1 2.0271 -1.26822
1 -1.32351 -1.17009
1 -4.49189 -1.05932
3 0.3 -1.5
3 -0.3 -1.5
3 -0.3 1.5
3 0.3 1.5
162
0 -1.45502 6.0302
0 2.16709 1.41739
0 5.15995 1.26344
0 -1.1766 1.61196
0 -4.15933 1.68933
1 4.77588 -1.15095
1 2.02946 -1.26906
1 -1.32129 -1.17092
1 -4.4896 -1.06016
3 0.3 -1.5
3 -0.3 -1.5
3 -0.3 1.5
3 0.3 1.5
166
0 -1.45509 6.03022
0 2.16698 1.41746
0 5.15986 1.2635
0 -1.17673 1.61203
0 -4.15949 1.68944
1 4.7693 -1.15278
1 2.02777 -1.27038
1 -1.31218 -1.1732
1 -4.49118 -1.05915
3 0.3 -1.5
3 -0.3 -1.5
3 -0.3 1.5
3 0.3 1.5
170
0 -1.45478 6.03003
0 2.16865 1.4183
0 5.16007 1.26344
0 -1.19321 1.60653
0 -4.15187 1.6954
1 4.783 -1.15796
1 2.04566 -1.27394
1 -1.29674 -1.17696
1 -4.48708 -1.06099
3 0.3 -1.5
3 -0.3 -1.5
3 -0.3 1.5
3 0.3 1.5
174
0 -1.45437 6.02973
0 2.16747 1.41853
0 5.184 1.26504
0 -1.18379 1.60687
0 -4.14676 1.6997
1 4.78325 -1.15812
1 2.04595 -1.27413
1 -1.29646 -1.17716
1 -4.48679 -1.06119
3 0.3 -1.5
3 -0.3 -1.5
3 -0.3 1.5
3 0.3 1.5
178
0 -1.45413 6.02935
0 2.19462 1.42071
0 5.20706 1.26615
0 -1.18771 1.60406
0 -4.14282 1.70324
1 4.81066 -1.15574
1 2.03604 -1.27391
1 -1.29729 -1.17731
1 -4.48443 -1.06236
3 0.3 -1.5
3 -0.3 -1.5
3 -0.3 1.5
3 0.3 1.5
182
0 -1.45379 6.02918
0 2.17463 1.41759
0 5.18968 1.26436
0 -1.17005 1.60727
0 -4.1465 1.70168
1 4.81078 -1.15578
1 2.05601 -1.27763
1 -1.29937 -1.17692
1 -4.48214 -1.06325
3 0.3 -1.5
3 -0.3 -1.5
3 -0.3 1.5
3 0.3 1.5
186
0 -1.45346 6.02932
0 2.17493 1.41824
0 5.18998 1.26496
0 -1.16972 1.6079
0 -4.14621 1.70257
1 4.76736 -1.169
1 2.05633 -1.27707
1 -1.28436 -1.17984
1 -4.48152 -1.06295
3 0.3 -1.5
3 -0.3 -1.5
3 -0.3 1.5
3 0.3 1.5
190
0 -1.45294 6.02849
0 2.17362 1.41877
0 5.20531 1.26705
0 -1.14826 1.59953
0 -4.1446 1.70789
1 4.74013 -1.16828
1 2.05208 -1.27667
1 -1.28423 -1.17976
1 -4.48555 -1.06032
3 0.3 -1.5
3 -0.3 -1.5
3 -0.3 1.5
3 0.3 1.5
194
0 -1.45203 6.02828
0 2.18433 1.42014
0 5.20448 1.26631
0 -1.17692 1.59082
0 -4.14579 1.70753
1 4.73201 -1.16896
1 2.05102 -1.27747
1 -1.28511 -1.18058
1 -4.48452 -1.06022
3 0.3 -1.5
3 -0.3 -1.5
3 -0.3 1.5
3 0.3 1.5
198
0 -1.45202 6.02823
0 2.18415 1.4202
0 5.20428 1.26638
0 -1.17719 1.59089
0 -4.14614 1.70765
1 4.7318 -1.16888
1 2.04909 -1.27746
1 -1.26993 -1.18409
1 -4.48152 -1.06165
3 0.3 -1.5
3 -0.3 -1.5
3 -0.3 1.5
3 0.3 1.5
202
0 -1.45192 6.02818
0 2.16514 1.41889
0 5.16738 1.2631
0 -1.17727 1.59046
0 -4.14448 1.70895
1 4.72856 -1.16982
1 2.06157 -1.28085
1 -1.26464 -1.18489
1 -4.47855 -1.06303
3 0.3 -1.5
3 -0.3 -1.5
3 -0.3 1.5
3 0.3 1.5
206
0 -1.45184 6.02806
0 2.1675 1.4191
0 5.16723 1.26324
0 -1.16446 1.59323
0 -4.14127 1.71154
1 4.72839 -1.16964
1 2.05641 -1.28028
1 -1.26443 -1.18467
1 -4.47656 -1.06414
3 0.3 -1.5
3 -0.3 -1.5
3 -0.3 1.5
3 0.3 1.5
210
0 -1.45127 6.028
0 2.10997 1.41318
0 5.17208 1.26323
0 -1.15537 1.5944
0 -4.1498 1.70612
1 4.72944 -1.16991
1 2.05765 -1.28063
1 -1.26316 -1.18503
1 -4.47521 -1.06452
3 0.3 -1.5
3 -0.3 -1.5
3 -0.3 1.5
3 0.3 1.5
214
0 -1.45122 6.02783
0 2.13274 1.40697
0 5.17184 1.26322
0 -1.18524 1.58661
0 -4.14259 1.71152
1 4.71672 -1.1708
1 2.06403 -1.2822
1 -1.27452 -1.18226
1 -4.47504 -1.06417
3 0.3 -1.5
3 -0.3 -1.5
3 -0.3 1.5
3 0.3 1.5
218
0 -1.45104 6.0277
0 2.13824 1.40764
0 5.17244 1.26314
0 -1.17693 1.58801
0 -4.13848 1.71471
1 4.71981 -1.1733
1 2.06078 -1.28217
1 -1.28246 -1.18028
1 -4.47384 -1.06472
3 0.3 -1.5
3 -0.3 -1.5
3 -0.3 1.5
3 0.3 1.5
222
0 -1.45082 6.02758
0 2.15787 1.40981
0 5.17421 1.26277
0 -1.17027 1.58891
0 -4.1425 1.71242
1 4.71024 -1.16899
1 2.05411 -1.28169
1 -1.2926 -1.17796
1 -4.47155 -1.06576
3 0.3 -1.5
3 -0.3 -1.5
3 -0.3 1.5
3 0.3 1.5
226
0 -1.45072 6.0275
0 2.14999 1.40851
0 5.1549 1.26043
0 -1.17017 1.58839
0 -4.13903 1.71492
1 4.71053 -1.16915
1 2.05438 -1.28182
1 -1.29232 -1.1781
1 -4.47127 -1.0659
3 0.3 -1.5
3 -0.3 -1.5
3 -0.3 1.5
3 0.3 1.5
230
0 -1.45076 6.02756
0 2.15693 1.41042
0 5.12678 1.25832
0 -1.1725 1.58791
0 -4.13807 1.71537
1 4.72547 -1.17185
1 2.04435 -1.28037
1 -1.2915 -1.17771
1 -4.47022 -1.06651
3 0.3 -1.5
3 -0.3 -1.5
3 -0.3 1.5
3 0.3 1.5
234
0 -1.45095 6.02756
0 2.15623 1.4098
0 5.12609 1.25773
0 -1.17318 1.58734
0 -4.13892 1.71457
1 4.74901 -1.17019
1 2.03222 -1.27981
1 -1.30674 -1.17488
1 -4.47237 -1.06534
3 0.3 -1.5
3 -0.3 -1.5
3 -0.3 1.5
3 0.3 1.5
238
0 -1.45073 6.0273
0 2.1644 1.40408
0 5.11891 1.25746
0 -1.15959 1.59052
0 -4.13456 1.71844
1 4.74821 -1.16975
1 2.03139 -1.27941
1 -1.30766 -1.17445
1 -4.47322 -1.06495
3 0.3 -1.5
3 -0.3 -1.5
3 -0.3 1.5
3 0.3 1.5
242
0 -1.45067 6.02729
0 2.16451 1.40422
0 5.11901 1.25755
0 -1.15949 1.59063
0 -4.13444 1.7186
1 4.74846 -1.17071
1 2.03854 -1.28081
1 -1.31901 -1.17128
1 -4.46831 -1.0673
3 0.3 -1.5
3 -0.3 -1.5
3 -0.3 1.5
3 0.3 1.5
246
0 -1.45003 6.02694
0 2.1905 1.39972
0 5.1196 1.25751
0 -1.15728 1.59085
0 -4.13675 1.71855
1 4.74904 -1.1707
1 2.03484 -1.28037
1 -1.312 -1.17261
1 -4.4655 -1.06837
3 0.3 -1.5
3 -0.3 -1.5
3 -0.3 1.5
3 0.3 1.5
250
0 -1.44962 6.02666
0 2.20976 1.39727
0 5.11399 1.25717
0 -1.14817 1.59256
0 -4.13345 1.72179
1 4.74926 -1.17074
1 2.03509 -1.28042
1 -1.31176 -1.17266
1 -4.46525 -1.06844
3 0.3 -1.5
3 -0.3 -1.5
3 -0.3 1.5
3 0.3 1.5
254
0 -1.4496 6.02664
0 2.20889 1.39679
0 5.11344 1.25697
0 -1.14885 1.59223
0 -4.13443 1.72132
1 4.74748 -1.17203
1 2.03066 -1.28085
1 -1.32269 -1.17066
1 -4.46334 -1.069
3 0.3 -1.5
3 -0.3 -1.5
3 -0.3 1.5
3 0.3 1.5
258
0 -1.44953 6.02658
0 2.21325 1.39745
0 5.11859 1.25735
0 -1.15218 1.59118
0 -4.13165 1.72337
1 4.72861 -1.17155
1 2.03073 -1.28111
1 -1.32115 -1.17125
1 -4.4621 -1.0695
3 0.3 -1.5
3 -0.3 -1.5
3 -0.3 1.5
3 0.3 1.5
262
0 -1.44953 6.0266
0 2.21301 1.39731
0 5.11842 1.25728
0 -1.15238 1.59107
0 -4.13192 1.72321
1 4.71452 -1.172
1 2.02303 -1.28028
1 -1.32173 -1.17146
1 -4.4635 -1.06861
3 0.3 -1.5
3 -0.3 -1.5
3 -0.3 1.5
3 0.3 1.5
266
0 -1.44983 6.02673
0 2.21761 1.39926
0 5.11242 1.25678
0 -1.18284 1.58299
0 -4.12966 1.72408
1 4.71453 -1.17198
1 2.02303 -1.28024
1 -1.32171 -1.17143
1 -4.46348 -1.06857
3 0.3 -1.5
3 -0.3 -1.5
3 -0.3 1.5
3 0.3 1.5
270
0 -1.44982 6.02668
0 2.21751 1.39922
0 5.11234 1.25673
0 -1.18293 1.58295
0 -4.12978 1.72405
1 4.74264 -1.17179
1 2.04108 -1.28386
1 -1.32612 -1.17059
1 -4.46272 -1.06901
3 0.3 -1.5
3 -0.3 -1.5
3 -0.3 1.5
3 0.3 1.5
274
0 -1.45 6.02675
0 2.21996 1.40026
0 5.11543 1.25678
0 -1.19877 1.57855
0 -4.13066 1.72298
1 4.76036 -1.16969
1 2.04352 -1.28438
1 -1.32961 -1.1696
1 -4.46353 -1.06876
3 0.3 -1.5
3 -0.3 -1.5
3 -0.3 1.5
3 0.3 1.5
278
0 -1.44954 6.02657
0 2.22663 1.39509
0 5.11594 1.25687
0 -1.19427 1.57935
0 -4.13803 1.71904
1 4.7609 -1.16956
1 2.04407 -1.28428
1 -1.32903 -1.16951
1 -4.46294 -1.06869
3 0.3 -1.5
3 -0.3 -1.5
3 -0.3 1.5
3 0.3 1.5
282
0 -1.4495 6.02661
0 2.22693 1.39537
0 5.11616 1.25706
0 -1.19399 1.57957
0 -4.13771 1.71929
1 4.73422 -1.17141
1 2.04843 -1.28486
1 -1.33333 -1.16813
1 -4.46208 -1.06896
3 0.3 -1.5
3 -0.3 -1.5
3 -0.3 1.5
3 0.3 1.5
286
0 -1.44955 6.02661
0 2.22697 1.39562
0 5.12208 1.25771
0 -1.20451 1.5767
0 -4.13431 1.72152
1 4.72468 -1.17229
1 2.048 -1.28518
1 -1.33001 -1.16887
1 -4.46216 -1.06886
3 0.3 -1.5
3 -0.3 -1.5
3 -0.3 1.5
3 0.3 1.5
290
0 -1.44954 6.0266
0 2.2217 1.39582
0 5.12088 1.2574
0 -1.20834 1.57537
0 -4.13245 1.72278
1 4.70714 -1.17136
1 2.03996 -1.28425
1 -1.32869 -1.16947
1 -4.46091 -1.06934
3 0.3 -1.5
3 -0.3 -1.5
3 -0.3 1.5
3 0.3 1.5
294
0 -1.44957 6.02662
0 2.22163 1.39573
0 5.12082 1.25732
0 -1.20841 1.57528
0 -4.13253 1.72266
1 4.70706 -1.17147
1 2.03548 -1.28383
1 -1.32835 -1.16979
1 -4.46327 -1.06814
3 0.3 -1.5
3 -0.3 -1.5
3 -0.3 1.5
3 0.3 1.5
298
0 -1.4495 6.02674
0 2.2275 1.3968
0 5.12814 1.25804
0 -1.21872 1.57254
0 -4.13582 1.72058
1 4.66718 -1.17752
1 2.03589 -1.28357
1 -1.32941 -1.16942
1 -4.46529 -1.06657
3 0.3 -1.5
3 -0.3 -1.5
3 -0.3 1.5
3 0.3 1.5
302
0 -1.4494 6.02671
0 2.21793 1.39581
0 5.1254 1.25779
0 -1.21289 1.57356
0 -4.13817 1.7192
1 4.66748 -1.17747
1 2.04185 -1.28473
1 -1.3299 -1.16939
1 -4.46599 -1.06616
3 0.3 -1.5
3 -0.3 -1.5
3 -0.3 1.5
3 0.3 1.5
306
0 -1.44949 6.02675
0 2.20946 1.39461
0 5.12798 1.25751
0 -1.21354 1.57289
0 -4.13612 1.72032
1 4.66773 -1.17779
1 2.03294 -1.28368
1 -1.34183 -1.167
1 -4.46967 -1.06427
3 0.3 -1.5
3 -0.3 -1.5
3 -0.3 1.5
3 0.3 1.5
310
0 -1.44951 6.02678
0 2.20956 1.39464
0 5.12807 1.25754
0 -1.21345 1.57291
0 -4.136 1.72034
1 4.66744 -1.17917
1 2.03853 -1.28484
1 -1.34779 -1.16562
1 -4.47096 -1.06356
3 0.3 -1.5
3 -0.3 -1.5
3 -0.3 1.5
3 0.3 1.5
314
0 -1.44948 6.02672
0 2.19255 1.3925
0 5.13648 1.25793
0 -1.22059 1.5705
0 -4.13572 1.72061
1 4.68645 -1.17882
1 2.04785 -1.28647
1 -1.34891 -1.16547
1 -4.46861 -1.0647
3 0.3 -1.5
3 -0.3 -1.5
3 -0.3 1.5
3 0.3 1.5
318
0 -1.44964 6.02677
0 2.19319 1.39356
0 5.14245 1.25848
0 -1.23091 1.56792
0 -4.13253 1.72244
1 4.68574 -1.17858
1 2.04897 -1.28664
1 -1.34208 -1.16703
1 -4.46993 -1.06418
3 0.3 -1.5
3 -0.3 -1.5
3 -0.3 1.5
3 0.3 1.5
322
0 -1.44959 6.02674
0 2.19304 1.39356
0 5.14231 1.25848
0 -1.23106 1.56791
0 -4.13271 1.72244
1 4.68558 -1.17858
1 2.05893 -1.28839
1 -1.34179 -1.16706
1 -4.46866 -1.06478
3 0.3 -1.5
3 -0.3 -1.5
3 -0.3 1.5
3 0.3 1.5
326
0 -1.44865 6.02618
0 2.19172 1.39407
0 5.12984 1.25853
0 -1.21572 1.56445
0 -4.13591 1.7225
1 4.68409 -1.17789
1 2.06462 -1.28855
1 -1.34357 -1.16603
1 -4.47054 -1.06375
3 0.3 -1.5
3 -0.3 -1.5
3 -0.3 1.5
3 0.3 1.5
330
0 -1.44867 6.02616
0 2.19173 1.39404
0 5.12986 1.25849
0 -1.21569 1.56443
0 -4.13588 1.72249
1 4.71002 -1.17843
1 2.07637 -1.29043
1 -1.34383 -1.16575
1 -4.47088 -1.06376
3 0.3 -1.5
3 -0.3 -1.5
3 -0.3 1.5
3 0.3 1.5
334
0 -1.4488 6.02624
0 2.18074 1.39325
0 5.14303 1.25988
0 -1.22596 1.56207
0 -4.13568 1.72233
1 4.70982 -1.17917
1 2.07432 -1.29008
1 -1.34016 -1.16645
1 -4.47029 -1.06403
3 0.3 -1.5
3 -0.3 -1.5
3 -0.3 1.5
3 0.3 1.5
338
0 -1.44865 6.02609
0 2.20556 1.39186
0 5.143 1.25994
0 -1.22845 1.56177
0 -4.13172 1.72547
1 4.70978 -1.17907
1 2.07429 -1.29001
1 -1.3402 -1.1664
1 -4.47033 -1.06401
3 0.3 -1.5
3 -0.3 -1.5
3 -0.3 1.5
3 0.3 1.5
342
0 -1.44864 6.02605
0 2.21889 1.39359
0 5.14532 1.26029
0 -1.22426 1.56238
0 -4.13192 1.72531
1 4.7043 -1.1756
1 2.06662 -1.2892
1 -1.34621 -1.165
1 -4.47149 -1.06355
3 0.3 -1.5
3 -0.3 -1.5
3 -0.3 1.5
3 0.3 1.5
346
0 -1.44839 6.02592
0 2.23787 1.39193
0 5.14539 1.26039
0 -1.22023 1.5636
0 -4.13364 1.72476
1 4.70437 -1.17543
1 2.0667 -1.2891
1 -1.34614 -1.1649
1 -4.47141 -1.06348
3 0.3 -1.5
3 -0.3 -1.5
3 -0.3 1.5
3 0.3 1.5
350
0 -1.44841 6.02591
0 2.23149 1.39147
0 5.14501 1.26048
0 -1.22071 1.56353
0 -4.13156 1.72613
1 4.70475 -1.17555
1 2.07621 -1.29064
1 -1.34389 -1.16532
1 -4.47079 -1.06387
3 0.3 -1.5
3 -0.3 -1.5
3 -0.3 1.5
3 0.3 1.5
354
0 -1.44842 6.02601
0 2.23647 1.39282
0 5.15144 1.26162
0 -1.23081 1.56141
0 -4.13157 1.72616
1 4.69326 -1.18229
1 2.07653 -1.2904
1 -1.3393 -1.16606
1 -4.46988 -1.06403
3 0.3 -1.5
3 -0.3 -1.5
3 -0.3 1.5
3 0.3 1.5
358
0 -1.44838 6.02595
0 2.24147 1.39381
0 5.14735 1.2612
0 -1.22905 1.5618
0 -4.12861 1.72827
1 4.69323 -1.18243
1 2.08354 -1.29161
1 -1.33692 -1.16664
1 -4.46944 -1.06433
3 0.3 -1.5
3 -0.3 -1.5
3 -0.3 1.5
3 0.3 1.5
362
0 -1.44841 6.02598
0 2.24129 1.39364
0 5.14717 1.26105
0 -1.22924 1.56163
0 -4.12882 1.72804
1 4.68881 -1.18277
1 2.07904 -1.29116
1 -1.34205 -1.16557
1 -4.47112 -1.06341
3 0.3 -1.5
3 -0.3 -1.5
3 -0.3 1.5
3 0.3 1.5
366
0 -1.44823 6.02585
0 2.24832 1.39126
0 5.14698 1.26114
0 -1.2249 1.56285
0 -4.12641 1.73015
1 4.68632 -1.18288
1 2.07616 -1.29073
1 -1.34098 -1.1657
1 -4.47028 -1.0638
3 0.3 -1.5
3 -0.3 -1.5
3 -0.3 1.5
3 0.3 1.5
370
0 -1.44822 6.02585
0 2.24816 1.39115
0 5.14685 1.26108
0 -1.22505 1.56276
0 -4.12659 1.73004
1 4.68616 -1.18297
1 2.07934 -1.29139
1 -1.34512 -1.16467
1 -4.4698 -1.064
3 0.3 -1.5
3 -0.3 -1.5
3 -0.3 1.5
3 0.3 1.5
374
0 -1.44818 6.02582
0 2.24806 1.39119
0 5.14679 1.2611
0 -1.22514 1.5628
0 -4.1267 1.73009
1 4.68607 -1.18294
1 2.08189 -1.29176
1 -1.33773 -1.16621
1 -4.46907 -1.06441
3 0.3 -1.5
3 -0.3 -1.5
3 -0.3 1.5
3 0.3 1.5
378
0 -1.44798 6.02566
0 2.25467 1.38843
0 5.14837 1.26115
0 -1.22353 1.56314
0 -4.12426 1.73227
1 4.68639 -1.18297
1 2.08228 -1.29185
1 -1.33731 -1.16633
1 -4.46864 -1.06456
3 0.3 -1.5
3 -0.3 -1.5
3 -0.3 1.5
3 0.3 1.5
382
0 -1.44806 6.0257
0 2.23013 1.38624
0 5.1286 1.25903
0 -1.22344 1.56295
0 -4.12339 1.73264
1 4.6869 -1.18307
1 2.07435 -1.29077
1 -1.33624 -1.16653
1 -4.46795 -1.06488
3 0.3 -1.5
3 -0.3 -1.5
3 -0.3 1.5
3 0.3 1.5
386
0 -1.4481 6.02569
0 2.23016 1.38615
0 5.12862 1.25895
0 -1.22342 1.56288
0 -4.12336 1.73258
1 4.70483 -1.18223
1 2.07398 -1.29088
1 -1.33953 -1.16587
1 -4.46788 -1.06501
3 0.3 -1.5
3 -0.3 -1.5
3 -0.3 1.5
3 0.3 1.5
390
0 -1.44819 6.02572
0 2.23366 1.38693
0 5.13295 1.25933
0 -1.23565 1.55965
0 -4.12058 1.73428
1 4.70458 -1.18323
1 2.07064 -1.29046
1 -1.34526 -1.16438
1 -4.46541 -1.06617
3 0.3 -1.5
3 -0.3 -1.5
3 -0.3 1.5
3 0.3 1.5
394
0 -1.44853 6.02584
0 2.21838 1.38589
0 5.11168 1.25709
0 -1.26132 1.55306
0 -4.115 1.7373
1 4.70481 -1.18337
1 2.07088 -1.2906
1 -1.34497 -1.16452
1 -4.46513 -1.06629
3 0.3 -1.5
3 -0.3 -1.5
3 -0.3 1.5
3 0.3 1.5
398
0 -1.44833 6.02555
0 2.22583 1.38288
0 5.11123 1.25722
0 -1.25808 1.55474
0 -4.11338 1.73893
1 4.69277 -1.18264
1 2.06779 -1.29023
1 -1.34282 -1.16501
1 -4.46467 -1.06645
3 0.3 -1.5
3 -0.3 -1.5
3 -0.3 1.5
3 0.3 1.5
402
0 -1.4483 6.02552
0 2.23512 1.38429
0 5.11104 1.25727
0 -1.25204 1.55611
0 -4.11165 1.74014
1 4.69286 -1.18261
1 2.0724 -1.29094
1 -1.34728 -1.16456
1 -4.46691 -1.06536
3 0.3 -1.5
3 -0.3 -1.5
3 -0.3 1.5
3 0.3 1.5
406
0 -1.44829 6.02548
0 2.2349 1.38413
0 5.11085 1.25713
0 -1.25225 1.55597
0 -4.11187 1.74001
1 4.6892 -1.17942
1 2.0749 -1.29169
1 -1.34305 -1.1657
1 -4.46714 -1.06532
3 0.3 -1.5
3 -0.3 -1.5
3 -0.3 1.5
3 0.3 1.5
410
0 -1.44835 6.02548
0 2.23511 1.38412
0 5.11103 1.2571
0 -1.25205 1.55598
0 -4.11165 1.74003
1 4.70479 -1.17871
1 2.06297 -1.28989
1 -1.34571 -1.16476
1 -4.4661 -1.06598
3 0.3 -1.5
3 -0.3 -1.5
3 -0.3 1.5
3 0.3 1.5
414
0 -1.44842 6.02546
0 2.23157 1.38489
0 5.09897 1.25596
0 -1.24994 1.55625
0 -4.10616 1.74358
1 4.70448 -1.17875
1 2.06267 -1.28992
1 -1.34601 -1.16478
1 -4.46641 -1.06599
3 0.3 -1.5
3 -0.3 -1.5
3 -0.3 1.5
3 0.3 1.5
418
0 -1.4484 6.02543
0 2.23177 1.38568
0 5.09524 1.25565
0 -1.2457 1.5571
0 -4.10461 1.74467
1 4.70446 -1.17881
1 2.06265 -1.28998
1 -1.34603 -1.16484
1 -4.46643 -1.06604
3 0.3 -1.5
3 -0.3 -1.5
3 -0.3 1.5
3 0.3 1.5
422
0 -1.44834 6.02539
0 2.23386 1.38607
0 5.10188 1.25597
0 -1.24176 1.55785
0 -4.10334 1.74566
1 4.70325 -1.17927
1 2.06987 -1.29144
1 -1.3496 -1.16407
1 -4.46751 -1.06551
3 0.3 -1.5
3 -0.3 -1.5
3 -0.3 1.5
3 0.3 1.5
426
0 -1.44835 6.02539
0 2.23741 1.38646
0 5.10731 1.25622
0 -1.25224 1.55495
0 -4.10376 1.74538
1 4.7037 -1.17939
1 2.07029 -1.29154
1 -1.34916 -1.16418
1 -4.46708 -1.06562
3 0.3 -1.5
3 -0.3 -1.5
3 -0.3 1.5
3 0.3 1.5
430
0 -1.44834 6.02537
0 2.23689 1.38675
0 5.09918 1.25545
0 -1.2493 1.5556
0 -4.10234 1.74639
1 4.71005 -1.1806
1 2.07014 -1.29172
1 -1.34588 -1.16489
1 -4.46796 -1.06525
3 0.3 -1.5
3 -0.3 -1.5
3 -0.3 1.5
3 0.3 1.5
434
0 -1.44841 6.02542
0 2.22596 1.38659
0 5.08842 1.25398
0 -1.25667 1.55345
0 -4.10305 1.74577
1 4.72295 -1.1825
1 2.05214 -1.28908
1 -1.34816 -1.16419
1 -4.46488 -1.06663
3 0.3 -1.5
3 -0.3 -1.5
3 -0.3 1.5
3 0.3 1.5
438
0 -1.44839 6.02538
0 2.21377 1.3821
0 5.08824 1.25417
0 -1.2583 1.55325
0 -4.10123 1.7471
1 4.72283 -1.18234
1 2.05201 -1.28896
1 -1.34829 -1.16409
1 -4.465 -1.06654
3 0.3 -1.5
3 -0.3 -1.5
3 -0.3 1.5
3 0.3 1.5
442
0 -1.44834 6.02536
0 2.21381 1.38219
0 5.08827 1.25423
0 -1.25827 1.55332
0 -4.10119 1.74719
1 4.7139 -1.1817
1 2.05596 -1.28969
1 -1.35152 -1.16314
1 -4.46208 -1.06794
3 0.3 -1.5
3 -0.3 -1.5
3 -0.3 1.5
3 0.3 1.5
446
0 -1.4482 6.02529
0 2.22098 1.38014
0 5.08871 1.25434
0 -1.25792 1.55341
0 -4.10277 1.74647
1 4.71433 -1.18159
1 2.05308 -1.28911
1 -1.35741 -1.16214
1 -4.46178 -1.06787
3 0.3 -1.5
3 -0.3 -1.5
3 -0.3 1.5
3 0.3 1.5
450
0 -1.44814 6.02533
0 2.21587 1.38017
0 5.0754 1.25297
0 -1.25451 1.55432
0 -4.10168 1.74737
1 4.70302 -1.1871
1 2.05303 -1.2889
1 -1.35564 -1.16227
1 -4.46215 -1.0675
3 0.3 -1.5
3 -0.3 -1.5
3 -0.3 1.5
3 0.3 1.5
454
0 -1.44803 6.02526
0 2.22428 1.37825
0 5.07523 1.25313
0 -1.25309 1.55493
0 -4.10235 1.74722
1 4.70284 -1.18688
1 2.05289 -1.28876
1 -1.35582 -1.16211
1 -4.46231 -1.06737
3 0.3 -1.5
3 -0.3 -1.5
3 -0.3 1.5
3 0.3 1.5
458
0 -1.44805 6.02529
0 2.22416 1.37807
0 5.07514 1.25306
0 -1.25319 1.5548
0 -4.10245 1.74705
1 4.6886 -1.18637
1 2.0498 -1.28843
1 -1.36465 -1.15987
1 -4.4622 -1.06734
3 0.3 -1.5
3 -0.3 -1.5
3 -0.3 1.5
3 0.3 1.5
462
0 -1.44806 6.02527
0 2.22882 1.37658
0 5.07495 1.25307
0 -1.25939 1.55337
0 -4.10077 1.74819
1 4.68833 -1.18639
1 2.04616 -1.288
1 -1.36643 -1.15948
1 -4.46313 -1.06683
3 0.3 -1.5
3 -0.3 -1.5
3 -0.3 1.5
3 0.3 1.5
466
0 -1.448 6.02525
0 2.22529 1.37646
0 5.07206 1.25284
0 -1.25772 1.55368
0 -4.10056 1.7485
1 4.69365 -1.18799
1 2.04007 -1.28711
1 -1.36203 -1.16069
1 -4.46238 -1.06712
3 0.3 -1.5
3 -0.3 -1.5
3 -0.3 1.5
3 0.3 1.5
470
0 -1.44794 6.02522
0 2.22521 1.37659
0 5.07202 1.2529
0 -1.25778 1.55377
0 -4.10065 1.74862
1 4.68921 -1.18821
1 2.03885 -1.28691
1 -1.35676 -1.16175
1 -4.4599 -1.06831
3 0.3 -1.5
3 -0.3 -1.5
3 -0.3 1.5
3 0.3 1.5
474
0 -1.44791 6.02523
0 2.21419 1.37615
0 5.06497 1.2522
0 -1.25374 1.55454
0 -4.10301 1.74706
1 4.68962 -1.18837
1 2.03923 -1.28705
1 -1.35637 -1.16189
1 -4.45951 -1.06844
3 0.3 -1.5
3 -0.3 -1.5
3 -0.3 1.5
3 0.3 1.5
478
0 -1.44792 6.02525
0 2.2139 1.37596
0 5.06477 1.2521
0 -1.25398 1.55435
0 -4.10329 1.74683
1 4.69445 -1.18944
1 2.04694 -1.28864
1 -1.36114 -1.16093
1 -4.46198 -1.06716
3 0.3 -1.5
3 -0.3 -1.5
3 -0.3 1.5
3 0.3 1.5
482
0 -1.448 6.0253
0 2.20692 1.37589
0 5.07214 1.25272
0 -1.2583 1.55327
0 -4.10387 1.74628
1 4.70291 -1.1906
1 2.04502 -1.28828
1 -1.36143 -1.16079
1 -4.46151 -1.06738
3 0.3 -1.5
3 -0.3 -1.5
3 -0.3 1.5
3 0.3 1.5
486
0 -1.44802 6.02532
0 2.20696 1.37585
0 5.07217 1.2527
0 -1.25827 1.55323
0 -4.10382 1.74622
1 4.70107 -1.19069
1 2.04711 -1.2888
1 -1.36995 -1.1588
1 -4.46139 -1.06739
3 0.3 -1.5
3 -0.3 -1.5
3 -0.3 1.5
3 0.3 1.5
490
0 -1.44808 6.02535
0 2.20857 1.37614
0 5.07244 1.25267
0 -1.2674 1.5509
0 -4.10357 1.74627
1 4.7014 -1.19115
1 2.04983 -1.28936
1 -1.37216 -1.15825
1 -4.46097 -1.06752
3 0.3 -1.5
3 -0.3 -1.5
3 -0.3 1.5
3 0.3 1.5
494
0 -1.44809 6.02537
0 2.20771 1.37629
0 5.07246 1.25258
0 -1.26647 1.55066
0 -4.10317 1.74648
1 4.70141 -1.19128
1 2.04845 -1.28592
1 -1.37453 -1.15774
1 -4.46014 -1.06812
3 0.3 -1.5
3 -0.3 -1.5
3 -0.3 1.5
3 0.3 1.5
498
0 -1.4481 6.02536
0 2.20699 1.37662
0 5.07149 1.25253
0 -1.26437 1.55119
0 -4.10172 1.74746
1 4.69617 -1.19093
1 2.04688 -1.28575
1 -1.36826 -1.15917
1 -4.46126 -1.06766
3 0.3 -1.5
3 -0.3 -1.5
3 -0.3 1.5
3 0.3 1.5
502
0 -1.44808 6.02535
0 2.20704 1.37668
0 5.07153 1.25258
0 -1.26432 1.55125
0 -4.10167 1.74753
1 4.68888 -1.19031
1 2.04748 -1.2859
1 -1.37018 -1.15901
1 -4.46019 -1.06809
3 0.3 -1.5
3 -0.3 -1.5
3 -0.3 1.5
3 0.3 1.5
506
0 -1.44811 6.02535
0 2.20834 1.37709
0 5.0785 1.25325
0 -1.26859 1.55011
0 -4.09949 1.74896
1 4.69653 -1.1918
1 2.04755 -1.28594
1 -1.37211 -1.15898
1 -4.46053 -1.06787
3 0.3 -1.5
3 -0.3 -1.5
3 -0.3 1.5
3 0.3 1.5
510
0 -1.44812 6.02535
0 2.20838 1.37711
0 5.07853 1.25327
0 -1.26855 1.55013
0 -4.09945 1.74899
1 4.69681 -1.19203
1 2.0461 -1.28576
1 -1.37106 -1.1591
1 -4.46052 -1.06789
3 0.3 -1.5
3 -0.3 -1.5
3 -0.3 1.5
3 0.3 1.5
514
0 -1.4482 6.02543
0 2.20949 1.37777
0 5.08282 1.25366
0 -1.27478 1.54889
0 -4.10194 1.74708
1 4.69694 -1.19206
1 2.04623 -1.28578
1 -1.37093 -1.15911
1 -4.46039 -1.06789
3 0.3 -1.5
3 -0.3 -1.5
3 -0.3 1.5
3 0.3 1.5
518
0 -1.4482 6.02543
0 2.20947 1.37775
0 5.08279 1.25365
0 -1.27481 1.54887
0 -4.10198 1.74706
1 4.70072 -1.19278
1 2.05289 -1.28694
1 -1.37502 -1.15808
1 -4.46031 -1.06792
3 0.3 -1.5
3 -0.3 -1.5
3 -0.3 1.5
3 0.3 1.5
522
0 -1.44823 6.02553
0 2.20004 1.37821
0 5.08615 1.25414
0 -1.27085 1.54987
0 -4.10805 1.74281
1 4.70042 -1.19265
1 2.0526 -1.2868
1 -1.37533 -1.15791
1 -4.46059 -1.06772
3 0.3 -1.5
3 -0.3 -1.5
3 -0.3 1.5
3 0.3 1.5
526
0 -1.44829 6.02566
0 2.19593 1.37819
0 5.0832 1.25429
0 -1.26909 1.55058
0 -4.11523 1.73774
1 4.70035 -1.19249
1 2.04778 -1.2859
1 -1.37511 -1.15775
1 -4.4621 -1.06691
3 0.3 -1.5
3 -0.3 -1.5
3 -0.3 1.5
3 0.3 1.5
530
3 0.3 1.5
3 -0.3 1.5
3 -0.3 -1.5
3 0.3 -1.5
1 -4.46249 -1.06669
1 -1.37496 -1.15778
1 2.05496 -1.28718
1 4.70062 -1.19333
0 -4.11518 1.73763
0 -1.27029 1.55032
0 5.08323 1.25416
0 2.18349 1.37746
0 -1.44835 6.0257
534
3 0.3 1.5
3 -0.3 1.5
3 -0.3 -1.5
3 0.3 -1.5
1 -4.46263 -1.06668
1 -1.37511 -1.15777
1 2.05482 -1.28717
1 4.70048 -1.19332
0 -4.11536 1.73764
0 -1.26566 1.55139
0 5.08601 1.2545
0 2.18372 1.37781
0 -1.43297 6.04121
538
3 0.3 1.5
3 -0.3 1.5
3 -0.3 -1.5
3 0.3 -1.5
1 -4.45948 -1.06816
1 -1.38489 -1.15528
1 2.04969 -1.2863
1 4.7005 -1.19401
0 -4.11527 1.73768
0 -1.26556 1.55145
0 5.08611 1.25455
0 2.18382 1.37786
0 -1.43289 6.04128
542
3 0.3 1.5
3 -0.3 1.5
3 -0.3 -1.5
3 0.3 -1.5
1 -4.4595 -1.06815
1 -1.38371 -1.15554
1 2.0499 -1.2863
1 4.70909 -1.19558
0 -4.11533 1.73767
0 -1.26732 1.5511
0 5.08836 1.25482
0 2.19092 1.37903
0 -1.43537 6.03823
546
3 0.3 1.5
3 -0.3 1.5
3 -0.3 -1.5
3 0.3 -1.5
1 -4.46128 -1.06716
1 -1.38406 -1.15552
1 2.04566 -1.28564
1 4.70906 -1.19556
0 -4.11537 1.73763
0 -1.26895 1.55071
0 5.09245 1.25123
0 2.17719 1.377
0 -1.45036 6.02217
550
3 0.3 1.5
3 -0.3 1.5
3 -0.3 -1.5
3 0.3 -1.5
1 -4.46116 -1.06729
1 -1.38393 -1.15569
1 2.04579 -1.28586
1 4.70917 -1.19578
0 -4.11526 1.73759
0 -1.26806 1.5507
0 5.08174 1.25562
0 2.17734 1.37681
0 -1.45748 6.01262
554
3 0.3 1.5
3 -0.3 1.5
3 -0.3 -1.5
3 0.3 -1.5
1 -4.45972 -1.06792
1 -1.39137 -1.15394
1 2.04593 -1.28592
1 4.70937 -1.19582
0 -4.1151 1.73759
0 -1.26844 1.55053
0 5.07743 1.2551
0 2.1655 1.37518
0 -1.4897 5.97657
558
3 0.3 1.5
3 -0.3 1.5
3 -0.3 -1.5
3 0.3 -1.5
1 -4.45942 -1.06807
1 -1.38943 -1.15426
1 2.04724 -1.28616
1 4.70927 -1.19582
0 -4.11514 1.7376
0 -1.26546 1.55124
0 5.08125 1.25543
0 2.17013 1.37609
0 -1.53141 5.93177
562
3 0.3 1.5
3 -0.3 1.5
3 -0.3 -1.5
3 0.3 -1.5
1 -4.46011 -1.06768
1 -1.38913 -1.15437
1 2.04957 -1.28674
1 4.70924 -1.19586
0 -4.11514 1.73758
0 -1.26249 1.55175
0 5.08159 1.25523
0 2.1594 1.37487
0 -1.57129 5.88875
566
3 0.3 1.5
3 -0.3 1.5
3 -0.3 -1.5
3 0.3 -1.5
1 -4.45995 -1.06778
1 -1.39003 -1.15401
1 2.04568 -1.28613
1 4.71526 -1.19669
0 -4.11509 1.73759
0 -1.26237 1.5518
0 5.08176 1.25531
0 2.15952 1.37492
0 -1.5708 5.88907
570
3 0.3 1.5
3 -0.3 1.5
3 -0.3 -1.5
3 0.3 -1.5
1 -4.45999 -1.0678
1 -1.39007 -1.15403
1 2.04565 -1.28615
1 4.71523 -1.19671
0 -4.11514 1.73759
0 -1.26106 1.55201
0 5.08184 1.25521
0 2.14872 1.37398
0 -1.55909 5.89968
574
3 0.3 1.5
3 -0.3 1.5
3 -0.3 -1.5
3 0.3 -1.5
1 -4.45947 -1.06801
1 -1.39212 -1.15352
1 2.04392 -1.28594
1 4.70501 -1.19579
0 -4.11508 1.73759
0 -1.26042 1.55211
0 5.08404 1.25534
0 2.14576 1.3737
0 -1.58263 5.87346
578
3 0.3 1.5
3 -0.3 1.5
3 -0.3 -1.5
3 0.3 -1.5
1 -4.45771 -1.0688
1 -1.39012 -1.15392
1 2.0327 -1.2843
1 4.70863 -1.19703
0 -4.11512 1.73761
0 -1.26057 1.55221
0 5.08383 1.25546
0 2.14561 1.37378
0 -1.58311 5.87361
582
3 0.3 1.5
3 -0.3 1.5
3 -0.3 -1.5
3 0.3 -1.5
1 -4.45784 -1.06877
1 -1.39024 -1.15389
1 2.03258 -1.28428
1 4.70853 -1.19701
0 -4.11516 1.73761
0 -1.25865 1.55272
0 5.08729 1.25582
0 2.15064 1.37466
0 -1.57977 5.87728
586
3 0.3 1.5
3 -0.3 1.5
3 -0.3 -1.5
3 0.3 -1.5
1 -4.45803 -1.06873
1 -1.38579 -1.15478
1 2.03385 -1.28442
1 4.71523 -1.19775
0 -4.11514 1.73762
0 -1.25615 1.55339
0 5.09492 1.25658
0 2.14878 1.37477
0 -1.59747 5.85887
590
3 0.3 1.5
3 -0.3 1.5
3 -0.3 -1.5
3 0.3 -1.5
1 -4.45892 -1.06824
1 -1.38186 -1.15576
1 2.0338 -1.28449
1 4.7138 -1.19875
0 -4.11518 1.73763
0 -1.25636 1.55339
0 5.09464 1.2566
0 2.14857 1.37477
0 -1.59838 5.85867
594
3 0.3 1.5
3 -0.3 1.5
3 -0.3 -1.5
3 0.3 -1.5
1 -4.45882 -1.06823
1 -1.38127 -1.15612
1 2.03491 -1.28479
1 4.71398 -1.19882
0 -4.11515 1.73762
0 -1.25996 1.55249
0 5.09294 1.25636
0 2.14422 1.37439
0 -1.60176 5.85383
598
3 0.3 1.5
3 -0.3 1.5
3 -0.3 -1.5
3 0.3 -1.5
1 -4.45877 -1.0683
1 -1.38364 -1.15544
1 2.03248 -1.28438
1 4.71402 -1.1988
0 -4.11513 1.73762
0 -1.25728 1.5531
0 5.09249 1.2564
0 2.1483 1.37523
0 -1.60156 5.85396
602
3 0.3 1.5
3 -0.3 1.5
3 -0.3 -1.5
3 0.3 -1.5
1 -4.45863 -1.06835
1 -1.38283 -1.15571
1 2.03243 -1.28454
1 4.71392 -1.19883
0 -4.11513 1.73763
0 -1.25277 1.55427
0 5.09016 1.25618
0 2.14451 1.37499
0 -1.61504 5.8402
606
3 0.3 1.5
3 -0.3 1.5
3 -0.3 -1.5
3 0.3 -1.5
1 -4.4597 -1.06779
1 -1.38209 -1.15603
1 2.03273 -1.28479
1 4.71387 -1.19885
0 -4.11514 1.73762
0 -1.25286 1.5542
0 5.09004 1.25611
0 2.14442 1.37493
0 -1.61539 5.83991
610
3 0.3 1.5
3 -0.3 1.5
3 -0.3 -1.5
3 0.3 -1.5
1 -4.45999 -1.06771
1 -1.38238 -1.15596
1 2.03243 -1.28472
1 4.71369 -1.19881
0 -4.1152 1.73763
0 -1.24952 1.55509
0 5.09815 1.2569
0 2.15021 1.37613
0 -1.59413 5.86329
614
3 0.3 1.5
3 -0.3 1.5
3 -0.3 -1.5
3 0.3 -1.5
1 -4.45979 -1.06792
1 -1.38585 -1.15512
1 2.03305 -1.28496
1 4.7304 -1.19865
0 -4.11519 1.73762
0 -1.24583 1.55588
0 5.09969 1.25705
0 2.14775 1.37593
0 -1.59398 5.8634
618
3 0.3 1.5
3 -0.3 1.5
3 -0.3 -1.5
3 0.3 -1.5
1 -4.45984 -1.06786
1 -1.3933 -1.1536
1 2.03271 -1.28522
1 4.74067 -1.19858
0 -4.1152 1.73761
0 -1.24577 1.55571
0 5.09976 1.25686
0 2.1478 1.37578
0 -1.59375 5.86299
622
0 0.455627 8.20192
3 0.3 1.5
3 -0.3 1.5
3 -0.3 -1.5
3 0.3 -1.5
1 -4.46201 -1.06687
1 -1.39557 -1.15268
1 2.03046 -1.28441
1 4.73867 -1.1978
0 -4.11867 1.73414
0 -1.24542 1.55707
0 5.08161 1.25638
0 2.14749 1.37669
0 -1.59987 5.86492
626
0 0.458516 8.20152
3 0.3 1.5
3 -0.3 1.5
3 -0.3 -1.5
3 0.3 -1.5
1 -4.4617 -1.06685
1 -1.39526 -1.15268
1 2.03076 -1.28443
1 4.73896 -1.19782
0 -4.12584 1.72937
0 -1.24214 1.55792
0 5.08151 1.25637
0 2.14604 1.37696
0 -1.59644 5.8697
630
0 0.459197 8.20184
3 0.3 1.5
3 -0.3 1.5
3 -0.3 -1.5
3 0.3 -1.5
1 -4.4608 -1.0673
1 -1.39681 -1.15221
1 2.03217 -1.28456
1 4.73406 -1.19741
0 -4.12578 1.72941
0 -1.24205 1.55796
0 5.08164 1.25641
0 2.14613 1.37699
0 -1.59615 5.86982
634
0 0.458944 8.20109
3 0.3 1.5
3 -0.3 1.5
3 -0.3 -1.5
3 0.3 -1.5
1 -4.46245 -1.06645
1 -1.4002 -1.15159
1 2.02791 -1.28407
1 4.73934 -1.19832
0 -4.12581 1.72933
0 -1.24207 1.55787
0 5.08161 1.25634
0 2.14611 1.37693
0 -1.59625 5.86956
638
0 0.461102 8.20019
3 0.3 1.5
3 -0.3 1.5
3 -0.3 -1.5
3 0.3 -1.5
1 -4.46208 -1.06659
1 -1.39981 -1.15174
1 2.02829 -1.28423
1 4.73967 -1.19848
0 -4.12709 1.72851
0 -1.24182 1.55775
0 5.08493 1.25648
0 2.13565 1.37638
0 -1.58888 5.87632
642
0 0.461959 8.20032
3 0.3 1.5
3 -0.3 1.5
3 -0.3 -1.5
3 0.3 -1.5
1 -4.46278 -1.06623
1 -1.40152 -1.15131
1 2.02805 -1.28414
1 4.72447 -1.19805
0 -4.12672 1.72865
0 -1.23781 1.55885
0 5.08863 1.25689
0 2.12967 1.37591
0 -1.59798 5.86661
646
0 0.461985 8.20036
3 0.3 1.5
3 -0.3 1.5
3 -0.3 -1.5
3 0.3 -1.5
1 -4.46238 -1.06643
1 -1.40795 -1.14973
1 2.02286 -1.2834
1 4.72678 -1.1985
0 -4.12574 1.72915
0 -1.23527 1.55944
0 5.09278 1.25733
0 2.12159 1.37515
0 -1.61157 5.85216
650
0 0.402001 8.14206
3 0.3 1.5
3 -0.3 1.5
3 -0.3 -1.5
3 0.3 -1.5
1 -4.46257 -1.06638
1 -1.40815 -1.14968
1 2.02267 -1.28337
1 4.72659 -1.19848
0 -4.12512 1.72945
0 -1.23569 1.55949
0 5.09257 1.25736
0 2.12602 1.37609
0 -1.61208 5.85227
654
0 0.40233 8.14172
3 0.3 1.5
3 -0.3 1.5
3 -0.3 -1.5
3 0.3 -1.5
1 -4.46284 -1.06625
1 -1.40771 -1.14988
1 2.02347 -1.28175
1 4.72657 -1.19857
0 -4.12859 1.72705
0 -1.23481 1.55969
0 5.09734 1.25777
0 2.12475 1.37604
0 -1.62469 5.83867
658
0 0.400822 8.14169
3 0.3 1.5
3 -0.3 1.5
3 -0.3 -1.5
3 0.3 -1.5
1 -4.46358 -1.06594
1 -1.40365 -1.15088
1 2.02248 -1.28168
1 4.72633 -1.19858
0 -4.12663 1.72823
0 -1.2366 1.55941
0 5.10219 1.25831
0 2.12307 1.37604
0 -1.62536 5.83899
662
0 0.400454 8.14155
3 0.3 1.5
3 -0.3 1.5
3 -0.3 -1.5
3 0.3 -1.5
1 -4.46376 -1.06581
1 -1.40593 -1.15037
1 2.02088 -1.28148
1 4.73143 -1.19979
0 -4.12668 1.72818
0 -1.23665 1.55939
0 5.10213 1.25832
0 2.12301 1.37603
0 -1.62556 5.83889
666
0 0.399534 8.14168
3 0.3 1.5
3 -0.3 1.5
3 -0.3 -1.5
3 0.3 -1.5
1 -4.46424 -1.06559
1 -1.40748 -1.15011
1 2.02128 -1.2817
1 4.73125 -1.19978
0 -4.12527 1.72897
0 -1.23505 1.55989
0 5.10369 1.25855
0 2.11848 1.37576
0 -1.63146 5.83361
670
0 0.397862 8.14228
3 0.3 1.5
3 -0.3 1.5
3 -0.3 -1.5
3 0.3 -1.5
1 -4.46477 -1.06528
1 -1.40851 -1.1498
1 2.02588 -1.28237
1 4.7245 -1.19939
0 -4.12745 1.72741
0 -1.23054 1.56117
0 5.10728 1.25907
0 2.11991 1.3762
0 -1.63706 5.83021
674
0 0.398191 8.14233
3 0.3 1.5
3 -0.3 1.5
3 -0.3 -1.5
3 0.3 -1.5
1 -4.46492 -1.0652
1 -1.41324 -1.14862
1 2.02225 -1.2818
1 4.70948 -1.19791
0 -4.12822 1.7267
0 -1.23079 1.56123
0 5.10916 1.25932
0 2.1178 1.37616
0 -1.62443 5.8437
678
0 0.397398 8.14254
3 0.3 1.5
3 -0.3 1.5
3 -0.3 -1.5
3 0.3 -1.5
1 -4.46531 -1.06512
1 -1.41617 -1.14784
1 2.01888 -1.28133
1 4.71035 -1.19811
0 -4.12438 1.72889
0 -1.23397 1.56074
0 5.10885 1.25938
0 2.11495 1.37616
0 -1.62377 5.8459
682
0 0.397985 8.14256
3 0.3 1.5
3 -0.3 1.5
3 -0.3 -1.5
3 0.3 -1.5
1 -4.46568 -1.06498
1 -1.4199 -1.14686
1 2.01954 -1.2814
1 4.71053 -1.19807
0 -4.12418 1.72894
0 -1.2338 1.56077
0 5.10903 1.2594
0 2.11514 1.3762
0 -1.62323 5.84603
686
0 0.36503 8.11225
3 0.3 1.5
3 -0.3 1.5
3 -0.3 -1.5
3 0.3 -1.5
1 -4.46545 -1.06516
1 -1.41881 -1.14723
1 2.01783 -1.28136
1 4.72014 -1.19729
0 -4.12428 1.72888
0 -1.23138 1.56134
0 5.11291 1.25969
0 2.1105 1.37583
0 -1.62343 5.84585
690
0 0.364843 8.11203
3 0.3 1.5
3 -0.3 1.5
3 -0.3 -1.5
3 0.3 -1.5
1 -4.46533 -1.0652
1 -1.4215 -1.14664
1 2.01731 -1.28136
1 4.70667 -1.19591
0 -4.12431 1.72885
0 -1.23032 1.5616
0 5.11652 1.26004
0 2.11323 1.37632
0 -1.61109 5.85906
694
0 0.365638 8.11165
3 0.3 1.5
3 -0.3 1.5
3 -0.3 -1.5
3 0.3 -1.5
1 -4.46569 -1.06494
1 -1.42174 -1.14661
1 2.02002 -1.28184
1 4.69352 -1.19567
0 -4.12417 1.7288
0 -1.24048 1.55903
0 5.1079 1.25929
0 2.11478 1.37669
0 -1.60398 5.8658
698
0 0.370888 8.10929
3 0.3 1.5
3 -0.3 1.5
3 -0.3 -1.5
3 0.3 -1.5
1 -4.46413 -1.06563
1 -1.42004 -1.14724
1 2.02165 -1.28236
1 4.69525 -1.1962
0 -4.12329 1.73024
0 -1.23892 1.55846
0 5.11241 1.25892
0 2.11956 1.37668
0 -1.60038 5.86425
702
0 0.369819 8.10995
3 0.3 1.5
3 -0.3 1.5
3 -0.3 -1.5
3 0.3 -1.5
1 -4.46454 -1.06553
1 -1.41972 -1.14726
1 2.01902 -1.282
1 4.6962 -1.19643
0 -4.12044 1.73204
0 -1.23738 1.55898
0 5.1164 1.25948
0 2.12227 1.37725
0 -1.60111 5.86463
706
0 0.370421 8.10995
3 0.3 1.5
3 -0.3 1.5
3 -0.3 -1.5
3 0.3 -1.5
1 -4.46366 -1.06593
1 -1.42174 -1.1468
1 2.01908 -1.28215
1 4.69935 -1.19708
0 -4.12031 1.73206
0 -1.23721 1.559
0 5.11432 1.2592
0 2.11332 1.37677
0 -1.60077 5.86464
710
0 0.370831 8.1099
3 0.3 1.5
3 -0.3 1.5
3 -0.3 -1.5
3 0.3 -1.5
1 -4.46367 -1.0659
1 -1.419 -1.14747
1 2.0167 -1.28185
1 4.70296 -1.19759
0 -4.12022 1.73205
0 -1.24245 1.55763
0 5.10306 1.25861
0 2.1132 1.37685
0 -1.60055 5.86462
714
0 0.370937 8.10989
3 0.3 1.5
3 -0.3 1.5
3 -0.3 -1.5
3 0.3 -1.5
1 -4.46363 -1.06591
1 -1.41895 -1.14748
1 2.01674 -1.28185
1 4.70301 -1.1976
0 -4.12018 1.73205
0 -1.2442 1.55712
0 5.09776 1.25808
0 2.11325 1.37685
0 -1.60709 5.85746
718
0 0.370204 8.11032
3 0.3 1.5
3 -0.3 1.5
3 -0.3 -1.5
3 0.3 -1.5
1 -4.46398 -1.06564
1 -1.42007 -1.14737
1 2.02071 -1.28231
1 4.70282 -1.1973
0 -4.12032 1.73213
0 -1.24758 1.55628
0 5.0975 1.25847
0 2.11602 1.37488
0 -1.59914 5.86642
722
0 0.370304 8.11035
3 0.3 1.5
3 -0.3 1.5
3 -0.3 -1.5
3 0.3 -1.5
1 -4.46351 -1.06586
1 -1.42248 -1.1467
1 2.01958 -1.28216
1 4.71045 -1.19828
0 -4.12029 1.73214
0 -1.24751 1.55631
0 5.08208 1.25662
0 2.11608 1.37491
0 -1.59651 5.86937
726
0 0.369624 8.11038
3 0.3 1.5
3 -0.3 1.5
3 -0.3 -1.5
3 0.3 -1.5
1 -4.46447 -1.06548
1 -1.42514 -1.14616
1 2.02012 -1.28241
1 4.70782 -1.19814
0 -4.1163 1.73464
0 -1.24782 1.55627
0 5.08668 1.25753
0 2.1158 1.37489
0 -1.59724 5.86929
730
0 0.369554 8.11039
3 0.3 1.5
3 -0.3 1.5
3 -0.3 -1.5
3 0.3 -1.5
1 -4.46458 -1.06543
1 -1.42213 -1.14684
1 2.01782 -1.28214
1 4.70778 -1.19813
0 -4.11632 1.73465
0 -1.24785 1.55628
0 5.08663 1.25754
0 2.11577 1.3749
0 -1.59732 5.86932
734
0 0.368743 8.11051
3 0.3 1.5
3 -0.3 1.5
3 -0.3 -1.5
3 0.3 -1.5
1 -4.46505 -1.06536
1 -1.42264 -1.14677
1 2.01732 -1.28208
1 4.70733 -1.19809
0 -4.11072 1.7382
0 -1.24824 1.55633
0 5.09169 1.25853
0 2.11543 1.37493
0 -1.59824 5.86948
738
0 0.368595 8.11058
3 0.3 1.5
3 -0.3 1.5
3 -0.3 -1.5
3 0.3 -1.5
1 -4.46518 -1.06538
1 -1.42399 -1.14629
1 2.01604 -1.28183
1 4.70986 -1.19878
0 -4.1084 1.73966
0 -1.24829 1.55637
0 5.0916 1.25864
0 2.11537 1.37497
0 -1.5984 5.8696
742
0 0.36858 8.1106
3 0.3 1.5
3 -0.3 1.5
3 -0.3 -1.5
3 0.3 -1.5
1 -4.46553 -1.06528
1 -1.42584 -1.14577
1 2.01154 -1.28108
1 4.70727 -1.19862
0 -4.10631 1.74094
0 -1.24829 1.55639
0 5.0916 1.25867
0 2.11537 1.37498
0 -1.59451 5.87404
746
0 0.368571 8.11058
3 0.3 1.5
3 -0.3 1.5
3 -0.3 -1.5
3 0.3 -1.5
1 -4.46515 -1.06545
1 -1.42649 -1.14561
1 2.00865 -1.2807
1 4.69653 -1.19731
0 -4.10632 1.74091
0 -1.2483 1.55638
0 5.09159 1.25864
0 2.11537 1.37497
0 -1.59453 5.874
750
0 0.369199 8.11045
3 0.3 1.5
3 -0.3 1.5
3 -0.3 -1.5
3 0.3 -1.5
1 -4.46462 -1.06563
1 -1.42593 -1.14578
1 2.00922 -1.28085
1 4.6971 -1.19746
0 -4.10851 1.73963
0 -1.248 1.55631
0 5.09207 1.25855
0 2.11564 1.37492
0 -1.59366 5.87372
754
0 0.36919 8.11045
3 0.3 1.5
3 -0.3 1.5
3 -0.3 -1.5
3 0.3 -1.5
1 -4.46374 -1.06605
1 -1.42161 -1.1467
1 2.00644 -1.28054
1 4.70062 -1.19796
0 -4.10857 1.7397
0 -1.24801 1.55632
0 5.09204 1.25856
0 2.11563 1.37493
0 -1.5937 5.87377
758
0 0.369321 8.11043
3 0.3 1.5
3 -0.3 1.5
3 -0.3 -1.5
3 0.3 -1.5
1 -4.46381 -1.06602
1 -1.42091 -1.14684
1 2.01151 -1.28138
1 4.70791 -1.19921
0 -4.10826 1.74
0 -1.24793 1.55631
0 5.09217 1.25857
0 2.1157 1.37493
0 -1.59348 5.8737
762
0 0.369566 8.11038
3 0.3 1.5
3 -0.3 1.5
3 -0.3 -1.5
3 0.3 -1.5
1 -4.46318 -1.06632
1 -1.41953 -1.14705
1 2.01253 -1.28158
1 4.70815 -1.19924
0 -4.10906 1.73957
0 -1.24783 1.55629
0 5.09233 1.25854
0 2.1158 1.37491
0 -1.59316 5.87365
766
0 0.369844 8.11034
3 0.3 1.5
3 -0.3 1.5
3 -0.3 -1.5
3 0.3 -1.5
1 -4.4625 -1.06661
1 -1.42106 -1.14661
1 2.01623 -1.2822
1 4.71386 -1.20012
0 -4.11079 1.73851
0 -1.24769 1.55627
0 5.09255 1.25852
0 2.11592 1.3749
0 -1.59277 5.87357
770
0 0.369821 8.11036
3 0.3 1.5
3 -0.3 1.5
3 -0.3 -1.5
3 0.3 -1.5
1 -4.46288 -1.0664
1 -1.4221 -1.14634
1 2.01437 -1.28197
1 4.70538 -1.19969
0 -4.11072 1.73851
0 -1.24768 1.55628
0 5.09257 1.25855
0 2.11594 1.37492
0 -1.59275 5.87358
774
0 0.369754 8.11037
3 0.3 1.5
3 -0.3 1.5
3 -0.3 -1.5
3 0.3 -1.5
1 -4.46321 -1.06627
1 -1.42173 -1.14643
1 2.01267 -1.28177
1 4.70532 -1.19969
0 -4.10963 1.73921
0 -1.2477 1.55628
0 5.09254 1.25856
0 2.11591 1.37493
0 -1.59283 5.87358
778
0 0.370024 8.11031
3 0.3 1.5
3 -0.3 1.5
3 -0.3 -1.5
3 0.3 -1.5
1 -4.46345 -1.06611
1 -1.42176 -1.14647
1 2.01503 -1.28234
1 4.70574 -1.19981
0 -4.11064 1.73863
0 -1.24756 1.55625
0 5.09276 1.25855
0 2.11604 1.37492
0 -1.59396 5.87107
782
0 0.369862 8.11034
3 0.3 1.5
3 -0.3 1.5
3 -0.3 -1.5
3 0.3 -1.5
1 -4.46407 -1.06585
1 -1.42277 -1.14629
1 2.0159 -1.28251
1 4.70557 -1.19978
0 -4.10897 1.73967
0 -1.24762 1.55626
0 5.09266 1.25857
0 2.11599 1.37493
0 -1.59423 5.87111
786
0 0.369787 8.1103
3 0.3 1.5
3 -0.3 1.5
3 -0.3 -1.5
3 0.3 -1.5
1 -4.46439 -1.06579
1 -1.42196 -1.14655
1 2.01884 -1.28309
1 4.71306 -1.19897
0 -4.10759 1.74053
0 -1.2477 1.55624
0 5.09254 1.2585
0 2.11591 1.37488
0 -1.60494 5.85955
790
0 0.369803 8.11029
3 0.3 1.5
3 -0.3 1.5
3 -0.3 -1.5
3 0.3 -1.5
1 -4.46432 -1.06584
1 -1.4219 -1.1466
1 2.0189 -1.28313
1 4.71312 -1.199
0 -4.10663 1.74118
0 -1.24769 1.55624
0 5.09256 1.25849
0 2.11382 1.37457
0 -1.60487 5.85949
794
0 0.369803 8.11028
3 0.3 1.5
3 -0.3 1.5
3 -0.3 -1.5
3 0.3 -1.5
1 -4.46376 -1.06615
1 -1.42263 -1.14634
1 2.01848 -1.28308
1 4.71312 -1.19896
0 -4.10546 1.742
0 -1.24769 1.55623
0 5.09389 1.2585
0 2.11914 1.3753
0 -1.60486 5.85955
798
0 0.369866 8.11028
3 0.3 1.5
3 -0.3 1.5
3 -0.3 -1.5
3 0.3 -1.5
1 -4.4635 -1.06625
1 -1.42473 -1.14581
1 2.01996 -1.28335
1 4.71982 -1.2002
0 -4.10579 1.74179
0 -1.24765 1.55623
0 5.09651 1.25864
0 2.11585 1.375
0 -1.60458 5.85953
802
0 0.369879 8.11028
3 0.3 1.5
3 -0.3 1.5
3 -0.3 -1.5
3 0.3 -1.5
1 -4.46284 -1.06653
1 -1.42664 -1.14521
1 2.02353 -1.28381
1 4.72001 -1.20004
0 -4.10635 1.74182
0 -1.24755 1.55619
0 5.09667 1.25877
0 2.12627 1.37382
0 -1.60215 5.86106
806
0 0.369759 8.1103
3 0.3 1.5
3 -0.3 1.5
3 -0.3 -1.5
3 0.3 -1.5
1 -4.46296 -1.0665
1 -1.42767 -1.145
1 2.02647 -1.28434
1 4.72371 -1.20084
0 -4.10463 1.74294
0 -1.24759 1.5562
0 5.09852 1.25892
0 2.12515 1.37389
0 -1.60247 5.86106
810
0 0.369661 8.11034
3 0.3 1.5
3 -0.3 1.5
3 -0.3 -1.5
3 0.3 -1.5
1 -4.46425 -1.06584
1 -1.42428 -1.14593
1 2.02306 -1.28396
1 4.72757 -1.20147
0 -4.10479 1.74284
0 -1.2476 1.5562
0 5.09845 1.25893
0 2.12507 1.37385
0 -1.60264 5.86099
814
0 0.369699 8.11034
3 0.3 1.5
3 -0.3 1.5
3 -0.3 -1.5
3 0.3 -1.5
1 -4.46439 -1.06572
1 -1.42451 -1.14589
1 2.02363 -1.28415
1 4.72184 -1.20101
0 -4.10604 1.74207
0 -1.24756 1.5562
0 5.09874 1.25889
0 2.13128 1.37462
0 -1.60241 5.86096
818
0 0.369775 8.11031
3 0.3 1.5
3 -0.3 1.5
3 -0.3 -1.5
3 0.3 -1.5
1 -4.46433 -1.06577
1 -1.42444 -1.14593
1 2.0237 -1.28418
1 4.7219 -1.20103
0 -4.10563 1.7424
0 -1.24753 1.55618
0 5.09929 1.25883
0 2.13138 1.37464
0 -1.60156 5.86092
822
0 0.369773 8.11032
3 0.3 1.5
3 -0.3 1.5
3 -0.3 -1.5
3 0.3 -1.5
1 -4.46436 -1.06575
1 -1.42416 -1.14592
1 2.01742 -1.28321
1 4.72344 -1.20147
0 -4.1055 1.74246
0 -1.24753 1.55619
0 5.09936 1.25888
0 2.13145 1.3747
0 -1.60145 5.86098
826
0 0.36975 8.11033
3 0.3 1.5
3 -0.3 1.5
3 -0.3 -1.5
3 0.3 -1.5
1 -4.46418 -1.06582
1 -1.42221 -1.14634
1 2.01698 -1.28337
1 4.72197 -1.20149
0 -4.10564 1.74242
0 -1.24752 1.55619
0 5.0993 1.25888
0 2.13138 1.37468
0 -1.60157 5.86095
830
0 0.369845 8.1103
3 0.3 1.5
3 -0.3 1.5
3 -0.3 -1.5
3 0.3 -1.5
1 -4.46325 -1.06624
1 -1.4236 -1.14599
1 2.01614 -1.28334
1 4.72218 -1.20155
0 -4.10636 1.74192
0 -1.24751 1.55618
0 5.09969 1.25876
0 2.1241 1.37406
0 -1.60707 5.85417
834
0 0.369906 8.11031
3 0.3 1.5
3 -0.3 1.5
3 -0.3 -1.5
3 0.3 -1.5
1 -4.46251 -1.06651
1 -1.42483 -1.14565
1 2.01435 -1.28317
1 4.72597 -1.20246
0 -4.10834 1.74067
0 -1.24747 1.55619
0 5.09249 1.25797
0 2.12568 1.37432
0 -1.60665 5.85413
838
0 0.369879 8.11032
3 0.3 1.5
3 -0.3 1.5
3 -0.3 -1.5
3 0.3 -1.5
1 -4.46171 -1.06685
1 -1.42523 -1.1456
1 2.01603 -1.28367
1 4.72979 -1.20326
0 -4.10843 1.74069
0 -1.24746 1.55619
0 5.09245 1.25803
0 2.12563 1.37436
0 -1.60673 5.85415
842
0 0.369858 8.1103
3 0.3 1.5
3 -0.3 1.5
3 -0.3 -1.5
3 0.3 -1.5
1 -4.46186 -1.06683
1 -1.42538 -1.14559
1 2.01589 -1.28366
1 4.72966 -1.20325
0 -4.10655 1.74192
0 -1.24747 1.55618
0 5.08918 1.25768
0 2.12488 1.37441
0 -1.61405 5.8456
846
0 0.369894 8.1103
3 0.3 1.5
3 -0.3 1.5
3 -0.3 -1.5
3 0.3 -1.5
1 -4.46178 -1.06682
1 -1.42531 -1.14558
1 2.01596 -1.28365
1 4.72972 -1.20324
0 -4.10835 1.74073
0 -1.24746 1.55618
0 5.09291 1.25781
0 2.12321 1.37431
0 -1.61393 5.84562
850
0 0.369886 8.11029
3 0.3 1.5
3 -0.3 1.5
3 -0.3 -1.5
3 0.3 -1.5
1 -4.46097 -1.06724
1 -1.42752 -1.14505
1 2.01419 -1.28346
1 4.72962 -1.20324
0 -4.10675 1.74168
0 -1.24749 1.55619
0 5.09094 1.25763
0 2.1147 1.37354
0 -1.61405 5.84567
854
0 0.369779 8.11034
3 0.3 1.5
3 -0.3 1.5
3 -0.3 -1.5
3 0.3 -1.5
1 -4.46164 -1.06685
1 -1.42818 -1.14507
1 2.00563 -1.28231
1 4.72748 -1.20341
0 -4.10681 1.74159
0 -1.24749 1.5562
0 5.09089 1.25763
0 2.11465 1.37351
0 -1.61417 5.84564
858
0 0.369834 8.11032
3 0.3 1.5
3 -0.3 1.5
3 -0.3 -1.5
3 0.3 -1.5
1 -4.46157 -1.06687
1 -1.42812 -1.14508
1 2.0057 -1.28231
1 4.72754 -1.2034
0 -4.10756 1.74118
0 -1.24746 1.55619
0 5.09465 1.25786
0 2.11922 1.37405
0 -1.61586 5.84306
862
0 0.369809 8.11033
3 0.3 1.5
3 -0.3 1.5
3 -0.3 -1.5
3 0.3 -1.5
1 -4.46169 -1.0668
1 -1.42922 -1.14486
1 2.00211 -1.28188
1 4.72539 -1.2034
0 -4.10707 1.74144
0 -1.24747 1.55619
0 5.09431 1.25768
0 2.118 1.37423
0 -1.61579 5.843
866
0 0.369766 8.11035
3 0.3 1.5
3 -0.3 1.5
3 -0.3 -1.5
3 0.3 -1.5
1 -4.46162 -1.06681
1 -1.43189 -1.14431
1 2.00474 -1.2822
1 4.72533 -1.20339
0 -4.1069 1.74155
0 -1.24747 1.5562
0 5.09644 1.25776
0 2.11763 1.37415
0 -1.61589 5.84299
870
0 0.369786 8.11033
3 0.3 1.5
3 -0.3 1.5
3 -0.3 -1.5
3 0.3 -1.5
1 -4.46176 -1.06679
1 -1.4325 -1.14417
1 2.00473 -1.2822
1 4.72832 -1.20379
0 -4.1057 1.74237
0 -1.24746 1.55618
0 5.09623 1.25773
0 2.12233 1.37488
0 -1.61405 5.84447
874
0 0.369755 8.11031
3 0.3 1.5
3 -0.3 1.5
3 -0.3 -1.5
3 0.3 -1.5
1 -4.46211 -1.06674
1 -1.43288 -1.14411
1 2.00436 -1.28215
1 4.72801 -1.20375
0 -4.10195 1.74479
0 -1.24748 1.55618
0 5.09773 1.25788
0 2.11986 1.37482
0 -1.60922 5.84978
878
0 0.369849 8.11023
3 0.3 1.5
3 -0.3 1.5
3 -0.3 -1.5
3 0.3 -1.5
1 -4.46253 -1.0664
1 -1.43599 -1.14302
1 2.00471 -1.28175
1 4.72256 -1.20278
0 -4.10295 1.74532
0 -1.24143 1.55322
0 5.09939 1.25881
0 2.1193 1.37532
0 -1.61031 5.8505
882
0 0.369969 8.11019
3 0.3 1.5
3 -0.3 1.5
3 -0.3 -1.5
3 0.3 -1.5
1 -4.46205 -1.06672
1 -1.43727 -1.14284
1 2.00675 -1.28029
1 4.72238 -1.20302
0 -4.1031 1.74521
0 -1.24145 1.55317
0 5.09519 1.25826
0 2.12475 1.37595
0 -1.61176 5.84889
886
0 0.369972 8.11019
3 0.3 1.5
3 -0.3 1.5
3 -0.3 -1.5
3 0.3 -1.5
1 -4.46183 -1.06684
1 -1.43763 -1.14267
1 2.01 -1.28083
1 4.72238 -1.20303
0 -4.10309 1.74522
0 -1.24146 1.55317
0 5.0952 1.25826
0 2.12794 1.37655
0 -1.61033 5.85079
890
0 0.370001 8.11018
3 0.3 1.5
3 -0.3 1.5
3 -0.3 -1.5
3 0.3 -1.5
1 -4.46189 -1.06683
1 -1.4377 -1.14267
1 2.00994 -1.28082
1 4.72234 -1.20303
0 -4.10315 1.74522
0 -1.23827 1.55396
0 5.08976 1.25785
0 2.13107 1.37709
0 -1.60506 5.85676
894
0 0.369885 8.11023
3 0.3 1.5
3 -0.3 1.5
3 -0.3 -1.5
3 0.3 -1.5
1 -4.46168 -1.06689
1 -1.43593 -1.14308
1 2.0061 -1.28016
1 4.72745 -1.2039
0 -4.10326 1.74523
0 -1.23635 1.55455
0 5.09084 1.25583
0 2.12797 1.37709
0 -1.60132 5.86166
898
0 0.369901 8.11023
3 0.3 1.5
3 -0.3 1.5
3 -0.3 -1.5
3 0.3 -1.5
1 -4.46123 -1.06711
1 -1.43748 -1.14269
1 2.00417 -1.27989
1 4.7275 -1.20392
0 -4.1032 1.74522
0 -1.23748 1.5544
0 5.09564 1.25619
0 2.13005 1.37747
0 -1.60112 5.86162
902
0 0.369885 8.11024
3 0.3 1.5
3 -0.3 1.5
3 -0.3 -1.5
3 0.3 -1.5
1 -4.46162 -1.06692
1 -1.44029 -1.14205
1 2.00129 -1.27948
1 4.72412 -1.20362
0 -4.10318 1.7452
0 -1.2364 1.5546
0 5.09858 1.2564
0 2.13187 1.37786
0 -1.59624 5.86693
906
0 0.369853 8.11026
3 0.3 1.5
3 -0.3 1.5
3 -0.3 -1.5
3 0.3 -1.5
1 -4.46177 -1.06685
1 -1.44045 -1.142
1 2.00113 -1.27945
1 4.724 -1.20363
0 -4.1039 1.74464
0 -1.23402 1.5553
0 5.098 1.25646
0 2.12819 1.37767
0 -1.59864 5.86498
910
0 0.369835 8.11027
3 0.3 1.5
3 -0.3 1.5
3 -0.3 -1.5
3 0.3 -1.5
1 -4.46221 -1.06666
1 -1.44267 -1.14137
1 2.00048 -1.2793
1 4.72989 -1.20458
0 -4.10379 1.74466
0 -1.23392 1.55534
0 5.09822 1.25654
0 2.12836 1.37772
0 -1.59826 5.8651
914
0 0.369705 8.11029
3 0.3 1.5
3 -0.3 1.5
3 -0.3 -1.5
3 0.3 -1.5
1 -4.46249 -1.06662
1 -1.44297 -1.14134
1 2.00017 -1.2793
1 4.72967 -1.2046
0 -4.10109 1.74637
0 -1.22904 1.55668
0 5.09833 1.2568
0 2.12902 1.37818
0 -1.59781 5.86727
918
0 0.369671 8.11031
3 0.3 1.5
3 -0.3 1.5
3 -0.3 -1.5
3 0.3 -1.5
1 -4.46185 -1.06693
1 -1.44814 -1.13997
1 1.99991 -1.27931
1 4.73001 -1.205
0 -4.10114 1.74637
0 -1.22669 1.55725
0 5.10336 1.25723
0 2.13321 1.3788
0 -1.59567 5.86988
922
0 0.369719 8.1103
3 0.3 1.5
3 -0.3 1.5
3 -0.3 -1.5
3 0.3 -1.5
1 -4.46213 -1.06683
1 -1.44601 -1.14048
1 1.9974 -1.27892
1 4.72904 -1.20482
0 -4.10117 1.74638
0 -1.22344 1.5581
0 5.1073 1.25765
0 2.13121 1.37864
0 -1.58904 5.8773
926
0 0.36973 8.11029
3 0.3 1.5
3 -0.3 1.5
3 -0.3 -1.5
3 0.3 -1.5
1 -4.46158 -1.0671
1 -1.44413 -1.14086
1 1.99932 -1.27924
1 4.735 -1.20567
0 -4.1012 1.7464
0 -1.22348 1.55817
0 5.10723 1.25772
0 2.13116 1.3787
0 -1.58916 5.87745
930
0 0.369673 8.11032
3 0.3 1.5
3 -0.3 1.5
3 -0.3 -1.5
3 0.3 -1.5
1 -4.46176 -1.06701
1 -1.44468 -1.14072
1 1.99583 -1.27871
1 4.73681 -1.20622
0 -4.10115 1.74639
0 -1.22339 1.55828
0 5.10714 1.25783
0 2.13554 1.37937
0 -1.59008 5.8767
934
0 0.369713 8.11031
3 0.3 1.5
3 -0.3 1.5
3 -0.3 -1.5
3 0.3 -1.5
1 -4.46222 -1.06679
1 -1.44637 -1.14039
1 1.99744 -1.27904
1 4.72926 -1.20547
0 -4.1011 1.74637
0 -1.22299 1.55838
0 5.10594 1.25764
0 2.13414 1.37951
0 -1.58518 5.88152
938
0 0.369775 8.11027
3 0.3 1.5
3 -0.3 1.5
3 -0.3 -1.5
3 0.3 -1.5
1 -4.46253 -1.06669
1 -1.44848 -1.13998
1 1.99541 -1.27883
1 4.73479 -1.20464
0 -4.10108 1.74637
0 -1.22106 1.55876
0 5.105 1.25745
0 2.13539 1.37968
0 -1.58466 5.88196
942
0 0.36974 8.11028
3 0.3 1.5
3 -0.3 1.5
3 -0.3 -1.5
3 0.3 -1.5
1 -4.46253 -1.06669
1 -1.44848 -1.13998
1 1.9954 -1.27883
1 4.73478 -1.20465
0 -4.10108 1.74637
0 -1.21969 1.55912
0 5.10644 1.25759
0 2.13649 1.37989
0 -1.58944 5.87702
946
0 0.369764 8.11027
3 0.3 1.5
3 -0.3 1.5
3 -0.3 -1.5
3 0.3 -1.5
1 -4.46197 -1.06691
1 -1.45288 -1.13923
1 1.99296 -1.27849
1 4.73281 -1.20449
0 -4.10103 1.74636
0 -1.21879 1.55933
0 5.10945 1.25788
0 2.13303 1.37977
0 -1.58874 5.87731
950
0 0.369746 8.11028
3 0.3 1.5
3 -0.3 1.5
3 -0.3 -1.5
3 0.3 -1.5
1 -4.46248 -1.06665
1 -1.45391 -1.13903
1 1.99377 -1.27868
1 4.72456 -1.20366
0 -4.10103 1.74636
0 -1.21677 1.55972
0 5.10949 1.25783
0 2.12864 1.37931
0 -1.59063 5.87509
954
0 0.369685 8.1103
3 0.3 1.5
3 -0.3 1.5
3 -0.3 -1.5
3 0.3 -1.5
1 -4.46268 -1.06655
1 -1.45429 -1.13894
1 1.99227 -1.27845
1 4.72989 -1.20467
0 -4.10106 1.74636
0 -1.21404 1.56049
0 5.10763 1.25773
0 2.13189 1.37978
0 -1.5909 5.87521
958
0 0.369681 8.11029
3 0.3 1.5
3 -0.3 1.5
3 -0.3 -1.5
3 0.3 -1.5
1 -4.46271 -1.06655
1 -1.45435 -1.13899
1 1.99223 -1.27845
1 4.72985 -1.20467
0 -4.10107 1.74635
0 -1.21297 1.56077
0 5.10117 1.25717
0 2.13523 1.38033
0 -1.59225 5.87361
962
0 0.369684 8.11029
3 0.3 1.5
3 -0.3 1.5
3 -0.3 -1.5
3 0.3 -1.5
1 -4.46239 -1.06671
1 -1.45618 -1.13856
1 1.99456 -1.27884
1 4.73013 -1.20483
0 -4.10106 1.74635
0 -1.21319 1.56081
0 5.1004 1.2572
0 2.13933 1.38091
0 -1.5921 5.87366
966
0 0.369687 8.11029
3 0.3 1.5
3 -0.3 1.5
3 -0.3 -1.5
3 0.3 -1.5
1 -4.46316 -1.06636
1 -1.45628 -1.13857
1 1.99667 -1.27924
1 4.73617 -1.20564
0 -4.10106 1.74634
0 -1.21043 1.56154
0 5.10116 1.25729
0 2.13944 1.38126
0 -1.58872 5.87732
970
0 0.369687 8.11029
3 0.3 1.5
3 -0.3 1.5
3 -0.3 -1.5
3 0.3 -1.5
1 -4.46232 -1.06683
1 -1.45774 -1.13823
1 1.99591 -1.27924
1 4.74597 -1.20546
0 -4.10106 1.74636
0 -1.20799 1.56227
0 5.10189 1.25724
0 2.14089 1.38149
0 -1.58747 5.87871
974
0 0.369687 8.11029
3 0.3 1.5
3 -0.3 1.5
3 -0.3 -1.5
3 0.3 -1.5
1 -4.4624 -1.0668
1 -1.4577 -1.13822
1 1.99415 -1.279
1 4.74938 -1.20606
0 -4.10106 1.74636
0 -1.20684 1.56262
0 5.1019 1.25729
0 2.14141 1.38167
0 -1.5836 5.88299
978
0 0.369687 8.11029
3 0.3 1.5
3 -0.3 1.5
3 -0.3 -1.5
3 0.3 -1.5
1 -4.46245 -1.06678
1 -1.45775 -1.1382
1 1.9941 -1.27899
1 4.74932 -1.20604
0 -4.10107 1.74636
0 -1.2062 1.56268
0 5.10185 1.2573
0 2.1407 1.38168
0 -1.5824 5.88455
982
0 0.369687 8.11029
3 0.3 1.5
3 -0.3 1.5
3 -0.3 -1.5
3 0.3 -1.5
1 -4.46251 -1.06676
1 -1.45937 -1.13779
1 1.99481 -1.27914
1 4.74977 -1.20618
0 -4.10106 1.74636
0 -1.20608 1.56271
0 5.10197 1.25733
0 2.14082 1.3817
0 -1.58213 5.88458
986
0 0.369687 8.11029
3 0.3 1.5
3 -0.3 1.5
3 -0.3 -1.5
3 0.3 -1.5
1 -4.46303 -1.0665
1 -1.4597 -1.13775
1 1.99808 -1.27972
1 4.7498 -1.20625
0 -4.10106 1.74635
0 -1.20568 1.56277
0 5.09872 1.25705
0 2.13789 1.38138
0 -1.5791 5.88769
990
0 0.369687 8.11029
3 0.3 1.5
3 -0.3 1.5
3 -0.3 -1.5
3 0.3 -1.5
1 -4.46262 -1.06674
1 -1.45529 -1.13863
1 2.00129 -1.28018
1 4.74765 -1.20603
0 -4.10106 1.74637
0 -1.20578 1.56288
0 5.09862 1.25707
0 2.13779 1.38144
0 -1.57927 5.88791
994
0 0.369687 8.11029
3 0.3 1.5
3 -0.3 1.5
3 -0.3 -1.5
3 0.3 -1.5
1 -4.46259 -1.06677
1 -1.45526 -1.13866
1 2.00132 -1.28021
1 4.74769 -1.20607
0 -4.10105 1.74637
0 -1.20325 1.56356
0 5.09866 1.25704
0 2.13166 1.38077
0 -1.57797 5.8891
998
0 0.369261 8.11039
3 0.3 1.5
3 -0.3 1.5
3 -0.3 -1.5
3 0.3 -1.5
1 -4.46433 -1.06614
1 -1.45706 -1.13817
1 1.99958 -1.2799
1 4.74591 -1.20587
0 -4.09459 1.74975
0 -1.20238 1.56488
0 5.10287 1.25789
0 2.12123 1.38034
0 -1.58834 5.88385
1002
0 0.369144 8.11042
3 0.3 1.5
3 -0.3 1.5
3 -0.3 -1.5
3 0.3 -1.5
1 -4.46535 -1.06569
1 -1.45607 -1.13845
1 2.00174 -1.28036
1 4.75101 -1.20674
0 -4.09308 1.75067
0 -1.20135 1.56525
0 5.10428 1.25809
0 2.11819 1.38018
0 -1.58809 5.88484
1006
0 0.369171 8.11041
3 0.3 1.5
3 -0.3 1.5
3 -0.3 -1.5
3 0.3 -1.5
1 -4.46452 -1.0661
1 -1.45516 -1.13858
1 2.0002 -1.2801
1 4.75326 -1.20701
0 -4.09303 1.75072
0 -1.20306 1.56483
0 5.1044 1.25809
0 2.12082 1.38072
0 -1.58852 5.8846
1010
0 0.446804 8.20509
3 0.3 1.5
3 -0.3 1.5
3 -0.3 -1.5
3 0.3 -1.5
1 -4.46538 -1.06583
1 -1.45602 -1.13838
1 1.99934 -1.27997
1 4.75238 -1.20692
0 -4.089 1.75299
0 -1.20139 1.56587
0 5.104 1.25844
0 2.12218 1.38131
0 -1.59042 5.88519
1014
0 0.445049 8.20595
3 0.3 1.5
3 -0.3 1.5
3 -0.3 -1.5
3 0.3 -1.5
1 -4.46572 -1.06579
1 -1.45783 -1.13791
1 1.99687 -1.27958
1 4.7529 -1.20707
0 -4.08497 1.75515
0 -1.20333 1.56604
0 5.10448 1.25883
0 2.11881 1.38142
0 -1.5923 5.88612
1018
0 0.497287 8.26569
3 0.3 1.5
3 -0.3 1.5
3 -0.3 -1.5
3 0.3 -1.5
1 -4.46632 -1.06559
1 -1.45845 -1.13777
1 1.99626 -1.27953
1 4.75228 -1.20707
0 -4.08265 1.75623
0 -1.20473 1.56638
0 5.10208 1.25895
0 2.11359 1.38124
0 -1.59354 5.88652
1022
0 0.495463 8.2664
3 0.3 1.5
3 -0.3 1.5
3 -0.3 -1.5
3 0.3 -1.5
1 -4.46692 -1.06539
1 -1.4611 -1.13713
1 1.99402 -1.27918
1 4.75274 -1.20723
0 -4.08009 1.7575
0 -1.20263 1.56743
0 5.10022 1.25909
0 2.10672 1.38082
0 -1.59795 5.88444
1026
0 0.49567 8.26608
3 0.3 1.5
3 -0.3 1.5
3 -0.3 -1.5
3 0.3 -1.5
1 -4.46694 -1.06538
1 -1.46112 -1.13714
1 1.99399 -1.27921
1 4.75271 -1.20729
0 -4.08007 1.75746
0 -1.2 1.56824
0 5.09967 1.2592
0 2.10893 1.38126
0 -1.59964 5.88367
1030
0 0.424085 8.18849
3 0.3 1.5
3 -0.3 1.5
3 -0.3 -1.5
3 0.3 -1.5
1 -4.4677 -1.06508
1 -1.45896 -1.13763
1 1.99414 -1.27926
1 4.75084 -1.20709
0 -4.07958 1.75754
0 -1.19862 1.5691
0 5.09751 1.25928
0 2.11053 1.38186
0 -1.60052 5.88389
1034
0 0.424585 8.18843
3 0.3 1.5
3 -0.3 1.5
3 -0.3 -1.5
3 0.3 -1.5
1 -4.46771 -1.06512
1 -1.45922 -1.13755
1 1.99805 -1.27986
1 4.75088 -1.20714
0 -4.07953 1.75754
0 -1.19613 1.56991
0 5.09758 1.25923
0 2.11027 1.38217
0 -1.60035 5.88387
1038
0 0.424856 8.18866
3 0.3 1.5
3 -0.3 1.5
3 -0.3 -1.5
3 0.3 -1.5
1 -4.4684 -1.06482
1 -1.45687 -1.13804
1 2.00201 -1.28043
1 4.75091 -1.20713
0 -4.07951 1.75756
0 -1.19608 1.56994
0 5.09763 1.25925
0 2.11033 1.38219
0 -1.60026 5.8839
1042
0 0.425258 8.18847
3 0.3 1.5
3 -0.3 1.5
3 -0.3 -1.5
3 0.3 -1.5
1 -4.4682 -1.06496
1 -1.45755 -1.13784
1 2.00178 -1.28038
1 4.74975 -1.20699
0 -4.07947 1.75755
0 -1.19379 1.57068
0 5.10129 1.25979
0 2.11201 1.38264
0 -1.60012 5.88387
1046
0 0.425535 8.1883
3 0.3 1.5
3 -0.3 1.5
3 -0.3 -1.5
3 0.3 -1.5
1 -4.46792 -1.0651
1 -1.4618 -1.13678
1 2.00347 -1.28062
1 4.74755 -1.20674
0 -4.07945 1.75753
0 -1.19373 1.57064
0 5.10134 1.25976
0 2.11207 1.38261
0 -1.60004 5.88384
1050
0 0.428268 8.18728
3 0.3 1.5
3 -0.3 1.5
3 -0.3 -1.5
3 0.3 -1.5
1 -4.46732 -1.06526
1 -1.4612 -1.13696
1 2.00401 -1.28083
1 4.74811 -1.20696
0 -4.08429 1.7542
0 -1.19875 1.56968
0 5.10675 1.26037
0 2.11158 1.38301
0 -1.59909 5.88365
1054
0 0.429282 8.18706
3 0.3 1.5
3 -0.3 1.5
3 -0.3 -1.5
3 0.3 -1.5
1 -4.4676 -1.0651
1 -1.46182 -1.13676
1 2.00405 -1.28082
1 4.7448 -1.20666
0 -4.08625 1.75285
0 -1.19845 1.5698
0 5.10709 1.26049
0 2.11164 1.38316
0 -1.59875 5.88361
1058
0 0.429961 8.18688
3 0.3 1.5
3 -0.3 1.5
3 -0.3 -1.5
3 0.3 -1.5
1 -4.46766 -1.0651
1 -1.46206 -1.13663
1 2.00139 -1.28043
1 4.74806 -1.20714
0 -4.08626 1.75292
0 -1.19562 1.57044
0 5.11145 1.26087
0 2.11303 1.38345
0 -1.59851 5.88355
1062
0 0.430117 8.18691
3 0.3 1.5
3 -0.3 1.5
3 -0.3 -1.5
3 0.3 -1.5
1 -4.46756 -1.06516
1 -1.46261 -1.13646
1 2.00085 -1.28032
1 4.7518 -1.20759
0 -4.08622 1.75295
0 -1.19556 1.57047
0 5.11151 1.26089
0 2.11308 1.38346
0 -1.59846 5.88355
1066
0 0.431386 8.18649
3 0.3 1.5
3 -0.3 1.5
3 -0.3 -1.5
3 0.3 -1.5
1 -4.46706 -1.06538
1 -1.46211 -1.13665
1 2.00132 -1.28048
1 4.75229 -1.20775
0 -4.0858 1.75334
0 -1.1952 1.57042
0 5.116 1.26121
0 2.10781 1.38267
0 -1.59802 5.88341
1070
0 0.431979 8.1863
3 0.3 1.5
3 -0.3 1.5
3 -0.3 -1.5
3 0.3 -1.5
1 -4.46681 -1.06548
1 -1.46186 -1.13674
1 2.00156 -1.28054
1 4.75254 -1.2078
0 -4.08589 1.75341
0 -1.19378 1.57058
0 5.11334 1.2609
0 2.10908 1.38283
0 -1.59779 5.88334
1074
0 0.432721 8.18622
3 0.3 1.5
3 -0.3 1.5
3 -0.3 -1.5
3 0.3 -1.5
1 -4.46674 -1.06548
1 -1.46218 -1.13667
1 2.00377 -1.28095
1 4.75734 -1.20847
0 -4.08529 1.75369
0 -1.20352 1.5681
0 5.1159 1.26109
0 2.10655 1.38252
0 -1.59758 5.88332
1078
0 0.432988 8.18622
3 0.3 1.5
3 -0.3 1.5
3 -0.3 -1.5
3 0.3 -1.5
1 -4.46676 -1.06551
1 -1.46198 -1.13669
1 2.00269 -1.28082
1 4.7568 -1.20852
0 -4.08414 1.75446
0 -1.20238 1.56838
0 5.11947 1.26143
0 2.10618 1.38262
0 -1.5975 5.88331
1082
0 0.433328 8.18606
3 0.3 1.5
3 -0.3 1.5
3 -0.3 -1.5
3 0.3 -1.5
1 -4.46674 -1.06554
1 -1.46196 -1.13677
1 2.0027 -1.28096
1 4.75682 -1.20872
0 -4.08405 1.75454
0 -1.19989 1.56878
0 5.11343 1.26336
0 2.10625 1.38243
0 -1.59736 5.88329
1086
0 0.43343 8.18607
3 0.3 1.5
3 -0.3 1.5
3 -0.3 -1.5
3 0.3 -1.5
1 -4.46569 -1.06604
1 -1.46225 -1.13667
1 2.00062 -1.28068
1 4.76068 -1.20923
0 -4.08398 1.75463
0 -1.19982 1.56883
0 5.1135 1.26341
0 2.1063 1.38246
0 -1.59731 5.88328
1090
0 0.433608 8.18606
3 0.3 1.5
3 -0.3 1.5
3 -0.3 -1.5
3 0.3 -1.5
1 -4.4662 -1.0658
1 -1.46284 -1.13646
1 1.998 -1.28027
1 4.76077 -1.20924
0 -4.08476 1.75411
0 -1.19776 1.56927
0 5.1137 1.26338
0 2.10803 1.38291
0 -1.59725 5.88328
1094
0 0.433542 8.18609
3 0.3 1.5
3 -0.3 1.5
3 -0.3 -1.5
3 0.3 -1.5
1 -4.46675 -1.06555
1 -1.46175 -1.13673
1 2.00056 -1.28066
1 4.76185 -1.20962
0 -4.08428 1.75438
0 -1.19988 1.56876
0 5.11399 1.26349
0 2.1092 1.38326
0 -1.59729 5.8833
1098
0 0.433764 8.18606
3 0.3 1.5
3 -0.3 1.5
3 -0.3 -1.5
3 0.3 -1.5
1 -4.46655 -1.06562
1 -1.46155 -1.1368
1 2.00076 -1.28073
1 4.76202 -1.20967
0 -4.08432 1.7543
0 -1.20305 1.56804
0 5.11424 1.2634
0 2.10948 1.38331
0 -1.59722 5.8833
1102
0 0.433999 8.18606
3 0.3 1.5
3 -0.3 1.5
3 -0.3 -1.5
3 0.3 -1.5
1 -4.46653 -1.06557
1 -1.46217 -1.13659
1 1.99817 -1.28035
1 4.7622 -1.20969
0 -4.08501 1.75368
0 -1.21187 1.56581
0 5.11437 1.26326
0 2.11151 1.38358
0 -1.59717 5.88332
1106
0 0.433952 8.18606
3 0.3 1.5
3 -0.3 1.5
3 -0.3 -1.5
3 0.3 -1.5
1 -4.46646 -1.06565
1 -1.46224 -1.13654
1 1.99738 -1.28024
1 4.76196 -1.20981
0 -4.08356 1.75462
0 -1.21117 1.56608
0 5.11432 1.26329
0 2.11163 1.3837
0 -1.59721 5.88332
1110
0 0.43396 8.18607
3 0.3 1.5
3 -0.3 1.5
3 -0.3 -1.5
3 0.3 -1.5
1 -4.46641 -1.06568
1 -1.46373 -1.13616
1 1.99428 -1.2798
1 4.76198 -1.20979
0 -4.08323 1.75477
0 -1.21346 1.56555
0 5.11804 1.26357
0 2.114 1.38398
0 -1.59722 5.88333
1114
0 0.434035 8.18606
3 0.3 1.5
3 -0.3 1.5
3 -0.3 -1.5
3 0.3 -1.5
1 -4.4663 -1.06571
1 -1.46361 -1.13619
1 1.9944 -1.27983
1 4.76206 -1.20981
0 -4.08319 1.75476
0 -1.21726 1.56454
0 5.11816 1.26354
0 2.11461 1.38411
0 -1.5972 5.88334
1118
0 0.434071 8.18607
3 0.3 1.5
3 -0.3 1.5
3 -0.3 -1.5
3 0.3 -1.5
1 -4.46656 -1.06557
1 -1.46419 -1.13603
1 1.99568 -1.2801
1 4.75761 -1.20938
0 -4.08365 1.7545
0 -1.21551 1.56483
0 5.11805 1.26347
0 2.11437 1.38412
0 -1.59719 5.88333
1122
0 0.434077 8.18608
3 0.3 1.5
3 -0.3 1.5
3 -0.3 -1.5
3 0.3 -1.5
1 -4.46686 -1.06541
1 -1.46622 -1.13571
1 1.99535 -1.28005
1 4.75768 -1.20933
0 -4.08317 1.75483
0 -1.21314 1.56534
0 5.11983 1.26358
0 2.11132 1.38379
0 -1.5972 5.88332
1126
0 0.434015 8.18608
3 0.3 1.5
3 -0.3 1.5
3 -0.3 -1.5
3 0.3 -1.5
1 -4.46675 -1.06548
1 -1.46522 -1.13594
1 1.99288 -1.27973
1 4.75785 -1.20947
0 -4.08277 1.75511
0 -1.21233 1.56556
0 5.11968 1.26359
0 2.10993 1.38374
0 -1.59722 5.88332
1130
0 0.433988 8.18609
3 0.3 1.5
3 -0.3 1.5
3 -0.3 -1.5
3 0.3 -1.5
1 -4.46706 -1.06532
1 -1.46554 -1.13587
1 1.99595 -1.28026
1 4.75785 -1.20946
0 -4.08278 1.75509
0 -1.21234 1.56555
0 5.11968 1.2636
0 2.10992 1.38375
0 -1.59724 5.88332
1134
0 0.434029 8.18607
3 0.3 1.5
3 -0.3 1.5
3 -0.3 -1.5
3 0.3 -1.5
1 -4.46688 -1.06544
1 -1.46441 -1.13607
1 1.99755 -1.28054
1 4.75787 -1.20946
0 -4.08294 1.75514
0 -1.20844 1.56633
0 5.11988 1.26354
0 2.11126 1.38411
0 -1.59718 5.88329
1138
0 0.43393 8.18604
3 0.3 1.5
3 -0.3 1.5
3 -0.3 -1.5
3 0.3 -1.5
1 -4.46772 -1.06498
1 -1.4624 -1.13633
1 2.00064 -1.28071
1 4.75128 -1.20848
0 -4.08402 1.75536
0 -1.20192 1.56499
0 5.1164 1.26366
0 2.11084 1.3844
0 -1.59703 5.88312
1142
0 0.434012 8.18603
3 0.3 1.5
3 -0.3 1.5
3 -0.3 -1.5
3 0.3 -1.5
1 -4.46777 -1.06496
1 -1.46225 -1.13632
1 2.00211 -1.28103
1 4.75146 -1.20855
0 -4.08393 1.7554
0 -1.20327 1.5646
0 5.11523 1.26348
0 2.11093 1.38464
0 -1.59701 5.88312
1146
0 0.433967 8.18605
3 0.3 1.5
3 -0.3 1.5
3 -0.3 -1.5
3 0.3 -1.5
1 -4.46829 -1.0647
1 -1.46113 -1.13654
1 1.99752 -1.28032
1 4.74754 -1.2084
0 -4.08393 1.75537
0 -1.20326 1.56459
0 5.11523 1.2635
0 2.11093 1.38465
0 -1.59704 5.88313
1150
0 0.43404 8.18603
3 0.3 1.5
3 -0.3 1.5
3 -0.3 -1.5
3 0.3 -1.5
1 -4.46824 -1.06473
1 -1.46108 -1.13659
1 1.99757 -1.28039
1 4.74758 -1.20848
0 -4.08371 1.75552
0 -1.20092 1.56508
0 5.1153 1.26341
0 2.10564 1.3845
0 -1.59701 5.88313
1154
0 0.434072 8.18602
3 0.3 1.5
3 -0.3 1.5
3 -0.3 -1.5
3 0.3 -1.5
1 -4.46811 -1.0648
1 -1.46033 -1.13679
1 2.00026 -1.28086
1 4.74365 -1.20809
0 -4.08337 1.75582
0 -1.19884 1.56551
0 5.11439 1.26331
0 2.10548 1.38469
0 -1.59698 5.88311
1158
0 0.434088 8.18601
3 0.3 1.5
3 -0.3 1.5
3 -0.3 -1.5
3 0.3 -1.5
1 -4.46801 -1.06484
1 -1.46024 -1.13682
1 2.00035 -1.28088
1 4.74374 -1.2081
0 -4.08341 1.75583
0 -1.19741 1.56576
0 5.10735 1.26246
0 2.10193 1.38428
0 -1.59697 5.88311
1162
0 0.434114 8.186
3 0.3 1.5
3 -0.3 1.5
3 -0.3 -1.5
3 0.3 -1.5
1 -4.46786 -1.06494
1 -1.45777 -1.13739
1 2.00279 -1.28132
1 4.74371 -1.20813
0 -4.08243 1.75648
0 -1.19724 1.56586
0 5.10585 1.26232
0 2.09691 1.38371
0 -1.59696 5.8831
1166
0 0.434063 8.18602
3 0.3 1.5
3 -0.3 1.5
3 -0.3 -1.5
3 0.3 -1.5
1 -4.46845 -1.06466
1 -1.45903 -1.13709
1 2.00277 -1.28135
1 4.74852 -1.20867
0 -4.08244 1.75644
0 -1.19726 1.56583
0 5.10584 1.26233
0 2.09689 1.38371
0 -1.597 5.88311
1170
0 0.434072 8.18602
3 0.3 1.5
3 -0.3 1.5
3 -0.3 -1.5
3 0.3 -1.5
1 -4.46868 -1.06453
1 -1.45669 -1.13764
1 2.00092 -1.2811
1 4.74862 -1.20868
0 -4.08308 1.75609
0 -1.19651 1.56594
0 5.10949 1.26256
0 2.0968 1.38372
0 -1.59698 5.8831
1174
0 0.434096 8.18601
3 0.3 1.5
3 -0.3 1.5
3 -0.3 -1.5
3 0.3 -1.5
1 -4.46866 -1.06455
1 -1.45667 -1.13766
1 2.00094 -1.2811
1 4.74864 -1.20867
0 -4.0833 1.75607
0 -1.19244 1.56677
0 5.1116 1.26261
0 2.09754 1.38406
0 -1.59694 5.88307
1178
0 0.434129 8.186
3 0.3 1.5
3 -0.3 1.5
3 -0.3 -1.5
3 0.3 -1.5
1 -4.46828 -1.06473
1 -1.45461 -1.13814
1 2.0001 -1.281
1 4.74136 -1.20793
0 -4.08328 1.75611
0 -1.19242 1.5668
0 5.11162 1.26263
0 2.09756 1.38408
0 -1.59691 5.88306
1182
0 0.434078 8.18602
3 0.3 1.5
3 -0.3 1.5
3 -0.3 -1.5
3 0.3 -1.5
1 -4.4686 -1.06458
1 -1.45571 -1.13789
1 1.99912 -1.28087
1 4.74403 -1.20847
0 -4.08256 1.75657
0 -1.19146 1.56698
0 5.11399 1.26284
0 2.09242 1.3835
0 -1.59695 5.88307
1186
0 0.434117 8.18601
3 0.3 1.5
3 -0.3 1.5
3 -0.3 -1.5
3 0.3 -1.5
1 -4.46867 -1.06452
1 -1.45441 -1.1382
1 1.99992 -1.28104
1 4.74402 -1.20847
0 -4.08377 1.75578
0 -1.19086 1.56715
0 5.11382 1.26285
0 2.09221 1.3836
0 -1.59692 5.88307
1190
0 0.434157 8.18601
3 0.3 1.5
3 -0.3 1.5
3 -0.3 -1.5
3 0.3 -1.5
1 -4.46827 -1.06469
1 -1.45199 -1.13874
1 1.99678 -1.28059
1 4.73966 -1.20805
0 -4.08454 1.75539
0 -1.18945 1.56737
0 5.11651 1.26306
0 2.09309 1.38375
0 -1.59687 5.88305
1194
0 0.434157 8.18601
3 0.3 1.5
3 -0.3 1.5
3 -0.3 -1.5
3 0.3 -1.5
1 -4.46814 -1.06474
1 -1.45256 -1.1386
1 1.99883 -1.28097
1 4.73974 -1.20805
0 -4.0849 1.75521
0 -1.18918 1.56734
0 5.11662 1.26305
0 2.0945 1.38396
0 -1.59686 5.88304
1198
0 0.434218 8.18599
3 0.3 1.5
3 -0.3 1.5
3 -0.3 -1.5
3 0.3 -1.5
1 -4.46719 -1.0652
1 -1.45084 -1.13896
1 1.99848 -1.28094
1 4.73973 -1.20806
0 -4.08492 1.75526
0 -1.1892 1.56737
0 5.11661 1.26304
0 2.09448 1.38397
0 -1.59681 5.88303
1202
0 0.434244 8.18598
3 0.3 1.5
3 -0.3 1.5
3 -0.3 -1.5
3 0.3 -1.5
1 -4.46729 -1.06516
1 -1.45094 -1.13893
1 1.99838 -1.28092
1 4.73966 -1.20806
0 -4.08526 1.75506
0 -1.18643 1.56807
0 5.12214 1.26352
0 2.09213 1.38383
0 -1.59679 5.88303
1206
0 0.434234 8.18598
3 0.3 1.5
3 -0.3 1.5
3 -0.3 -1.5
3 0.3 -1.5
1 -4.46702 -1.06529
1 -1.45387 -1.13815
1 1.99469 -1.28039
1 4.73969 -1.20809
0 -4.08501 1.75514
0 -1.18814 1.56761
0 5.12221 1.26347
0 2.09235 1.38392
0 -1.59682 5.88304
1210
0 0.434273 8.18598
3 0.3 1.5
3 -0.3 1.5
3 -0.3 -1.5
3 0.3 -1.5
1 -4.46648 -1.06552
1 -1.45404 -1.13809
1 1.99255 -1.2801
1 4.74329 -1.20854
0 -4.08627 1.75435
0 -1.18683 1.56792
0 5.12463 1.26368
0 2.08961 1.38363
0 -1.59679 5.88304
1214
0 0.434282 8.18598
3 0.3 1.5
3 -0.3 1.5
3 -0.3 -1.5
3 0.3 -1.5
1 -4.46632 -1.06557
1 -1.45389 -1.13813
1 1.99272 -1.28013
1 4.7434 -1.20854
0 -4.08705 1.75389
0 -1.18657 1.56787
0 5.12614 1.26372
0 2.08898 1.38354
0 -1.59677 5.88304
1218
0 0.434331 8.18597
3 0.3 1.5
3 -0.3 1.5
3 -0.3 -1.5
3 0.3 -1.5
1 -4.46626 -1.06558
1 -1.45131 -1.13875
1 1.99424 -1.28045
1 4.74342 -1.20855
0 -4.08771 1.75359
0 -1.18338 1.56849
0 5.12616 1.26371
0 2.08619 1.38338
0 -1.59671 5.88301
1222
0 0.434132 8.18608
3 0.3 1.5
3 -0.3 1.5
3 -0.3 -1.5
3 0.3 -1.5
1 -4.4661 -1.06558
1 -1.45073 -1.13876
1 1.99439 -1.28029
1 4.73016 -1.20956
0 -4.08751 1.75372
0 -1.18453 1.56825
0 5.12624 1.26397
0 2.08557 1.38352
0 -1.59681 5.88304
1226
0 0.434156 8.18607
3 0.3 1.5
3 -0.3 1.5
3 -0.3 -1.5
3 0.3 -1.5
1 -4.46622 -1.06554
1 -1.45084 -1.13873
1 1.99428 -1.28028
1 4.73004 -1.20954
0 -4.08742 1.75378
0 -1.18259 1.56872
0 5.12663 1.26403
0 2.08417 1.38352
0 -1.5968 5.88304
1230
0 0.434151 8.18607
3 0.3 1.5
3 -0.3 1.5
3 -0.3 -1.5
3 0.3 -1.5
1 -4.46557 -1.06582
1 -1.45392 -1.13807
1 1.99251 -1.28004
1 4.72288 -1.20874
0 -4.08741 1.75377
0 -1.18258 1.56871
0 5.12664 1.26402
0 2.08417 1.3835
0 -1.59681 5.88305
1234
0 0.434103 8.18609
3 0.3 1.5
3 -0.3 1.5
3 -0.3 -1.5
3 0.3 -1.5
1 -4.46567 -1.06577
1 -1.45447 -1.13795
1 1.99318 -1.28018
1 4.72419 -1.20918
0 -4.08713 1.75399
0 -1.18145 1.56893
0 5.12662 1.26405
0 2.0839 1.38355
0 -1.59683 5.88304
1238
0 0.434106 8.1861
3 0.3 1.5
3 -0.3 1.5
3 -0.3 -1.5
3 0.3 -1.5
1 -4.46507 -1.06605
1 -1.45557 -1.13766
1 1.99354 -1.2803
1 4.71968 -1.20883
0 -4.08714 1.75399
0 -1.18146 1.56893
0 5.12662 1.26406
0 2.0839 1.38355
0 -1.59682 5.88304
1242
0 0.434093 8.1861
3 0.3 1.5
3 -0.3 1.5
3 -0.3 -1.5
3 0.3 -1.5
1 -4.4648 -1.06617
1 -1.45313 -1.13826
1 1.9948 -1.28054
1 4.71588 -1.20866
0 -4.08669 1.75433
0 -1.18258 1.56872
0 5.1266 1.26409
0 2.08736 1.38406
0 -1.59681 5.88303
1246
0 0.434103 8.1861
3 0.3 1.5
3 -0.3 1.5
3 -0.3 -1.5
3 0.3 -1.5
1 -4.46479 -1.06618
1 -1.45312 -1.13827
1 1.99482 -1.28055
1 4.7159 -1.20868
0 -4.08665 1.75437
0 -1.18151 1.56896
0 5.12465 1.26393
0 2.08634 1.38398
0 -1.59681 5.88303
1250
0 0.434098 8.1861
3 0.3 1.5
3 -0.3 1.5
3 -0.3 -1.5
3 0.3 -1.5
1 -4.46448 -1.06632
1 -1.45441 -1.13795
1 1.99428 -1.28051
1 4.71207 -1.2083
0 -4.08672 1.75435
0 -1.18104 1.56899
0 5.12826 1.26418
0 2.08514 1.38388
0 -1.59681 5.88302
1254
0 0.434051 8.18612
3 0.3 1.5
3 -0.3 1.5
3 -0.3 -1.5
3 0.3 -1.5
1 -4.46493 -1.0661
1 -1.45409 -1.13803
1 1.99411 -1.28053
1 4.71137 -1.20831
0 -4.08661 1.75444
0 -1.18047 1.56909
0 5.13124 1.2644
0 2.08498 1.38387
0 -1.59683 5.88302
1258
0 0.434061 8.18612
3 0.3 1.5
3 -0.3 1.5
3 -0.3 -1.5
3 0.3 -1.5
1 -4.46491 -1.06611
1 -1.45467 -1.13787
1 1.99305 -1.28037
1 4.71011 -1.2082
0 -4.08697 1.7542
0 -1.17931 1.56937
0 5.13125 1.26442
0 2.08656 1.38412
0 -1.59682 5.88302
1262
0 0.434032 8.18613
3 0.3 1.5
3 -0.3 1.5
3 -0.3 -1.5
3 0.3 -1.5
1 -4.46536 -1.0659
1 -1.45441 -1.13789
1 1.99309 -1.28042
1 4.71059 -1.20832
0 -4.08698 1.75418
0 -1.17931 1.56936
0 5.13124 1.26444
0 2.08655 1.38412
0 -1.59684 5.88303
1266
0 0.434119 8.18611
3 0.3 1.5
3 -0.3 1.5
3 -0.3 -1.5
3 0.3 -1.5
1 -4.46506 -1.06605
1 -1.45283 -1.13823
1 1.99202 -1.28024
1 4.71342 -1.20883
0 -4.08756 1.75389
0 -1.17785 1.5697
0 5.1246 1.26385
0 2.08709 1.38427
0 -1.59366 5.88573
1270
0 0.434129 8.1861
3 0.3 1.5
3 -0.3 1.5
3 -0.3 -1.5
3 0.3 -1.5
1 -4.46493 -1.06614
1 -1.45256 -1.13826
1 1.98923 -1.27982
1 4.71351 -1.20889
0 -4.08671 1.75446
0 -1.17787 1.5697
0 5.12338 1.26374
0 2.08842 1.38448
0 -1.59402 5.88505
1274
0 0.434088 8.18612
3 0.3 1.5
3 -0.3 1.5
3 -0.3 -1.5
3 0.3 -1.5
1 -4.46476 -1.06618
1 -1.45354 -1.13807
1 1.98899 -1.27981
1 4.71791 -1.20963
0 -4.08645 1.75454
0 -1.18375 1.56829
0 5.12545 1.26386
0 2.08689 1.3843
0 -1.59655 5.88172
1278
0 0.434061 8.18613
3 0.3 1.5
3 -0.3 1.5
3 -0.3 -1.5
3 0.3 -1.5
1 -4.46499 -1.06606
1 -1.45488 -1.13776
1 1.988 -1.27971
1 4.71497 -1.20933
0 -4.0864 1.75453
0 -1.18372 1.56829
0 5.12547 1.26388
0 2.08692 1.38431
0 -1.59654 5.88173
1282
0 0.43413 8.18612
3 0.3 1.5
3 -0.3 1.5
3 -0.3 -1.5
3 0.3 -1.5
1 -4.46492 -1.06608
1 -1.45388 -1.13805
1 1.98906 -1.27991
1 4.71003 -1.20878
0 -4.08704 1.75423
0 -1.18194 1.56862
0 5.12687 1.26393
0 2.08457 1.38402
0 -1.59236 5.88544
1286
0 0.434201 8.18612
3 0.3 1.5
3 -0.3 1.5
3 -0.3 -1.5
3 0.3 -1.5
1 -4.46495 -1.06601
1 -1.45174 -1.13847
1 1.99003 -1.27997
1 4.71098 -1.20904
0 -4.09036 1.75204
0 -1.18032 1.56917
0 5.12658 1.26399
0 2.08799 1.38458
0 -1.59254 5.88564
1290
0 0.434197 8.18612
3 0.3 1.5
3 -0.3 1.5
3 -0.3 -1.5
3 0.3 -1.5
1 -4.46497 -1.066
1 -1.45216 -1.13834
1 1.98892 -1.27984
1 4.71069 -1.20901
0 -4.09032 1.75205
0 -1.1803 1.56917
0 5.1266 1.264
0 2.08802 1.38458
0 -1.59252 5.88565
1294
0 0.434232 8.18611
3 0.3 1.5
3 -0.3 1.5
3 -0.3 -1.5
3 0.3 -1.5
1 -4.46499 -1.06601
1 -1.45218 -1.13834
1 1.98891 -1.27984
1 4.71066 -1.20901
0 -4.09035 1.75204
0 -1.18005 1.56923
0 5.13003 1.26433
0 2.08824 1.3847
0 -1.59114 5.88682
1298
0 0.434217 8.18611
3 0.3 1.5
3 -0.3 1.5
3 -0.3 -1.5
3 0.3 -1.5
1 -4.46531 -1.06586
1 -1.45143 -1.13853
1 1.98819 -1.27977
1 4.7116 -1.2091
0 -4.09039 1.75203
0 -1.17948 1.56936
0 5.12953 1.26429
0 2.08973 1.38493
0 -1.59345 5.88418
1302
0 0.434212 8.18611
3 0.3 1.5
3 -0.3 1.5
3 -0.3 -1.5
3 0.3 -1.5
1 -4.4649 -1.06605
1 -1.45049 -1.13873
1 1.98564 -1.27935
1 4.71227 -1.20941
0 -4.09042 1.75205
0 -1.1776 1.56982
0 5.12947 1.26431
0 2.08821 1.38485
0 -1.60014 5.87696
1306
0 0.434222 8.1861
3 0.3 1.5
3 -0.3 1.5
3 -0.3 -1.5
3 0.3 -1.5
1 -4.46487 -1.06605
1 -1.45046 -1.13875
1 1.98567 -1.27939
1 4.71232 -1.20947
0 -4.09038 1.75206
0 -1.17576 1.57024
0 5.12851 1.26416
0 2.07825 1.38364
0 -1.60404 5.87262
1310
0 0.434201 8.1861
3 0.3 1.5
3 -0.3 1.5
3 -0.3 -1.5
3 0.3 -1.5
1 -4.46493 -1.066
1 -1.44924 -1.13906
1 1.98669 -1.27953
1 4.71474 -1.20972
0 -4.09042 1.75207
0 -1.17581 1.57026
0 5.12846 1.2642
0 2.07814 1.38391
0 -1.60414 5.87262
1314
0 0.434201 8.1861
3 0.3 1.5
3 -0.3 1.5
3 -0.3 -1.5
3 0.3 -1.5
1 -4.46532 -1.06582
1 -1.44958 -1.13896
1 1.98873 -1.27988
1 4.71497 -1.2098
0 -4.09041 1.75206
0 -1.17579 1.57026
0 5.12848 1.26422
0 2.07816 1.38392
0 -1.60412 5.87262
1318
0 0.434134 8.18611
3 0.3 1.5
3 -0.3 1.5
3 -0.3 -1.5
3 0.3 -1.5
1 -4.46571 -1.0657
1 -1.44995 -1.13887
1 1.98834 -1.27981
1 4.71454 -1.20975
0 -4.08872 1.75311
0 -1.1737 1.57096
0 5.12887 1.26438
0