2
3 0.3 -1.5
3 -0.3 -1.5
3 -0.3 1.5
3 0.3 1.5
6
3 0.3 -1.5
3 -0.3 -1.5
3 -0.3 1.5
3 0.3 1.5
10
3 0.3 -1.5
3 -0.3 -1.5
3 -0.3 1.5
3 0.3 1.5
14
1 4.11 -5.26241
3 0.3 -1.5
3 -0.3 -1.5
3 -0.3 1.5
3 0.3 1.5
18
1 3.87841 -5.32328
3 0.3 -1.5
3 -0.3 -1.5
3 -0.3 1.5
3 0.3 1.5
22
1 3.79315 -5.3864
1 0.25744 -1.18168
1 -0.281419 -6.26754
1 -4.24438 -1.15339
3 0.3 -1.5
3 -0.3 -1.5
3 -0.3 1.5
3 0.3 1.5
26
1 4.96413 -1.32302
1 3.83173 -5.34432
1 0.256692 -1.18642
1 -0.404638 -6.14853
1 -4.27496 -1.14456
0 5.31032 1.14363
0 0.732513 1.43334
0 -4.60273 1.52699
3 0.3 -1.5
3 -0.3 -1.5
3 -0.3 1.5
3 0.3 1.5
30
3 0.3 1.5
3 -0.3 1.5
3 -0.3 -1.5
3 0.3 -1.5
0 -4.63501 1.50427
0 0.901363 1.45732
0 5.18852 1.14047
1 -4.29131 -1.13272
1 -0.504334 -6.04951
1 0.286533 -1.19204
1 3.78664 -5.3882
1 5.01462 -1.33715
34
3 0.3 1.5
3 -0.3 1.5
3 -0.3 -1.5
3 0.3 -1.5
0 -4.58913 1.53208
0 0.999658 1.47632
0 5.23342 1.07938
1 -4.30068 -1.12567
1 -0.513571 -6.04203
1 0.277553 -1.1855
1 3.77927 -5.38272
1 5.00375 -1.32937
38
3 0.3 1.5
3 -0.3 1.5
3 -0.3 -1.5
3 0.3 -1.5
0 -4.57897 1.53735
0 0.728087 1.41909
0 5.30193 1.09501
1 -4.30258 -1.12396
1 -0.515219 -6.04002
1 0.275775 -1.18392
1 3.77783 -5.38139
1 5.00162 -1.3275
42
3 0.3 1.5
3 -0.3 1.5
3 -0.3 -1.5
3 0.3 -1.5
0 -4.58306 1.53476
0 0.727064 1.42366
0 5.30941 1.10014
1 -4.29783 -1.1235
1 -0.629447 -5.92569
1 0.308588 -1.18699
1 3.74761 -5.41879
1 5.00398 -1.32603
46
3 0.3 1.5
3 -0.3 1.5
3 -0.3 -1.5
3 0.3 -1.5
0 -4.57286 1.54269
0 0.739832 1.43231
0 5.2986 1.10605
1 -4.29519 -1.12925
1 -0.555902 -5.99116
1 0.321536 -1.19067
1 3.61871 -5.33362
1 4.90122 -1.31482
50
3 0.3 1.5
3 -0.3 1.5
3 -0.3 -1.5
3 0.3 -1.5
0 -4.57482 1.54156
0 0.691367 1.42534
0 5.33308 1.11374
1 -4.28404 -1.13188
1 -0.523986 -6.01723
1 0.316932 -1.18739
1 3.64708 -5.38101
1 4.98229 -1.32597
54
3 0.3 1.5
3 -0.3 1.5
3 -0.3 -1.5
3 0.3 -1.5
0 -4.57332 1.5426
0 0.693109 1.42657
0 5.33428 1.11482
1 -4.28958 -1.13267
1 -0.462604 -6.07828
1 0.25049 -1.17567
1 3.67988 -5.36229
1 5.07696 -1.34668
58
3 0.3 1.5
3 -0.3 1.5
3 -0.3 -1.5
3 0.3 -1.5
0 -4.56018 1.55491
0 0.690308 1.37673
0 5.3267 1.11705
1 -4.30599 -1.12268
1 -0.473892 -6.07227
1 0.231499 -1.1662
1 3.66406 -5.35165
1 5.05854 -1.33695
62
1 2.409 -4.0228
3 0.3 1.5
3 -0.3 1.5
3 -0.3 -1.5
3 0.3 -1.5
0 -4.54878 1.56532
0 0.686817 1.34583
0 5.32807 1.11548
1 -4.31169 -1.11872
1 -0.461957 -6.07927
1 0.233475 -1.16436
1 3.66262 -5.34914
1 5.12155 -1.33557
66
1 2.45456 -3.98616
3 0.3 1.5
3 -0.3 1.5
3 -0.3 -1.5
3 0.3 -1.5
0 -4.54598 1.56726
0 0.658667 1.34346
0 5.32904 1.11617
1 -4.3114 -1.11723
1 -0.452356 -6.08415
1 0.287762 -1.17226
1 3.66178 -5.37728
1 5.12414 -1.33413
70
1 2.49361 -4.17003
3 0.3 1.5
3 -0.3 1.5
3 -0.3 -1.5
3 0.3 -1.5
0 -4.5356 1.57353
0 0.614743 1.34535
0 5.29331 1.11127
1 -4.30331 -1.12624
1 -0.484433 -6.05824
1 0.308315 -1.17873
1 3.64739 -5.3082
1 5.15 -1.3434
74
1 2.48047 -4.24271
3 0.3 1.5
3 -0.3 1.5
3 -0.3 -1.5
3 0.3 -1.5
0 -4.53074 1.57522
0 0.538493 1.34291
0 5.27434 1.1143
1 -4.30134 -1.12713
1 -0.563365 -5.9851
1 0.310666 -1.17997
1 3.68208 -5.32524
1 5.11099 -1.34293
78
1 2.42627 -4.21808
3 0.3 1.5
3 -0.3 1.5
3 -0.3 -1.5
3 0.3 -1.5
0 -4.52204 1.58124
0 0.602462 1.35446
0 5.20557 1.10048
1 -4.30845 -1.12399
1 -0.569793 -5.98145
1 0.303938 -1.17759
1 3.68046 -5.32484
1 5.10127 -1.33996
82
1 2.4363 -4.21383
3 0.3 1.5
3 -0.3 1.5
3 -0.3 -1.5
3 0.3 -1.5
0 -4.52158 1.58086
0 0.607311 1.36067
0 5.20671 1.10864
1 -4.31318 -1.12044
1 -0.579278 -5.971
1 0.34868 -1.18411
1 3.72415 -5.37249
1 5.14627 -1.34702
86
1 2.40374 -4.15587
3 0.3 1.5
3 -0.3 1.5
3 -0.3 -1.5
3 0.3 -1.5
0 -4.51145 1.58849
0 0.613227 1.36734
0 5.21587 1.11748
1 -4.27987 -1.13775
1 -0.663071 -5.88627
1 0.367382 -1.18849
1 3.70601 -5.36094
1 5.25547 -1.35845
90
1 2.45887 -4.17963
3 0.3 1.5
3 -0.3 1.5
3 -0.3 -1.5
3 0.3 -1.5
0 -4.50225 1.59363
0 0.619568 1.36735
0 5.1061 1.10454
1 -4.31255 -1.12259
1 -0.673421 -5.87891
1 0.351675 -1.18453
1 3.66906 -5.34348
1 5.23986 -1.35552
94
1 2.4827 -4.15743
3 0.3 1.5
3 -0.3 1.5
3 -0.3 -1.5
3 0.3 -1.5
0 -4.50121 1.5947
0 0.621685 1.3731
0 5.11256 1.11334
1 -4.29259 -1.13293
1 -0.670339 -5.87841
1 0.420152 -1.19877
1 3.61531 -5.31252
1 5.10501 -1.3426
98
1 2.51667 -4.17203
3 0.3 1.5
3 -0.3 1.5
3 -0.3 -1.5
3 0.3 -1.5
0 -4.50119 1.59349
0 0.610276 1.37387
0 5.11969 1.11407
1 -4.31392 -1.1229
1 -0.677756 -5.87404
1 0.406721 -1.19601
1 3.59336 -5.30153
1 5.09942 -1.34123
102
1 2.51592 -4.16862
3 0.3 1.5
3 -0.3 1.5
3 -0.3 -1.5
3 0.3 -1.5
0 -4.49962 1.59468
0 0.606855 1.37514
0 5.12263 1.11543
1 -4.30795 -1.12729
1 -0.684331 -5.86977
1 0.409898 -1.19811
1 3.62926 -5.30188
1 5.09917 -1.34091
106
1 2.51522 -4.16816
3 0.3 1.5
3 -0.3 1.5
3 -0.3 -1.5
3 0.3 -1.5
0 -4.5095 1.58758
0 0.556668 1.36348
0 5.13754 1.11074
1 -4.3206 -1.12084
1 -0.687905 -5.8662
1 0.40224 -1.1955
1 3.64089 -5.30677
1 5.09885 -1.3408
110
1 2.5156 -4.16811
3 0.3 1.5
3 -0.3 1.5
3 -0.3 -1.5
3 0.3 -1.5
0 -4.51731 1.58229
0 0.572429 1.36749
0 5.09153 1.10899
1 -4.31369 -1.12536
1 -0.670388 -5.88347
1 0.401225 -1.19574
1 3.68166 -5.30931
0 2.76783 -7.8863
1 5.05227 -1.33981
114
1 2.5153 -4.16873
3 0.3 1.5
3 -0.3 1.5
3 -0.3 -1.5
3 0.3 -1.5
0 -4.51737 1.58294
0 0.569932 1.37089
0 5.08974 1.11412
1 -4.28931 -1.13869
1 -0.677838 -5.87672
1 0.403898 -1.20218
1 3.67727 -5.28113
0 2.79525 -7.90231
1 5.08688 -1.3506
118
1 2.51523 -4.1686
3 0.3 1.5
3 -0.3 1.5
3 -0.3 -1.5
3 0.3 -1.5
0 -4.51412 1.58417
0 0.523087 1.36077
0 5.07602 1.11002
1 -4.31388 -1.12699
1 -0.687207 -5.87081
1 0.38445 -1.19697
1 3.69112 -5.28852
0 2.78457 -7.89978
1 5.06632 -1.34557
122
1 2.60339 -4.26686
3 0.3 1.5
3 -0.3 1.5
3 -0.3 -1.5
3 0.3 -1.5
0 -4.50864 1.58831
0 0.563673 1.36633
0 5.08274 1.10588
1 -4.31022 -1.12819
1 -0.674506 -5.88629
1 0.377049 -1.19578
1 3.68809 -5.28511
0 2.80774 -7.93387
1 5.08191 -1.34461
126
1 2.55649 -4.28122
3 0.3 1.5
3 -0.3 1.5
3 -0.3 -1.5
3 0.3 -1.5
0 -4.51632 1.58336
0 0.553168 1.36889
0 5.06753 1.11094
1 -4.29312 -1.13525
1 -0.678963 -5.87569
1 0.425862 -1.20628
1 3.72078 -5.31907
0 2.831 -7.92936
1 5.1365 -1.35207
130
1 2.52205 -4.26761
3 0.3 1.5
3 -0.3 1.5
3 -0.3 -1.5
3 0.3 -1.5
0 -4.51407 1.58374
0 0.54206 1.3669
0 5.06473 1.11113
1 -4.31284 -1.12576
1 -0.686918 -5.87282
1 0.407991 -1.202
1 3.67559 -5.29695
0 2.82515 -7.93151
1 5.1226 -1.34842
134
1 2.51521 -4.26403
3 0.3 1.5
3 -0.3 1.5
3 -0.3 -1.5
3 0.3 -1.5
0 -4.51322 1.58464
0 0.514131 1.35828
0 5.07821 1.10412
1 -4.31627 -1.12371
1 -0.689923 -5.87107
1 0.404471 -1.20005
1 3.6744 -5.29584
0 2.82094 -7.93008
1 5.11918 -1.34616
138
1 3.49153 -1.15573
1 2.52754 -4.23744
3 0.3 1.5
3 -0.3 1.5
3 -0.3 -1.5
3 0.3 -1.5
0 -4.5108 1.5867
0 0.511542 1.36727
0 5.06449 1.11562
1 -4.27488 -1.14428
1 -0.671183 -5.88591
1 0.438192 -1.20494
1 3.66911 -5.29586
0 2.82602 -7.9299
1 5.15015 -1.35393
142
1 3.58182 -1.19175
1 2.57166 -4.25765
3 0.3 1.5
3 -0.3 1.5
3 -0.3 -1.5
3 0.3 -1.5
0 -4.51058 1.58588
0 0.538849 1.37099
0 5.08182 1.11538
1 -4.30637 -1.13023
1 -0.677321 -5.88439
1 0.445112 -1.20605
1 3.67873 -5.29062
0 2.70865 -7.84556
1 5.12799 -1.34843
146
1 3.52559 -1.18017
1 2.5713 -4.25747
3 0.3 1.5
3 -0.3 1.5
3 -0.3 -1.5
3 0.3 -1.5
0 -4.51656 1.58158
0 0.560505 1.37224
0 5.05328 1.10942
1 -4.32007 -1.1237
1 -0.681412 -5.88054
1 0.437304 -1.2036
1 3.68832 -5.29441
0 2.69589 -7.83331
1 5.12712 -1.34781
150
1 3.67009 -1.20171
1 2.57153 -4.25787
3 0.3 1.5
3 -0.3 1.5
3 -0.3 -1.5
3 0.3 -1.5
0 -4.5148 1.58284
0 0.540622 1.374
0 5.03702 1.11195
1 -4.30263 -1.1331
1 -0.664538 -5.89673
1 0.471496 -1.21095
1 3.64227 -5.26167
0 2.70017 -7.83071
1 5.12784 -1.34814
154
1 3.63666 -1.19714
1 2.57149 -4.25774
3 0.3 1.5
3 -0.3 1.5
3 -0.3 -1.5
3 0.3 -1.5
0 -4.52089 1.5781
0 0.568437 1.37598
0 5.03135 1.11263
1 -4.32572 -1.12229
1 -0.669222 -5.89236
1 0.461572 -1.20875
1 3.65929 -5.26937
0 2.70016 -7.83043
1 5.12782 -1.348
158
1 3.63825 -1.19426
1 2.5715 -4.25764
3 0.3 1.5
3 -0.3 1.5
3 -0.3 -1.5
3 0.3 -1.5
0 -4.5371 1.5677
0 0.60781 1.38016
0 5.12473 1.10853
1 -4.32561 -1.12158
1 -0.6689 -5.89163
1 0.461808 -1.20813
1 3.6598 -5.26842
0 2.7004 -7.83021
1 5.12786 -1.34792
162
1 3.61647 -1.19372
1 2.6043 -4.33188
3 0.3 1.5
3 -0.3 1.5
3 -0.3 -1.5
3 0.3 -1.5
0 -4.53855 1.56575
0 0.539094 1.37126
0 5.08056 1.11328
1 -4.32411 -1.12435
1 -0.649922 -5.91088
1 0.461612 -1.20941
1 3.65523 -5.24155
0 2.69607 -7.8296
1 5.12659 -1.34925
166
1 3.65653 -1.20308
1 2.54332 -4.30451
3 0.3 1.5
3 -0.3 1.5
3 -0.3 -1.5
3 0.3 -1.5
0 -4.53859 1.56531
0 0.537017 1.37381
0 5.08017 1.11555
1 -4.32604 -1.12446
1 -0.670123 -5.89192
1 0.455611 -1.20922
1 3.6892 -5.25046
0 2.69839 -7.8282
1 5.12645 -1.34935
170
1 3.7253 -1.20251
1 2.54397 -4.3049
3 0.3 1.5
3 -0.3 1.5
3 -0.3 -1.5
3 0.3 -1.5
0 -4.53302 1.57031
0 0.541001 1.37896
0 5.08147 1.11609
1 -4.29584 -1.14008
1 -0.653823 -5.90599
1 0.50405 -1.2198
1 3.694 -5.23886
0 2.7 -7.82833
1 5.12037 -1.35514
174
1 3.72552 -1.20245
1 2.54365 -4.30463
3 0.3 1.5
3 -0.3 1.5
3 -0.3 -1.5
3 0.3 -1.5
0 -4.53205 1.57022
0 0.534171 1.3737
0 5.11794 1.113
1 -4.32918 -1.12427
1 -0.661022 -5.90226
1 0.487573 -1.21524
1 3.70488 -5.24415
0 2.69955 -7.82804
1 5.09209 -1.34839
178
1 3.72681 -1.20218
1 2.54355 -4.30476
3 0.3 1.5
3 -0.3 1.5
3 -0.3 -1.5
3 0.3 -1.5
0 -4.53899 1.56544
0 0.523602 1.3716
0 5.12715 1.11298
1 -4.32897 -1.12433
1 -0.645666 -5.91709
1 0.491192 -1.21666
1 3.71042 -5.24063
0 2.59174 -7.74914
1 5.09768 -1.35129
182
1 3.76028 -1.20428
1 2.54348 -4.305
3 0.3 1.5
3 -0.3 1.5
3 -0.3 -1.5
3 0.3 -1.5
0 -4.53936 1.5654
0 0.506247 1.37117
0 5.14187 1.11736
1 -4.31356 -1.13224
1 -0.646769 -5.91559
1 0.50575 -1.22034
1 3.69865 -5.22904
0 2.59112 -7.74219
1 5.09722 -1.35075
186
1 3.77042 -1.20127
1 2.54372 -4.30464
3 0.3 1.5
3 -0.3 1.5
3 -0.3 -1.5
3 0.3 -1.5
0 -4.53607 1.5672
0 0.502116 1.37177
0 5.14821 1.11788
1 -4.32564 -1.126
1 -0.637544 -5.92239
1 0.497593 -1.21838
1 3.71629 -5.2485
0 2.49046 -7.6627
1 5.09507 -1.35363
190
1 3.77727 -1.21584
1 2.67381 -4.42086
3 0.3 1.5
3 -0.3 1.5
3 -0.3 -1.5
3 0.3 -1.5
0 -4.54215 1.56314
0 0.5027 1.37191
0 5.14461 1.1178
1 -4.32054 -1.12952
1 -0.638741 -5.92049
1 0.515801 -1.22422
1 3.6647 -5.20445
0 2.49005 -7.65589
1 5.0865 -1.35204
194
1 3.72164 -1.20204
1 2.53597 -4.35847
3 0.3 1.5
3 -0.3 1.5
3 -0.3 -1.5
3 0.3 -1.5
0 -4.53872 1.56533
0 0.522593 1.37231
0 5.16961 1.11333
1 -4.33889 -1.12069
1 -0.645032 -5.91773
1 0.499545 -1.2196
1 3.69688 -5.22078
0 2.48545 -7.65441
1 5.08438 -1.35138
198
1 3.72347 -1.19962
1 2.53417 -4.35398
3 0.3 1.5
3 -0.3 1.5
3 -0.3 -1.5
3 0.3 -1.5
0 -4.54256 1.56322
0 0.512614 1.37407
0 5.1508 1.11641
1 -4.30904 -1.13495
1 -0.625686 -5.93597
1 0.516144 -1.22284
1 3.69705 -5.21668
0 2.48657 -7.65444
1 5.07971 -1.35471
202
1 3.72706 -1.21015
1 2.53515 -4.35366
3 0.3 1.5
3 -0.3 1.5
3 -0.3 -1.5
3 0.3 -1.5
0 -4.54387 1.56229
0 0.514332 1.37534
0 5.15094 1.11756
1 -4.31298 -1.13281
1 -0.619568 -5.93719
1 0.51433 -1.223
1 3.75281 -5.25346
0 2.48704 -7.65445
1 5.0688 -1.35155
206
1 3.68019 -1.19648
1 2.53491 -4.35361
3 0.3 1.5
3 -0.3 1.5
3 -0.3 -1.5
3 0.3 -1.5
0 -4.53576 1.56739
0 0.519827 1.37626
0 5.17275 1.1181
1 -4.32343 -1.12815
1 -0.616385 -5.94481
1 0.494854 -1.21881
1 3.70944 -5.22911
0 2.48694 -7.65429
1 5.07946 -1.35278
210
1 3.68138 -1.19617
1 2.5348 -4.35376
3 0.3 1.5
3 -0.3 1.5
3 -0.3 -1.5
3 0.3 -1.5
0 -4.53933 1.56502
0 0.523984 1.37712
0 5.17414 1.11803
1 -4.32112 -1.12989
1 -0.609111 -5.95066
1 0.493044 -1.21845
1 3.71776 -5.22719
0 2.48687 -7.65438
1 5.07994 -1.3504
214
1 3.68143 -1.19607
1 2.53474 -4.35369
3 0.3 1.5
3 -0.3 1.5
3 -0.3 -1.5
3 0.3 -1.5
0 -4.54367 1.56168
0 0.517837 1.3727
0 5.16881 1.11826
1 -4.33745 -1.12217
1 -0.612817 -5.94674
1 0.487416 -1.21692
1 3.72573 -5.23029
0 2.48681 -7.65425
1 5.08002 -1.35017
218
1 3.7063 -1.20678
1 2.53481 -4.35382
3 0.3 1.5
3 -0.3 1.5
3 -0.3 -1.5
3 0.3 -1.5
0 -4.54545 1.56117
0 0.510038 1.37521
0 5.1707 1.11876
1 -4.31138 -1.13441
1 -0.633109 -5.92309
1 0.505065 -1.2209
1 3.77871 -5.25997
0 2.48686 -7.65452
1 5.08075 -1.35031
222
1 3.66082 -1.19794
1 2.53482 -4.35356
3 0.3 1.5
3 -0.3 1.5
3 -0.3 -1.5
3 0.3 -1.5
0 -4.54532 1.56058
0 0.528223 1.37523
0 5.19197 1.11524
1 -4.34132 -1.11986
1 -0.631341 -5.92795
1 0.49272 -1.21819
1 3.73855 -5.24149
0 2.4869 -7.65418
1 5.08059 -1.34999
226
1 3.66497 -1.19666
1 2.53451 -4.3541
3 0.3 1.5
3 -0.3 1.5
3 -0.3 -1.5
3 0.3 -1.5
0 -4.54786 1.55837
0 0.517036 1.37531
0 5.18162 1.11768
1 -4.33842 -1.12052
1 -0.628828 -5.92999
1 0.487885 -1.21855
1 3.74102 -5.23907
0 2.48666 -7.65462
1 5.08047 -1.35042
230
1 3.66467 -1.19623
1 2.53474 -4.35387
3 0.3 1.5
3 -0.3 1.5
3 -0.3 -1.5
3 0.3 -1.5
0 -4.54297 1.56179
0 0.53247 1.37876
0 5.17933 1.11898
1 -4.33787 -1.11987
1 -0.61823 -5.94176
1 0.489754 -1.21915
1 3.77856 -5.26788
0 2.54905 -7.7156
1 5.08056 -1.3503
234
1 3.66466 -1.19614
1 2.53475 -4.35387
3 0.3 1.5
3 -0.3 1.5
3 -0.3 -1.5
3 0.3 -1.5
0 -4.55165 1.55612
0 0.566052 1.38059
0 5.20046 1.1182
1 -4.34244 -1.11761
1 -0.622212 -5.93662
1 0.482725 -1.21681
1 3.7479 -5.2513
0 2.53343 -7.69767
1 5.08054 -1.35024
238
1 3.72749 -1.20941
1 2.53467 -4.35406
3 0.3 1.5
3 -0.3 1.5
3 -0.3 -1.5
3 0.3 -1.5
0 -4.55376 1.55444
0 0.539882 1.38002
0 5.1955 1.11994
1 -4.33384 -1.12211
1 -0.629219 -5.92924
1 0.496429 -1.22029
1 3.73917 -5.2436
0 2.53725 -7.69537
1 5.08055 -1.35041
242
1 3.70744 -1.20591
1 2.53467 -4.35397
3 0.3 1.5
3 -0.3 1.5
3 -0.3 -1.5
3 0.3 -1.5
0 -4.54928 1.5575
0 0.557746 1.37929
0 5.19425 1.11973
1 -4.34748 -1.11559
1 -0.634529 -5.92582
1 0.489489 -1.21878
1 3.74231 -5.24549
0 2.53673 -7.69549
1 5.08051 -1.35027
246
1 3.71199 -1.2046
1 2.61632 -4.43678
3 0.3 1.5
3 -0.3 1.5
3 -0.3 -1.5
3 0.3 -1.5
0 -4.55419 1.5541
0 0.529781 1.37864
0 5.19455 1.1197
1 -4.33189 -1.12358
1 -0.618122 -5.93773
1 0.47006 -1.21568
1 3.768 -5.25143
0 2.53664 -7.6959
1 5.09889 -1.35354
250
1 3.7115 -1.20492
1 2.52735 -4.39845
3 0.3 1.5
3 -0.3 1.5
3 -0.3 -1.5
3 0.3 -1.5
0 -4.55613 1.55363
0 0.527047 1.37878
0 5.19425 1.11949
1 -4.30332 -1.13644
1 -0.597219 -5.96449
1 0.499198 -1.22361
1 3.70317 -5.2098
0 2.53643 -7.69628
1 5.10526 -1.35923
254
1 3.71166 -1.20469
1 2.52797 -4.39842
3 0.3 1.5
3 -0.3 1.5
3 -0.3 -1.5
3 0.3 -1.5
0 -4.5549 1.55379
0 0.528118 1.37889
0 5.24317 1.11276
1 -4.33925 -1.12049
1 -0.610621 -5.94666
1 0.472523 -1.21783
1 3.75883 -5.23495
0 2.53642 -7.69594
1 5.07699 -1.35295
258
1 3.8259 -1.22835
1 2.50048 -4.35884
3 0.3 1.5
3 -0.3 1.5
3 -0.3 -1.5
3 0.3 -1.5
0 -4.55537 1.55393
0 0.52785 1.37899
0 5.19804 1.11856
1 -4.30782 -1.13587
1 -0.605675 -5.95652
1 0.488886 -1.22138
1 3.70378 -5.19636
0 2.53657 -7.69625
1 5.0677 -1.34838
262
1 4.0317 -6.15738
0 -4.48348 1.52949
1 3.77883 -1.21893
1 2.5502 -4.3813
3 0.3 1.5
3 -0.3 1.5
3 -0.3 -1.5
3 0.3 -1.5
0 -4.555 1.55396
0 0.535261 1.37838
0 5.20044 1.11746
1 -4.32862 -1.12712
1 -0.60754 -5.95457
1 0.487367 -1.22173
1 3.71895 -5.19154
0 2.53652 -7.69617
1 5.11383 -1.35807
266
1 4.04853 -6.14255
0 0.258804 1.22885
0 -4.42942 1.48941
1 3.78656 -1.22257
1 2.55372 -4.38287
3 0.3 1.5
3 -0.3 1.5
3 -0.3 -1.5
3 0.3 -1.5
0 -4.5547 1.55395
0 0.527725 1.37679
0 5.20342 1.11595
1 -4.34465 -1.12
1 -0.609458 -5.94895
1 0.482656 -1.22188
1 3.76713 -5.21443
0 2.53652 -7.69607
1 5.10278 -1.35726
270
1 2.76307 -5.10485
0 -0.0306731 1.29965
0 -4.5524 1.54441
1 3.77867 -1.21676
1 2.55162 -4.3809
3 0.3 1.5
3 -0.3 1.5
3 -0.3 -1.5
3 0.3 -1.5
0 -4.55525 1.55395
0 0.526413 1.37803
0 5.19961 1.11864
1 -4.3159 -1.1327
1 -0.553384 -6.01411
1 0.49302 -1.22179
1 3.76794 -5.21374
0 2.53647 -7.69629
1 5.10927 -1.35752
274
1 3.29001 -5.30648
0 -0.0130293 1.24906
0 -4.42506 1.53613
1 3.78716 -1.2196
1 2.55556 -4.38207
3 0.3 1.5
3 -0.3 1.5
3 -0.3 -1.5
3 0.3 -1.5
0 -4.55487 1.55395
0 0.542073 1.37609
0 5.22819 1.11253
1 -4.34812 -1.11749
1 -0.614611 -5.95409
1 0.485787 -1.22121
1 3.77146 -5.21453
0 2.53652 -7.6959
1 5.0925 -1.35615
278
1 3.10131 -5.11797
0 0.0107753 1.24288
0 -4.44925 1.49637
1 3.78915 -1.22034
1 2.55648 -4.38242
3 0.3 1.5
3 -0.3 1.5
3 -0.3 -1.5
3 0.3 -1.5
0 -4.55484 1.55391
0 0.531696 1.37416
0 5.21275 1.11138
1 -4.34637 -1.11783
1 -0.59036 -5.98219
1 0.487876 -1.22171
1 3.7742 -5.21565
0 2.53651 -7.69591
1 5.09533 -1.35665
282
1 3.22984 -5.1369
0 0.00307834 1.25405
0 -4.46921 1.502
1 3.78772 -1.21926
1 2.55579 -4.38191
3 0.3 1.5
3 -0.3 1.5
3 -0.3 -1.5
3 0.3 -1.5
0 -4.55495 1.5539
0 0.543316 1.37446
0 5.20454 1.10761
1 -4.34778 -1.11686
1 -0.613422 -5.9627
1 0.486497 -1.22076
1 3.77361 -5.21521
0 2.53649 -7.69584
1 5.09363 -1.35551
286
1 0.614542 -1.52575
1 -4.37528 -1.42679
1 3.32602 -5.19159
0 -0.0111781 1.26041
0 -4.47432 1.51563
1 3.78617 -1.21858
1 2.55496 -4.38169
3 0.3 1.5
3 -0.3 1.5
3 -0.3 -1.5
3 0.3 -1.5
0 -4.55506 1.55386
0 0.557043 1.37509
0 5.21217 1.1053
1 -4.34921 -1.1163
1 -0.640663 -5.93935
1 0.485046 -1.2202
1 3.73347 -5.1894
0 2.53643 -7.69585
1 5.09185 -1.35488
290
1 0.534503 -1.46381
1 -4.51504 -1.31358
1 3.31813 -5.18087
0 0.112541 1.24623
0 -4.5374 1.47909
1 3.78565 -1.21853
1 2.55462 -4.38171
3 0.3 1.5
3 -0.3 1.5
3 -0.3 -1.5
3 0.3 -1.5
0 -4.55516 1.55387
0 0.536585 1.3728
0 5.23032 1.10202
1 -4.34975 -1.11628
1 -0.64258 -5.93505
1 0.484525 -1.22017
1 3.75362 -5.19837
0 2.5364 -7.69585
1 5.09124 -1.35487
294
1 2.45013 -5.46292
1 0.523127 -1.4448
1 -4.38511 -1.35453
1 3.37007 -5.20167
0 0.0111094 1.23975
0 -4.51916 1.47743
1 3.78673 -1.219
1 2.55512 -4.38194
3 0.3 1.5
3 -0.3 1.5
3 -0.3 -1.5
3 0.3 -1.5
0 -4.5551 1.55384
0 0.538061 1.37252
0 5.20319 1.10273
1 -4.34872 -1.11662
1 -0.628404 -5.95147
1 0.485587 -1.22053
1 3.75915 -5.20002
0 2.53639 -7.69589
1 5.09257 -1.35527
298
1 5.16301 -1.37368
0 2.53645 -7.69586
1 3.76174 -5.20083
1 0.485832 -1.22025
1 -0.6346 -5.94859
1 -4.34853 -1.11632
0 5.19979 1.10361
0 0.539014 1.37279
0 -4.55509 1.55385
3 0.3 -1.5
3 -0.3 -1.5
3 -0.3 1.5
3 0.3 1.5
1 2.55527 -4.38183
1 3.78694 -1.21851
0 -4.50799 1.48543
0 -0.000451527 1.24702
1 3.05188 -4.96234
1 -4.23206 -1.41538
1 0.752785 -1.497
1 2.45342 -5.44014
302
1 5.20908 -1.38649
0 2.5365 -7.69583
1 3.76151 -5.20076
1 0.485419 -1.21994
1 -0.650489 -5.93314
1 -4.34893 -1.11602
0 5.19855 1.1039
0 0.538471 1.37282
0 -4.55511 1.55387
3 0.3 -1.5
3 -0.3 -1.5
3 -0.3 1.5
3 0.3 1.5
1 2.55509 -4.38166
1 3.78652 -1.21798
0 -4.51505 1.48758
0 -0.0074091 1.25104
1 3.25044 -5.04927
1 -4.18725 -1.45012
1 0.789822 -1.511
1 1.68599 -4.89458
306
1 5.20657 -1.39238
0 2.53653 -7.69584
1 3.76151 -5.2004
1 0.485465 -1.21989
1 -0.641327 -5.94216
1 -4.34891 -1.11597
0 5.19912 1.10487
0 0.538817 1.37335
0 -4.55508 1.55388
3 0.3 -1.5
3 -0.3 -1.5
3 -0.3 1.5
3 0.3 1.5
1 2.55509 -4.38166
1 3.78653 -1.21788
0 -4.50836 1.49295
0 -0.00496447 1.25376
1 3.29527 -5.06341
1 -4.21114 -1.42727
1 0.650544 -1.47225
1 2.15611 -5.03934
310
1 5.14134 -1.38056
0 2.5365 -7.69583
1 3.7613 -5.19993
1 0.485254 -1.21969
1 -0.647086 -5.93843
1 -4.34915 -1.11574
0 5.19931 1.10612
0 0.543353 1.37221
0 -4.55511 1.55385
3 0.3 -1.5
3 -0.3 -1.5
3 -0.3 1.5
3 0.3 1.5
1 2.55494 -4.38156
1 3.78624 -1.21772
0 -4.50284 1.50069
0 -0.00461478 1.25855
1 3.29286 -5.05255
1 -4.23208 -1.38688
1 0.762481 -1.47176
1 2.36106 -5.11995
1 4.61003 -1.52174
1 3.401 -5.66412
0 -4.57825 1.34982
314
1 5.15138 -1.38454
0 2.53646 -7.6958
1 3.7611 -5.19983
1 0.484919 -1.21953
1 -0.657566 -5.92742
1 -4.34948 -1.11558
0 5.19874 1.10624
0 0.545264 1.37194
0 -4.55517 1.55389
3 0.3 -1.5
3 -0.3 -1.5
3 -0.3 1.5
3 0.3 1.5
1 2.5547 -4.38143
0 2.32089 0.95282
1 3.78596 -1.21754
0 -4.5057 1.50201
0 -0.00526683 1.25939
1 3.29993 -5.05726
1 -4.35578 -1.33448
1 0.681832 -1.46269
1 2.3937 -5.13726
1 4.40607 -1.48933
1 3.90017 -5.90614
0 -4.39274 1.35349
0 0.282616 1.09491
0 3.47406 0.693774
318
1 5.14946 -1.38419
0 2.53626 -7.69585
1 3.74112 -5.1819
1 0.48669 -1.22031
1 -0.635851 -5.95367
1 -4.34775 -1.11632
0 5.20286 1.10427
0 0.547121 1.37116
0 -4.55522 1.55395
3 0.3 -1.5
3 -0.3 -1.5
3 -0.3 1.5
3 0.3 1.5
1 2.55539 -4.3818
0 2.24126 1.03461
1 3.78801 -1.21872
0 -4.48575 1.48877
0 0.0141322 1.24819
1 3.34249 -5.07871
1 -4.10926 -1.45065
1 0.854112 -1.51249
1 2.50708 -5.24764
1 4.52339 -1.51722
1 3.49099 -5.58111
0 -4.4894 1.33168
0 0.266674 1.11178
0 3.20087 0.756408
322
1 5.15205 -1.38587
0 2.53628 -7.69584
1 3.76263 -5.19216
1 0.486441 -1.22021
1 -0.662754 -5.92769
1 -4.348 -1.11622
0 5.20221 1.10427
0 0.547542 1.37095
0 -4.55523 1.55396
3 0.3 -1.5
3 -0.3 -1.5
3 -0.3 1.5
3 0.3 1.5
1 2.55527 -4.38174
0 2.48845 1.0634
1 3.78773 -1.21857
0 -4.48981 1.48909
0 0.0114164 1.24891
1 3.34174 -5.08124
1 -4.18767 -1.43842
1 0.834455 -1.52457
1 1.92989 -4.8044
1 4.54112 -1.54355
1 4.21834 -5.98714
0 -4.47233 1.30958
0 0.287972 1.09247
0 3.22901 0.739542
326
1 5.22204 -1.40173
0 2.53632 -7.6958
1 3.76166 -5.19133
1 0.48519 -1.21958
1 -0.667683 -5.92229
1 -4.34924 -1.11561
0 5.22506 1.10314
0 0.546002 1.3718
0 -4.5553 1.554
3 0.3 -1.5
3 -0.3 -1.5
3 -0.3 1.5
3 0.3 1.5
1 2.55461 -4.3814
0 2.48557 1.06953
1 3.78635 -1.21771
0 -4.50069 1.49897
0 -0.000726451 1.25695
1 3.32982 -5.07205
1 -4.30192 -1.37381
1 0.728788 -1.49236
1 2.43476 -5.04827
1 4.42276 -1.49674
0 2.84906 -8.23347
1 3.84317 -5.74158
0 -4.43791 1.32691
0 0.400831 1.11602
0 3.23538 0.748296
330
1 5.17379 -1.39646
0 2.53633 -7.6958
1 3.76188 -5.19144
1 0.485061 -1.21953
1 -0.665923 -5.92319
1 -4.34936 -1.11557
0 5.19774 1.10064
0 0.54637 1.37169
0 -4.5553 1.55399
3 0.3 -1.5
3 -0.3 -1.5
3 -0.3 1.5
3 0.3 1.5
1 2.55455 -4.38138
0 2.49606 1.06733
1 3.78623 -1.21764
0 -4.50298 1.49914
0 -0.00192252 1.25721
1 3.33069 -5.07353
1 -4.35832 -1.34413
1 0.701811 -1.49099
1 2.49607 -5.08173
1 4.4467 -1.50423
0 2.76872 -8.13965
1 4.01103 -5.80385
0 -4.45358 1.29171
0 0.685215 1.11328
0 3.41453 0.703174
334
1 5.21044 -1.40774
0 2.53628 -7.69587
1 3.74674 -5.17611
1 0.485069 -1.21965
1 -0.661208 -5.93187
1 -4.34936 -1.11568
0 5.1989 1.10054
0 0.545902 1.37149
0 -4.55533 1.55395
3 0.3 -1.5
3 -0.3 -1.5
3 -0.3 1.5
3 0.3 1.5
1 2.55444 -4.3816
0 2.4902 1.06761
1 3.78627 -1.21768
0 -4.50412 1.49698
0 -0.00234748 1.25589
1 3.329 -5.07447
1 -4.33605 -1.35858
1 0.734766 -1.50105
1 2.56401 -5.16401
1 4.44597 -1.50694
0 2.7681 -8.12369
1 4.04746 -5.81232
0 -4.47783 1.29318
0 0.538432 1.12115
0 3.2434 0.73502
338
1 5.19316 -1.40384
0 2.53625 -7.69588
1 3.76313 -5.18321
1 0.485694 -1.21992
1 -0.666512 -5.92833
1 -4.34875 -1.11593
0 5.19996 1.10054
0 0.546573 1.37152
0 -4.55531 1.55394
3 0.3 -1.5
3 -0.3 -1.5
3 -0.3 1.5
3 0.3 1.5
1 2.55472 -4.38175
0 2.48915 1.06879
1 3.78694 -1.21804
0 -4.49489 1.49503
0 0.00496955 1.25336
1 3.33502 -5.07473
1 -4.26024 -1.38544
1 0.852408 -1.52296
1 2.49497 -5.11905
1 4.45342 -1.50349
0 2.88438 -8.22427
1 3.94206 -5.7168
0 -4.4857 1.30484
0 0.516098 1.13453
0 3.22292 0.750252
342
1 5.19062 -1.40291
0 2.53624 -7.69588
1 3.76289 -5.18301
1 0.48612 -1.22009
1 -0.679583 -5.91597
1 -4.34834 -1.1161
0 5.20025 1.10036
0 0.546895 1.37148
0 -4.5553 1.55394
3 0.3 -1.5
3 -0.3 -1.5
3 -0.3 1.5
3 0.3 1.5
1 2.55493 -4.38184
0 2.48652 1.06951
1 3.78739 -1.21827
0 -4.48922 1.49327
0 0.00953249 1.25151
1 3.33856 -5.07552
1 -4.18878 -1.41914
1 0.837681 -1.52006
1 1.95117 -4.76428
1 4.59985 -1.53369
0 2.81953 -8.17226
1 4.01403 -5.74207
0 -4.50182 1.31027
0 0.500968 1.14196
0 3.20929 0.758232
346
0 -4.30666 1.15408
1 5.19425 -1.4048
0 2.53625 -7.69588
1 3.76323 -5.18331
1 0.48551 -1.21985
1 -0.675971 -5.9187
1 -4.34893 -1.11587
0 5.19967 1.1004
0 0.546423 1.37141
0 -4.55532 1.55394
3 0.3 -1.5
3 -0.3 -1.5
3 -0.3 1.5
3 0.3 1.5
1 2.55462 -4.38171
0 2.48862 1.06778
1 3.78674 -1.21794
0 -4.49794 1.49519
0 0.00270827 1.25391
1 3.33333 -5.07591
1 -4.31417 -1.37658
1 0.787286 -1.52354
1 2.35997 -4.95538
1 4.55612 -1.53795
0 2.86673 -8.19473
1 4.07446 -5.77701
0 -4.48384 1.29763
0 0.517033 1.12722
0 3.22486 0.743929
