2
3 0.3 -1.5
3 -0.3 -1.5
3 -0.3 1.5
3 0.3 1.5
6
3 0.3 -1.5
3 -0.3 -1.5
3 -0.3 1.5
3 0.3 1.5
10
3 0.3 -1.5
3 -0.3 -1.5
3 -0.3 1.5
3 0.3 1.5
14
3 0.3 -1.5
3 -0.3 -1.5
3 -0.3 1.5
3 0.3 1.5
18
3 0.3 -1.5
3 -0.3 -1.5
3 -0.3 1.5
3 0.3 1.5
22
1 4.03292 -1.25607
1 -1.47033 -1.38144
3 0.3 -1.5
3 -0.3 -1.5
3 -0.3 1.5
3 0.3 1.5
26
1 4.03292 -1.25612
1 -1.47036 -1.38157
3 0.3 -1.5
3 -0.3 -1.5
3 -0.3 1.5
3 0.3 1.5
30
1 4.03209 -1.2592
1 -1.38038 -1.3064
3 0.3 -1.5
3 -0.3 -1.5
3 -0.3 1.5
3 0.3 1.5
34
1 4.03229 -1.25876
1 -1.50837 -1.28817
3 0.3 -1.5
3 -0.3 -1.5
3 -0.3 1.5
3 0.3 1.5
38
1 4.03236 -1.25836
1 -1.46565 -1.31146
3 0.3 -1.5
3 -0.3 -1.5
3 -0.3 1.5
3 0.3 1.5
42
1 4.03236 -1.25836
1 -1.46565 -1.31146
3 0.3 -1.5
3 -0.3 -1.5
3 -0.3 1.5
3 0.3 1.5
46
1 3.99662 -1.25295
1 -1.53877 -1.30607
3 0.3 -1.5
3 -0.3 -1.5
3 -0.3 1.5
3 0.3 1.5
50
1 0.708975 -0.941198
1 2.11896 -5.77514
1 3.9967 -1.25252
1 -1.53621 -1.31271
3 0.3 -1.5
3 -0.3 -1.5
3 -0.3 1.5
3 0.3 1.5
54
0 1.76344 -8.29776
1 0.709228 -0.939478
1 2.11883 -5.77406
1 4.03884 -1.2574
1 -1.52818 -1.31957
3 0.3 -1.5
3 -0.3 -1.5
3 -0.3 1.5
3 0.3 1.5
58
0 1.76343 -8.29779
1 0.70923 -0.939476
1 2.11883 -5.77405
1 4.03884 -1.2574
1 -1.52818 -1.31957
3 0.3 -1.5
3 -0.3 -1.5
3 -0.3 1.5
3 0.3 1.5
62
0 1.79668 -8.29557
1 0.709226 -0.940908
1 2.11012 -5.7632
1 3.89143 -1.19235
1 -1.50432 -1.33193
3 0.3 -1.5
3 -0.3 -1.5
3 -0.3 1.5
3 0.3 1.5
66
0 1.79696 -8.29771
1 0.796762 -0.950548
1 2.09728 -5.74995
1 4.02308 -1.16588
1 -1.54074 -1.32738
3 0.3 -1.5
3 -0.3 -1.5
3 -0.3 1.5
3 0.3 1.5
70
0 1.79723 -8.29653
1 0.897938 -0.956494
1 2.03497 -5.70219
1 4.0232 -1.16458
1 -1.54136 -1.33029
3 0.3 -1.5
3 -0.3 -1.5
3 -0.3 1.5
3 0.3 1.5
74
0 1.79754 -8.29479
1 0.89829 -0.954384
1 2.0002 -5.6741
1 3.93046 -1.16506
1 -1.53274 -1.33419
3 0.3 -1.5
3 -0.3 -1.5
3 -0.3 1.5
3 0.3 1.5
78
0 -1.22245 1.71333
0 1.79817 -8.29437
1 0.972164 -0.960133
1 2.04666 -5.70078
1 3.93097 -1.1647
1 -1.57508 -1.32488
3 0.3 -1.5
3 -0.3 -1.5
3 -0.3 1.5
3 0.3 1.5
82
0 -1.22164 1.71691
0 1.79846 -8.29282
1 0.972603 -0.958016
1 1.9745 -5.66486
1 3.91151 -1.17211
1 -1.56938 -1.32736
3 0.3 -1.5
3 -0.3 -1.5
3 -0.3 1.5
3 0.3 1.5
86
0 -1.22067 1.71972
0 1.79893 -8.29158
1 1.07097 -0.96584
1 1.90506 -5.62365
1 3.80051 -1.16728
1 -1.5738 -1.3275
3 0.3 -1.5
3 -0.3 -1.5
3 -0.3 1.5
3 0.3 1.5
90
0 -1.32227 1.69138
0 1.79892 -8.29161
1 1.07102 -0.965821
1 1.90517 -5.62372
1 3.80058 -1.16718
1 -1.57374 -1.32754
3 0.3 -1.5
3 -0.3 -1.5
3 -0.3 1.5
3 0.3 1.5
94
0 -1.5035 1.64293
0 1.79913 -8.29091
1 1.07142 -0.964816
1 1.8996 -5.61439
1 3.67547 -1.15905
1 -1.57021 -1.32896
3 0.3 -1.5
3 -0.3 -1.5
3 -0.3 1.5
3 0.3 1.5
98
0 -1.59977 1.61398
0 1.79911 -8.29098
1 1.07145 -0.964887
1 1.89982 -5.61434
1 3.67559 -1.15896
1 -1.57013 -1.32901
3 0.3 -1.5
3 -0.3 -1.5
3 -0.3 1.5
3 0.3 1.5
102
0 -1.57876 1.62093
0 1.7991 -8.29074
1 1.16538 -0.973385
1 1.83112 -5.56764
1 3.67533 -1.15886
1 -1.56926 -1.32999
3 0.3 -1.5
3 -0.3 -1.5
3 -0.3 1.5
3 0.3 1.5
106
0 -1.6438 1.60118
0 1.7991 -8.29075
1 1.16544 -0.973392
1 1.83124 -5.56765
1 3.6754 -1.15887
1 -1.56919 -1.32999
3 0.3 -1.5
3 -0.3 -1.5
3 -0.3 1.5
3 0.3 1.5
110
3 0.3 1.5
3 -0.3 1.5
3 -0.3 -1.5
3 0.3 -1.5
1 -1.56914 -1.33003
1 3.67545 -1.1589
1 1.83132 -5.56773
1 1.16548 -0.973439
0 1.7991 -8.29073
0 -1.6496 1.60125
114
3 0.3 1.5
3 -0.3 1.5
3 -0.3 -1.5
3 0.3 -1.5
1 -1.56255 -1.33207
1 3.74663 -1.17688
1 1.7874 -5.53353
1 1.16484 -0.971949
0 1.85086 -8.31044
0 -1.6513 1.60381
118
3 0.3 1.5
3 -0.3 1.5
3 -0.3 -1.5
3 0.3 -1.5
1 -1.55507 -1.33423
1 3.75932 -1.18209
1 1.82651 -5.5564
1 1.16469 -0.97102
0 1.85072 -8.30957
0 -1.65164 1.60567
122
3 0.3 1.5
3 -0.3 1.5
3 -0.3 -1.5
3 0.3 -1.5
1 -1.5539 -1.33458
1 3.67807 -1.17715
1 1.82547 -5.55274
1 1.16501 -0.970535
0 1.85119 -8.30923
0 -1.7177 1.59026
126
3 0.3 1.5
3 -0.3 1.5
3 -0.3 -1.5
3 0.3 -1.5
1 -1.56171 -1.33305
1 3.67825 -1.17733
1 1.82181 -5.5495
1 1.23931 -0.976242
0 1.85132 -8.30926
0 -1.73424 1.58634
1 5.45949 -0.846987
130
3 0.3 1.5
3 -0.3 1.5
3 -0.3 -1.5
3 0.3 -1.5
1 -1.5606 -1.33368
1 3.64425 -1.17649
1 1.79607 -5.52985
1 1.23965 -0.975516
0 1.85162 -8.30871
0 -1.76074 1.5816
1 5.46069 -0.845606
134
3 0.3 1.5
3 -0.3 1.5
3 -0.3 -1.5
3 0.3 -1.5
1 -1.56829 -1.33165
1 3.67229 -1.18274
1 1.76503 -5.50727
1 1.23984 -0.975118
0 1.85177 -8.30842
0 -1.76022 1.58221
1 5.46121 -0.844779
138
0 4.92582 1.9206
3 0.3 1.5
3 -0.3 1.5
3 -0.3 -1.5
3 0.3 -1.5
1 -1.58329 -1.32755
1 3.62207 -1.18052
1 1.74909 -5.49511
1 1.24035 -0.974959
0 1.85219 -8.30832
0 -1.74495 1.58655
0 0.368844 -6.90443
1 5.46237 -0.844418
142
0 4.86723 1.92357
3 0.3 1.5
3 -0.3 1.5
3 -0.3 -1.5
3 0.3 -1.5
1 -1.57396 -1.32979
1 3.65386 -1.18485
1 1.78343 -5.51728
1 1.23993 -0.974685
0 1.85067 -8.30928
0 -1.72513 1.59293
0 0.367428 -6.90362
1 5.46117 -0.843728
146
0 4.867 1.92363
3 0.3 1.5
3 -0.3 1.5
3 -0.3 -1.5
3 0.3 -1.5
1 -1.57401 -1.32978
1 3.65379 -1.18484
1 1.78336 -5.51728
1 1.23992 -0.974688
0 1.85061 -8.30926
0 -1.71452 1.5966
0 0.367428 -6.90362
1 5.4611 -0.843791
150
0 4.8674 1.92458
3 0.3 1.5
3 -0.3 1.5
3 -0.3 -1.5
3 0.3 -1.5
1 -1.59002 -1.32559
1 3.58591 -1.18231
1 1.81995 -5.53729
1 1.24016 -0.974329
0 1.93203 -8.37579
0 -1.71419 1.59724
0 0.367658 -6.90286
1 5.4954 -0.845953
154
0 5.0403 1.86406
0 3.25076 1.7204
3 0.3 1.5
3 -0.3 1.5
3 -0.3 -1.5
3 0.3 -1.5
1 -1.58967 -1.32575
1 3.58634 -1.1825
1 1.82043 -5.53752
1 1.24028 -0.974405
0 1.93279 -8.37513
0 -1.72585 1.59561
0 0.368268 -6.90323
1 5.49607 -0.846229
158
0 5.04032 1.86283
0 3.17355 1.7121
3 0.3 1.5
3 -0.3 1.5
3 -0.3 -1.5
3 0.3 -1.5
1 -1.58957 -1.32584
1 3.58648 -1.18263
1 1.82057 -5.53765
1 1.24032 -0.974372
0 1.9329 -8.37529
0 -1.72038 1.59817
0 0.368452 -6.90341
1 5.49628 -0.846457
162
0 5.04057 1.86353
0 3.02585 1.69831
3 0.3 1.5
3 -0.3 1.5
3 -0.3 -1.5
3 0.3 -1.5
1 -1.58562 -1.32717
1 3.54623 -1.17785
1 1.7709 -5.50507
1 1.24043 -0.974143
0 1.93306 -8.37497
0 -1.69946 1.60504
0 0.368661 -6.90292
1 5.4965 -0.8459
166
0 5.04105 1.86332
0 3.02638 1.69829
3 0.3 1.5
3 -0.3 1.5
3 -0.3 -1.5
3 0.3 -1.5
1 -1.58504 -1.32761
1 3.49189 -1.1689
1 1.80004 -5.5243
1 1.24057 -0.974279
0 1.93329 -8.37513
0 -1.69907 1.60484
0 0.369006 -6.90309
1 5.49688 -0.846083
170
0 5.03927 1.86206
0 3.02356 1.69577
3 0.3 1.5
3 -0.3 1.5
3 -0.3 -1.5
3 0.3 -1.5
1 -1.58974 -1.32741
1 3.49283 -1.16984
1 1.79891 -5.52473
1 1.31941 -0.974354
0 1.99377 -8.4289
0 -1.70033 1.60404
0 0.480166 -6.97126
1 5.3835 -0.820853
174
0 5.04196 1.86179
0 3.02677 1.69536
3 0.3 1.5
3 -0.3 1.5
3 -0.3 -1.5
3 0.3 -1.5
1 -1.6243 -1.31828
1 3.48042 -1.17218
1 1.79648 -5.52237
1 1.32048 -0.974417
0 1.99548 -8.42913
0 -1.69818 1.60384
0 0.602498 -7.05632
1 5.29094 -0.81165
178
0 5.05268 1.87835
0 3.0757 1.70575
3 0.3 1.5
3 -0.3 1.5
3 -0.3 -1.5
3 0.3 -1.5
1 -1.62327 -1.31887
1 3.48167 -1.17293
1 1.79758 -5.5228
1 1.32084 -0.974541
0 1.9965 -8.42965
0 -1.69549 1.6081
0 0.603861 -7.05688
1 5.29295 -0.813337
182
0 5.05322 1.87768
0 3.0763 1.70493
3 0.3 1.5
3 -0.3 1.5
3 -0.3 -1.5
3 0.3 -1.5
1 -1.63894 -1.31517
1 3.48201 -1.17331
1 1.82293 -5.53872
1 1.39081 -0.979743
0 1.99678 -8.42992
0 -1.69502 1.60762
0 0.604282 -7.05743
1 5.29344 -0.813958
186
0 5.02903 1.88703
0 2.97834 1.69411
3 0.3 1.5
3 -0.3 1.5
3 -0.3 -1.5
3 0.3 -1.5
1 -1.63755 -1.31578
1 3.48351 -1.17388
1 1.82434 -5.53918
1 1.39125 -0.980252
0 1.99803 -8.43034
0 -1.70706 1.6071
0 0.606569 -7.05848
1 5.29583 -0.815092
190
0 5.02752 1.88554
0 2.97647 1.69227
3 0.3 1.5
3 -0.3 1.5
3 -0.3 -1.5
3 0.3 -1.5
1 -1.63654 -1.31639
1 3.45609 -1.17084
1 1.83997 -5.54822
1 1.44919 -0.982477
0 1.9972 -8.43071
0 -1.70812 1.60603
0 0.605004 -7.05932
1 5.29451 -0.816202
194
0 5.14266 1.8543
0 2.82405 1.6689
3 0.3 1.5
3 -0.3 1.5
3 -0.3 -1.5
3 0.3 -1.5
1 -1.63543 -1.31677
1 3.45715 -1.17124
1 1.8413 -5.54876
1 1.4499 -0.982701
0 1.99798 -8.43101
0 -1.72793 1.60207
0 0.606522 -7.05996
1 5.29594 -0.816758
198
0 5.14273 1.85283
0 2.75253 1.65336
3 0.3 1.5
3 -0.3 1.5
3 -0.3 -1.5
3 0.3 -1.5
1 -1.63127 -1.31763
1 3.47325 -1.17392
1 1.84094 -5.54916
1 1.44955 -0.983328
0 1.99789 -8.43126
0 -1.72833 1.60325
0 0.606404 -7.06052
1 5.29592 -0.81742
1 4.80569 -4.82335
202
0 5.14628 1.85186
0 2.75763 1.65177
3 0.3 1.5
3 -0.3 1.5
3 -0.3 -1.5
3 0.3 -1.5
1 -1.6391 -1.31671
1 3.47612 -1.17348
1 1.843 -5.54951
1 1.45071 -0.983592
0 1.95939 -8.37374
0 -1.75893 1.59655
0 0.608872 -7.06089
1 5.29829 -0.817717
1 4.80943 -4.8247
206
0 4.99403 1.85304
0 2.75922 1.64879
3 0.3 1.5
3 -0.3 1.5
3 -0.3 -1.5
3 0.3 -1.5
1 -1.63309 -1.31865
1 3.48255 -1.17425
1 1.8347 -5.54254
1 1.45042 -0.984371
0 1.97836 -8.38594
0 -1.77291 1.59439
0 0.6091 -7.06135
1 5.29864 -0.818306
1 4.80885 -4.8268
210
0 4.9947 1.85079
0 2.75985 1.64698
3 0.3 1.5
3 -0.3 1.5
3 -0.3 -1.5
3 0.3 -1.5
1 -1.64627 -1.3154
1 3.46175 -1.1717
1 1.80508 -5.52101
1 1.45051 -0.98504
0 1.97774 -8.38625
0 -1.77205 1.59311
0 0.609598 -7.062
1 5.45018 -0.822019
1 4.67234 -4.73824
214
0 5.03752 1.8723
0 2.8395 1.66149
3 0.3 1.5
3 -0.3 1.5
3 -0.3 -1.5
3 0.3 -1.5
1 -1.64503 -1.31618
1 3.46325 -1.17281
1 1.80672 -5.52138
1 1.45135 -0.985288
0 1.98009 -8.38757
0 -1.76401 1.59964
0 0.611722 -7.062
1 5.4518 -0.823432
1 4.67514 -4.74202
218
0 5.05653 1.88793
0 2.8399 1.65677
3 0.3 1.5
3 -0.3 1.5
3 -0.3 -1.5
3 0.3 -1.5
1 -1.65838 -1.31367
1 3.46217 -1.17486
1 1.7805 -5.50354
1 1.52525 -0.983877
0 1.97803 -8.3877
0 -1.75737 1.60105
0 0.384903 -6.81793
1 5.45078 -0.826238
1 4.67156 -4.74579
222
0 5.06216 1.88446
0 2.84553 1.65407
3 0.3 1.5
3 -0.3 1.5
3 -0.3 -1.5
3 0.3 -1.5
1 -1.65652 -1.3146
1 3.46429 -1.1758
1 1.78298 -5.50429
1 1.52501 -0.984658
0 1.98137 -8.38936
0 -1.75648 1.60614
0 0.392542 -6.82406
1 5.45318 -0.827495
1 4.67565 -4.74841
226
1 3.31585 -6.58818
0 5.05985 1.88399
0 2.84322 1.65366
3 0.3 1.5
3 -0.3 1.5
3 -0.3 -1.5
3 0.3 -1.5
1 -1.65421 -1.31547
1 3.45064 -1.17335
1 1.78086 -5.504
1 1.52372 -0.984864
0 2.08744 -8.47685
0 -1.75857 1.60571
0 0.389525 -6.82318
1 5.45142 -0.827743
1 4.82896 -4.80807
230
1 3.31729 -6.59406
0 5.06203 1.88022
0 2.8864 1.6694
3 0.3 1.5
3 -0.3 1.5
3 -0.3 -1.5
3 0.3 -1.5
1 -1.64804 -1.31722
1 3.45045 -1.17504
1 1.80116 -5.51585
1 1.55073 -0.98274
0 2.08392 -8.47821
0 -1.79174 1.59607
0 0.38993 -6.82453
1 5.42834 -0.821138
1 4.82737 -4.81145
234
1 3.427 -6.6838
0 5.05733 1.8784
0 2.88115 1.66715
3 0.3 1.5
3 -0.3 1.5
3 -0.3 -1.5
3 0.3 -1.5
1 -1.63261 -1.32029
1 3.46653 -1.17769
1 1.8159 -5.52681
1 1.54602 -0.98405
0 2.07491 -8.47503
0 -1.79618 1.59405
0 0.383077 -6.82261
1 5.45516 -0.816806
1 4.81856 -4.81264
238
0 3.89281 -6.43857
1 3.43313 -6.68734
0 5.06112 1.87733
0 2.83282 1.66526
3 0.3 1.5
3 -0.3 1.5
3 -0.3 -1.5
3 0.3 -1.5
1 -1.63121 -1.32094
1 3.46795 -1.17853
1 1.81834 -5.52741
1 1.54683 -0.984762
0 2.07911 -8.47725
0 -1.80375 1.59435
0 0.386929 -6.82423
1 5.45712 -0.818936
1 4.82235 -4.81417
242
0 4.05781 -6.54546
1 3.44109 -6.69784
0 5.05724 1.87286
0 2.85662 1.67029
3 0.3 1.5
3 -0.3 1.5
3 -0.3 -1.5
3 0.3 -1.5
1 -1.6522 -1.31583
1 3.46782 -1.18103
1 1.83288 -5.53421
1 1.59898 -0.987918
0 2.07976 -8.47811
0 -1.80494 1.59465
0 0.387269 -6.82389
1 5.50361 -0.820666
1 4.82282 -4.81733
246
0 4.2883 -6.66719
1 3.25445 -6.59313
0 5.05552 1.87052
0 2.84816 1.66476
3 0.3 1.5
3 -0.3 1.5
3 -0.3 -1.5
3 0.3 -1.5
1 -1.65868 -1.31407
1 3.44868 -1.17553
1 1.82101 -5.52821
1 1.59118 -0.989821
0 2.16275 -8.552
0 -1.81228 1.5895
0 0.383793 -6.82367
1 5.5409 -0.814507
1 4.96524 -4.86545
250
0 4.29736 -6.6732
1 3.26441 -6.59946
0 5.0548 1.86895
0 2.8978 1.68107
3 0.3 1.5
3 -0.3 1.5
3 -0.3 -1.5
3 0.3 -1.5
1 -1.6601 -1.31432
1 3.43909 -1.1741
1 1.83678 -5.53716
1 1.59274 -0.991241
0 2.16868 -8.55513
0 -1.81122 1.59344
0 0.388785 -6.82532
1 5.53935 -0.818235
1 5.1247 -4.92612
254
0 4.30226 -6.67357
1 3.27682 -6.60423
0 5.05283 1.86754
0 2.91192 1.68809
3 0.3 1.5
3 -0.3 1.5
3 -0.3 -1.5
3 0.3 -1.5
1 -1.65709 -1.31551
1 3.4399 -1.17544
1 1.84217 -5.53863
1 1.59545 -0.992164
0 2.1786 -8.56031
0 -1.83314 1.59063
0 0.394891 -6.82747
1 5.54577 -0.821473
1 5.12721 -4.92695
258
0 4.30604 -6.68017
1 3.30418 -6.64037
0 5.05588 1.86734
0 2.95698 1.69981
3 0.3 1.5
3 -0.3 1.5
3 -0.3 -1.5
3 0.3 -1.5
1 -1.66005 -1.31517
1 3.4114 -1.17347
1 1.84142 -5.5378
1 1.59545 -0.993071
0 2.17947 -8.5607
0 -1.83938 1.59232
0 0.649395 -7.02526
1 5.54702 -0.824632
1 5.27217 -4.98187
262
0 4.31813 -6.68713
1 3.28292 -6.63131
0 4.90721 1.85808
0 2.97036 1.69398
3 0.3 1.5
3 -0.3 1.5
3 -0.3 -1.5
3 0.3 -1.5
1 -1.65203 -1.31746
1 3.3766 -1.1698
1 1.84587 -5.53952
1 1.59741 -0.994264
0 2.18773 -8.5657
0 -1.86433 1.58713
0 0.646362 -7.01804
1 5.55212 -0.828071
1 5.36378 -5.02019
266
0 4.32852 -6.69103
1 3.29263 -6.63603
0 4.91608 1.85501
0 3.02076 1.70747
3 0.3 1.5
3 -0.3 1.5
3 -0.3 -1.5
3 0.3 -1.5
1 -1.64945 -1.31839
1 3.37919 -1.17138
1 1.85051 -5.54079
1 1.59949 -0.994569
0 2.19438 -8.56877
0 -1.87214 1.58601
0 0.654257 -7.02244
1 5.55669 -0.829483
1 5.36846 -5.02338
270
0 4.3218 -6.69394
1 3.27957 -6.63547
0 4.91293 1.85203
0 3.01727 1.70363
3 0.3 1.5
3 -0.3 1.5
3 -0.3 -1.5
3 0.3 -1.5
1 -1.65449 -1.31747
1 3.36293 -1.16706
1 1.79083 -5.49793
1 1.59706 -0.995623
0 2.32499 -8.69516
0 -1.87362 1.58376
0 0.644204 -7.01701
1 5.55295 -0.831529
1 5.29044 -4.98957
274
0 4.33249 -6.6984
1 3.2889 -6.64043
0 4.92251 1.84853
0 3.04267 1.71115
3 0.3 1.5
3 -0.3 1.5
3 -0.3 -1.5
3 0.3 -1.5
1 -1.6553 -1.31808
1 3.38587 -1.16997
1 1.81922 -5.51289
1 1.59919 -0.995925
0 2.33214 -8.69891
0 -1.88153 1.58526
0 0.65181 -7.02087
1 5.55778 -0.833314
1 5.28199 -4.98108
278
0 4.32887 -6.70064
1 3.28163 -6.64067
0 4.92091 1.84624
0 3.04069 1.70776
3 0.3 1.5
3 -0.3 1.5
3 -0.3 -1.5
3 0.3 -1.5
1 -1.65948 -1.31658
1 3.35974 -1.16647
1 1.83712 -5.52631
1 1.59784 -0.996936
0 2.28039 -8.64723
0 -1.88165 1.58328
0 0.646247 -7.01833
1 5.55582 -0.835043
1 5.27114 -4.98232
282
0 4.3389 -6.70353
1 3.11871 -6.53892
0 4.92932 1.84408
0 3.09922 1.7239
3 0.3 1.5
3 -0.3 1.5
3 -0.3 -1.5
3 0.3 -1.5
1 -1.65113 -1.31957
1 3.36216 -1.16812
1 1.84108 -5.52765
1 1.59977 -0.996699
0 2.29209 -8.64143
0 -1.89939 1.58223
0 0.654201 -7.0219
1 5.56008 -0.835827
1 5.33807 -5.00049
286
0 4.34788 -6.70566
1 3.1238 -6.54013
0 4.93824 1.84241
0 3.13993 1.73507
3 0.3 1.5
3 -0.3 1.5
3 -0.3 -1.5
3 0.3 -1.5
1 -1.64867 -1.32087
1 3.385 -1.17176
1 1.86905 -5.54211
1 1.60173 -0.996453
0 2.30363 -8.64943
0 -1.92314 1.57786
0 0.66195 -7.02588
1 5.60316 -0.823523
1 5.34183 -5.00555
290
0 4.3448 -6.70645
1 3.11769 -6.54069
0 4.93674 1.84108
0 3.12679 1.73051
3 0.3 1.5
3 -0.3 1.5
3 -0.3 -1.5
3 0.3 -1.5
1 -1.65525 -1.32038
1 3.37898 -1.17329
1 1.89241 -5.5571
1 1.67566 -0.985133
0 2.2952 -8.6445
0 -1.94326 1.56829
0 0.658212 -7.02439
1 5.55863 -0.811687
1 5.32976 -5.00408
294
1 7.18709 -1.1612
0 4.35175 -6.70848
1 3.12537 -6.54479
0 4.9439 1.83979
0 3.18503 1.74383
3 0.3 1.5
3 -0.3 1.5
3 -0.3 -1.5
3 0.3 -1.5
1 -1.65228 -1.32207
1 3.379 -1.17655
1 1.88737 -5.55371
1 1.77506 -0.984709
0 2.305 -8.65122
0 -1.94348 1.57127
0 0.663928 -7.02736
1 5.55674 -0.817479
1 5.33367 -5.00814
298
1 7.42431 -1.1055
0 4.3493 -6.70775
1 3.07199 -6.51707
0 4.94357 1.83914
0 3.1846 1.74232
3 0.3 1.5
3 -0.3 1.5
3 -0.3 -1.5
3 0.3 -1.5
1 -1.65631 -1.32082
1 3.40768 -1.17882
1 1.88294 -5.55208
1 1.77003 -0.985688
0 2.30222 -8.64988
0 -1.94266 1.57061
0 0.662817 -7.0271
1 5.55412 -0.81883
1 5.33105 -5.00862
302
1 6.9796 -5.67754
1 7.52977 -1.13964
0 4.36103 -6.70867
1 3.05882 -6.50682
0 4.9536 1.83903
0 3.17656 1.74552
3 0.3 1.5
3 -0.3 1.5
3 -0.3 -1.5
3 0.3 -1.5
1 -1.64996 -1.32299
1 3.39491 -1.17733
1 1.89849 -5.55872
1 1.74757 -0.987246
0 2.32527 -8.66479
0 -1.96227 1.56831
0 0.674925 -7.03351
1 5.64627 -0.819333
1 5.34581 -5.01302
306
1 6.87608 -5.64446
1 7.51475 -1.15195
0 4.36664 -6.70642
0 1.52911 1.46289
1 3.03954 -6.48837
0 4.95841 1.84017
0 3.17957 1.73765
3 0.3 1.5
3 -0.3 1.5
3 -0.3 -1.5
3 0.3 -1.5
1 -1.64134 -1.32541
1 3.4177 -1.18039
1 1.90948 -5.56325
1 1.74547 -0.989493
0 2.34039 -8.67428
0 -1.99574 1.56015
0 0.682247 -7.03741
1 5.60528 -0.811886
1 5.35505 -5.0144
310
1 6.90898 -5.66364
0 7.27284 1.92265
1 7.5296 -1.15868
0 4.36824 -6.70441
0 1.52051 1.4977
1 3.06034 -6.49909
0 4.95938 1.84102
0 3.19061 1.73617
3 0.3 1.5
3 -0.3 1.5
3 -0.3 -1.5
3 0.3 -1.5
1 -1.63379 -1.32681
1 3.41779 -1.18153
1 1.92004 -5.56868
1 1.74677 -0.990497
0 2.35132 -8.68203
0 -2.05137 1.5398
0 0.686288 -7.04064
1 5.60183 -0.815557
1 5.36262 -5.01519
314
1 6.99008 -5.70018
0 7.11242 1.91276
1 7.64053 -1.11744
0 4.3695 -6.70377
0 1.65071 1.52265
1 3.05455 -6.49715
0 4.95987 1.8409
0 3.19597 1.7337
3 0.3 1.5
3 -0.3 1.5
3 -0.3 -1.5
3 0.3 -1.5
1 -1.62434 -1.32864
1 3.41598 -1.18113
1 1.92819 -5.57354
1 1.73975 -0.990784
0 2.35926 -8.68822
0 -2.12574 1.51378
0 0.689282 -7.04376
1 5.60266 -0.820347
1 5.36852 -5.01639
318
1 6.99774 -5.70591
0 7.12108 1.9038
1 7.63074 -1.11785
0 4.36679 -6.70191
0 1.71037 1.53889
1 3.02848 -6.4851
0 4.95757 1.8418
0 3.1865 1.7329
3 0.3 1.5
3 -0.3 1.5
3 -0.3 -1.5
3 0.3 -1.5
1 -1.61818 -1.33031
1 3.43003 -1.1805
1 1.92922 -5.57435
1 1.73938 -0.990634
0 2.36099 -8.69029
0 -2.15583 1.50185
0 0.687991 -7.04345
1 5.63415 -0.813516
1 5.36741 -5.01503
322
1 7.09416 -5.74402
0 7.12104 1.9013
1 7.68855 -1.08018
0 4.36679 -6.70191
0 1.7113 1.53616
1 3.01956 -6.48104
0 4.95802 1.84133
0 3.18726 1.73216
3 0.3 1.5
3 -0.3 1.5
3 -0.3 -1.5
3 0.3 -1.5
1 -1.62245 -1.32944
1 3.41655 -1.17683
1 1.92894 -5.57443
1 1.73895 -0.991118
0 2.36101 -8.69048
0 -2.15236 1.50213
0 0.688255 -7.04376
1 5.63311 -0.814657
1 5.36749 -5.01554
326
1 7.12186 -5.76697
0 7.09862 1.89721
1 7.7036 -1.09892
0 4.37179 -6.70201
0 1.76003 1.50951
1 3.03946 -6.49319
0 4.82637 1.88169
0 3.14925 1.74569
3 0.3 1.5
3 -0.3 1.5
3 -0.3 -1.5
3 0.3 -1.5
1 -1.62089 -1.32965
1 3.41285 -1.1803
1 1.93701 -5.57709
1 1.73958 -0.991831
0 2.37115 -8.69638
0 -2.15029 1.50368
0 0.692995 -7.04532
1 5.6332 -0.821221
1 5.37408 -5.01599
330
1 7.11509 -5.75504
0 7.19109 1.95339
1 7.69336 -1.08756
0 4.36162 -6.69871
0 1.74028 1.51817
1 3.04196 -6.49433
0 4.76326 1.87241
0 3.11078 1.7662
3 0.3 1.5
3 -0.3 1.5
3 -0.3 -1.5
3 0.3 -1.5
1 -1.61408 -1.33032
1 3.41364 -1.17727
1 1.93372 -5.57737
1 1.74057 -0.990575
0 2.36235 -8.69206
0 -2.25352 1.46183
0 0.686576 -7.04385
1 5.62702 -0.815759
1 5.36793 -5.01317
334
1 7.09831 -5.75404
0 7.17446 1.94988
1 7.73787 -1.00251
0 4.35659 -6.69773
0 1.72693 1.51715
1 2.96996 -6.44078
0 4.75766 1.87172
0 3.10193 1.76556
3 0.3 1.5
3 -0.3 1.5
3 -0.3 -1.5
3 0.3 -1.5
1 -1.63057 -1.3265
1 3.45227 -1.17579
1 1.97323 -5.60262
1 1.73715 -0.990596
0 2.35416 -8.68722
0 -2.27967 1.4492
0 0.682302 -7.04197
1 5.61918 -0.815677
1 5.61621 -5.10177
338
1 7.14896 -5.76482
0 7.34345 1.98352
1 7.63945 -0.971099
0 4.35718 -6.69772
0 1.82354 1.56652
1 2.92084 -6.40866
0 4.76284 1.87023
0 3.11 1.76207
3 0.3 1.5
3 -0.3 1.5
3 -0.3 -1.5
3 0.3 -1.5
1 -1.63108 -1.32667
1 3.44706 -1.17351
1 1.97241 -5.6022
1 1.73672 -0.990965
0 2.35526 -8.68793
0 -2.27332 1.45144
0 0.682989 -7.04236
1 5.61847 -0.817403
1 5.59818 -5.09502
342
1 7.15067 -5.76709
0 7.42375 2.02473
1 7.63986 -0.977699
0 4.35718 -6.69772
0 1.94006 1.62994
1 2.92495 -6.41127
0 4.72641 1.85017
0 3.11441 1.76099
3 0.3 1.5
3 -0.3 1.5
3 -0.3 -1.5
3 0.3 -1.5
1 -1.62997 -1.32685
1 3.44298 -1.17439
1 1.97409 -5.60297
1 1.73709 -0.990804
0 2.35648 -8.68852
0 -2.26979 1.45345
0 0.68363 -7.04265
1 5.61914 -0.817517
1 5.59592 -5.09423
346
1 7.1505 -5.78041
0 7.53411 2.0518
1 7.5856 -0.96176
0 4.36026 -6.69973
0 1.93681 1.61439
1 2.91641 -6.41081
0 4.73465 1.84397
0 3.1222 1.78899
3 0.3 1.5
3 -0.3 1.5
3 -0.3 -1.5
3 0.3 -1.5
1 -1.67163 -1.31604
1 3.42561 -1.17191
1 2.01318 -5.62668
1 1.73405 -0.993003
0 2.35667 -8.68878
0 -2.23696 1.46083
0 0.685071 -7.04318
1 5.61613 -0.823167
1 5.73892 -5.13792
350
1 7.14274 -5.77723
0 7.49418 2.07597
1 7.54563 -0.960622
0 4.35927 -6.69903
0 1.8962 1.60221
1 2.91451 -6.41019
0 4.75014 1.84584
0 3.08365 1.81248
3 0.3 1.5
3 -0.3 1.5
3 -0.3 -1.5
3 0.3 -1.5
1 -1.67375 -1.31533
1 3.41404 -1.17053
1 2.0086 -5.62343
1 1.7338 -0.992717
0 2.35564 -8.68797
0 -2.24103 1.45782
0 0.684325 -7.04255
1 5.61504 -0.822765
1 5.71711 -5.12716
354
1 7.14116 -5.78412
0 7.56786 2.10225
1 7.69875 -0.960615
0 4.36125 -6.69966
0 1.90453 1.59112
1 2.84274 -6.3629
0 4.75764 1.84231
0 3.12004 1.84534
3 0.3 1.5
3 -0.3 1.5
3 -0.3 -1.5
3 0.3 -1.5
1 -1.68486 -1.31301
1 3.40073 -1.16636
1 2.00328 -5.62003
1 1.73276 -0.993391
0 2.35715 -8.68856
0 -2.21918 1.46399
0 0.685793 -7.04276
1 5.61372 -0.825264
1 5.84864 -5.17097
358
1 7.13806 -5.78588
0 7.57221 2.09778
1 7.75565 -0.939258
0 4.36115 -6.7004
0 1.90566 1.58826
1 2.79243 -6.3305
0 4.75828 1.84085
0 3.08716 1.83584
3 0.3 1.5
3 -0.3 1.5
3 -0.3 -1.5
3 0.3 -1.5
1 -1.68833 -1.31158
1 3.39966 -1.16163
1 1.99985 -5.61854
1 1.73194 -0.994001
0 2.35608 -8.68814
0 -2.22062 1.46196
0 0.685568 -7.04286
1 5.61254 -0.826404
1 5.94911 -5.20703
362
1 7.13723 -5.79238
0 7.70862 2.13395
1 7.76379 -0.929178
0 4.36276 -6.70075
0 1.91434 1.57746
1 2.77965 -6.32452
0 4.76576 1.83761
0 3.06642 1.86206
3 0.3 1.5
3 -0.3 1.5
3 -0.3 -1.5
3 0.3 -1.5
1 -1.69795 -1.3093
1 3.41042 -1.16232
1 1.99512 -5.61544
1 1.73097 -0.994474
0 2.35759 -8.68875
0 -2.19812 1.46878
0 0.686745 -7.04293
1 5.61135 -0.828589
1 5.96436 -5.20466
366
1 7.1366 -5.79948
0 7.67535 2.10743
1 7.759 -0.921155
0 5.09423 -7.12443
0 1.92323 1.56671
1 2.76869 -6.32048
0 4.81069 1.86174
0 3.02265 1.87795
3 0.3 1.5
3 -0.3 1.5
3 -0.3 -1.5
3 0.3 -1.5
1 -1.70784 -1.30689
1 3.3981 -1.16079
1 1.99042 -5.61205
1 1.73005 -0.99491
0 2.35947 -8.68921
0 -2.1761 1.47514
0 0.688622 -7.0431
1 5.61023 -0.830874
1 5.92041 -5.1912
370
1 7.13664 -5.79907
0 7.76354 2.14397
1 7.73454 -0.928564
0 5.03498 -7.07332
0 2.10076 1.70676
1 2.76618 -6.31859
0 4.79865 1.85309
0 2.95698 1.8533
3 0.3 1.5
3 -0.3 1.5
3 -0.3 -1.5
3 0.3 -1.5
1 -1.70855 -1.30631
1 3.38049 -1.16146
1 1.99007 -5.61171
1 1.73036 -0.994617
0 2.36017 -8.68946
0 -2.16874 1.47799
0 0.688937 -7.04327
1 5.61108 -0.830425
1 5.90536 -5.18797
374
1 8.59677 -3.83704
1 7.13715 -5.8017
0 7.72674 2.11586
1 7.75062 -0.924147
0 5.26605 -7.20273
0 1.99401 1.66431
1 2.74041 -6.30979
0 4.93146 1.88158
0 2.95755 1.8795
3 0.3 1.5
3 -0.3 1.5
3 -0.3 -1.5
3 0.3 -1.5
1 -1.73115 -1.30248
1 3.34642 -1.165
1 1.97408 -5.60447
1 2.39757 -1.03397
0 2.35136 -8.68483
0 -2.16517 1.47924
0 0.682955 -7.04099
1 5.22122 -0.857784
1 5.86083 -5.17887
378
1 8.57773 -3.84517
1 7.23429 -5.85753
0 7.71434 2.10314
1 7.87607 -0.922485
0 5.22669 -7.18221
0 1.99674 1.65611
1 2.72764 -6.30449
0 4.93166 1.87441
0 2.94744 1.86913
3 0.3 1.5
3 -0.3 1.5
3 -0.3 -1.5
3 0.3 -1.5
1 -1.74018 -1.30161
1 3.3293 -1.16733
1 1.96836 -5.60229
1 2.50649 -1.00445
0 2.349 -8.68392
0 -2.16132 1.47856
0 0.682034 -7.04118
1 5.17239 -0.857276
1 5.83798 -5.17399
382
1 8.56346 -3.8598
1 7.25749 -5.8771
0 7.6241 2.11857
1 7.79453 -0.902888
0 5.1916 -7.16565
0 2.04439 1.74016
1 2.72188 -6.30199
0 4.90771 1.85901
0 2.91345 1.84945
3 0.3 1.5
3 -0.3 1.5
3 -0.3 -1.5
3 0.3 -1.5
1 -1.74415 -1.30081
1 3.31457 -1.16908
1 1.96555 -5.60115
1 2.61661 -1.002
0 2.34789 -8.68341
0 -2.15741 1.47995
0 0.681302 -7.04118
1 5.1439 -0.859538
1 5.82671 -5.17359
386
1 8.59377 -3.8846
1 7.22696 -5.8686
0 7.60134 2.17356
1 7.76262 -0.915321
0 5.16833 -7.15208
0 2.20392 1.8918
1 2.72788 -6.30479
0 4.91192 1.84958
0 2.8839 1.83168
3 0.3 1.5
3 -0.3 1.5
3 -0.3 -1.5
3 0.3 -1.5
1 -1.74011 -1.301
1 3.30799 -1.16957
1 1.96823 -5.60214
1 2.52976 -1.00032
0 2.34981 -8.68427
0 -2.15187 1.48265
0 0.682336 -7.04162
1 5.18766 -0.867525
1 5.81617 -5.16945
390
1 8.59413 -3.89435
1 7.26808 -5.89887
0 7.54348 2.1519
1 7.83687 -0.906875
0 5.16057 -7.14994
0 2.02895 1.84083
1 2.724 -6.30473
0 4.91687 1.84514
0 2.88988 1.82665
3 0.3 1.5
3 -0.3 1.5
3 -0.3 -1.5
3 0.3 -1.5
1 -1.74528 -1.30085
1 3.30207 -1.17227
1 1.96587 -5.60103
1 2.59922 -0.986987
0 2.35054 -8.6849
0 -2.13106 1.4902
0 0.683317 -7.04225
1 5.18187 -0.870735
1 5.80933 -5.16971
394
1 8.59455 -3.90364
1 7.24017 -5.89246
0 7.57648 2.2102
1 7.81834 -0.919874
0 5.15914 -7.15079
0 2.14044 1.95017
1 2.72747 -6.30535
0 4.92582 1.83948
0 2.90325 1.82208
3 0.3 1.5
3 -0.3 1.5
3 -0.3 -1.5
3 0.3 -1.5
1 -1.74197 -1.30086
1 3.2983 -1.17251
1 1.96826 -5.60189
1 2.55385 -0.994123
0 2.35198 -8.68544
0 -2.12527 1.49349
0 0.683947 -7.04233
1 5.16801 -0.871297
1 5.80603 -5.16859
398
1 8.61106 -3.92121
1 7.21301 -5.88923
0 7.64687 2.23995
1 7.76101 -0.947421
0 5.13736 -7.13936
0 2.12889 1.98012
1 2.72002 -6.30175
0 4.9366 1.83614
0 2.86192 1.80696
3 0.3 1.5
3 -0.3 1.5
3 -0.3 -1.5
3 0.3 -1.5
1 -1.74743 -1.29987
1 3.29033 -1.17393
1 1.96523 -5.60035
1 2.57905 -0.984238
0 2.35174 -8.68514
0 -2.12389 1.49328
0 0.684573 -7.04292
1 5.2024 -0.878538
1 5.94428 -5.22588
402
1 8.60533 -3.9262
1 7.19369 -5.8863
0 7.61817 2.22666
1 7.8051 -0.936047
0 5.11993 -7.13075
0 2.08334 1.95631
1 2.71455 -6.29968
0 4.93782 1.83352
0 2.84093 1.79888
3 0.3 1.5
3 -0.3 1.5
3 -0.3 -1.5
3 0.3 -1.5
1 -1.75158 -1.2994
1 3.28303 -1.17487
1 1.96268 -5.59928
1 2.61157 -0.973711
0 2.35106 -8.68487
0 -2.12319 1.49261
0 0.684553 -7.04321
1 5.19614 -0.880154
1 5.99323 -5.24448
406
1 8.60636 -3.93722
1 7.17335 -5.88497
0 7.59218 2.19816
1 7.80986 -0.937688
0 5.28556 -7.23944
0 2.13493 2.00096
1 2.71375 -6.29908
0 5.06501 1.89819
0 2.85368 1.79507
3 0.3 1.5
3 -0.3 1.5
3 -0.3 -1.5
3 0.3 -1.5
1 -1.75274 -1.29875
1 3.27711 -1.17609
1 1.96237 -5.59847
1 2.61037 -0.97661
0 2.352 -8.68497
0 -2.1136 1.49603
0 0.685025 -7.0427
1 5.18583 -0.881825
1 6.01187 -5.25787
410
1 8.61013 -3.93944
1 7.17586 -5.88752
0 7.58821 2.22814
1 7.77561 -0.944152
0 5.27626 -7.23265
0 2.08502 2.01956
1 2.71907 -6.30225
0 5.02203 1.88268
0 2.85178 1.79212
3 0.3 1.5
3 -0.3 1.5
3 -0.3 -1.5
3 0.3 -1.5
1 -1.74957 -1.29928
1 3.27809 -1.17618
1 1.96458 -5.59958
1 2.55654 -0.975111
0 2.35304 -8.68558
0 -2.11121 1.4972
0 0.685559 -7.04302
1 5.1839 -0.881983
1 5.99186 -5.24975
414
1 8.65986 -4.00707
1 7.13186 -5.87855
0 7.65827 2.26106
1 7.82539 -0.944152
0 5.26172 -7.22616
0 2.12215 2.06041
1 2.71978 -6.30275
0 5.0237 1.87317
0 2.85877 1.79032
3 0.3 1.5
3 -0.3 1.5
3 -0.3 -1.5
3 0.3 -1.5
1 -1.7493 -1.29937
1 3.27641 -1.17677
1 1.96479 -5.59978
1 2.54783 -0.971741
0 2.35318 -8.6857
0 -2.10879 1.4981
0 0.685643 -7.04318
1 5.17953 -0.882759
1 5.9674 -5.24271
418
1 5.95586 -5.2352
1 5.17842 -0.884218
0 0.685769 -7.04361
0 -2.10602 1.49797
0 2.35304 -8.68594
1 2.53584 -0.955755
1 1.96421 -5.59987
1 3.27523 -1.17799
1 -1.75053 -1.29977
3 0.3 -1.5
3 -0.3 -1.5
3 -0.3 1.5
3 0.3 1.5
0 2.86233 1.78855
0 4.99653 1.86451
1 2.71968 -6.30401
0 1.94359 1.98928
0 5.26125 -7.22706
1 7.87242 -0.932868
0 7.59779 2.24382
1 7.13048 -5.88021
1 8.88182 -4.09872
422
1 5.92093 -5.22437
1 5.1735 -0.883863
0 0.686349 -7.04297
0 -2.09906 1.50193
0 2.35477 -8.68632
1 2.48908 -0.972271
1 1.96713 -5.60049
1 3.27531 -1.17764
1 -1.74634 -1.29965
3 0.3 -1.5
3 -0.3 -1.5
3 -0.3 1.5
3 0.3 1.5
0 2.87684 1.78756
0 5.17721 1.92521
1 2.72523 -6.30543
0 2.11491 2.09177
0 5.25625 -7.22464
1 7.82735 -0.953405
0 7.65365 2.26563
1 7.11409 -5.87649
1 8.82997 -4.10974
426
1 5.91032 -5.22212
1 5.23193 -0.890654
0 0.686321 -7.04328
0 -2.09885 1.502
0 2.35488 -8.68663
1 2.49002 -0.972068
1 1.96808 -5.60127
1 3.27661 -1.17778
1 -1.74484 -1.30018
3 0.3 -1.5
3 -0.3 -1.5
3 -0.3 1.5
3 0.3 1.5
0 2.85775 1.78224
0 5.13973 1.90935
1 2.72775 -6.30711
0 1.95811 2.06496
0 5.26054 -7.22732
1 7.8412 -0.945519
0 7.59569 2.28248
1 7.11858 -5.88048
0 6.30915 -8.14318
1 8.84447 -4.12736
430
1 5.90526 -5.2211
1 5.23222 -0.890101
0 0.686319 -7.04324
0 -2.09867 1.50294
0 2.35526 -8.68679
1 2.47638 -0.978756
1 1.96982 -5.60209
1 3.27858 -1.17728
1 -1.74206 -1.30048
3 0.3 -1.5
3 -0.3 -1.5
3 -0.3 1.5
3 0.3 1.5
0 2.86277 1.7828
0 5.13567 1.89875
1 2.7315 -6.30858
0 1.96264 2.08437
0 5.27037 -7.23254
1 7.82533 -0.953409
0 7.67141 2.31502
1 7.12141 -5.88115
0 6.32221 -8.1555
1 8.83355 -4.13075
434
1 10.6891 -0.941727
1 5.82899 -5.18232
1 5.23061 -0.891102
0 0.686926 -7.04377
0 -2.09709 1.50281
0 2.35587 -8.68729
1 2.41141 -0.965164
1 1.97071 -5.60274
1 3.27838 -1.17795
1 -1.74104 -1.30104
3 0.3 -1.5
3 -0.3 -1.5
3 -0.3 1.5
3 0.3 1.5
0 2.867 1.78149
0 5.12199 1.8844
1 2.73269 -6.30952
0 1.83227 2.04507
0 5.26275 -7.22958
1 7.83034 -0.950584
0 7.61108 2.31533
1 7.11009 -5.87909
0 6.19628 -8.09901
1 9.64509 -4.32429
438
1 10.7415 -1.00507
1 5.83377 -5.18563
1 5.23143 -0.890598
0 0.686928 -7.04375
0 -2.0974 1.50336
0 2.35617 -8.68744
1 2.39906 -0.970149
1 1.97214 -5.60344
1 3.28038 -1.17749
1 -1.73873 -1.30134
3 0.3 -1.5
3 -0.3 -1.5
3 -0.3 1.5
3 0.3 1.5
0 2.87032 1.78214
0 5.1338 1.87977
1 2.73587 -6.31086
0 1.7767 2.0344
0 5.27459 -7.23599
1 7.80696 -0.956078
0 7.56422 2.32448
1 7.11828 -5.88233
0 6.22454 -8.12404
1 9.57815 -4.29615
442
1 10.777 -1.0735
1 5.82137 -5.18374
1 5.22924 -0.891548
0 0.687831 -7.04343
0 -2.08988 1.50574
0 2.35733 -8.68759
1 2.35935 -0.969414
1 1.97231 -5.60284
1 3.2785 -1.17827
1 -1.73925 -1.30094
3 0.3 -1.5
3 -0.3 -1.5
3 -0.3 1.5
3 0.3 1.5
0 2.87954 1.78064
0 5.33397 1.95942
1 2.73647 -6.31103
0 1.78028 2.03984
0 5.27633 -7.23701
1 7.825 -0.959126
0 7.51853 2.28826
1 6.92634 -5.81188
0 6.23997 -8.14803
1 9.35605 -4.27378
446
1 11.0987 -3.36392
1 10.8638 -0.944266
1 5.8316 -5.19133
1 5.22942 -0.892684
0 0.688095 -7.04403
0 -2.08902 1.50483
0 2.35735 -8.68797
1 2.33785 -0.955453
1 1.97192 -5.60307
1 3.27807 -1.1792
1 -1.74012 -1.30142
3 0.3 -1.5
3 -0.3 -1.5
3 -0.3 1.5
3 0.3 1.5
0 2.86423 1.77596
0 5.23988 1.94166
1 2.73612 -6.31189
0 1.55405 1.94063
0 5.27827 -7.2391
1 7.80695 -0.939958
0 7.45517 2.27543
1 6.92187 -5.80943
0 6.24854 -8.15489
1 9.35202 -4.27095
450
1 10.8719 -3.38761
1 10.9072 -1.00809
1 5.80299 -5.17853
1 5.23006 -0.892034
0 0.688218 -7.04414
0 -2.0907 1.50495
0 2.35769 -8.68813
1 2.31211 -0.95937
1 1.97333 -5.60378
1 3.27999 -1.17862
1 -1.73786 -1.30165
3 0.3 -1.5
3 -0.3 -1.5
3 -0.3 1.5
3 0.3 1.5
0 2.86662 1.7767
0 5.2567 1.92664
1 2.73877 -6.31269
0 1.56197 1.94106
0 5.28626 -7.24334
1 7.83741 -0.941388
0 7.47867 2.29142
1 6.91634 -5.80653
0 6.27611 -8.17999
1 9.33456 -4.30615
0 8.23629 -5.55468
454
1 10.873 -3.42665
1 10.8982 -1.04104
1 5.81389 -5.18402
1 5.23162 -0.891211
0 0.688136 -7.04413
0 -2.09246 1.50504
0 2.35784 -8.68821
1 2.30659 -0.965402
1 1.97456 -5.60441
1 3.28226 -1.17793
1 -1.73576 -1.30188
3 0.3 -1.5
3 -0.3 -1.5
3 -0.3 1.5
3 0.3 1.5
0 2.86687 1.77783
0 5.23846 1.91175
1 2.74124 -6.31351
0 1.54345 1.94938
0 5.29848 -7.24962
1 7.82703 -0.949826
0 7.51149 2.32007
1 6.92362 -5.80828
0 6.30792 -8.20134
1 9.33479 -4.3167
0 8.2706 -5.58717
458
1 10.7179 -3.54671
1 11.3539 -1.03443
1 5.70888 -5.14186
1 6.36247 -0.879536
0 0.688192 -7.04261
0 -2.08932 1.50515
0 2.35674 -8.68662
1 2.19803 -0.951554
1 1.96826 -5.60004
1 3.27089 -1.17959
1 -1.74592 -1.29933
3 0.3 -1.5
3 -0.3 -1.5
3 -0.3 1.5
3 0.3 1.5
0 2.86952 1.77384
0 5.23968 1.90265
1 2.72813 -6.30686
0 1.37245 1.85329
0 5.25711 -7.22906
1 7.78734 -0.963497
0 7.41262 2.28522
1 6.60051 -5.65585
0 6.27423 -8.20528
1 9.23523 -4.32354
0 8.38768 -5.69774
462
1 10.7367 -3.65262
1 11.3535 -1.14686
1 5.7241 -5.15059
1 6.05727 -0.862143
0 0.688656 -7.04279
0 -2.09023 1.5068
0 2.35822 -8.68723
1 2.17023 -0.968628
1 1.97308 -5.60223
1 3.27623 -1.17799
1 -1.73855 -1.30033
3 0.3 -1.5
3 -0.3 -1.5
3 -0.3 1.5
3 0.3 1.5
0 2.87754 1.77609
0 5.28328 1.8869
1 2.73769 -6.31011
0 1.73136 2.02031
0 5.28429 -7.24221
1 7.7648 -0.980902
0 7.62749 2.3446
1 6.5592 -5.62813
0 6.3263 -8.23526
1 9.16898 -4.3283
0 8.47166 -5.79664
466
1 10.8468 -3.57698
1 11.4939 -1.02249
1 5.76538 -5.16709
1 6.35766 -0.829136
0 0.688075 -7.04233
0 -2.09091 1.50428
0 2.3563 -8.6863
1 2.19521 -0.949683
1 1.96777 -5.59966
1 3.27114 -1.17969
1 -1.74664 -1.29959
3 0.3 -1.5
3 -0.3 -1.5
3 -0.3 1.5
3 0.3 1.5
0 2.87009 1.77397
0 5.22341 1.89076
1 2.72891 -6.308
0 1.0068 1.70939
0 5.2742 -7.23882
1 7.76932 -0.962869
0 7.34014 2.32302
1 6.48756 -5.60497
0 6.32149 -8.22814
1 9.22054 -4.34494
0 8.53061 -5.79092
470
1 11.2583 -3.64678
1 11.5032 -1.09054
1 5.7755 -5.17216
1 6.40965 -0.818118
0 0.688176 -7.04219
0 -2.09217 1.504
0 2.35616 -8.68603
1 2.17102 -0.948727
1 1.96762 -5.59946
1 3.27098 -1.17965
1 -1.74668 -1.2995
3 0.3 -1.5
3 -0.3 -1.5
3 -0.3 1.5
3 0.3 1.5
0 2.87201 1.7738
0 5.25227 1.88739
1 2.72892 -6.30778
0 1.01285 1.67485
0 5.28208 -7.24333
1 7.49025 -0.987784
0 7.47055 2.35314
1 6.51147 -5.61574
0 6.35967 -8.25461
1 9.31765 -4.39772
0 8.47771 -5.83989
474
1 10.9222 -3.57216
1 11.3592 -1.00563
1 5.75162 -5.16245
1 6.67517 -0.780307
0 0.688145 -7.04198
0 -2.09196 1.50156
0 2.35496 -8.68544
1 2.15243 -0.925724
1 1.96277 -5.59703
1 3.26478 -1.18155
1 -1.75435 -1.29873
3 0.3 -1.5
3 -0.3 -1.5
3 -0.3 1.5
3 0.3 1.5
0 2.86634 1.77088
0 5.20947 1.89173
1 2.71974 -6.30493
0 0.530467 1.44112
0 5.25617 -7.23147
1 7.53269 -0.981753
0 7.32379 2.35948
1 6.50951 -5.61761
0 6.31653 -8.23087
1 9.34742 -4.38983
0 8.67441 -5.90768
478
1 10.8963 -3.66561
1 11.2745 -1.1891
1 5.73594 -5.16085
1 6.6582 -0.7959
0 0.688671 -7.04232
0 -2.09577 1.50103
0 2.35595 -8.68583
1 2.0741 -0.928963
1 1.966 -5.5986
1 3.26865 -1.18063
1 -1.74927 -1.29927
3 0.3 -1.5
3 -0.3 -1.5
3 -0.3 1.5
3 0.3 1.5
0 2.87106 1.77185
0 5.26019 1.88239
1 2.72466 -6.3057
0 0.848803 1.56409
0 5.26423 -7.23509
1 7.45395 -0.994917
0 7.47547 2.376
1 6.37942 -5.55249
0 6.34512 -8.25677
1 9.39329 -4.45361
0 8.69001 -5.96703
482
1 10.8996 -3.65299
1 11.3339 -1.18884
1 5.74004 -5.16397
1 6.61348 -0.780834
0 0.689034 -7.04129
0 -2.08539 1.50321
0 2.35656 -8.68576
1 2.09646 -0.929363
1 1.96399 -5.59673
1 3.26425 -1.1822
1 -1.75314 -1.2985
3 0.3 -1.5
3 -0.3 -1.5
3 -0.3 1.5
3 0.3 1.5
0 2.87639 1.76961
0 5.475 2.02076
1 2.72184 -6.30532
0 0.615449 1.46068
0 5.25293 -7.22976
1 7.51427 -1.00171
0 7.31857 2.35259
1 6.39097 -5.562
0 6.3238 -8.24533
1 9.40985 -4.45426
0 8.7043 -5.96882
486
1 11.0789 -3.54879
1 11.4127 -1.12606
1 5.70465 -5.1526
1 6.88193 -0.71118
0 0.689795 -7.04114
0 -2.07919 1.50216
0 2.35645 -8.68563
1 2.02506 -0.899794
1 1.95944 -5.59414
1 3.25621 -1.18522
1 -1.76104 -1.29767
3 0.3 -1.5
3 -0.3 -1.5
3 -0.3 1.5
3 0.3 1.5
0 2.87434 1.76388
0 5.31987 2.02209
1 2.71297 -6.303
0 0.248832 1.26369
0 5.21811 -7.21372
1 7.52053 -1.00094
0 7.2582 2.37475
1 6.24315 -5.49121
0 6.2709 -8.22469
1 9.50322 -4.48242
0 8.63355 -5.94397
490
1 11.0604 -3.5567
1 11.3923 -1.13345
1 5.68064 -5.14232
1 6.85301 -0.716521
0 0.690052 -7.04139
0 -2.08154 1.50131
0 2.35678 -8.68593
1 1.99816 -0.897685
1 1.96026 -5.59464
1 3.25779 -1.185
1 -1.75952 -1.29802
3 0.3 -1.5
3 -0.3 -1.5
3 -0.3 1.5
3 0.3 1.5
0 2.86002 1.76124
0 5.48303 2.05096
1 2.71393 -6.30323
0 0.204258 1.23237
0 5.21362 -7.21126
1 7.47428 -0.996424
0 7.52956 2.4904
1 6.19881 -5.4655
0 6.26345 -8.22206
1 9.47698 -4.48015
0 8.60115 -5.93809
494
1 11.2971 -3.57563
1 11.6803 -1.10907
1 5.63944 -5.11938
1 6.91491 -0.696309
0 0.690059 -7.04113
0 -2.08054 1.50151
0 2.35657 -8.68563
1 1.98584 -0.896106
1 1.95927 -5.59394
1 3.25611 -1.18534
1 -1.76112 -1.29762
3 0.3 -1.5
3 -0.3 -1.5
3 -0.3 1.5
3 0.3 1.5
0 2.86127 1.7606
0 5.47574 2.0453
1 2.71204 -6.30232
0 0.207424 1.23197
0 5.20964 -7.20931
1 7.4719 -0.998403
0 7.47473 2.47573
1 6.18394 -5.45907
0 6.26299 -8.22444
1 9.4662 -4.48002
0 8.59606 -5.96781
498
1 11.2789 -3.60007
1 11.9268 -1.11853
1 5.57746 -5.09511
1 6.91211 -0.693902
0 0.690818 -7.0397
0 -2.06731 1.50598
0 2.35815 -8.68562
1 1.95738 -0.903549
1 1.95911 -5.59243
1 3.25249 -1.18639
1 -1.76218 -1.29666
3 0.3 -1.5
3 -0.3 -1.5
3 -0.3 1.5
3 0.3 1.5
0 2.87513 1.75879
0 5.95272 2.24452
1 2.71247 -6.30225
0 0.267597 1.23435
0 5.20442 -7.20657
1 7.45874 -1.01283
0 7.48027 2.44754
1 6.14736 -5.44634
0 6.2687 -8.23831
1 9.46613 -4.50292
0 8.5684 -5.98504
502
1 10.4416 0.0386441
1 11.2098 -3.59582
1 11.8154 -1.14545
1 5.57559 -5.09684
1 6.84131 -0.702599
0 0.699243 -7.04606
0 -2.05391 1.51057
0 2.36073 -8.68674
1 1.9612 -0.914001
1 1.96087 -5.5924
1 3.25234 -1.1876
1 -1.76067 -1.29646
3 0.3 -1.5
3 -0.3 -1.5
3 -0.3 1.5
3 0.3 1.5
0 2.89192 1.75817
0 6.02321 2.37815
1 2.71572 -6.30337
0 0.331532 1.24085
0 5.2089 -7.20881
1 7.45354 -1.02355
0 7.44339 2.41549
1 5.9605 -5.34389
0 6.28453 -8.25294
1 9.45584 -4.51334
0 8.57508 -6.00319
506
1 10.4227 0.0100658
1 11.2265 -3.62683
0 13.0041 2.29354
1 11.8471 -1.17849
1 5.5511 -5.08923
1 6.79666 -0.70765
0 0.700736 -7.04462
0 -2.03173 1.51735
0 2.36397 -8.68771
1 1.94962 -0.922814
1 1.96184 -5.59109
1 3.24847 -1.18958
1 -1.76077 -1.2957
3 0.3 -1.5
3 -0.3 -1.5
3 -0.3 1.5
3 0.3 1.5
0 2.91266 1.7553
0 6.49499 2.68742
1 2.71877 -6.30513
0 0.297314 1.18986
0 5.20446 -7.20656
1 7.45226 -1.03824
0 7.4253 2.39282
1 5.90526 -5.31399
0 6.28817 -8.26515
1 9.44229 -4.524
0 8.54508 -6.0003
510
1 10.7007 0.0581227
1 11.3009 -3.61393
0 12.802 2.29848
1 11.8047 -1.16694
1 5.57842 -5.09845
1 6.83017 -0.701902
0 0.702369 -7.04608
0 -2.02252 1.52196
0 2.36758 -8.69052
1 1.99375 -0.930771
1 1.96484 -5.59274
1 3.25252 -1.18993
1 -1.75743 -1.29651
3 0.3 -1.5
3 -0.3 -1.5
3 -0.3 1.5
3 0.3 1.5
0 2.89737 1.75135
0 5.94681 2.57795
1 2.72402 -6.30794
0 0.300224 1.19081
0 5.2161 -7.2117
1 7.52241 -1.04356
0 7.4244 2.39885
1 5.93507 -5.32616
0 6.30501 -8.26987
1 9.54483 -4.55342
0 8.57435 -6.00212
514
1 10.4755 -2.51111
1 10.8665 0.063999
1 11.2563 -3.62717
0 12.7926 2.2599
1 11.9972 -1.17113
1 5.55897 -5.09027
1 6.80303 -0.710412
0 0.702682 -7.04614
0 -2.0207 1.52236
0 2.36818 -8.69082
1 1.97207 -0.928386
1 1.96572 -5.59309
1 3.25286 -1.19005
1 -1.75677 -1.29667
3 0.3 -1.5
3 -0.3 -1.5
3 -0.3 1.5
3 0.3 1.5
0 2.90078 1.75173
0 6.03162 2.5882
1 2.72535 -6.30851
0 0.308727 1.19105
0 5.2155 -7.21126
1 7.93376 -1.07691
0 7.42095 2.39156
1 5.90631 -5.3115
0 6.30216 -8.26916
1 9.55004 -4.56707
0 8.55654 -6.00365
518
1 5.32449 0.242018
1 10.3784 -2.56601
1 10.7796 0.0274772
1 11.2465 -3.65604
0 12.7509 2.19118
1 11.935 -1.21251
1 5.53605 -5.08341
1 7.3335 -0.729999
0 0.702798 -7.04508
0 -2.01452 1.52444
0 2.36856 -8.69047
1 1.95068 -0.931576
1 1.96462 -5.59169
1 3.24985 -1.19064
1 -1.7587 -1.29581
3 0.3 -1.5
3 -0.3 -1.5
3 -0.3 1.5
3 0.3 1.5
0 2.90733 1.75066
0 6.21232 2.69483
1 2.72365 -6.30746
0 0.331276 1.1892
0 5.20738 -7.20711
1 7.84286 -1.07956
0 7.42127 2.3758
1 5.87428 -5.29909
0 6.29925 -8.27494
1 9.53634 -4.58547
0 8.54513 -6.01696
522
1 5.32391 0.278513
1 10.3998 -2.46791
1 10.5651 -0.0107872
1 11.2503 -3.64582
0 12.656 2.18133
1 11.9024 -1.20533
1 5.55133 -5.08947
1 7.17531 -0.696191
0 0.703289 -7.04575
0 -2.01252 1.52525
0 2.3693 -8.69111
1 1.96151 -0.931553
1 1.96588 -5.59253
1 3.25171 -1.19094
1 -1.75723 -1.29628
3 0.3 -1.5
3 -0.3 -1.5
3 -0.3 1.5
3 0.3 1.5
0 2.90935 1.75066
0 5.86885 2.60774
1 2.72575 -6.30857
0 0.343988 1.19375
0 5.21463 -7.21085
1 7.82336 -1.07552
0 7.36469 2.36289
1 5.89296 -5.30904
0 6.31311 -8.28265
1 9.55261 -4.59031
0 8.93011 -6.17873
526
1 5.30221 0.244912
1 10.2 -2.55465
1 10.6296 -0.0719795
1 11.2494 -3.68186
0 13.0532 2.30102
1 11.7393 -1.2495
1 5.54276 -5.08798
1 7.17269 -0.72014
0 0.703997 -7.04517
0 -2.00306 1.52847
0 2.37109 -8.69174
1 1.95367 -0.938407
1 1.96732 -5.59246
1 3.2514 -1.19139
1 -1.75587 -1.29612
3 0.3 -1.5
3 -0.3 -1.5
3 -0.3 1.5
3 0.3 1.5
0 2.91886 1.75015
0 6.11085 2.74015
1 2.72895 -6.30991
0 0.385701 1.19701
0 5.21717 -7.21189
1 8.06535 -1.10546
0 7.37572 2.34595
1 5.88112 -5.30583
0 6.32034 -8.29085
1 9.52789 -4.59944
0 8.85508 -6.17866
530
1 5.37905 0.128209
1 10.0729 -2.66953
1 10.7364 -0.187704
1 11.2847 -3.78477
0 13.2253 2.3242
1 11.6656 -1.35904
1 5.52669 -5.0842
1 7.06625 -0.768334
0 0.704495 -7.04543
0 -1.99969 1.53105
0 2.37277 -8.69255
1 1.92575 -0.950065
1 1.97159 -5.59447
1 3.25547 -1.19041
1 -1.74928 -1.29683
3 0.3 -1.5
3 -0.3 -1.5
3 -0.3 1.5
3 0.3 1.5
0 2.92708 1.75167
0 6.21519 2.79168
1 2.73681 -6.31239
0 0.792089 1.35346
0 5.23409 -7.2194
1 7.94314 -1.11362
0 7.41458 2.30207
1 5.8489 -5.28947
0 6.35345 -8.31307
1 9.48331 -4.62572
0 8.84945 -6.23
534
1 5.41723 0.174553
1 10.034 -2.63816
1 10.8637 -0.140475
1 11.402 -3.78523
0 13.0961 2.3242
1 11.6803 -1.3486
1 5.56318 -5.09944
1 7.07456 -0.750686
0 0.704285 -7.04569
0 -1.99923 1.53096
0 2.3726 -8.69271
1 1.96256 -0.950281
1 1.97129 -5.59458
1 3.25544 -1.19064
1 -1.74991 -1.29691
3 0.3 -1.5
3 -0.3 -1.5
3 -0.3 1.5
3 0.3 1.5
0 2.92589 1.75157
0 5.79728 2.68918
1 2.73655 -6.31277
0 0.682734 1.33561
0 5.2375 -7.22131
1 7.98435 -1.11194
0 7.21574 2.27211
1 5.88135 -5.30325
0 6.35921 -8.314
1 9.55118 -4.64427
0 8.85463 -6.2358
538
1 8.06382 0.892449
1 5.46273 0.148723
1 10.1573 -2.70581
0 11.9556 4.8492
1 10.983 -0.180804
1 11.423 -3.7955
0 13.0965 2.28135
1 11.6343 -1.36201
1 5.57068 -5.10457
1 7.06994 -0.75559
0 0.704887 -7.04467
0 -1.98724 1.53484
0 2.37432 -8.69315
1 1.97519 -0.95911
1 1.9719 -5.59383
1 3.25372 -1.1915
1 -1.74991 -1.29642
3 0.3 -1.5
3 -0.3 -1.5
3 -0.3 1.5
3 0.3 1.5
0 2.93774 1.75046
0 6.12289 2.86149
1 2.73878 -6.31394
0 0.673954 1.30228
0 5.23927 -7.22233
1 7.83315 -3.49171
1 7.77753 -1.10903
0 7.24111 2.26936
1 5.8939 -5.31312
0 6.36937 -8.32469
1 9.53147 -4.64573
0 8.82936 -6.24321
542
1 8.03742 0.910329
1 5.45154 0.167666
1 10.1594 -2.69122
0 11.7605 4.81429
1 10.9616 -0.163413
1 11.4281 -3.78641
0 13.5816 2.4826
1 11.6489 -1.35423
1 5.58378 -5.10924
1 7.08423 -0.751509
0 0.704923 -7.04525
0 -1.98826 1.53445
0 2.37447 -8.69356
1 1.98707 -0.958474
1 1.97267 -5.59459
1 3.25584 -1.19166
1 -1.74863 -1.29684
3 0.3 -1.5
3 -0.3 -1.5
3 -0.3 1.5
3 0.3 1.5
0 2.93023 1.74926
0 5.91458 2.81163
1 2.73864 -6.31366
0 0.674099 1.30508
0 5.24348 -7.22458
1 7.84866 -3.48582
1 7.79452 -1.10746
0 7.25278 2.27528
1 5.90874 -5.31908
0 6.37452 -8.32536
1 9.55098 -4.64676
0 8.8413 -6.23901
546
1 8.02748 0.95771
1 5.45013 0.207514
1 10.0768 -2.65529
0 11.8004 4.81744
1 11.0782 -0.152918
1 11.5724 -3.81807
0 13.4982 2.47554
1 11.5557 -1.34887
1 5.59487 -5.11431
1 7.09212 -0.751949
0 0.704868 -7.04501
0 -1.98691 1.53505
0 2.37454 -8.69349
1 1.99816 -0.961389
1 1.97263 -5.59441
1 3.25557 -1.19168
1 -1.74881 -1.29669
3 0.3 -1.5
3 -0.3 -1.5
3 -0.3 1.5
3 0.3 1.5
0 2.93185 1.74927
0 5.968 2.82595
1 2.73889 -6.31375
0 0.685462 1.30701
0 5.24566 -7.22567
1 7.86083 -3.48822
1 7.57835 -1.09257
0 7.25823 2.27452
1 5.9234 -5.32705
0 6.38065 -8.32909
1 9.57614 -4.6548
0 8.75648 -6.1925
550
1 8.04179 0.936409
1 5.4326 0.247615
1 9.89805 -2.60199
0 11.7418 4.79306
1 11.3607 -0.129039
1 11.706 -3.8497
0 13.4955 2.47942
1 11.5124 -1.34887
1 5.5987 -5.11588
1 7.09426 -0.751334
0 0.704825 -7.04505
0 -1.9871 1.53501
0 2.37453 -8.69352
1 2.00181 -0.961755
1 1.97272 -5.5945
1 3.25573 -1.19164
1 -1.74867 -1.29673
3 0.3 -1.5
3 -0.3 -1.5
3 -0.3 1.5
3 0.3 1.5
0 2.93172 1.74933
0 5.90157 2.80774
1 2.73907 -6.31386
0 0.686943 1.30775
0 5.24656 -7.22615
1 8.02645 -3.54954
1 7.5482 -1.08852
0 7.25913 2.27511
1 5.92817 -5.3293
0 6.38204 -8.32952
1 9.56407 -4.64974
0 8.677 -6.15383
554
1 8.22899 0.973609
1 5.38458 0.295895
1 9.83823 -2.55833
0 11.738 4.79141
1 11.2895 -0.0912469
1 11.6926 -3.84625
0 13.4824 2.4754
1 11.2241 -1.31988
1 5.59379 -5.11387
1 7.0975 -0.751318
0 0.704843 -7.04505
0 -1.98711 1.53503
0 2.37458 -8.69355
1 1.99831 -0.961866
1 1.9729 -5.59459
1 3.25608 -1.19158
1 -1.74838 -1.29679
3 0.3 -1.5
3 -0.3 -1.5
3 -0.3 1.5
3 0.3 1.5
0 2.93151 1.74942
0 5.89928 2.80765
1 2.7395 -6.31406
0 0.683598 1.30674
0 5.24497 -7.22521
1 8.11864 -3.57746
1 7.54238 -1.08831
0 7.25736 2.27475
1 5.92311 -5.32691
0 6.37813 -8.32754
1 9.56102 -4.64968
0 8.6665 -6.15281
558
1 8.21804 0.980546
1 5.38488 0.297377
1 9.83868 -2.55747
0 10.9443 4.31501
1 11.2906 -0.0896233
1 11.6936 -3.84719
0 13.4855 2.47738
1 11.2021 -1.31301
1 5.5923 -5.11324
1 7.09647 -0.751704
0 0.704863 -7.04505
0 -1.98703 1.53505
0 2.37462 -8.69357
1 1.99696 -0.961777
1 1.97296 -5.59461
1 3.25617 -1.19158
1 -1.7483 -1.29681
3 0.3 -1.5
3 -0.3 -1.5
3 -0.3 1.5
3 0.3 1.5
0 2.93156 1.74943
0 5.89975 2.80843
1 2.73963 -6.31413
0 0.683885 1.30673
0 5.24479 -7.2251
1 8.11992 -3.57742
1 7.54565 -1.08866
0 7.25726 2.27445
1 5.92126 -5.32598
0 6.3776 -8.32731
1 9.56139 -4.65016
0 8.66735 -6.15361
562
0 4.37355 4.53129
1 8.20783 0.977013
1 5.38521 0.29664
1 9.83583 -2.55806
0 10.9303 4.32882
1 11.2857 -0.0909411
1 11.6938 -3.84721
0 13.4838 2.47651
1 11.1985 -1.31281
1 5.59235 -5.11325
1 7.09647 -0.751679
0 0.704859 -7.04505
0 -1.98704 1.53504
0 2.37461 -8.69357
1 1.99702 -0.961773
1 1.97296 -5.59461
1 3.25617 -1.19158
1 -1.7483 -1.29681
3 0.3 -1.5
3 -0.3 -1.5
3 -0.3 1.5
3 0.3 1.5
0 2.93154 1.74943
0 5.89984 2.80836
1 2.73963 -6.31413
0 0.683786 1.30672
0 5.2448 -7.2251
1 8.11899 -3.57847
1 7.54651 -1.08873
0 7.25723 2.27447
1 5.92131 -5.326
0 6.37759 -8.32729
1 9.56193 -4.65035
0 8.66806 -6.15437
566
0 4.24724 4.47986
1 8.55813 1.03448
1 5.38329 0.297365
1 9.9061 -2.56682
0 10.925 4.32646
1 11.2062 -0.0797896
1 11.6942 -3.84701
0 13.4815 2.47603
1 11.1807 -1.31234
1 5.59277 -5.11346
1 7.09734 -0.751604
0 0.704846 -7.04504
0 -1.98704 1.53506
0 2.37461 -8.69357
1 1.99761 -0.961964
1 1.97296 -5.59461
1 3.25617 -1.19157
1 -1.74828 -1.29681
3 0.3 -1.5
3 -0.3 -1.5
3 -0.3 1.5
3 0.3 1.5
0 2.93155 1.74944
0 5.90073 2.80899
1 2.73965 -6.31414
0 0.683939 1.30676
0 5.24481 -7.2251
1 8.14543 -3.59025
1 7.54741 -1.08875
0 7.25734 2.2745
1 5.92206 -5.32642
0 6.37761 -8.3273
1 9.564 -4.6509
0 8.63139 -6.13488
570
1 3.98718 1.40748
0 4.23407 4.45941
1 8.77754 1.04067
1 5.37325 0.29518
1 10.0245 -2.58288
0 10.9103 4.31859
1 11.083 -0.0722189
1 11.6882 -3.84655
0 13.7724 2.5672
1 11.1135 -1.3056
1 5.5903 -5.11237
1 7.09529 -0.751794
0 0.704817 -7.04503
0 -1.98715 1.53502
0 2.3746 -8.69357
1 1.99548 -0.961739
1 1.97308 -5.59469
1 3.25648 -1.19152
1 -1.74805 -1.29687
3 0.3 -1.5
3 -0.3 -1.5
3 -0.3 1.5
3 0.3 1.5
0 2.93129 1.74951
0 5.89798 2.80766
1 2.74 -6.31434
0 0.682533 1.30651
0 5.24433 -7.2248
1 8.22145 -3.63177
1 7.53838 -1.08808
0 7.25647 2.27443
1 5.91907 -5.32485
0 6.37581 -8.32622
1 9.55701 -4.649
0 7.93252 -5.94021
0 8.61458 -6.12788
574
1 3.98828 1.40264
0 4.41081 4.70225
1 8.73395 1.04419
1 5.36441 0.299131
1 10.0246 -2.58374
0 10.8727 4.27138
1 11.082 -0.0734735
1 11.6896 -3.84687
0 13.7112 2.56277
1 11.1108 -1.30518
1 5.5903 -5.11238
1 7.09546 -0.751849
0 0.704817 -7.04503
0 -1.98713 1.53503
0 2.37461 -8.69358
1 1.99555 -0.961794
1 1.97309 -5.59469
1 3.25648 -1.19152
1 -1.74804 -1.29687
3 0.3 -1.5
3 -0.3 -1.5
3 -0.3 1.5
3 0.3 1.5
0 2.93132 1.74951
0 5.89866 2.80818
1 2.74001 -6.31434
0 0.682794 1.30652
0 5.24437 -7.22482
1 8.22273 -3.63299
1 7.54111 -1.0883
0 7.25658 2.27436
1 5.91912 -5.32489
0 6.37588 -8.32628
1 9.55868 -4.64958
0 7.92058 -5.91977
0 8.61699 -6.12887
578
1 4.03526 1.39464
0 4.29448 4.78548
1 9.1003 1.0814
1 5.3593 0.299293
1 10.0085 -2.58321
0 10.8714 4.24259
1 11.0157 -0.0725193
1 11.6863 -3.84592
0 13.6869 2.55663
1 11.0596 -1.29653
1 5.58852 -5.11154
1 7.09432 -0.751575
0 0.704856 -7.04505
0 -1.98699 1.53501
0 2.37465 -8.6936
1 1.99367 -0.961212
1 1.97308 -5.59469
1 3.25646 -1.19157
1 -1.74808 -1.29689
3 0.3 -1.5
3 -0.3 -1.5
3 -0.3 1.5
3 0.3 1.5
0 2.93126 1.74946
0 5.89655 2.80849
1 2.73998 -6.31434
0 0.679905 1.30593
0 5.24406 -7.22465
1 8.19763 -3.61964
1 7.70617 -1.11182
0 7.25539 2.27461
1 5.91687 -5.32369
0 6.37495 -8.32566
1 9.55553 -4.64848
0 7.91315 -5.92176
0 8.53065 -6.07688
582
1 3.97068 1.45653
0 4.28504 4.78087
1 9.09717 1.07815
1 5.35196 0.299837
1 9.97115 -2.56755
0 10.4256 4.04812
1 11.0022 -0.072409
1 11.6815 -3.84524
0 13.6774 2.5556
1 11.0486 -1.29546
1 5.58567 -5.1102
1 7.092 -0.751571
0 0.704878 -7.04506
0 -1.98688 1.53497
0 2.37469 -8.69363
1 1.99054 -0.960364
1 1.97312 -5.59472
1 3.25653 -1.19161
1 -1.74801 -1.29694
3 0.3 -1.5
3 -0.3 -1.5
3 -0.3 1.5
3 0.3 1.5
0 2.93113 1.74941
0 5.8935 2.80852
1 2.74008 -6.31443
0 0.677149 1.30538
0 5.2438 -7.2245
1 8.23407 -3.64224
1 7.88609 -1.13582
0 7.2541 2.27472
1 5.91308 -5.32162
0 6.37381 -8.32488
1 9.54913 -4.64646
0 7.89516 -5.91517
0 8.50921 -6.06176
586
1 3.98356 1.42949
0 4.66855 5.26504
1 9.04914 1.0554
1 5.35601 0.300012
1 9.96107 -2.56644
0 10.7267 4.16159
1 10.9964 -0.0750513
1 11.6838 -3.84565
0 13.6396 2.54918
1 11.0441 -1.29521
1 5.58603 -5.11036
1 7.09243 -0.751586
0 0.704864 -7.04505
0 -1.98691 1.53496
0 2.37467 -8.69362
1 1.99092 -0.960464
1 1.97313 -5.59472
1 3.25657 -1.19159
1 -1.74797 -1.29695
3 0.3 -1.5
3 -0.3 -1.5
3 -0.3 1.5
3 0.3 1.5
0 2.93111 1.74943
0 5.89448 2.80892
1 2.74013 -6.31445
0 0.677561 1.30549
0 5.24392 -7.22456
1 8.23856 -3.64756
1 7.86865 -1.13354
0 7.25429 2.27472
1 5.9136 -5.32189
0 6.374 -8.32494
1 9.5518 -4.64732
0 7.91537 -5.9307
0 8.51783 -6.0672
590
1 3.97478 1.43208
0 4.35744 5.2554
1 9.02518 1.05451
1 5.35599 0.299661
1 9.96053 -2.56609
0 11.0833 4.26859
1 10.9989 -0.0765464
1 11.6834 -3.84582
0 13.6573 2.54924
1 11.0468 -1.2963
1 5.58569 -5.11022
1 7.09207 -0.7517
0 0.704867 -7.04505
0 -1.98693 1.53496
0 2.37468 -8.69363
1 1.99058 -0.960445
1 1.97314 -5.59473
1 3.25659 -1.19159
1 -1.74795 -1.29695
3 0.3 -1.5
3 -0.3 -1.5
3 -0.3 1.5
3 0.3 1.5
0 2.9311 1.74943
0 5.89429 2.80879
1 2.74015 -6.31447
0 0.677736 1.30553
0 5.24387 -7.22453
1 8.24555 -3.65029
1 7.86561 -1.13261
0 7.25429 2.27464
1 5.91315 -5.32166
0 6.37386 -8.32488
1 9.55094 -4.64715
0 7.91762 -5.92583
0 8.52241 -6.07108
594
0 9.62861 -2.63827
1 3.95168 1.45073
0 4.40488 5.25411
1 8.72433 1.02053
1 5.34828 0.301279
1 9.93771 -2.56193
0 11.0342 4.24512
1 11.3647 -0.0875976
1 11.68 -3.84414
0 13.642 2.54682
1 11.0314 -1.29369
1 5.58539 -5.11001
1 7.09236 -0.751197
0 0.704857 -7.04503
0 -1.98674 1.53497
0 2.37468 -8.69363
1 1.99015 -0.96006
1 1.97312 -5.59472
1 3.25658 -1.19163
1 -1.74797 -1.29697
3 0.3 -1.5
3 -0.3 -1.5
3 -0.3 1.5
3 0.3 1.5
0 2.93113 1.74938
0 5.89244 2.80972
1 2.74018 -6.31452
0 0.675489 1.30503
0 5.24395 -7.22458
1 8.25224 -3.66445
1 7.98591 -1.15144
0 7.25358 2.27501
1 5.91277 -5.32139
0 6.37367 -8.32463
1 9.54806 -4.64566
0 7.90158 -5.92188
0 8.50982 -6.06379
598
1 7.81573 2.05807
0 9.41581 -2.65732
1 3.92308 1.48043
0 4.39224 5.24303
1 8.94674 1.01266
1 5.34495 0.302141
1 9.97333 -2.57357
0 11.0057 4.23454
1 11.3515 -0.0776644
1 11.6787 -3.84336
0 13.6376 2.54657
1 11.0367 -1.29304
1 5.58535 -5.10998
1 7.09264 -0.75094
0 0.704897 -7.04505
0 -1.98662 1.53499
0 2.3747 -8.69364
1 1.99014 -0.959974
1 1.97308 -5.59469
1 3.25649 -1.19166
1 -1.74806 -1.29695
3 0.3 -1.5
3 -0.3 -1.5
3 -0.3 1.5
3 0.3 1.5
0 2.93119 1.74935
0 5.89179 2.81019
1 2.74008 -6.31446
0 0.674366 1.30472
0 5.2438 -7.22449
1 8.19325 -3.6267
1 8.03258 -1.16009
0 7.25325 2.27515
1 5.91281 -5.32145
0 6.37359 -8.32462
1 9.54726 -4.64518
0 7.89254 -5.91869
0 8.50371 -6.06
602
1 8.19007 2.10298
0 9.50862 -2.7
1 3.85215 1.55492
0 4.37339 5.22567
1 9.14419 1.01589
1 5.3665 0.304418
1 10.0011 -2.57253
0 11.0024 4.2367
1 11.3553 -0.069066
1 11.6956 -3.84887
0 13.6612 2.55098
1 11.0885 -1.29833
1 5.58838 -5.11125
1 6.61558 -0.705998
0 0.705232 -7.04516
0 -1.98354 1.53597
0 2.37623 -8.69487
1 1.99337 -0.961557
1 1.97405 -5.59509
1 3.25707 -1.19185
1 -1.74694 -1.29718
3 0.3 -1.5
3 -0.3 -1.5
3 -0.3 1.5
3 0.3 1.5
0 2.93542 1.74954
0 5.90284 2.81185
1 2.74191 -6.31541
0 0.681718 1.30477
0 5.24705 -7.22606
1 8.22281 -3.62859
1 8.22375 -1.18618
0 7.26042 2.27391
1 5.91716 -5.32368
0 6.37786 -8.32676
1 9.56835 -4.65317
0 7.9314 -5.93169
0 8.54377 -6.08028
606
0 2.77037 5.86506
1 8.13953 2.10834
0 9.51243 -2.70668
1 3.88272 1.52978
0 4.37394 5.21748
1 9.13191 1.01406
1 5.36686 0.29954
1 10.0034 -2.578
0 11.4559 4.38789
1 11.3552 -0.0737491
1 11.6935 -3.85186
0 13.6593 2.54665
1 11.0856 -1.30173
1 5.58377 -5.10955
1 6.65164 -0.709846
0 0.705254 -7.04512
0 -1.98353 1.536
0 2.37627 -8.69486
1 1.98913 -0.961712
1 1.974 -5.59502
1 3.25692 -1.19184
1 -1.7471 -1.2971
3 0.3 -1.5
3 -0.3 -1.5
3 -0.3 1.5
3 0.3 1.5
0 2.93539 1.74953
0 5.90168 2.8089
1 2.74173 -6.31524
0 0.682956 1.3045
0 5.24571 -7.22528
1 8.22418 -3.63299
1 8.21782 -1.18587
0 7.26011 2.27263
1 5.91153 -5.32105
0 6.37599 -8.32635
1 9.56292 -4.65338
0 7.93116 -5.93289
0 8.54417 -6.08429
610
0 2.83894 6.05344
0 12.1261 4.45641
1 8.46636 2.14061
0 9.46442 -2.74801
1 3.827 1.5732
0 4.37547 5.21465
1 9.20868 1.00462
1 5.36985 0.299457
1 10.0086 -2.5786
0 11.8166 4.52046
1 11.3247 -0.068485
1 11.695 -3.85222
0 13.4165 2.50721
1 10.9876 -1.28378
1 5.584 -5.10966
1 6.64631 -0.709306
0 0.705268 -7.04513
0 -1.98351 1.53602
0 2.37627 -8.69486
1 1.98944 -0.96181
1 1.974 -5.59501
1 3.2569 -1.19184
1 -1.74712 -1.29709
3 0.3 -1.5
3 -0.3 -1.5
3 -0.3 1.5
3 0.3 1.5
0 2.93543 1.74953
0 5.90245 2.80895
1 2.74171 -6.31523
0 0.683304 1.3046
0 5.2457 -7.22527
1 8.20815 -3.61991
1 8.20886 -1.18523
0 7.26022 2.2726
1 5.91192 -5.32129
0 6.37609 -8.32644
1 9.56479 -4.65405
0 7.93868 -5.93556
0 8.54898 -6.08686
614
0 2.75747 5.98071
0 12.2663 4.42171
1 8.65543 2.20422
0 9.41551 -2.73935
1 3.71443 1.62388
0 4.36249 5.20772
1 9.27799 0.997556
1 5.36413 0.3015
1 10.0532 -2.59436
0 11.7506 4.50699
1 11.3027 -0.0662371
1 11.6918 -3.84972
0 13.4 2.50389
1 11.0117 -1.28539
1 5.58469 -5.10977
1 6.77164 -0.725509
0 0.70519 -7.04515
0 -1.98432 1.53576
0 2.37612 -8.69481
1 1.98978 -0.961182
1 1.97389 -5.59502
1 3.25698 -1.19177
1 -1.74719 -1.29711
3 0.3 -1.5
3 -0.3 -1.5
3 -0.3 1.5
3 0.3 1.5
0 2.93455 1.74962
0 5.90019 2.81013
1 2.74151 -6.31514
0 0.681005 1.30484
0 5.24572 -7.2253
1 8.18088 -3.60945
1 8.17137 -1.17993
0 7.25917 2.27363
1 5.91251 -5.32133
0 6.37567 -8.32578
1 9.56186 -4.65194
0 7.92686 -5.93061
0 8.53484 -6.07711
618
0 2.93527 6.37327
0 12.3089 4.39008
1 8.59101 2.19451
0 8.84319 5.49786
0 9.44139 -2.75998
1 3.74105 1.60699
0 4.32389 5.17985
1 9.25085 0.998783
1 5.36512 0.30314
1 10.0522 -2.59252
0 11.9948 4.61739
1 11.2993 -0.0649687
1 11.6932 -3.84889
0 13.3792 2.49938
1 11.0062 -1.28366
1 5.58628 -5.11037
1 6.75977 -0.72418
0 0.705178 -7.04515
0 -1.98432 1.53576
0 2.37611 -8.6948
1 1.9913 -0.96121
1 1.9739 -5.59503
1 3.25702 -1.19177
1 -1.74714 -1.29713
3 0.3 -1.5
3 -0.3 -1.5
3 -0.3 1.5
3 0.3 1.5
0 2.93458 1.74963
0 5.90089 2.81117
1 2.74157 -6.31519
0 0.68072 1.30492
0 5.24613 -7.22555
1 8.18505 -3.61092
1 8.16827 -1.17947
0 7.25935 2.27402
1 5.91453 -5.32231
0 6.3763 -8.32595
1 9.56445 -4.65217
0 7.93026 -5.93176
0 8.53813 -6.07802
622
0 8.14455 7.60362
0 2.83856 6.45587
0 12.3358 4.38535
1 8.555 2.19757
0 8.7249 5.4711
0 9.46761 -2.77807
1 3.74585 1.60476
0 4.32369 5.17902
1 9.24169 1.00018
1 5.36487 0.303088
1 10.0507 -2.59191
0 11.931 4.60651
1 11.2986 -0.0651691
1 11.693 -3.84882
0 13.3753 2.49843
1 11.0046 -1.28331
1 5.58627 -5.11037
1 6.76375 -0.724448
0 0.705178 -7.04515
0 -1.98433 1.53575
0 2.3761 -8.6948
1 1.99129 -0.961193
1 1.97389 -5.59503
1 3.25702 -1.19177
1 -1.74715 -1.29713
3 0.3 -1.5
3 -0.3 -1.5
3 -0.3 1.5
3 0.3 1.5
0 2.93456 1.74963
0 5.90079 2.81116
1 2.74155 -6.31519
0 0.680615 1.30491
0 5.24611 -7.22553
1 8.18663 -3.61217
1 8.16865 -1.17963
0 7.2593 2.27404
1 5.91451 -5.3223
0 6.37627 -8.32594
1 9.56429 -4.6521
0 7.92977 -5.93171
0 8.53818 -6.07816
626
0 8.08124 7.57245
0 2.70116 6.32405
0 12.5228 4.4104
1 8.64303 2.2821
0 8.784 5.48412
0 8.98639 -2.54363
1 3.73306 1.60934
0 11.5228 1.42676
0 4.31466 5.1826
1 9.02559 1.02098
1 5.3576 0.306504
1 10.0399 -2.58738
0 11.9088 4.60363
1 11.2902 -0.0619931
1 11.6894 -3.84686
0 13.3705 2.50118
1 10.9977 -1.28064
1 5.58453 -5.10947
1 6.76709 -0.72703
0 0.705283 -7.04523
0 -1.9841 1.53574
0 2.37619 -8.69486
1 1.98942 -0.960392
1 1.97391 -5.59504
1 3.25699 -1.19183
1 -1.7472 -1.29714
3 0.3 -1.5
3 -0.3 -1.5
3 -0.3 1.5
3 0.3 1.5
0 2.93451 1.74955
0 5.89808 2.813
1 2.74151 -6.31518
0 0.676141 1.3039
0 5.24585 -7.22537
1 8.08697 -3.5468
1 8.38168 -1.21232
0 7.25769 2.27458
1 5.91236 -5.3211
0 6.37532 -8.32522
1 9.56114 -4.65049
0 7.91917 -5.92689
0 8.52864 -6.07229
630
0 8.10487 7.5439
0 3.08199 6.89967
0 12.5262 4.39973
1 8.6444 2.26828
0 8.92235 5.5109
0 8.89082 -2.4666
1 3.74164 1.60611
0 11.4921 1.43929
0 4.31456 5.18345
1 9.02893 1.01808
1 5.35675 0.306496
1 10.0406 -2.58799
0 11.8834 4.59291
1 11.2902 -0.062145
1 11.6889 -3.84683
0 13.3667 2.50035
1 10.9985 -1.28094
1 5.58416 -5.10928
1 6.77778 -0.728765
0 0.705274 -7.04523
0 -1.98423 1.5357
0 2.37618 -8.69486
1 1.989 -0.960284
1 1.97393 -5.59506
1 3.25706 -1.19181
1 -1.74715 -1.29716
3 0.3 -1.5
3 -0.3 -1.5
3 -0.3 1.5
3 0.3 1.5
0 2.93436 1.74958
0 5.89773 2.81298
1 2.74156 -6.31521
0 0.675999 1.30396
0 5.24585 -7.22536
1 8.10033 -3.55577
1 8.38549 -1.21214
0 7.25755 2.27463
1 5.91187 -5.32081
0 6.37511 -8.32503
1 9.56033 -4.65022
0 7.91775 -5.9263
0 8.52835 -6.07243
634
1 7.22412 3.03855
0 8.30877 7.8379
0 2.60918 6.42955
0 12.6265 4.44344
1 8.73694 2.29313
0 9.0744 5.57898
0 8.85298 -2.45528
1 3.71424 1.61044
0 11.0639 1.45251
0 4.30625 5.18261
1 8.92974 1.02371
1 5.57787 0.260844
1 10.0262 -2.58216
0 11.882 4.59274
1 11.2791 -0.0600375
1 11.6906 -3.84705
0 13.4417 2.5157
1 10.9882 -1.27866
1 5.58448 -5.10944
1 6.71981 -0.722094
0 0.705325 -7.04523
0 -1.98373 1.53584
0 2.37627 -8.6949
1 1.98942 -0.960481
1 1.97398 -5.59506
1 3.25703 -1.19187
1 -1.74712 -1.29716
3 0.3 -1.5
3 -0.3 -1.5
3 -0.3 1.5
3 0.3 1.5
0 2.93482 1.74952
0 5.89929 2.81403
1 2.74168 -6.31528
0 0.676171 1.3037
0 5.24609 -7.22547
1 8.07437 -3.54332
1 8.45052 -1.22354
0 7.25788 2.27443
1 5.91245 -5.32117
0 6.3756 -8.32536
1 9.5633 -4.65118
0 7.90808 -5.92227
0 8.52113 -6.0668
638
1 7.3138 3.10777
0 8.26853 7.8023
0 2.76703 6.59849
0 12.7976 4.48411
1 8.78231 2.30275
0 9.024 5.55611
0 8.44083 -2.23659
1 3.70704 1.61252
0 10.7291 1.47669
0 4.29554 5.18731
1 8.79099 1.04704
1 5.55021 0.273617
1 10.014 -2.57597
0 11.8581 4.59042
1 11.2682 -0.0551745
1 11.6867 -3.84309
0 13.5373 2.53544
1 10.9801 -1.27416
1 5.58479 -5.10925
1 6.86131 -0.741399
0 0.705255 -7.04526
0 -1.98446 1.53555
0 2.37613 -8.69486
1 1.9892 -0.959332
1 1.97387 -5.59507
1 3.25713 -1.19183
1 -1.7472 -1.2972
3 0.3 -1.5
3 -0.3 -1.5
3 -0.3 1.5
3 0.3 1.5
0 2.93383 1.74958
0 5.89587 2.817
1 2.74151 -6.31524
0 0.670896 1.30335
0 5.24617 -7.22554
1 8.06595 -3.54007
1 8.536 -1.23781
0 7.25585 2.27602
1 5.91251 -5.32082
0 6.37479 -8.32426
1 9.56058 -4.6485
0 7.89589 -5.91623
0 8.51038 -6.05874
642
1 7.26798 3.22362
0 8.64433 8.18575
0 2.70803 6.52933
0 12.8194 4.49479
1 8.79031 2.31256
0 9.05279 5.57124
0 8.05927 -1.99253
1 3.71521 1.60648
0 10.7571 1.47857
0 4.29559 5.18254
1 8.63542 1.06803
1 5.55752 0.270151
1 10.0136 -2.57842
0 11.4938 4.4747
1 11.267 -0.057557
1 11.6851 -3.84362
0 13.557 2.53877
1 10.98 -1.27549
1 5.58365 -5.10876
1 6.8785 -0.74382
0 0.705247 -7.04527
0 -1.98474 1.53548
0 2.37611 -8.69486
1 1.98807 -0.959223
1 1.9739 -5.5951
1 3.25721 -1.19179
1 -1.74713 -1.29722
3 0.3 -1.5
3 -0.3 -1.5
3 -0.3 1.5
3 0.3 1.5
0 2.93358 1.74963
0 5.89512 2.81594
1 2.74153 -6.31523
0 0.671274 1.30354
0 5.24594 -7.22541
1 8.06989 -3.54462
1 8.51113 -1.23117
0 7.25572 2.27586
1 5.91101 -5.32003
0 6.37422 -8.32394
1 9.55789 -4.648
0 7.89262 -5.9158
0 8.50851 -6.05889
646
1 7.43042 3.26878
0 8.53531 8.14633
0 2.7017 6.52902
0 12.8142 4.49572
1 8.60628 2.32494
0 9.39178 5.70851
0 7.7597 -1.79894
1 3.70823 1.60747
0 10.7522 1.47968
0 4.28735 5.18363
1 8.43906 1.10162
1 5.55157 0.273533
1 10.0034 -2.57389
0 11.785 4.55351
1 11.2578 -0.0544807
1 11.6821 -3.84046
0 13.5498 2.54094
1 10.9725 -1.27193
1 5.58468 -5.10894
1 6.99793 -0.760502
0 0.705169 -7.04531
0 -1.98556 1.5352
0 2.37597 -8.69481
1 1.98868 -0.958438
1 1.97382 -5.59513
1 3.25734 -1.19172
1 -1.74716 -1.29726
3 0.3 -1.5
3 -0.3 -1.5
3 -0.3 1.5
3 0.3 1.5
0 2.93266 1.74972
0 5.89274 2.81799
1 2.74139 -6.3152
0 0.668095 1.30368
0 5.24614 -7.22555
1 8.06129 -3.54123
1 8.50485 -1.22947
0 7.25446 2.27718
1 5.91202 -5.32023
0 6.37384 -8.32316
1 9.55572 -4.64576
0 7.88269 -5.91117
0 8.49944 -6.05208
650
1 7.41549 3.27508
0 8.55584 8.15429
0 2.70174 6.52737
0 12.8143 4.49446
1 8.62046 2.32027
0 9.3619 5.70687
0 7.66423 -1.72262
1 3.70759 1.60709
0 10.7515 1.47913
0 4.28681 5.18298
1 8.43436 1.10271
1 5.55082 0.274433
1 10.0015 -2.57279
0 11.7713 4.55405
1 11.2651 -0.0560434
1 11.6822 -3.83982
0 13.5469 2.54097
1 10.9708 -1.27102
1 5.5855 -5.10925
1 6.99665 -0.760062
0 0.705158 -7.04531
0 -1.98558 1.53519
0 2.37595 -8.69481
1 1.98944 -0.958407
1 1.97381 -5.59513
1 3.25735 -1.19172
1 -1.74715 -1.29727
3 0.3 -1.5
3 -0.3 -1.5
3 -0.3 1.5
3 0.3 1.5
0 2.93264 1.74972
0 5.89285 2.81857
1 2.7414 -6.31521
0 0.667773 1.30372
0 5.24632 -7.22566
1 8.06024 -3.54065
1 8.50407 -1.22923
0 7.25447 2.27743
1 5.91304 -5.32072
0 6.37414 -8.32323
1 9.55651 -4.64564
0 7.882 -5.91095
0 8.49863 -6.05099
654
0 11.6607 -0.839588
1 7.46339 3.31288
0 8.52973 8.15269
0 2.68095 6.5297
0 13.4575 4.60898
1 8.37395 2.33884
0 9.3346 5.70536
0 7.62164 -1.70517
1 3.68541 1.61167
0 11.0043 1.44225
0 4.27364 5.18625
0 10.1749 -2.16395
1 8.18118 1.14553
1 5.71001 0.242659
1 9.98362 -2.56478
0 13.3784 0.939233
0 12.0165 4.62781
1 11.2507 -0.0513065
1 11.6801 -3.83672
0 13.5284 2.5428
1 10.9588 -1.26624
1 5.58659 -5.1094
1 7.14108 -0.782654
0 0.705088 -7.04536
0 -1.98655 1.53487
0 2.37581 -8.69478
1 1.99004 -0.957584
1 1.97378 -5.5952
1 3.25757 -1.19163
1 -1.74711 -1.29733
3 0.3 -1.5
3 -0.3 -1.5
3 -0.3 1.5
3 0.3 1.5
0 2.93155 1.74985
0 5.89117 2.82135
1 2.74133 -6.3152
0 0.664899 1.30406
0 5.24669 -7.22587
1 8.03764 -3.53022
1 8.48081 -1.2247
0 7.25324 2.27882
1 5.91409 -5.32086
0 6.37376 -8.32232
1 9.5556 -4.64367
0 7.86596 -5.90332
0 8.48544 -6.04089
658
0 11.6675 -0.846045
0 6.94662 7.51407
1 7.46747 3.31021
0 8.53072 8.14987
0 2.68115 6.52663
0 13.3997 4.6139
1 8.38899 2.33323
0 9.333 5.70278
0 7.57293 -1.66773
1 3.68414 1.61145
0 11.0164 1.44024
0 4.27323 5.18539
0 10.1746 -2.16365
1 8.16889 1.14894
1 5.69349 0.25013
1 9.98187 -2.56351
0 13.3902 0.937709
0 11.9962 4.62641
1 11.2487 -0.0505276
1 11.6805 -3.83612
0 13.5238 2.54258
1 10.957 -1.26524
1 5.5874 -5.10971
1 7.13977 -0.782073
0 0.705076 -7.04536
0 -1.98657 1.53486
0 2.37579 -8.69477
1 1.99081 -0.957548
1 1.97376 -5.5952
1 3.25757 -1.19163
1 -1.74711 -1.29734
3 0.3 -1.5
3 -0.3 -1.5
3 -0.3 1.5
3 0.3 1.5
0 2.93155 1.74985
0 5.89142 2.82201
1 2.74132 -6.31521
0 0.664525 1.30408
0 5.24684 -7.22597
1 8.03644 -3.52939
1 8.47908 -1.22433
0 7.25324 2.27907
1 5.91509 -5.32135
0 6.37405 -8.32239
1 9.5568 -4.64369
0 7.86585 -5.9033
0 8.48515 -6.04002
662
0 10.9874 6.4769
0 11.6448 -0.847826
0 6.95204 7.51765
1 7.51649 3.32764
0 8.51713 8.14992
0 2.67009 6.52829
0 13.3818 4.61322
1 8.29284 2.34334
0 9.32019 5.7026
0 7.54889 -1.65743
1 3.67202 1.61401
0 10.9945 1.44223
0 4.26722 5.18692
0 10.1439 -2.15287
1 8.07829 1.16583
1 5.80057 0.228434
1 9.97338 -2.55962
0 13.3638 0.938426
0 11.9844 4.62589
1 11.2421 -0.0483583
1 11.6802 -3.83502
0 13.5153 2.54331
1 10.9515 -1.26315
1 5.58796 -5.10983
1 7.19037 -0.790614
0 0.705053 -7.04539
0 -1.98691 1.53475
0 2.37574 -8.69476
1 1.99119 -0.957278
1 1.97376 -5.59523
1 3.25766 -1.19159
1 -1.74708 -1.29736
3 0.3 -1.5
3 -0.3 -1.5
3 -0.3 1.5
3 0.3 1.5
0 2.93116 1.7499
0 5.89116 2.82322
1 2.74132 -6.31522
0 0.663629 1.30425
0 5.24705 -7.22609
1 8.02471 -3.52377
1 8.46664 -1.22204
0 7.25287 2.27959
1 5.91569 -5.3215
0 6.37405 -8.32239
1 9.55712 -4.64315
0 7.85866 -5.89986
0 8.47948 -6.03552
666
0 11.1208 6.65201
0 11.646 -0.848438
0 6.95259 7.51635
1 7.51667 3.327
0 8.51789 8.14949
0 2.67046 6.52759
0 13.382 4.61259
1 8.29338 2.34285
0 9.32041 5.7021
0 7.55021 -1.65853
1 3.67212 1.61368
0 10.995 1.44189
0 4.2672 5.18651
0 10.1447 -2.15317
1 8.07236 1.16732
1 5.8006 0.228466
1 9.97313 -2.55955
0 13.3625 0.938295
0 11.9841 4.62549
1 11.2417 -0.0483592
1 11.6802 -3.83501
0 13.5149 2.5432
1 10.9511 -1.26308
1 5.58799 -5.10984
1 7.19058 -0.790666
0 0.705053 -7.04539
0 -1.98691 1.53475
0 2.37574 -8.69476
1 1.99122 -0.95728
1 1.97376 -5.59523
1 3.25767 -1.19159
1 -1.74708 -1.29736
3 0.3 -1.5
3 -0.3 -1.5
3 -0.3 1.5
3 0.3 1.5
0 2.93116 1.7499
0 5.89119 2.82327
1 2.74132 -6.31522
0 0.663626 1.30425
0 5.24706 -7.22609
1 8.02471 -3.52386
1 8.46661 -1.22207
0 7.25287 2.27959
1 5.91573 -5.32152
0 6.37405 -8.32239
1 9.55723 -4.64317
0 7.8586 -5.89988
0 8.47945 -6.03548
670
1 5.78927 4.45768
0 10.9415 6.52775
0 11.6253 -0.842725
0 6.93775 7.52431
1 7.49654 3.33758
0 7.80914 7.67882
0 2.66334 6.53017
0 13.3759 4.61438
1 8.28146 2.3447
0 9.31487 5.70439
0 7.53185 -1.6493
1 3.66356 1.61641
0 11.3959 1.39729
0 4.26301 5.1884
0 10.1235 -2.1445
1 7.98933 1.18696
1 5.86182 0.216027
1 9.96757 -2.55632
0 13.3552 0.939889
0 11.9806 4.6274
1 11.2374 -0.0462023
1 11.6801 -3.83395
0 13.5103 2.54456
1 10.9478 -1.26129
1 5.58856 -5.10996
1 7.23638 -0.798975
0 0.705034 -7.04542
0 -1.98724 1.53464
0 2.3757 -8.69476
1 1.9916 -0.956999
1 1.97378 -5.59527
1 3.25778 -1.19156
1 -1.74703 -1.29739
3 0.3 -1.5
3 -0.3 -1.5
3 -0.3 1.5
3 0.3 1.5
0 2.93078 1.74996
0 5.89095 2.8245
1 2.74135 -6.31524
0 0.662711 1.30442
0 5.24732 -7.22623
1 8.01703 -3.51958
1 8.45872 -1.22031
0 7.25251 2.28012
1 5.91635 -5.32166
0 6.37405 -8.32239
1 9.55779 -4.6427
0 7.85432 -5.89752
0 8.47593 -6.0323
674
1 5.82492 4.52155
0 10.8799 6.46956
0 11.6192 -0.85633
0 6.93282 7.5102
1 7.54285 3.32866
0 7.77777 7.66768
0 2.6762 6.54715
0 13.3616 4.60519
1 8.26641 2.33756
0 9.29844 5.69342
0 7.51469 -1.6461
1 3.65256 1.6159
0 11.0232 1.43465
0 4.25926 5.18606
0 10.097 -2.13731
1 7.91967 1.19934
1 6.00473 0.193768
1 9.95997 -2.55357
0 13.3292 0.938442
0 11.8189 4.58798
1 11.2306 -0.045548
1 11.6816 -3.83422
0 13.4923 2.54154
1 10.9416 -1.26011
1 5.58918 -5.11023
1 7.2187 -0.797232
0 0.705042 -7.04542
0 -1.98713 1.53469
0 2.37572 -8.69477
1 1.99227 -0.957196
1 1.9738 -5.59528
1 3.25779 -1.19156
1 -1.747 -1.29739
3 0.3 -1.5
3 -0.3 -1.5
3 -0.3 1.5
3 0.3 1.5
0 2.93092 1.74996
0 5.89229 2.82492
1 2.7414 -6.31526
0 0.663461 1.30453
0 5.24751 -7.22633
1 8.00656 -3.51534
1 8.44411 -1.21857
0 7.25289 2.28003
1 5.91718 -5.32211
0 6.37405 -8.32239
1 9.56015 -4.64344
0 7.8494 -5.8957
0 8.47304 -6.02976
678
0 8.47132 -6.02837
0 7.84655 -5.89465
1 9.56144 -4.64397
0 6.37405 -8.32239
1 5.91749 -5.32231
0 7.25317 2.27989
1 8.4337 -1.2173
1 7.99929 -3.51222
0 5.24756 -7.22635
0 0.66408 1.30458
1 2.74142 -6.31527
0 5.89316 2.82499
0 2.93105 1.74995
3 0.3 1.5
3 -0.3 1.5
3 -0.3 -1.5
3 0.3 -1.5
1 -1.74699 -1.29739
1 3.25777 -1.19157
1 1.97381 -5.59527
1 1.99253 -0.957348
0 2.37574 -8.69477
0 -1.98703 1.53472
0 0.70505 -7.04541
1 7.20376 -0.795211
1 5.58938 -5.11035
1 10.9376 -1.25956
0 13.4824 2.53978
1 11.6826 -3.83459
1 11.227 -0.0453186
0 11.8167 4.58354
0 13.3145 0.937488
1 9.95556 -2.55209
1 6.09347 0.180087
1 7.91759 1.19694
0 10.0992 -2.10586
0 4.25704 5.18475
0 11.3735 1.38186
1 3.64443 1.61623
0 7.46158 -1.61145
0 8.66418 5.50112
1 8.25934 2.33239
0 13.3529 4.60045
0 2.67072 6.54307
0 8.23877 7.93288
1 7.40066 3.34506
0 6.92433 7.50425
0 11.6099 -0.862126
0 10.773 6.43792
1 5.94814 4.54165
0 5.85206 9.27362
682
0 8.47232 -6.02881
0 7.84817 -5.89555
1 9.56207 -4.6441
0 6.37473 -8.3223
1 5.91791 -5.32255
0 7.25321 2.27991
1 8.43425 -1.21832
1 8.00024 -3.51266
0 5.24756 -7.22636
0 0.66399 1.3045
1 2.74138 -6.31525
0 5.89334 2.82517
0 2.93114 1.74993
3 0.3 1.5
3 -0.3 1.5
3 -0.3 -1.5
3 0.3 -1.5
1 -1.74703 -1.29737
1 3.25772 -1.19158
1 1.97379 -5.59526
1 1.99288 -0.957406
0 2.37574 -8.69477
0 -1.98695 1.53475
0 0.705047 -7.0454
1 7.20091 -0.794264
1 5.5897 -5.11051
1 10.9369 -1.25927
0 13.4779 2.53897
1 11.6829 -3.83447
1 11.2261 -0.0452354
0 11.8152 4.58116
0 13.313 0.936811
1 9.95572 -2.55202
1 6.09071 0.181986
1 7.92013 1.19465
0 10.0921 -2.10108
0 4.29636 5.20626
0 11.3615 1.38885
1 3.64592 1.6148
0 7.46154 -1.61201
0 8.70093 5.50835
1 8.26903 2.32713
0 13.3251 4.59544
0 2.67401 6.53975
0 8.12017 7.85867
1 7.42543 3.33473
0 6.92138 7.49947
0 11.5952 -0.856164
0 10.7848 6.43764
1 5.93386 4.55352
0 5.69813 9.12956
686
0 8.4707 -6.02757
0 7.84562 -5.89457
1 9.56285 -4.6444
0 6.37473 -8.3223
1 5.91813 -5.32267
0 7.25339 2.27984
1 8.42608 -1.21702
1 7.99557 -3.51119
0 5.24763 -7.22639
0 0.664418 1.30457
1 2.74141 -6.31527
0 5.89391 2.82527
0 2.9312 1.74993
3 0.3 1.5
3 -0.3 1.5
3 -0.3 -1.5
3 0.3 -1.5
1 -1.74702 -1.29737
1 3.25773 -1.19158
1 1.97381 -5.59526
1 1.99306 -0.957491
0 2.37575 -8.69477
0 -1.98691 1.53477
0 0.705051 -7.0454
1 7.19245 -0.793437
1 5.58986 -5.11059
1 10.934 -1.25884
0 13.472 2.538
1 11.6835 -3.83468
1 11.2232 -0.0450207
0 11.7823 4.57315
0 13.3066 0.936312
1 9.9522 -2.55085
1 6.17362 0.163599
1 7.85962 1.20727
0 10.0778 -2.08313
0 4.2945 5.20549
0 11.6099 1.36652
1 3.64002 1.61501
0 7.46248 -1.61825
0 8.68064 5.50203
1 8.25636 2.32681
0 13.3202 4.59315
0 2.66961 6.53778
0 8.06233 7.81662
1 7.35001 3.34157
0 6.91562 7.49797
0 11.5885 -0.858409
0 10.7958 6.44676
1 6.18111 4.57108
0 5.96397 9.411
690
0 8.47108 -6.02785
0 7.84598 -5.89483
1 9.56303 -4.64454
0 6.37473 -8.3223
1 5.91803 -5.32264
0 7.25343 2.27978
1 8.425 -1.21697
1 7.9955 -3.51128
0 5.24759 -7.22637
0 0.664524 1.30456
1 2.7414 -6.31526
0 5.89404 2.82519
0 2.93123 1.74993
3 0.3 1.5
3 -0.3 1.5
3 -0.3 -1.5
3 0.3 -1.5
1 -1.74703 -1.29737
1 3.25771 -1.19158
1 1.9738 -5.59525
1 1.993 -0.957518
0 2.37575 -8.69477
0 -1.98688 1.53478
0 0.705052 -7.0454
1 7.18972 -0.792721
1 5.58978 -5.11057
1 10.9337 -1.25891
0 13.4697 2.53737
1 11.6837 -3.83484
1 11.2229 -0.0452044
0 11.7794 4.57137
0 13.3031 0.935861
1 9.95221 -2.55099
1 6.15681 0.17319
1 7.86261 1.20512
0 10.0758 -2.08221
0 4.29474 5.20465
0 11.5815 1.37668
1 3.64007 1.61449
0 7.46155 -1.61819
0 8.67748 5.49959
1 8.26071 2.32407
0 13.3193 4.59138
0 2.67015 6.53608
0 8.06777 7.82483
1 7.34796 3.33963
0 6.91623 7.49484
0 11.5896 -0.861183
0 10.7876 6.4422
1 6.12318 4.59402
0 5.69918 9.30648
694
1 6.34241 2.06374
0 8.47117 -6.02781
0 7.84598 -5.89483
1 9.56336 -4.64461
0 6.37473 -8.3223
1 5.91815 -5.3227
0 7.25344 2.2798
1 8.42414 -1.21691
1 7.99528 -3.51129
0 5.24762 -7.22639
0 0.664522 1.30457
1 2.74141 -6.31526
0 5.89415 2.82529
0 2.93123 1.74993
3 0.3 1.5
3 -0.3 1.5
3 -0.3 -1.5
3 0.3 -1.5
1 -1.74702 -1.29737
1 3.25771 -1.19158
1 1.9738 -5.59526
1 1.99309 -0.957523
0 2.37575 -8.69477
0 -1.98688 1.53478
0 0.705052 -7.0454
1 7.19021 -0.792897
1 5.58987 -5.1106
1 10.9329 -1.25872
0 13.4672 2.53689
1 11.6838 -3.8348
1 11.222 -0.0451632
0 11.7697 4.56985
0 13.3038 0.935706
1 9.95165 -2.55078
1 6.15559 0.173441
1 7.81473 1.21629
0 10.0512 -2.04923
0 4.29457 5.20351
0 11.8301 1.34818
1 3.63997 1.61385
0 7.46317 -1.61998
0 8.6667 5.4949
1 8.26264 2.32229
0 13.3211 4.58963
0 2.67106 6.53373
0 8.03222 7.79905
1 7.30415 3.34285
0 7.28356 7.67909
0 11.5931 -0.862931
0 10.9471 6.46526
1 6.20818 4.63537
0 5.64035 9.30608
0 9.66145 0.21394
698
1 6.39677 2.1124
0 8.46978 -6.02673
0 7.84391 -5.89417
1 9.56403 -4.64481
0 6.37473 -8.3223
1 5.91841 -5.32284
0 7.25356 2.27978
1 8.41955 -1.21638
1 7.99144 -3.50984
0 5.24767 -7.22642
0 0.664755 1.3046
1 2.74142 -6.31527
0 5.89457 2.82547
0 2.93127 1.74993
3 0.3 1.5
3 -0.3 1.5
3 -0.3 -1.5
3 0.3 -1.5
1 -1.74702 -1.29737
1 3.25772 -1.19158
1 1.97381 -5.59526
1 1.9933 -0.957582
0 2.37575 -8.69477
0 -1.98685 1.53479
0 0.705053 -7.0454
1 7.18582 -0.792475
1 5.59006 -5.11069
1 10.9304 -1.25827
0 13.4636 2.53638
1 11.6842 -3.83487
1 11.2192 -0.0449029
0 11.754 4.56593
0 13.3008 0.935365
1 9.94864 -2.54975
1 6.22173 0.159621
1 7.80053 1.21847
0 10.0034 -2.01379
0 4.29266 5.2021
0 7.12397 2.91742
0 12.0748 1.32429
1 3.63614 1.61345
0 7.45906 -1.62017
0 8.5647 5.47321
1 8.26067 2.32059
0 13.3201 4.5879
0 2.66883 6.53207
0 8.0132 7.78797
1 7.22986 3.35497
0 7.19077 7.64986
0 11.5898 -0.863579
0 11.158 6.51186
1 6.22291 4.67761
0 5.61755 9.28452
0 9.61375 0.236983
702
1 6.41522 2.09056
0 8.46991 -6.02682
0 7.84405 -5.89428
1 9.56408 -4.64484
0 6.37473 -8.3223
1 5.91841 -5.32284
0 7.25357 2.27977
1 8.41931 -1.21633
1 7.99165 -3.50995
0 5.24767 -7.22642
0 0.664782 1.3046
1 2.74142 -6.31527
0 5.8946 2.82546
0 2.93128 1.74993
3 0.3 1.5
3 -0.3 1.5
3 -0.3 -1.5
3 0.3 -1.5
1 -1.74702 -1.29737
1 3.25772 -1.19159
1 1.97381 -5.59526
1 1.9933 -0.957587
0 2.37576 -8.69477
0 -1.98684 1.53479
0 0.705054 -7.0454
1 7.18491 -0.792365
1 5.59006 -5.11069
1 10.9305 -1.25831
0 13.4628 2.5362
1 11.6843 -3.83489
1 11.2194 -0.0449665
0 11.7447 4.56371
0 13.299 0.935289
1 9.94878 -2.54984
1 6.2223 0.159332
1 7.79913 1.21862
0 10.0068 -2.01916
0 4.29295 5.20211
0 7.08968 2.93122
0 12.0513 1.33144
1 3.63673 1.61323
0 7.45751 -1.61904
0 8.53938 5.46626
1 8.25943 2.3204
0 13.3192 4.58753
0 2.6691 6.53187
0 8.25795 7.89874
1 7.23622 3.35032
0 7.1621 7.63288
0 11.5888 -0.864451
0 11.1257 6.50423
1 6.219 4.6687
0 5.52987 9.39305
0 9.6207 0.229299
706
1 6.27736 2.1413
0 8.46984 -6.02677
0 7.84395 -5.89419
1 9.56406 -4.64483
0 6.37473 -8.3223
1 5.91838 -5.32282
0 7.25357 2.27976
1 8.41954 -1.21635
1 7.99165 -3.50989
0 5.24767 -7.22642
0 0.664803 1.30461
1 2.74142 -6.31527
0 5.8946 2.8255
0 2.93128 1.74993
3 0.3 1.5
3 -0.3 1.5
3 -0.3 -1.5
3 0.3 -1.5
1 -1.74701 -1.29737
1 3.25772 -1.19159
1 1.97381 -5.59526
1 1.99327 -0.957584
0 2.37576 -8.69478
0 -1.98684 1.53479
0 0.705054 -7.0454
1 7.18522 -0.792417
1 5.59004 -5.11068
1 10.9307 -1.25831
0 13.463 2.53633
1 11.6843 -3.8349
1 11.2194 -0.0448605
0 11.815 4.57772
0 13.2993 0.93533
1 9.94874 -2.54975
1 6.21862 0.160015
1 7.7957 1.2195
0 10.0006 -2.00937
0 4.29272 5.20227
0 7.03851 2.92931
0 12.0278 1.33253
1 3.63659 1.61342
0 7.45791 -1.6192
0 8.4997 5.45636
1 8.25947 2.32054
0 13.3192 4.58764
0 2.66908 6.53194
0 8.19542 7.86713
1 7.17972 3.36137
0 7.54155 7.81479
0 11.5894 -0.864448
0 11.3343 6.54828
1 6.22227 4.69147
0 5.63576 9.51608
0 9.78359 0.29097
710
1 6.16454 2.17738
0 8.4738 -6.0299
0 7.84951 -5.89697
1 9.56398 -4.64525
0 6.37473 -8.3223
1 5.91794 -5.32268
0 7.25387 2.27942
1 8.41339 -1.21491
1 7.99408 -3.51012
0 5.24758 -7.22636
0 0.665648 1.30461
1 2.74145 -6.31527
0 5.89493 2.82467
0 2.93147 1.74991
3 0.3 1.5
3 -0.3 1.5
3 -0.3 -1.5
3 0.3 -1.5
1 -1.747 -1.29736
1 3.25769 -1.1916
1 1.97383 -5.59525
1 1.993 -0.957756
0 2.37579 -8.69479
0 -1.98669 1.53485
0 0.705073 -7.04539
1 7.15518 -0.788022
1 5.58966 -5.11058
1 10.9353 -1.2599
0 13.4604 2.53508
1 11.6846 -3.83573
1 11.226 -0.0466007
0 11.8557 4.5858
0 13.2637 0.934524
1 9.95482 -2.55256
1 6.1482 0.172633
1 7.73151 1.23424
0 9.84256 -1.95197
0 4.30004 5.20456
0 6.9135 2.92412
0 11.8905 1.35168
1 3.97191 1.47249
0 7.40852 -1.58311
0 8.44412 5.44566
1 8.22176 2.32596
0 13.2968 4.59005
0 2.66863 6.54509
0 8.13302 7.85128
1 7.07828 3.36676
0 7.38919 7.78176
0 11.5399 -0.864426
0 11.4155 6.59035
1 6.04406 4.71492
0 5.50806 9.48222
0 9.43252 0.347548
714
1 6.16299 2.10434
0 8.47607 -6.03197
0 7.85242 -5.8988
1 9.56351 -4.64543
0 6.37473 -8.3223
1 5.91742 -5.32246
0 7.25399 2.2792
1 8.40914 -1.2136
1 7.99993 -3.514
0 5.24747 -7.2263
0 0.666129 1.30462
1 2.74145 -6.31527
0 5.89495 2.824
0 2.93156 1.7499
3 0.3 1.5
3 -0.3 1.5
3 -0.3 -1.5
3 0.3 -1.5
1 -1.747 -1.29736
1 3.25767 -1.1916
1 1.97384 -5.59525
1 1.99263 -0.957833
0 2.3758 -8.69479
0 -1.98663 1.53487
0 0.705078 -7.04539
1 7.14088 -0.785595
1 5.58924 -5.11045
1 10.9351 -1.2607
0 13.4542 2.53305
1 11.6845 -3.83628
1 11.2263 -0.048173
0 11.8528 4.58094
0 13.2362 0.93229
1 9.95739 -2.5546
1 6.08662 0.184424
1 7.63799 1.25403
0 9.69884 -1.89743
0 4.30188 5.19922
0 6.77331 2.91626
0 12.0754 1.31634
1 3.90614 1.51167
0 7.38431 -1.56575
0 8.38614 5.4258
1 8.19497 2.32801
0 13.292 4.58359
0 2.71638 6.57874
0 7.93844 7.74358
1 7.00385 3.36232
1 3.36681 1.86057
0 7.63919 7.91403
0 11.8471 -0.971716
0 11.2431 6.55616
1 5.94091 4.69609
0 5.58275 9.64533
0 8.91839 0.437889
718
1 6.19121 2.08635
0 8.47558 -6.032
0 7.85185 -5.89905
1 9.56315 -4.64548
0 6.37473 -8.3223
1 5.91727 -5.32244
0 7.25405 2.27907
1 8.40691 -1.21366
1 7.99931 -3.51462
0 5.24734 -7.22624
0 0.666317 1.30457
1 2.74141 -6.31525
0 5.89493 2.82365
0 2.93164 1.74989
3 0.3 1.5
3 -0.3 1.5
3 -0.3 -1.5
3 0.3 -1.5
1 -1.74704 -1.29734
1 3.25762 -1.19161
1 1.97381 -5.59523
1 1.99255 -0.957912
0 2.3758 -8.69478
0 -1.98656 1.53489
0 0.705076 -7.04537
1 7.13546 -0.783737
1 5.58909 -5.11042
1 10.933 -1.26081
0 13.4495 2.53142
1 11.6842 -3.83649
1 11.2248 -0.0490024
0 11.8362 4.57595
0 13.2317 0.931213
1 9.95648 -2.55515
1 6.08386 0.185742
1 7.64222 1.25003
0 9.70605 -1.90209
0 4.30207 5.19684
0 6.76249 2.91488
0 12.0748 1.31553
1 3.90286 1.5125
0 7.40834 -1.58646
0 8.37803 5.41964
1 8.21357 2.32004
0 13.2912 4.57982
0 2.71726 6.57482
0 7.93199 7.73072
1 6.99234 3.36154
1 3.11124 2.23715
0 7.55361 7.88143
0 11.8201 -0.951998
0 11.2385 6.5453
1 5.96504 4.68158
0 5.49812 9.59957
0 9.03945 0.354714
722
1 6.1351 2.12647
0 8.47553 -6.03204
0 7.85182 -5.8991
1 9.56304 -4.64548
0 6.37473 -8.3223
1 5.91721 -5.32241
0 7.25406 2.27904
1 8.4072 -1.21367
1 7.99932 -3.51468
0 5.24732 -7.22623
0 0.666343 1.30456
1 2.74141 -6.31524
0 5.89491 2.82356
0 2.93165 1.74988
3 0.3 1.5
3 -0.3 1.5
3 -0.3 -1.5
3 0.3 -1.5
1 -1.74704 -1.29734
1 3.25762 -1.19161
1 1.97381 -5.59523
1 1.9925 -0.95792
0 2.3758 -8.69478
0 -1.98656 1.5349
0 0.705077 -7.04537
1 7.13392 -0.783422
1 5.58903 -5.11041
1 10.9333 -1.26095
0 13.4519 2.53176
1 11.6842 -3.83653
1 11.2252 -0.0491947
0 11.8198 4.57314
0 13.2293 0.931179
1 9.95667 -2.55537
1 6.08106 0.186054
1 7.63904 1.25096
0 9.70598 -1.90322
0 4.3026 5.1973
0 6.76008 2.91463
0 12.0659 1.31633
1 3.90549 1.51139
0 7.40611 -1.58482
0 8.67195 5.48031
1 8.21119 2.32158
0 13.2895 4.58129
0 2.71651 6.57722
0 7.90606 7.71907
1 6.86271 3.38876
1 3.23606 2.08072
0 7.86225 8.03814
0 11.8157 -0.95249
0 11.4643 6.60745
1 5.94958 4.67524
0 5.66557 9.77355
0 8.76798 0.440301
726
1 4.49645 6.09662
1 6.17148 2.1215
0 8.47556 -6.03207
0 7.85184 -5.8991
1 9.56305 -4.6455
0 6.37473 -8.3223
1 5.91719 -5.32241
0 7.25408 2.27903
1 8.40682 -1.21359
1 7.9992 -3.51457
0 5.24732 -7.22623
0 0.666396 1.30457
1 2.74141 -6.31524
0 5.89494 2.82354
0 2.93166 1.74988
3 0.3 1.5
3 -0.3 1.5
3 -0.3 -1.5
3 0.3 -1.5
1 -1.74704 -1.29734
1 3.25762 -1.19161
1 1.97381 -5.59523
1 1.99249 -0.957929
0 2.3758 -8.69478
0 -1.98655 1.5349
0 0.705077 -7.04537
1 7.13241 -0.783221
1 5.58902 -5.1104
1 10.9336 -1.26101
0 13.4517 2.53175
1 11.6842 -3.83658
1 11.2254 -0.0492088
0 11.8352 4.57604
0 13.2258 0.931093
1 9.95679 -2.55541
1 6.08201 0.185763
1 7.64014 1.25061
0 9.71859 -1.90882
0 4.3027 5.19759
0 6.77623 2.91533
0 12.0782 1.31451
1 3.91008 1.50964
0 7.40355 -1.58307
0 8.70548 5.48901
1 8.20855 2.32197
0 13.2871 4.58132
0 2.71608 6.57792
0 7.91569 7.72028
1 6.7894 3.40554
1 3.1973 2.13059
0 7.84258 8.0452
0 11.8407 -0.963696
0 11.0073 6.5288
1 5.94551 4.68038
0 5.64627 9.77246
0 8.57976 0.523212
