2
3 0.3 -1.5
3 -0.3 -1.5
3 -0.3 1.5
3 0.3 1.5
6
3 0.3 -1.5
3 -0.3 -1.5
3 -0.3 1.5
3 0.3 1.5
10
3 0.3 -1.5
3 -0.3 -1.5
3 -0.3 1.5
3 0.3 1.5
14
3 0.3 -1.5
3 -0.3 -1.5
3 -0.3 1.5
3 0.3 1.5
18
1 -5.76741 -1.11151
1 -0.784016 -6.91247
3 0.3 -1.5
3 -0.3 -1.5
3 -0.3 1.5
3 0.3 1.5
22
1 -5.76757 -1.11146
1 -0.784142 -6.91242
3 0.3 -1.5
3 -0.3 -1.5
3 -0.3 1.5
3 0.3 1.5
26
1 -1.92958 -0.843533
1 -5.79801 -1.08006
1 -0.803517 -6.89584
3 0.3 -1.5
3 -0.3 -1.5
3 -0.3 1.5
3 0.3 1.5
30
1 -1.92958 -0.843533
1 -5.79801 -1.08006
1 -0.803517 -6.89584
3 0.3 -1.5
3 -0.3 -1.5
3 -0.3 1.5
3 0.3 1.5
34
1 -1.81726 -0.875417
1 -5.78192 -1.09608
1 -0.892388 -6.7902
3 0.3 -1.5
3 -0.3 -1.5
3 -0.3 1.5
3 0.3 1.5
38
1 -1.81725 -0.875373
1 -5.77308 -1.10536
1 -0.934922 -6.74118
3 0.3 -1.5
3 -0.3 -1.5
3 -0.3 1.5
3 0.3 1.5
42
1 -1.81725 -0.875373
1 -5.77308 -1.10536
1 -0.934922 -6.74118
3 0.3 -1.5
3 -0.3 -1.5
3 -0.3 1.5
3 0.3 1.5
46
1 -1.81763 -0.875734
1 -5.78483 -1.09247
1 -0.827279 -6.86333
3 0.3 -1.5
3 -0.3 -1.5
3 -0.3 1.5
3 0.3 1.5
50
1 -1.81763 -0.875734
1 -5.78483 -1.09247
1 -0.827279 -6.86333
3 0.3 -1.5
3 -0.3 -1.5
3 -0.3 1.5
3 0.3 1.5
54
1 -1.81763 -0.875734
1 -5.78404 -1.09336
1 -0.831579 -6.8607
3 0.3 -1.5
3 -0.3 -1.5
3 -0.3 1.5
3 0.3 1.5
58
1 -1.81763 -0.875734
1 -5.78118 -1.09635
1 -0.842698 -6.84776
3 0.3 -1.5
3 -0.3 -1.5
3 -0.3 1.5
3 0.3 1.5
62
1 -1.81763 -0.875734
1 -5.76896 -1.10931
1 -0.796626 -6.89572
3 0.3 -1.5
3 -0.3 -1.5
3 -0.3 1.5
3 0.3 1.5
66
1 -1.88851 -0.879714
1 -5.76996 -1.1071
1 -0.808101 -6.88184
3 0.3 -1.5
3 -0.3 -1.5
3 -0.3 1.5
3 0.3 1.5
70
1 -1.79242 -0.890045
1 -5.7758 -1.10147
1 -0.811365 -6.88094
3 0.3 -1.5
3 -0.3 -1.5
3 -0.3 1.5
3 0.3 1.5
74
1 -1.72798 -0.907809
1 -5.77816 -1.09868
1 -0.832009 -6.8576
3 0.3 -1.5
3 -0.3 -1.5
3 -0.3 1.5
3 0.3 1.5
78
1 -1.72822 -0.907353
1 -5.76086 -1.11683
1 -0.802215 -6.88986
3 0.3 -1.5
3 -0.3 -1.5
3 -0.3 1.5
3 0.3 1.5
82
1 -1.68799 -0.918669
1 -5.76248 -1.1149
1 -0.80749 -6.88527
3 0.3 -1.5
3 -0.3 -1.5
3 -0.3 1.5
3 0.3 1.5
86
1 -1.68799 -0.918669
1 -5.76248 -1.1149
1 -0.80749 -6.88527
3 0.3 -1.5
3 -0.3 -1.5
3 -0.3 1.5
3 0.3 1.5
90
1 -1.6879 -0.91855
1 -5.76093 -1.11653
1 -0.813768 -6.87804
3 0.3 -1.5
3 -0.3 -1.5
3 -0.3 1.5
3 0.3 1.5
94
1 -1.60774 -0.927749
1 -5.76286 -1.115
1 -0.790285 -6.9029
3 0.3 -1.5
3 -0.3 -1.5
3 -0.3 1.5
3 0.3 1.5
98
1 -1.55104 -0.932352
1 -5.76234 -1.11598
1 -0.810602 -6.87974
3 0.3 -1.5
3 -0.3 -1.5
3 -0.3 1.5
3 0.3 1.5
102
1 -1.59202 -0.92577
1 -5.75979 -1.1185
1 -0.832824 -6.85577
3 0.3 -1.5
3 -0.3 -1.5
3 -0.3 1.5
3 0.3 1.5
106
1 -1.59202 -0.92577
1 -5.75979 -1.1185
1 -0.832824 -6.85577
3 0.3 -1.5
3 -0.3 -1.5
3 -0.3 1.5
3 0.3 1.5
110
1 -1.60337 -0.92719
1 -5.76114 -1.11686
1 -0.85862 -6.82665
3 0.3 -1.5
3 -0.3 -1.5
3 -0.3 1.5
3 0.3 1.5
114
1 -1.60799 -0.929158
1 -5.76187 -1.11593
1 -0.86265 -6.82174
3 0.3 -1.5
3 -0.3 -1.5
3 -0.3 1.5
3 0.3 1.5
118
1 -1.57005 -0.933148
1 -5.7537 -1.12476
1 -0.869463 -6.81055
3 0.3 -1.5
3 -0.3 -1.5
3 -0.3 1.5
3 0.3 1.5
122
1 -1.56123 -0.93198
1 -5.75093 -1.12779
1 -0.890568 -6.78796
3 0.3 -1.5
3 -0.3 -1.5
3 -0.3 1.5
3 0.3 1.5
126
1 -1.57192 -0.932518
1 -5.74711 -1.13171
1 -0.884827 -6.79077
3 0.3 -1.5
3 -0.3 -1.5
3 -0.3 1.5
3 0.3 1.5
130
1 -1.56276 -0.935227
1 -5.74714 -1.13162
1 -0.876908 -6.80021
3 0.3 -1.5
3 -0.3 -1.5
3 -0.3 1.5
3 0.3 1.5
134
1 -1.52173 -0.940937
1 -5.7503 -1.12846
1 -0.873481 -6.80495
3 0.3 -1.5
3 -0.3 -1.5
3 -0.3 1.5
3 0.3 1.5
138
1 -1.53422 -0.939802
1 -5.75031 -1.12834
1 -0.889219 -6.78786
3 0.3 -1.5
3 -0.3 -1.5
3 -0.3 1.5
3 0.3 1.5
142
1 -1.53445 -0.937624
1 -5.75271 -1.12605
1 -0.887813 -6.7863
3 0.3 -1.5
3 -0.3 -1.5
3 -0.3 1.5
3 0.3 1.5
146
1 -1.50128 -0.943092
1 -5.75231 -1.12649
1 -0.91431 -6.7581
3 0.3 -1.5
3 -0.3 -1.5
3 -0.3 1.5
3 0.3 1.5
150
1 -1.46097 -0.9475
1 -5.75662 -1.12228
1 -0.917769 -6.75185
3 0.3 -1.5
3 -0.3 -1.5
3 -0.3 1.5
3 0.3 1.5
