2
3 0.3 -1.5
3 -0.3 -1.5
3 -0.3 1.5
3 0.3 1.5
6
3 0.3 -1.5
3 -0.3 -1.5
3 -0.3 1.5
3 0.3 1.5
10
3 0.3 -1.5
3 -0.3 -1.5
3 -0.3 1.5
3 0.3 1.5
14
3 0.3 -1.5
3 -0.3 -1.5
3 -0.3 1.5
3 0.3 1.5
18
3 0.3 -1.5
3 -0.3 -1.5
3 -0.3 1.5
3 0.3 1.5
22
0 -1.53611 1.60863
1 2.04405 -5.45584
1 -1.33956 -0.941083
3 0.3 -1.5
3 -0.3 -1.5
3 -0.3 1.5
3 0.3 1.5
26
0 -1.54328 1.64244
1 2.11389 -5.4912
1 -1.24811 -0.955405
3 0.3 -1.5
3 -0.3 -1.5
3 -0.3 1.5
3 0.3 1.5
30
0 -1.55134 1.6682
1 3.70078 -0.818111
1 2.03781 -5.45069
1 -1.25801 -0.95498
3 0.3 -1.5
3 -0.3 -1.5
3 -0.3 1.5
3 0.3 1.5
34
0 -1.55074 1.6686
1 3.54567 -0.816022
1 2.07322 -5.4786
1 -1.43671 -0.927055
3 0.3 -1.5
3 -0.3 -1.5
3 -0.3 1.5
3 0.3 1.5
38
0 -1.54391 1.69118
1 3.54632 -0.817447
1 2.07369 -5.47977
1 -1.43609 -0.928248
3 0.3 -1.5
3 -0.3 -1.5
3 -0.3 1.5
3 0.3 1.5
42
0 2.05312 -8.11957
0 -1.54397 1.69144
1 3.21276 -0.793277
1 2.09123 -5.49304
1 -1.36809 -0.9406
3 0.3 -1.5
3 -0.3 -1.5
3 -0.3 1.5
3 0.3 1.5
46
0 2.05477 -8.12247
0 -1.61996 1.69282
1 3.21421 -0.795228
1 2.09216 -5.49478
1 -1.36703 -0.942377
3 0.3 -1.5
3 -0.3 -1.5
3 -0.3 1.5
3 0.3 1.5
50
0 2.13982 -8.20394
0 -1.6199 1.69335
1 3.37658 -0.805632
1 2.10133 -5.50366
1 -1.36483 -0.945267
3 0.3 -1.5
3 -0.3 -1.5
3 -0.3 1.5
3 0.3 1.5
54
0 2.14035 -8.20562
0 -1.57284 1.71879
1 3.37715 -0.807033
1 2.10175 -5.50495
1 -1.36434 -0.946562
3 0.3 -1.5
3 -0.3 -1.5
3 -0.3 1.5
3 0.3 1.5
58
0 2.14087 -8.20485
0 -1.57379 1.7191
1 3.34939 -0.808866
1 2.11823 -5.50972
1 -1.34573 -0.952679
3 0.3 -1.5
3 -0.3 -1.5
3 -0.3 1.5
3 0.3 1.5
62
0 2.14142 -8.20608
0 -1.57311 1.71797
1 3.1169 -0.797469
1 2.11874 -5.51071
1 -1.34803 -0.954672
3 0.3 -1.5
3 -0.3 -1.5
3 -0.3 1.5
3 0.3 1.5
66
0 2.1704 -8.2349
0 -1.57258 1.71705
0 3.64375 1.73381
1 3.11762 -0.798474
1 2.11914 -5.5115
1 -1.37845 -0.949183
3 0.3 -1.5
3 -0.3 -1.5
3 -0.3 1.5
3 0.3 1.5
70
0 2.17062 -8.23566
0 -1.57234 1.71648
0 3.58117 1.75167
1 3.11791 -0.799146
1 2.11931 -5.512
1 -1.37818 -0.949842
3 0.3 -1.5
3 -0.3 -1.5
3 -0.3 1.5
3 0.3 1.5
74
0 2.17095 -8.236
0 -1.57206 1.71621
0 3.572 1.75869
1 3.11827 -0.799469
1 2.10545 -5.50562
1 -1.39931 -0.945665
3 0.3 -1.5
3 -0.3 -1.5
3 -0.3 1.5
3 0.3 1.5
78
1 3.68977 -6.43444
0 2.03872 -8.11178
0 -1.57232 1.71625
0 3.57125 1.75875
1 3.11793 -0.799424
1 2.10519 -5.50559
1 -1.36218 -0.952228
3 0.3 -1.5
3 -0.3 -1.5
3 -0.3 1.5
3 0.3 1.5
82
1 3.68984 -6.43498
0 2.03876 -8.11207
0 -1.57225 1.71611
0 3.53746 1.7607
1 3.11801 -0.79958
1 2.10525 -5.50573
1 -1.36208 -0.952436
3 0.3 -1.5
3 -0.3 -1.5
3 -0.3 1.5
3 0.3 1.5
86
1 3.59992 -6.37959
0 2.09464 -8.16592
0 -1.57224 1.71605
0 3.53734 1.76003
1 3.11802 -0.799659
1 2.08195 -5.4874
1 -1.37164 -0.951455
3 0.3 -1.5
3 -0.3 -1.5
3 -0.3 1.5
3 0.3 1.5
90
1 3.60051 -6.37974
0 2.09497 -8.16602
0 -1.57207 1.716
0 3.49966 1.7585
1 3.11823 -0.799715
1 2.10515 -5.5033
1 -1.38376 -0.949302
3 0.3 -1.5
3 -0.3 -1.5
3 -0.3 1.5
3 0.3 1.5
94
1 3.59965 -6.37815
0 2.09446 -8.16499
0 -1.57237 1.71652
0 3.61818 1.74715
1 3.11788 -0.799125
1 2.10469 -5.50237
1 -1.3844 -0.948183
3 0.3 -1.5
3 -0.3 -1.5
3 -0.3 1.5
3 0.3 1.5
98
1 3.60026 -6.37779
0 2.13936 -8.20684
0 -1.57222 1.71657
0 3.61884 1.74756
1 3.09415 -0.800791
1 2.10653 -5.50435
1 -1.39959 -0.944873
3 0.3 -1.5
3 -0.3 -1.5
3 -0.3 1.5
3 0.3 1.5
102
1 3.5167 -6.32642
0 2.20371 -8.26763
0 -1.57251 1.71654
0 3.61761 1.74751
1 3.18068 -0.807525
1 2.11844 -5.50876
1 -1.38779 -0.947281
3 0.3 -1.5
3 -0.3 -1.5
3 -0.3 1.5
3 0.3 1.5
106
1 3.51725 -6.32715
0 2.20421 -8.26828
0 -1.57235 1.71637
0 3.4806 1.73605
1 3.18102 -0.807909
1 2.11879 -5.5092
1 -1.38734 -0.947784
3 0.3 -1.5
3 -0.3 -1.5
3 -0.3 1.5
3 0.3 1.5
110
1 3.48777 -6.30728
0 2.20213 -8.26769
0 -1.57235 1.71645
0 3.48063 1.73666
1 3.1538 -0.807707
1 2.1188 -5.50892
1 -1.38218 -0.948617
3 0.3 -1.5
3 -0.3 -1.5
3 -0.3 1.5
3 0.3 1.5
114
1 3.47305 -6.2987
0 2.20214 -8.2674
0 -1.57235 1.71646
0 3.45985 1.73841
1 3.15378 -0.807515
1 2.11881 -5.50881
1 -1.3746 -0.950552
3 0.3 -1.5
3 -0.3 -1.5
3 -0.3 1.5
3 0.3 1.5
118
0 5.47757 1.69142
1 3.47365 -6.29941
0 2.20259 -8.26797
0 -1.57224 1.71635
0 3.38498 1.73444
1 3.15413 -0.807913
1 2.11905 -5.50909
1 -1.3742 -0.950989
3 0.3 -1.5
3 -0.3 -1.5
3 -0.3 1.5
3 0.3 1.5
122
0 5.47613 1.6913
1 3.48902 -6.30895
0 2.20217 -8.26773
0 -1.57233 1.71635
0 3.38428 1.73475
1 3.1831 -0.813102
1 2.11882 -5.50898
1 -1.36612 -0.951959
3 0.3 -1.5
3 -0.3 -1.5
3 -0.3 1.5
3 0.3 1.5
126
0 5.47857 1.69098
1 3.51854 -6.32692
0 2.15742 -8.22723
0 -1.57209 1.71633
0 3.32331 1.72832
1 3.1493 -0.808855
1 2.1194 -5.50903
1 -1.38071 -0.950253
3 0.3 -1.5
3 -0.3 -1.5
3 -0.3 1.5
3 0.3 1.5
130
0 5.54628 1.67154
1 3.51891 -6.32737
0 2.15769 -8.22758
0 -1.57204 1.71627
0 3.29271 1.72824
1 3.14954 -0.809142
1 2.11953 -5.50918
1 -1.38046 -0.950531
3 0.3 -1.5
3 -0.3 -1.5
3 -0.3 1.5
3 0.3 1.5
134
0 5.54525 1.67139
1 3.4595 -6.29441
0 2.15715 -8.22767
0 -1.57215 1.71625
0 3.29194 1.72812
1 3.18183 -0.810631
1 2.11927 -5.50923
1 -1.36819 -0.952674
3 0.3 -1.5
3 -0.3 -1.5
3 -0.3 1.5
3 0.3 1.5
138
0 5.5447 1.67282
1 3.4576 -6.29208
0 2.15686 -8.22701
0 -1.57221 1.71632
0 3.29153 1.72907
1 3.1255 -0.807333
1 2.11914 -5.50896
1 -1.35249 -0.955502
3 0.3 -1.5
3 -0.3 -1.5
3 -0.3 1.5
3 0.3 1.5
142
0 5.64799 1.65698
1 3.45788 -6.29242
0 2.15705 -8.22727
0 -1.57217 1.71627
0 3.27841 1.73101
1 3.12571 -0.807578
1 2.11923 -5.50908
1 -1.35229 -0.95573
3 0.3 -1.5
3 -0.3 -1.5
3 -0.3 1.5
3 0.3 1.5
146
0 5.68539 1.65067
1 3.45826 -6.29287
0 2.15726 -8.22749
0 -1.57212 1.71622
0 3.2686 1.73235
1 3.12599 -0.807896
1 2.11933 -5.50918
1 -1.35206 -0.955995
3 0.3 -1.5
3 -0.3 -1.5
3 -0.3 1.5
3 0.3 1.5
150
0 5.6873 1.64872
1 3.4156 -6.26704
0 2.15797 -8.22812
0 -1.57202 1.71615
0 3.26995 1.73112
1 3.17075 -0.812646
1 2.14231 -5.52041
1 -1.39065 -0.949369
3 0.3 -1.5
3 -0.3 -1.5
3 -0.3 1.5
3 0.3 1.5
154
0 5.59775 1.63084
1 3.42907 -6.27585
0 2.19183 -8.25885
0 -1.57193 1.71611
0 3.26692 1.7313
1 3.20929 -0.816278
1 2.14257 -5.52056
1 -1.40752 -0.946349
3 0.3 -1.5
3 -0.3 -1.5
3 -0.3 1.5
3 0.3 1.5
158
0 5.59828 1.6311
1 3.43687 -6.27991
0 2.19198 -8.25866
0 -1.57191 1.71612
0 3.18206 1.72161
1 3.24699 -0.819565
1 2.14264 -5.52046
1 -1.4035 -0.947561
3 0.3 -1.5
3 -0.3 -1.5
3 -0.3 1.5
3 0.3 1.5
162
0 5.59805 1.63123
1 3.43666 -6.27983
0 2.19185 -8.25865
0 -1.57194 1.7161
0 3.18188 1.72168
1 3.2883 -0.823271
1 2.13165 -5.51192
1 -1.40963 -0.946894
3 0.3 -1.5
3 -0.3 -1.5
3 -0.3 1.5
3 0.3 1.5
166
0 5.59869 1.6306
1 3.43716 -6.28028
0 2.1921 -8.25881
0 -1.5719 1.71608
0 3.17548 1.7244
1 3.2887 -0.823707
1 2.13184 -5.5121
1 -1.40926 -0.94721
3 0.3 -1.5
3 -0.3 -1.5
3 -0.3 1.5
3 0.3 1.5
170
0 5.59908 1.63056
1 3.43748 -6.2803
0 2.1923 -8.25881
0 -1.57186 1.71608
0 3.17629 1.72479
1 3.29835 -0.82372
1 2.14358 -5.52106
1 -1.4088 -0.947231
3 0.3 -1.5
3 -0.3 -1.5
3 -0.3 1.5
3 0.3 1.5
174
0 5.59766 1.63124
1 3.43635 -6.27977
0 2.22261 -8.28751
0 -1.57194 1.7161
0 3.17505 1.72537
1 3.35209 -0.827765
1 2.13985 -5.51974
1 -1.39854 -0.948925
3 0.3 -1.5
3 -0.3 -1.5
3 -0.3 1.5
3 0.3 1.5
178
0 5.59948 1.62884
1 3.43784 -6.28177
0 2.24955 -8.31342
0 -1.52945 1.73389
0 3.14312 1.71897
1 3.37511 -0.831374
1 2.14069 -5.52087
1 -1.39898 -0.950772
3 0.3 -1.5
3 -0.3 -1.5
3 -0.3 1.5
3 0.3 1.5
182
0 5.6038 1.62806
1 3.44133 -6.28235
0 2.25215 -8.31391
0 -1.58526 1.71572
0 3.05763 1.70737
1 3.37831 -0.832144
1 2.14262 -5.52126
1 -1.39598 -0.951381
3 0.3 -1.5
3 -0.3 -1.5
3 -0.3 1.5
3 0.3 1.5
186
0 5.60683 1.6274
1 3.44383 -6.28294
0 2.25403 -8.31425
0 -1.61753 1.70675
0 3.04791 1.70526
1 3.41045 -0.835267
1 2.14395 -5.52149
1 -1.39204 -0.952953
3 0.3 -1.5
3 -0.3 -1.5
3 -0.3 1.5
3 0.3 1.5
190
0 5.60613 1.62748
1 3.44327 -6.28288
0 2.26454 -8.32427
0 -1.61804 1.70683
0 3.04714 1.70537
1 3.45747 -0.83943
1 2.14363 -5.52145
1 -1.38849 -0.953592
3 0.3 -1.5
3 -0.3 -1.5
3 -0.3 1.5
3 0.3 1.5
194
0 5.60593 1.62607
1 3.4431 -6.28404
0 2.26438 -8.32544
0 -1.56817 1.72539
0 3.04638 1.70565
1 3.45737 -0.840806
1 2.14357 -5.52215
1 -1.38857 -0.954828
3 0.3 -1.5
3 -0.3 -1.5
3 -0.3 1.5
3 0.3 1.5
198
0 5.60462 1.62603
1 3.44204 -6.28408
0 2.26348 -8.32548
0 -1.54437 1.73378
0 3.03761 1.70503
1 3.46133 -0.841041
1 2.143 -5.52218
1 -1.38106 -0.956626
3 0.3 -1.5
3 -0.3 -1.5
3 -0.3 1.5
3 0.3 1.5
202
0 5.60598 1.62608
1 3.44311 -6.28404
0 2.26448 -8.32538
0 -1.54301 1.73391
0 3.03931 1.70516
1 3.48676 -0.843383
1 2.14361 -5.52213
1 -1.40295 -0.952847
3 0.3 -1.5
3 -0.3 -1.5
3 -0.3 1.5
3 0.3 1.5
206
0 5.60656 1.62628
1 3.44357 -6.28385
0 2.26925 -8.32566
0 -1.56103 1.72753
0 3.02768 1.70416
1 3.48726 -0.842993
1 2.14387 -5.52203
1 -1.40571 -0.952401
3 0.3 -1.5
3 -0.3 -1.5
3 -0.3 1.5
3 0.3 1.5
210
0 5.6061 1.62625
1 3.44319 -6.28388
0 2.26894 -8.32554
0 -1.54276 1.73381
0 3.0374 1.70626
1 3.4869 -0.842877
1 2.14368 -5.52205
1 -1.4086 -0.952266
3 0.3 -1.5
3 -0.3 -1.5
3 -0.3 1.5
3 0.3 1.5
214
1 5.02037 -0.790534
0 5.60996 1.62524
1 3.44636 -6.28473
0 2.27192 -8.32628
0 -1.58253 1.7221
0 3.03814 1.70484
1 3.49025 -0.843756
1 2.14538 -5.52247
1 -1.41217 -0.95208
3 0.3 -1.5
3 -0.3 -1.5
3 -0.3 1.5
3 0.3 1.5
218
1 5.02075 -0.791159
0 5.61005 1.6248
1 3.44643 -6.2851
0 2.28522 -8.33894
0 -1.56884 1.72725
0 3.03957 1.70462
1 3.50045 -0.844703
1 2.14543 -5.52267
1 -1.41576 -0.951817
3 0.3 -1.5
3 -0.3 -1.5
3 -0.3 1.5
3 0.3 1.5
222
1 5.0237 -0.790425
0 5.61145 1.62495
1 3.44758 -6.28497
0 2.2864 -8.33871
0 -1.59987 1.71698
0 3.056 1.70857
1 3.51875 -0.846088
1 2.14603 -5.52258
1 -1.41525 -0.951941
3 0.3 -1.5
3 -0.3 -1.5
3 -0.3 1.5
3 0.3 1.5
226
1 5.02607 -0.79115
0 5.61226 1.62469
1 3.44824 -6.28519
0 2.28719 -8.33894
0 -1.59681 1.71833
0 3.05046 1.70731
1 3.52709 -0.847947
1 2.1464 -5.52269
1 -1.42312 -0.950625
3 0.3 -1.5
3 -0.3 -1.5
3 -0.3 1.5
3 0.3 1.5
230
1 5.02398 -0.790977
0 5.61123 1.62494
1 3.44738 -6.28497
0 2.28632 -8.3388
0 -1.58329 1.72252
0 3.04412 1.70786
1 3.53662 -0.848758
1 2.14595 -5.5226
1 -1.42128 -0.951005
3 0.3 -1.5
3 -0.3 -1.5
3 -0.3 1.5
3 0.3 1.5
234
1 5.02588 -0.790717
0 5.61211 1.62492
1 3.4481 -6.28499
0 2.28707 -8.33875
0 -1.59452 1.71903
0 3.06515 1.71205
1 3.53477 -0.848545
1 2.14633 -5.52259
1 -1.42207 -0.951088
3 0.3 -1.5
3 -0.3 -1.5
3 -0.3 1.5
3 0.3 1.5
238
1 5.02767 -0.791084
0 5.61307 1.62444
1 3.44891 -6.2854
0 2.28786 -8.33904
0 -1.60222 1.71734
0 3.05734 1.70859
1 3.53575 -0.84888
1 2.14676 -5.52277
1 -1.42108 -0.951427
3 0.3 -1.5
3 -0.3 -1.5
3 -0.3 1.5
3 0.3 1.5
242
1 5.02904 -0.791211
0 5.61343 1.6245
1 3.44919 -6.28535
0 2.28825 -8.33901
0 -1.60129 1.71726
0 3.05809 1.70857
1 3.56119 -0.851084
1 2.14692 -5.52274
1 -1.43333 -0.949144
3 0.3 -1.5
3 -0.3 -1.5
3 -0.3 1.5
3 0.3 1.5
246
1 4.90744 -0.82039
0 5.61424 1.62416
1 3.44986 -6.28564
0 2.28891 -8.33924
0 -1.60818 1.7157
0 3.0727 1.71141
1 3.56208 -0.851236
1 2.14727 -5.52289
1 -1.43 -0.95017
3 0.3 -1.5
3 -0.3 -1.5
3 -0.3 1.5
3 0.3 1.5
250
1 4.95018 -0.757204
0 5.61362 1.62444
1 3.44934 -6.28542
0 2.28843 -8.33901
0 -1.59035 1.72148
0 3.08802 1.71505
1 3.56142 -0.851072
1 2.14701 -5.52276
1 -1.43453 -0.94965
3 0.3 -1.5
3 -0.3 -1.5
3 -0.3 1.5
3 0.3 1.5
254
1 4.9607 -0.75942
0 5.61713 1.62406
1 3.45224 -6.28574
0 2.2914 -8.33924
0 -1.65517 1.70062
0 3.07775 1.71229
1 3.56559 -0.85161
1 2.14854 -5.52288
1 -1.42993 -0.950297
3 0.3 -1.5
3 -0.3 -1.5
3 -0.3 1.5
3 0.3 1.5
258
1 4.87689 -0.784204
0 5.61921 1.62371
1 3.45395 -6.28603
0 2.29317 -8.33942
0 -1.68771 1.69038
0 3.08099 1.71207
1 3.56805 -0.8518
1 2.14945 -5.523
1 -1.42913 -0.950517
3 0.3 -1.5
3 -0.3 -1.5
3 -0.3 1.5
3 0.3 1.5
262
1 4.80739 -0.800998
0 5.62156 1.62294
1 3.45597 -6.28676
0 2.2973 -8.3413
0 -1.72436 1.67734
0 3.09574 1.71286
1 3.57063 -0.852578
1 2.15133 -5.52385
1 -1.42887 -0.950813
3 0.3 -1.5
3 -0.3 -1.5
3 -0.3 1.5
3 0.3 1.5
266
1 4.81677 -0.81841
0 5.6215 1.62286
1 3.47977 -6.29919
0 2.26004 -8.30699
0 -1.72517 1.67747
0 3.09526 1.71287
1 3.55075 -0.850593
1 2.15122 -5.52382
1 -1.42088 -0.952565
3 0.3 -1.5
3 -0.3 -1.5
3 -0.3 1.5
3 0.3 1.5
270
1 4.81712 -0.818137
0 5.62174 1.62273
1 3.44797 -6.27884
0 2.26023 -8.30699
0 -1.72705 1.67745
0 3.09548 1.71287
1 3.55072 -0.850235
1 2.15133 -5.52385
1 -1.41494 -0.954047
3 0.3 -1.5
3 -0.3 -1.5
3 -0.3 1.5
3 0.3 1.5
274
1 4.81799 -0.81849
0 5.62199 1.62265
1 3.44834 -6.27903
0 2.26055 -8.30711
0 -1.72944 1.67684
0 3.09589 1.71276
1 3.55107 -0.850348
1 2.15149 -5.52391
1 -1.41454 -0.954186
3 0.3 -1.5
3 -0.3 -1.5
3 -0.3 1.5
3 0.3 1.5
278
1 4.82362 -0.818867
0 5.62274 1.623
1 3.44998 -6.27891
0 2.26215 -8.30705
0 -1.72555 1.6768
0 3.09807 1.7129
1 3.56371 -0.85118
1 2.16417 -5.53125
1 -1.4452 -0.948389
3 0.3 -1.5
3 -0.3 -1.5
3 -0.3 1.5
3 0.3 1.5
282
1 4.81794 -0.779774
0 5.62333 1.62337
1 3.44968 -6.27667
0 2.26309 -8.30684
0 -1.72353 1.67698
0 3.09933 1.7133
1 3.56485 -0.85095
1 2.16476 -5.5312
1 -1.45796 -0.945552
3 0.3 -1.5
3 -0.3 -1.5
3 -0.3 1.5
3 0.3 1.5
286
1 4.79219 -0.792878
0 5.62319 1.62328
1 3.44938 -6.27661
0 2.26283 -8.30689
0 -1.72413 1.67692
0 3.09897 1.71317
1 3.56452 -0.851012
1 2.1646 -5.5312
1 -1.4543 -0.946204
3 0.3 -1.5
3 -0.3 -1.5
3 -0.3 1.5
3 0.3 1.5
290
1 4.79061 -0.754176
0 5.62294 1.62328
1 3.44922 -6.27685
0 2.26271 -8.30686
0 -1.72412 1.67705
0 3.09882 1.71336
1 3.56306 -0.851737
1 2.1883 -5.54311
1 -1.46074 -0.94546
3 0.3 -1.5
3 -0.3 -1.5
3 -0.3 1.5
3 0.3 1.5
294
1 4.78892 -0.753936
0 5.62275 1.62324
1 3.42147 -6.2593
0 2.26231 -8.30684
0 -1.72508 1.67708
0 3.09829 1.71336
1 3.56885 -0.852268
1 2.18796 -5.54308
1 -1.45393 -0.946816
3 0.3 -1.5
3 -0.3 -1.5
3 -0.3 1.5
3 0.3 1.5
298
1 4.78863 -0.752953
0 5.62284 1.62321
1 3.41774 -6.25527
0 2.26231 -8.30673
0 -1.72525 1.67739
0 3.09825 1.71346
1 3.56121 -0.852331
1 2.18796 -5.54289
1 -1.45129 -0.947462
3 0.3 -1.5
3 -0.3 -1.5
3 -0.3 1.5
3 0.3 1.5
302
1 4.78863 -0.752953
0 5.62284 1.62321
1 3.41774 -6.25527
0 2.26231 -8.30673
0 -1.72525 1.67739
0 3.09825 1.71346
1 3.56121 -0.852331
1 2.18796 -5.54289
1 -1.45129 -0.947462
3 0.3 -1.5
3 -0.3 -1.5
3 -0.3 1.5
3 0.3 1.5
306
1 4.77175 -0.765298
0 5.62228 1.62283
1 3.42812 -6.2617
0 2.27574 -8.31854
0 -1.72744 1.67728
0 3.09691 1.71316
1 3.57002 -0.853987
1 2.15657 -5.52114
1 -1.4442 -0.949376
3 0.3 -1.5
3 -0.3 -1.5
3 -0.3 1.5
3 0.3 1.5
310
1 4.77175 -0.765298
0 5.62228 1.62283
1 3.42812 -6.2617
0 2.27574 -8.31854
0 -1.72744 1.67728
0 3.09691 1.71316
1 3.57002 -0.853987
1 2.15657 -5.52114
1 -1.4442 -0.949376
3 0.3 -1.5
3 -0.3 -1.5
3 -0.3 1.5
3 0.3 1.5
314
1 4.7926 -0.758752
0 5.62132 1.62251
1 3.42588 -6.26212
0 2.2596 -8.30463
0 -1.72995 1.67704
0 3.09521 1.71292
1 3.56812 -0.854309
1 2.1752 -5.52917
1 -1.43689 -0.951405
3 0.3 -1.5
3 -0.3 -1.5
3 -0.3 1.5
3 0.3 1.5
318
1 4.78121 -0.768815
0 5.62123 1.62228
1 3.42567 -6.26225
0 2.25942 -8.30474
0 -1.73021 1.67672
0 3.09504 1.71261
1 3.56792 -0.85452
1 2.10118 -5.48128
1 -1.43497 -0.952092
3 0.3 -1.5
3 -0.3 -1.5
3 -0.3 1.5
3 0.3 1.5
322
1 4.78077 -0.769161
0 5.62122 1.62232
1 3.42291 -6.25994
0 2.24729 -8.29326
0 -1.7304 1.67666
0 3.09494 1.7126
1 3.57828 -0.855057
1 2.101 -5.48141
1 -1.43527 -0.952101
3 0.3 -1.5
3 -0.3 -1.5
3 -0.3 1.5
3 0.3 1.5
326
1 4.7809 -0.769458
0 5.62125 1.62236
1 3.42725 -6.26198
0 2.24918 -8.29492
0 -1.73034 1.67662
0 3.09498 1.71261
1 3.58333 -0.855436
1 2.10106 -5.48153
1 -1.43736 -0.951709
3 0.3 -1.5
3 -0.3 -1.5
3 -0.3 1.5
3 0.3 1.5
330
1 4.77685 -0.782616
0 5.62123 1.62259
1 3.42941 -6.26478
0 2.24934 -8.29627
0 -1.72981 1.67596
0 3.09522 1.71238
1 3.58827 -0.844844
1 2.10133 -5.48284
1 -1.43547 -0.953305
3 0.3 -1.5
3 -0.3 -1.5
3 -0.3 1.5
3 0.3 1.5
334
1 4.77504 -0.784626
0 5.62087 1.62261
1 3.42527 -6.26474
0 2.26632 -8.3134
0 -1.73056 1.67565
0 3.0947 1.71224
1 3.59516 -0.8365
1 2.11796 -5.49339
1 -1.42666 -0.956245
3 0.3 -1.5
3 -0.3 -1.5
3 -0.3 1.5
3 0.3 1.5
338
1 4.77504 -0.784626
0 5.62087 1.62261
1 3.42527 -6.26474
0 2.26632 -8.3134
0 -1.73056 1.67565
0 3.0947 1.71224
1 3.59516 -0.8365
1 2.11796 -5.49339
1 -1.42666 -0.956245
3 0.3 -1.5
3 -0.3 -1.5
3 -0.3 1.5
3 0.3 1.5
342
1 4.76053 -0.792949
0 5.62081 1.62266
1 3.40105 -6.24926
0 2.2665 -8.31335
0 -1.73046 1.67547
0 3.09471 1.71216
1 3.5953 -0.836452
1 2.11813 -5.49334
1 -1.42924 -0.955726
3 0.3 -1.5
3 -0.3 -1.5
3 -0.3 1.5
3 0.3 1.5
346
1 4.7749 -0.778419
0 5.62091 1.62255
1 3.40111 -6.24972
0 2.27404 -8.32056
0 -1.73032 1.67568
0 3.09484 1.71223
1 3.59542 -0.836681
1 2.08383 -5.47097
1 -1.4267 -0.95652
3 0.3 -1.5
3 -0.3 -1.5
3 -0.3 1.5
3 0.3 1.5
350
1 4.77438 -0.77838
0 5.62069 1.62247
1 3.40077 -6.24972
0 2.28972 -8.33395
0 -1.73066 1.67563
0 3.09454 1.71216
1 3.60044 -0.837874
1 2.09199 -5.47465
1 -1.43165 -0.955795
3 0.3 -1.5
3 -0.3 -1.5