2
3 0.3 -1.5
3 -0.3 -1.5
3 -0.3 1.5
3 0.3 1.5
6
3 0.3 -1.5
3 -0.3 -1.5
3 -0.3 1.5
3 0.3 1.5
10
3 0.3 -1.5
3 -0.3 -1.5
3 -0.3 1.5
3 0.3 1.5
14
3 0.3 -1.5
3 -0.3 -1.5
3 -0.3 1.5
3 0.3 1.5
18
3 0.3 -1.5
3 -0.3 -1.5
3 -0.3 1.5
3 0.3 1.5
22
3 0.3 -1.5
3 -0.3 -1.5
3 -0.3 1.5
3 0.3 1.5
26
3 0.3 -1.5
3 -0.3 -1.5
3 -0.3 1.5
3 0.3 1.5
30
0 -4.66929 -1.5764
3 0.3 -1.5
3 -0.3 -1.5
3 -0.3 1.5
3 0.3 1.5
34
0 -4.67027 -1.57591
3 0.3 -1.5
3 -0.3 -1.5
3 -0.3 1.5
3 0.3 1.5
38
0 -4.65823 -1.5856
3 0.3 -1.5
3 -0.3 -1.5
3 -0.3 1.5
3 0.3 1.5
42
0 -4.62879 -1.60887
3 0.3 -1.5
3 -0.3 -1.5
3 -0.3 1.5
3 0.3 1.5
46
0 -4.62879 -1.60887
3 0.3 -1.5
3 -0.3 -1.5
3 -0.3 1.5
3 0.3 1.5
50
0 -4.59639 -1.63247
3 0.3 -1.5
3 -0.3 -1.5
3 -0.3 1.5
3 0.3 1.5
54
0 -4.62138 -1.61485
3 0.3 -1.5
3 -0.3 -1.5
3 -0.3 1.5
3 0.3 1.5
58
0 -4.62138 -1.61485
3 0.3 -1.5
3 -0.3 -1.5
3 -0.3 1.5
3 0.3 1.5
62
0 -4.60416 -1.62726
3 0.3 -1.5
3 -0.3 -1.5
3 -0.3 1.5
3 0.3 1.5
66
0 -4.59686 -1.63253
3 0.3 -1.5
3 -0.3 -1.5
3 -0.3 1.5
3 0.3 1.5
70
0 -4.57167 -1.65062
3 0.3 -1.5
3 -0.3 -1.5
3 -0.3 1.5
3 0.3 1.5
74
0 -4.56702 -1.65396
3 0.3 -1.5
3 -0.3 -1.5
3 -0.3 1.5
3 0.3 1.5
78
0 -4.55387 -1.66482
3 0.3 -1.5
3 -0.3 -1.5
3 -0.3 1.5
3 0.3 1.5
82
0 -4.54375 -1.6721
3 0.3 -1.5
3 -0.3 -1.5
3 -0.3 1.5
3 0.3 1.5
86
0 -4.54113 -1.67398
3 0.3 -1.5
3 -0.3 -1.5
3 -0.3 1.5
3 0.3 1.5
90
0 -4.5275 -1.68378
3 0.3 -1.5
3 -0.3 -1.5
3 -0.3 1.5
3 0.3 1.5
94
0 -4.53561 -1.67795
3 0.3 -1.5
3 -0.3 -1.5
3 -0.3 1.5
3 0.3 1.5
98
0 -4.52566 -1.6851
3 0.3 -1.5
3 -0.3 -1.5
3 -0.3 1.5
3 0.3 1.5
102
0 -4.51694 -1.69137
3 0.3 -1.5
3 -0.3 -1.5
3 -0.3 1.5
3 0.3 1.5
106
0 -4.51187 -1.69502
3 0.3 -1.5
3 -0.3 -1.5
3 -0.3 1.5
3 0.3 1.5
110
0 -4.50678 -1.69868
3 0.3 -1.5
3 -0.3 -1.5
3 -0.3 1.5
3 0.3 1.5
114
0 -4.50021 -1.7034
3 0.3 -1.5
3 -0.3 -1.5
3 -0.3 1.5
3 0.3 1.5
118
0 -4.49825 -1.70482
3 0.3 -1.5
3 -0.3 -1.5
3 -0.3 1.5
3 0.3 1.5
122
0 -4.50074 -1.70302
3 0.3 -1.5
3 -0.3 -1.5
3 -0.3 1.5
3 0.3 1.5
126
0 -4.49679 -1.70586
3 0.3 -1.5
3 -0.3 -1.5
3 -0.3 1.5
3 0.3 1.5
130
0 -4.49531 -1.70692
3 0.3 -1.5
3 -0.3 -1.5
3 -0.3 1.5
3 0.3 1.5
134
0 -4.49343 -1.70828
3 0.3 -1.5
3 -0.3 -1.5
3 -0.3 1.5
3 0.3 1.5
138
0 -4.49109 -1.70996
3 0.3 -1.5
3 -0.3 -1.5
3 -0.3 1.5
3 0.3 1.5
142
0 -4.4926 -1.70887
3 0.3 -1.5
3 -0.3 -1.5
3 -0.3 1.5
3 0.3 1.5
146
0 -4.49123 -1.70986
3 0.3 -1.5
3 -0.3 -1.5
3 -0.3 1.5
3 0.3 1.5
150
0 -4.49074 -1.71022
3 0.3 -1.5
3 -0.3 -1.5
3 -0.3 1.5
3 0.3 1.5
154
0 -4.49047 -1.71041
3 0.3 -1.5
3 -0.3 -1.5
3 -0.3 1.5
3 0.3 1.5
158
0 -4.49027 -1.71055
3 0.3 -1.5
3 -0.3 -1.5
3 -0.3 1.5
3 0.3 1.5
162
0 -4.49072 -1.71023
3 0.3 -1.5
3 -0.3 -1.5
3 -0.3 1.5
3 0.3 1.5
166
0 -4.48948 -1.71112
3 0.3 -1.5
3 -0.3 -1.5
3 -0.3 1.5
3 0.3 1.5
170
0 -4.48935 -1.71121
3 0.3 -1.5
3 -0.3 -1.5
3 -0.3 1.5
3 0.3 1.5
174
0 -4.48982 -1.71088
3 0.3 -1.5
3 -0.3 -1.5
3 -0.3 1.5
3 0.3 1.5
178
0 -4.48985 -1.71085
3 0.3 -1.5
3 -0.3 -1.5
3 -0.3 1.5
3 0.3 1.5
182
0 -4.48954 -1.71108
3 0.3 -1.5
3 -0.3 -1.5
3 -0.3 1.5
3 0.3 1.5
186
0 -4.48941 -1.71117
3 0.3 -1.5
3 -0.3 -1.5
3 -0.3 1.5
3 0.3 1.5
190
0 -4.48927 -1.71127
3 0.3 -1.5
3 -0.3 -1.5
3 -0.3 1.5
3 0.3 1.5
194
0 -4.48937 -1.7112
3 0.3 -1.5
3 -0.3 -1.5
3 -0.3 1.5
3 0.3 1.5
198
0 -4.48943 -1.71115
3 0.3 -1.5
3 -0.3 -1.5
3 -0.3 1.5
3 0.3 1.5
202
0 -4.48943 -1.71116
3 0.3 -1.5
3 -0.3 -1.5
3 -0.3 1.5
3 0.3 1.5
206
0 -4.48943 -1.71116
3 0.3 -1.5
3 -0.3 -1.5
3 -0.3 1.5
3 0.3 1.5
210
0 -3.37511 -3.22948
0 -4.48943 -1.71116
3 0.3 -1.5
3 -0.3 -1.5
3 -0.3 1.5
3 0.3 1.5
214
0 -3.19469 -3.37625
0 -4.48943 -1.71116
3 0.3 -1.5
3 -0.3 -1.5
3 -0.3 1.5
3 0.3 1.5
218
0 -3.21991 -3.36894
0 -4.48943 -1.71116
3 0.3 -1.5
3 -0.3 -1.5
3 -0.3 1.5
3 0.3 1.5
222
0 -3.21125 -3.37546
0 -4.48943 -1.71116
3 0.3 -1.5
3 -0.3 -1.5
3 -0.3 1.5
3 0.3 1.5
226
0 -3.18215 -3.39735
0 -4.48943 -1.71116
3 0.3 -1.5
3 -0.3 -1.5
3 -0.3 1.5
3 0.3 1.5
230
0 -3.16476 -3.41055
0 -4.48943 -1.71116
3 0.3 -1.5
3 -0.3 -1.5
3 -0.3 1.5
3 0.3 1.5
234
0 -3.13493 -3.43304
0 -4.48943 -1.71116
3 0.3 -1.5
3 -0.3 -1.5
3 -0.3 1.5
3 0.3 1.5
238
0 -3.14247 -3.42735
0 -4.48943 -1.71116
3 0.3 -1.5
3 -0.3 -1.5
3 -0.3 1.5
3 0.3 1.5
242
0 -3.16794 -3.40816
0 -4.48943 -1.71116
3 0.3 -1.5
3 -0.3 -1.5
3 -0.3 1.5
3 0.3 1.5
246
0 -3.1682 -3.40796
0 -4.48943 -1.71116
3 0.3 -1.5
3 -0.3 -1.5
3 -0.3 1.5
3 0.3 1.5
250
0 -3.1682 -3.40796
0 -4.48943 -1.71116
3 0.3 -1.5
3 -0.3 -1.5
3 -0.3 1.5
3 0.3 1.5
254
0 -3.1682 -3.40796
0 -4.48943 -1.71116
3 0.3 -1.5
3 -0.3 -1.5
3 -0.3 1.5
3 0.3 1.5
258
0 -1.41738 -5.56178
0 -3.1682 -3.40796
0 -4.48943 -1.71116
3 0.3 -1.5
3 -0.3 -1.5
3 -0.3 1.5
3 0.3 1.5
262
0 -1.73834 -5.33611
0 -3.1682 -3.40796
0 -4.48943 -1.71116
3 0.3 -1.5
3 -0.3 -1.5
3 -0.3 1.5
3 0.3 1.5
266
0 -1.57767 -5.43829
0 -3.1682 -3.40796
0 -4.48943 -1.71116
3 0.3 -1.5
3 -0.3 -1.5
3 -0.3 1.5
3 0.3 1.5
270
0 -1.49536 -5.50832
0 -3.1682 -3.40796
0 -4.48943 -1.71116
3 0.3 -1.5
3 -0.3 -1.5
3 -0.3 1.5
3 0.3 1.5
274
0 -1.47017 -5.5273
0 -3.1682 -3.40796
0 -4.48943 -1.71116
3 0.3 -1.5
3 -0.3 -1.5
3 -0.3 1.5
3 0.3 1.5
278
0 -1.45756 -5.54411
0 -3.1682 -3.40796
0 -4.48943 -1.71116
3 0.3 -1.5
3 -0.3 -1.5
3 -0.3 1.5
3 0.3 1.5
282
0 -1.50178 -5.5104
0 -3.1682 -3.40796
0 -4.48943 -1.71116
3 0.3 -1.5
3 -0.3 -1.5
3 -0.3 1.5
3 0.3 1.5
286
0 -1.50624 -5.50701
0 -3.1682 -3.40796
0 -4.48943 -1.71116
3 0.3 -1.5
3 -0.3 -1.5
3 -0.3 1.5
3 0.3 1.5
290
0 -1.50624 -5.50701
0 -3.1682 -3.40796
0 -4.48943 -1.71116
3 0.3 -1.5
3 -0.3 -1.5
3 -0.3 1.5
3 0.3 1.5
294
0 -1.50624 -5.50701
0 -3.1682 -3.40796
0 -4.48943 -1.71116
3 0.3 -1.5
3 -0.3 -1.5
3 -0.3 1.5
3 0.3 1.5
298
0 -1.50624 -5.50701
0 -3.1682 -3.40796
0 -4.48943 -1.71116
3 0.3 -1.5
3 -0.3 -1.5
3 -0.3 1.5
3 0.3 1.5
302
0 -0.259109 -8.34767
0 -1.50624 -5.50701
0 -3.1682 -3.40796
0 -4.48943 -1.71116
3 0.3 -1.5
3 -0.3 -1.5
3 -0.3 1.5
3 0.3 1.5
306
0 -0.271379 -8.33903
0 -1.50624 -5.50701
0 -3.1682 -3.40796
0 -4.48943 -1.71116
3 0.3 -1.5
3 -0.3 -1.5
3 -0.3 1.5
3 0.3 1.5
310
0 -0.43943 -8.21085
0 -1.50624 -5.50701
0 -3.1682 -3.40796
0 -4.48943 -1.71116
3 0.3 -1.5
3 -0.3 -1.5
3 -0.3 1.5
3 0.3 1.5
314
0 -0.440789 -8.20107
0 -1.50624 -5.50701
0 -3.1682 -3.40796
0 -4.48943 -1.71116
3 0.3 -1.5
3 -0.3 -1.5
3 -0.3 1.5
3 0.3 1.5
318
0 -0.440789 -8.20107
0 -1.50624 -5.50701
0 -3.1682 -3.40796
0 -4.48943 -1.71116
3 0.3 -1.5
3 -0.3 -1.5
3 -0.3 1.5
3 0.3 1.5
322
0 -0.440789 -8.20107
0 -1.50624 -5.50701
0 -3.1682 -3.40796
0 -4.48943 -1.71116
3 0.3 -1.5
3 -0.3 -1.5
3 -0.3 1.5
3 0.3 1.5
326
0 0.913103 -11.167
0 -0.440789 -8.20107
0 -1.50624 -5.50701
0 -3.1682 -3.40796
0 -4.48943 -1.71116
3 0.3 -1.5
3 -0.3 -1.5
3 -0.3 1.5
3 0.3 1.5
330
0 0.746079 -11.0568
0 -0.440789 -8.20107
0 -1.50624 -5.50701
0 -3.1682 -3.40796
0 -4.48943 -1.71116
3 0.3 -1.5
3 -0.3 -1.5
3 -0.3 1.5
3 0.3 1.5
334
0 0.703376 -11.0135
0 -0.440789 -8.20107
0 -1.50624 -5.50701
0 -3.1682 -3.40796
0 -4.48943 -1.71116
3 0.3 -1.5
3 -0.3 -1.5
3 -0.3 1.5
3 0.3 1.5
338
0 0.703182 -11.0133
0 -0.440789 -8.20107
0 -1.50624 -5.50701
0 -3.1682 -3.40796
0 -4.48943 -1.71116
3 0.3 -1.5
3 -0.3 -1.5
3 -0.3 1.5
3 0.3 1.5
342
0 0.703182 -11.0133
0 -0.440789 -8.20107
0 -1.50624 -5.50701
0 -3.1682 -3.40796
0 -4.48943 -1.71116
3 0.3 -1.5
3 -0.3 -1.5
3 -0.3 1.5
3 0.3 1.5
346
0 2.01752 -15.1819
0 0.703182 -11.0133
0 -0.440789 -8.20107
0 -1.50624 -5.50701
0 -3.1682 -3.40796
0 -4.48943 -1.71116
3 0.3 -1.5
3 -0.3 -1.5
3 -0.3 1.5
3 0.3 1.5
350
0 2.0245 -15.1878
0 0.703182 -11.0133
0 -0.440789 -8.20107
0 -1.50624 -5.50701
0 -3.1682 -3.40796
0 -4.48943 -1.71116
3 0.3 -1.5
3 -0.3 -1.5
3 -0.3 1.5
3 0.3 1.5
354
0 1.88219 -15.08
0 0.703182 -11.0133
0 -0.440789 -8.20107
0 -1.50624 -5.50701
0 -3.1682 -3.40796
0 -4.48943 -1.71116
3 0.3 -1.5
3 -0.3 -1.5
3 -0.3 1.5
3 0.3 1.5
358
0 1.87632 -15.0687
0 0.703182 -11.0133
0 -0.440789 -8.20107
0 -1.50624 -5.50701
0 -3.1682 -3.40796
0 -4.48943 -1.71116
3 0.3 -1.5
3 -0.3 -1.5
3 -0.3 1.5
3 0.3 1.5
362
0 1.87649 -15.0688
0 0.703182 -11.0133
0 -0.440789 -8.20107
0 -1.50624 -5.50701
0 -3.1682 -3.40796
0 -4.48943 -1.71116
3 0.3 -1.5
3 -0.3 -1.5
3 -0.3 1.5
3 0.3 1.5
366
0 1.87649 -15.0688
0 0.703182 -11.0133
0 -0.440789 -8.20107
0 -1.50624 -5.50701
0 -3.1682 -3.40796
0 -4.48943 -1.71116
3 0.3 -1.5
3 -0.3 -1.5
3 -0.3 1.5
3 0.3 1.5
370
0 3.14058 -18.4678
0 1.87649 -15.0688
0 0.703182 -11.0133
0 -0.440789 -8.20107
0 -1.50624 -5.50701
0 -3.1682 -3.40796
0 -4.48943 -1.71116
3 0.3 -1.5
3 -0.3 -1.5
3 -0.3 1.5
3 0.3 1.5
374
0 3.1488 -18.4746
0 1.87649 -15.0688
0 0.703182 -11.0133
0 -0.440789 -8.20107
0 -1.50624 -5.50701
0 -3.1682 -3.40796
0 -4.48943 -1.71116
3 0.3 -1.5
3 -0.3 -1.5
3 -0.3 1.5
3 0.3 1.5
378
0 3.00321 -18.3624
0 1.87649 -15.0688
0 0.703182 -11.0133
0 -0.440789 -8.20107
0 -1.50624 -5.50701
0 -3.1682 -3.40796
0 -4.48943 -1.71116
3 0.3 -1.5
3 -0.3 -1.5
3 -0.3 1.5
3 0.3 1.5
382
0 2.99872 -18.3497
0 1.87649 -15.0688
0 0.703182 -11.0133
0 -0.440789 -8.20107
0 -1.50624 -5.50701
0 -3.1682 -3.40796
0 -4.48943 -1.71116
3 0.3 -1.5
3 -0.3 -1.5
3 -0.3 1.5
3 0.3 1.5
386
0 2.99892 -18.3498
0 1.87649 -15.0688
0 0.703182 -11.0133
0 -0.440789 -8.20107
0 -1.50624 -5.50701
0 -3.1682 -3.40796
0 -4.48943 -1.71116
3 0.3 -1.5
3 -0.3 -1.5
3 -0.3 1.5
3 0.3 1.5
390
0 2.99892 -18.3498
0 1.87649 -15.0688
0 0.703182 -11.0133
0 -0.440789 -8.20107
0 -1.50624 -5.50701
0 -3.1682 -3.40796
0 -4.48943 -1.71116
3 0.3 -1.5
3 -0.3 -1.5
3 -0.3 1.5
3 0.3 1.5
394
3 0.3 1.5
3 -0.3 1.5
3 -0.3 -1.5
3 0.3 -1.5
0 -4.48943 -1.71116
0 -3.1682 -3.40796
0 -1.50624 -5.50701
0 -0.440789 -8.20107
0 0.703182 -11.0133
0 1.87649 -15.0688
0 2.99892 -18.3498
398
3 0.3 1.5
3 -0.3 1.5
3 -0.3 -1.5
3 0.3 -1.5
0 -4.48943 -1.71116
0 -3.1682 -3.40796
0 -1.50624 -5.50701
0 -0.440789 -8.20107
0 0.703182 -11.0133
0 1.87649 -15.0688
0 2.99892 -18.3498
402
3 0.3 1.5
3 -0.3 1.5
3 -0.3 -1.5
3 0.3 -1.5
0 -4.48943 -1.71116
0 -3.1682 -3.40796
0 -1.50624 -5.50701
0 -0.440789 -8.20107
0 0.703182 -11.0133
0 1.87649 -15.0688
0 2.99892 -18.3498
406
3 0.3 1.5
3 -0.3 1.5
3 -0.3 -1.5
3 0.3 -1.5
0 -4.48943 -1.71116
0 -3.1682 -3.40796
0 -1.50624 -5.50701
0 -0.440789 -8.20107
0 0.703182 -11.0133
0 1.87649 -15.0688
0 2.99892 -18.3498
410
3 0.3 1.5
3 -0.3 1.5
3 -0.3 -1.5
3 0.3 -1.5
0 -4.48943 -1.71116
0 -3.1682 -3.40796
0 -1.50624 -5.50701
0 -0.440789 -8.20107
0 0.703182 -11.0133
0 1.87649 -15.0688
0 2.99892 -18.3498
414
3 0.3 1.5
3 -0.3 1.5
3 -0.3 -1.5
3 0.3 -1.5
0 -4.48943 -1.71116
0 -3.1682 -3.40796
0 -1.50624 -5.50701
0 -0.440789 -8.20107
0 0.703182 -11.0133
0 1.87649 -15.0688
0 2.99892 -18.3498
418
3 0.3 1.5
3 -0.3 1.5
3 -0.3 -1.5
3 0.3 -1.5
0 -4.48943 -1.71116
0 -3.1682 -3.40796
0 -1.50624 -5.50701
0 -0.440789 -8.20107
0 0.703182 -11.0133
0 1.87649 -15.0688
0 2.99892 -18.3498
