2
3 0.3 -1.5
3 -0.3 -1.5
3 -0.3 1.5
3 0.3 1.5
6
3 0.3 -1.5
3 -0.3 -1.5
3 -0.3 1.5
3 0.3 1.5
10
3 0.3 -1.5
3 -0.3 -1.5
3 -0.3 1.5
3 0.3 1.5
14
0 -3.13888 0.586073
3 0.3 -1.5
3 -0.3 -1.5
3 -0.3 1.5
3 0.3 1.5
18
0 -3.30353 0.613075
3 0.3 -1.5
3 -0.3 -1.5
3 -0.3 1.5
3 0.3 1.5
22
0 -3.20553 0.499473
3 0.3 -1.5
3 -0.3 -1.5
3 -0.3 1.5
3 0.3 1.5
26
0 -1.46288 -6.56157
0 -0.32472 -2.37796
0 -3.11771 0.415681
3 0.3 -1.5
3 -0.3 -1.5
3 -0.3 1.5
3 0.3 1.5
30
0 -1.398 -6.65334
0 -0.179831 -2.44304
0 -3.12435 0.460121
3 0.3 -1.5
3 -0.3 -1.5
3 -0.3 1.5
3 0.3 1.5
34
0 -2.0649 -3.4759
0 -1.79517 -0.275678
0 -1.37357 -6.69224
0 -0.153512 -2.46605
0 -3.16176 0.490872
3 0.3 -1.5
3 -0.3 -1.5
3 -0.3 1.5
3 0.3 1.5
38
0 -2.06272 -3.48493
0 -1.79277 -0.285035
0 -1.37259 -6.69845
0 -0.151986 -2.47241
0 -3.1559 0.516755
3 0.3 -1.5
3 -0.3 -1.5
3 -0.3 1.5
3 0.3 1.5
42
0 -2.06013 -3.49095
0 -1.82169 -0.296708
0 -1.28342 -6.81802
0 0.149734 -5.14912
0 -0.0286027 -2.53484
0 -3.18835 0.533554
3 0.3 -1.5
3 -0.3 -1.5
3 -0.3 1.5
3 0.3 1.5
46
0 -2.05823 -3.49619
0 -1.94594 -0.299163
0 -1.37665 -6.69204
0 0.32891 -5.29951
0 -0.0201196 -2.54923
0 -3.21631 0.545865
3 0.3 -1.5
3 -0.3 -1.5
3 -0.3 1.5
3 0.3 1.5
50
0 -1.95916 -3.57999
0 -1.95958 -0.306885
0 -1.37628 -6.6952
0 0.329518 -5.30238
0 -0.0473023 -2.54792
0 -3.17458 0.561044
3 0.3 -1.5
3 -0.3 -1.5
3 -0.3 1.5
3 0.3 1.5
54
0 -1.85473 -3.66592
0 -2.00768 -0.312556
0 -1.36894 -6.70939
0 0.330611 -5.30578
0 0.0269914 -2.5859
0 -3.18164 0.570595
3 0.3 -1.5
3 -0.3 -1.5
3 -0.3 1.5
3 0.3 1.5
58
0 -1.85357 -3.668
0 -2.05535 -0.316542
0 -1.40172 -6.67288
0 0.250821 -5.25916
0 0.0940571 -2.61867
0 -3.15693 0.57973
3 0.3 -1.5
3 -0.3 -1.5
3 -0.3 1.5
3 0.3 1.5
62
0 -1.85297 -3.66717
0 -2.08932 -0.317202
0 -1.37922 -6.70523
0 0.233664 -5.25474
0 0.129314 -2.63527
0 -3.15655 0.580373
3 0.3 -1.5
3 -0.3 -1.5
3 -0.3 1.5
3 0.3 1.5
66
0 -1.85213 -3.66664
0 -2.06966 -0.319497
0 -1.49158 -6.58308
0 0.0425176 -5.10985
0 0.195943 -2.66399
0 -3.15588 0.580752
3 0.3 -1.5
3 -0.3 -1.5
3 -0.3 1.5
3 0.3 1.5
70
0 -1.85205 -3.66664
0 -2.06955 -0.3195
0 -1.49126 -6.58299
0 0.0426835 -5.11
0 0.196044 -2.66357
0 -3.15582 0.580756
3 0.3 -1.5
3 -0.3 -1.5
3 -0.3 1.5
3 0.3 1.5
74
0 -1.77803 -3.72178
0 -2.07255 -0.319048
0 -1.51297 -6.56855
0 0.0611515 -5.12645
0 0.271021 -2.69698
0 -3.15541 0.581468
3 0.3 -1.5
3 -0.3 -1.5
3 -0.3 1.5
3 0.3 1.5
78
0 -1.77783 -3.72147
0 -2.08466 -0.318833
0 -1.49344 -6.59293
0 0.0963457 -5.15526
0 0.241192 -2.68577
0 -3.15531 0.581589
3 0.3 -1.5
3 -0.3 -1.5
3 -0.3 1.5
3 0.3 1.5
82
0 -1.70169 -3.77888
0 -2.08116 -0.318263
0 -1.49369 -6.59227
0 0.0960095 -5.15445
0 0.255304 -2.69468
0 -3.15537 0.581809
3 0.3 -1.5
3 -0.3 -1.5
3 -0.3 1.5
3 0.3 1.5
86
0 -1.64457 -3.82129
0 -2.06064 -0.320154
0 -1.49423 -6.59166
0 0.0953286 -5.15369
0 0.289881 -2.70875
0 -3.15559 0.581957
3 0.3 -1.5
3 -0.3 -1.5
3 -0.3 1.5
3 0.3 1.5
90
0 -1.69701 -3.97114
0 -2.08777 -0.304031
0 -1.48387 -6.58341
0 0.0449789 -5.0894
0 0.256463 -2.68327
0 -3.15238 0.583666
3 0.3 -1.5
3 -0.3 -1.5
3 -0.3 1.5
3 0.3 1.5
94
0 -1.74088 -4.09362
0 -2.05846 -0.292819
0 -1.47618 -6.57837
0 0.0959965 -5.10449
0 0.280952 -2.68257
0 -3.14997 0.584676
3 0.3 -1.5
3 -0.3 -1.5
3 -0.3 1.5
3 0.3 1.5
98
0 -1.74311 -4.09223
0 -2.05732 -0.293502
0 -1.47562 -6.57871
0 0.0969661 -5.10515
0 0.281797 -2.68314
0 -3.14975 0.584574
3 0.3 -1.5
3 -0.3 -1.5
3 -0.3 1.5
3 0.3 1.5
102
0 -1.69015 -4.10286
0 -2.04035 -0.295687
0 -1.44813 -6.60997
0 0.0924673 -5.10853
0 0.291777 -2.68955
0 -3.1506 0.584261
3 0.3 -1.5
3 -0.3 -1.5
3 -0.3 1.5
3 0.3 1.5
106
0 -1.7246 -4.19372
0 -2.00682 -0.288482
0 -1.44161 -6.60576
0 0.132699 -5.118
0 0.308961 -2.68421
0 -3.14906 0.584781
3 0.3 -1.5
3 -0.3 -1.5
3 -0.3 1.5
3 0.3 1.5
110
0 -1.92092 -4.03951
0 -1.98206 -0.289915
0 -1.41562 -6.63062
0 0.150808 -5.12901
0 0.319749 -2.68851
0 -3.14902 0.584405
3 0.3 -1.5
3 -0.3 -1.5
3 -0.3 1.5
3 0.3 1.5
114
0 -1.93368 -4.02759
0 -1.97375 -0.288566
0 -1.42169 -6.61627
0 0.164892 -5.13402
0 0.311536 -2.68596
0 -3.1489 0.584383
3 0.3 -1.5
3 -0.3 -1.5
3 -0.3 1.5
3 0.3 1.5
118
0 -1.93547 -4.02809
0 -1.9756 -0.288191
0 -1.39022 -6.64528
0 0.190661 -5.15157
0 0.277753 -2.67584
0 -3.14915 0.584333
3 0.3 -1.5
3 -0.3 -1.5
3 -0.3 1.5
3 0.3 1.5
122
0 -1.9317 -4.08887
0 -1.98764 -0.281616
0 -1.38306 -6.64412
0 0.200759 -5.14934
0 0.319555 -2.68386
0 -3.14847 0.584415
3 0.3 -1.5
3 -0.3 -1.5
3 -0.3 1.5
3 0.3 1.5
126
0 -0.107299 -8.09844
0 -1.8682 -4.1097
0 -1.98197 -0.284288
0 -1.38819 -6.64481
0 0.19361 -5.15116
0 0.330128 -2.69088
0 -3.14894 0.584388
3 0.3 -1.5
3 -0.3 -1.5
3 -0.3 1.5
3 0.3 1.5
130
0 -0.109876 -8.0999
0 -1.87043 -4.11101
0 -1.97418 -0.285194
0 -1.37072 -6.66291
0 0.14771 -5.112
0 0.321457 -2.68721
0 -3.14908 0.584273
3 0.3 -1.5
3 -0.3 -1.5
3 -0.3 1.5
3 0.3 1.5
134
0 -0.234815 -7.93933
0 -1.84928 -4.10128
0 -1.97228 -0.287169
0 -1.37524 -6.66346
0 0.141719 -5.11354
0 0.332457 -2.69499
0 -3.1494 0.584272
3 0.3 -1.5
3 -0.3 -1.5
3 -0.3 1.5
3 0.3 1.5
138
0 -0.210307 -7.93676
0 -1.91394 -4.12268
0 -1.94288 -0.282132
0 -1.36527 -6.66299
0 0.157876 -5.10994
0 0.35517 -2.69366
0 -3.14857 0.584269
3 0.3 -1.5
3 -0.3 -1.5
3 -0.3 1.5
3 0.3 1.5
142
0 -0.22037 -7.93829
0 -1.88447 -4.12101
0 -1.95181 -0.282585
0 -1.38064 -6.64526
0 0.151337 -5.11136
0 0.353576 -2.69698
0 -3.14897 0.584242
3 0.3 -1.5
3 -0.3 -1.5
3 -0.3 1.5
3 0.3 1.5
146
0 -0.221506 -7.93963
0 -1.88562 -4.1222
0 -1.95139 -0.283272
0 -1.40053 -6.61857
0 0.0986851 -5.0689
0 0.353635 -2.6969
0 -3.14901 0.584154
3 0.3 -1.5
3 -0.3 -1.5
3 -0.3 1.5
3 0.3 1.5
150
0 -0.288143 -7.83613
0 -1.88613 -4.12273
0 -1.94806 -0.283072
0 -1.40088 -6.61886
0 0.0975371 -5.06774
0 0.356296 -2.69807
0 -3.14898 0.584165
3 0.3 -1.5
3 -0.3 -1.5
3 -0.3 1.5
3 0.3 1.5
154
0 -0.211514 -7.92162
0 -1.88607 -4.1227
0 -1.94194 -0.283161
0 -1.40082 -6.61883
0 0.108781 -5.07412
0 0.32386 -2.68731
0 -3.14894 0.584173
3 0.3 -1.5
3 -0.3 -1.5
3 -0.3 1.5
3 0.3 1.5
158
0 -0.285214 -7.82603
0 -1.88631 -4.1229
0 -1.94854 -0.282463
0 -1.40101 -6.61894
0 0.125128 -5.08572
0 0.346105 -2.69592
0 -3.14896 0.584189
3 0.3 -1.5
3 -0.3 -1.5
3 -0.3 1.5
3 0.3 1.5
162
0 -0.29872 -7.82857
0 -1.89208 -4.09351
0 -1.96314 -0.284309
0 -1.3879 -6.63251
0 0.116894 -5.08721
0 0.303176 -2.68516
0 -3.14925 0.584212
3 0.3 -1.5
3 -0.3 -1.5
3 -0.3 1.5
3 0.3 1.5
166
0 -0.282308 -7.82668
0 -1.88476 -4.13786
0 -1.95178 -0.281319
0 -1.38094 -6.63294
0 0.126695 -5.08605
0 0.32267 -2.68621
0 -3.149 0.584142
3 0.3 -1.5
3 -0.3 -1.5
3 -0.3 1.5
3 0.3 1.5
170
0 -0.35853 -7.74173
0 -1.85172 -4.14446
0 -1.96149 -0.282512
0 -1.3851 -6.6326
0 0.120844 -5.0866
0 0.313436 -2.68596
0 -3.14916 0.5842
3 0.3 -1.5
3 -0.3 -1.5
3 -0.3 1.5
3 0.3 1.5
174
0 -0.359061 -7.74267
0 -1.84923 -4.14852
0 -1.96197 -0.283389
0 -1.38551 -6.63306
0 0.120297 -5.08736
0 0.312939 -2.68673
0 -3.14918 0.584139
3 0.3 -1.5
3 -0.3 -1.5
3 -0.3 1.5
3 0.3 1.5
178
0 -0.36208 -7.74174
0 -1.85132 -4.14801
0 -1.96557 -0.28314
0 -1.37854 -6.63411
0 0.140568 -5.10339
0 0.304129 -2.68551
0 -3.14934 0.584149
3 0.3 -1.5
3 -0.3 -1.5
3 -0.3 1.5
3 0.3 1.5
182
0 -0.34858 -7.7409
0 -1.85997 -4.17259
0 -1.95465 -0.281091
0 -1.37236 -6.63466
0 0.148532 -5.10281
0 0.326847 -2.68869
0 -3.14916 0.58407
3 0.3 -1.5
3 -0.3 -1.5
3 -0.3 1.5
3 0.3 1.5
186
0 -0.352752 -7.74121
0 -1.86347 -4.17309
0 -1.95537 -0.281221
0 -1.35545 -6.64702
0 0.150911 -5.10503
0 0.320695 -2.68732
0 -3.14934 0.584049
3 0.3 -1.5
3 -0.3 -1.5
3 -0.3 1.5
3 0.3 1.5
190
0 -0.405325 -7.69012
0 -1.86396 -4.17314
0 -1.94626 -0.28138
0 -1.35579 -6.647
0 0.174485 -5.12177
0 0.322353 -2.68809
0 -3.14937 0.58405
3 0.3 -1.5
3 -0.3 -1.5
3 -0.3 1.5
3 0.3 1.5
194
0 -0.382583 -7.69034
0 -1.88449 -4.203
0 -1.94255 -0.278076
0 -1.34579 -6.64818
0 0.225549 -5.14607
0 0.341185 -2.68779
0 -3.14915 0.583901
3 0.3 -1.5
3 -0.3 -1.5
3 -0.3 1.5
3 0.3 1.5
198
0 -0.387144 -7.69087
0 -1.88805 -4.20359
0 -1.94382 -0.278261
0 -1.33932 -6.64784
0 0.237498 -5.15604
0 0.340641 -2.6881
0 -3.14933 0.583875
3 0.3 -1.5
3 -0.3 -1.5
3 -0.3 1.5
3 0.3 1.5
202
0 -0.38835 -7.69124
0 -1.889 -4.20391
0 -1.938 -0.278401
0 -1.33572 -6.64956
0 0.231471 -5.15029
0 0.321909 -2.68243
0 -3.14936 0.583869
3 0.3 -1.5
3 -0.3 -1.5
3 -0.3 1.5
3 0.3 1.5
206
0 -0.397967 -7.69075
0 -1.86917 -4.20053
0 -1.94596