2
3 0.3 -1.5
3 -0.3 -1.5
3 -0.3 1.5
3 0.3 1.5
6
3 0.3 -1.5
3 -0.3 -1.5
3 -0.3 1.5
3 0.3 1.5
10
3 0.3 -1.5
3 -0.3 -1.5
3 -0.3 1.5
3 0.3 1.5
14
3 0.3 -1.5
3 -0.3 -1.5
3 -0.3 1.5
3 0.3 1.5
18
3 0.3 -1.5
3 -0.3 -1.5
3 -0.3 1.5
3 0.3 1.5
22
3 0.3 -1.5
3 -0.3 -1.5
3 -0.3 1.5
3 0.3 1.5
26
3 0.3 -1.5
3 -0.3 -1.5
3 -0.3 1.5
3 0.3 1.5
30
3 0.3 -1.5
3 -0.3 -1.5
3 -0.3 1.5
3 0.3 1.5
34
3 0.3 -1.5
3 -0.3 -1.5
3 -0.3 1.5
3 0.3 1.5
38
3 0.3 -1.5
3 -0.3 -1.5
3 -0.3 1.5
3 0.3 1.5
42
3 0.3 -1.5
3 -0.3 -1.5
3 -0.3 1.5
3 0.3 1.5
46
0 1.11392 1.54817
3 0.3 -1.5
3 -0.3 -1.5
3 -0.3 1.5
3 0.3 1.5
50
0 1.11392 1.54815
3 0.3 -1.5
3 -0.3 -1.5
3 -0.3 1.5
3 0.3 1.5
54
0 1.11304 1.54735
3 0.3 -1.5
3 -0.3 -1.5
3 -0.3 1.5
3 0.3 1.5
58
0 1.11304 1.54735
3 0.3 -1.5
3 -0.3 -1.5
3 -0.3 1.5
3 0.3 1.5
62
3 0.3 1.5
3 -0.3 1.5
3 -0.3 -1.5
3 0.3 -1.5
0 -5.10039 1.54176
0 -2.07199 1.62932
0 0.877323 1.52622
66
3 0.3 1.5
3 -0.3 1.5
3 -0.3 -1.5
3 0.3 -1.5
0 -5.10036 1.54169
0 -2.07196 1.62924
0 0.877507 1.52451
70
3 0.3 1.5
3 -0.3 1.5
3 -0.3 -1.5
3 0.3 -1.5
0 -5.10036 1.54169
0 -2.07196 1.62924
0 0.877507 1.52451
74
3 0.3 1.5
3 -0.3 1.5
3 -0.3 -1.5
3 0.3 -1.5
0 -5.137 1.51651
0 -1.98431 1.65342
0 1.08608 1.51781
78
3 0.3 1.5
3 -0.3 1.5
3 -0.3 -1.5
3 0.3 -1.5
0 -5.13562 1.51769
0 -1.9829 1.65462
0 1.08758 1.51777
82
3 0.3 1.5
3 -0.3 1.5
3 -0.3 -1.5
3 0.3 -1.5
0 -5.13562 1.51768
0 -1.9829 1.65461
0 1.08757 1.51776
86
3 0.3 1.5
3 -0.3 1.5
3 -0.3 -1.5
3 0.3 -1.5
0 -5.13562 1.51768
0 -1.9829 1.65461
0 1.08757 1.51776
90
3 0.3 1.5
3 -0.3 1.5
3 -0.3 -1.5
3 0.3 -1.5
0 -5.1435 1.51083
0 -1.93412 1.66893
0 1.15244 1.53932
0 2.73014 1.5066
94
3 0.3 1.5
3 -0.3 1.5
3 -0.3 -1.5
3 0.3 -1.5
0 -5.1435 1.51082
0 -1.93412 1.66892
0 1.15244 1.53932
0 2.73016 1.50636
98
3 0.3 1.5
3 -0.3 1.5
3 -0.3 -1.5
3 0.3 -1.5
0 -5.1435 1.51082
0 -1.93412 1.66892
0 1.15244 1.53932
0 2.73016 1.50636
102
3 0.3 1.5
3 -0.3 1.5
3 -0.3 -1.5
3 0.3 -1.5
0 -5.1435 1.51082
0 -1.93412 1.66892
0 1.15244 1.53932
0 2.73016 1.50636
106
3 0.3 1.5
3 -0.3 1.5
3 -0.3 -1.5
3 0.3 -1.5
0 -5.15658 1.50747
0 -1.85122 1.62701
0 1.14834 1.5395
1 -5.00215 -1.23192
1 -2.35954 -1.11425
1 0.0718074 -1.01467
1 2.8646 -0.833837
0 2.73542 1.51635
110
3 0.3 1.5
3 -0.3 1.5
3 -0.3 -1.5
3 0.3 -1.5
0 -5.15665 1.50704
0 -1.85113 1.62427
0 1.14825 1.53921
1 -5.00375 -1.23385
1 -2.35963 -1.11462
1 0.071758 -1.01488
1 2.86453 -0.833997
0 2.73532 1.51583
114
3 0.3 1.5
3 -0.3 1.5
3 -0.3 -1.5
3 0.3 -1.5
0 -5.15665 1.50704
0 -1.85113 1.62427
0 1.14825 1.53921
1 -5.00375 -1.23385
1 -2.35963 -1.11462
1 0.071758 -1.01488
1 2.86453 -0.833997
0 2.73532 1.51583
118
3 0.3 1.5
3 -0.3 1.5
3 -0.3 -1.5
3 0.3 -1.5
0 -5.15665 1.50704
0 -1.85113 1.62427
0 1.14825 1.53921
1 -5.00375 -1.23385
1 -2.35963 -1.11462
1 0.071758 -1.01488
1 2.86453 -0.833997
0 2.73532 1.51583
122
3 0.3 1.5
3 -0.3 1.5
3 -0.3 -1.5
3 0.3 -1.5
0 -5.16949 1.49586
0 -1.82788 1.63471
0 1.06052 1.53558
1 -5.00213 -1.23539
1 -2.35769 -1.11627
1 0.0731865 -1.01643
1 2.86646 -0.83561
0 2.59145 1.47478
126
3 0.3 1.5
3 -0.3 1.5
3 -0.3 -1.5
3 0.3 -1.5
0 -5.16949 1.49586
0 -1.82787 1.63471
0 1.06052 1.53558
1 -5.00213 -1.23539
1 -2.35769 -1.11627
1 0.0731872 -1.01643
1 2.86646 -0.835613
0 2.59142 1.47491
130
3 0.3 1.5
3 -0.3 1.5
3 -0.3 -1.5
3 0.3 -1.5
0 -5.17142 1.49506
0 -1.82988 1.63385
0 1.05901 1.535
1 -5.00351 -1.23225
1 -2.24382 -1.14967
1 0.160281 -1.02888
1 2.92895 -0.854878
0 2.58888 1.4739
134
3 0.3 1.5
3 -0.3 1.5
3 -0.3 -1.5
3 0.3 -1.5
0 -5.17142 1.49506
0 -1.82988 1.63384
0 1.05901 1.535
1 -5.00351 -1.23225
1 -2.24382 -1.14968
1 0.160281 -1.02888
1 2.92895 -0.854881
0 2.58888 1.47389
138
3 0.3 1.5
3 -0.3 1.5
3 -0.3 -1.5
3 0.3 -1.5
0 -5.17654 1.4888
0 -1.87784 1.62439
0 1.0377 1.53862
1 -5.00243 -1.23357
1 -2.24288 -1.15098
1 0.161238 -1.03021
1 2.93009 -0.856241
0 2.56663 1.47285
142
3 0.3 1.5
3 -0.3 1.5
3 -0.3 -1.5
3 0.3 -1.5
0 -5.17654 1.4888
0 -1.87784 1.62439
0 1.0377 1.53862
1 -5.00243 -1.23357
1 -2.24288 -1.15098
1 0.161238 -1.03021
1 2.93009 -0.856241
0 2.56663 1.47285
146
3 0.3 1.5
3 -0.3 1.5
3 -0.3 -1.5
3 0.3 -1.5
0 -5.17654 1.4888
0 -1.87784 1.62439
0 1.0377 1.53862
1 -5.00243 -1.23357
1 -2.24288 -1.15098
1 0.161238 -1.03021
1 2.93009 -0.856241
0 2.56663 1.47285
150
3 0.3 1.5
3 -0.3 1.5
3 -0.3 -1.5
3 0.3 -1.5
0 -5.17654 1.4888
0 -1.87784 1.62439
0 1.0377 1.53862
1 -5.00243 -1.23357
1 -2.24288 -1.15098
1 0.161238 -1.03021
1 2.93009 -0.856241
0 2.56663 1.47285
154
3 0.3 1.5
3 -0.3 1.5
3 -0.3 -1.5
3 0.3 -1.5
0 -5.17713 1.48645
0 -1.89303 1.6244
0 0.960327 1.53281
1 -5.0025 -1.23412
1 -2.24295 -1.15153
1 0.161173 -1.03077
1 2.93003 -0.856798
0 2.7021 1.48725
158
3 0.3 1.5
3 -0.3 1.5
3 -0.3 -1.5
3 0.3 -1.5
0 -5.17865 1.48518
0 -1.89462 1.62311
0 0.958887 1.53103
1 -5.02812 -1.21526
1 -2.16195 -1.17475
1 0.0607792 -1.01129
1 2.75994 -0.854451
0 2.70028 1.48576
162
3 0.3 1.5
3 -0.3 1.5
3 -0.3 -1.5
3 0.3 -1.5
0 -5.17866 1.48516
0 -1.89464 1.62308
0 0.958876 1.53101
1 -5.02813 -1.21528
1 -2.16189 -1.17463
1 0.0607681 -1.01131
1 2.75992 -0.854261
0 2.70027 1.48573
166
3 0.3 1.5
3 -0.3 1.5
3 -0.3 -1.5
3 0.3 -1.5
0 -5.17866 1.48516
0 -1.89464 1.62308
0 0.958876 1.53101
1 -5.02813 -1.21528
1 -2.16189 -1.17463
1 0.0607681 -1.01131
1 2.75992 -0.854261
0 2.70027 1.48573
170
3 0.3 1.5
3 -0.3 1.5
3 -0.3 -1.5
3 0.3 -1.5
0 -5.18273 1.48047
0 -1.89103 1.62682
0 0.964135 1.53662
1 -5.02868 -1.21538
1 -2.16236 -1.17475
1 0.0601858 -1.0114
1 2.75931 -0.854358
0 2.73323 1.49001
174
3 0.3 1.5
3 -0.3 1.5
3 -0.3 -1.5
3 0.3 -1.5
0 -5.18273 1.48047
0 -1.89103 1.62682
0 0.964135 1.53662
1 -5.02868 -1.21538
1 -2.16236 -1.17475
1 0.0601858 -1.0114
1 2.75931 -0.854358
0 2.73323 1.49001
178
3 0.3 1.5
3 -0.3 1.5
3 -0.3 -1.5
3 0.3 -1.5
0 -5.18273 1.48047
0 -1.89103 1.62682
0 0.964135 1.53662
1 -5.02868 -1.21538
1 -2.16236 -1.17475
1 0.0601858 -1.0114
1 2.75931 -0.854358
0 2.73323 1.49001
182
3 0.3 1.5
3 -0.3 1.5
3 -0.3 -1.5
3 0.3 -1.5
0 -5.18273 1.48047
0 -1.89103 1.62682
0 0.964135 1.53662
1 -5.02868 -1.21538
1 -2.16236 -1.17475
1 0.0601858 -1.0114
1 2.75931 -0.854358
0 2.73323 1.49001
186
3 0.3 1.5
3 -0.3 1.5
3 -0.3 -1.5
3 0.3 -1.5
0 -5.18374 1.47764
0 -1.91373 1.62327
0 0.840803 1.52065
1 -5.02882 -1.21573
1 -2.16248 -1.17511
1 0.0600472 -1.01177
1 2.75916 -0.854728
0 2.78634 1.49555
190
3 0.3 1.5
3 -0.3 1.5
3 -0.3 -1.5
3 0.3 -1.5
0 -5.18132 1.47926
0 -1.91132 1.62485
0 0.843273 1.5219
1 -5.00878 -1.22969
1 -2.24205 -1.1561
1 -0.0311792 -0.995571
1 2.72668 -0.857326
0 2.78897 1.49742
1 4.90995 -0.688749
194
3 0.3 1.5
3 -0.3 1.5
3 -0.3 -1.5
3 0.3 -1.5
0 -5.18132 1.47926
0 -1.91131 1.62485
0 0.843275 1.5219
1 -5.00878 -1.22969
1 -2.24205 -1.1561
1 -0.0312142 -0.995755
1 2.72668 -0.857326
0 2.78897 1.49743
1 4.91002 -0.688272
198
3 0.3 1.5
3 -0.3 1.5
3 -0.3 -1.5
3 0.3 -1.5
0 -5.18132 1.47926
0 -1.91131 1.62485
0 0.843275 1.5219
1 -5.00878 -1.22969
1 -2.24205 -1.1561
1 -0.0312142 -0.995755
1 2.72668 -0.857326
0 2.78897 1.49743
1 4.91002 -0.688272
202
3 0.3 1.5
3 -0.3 1.5
3 -0.3 -1.5
3 0.3 -1.5
0 -5.17644 1.48215
0 -1.90664 1.62805
0 0.84182 1.52145
1 -5.00984 -1.23007
1 -2.24324 -1.15639
1 -0.0325012 -0.996042
1 2.72542 -0.857631
0 2.72057 1.52239
1 4.90882 -0.688717
206
3 0.3 1.5
3 -0.3 1.5
3 -0.3 -1.5
3 0.3 -1.5
0 -5.17644 1.48215
0 -1.90664 1.62805
0 0.84182 1.52145
1 -5.00984 -1.23007
1 -2.24324 -1.15639
1 -0.0325012 -0.996042
1 2.72542 -0.857631
0 2.72057 1.52239
1 4.90882 -0.688717
210
3 0.3 1.5
3 -0.3 1.5
3 -0.3 -1.5
3 0.3 -1.5
0 -5.17644 1.48215
0 -1.90664 1.62805
0 0.84182 1.52145
1 -5.00984 -1.23007
1 -2.24324 -1.15639
1 -0.0325012 -0.996042
1 2.72542 -0.857631
0 2.72057 1.52239
1 4.90882 -0.688717
214
3 0.3 1.5
3 -0.3 1.5
3 -0.3 -1.5
3 0.3 -1.5
0 -5.175 1.48436
0 -1.90522 1.63024
0 0.843063 1.52288
1 -5.0015 -1.23462
1 -2.22012 -1.16791
1 0.0579566 -1.01011
1 2.72647 -0.856522
0 2.72249 1.52591
1 5.0532 -0.765879
218
3 0.3 1.5
3 -0.3 1.5
3 -0.3 -1.5
3 0.3 -1.5
0 -5.175 1.48436
0 -1.90522 1.63024
0 0.843064 1.52288
1 -5.0015 -1.23462
1 -2.22011 -1.16791
1 0.0579592 -1.01012
1 2.72647 -0.856521
0 2.72249 1.52591
1 5.05285 -0.766729
222
3 0.3 1.5
3 -0.3 1.5
3 -0.3 -1.5
3 0.3 -1.5
0 -5.16557 1.4918
0 -1.8974 1.63509
0 0.825913 1.52431
1 -5.00243 -1.23486
1 -2.2212 -1.16804
1 0.0569172 -1.01025
1 2.72582 -0.856648
0 2.73538 1.52554
1 5.05095 -0.766866
226
3 0.3 1.5
3 -0.3 1.5
3 -0.3 -1.5
3 0.3 -1.5
0 -5.16557 1.4918
0 -1.8974 1.63509
0 0.825913 1.52431
1 -5.00243 -1.23486
1 -2.2212 -1.16804
1 0.0569172 -1.01025
1 2.72582 -0.856648
0 2.73538 1.52554
1 5.05095 -0.766866
230
3 0.3 1.5
3 -0.3 1.5
3 -0.3 -1.5
3 0.3 -1.5
0 -5.16557 1.4918
0 -1.8974 1.63509
0 0.825913 1.52431
1 -5.00243 -1.23486
1 -2.2212 -1.16804
1 0.0569172 -1.01025
1 2.72582 -0.856648
0 2.73538 1.52554
1 5.05095 -0.766866
234
3 0.3 1.5
3 -0.3 1.5
3 -0.3 -1.5
3 0.3 -1.5
0 -5.16557 1.4918
0 -1.8974 1.63509
0 0.825913 1.52431
1 -5.00243 -1.23486
1 -2.2212 -1.16804
1 0.0569172 -1.01025
1 2.72582 -0.856648
0 2.73538 1.52554
1 5.05095 -0.766866
238
3 0.3 1.5
3 -0.3 1.5
3 -0.3 -1.5
3 0.3 -1.5
0 -5.17225 1.48485
0 -1.92023 1.62925
0 0.720152 1.50817
1 -5.00127 -1.23544
1 -2.22002 -1.16862
1 0.0580457 -1.01083
1 2.72652 -0.856918
0 2.73072 1.52187
1 5.053 -0.768043
242
3 0.3 1.5
3 -0.3 1.5
3 -0.3 -1.5
3 0.3 -1.5
0 -5.17223 1.48479
0 -1.92021 1.62919
0 0.720139 1.50787
1 -5.00125 -1.23549
1 -2.22 -1.16868
1 0.0580668 -1.01088
1 2.72654 -0.856964
0 2.73075 1.5218
1 5.05302 -0.768111
246
3 0.3 1.5
3 -0.3 1.5
3 -0.3 -1.5
3 0.3 -1.5
0 -5.17281 1.48486
0 -1.92074 1.62931
0 0.719603 1.50797
1 -5.00078 -1.23584
1 -2.17625 -1.1795
1 0.154358 -1.0282
1 2.77752 -0.863708
0 2.7301 1.52197
1 5.05254 -0.768
250
3 0.3 1.5
3 -0.3 1.5
3 -0.3 -1.5
3 0.3 -1.5
0 -5.17281 1.48487
0 -1.92074 1.62932
0 0.719605 1.50798
1 -5.00078 -1.23583
1 -2.17624 -1.17949
1 0.154333 -1.02821
1 2.77753 -0.863702
0 2.7301 1.52198
1 5.05254 -0.767993
254
3 0.3 1.5
3 -0.3 1.5
3 -0.3 -1.5
3 0.3 -1.5
0 -5.18133 1.47673
0 -1.91126 1.63235
0 0.71976 1.50768
1 -5.0005 -1.2363
1 -2.17612 -1.17986
1 0.154442 -1.02858
1 2.77766 -0.864031
0 2.68737 1.53681
1 5.0526 -0.768231
258
3 0.3 1.5
3 -0.3 1.5
3 -0.3 -1.5
3 0.3 -1.5
0 -5.18133 1.47673
0 -1.91126 1.63235
0 0.71976 1.50768
1 -5.0005 -1.2363
1 -2.17612 -1.17986
1 0.154442 -1.02858
1 2.77766 -0.864031
0 2.68737 1.53681
1 5.0526 -0.768231
262
3 0.3 1.5
3 -0.3 1.5
3 -0.3 -1.5
3 0.3 -1.5
0 -5.18133 1.47673
0 -1.91126 1.63235
0 0.71976 1.50768
1 -5.0005 -1.2363
1 -2.17612 -1.17986
1 0.154442 -1.02858
1 2.77766 -0.864031
0 2.68737 1.53681
1 5.0526 -0.768231
266
3 0.3 1.5
3 -0.3 1.5
3 -0.3 -1.5
3 0.3 -1.5
0 -5.18133 1.47673
0 -1.91126 1.63235
0 0.71976 1.50768
1 -5.0005 -1.2363
1 -2.17612 -1.17986
1 0.154442 -1.02858
1 2.77766 -0.864031
0 2.68737 1.53681
1 5.0526 -0.768231
270
3 0.3 1.5
3 -0.3 1.5
3 -0.3 -1.5
3 0.3 -1.5
0 -5.1855 1.47267
0 -1.92475 1.62976
0 0.738422 1.51209
1 -5.00054 -1.23626
1 -2.17614 -1.17983
1 0.154424 -1.02855
1 2.77764 -0.864005
0 2.71053 1.53592
1 5.05259 -0.76823
274
3 0.3 1.5
3 -0.3 1.5
3 -0.3 -1.5
3 0.3 -1.5
0 -5.18154 1.47646
0 -1.92087 1.63349
0 0.741629 1.51499
1 -4.99422 -1.23964
1 -2.17259 -1.17796
1 0.15625 -1.02658
1 2.52113 -0.896152
0 2.71562 1.5411
1 5.05483 -0.766273
278
3 0.3 1.5
3 -0.3 1.5
3 -0.3 -1.5
3 0.3 -1.5
0 -5.18149 1.47652
0 -1.92082 1.63355
0 0.741675 1.51503
1 -4.99419 -1.23957
1 -2.17254 -1.1779
1 0.156285 -1.02653
1 2.5213 -0.894578
0 2.71568 1.54117
1 5.05487 -0.766229
282
3 0.3 1.5
3 -0.3 1.5
3 -0.3 -1.5
3 0.3 -1.5
0 -5.18149 1.47652
0 -1.92082 1.63355
0 0.741675 1.51503
1 -4.99419 -1.23957
1 -2.17254 -1.1779
1 0.156285 -1.02653
1 2.5213 -0.894578
0 2.71568 1.54117
1 5.05487 -0.766229
286
3 0.3 1.5
3 -0.3 1.5
3 -0.3 -1.5
3 0.3 -1.5
0 -5.18581 1.47172
0 -1.94498 1.62772
0 0.742087 1.51458
1 -4.99372 -1.24012
1 -2.17216 -1.17839
1 0.156402 -1.0266
1 2.52207 -0.895529
0 2.68588 1.55333
1 5.05498 -0.766221
290
3 0.3 1.5
3 -0.3 1.5
3 -0.3 -1.5
3 0.3 -1.5
0 -5.18581 1.47172
0 -1.94498 1.62772
0 0.742087 1.51458
1 -4.99372 -1.24012
1 -2.17216 -1.17839
1 0.156402 -1.0266
1 2.52207 -0.895529
0 2.68588 1.55333
1 5.05498 -0.766221
294
3 0.3 1.5
3 -0.3 1.5
3 -0.3 -1.5
3 0.3 -1.5
0 -5.18581 1.47172
0 -1.94498 1.62772
0 0.742087 1.51458
1 -4.99372 -1.24012
1 -2.17216 -1.17839
1 0.156402 -1.0266
1 2.52207 -0.895529
0 2.68588 1.55333
1 5.05498 -0.766221
298
3 0.3 1.5
3 -0.3 1.5
3 -0.3 -1.5
3 0.3 -1.5
0 -5.18581 1.47172
0 -1.94498 1.62772
0 0.742087 1.51458
1 -4.99372 -1.24012
1 -2.17216 -1.17839
1 0.156402 -1.0266
1 2.52207 -0.895529
0 2.68588 1.55333
1 5.05498 -0.766221
302
3 0.3 1.5
3 -0.3 1.5
3 -0.3 -1.5
3 0.3 -1.5
0 -5.1856 1.47132
0 -1.94482 1.62724
0 0.742146 1.51427
1 -4.97317 -1.25732
1 -2.16073 -1.18011
1 0.289535 -1.01352
1 2.52216 -0.896041
0 2.68613 1.55254
1 5.05493 -0.76645
306
3 0.3 1.5
3 -0.3 1.5
3 -0.3 -1.5
3 0.3 -1.5
0 -5.18324 1.47319
0 -1.9328 1.63144
0 0.749542 1.51782
1 -4.97432 -1.2569
1 -2.16191 -1.17967
1 0.288419 -1.01226
1 2.52114 -0.895819
0 2.66055 1.54645
1 5.05464 -0.766508
310
3 0.3 1.5
3 -0.3 1.5
3 -0.3 -1.5
3 0.3 -1.5
0 -5.18324 1.47319
0 -1.9328 1.63144
0 0.749542 1.51782
1 -4.97432 -1.2569
1 -2.16191 -1.17967
1 0.288419 -1.01226
1 2.52114 -0.895819
0 2.66055 1.54645
1 5.05464 -0.766508
314
3 0.3 1.5
3 -0.3 1.5
3 -0.3 -1.5
3 0.3 -1.5
0 -5.18324 1.47319
0 -1.9328 1.63144
0 0.749542 1.51782
1 -4.97432 -1.2569
1 -2.16191 -1.17967
1 0.288419 -1.01226
1 2.52114 -0.895819
0 2.66055 1.54645
1 5.05464 -0.766508
318
3 0.3 1.5
3 -0.3 1.5
3 -0.3 -1.5
3 0.3 -1.5
0 -5.18324 1.47319
0 -1.9328 1.63144
0 0.749542 1.51782
1 -4.97432 -1.2569
1 -2.16191 -1.17967
1 0.288419 -1.01226
1 2.52114 -0.895819
0 2.66055 1.54645
1 5.05464 -0.766508
322
3 0.3 1.5
3 -0.3 1.5
3 -0.3 -1.5
3 0.3 -1.5
0 -5.17176 1.48301
0 -1.93043 1.63352
0 0.767117 1.5244
1 -4.97526 -1.25704
1 -2.16296 -1.17972
1 0.28731 -1.01224
1 2.5202 -0.895913
0 2.69333 1.5476
1 5.05439 -0.766686
326
3 0.3 1.5
3 -0.3 1.5
3 -0.3 -1.5
3 0.3 -1.5
0 -5.17176 1.48301
0 -1.93043 1.63352
0 0.767117 1.5244
1 -4.97526 -1.25704
1 -2.16296 -1.17972
1 0.28731 -1.01224
1 2.5202 -0.895913
0 2.69333 1.5476
1 5.05439 -0.766686
330
3 0.3 1.5
3 -0.3 1.5
3 -0.3 -1.5
3 0.3 -1.5
0 -5.17176 1.48301
0 -1.93043 1.63352
0 0.767117 1.5244
1 -4.97526 -1.25704
1 -2.16296 -1.17972
1 0.28731 -1.01224
1 2.5202 -0.895913
0 2.69333 1.5476
1 5.05439 -0.766686
334
3 0.3 1.5
3 -0.3 1.5
3 -0.3 -1.5
3 0.3 -1.5
0 -5.17109 1.48324
0 -1.92985 1.63367
0 0.767614 1.52452
1 -4.97297 -1.25905
1 -2.20008 -1.1696
1 0.298458 -1.01192
1 2.56307 -0.89613
0 2.69403 1.54777
1 5.04299 -0.764573
338
3 0.3 1.5
3 -0.3 1.5
3 -0.3 -1.5
3 0.3 -1.5
0 -5.17109 1.48324
0 -1.92985 1.63367
0 0.767614 1.52452
1 -4.97297 -1.25905
1 -2.20008 -1.1696
1 0.298458 -1.01192
1 2.56307 -0.89613
0 2.69403 1.54777
1 5.04299 -0.764573
342
3 0.3 1.5
3 -0.3 1.5
3 -0.3 -1.5
3 0.3 -1.5
0 -5.17513 1.47956
0 -1.90324 1.64055
0 0.681266 1.51299
1 -4.97191 -1.25969
1 -2.19891 -1.17027
1 0.299525 -1.01261
1 2.56407 -0.896726
0 2.73586 1.54873
1 5.04409 -0.765299
346
3 0.3 1.5
3 -0.3 1.5
3 -0.3 -1.5
3 0.3 -1.5
0 -5.17513 1.47956
0 -1.90324 1.64055
0 0.681266 1.51299
1 -4.97191 -1.25969
1 -2.19891 -1.17027
1 0.299525 -1.01261
1 2.56407 -0.896726
0 2.73586 1.54873
1 5.04409 -0.765299
350
3 0.3 1.5
3 -0.3 1.5
3 -0.3 -1.5
3 0.3 -1.5
0 -5.17513 1.47956
0 -1.90324 1.64055
0 0.681266 1.51299
1 -4.97191 -1.25969
1 -2.19891 -1.17027
1 0.299525 -1.01261
1 2.56407 -0.896726
0 2.73586 1.54873
1 5.04409 -0.765299
354
3 0.3 1.5
3 -0.3 1.5
3 -0.3 -1.5
3 0.3 -1.5
0 -5.17513 1.47956
0 -1.90324 1.64055
0 0.681266 1.51299
1 -4.97191 -1.25969
1 -2.19891 -1.17027
1 0.299525 -1.01261
1 2.56407 -0.896726
0 2.73586 1.54873
1 5.04409 -0.765299
358
3 0.3 1.5
3 -0.3 1.5
3 -0.3 -1.5
3 0.3 -1.5
0 -5.17276 1.48117
0 -1.91913 1.63642
0 0.668617 1.51361
1 -4.97194 -1.25984
1 -2.19895 -1.17041
1 0.299486 -1.01275
1 2.56404 -0.896861
0 2.75401 1.5463
1 5.04406 -0.765438
362
3 0.3 1.5
3 -0.3 1.5
3 -0.3 -1.5
3 0.3 -1.5
0 -5.17158 1.48214
0 -1.91805 1.63737
0 0.669897 1.51468
1 -4.98244 -1.2525
1 -2.19553 -1.17122
1 0.308877 -1.01394
1 2.56469 -0.896424
0 2.75518 1.54739
1 4.99343 -0.806961
366
3 0.3 1.5
3 -0.3 1.5
3 -0.3 -1.5
3 0.3 -1.5
0 -5.17158 1.48214
0 -1.91805 1.63737
0 0.669897 1.51468
1 -4.98244 -1.2525
1 -2.19553 -1.17122
1 0.308877 -1.01394
1 2.56469 -0.896424
0 2.75518 1.54739
1 4.99343 -0.806961
370
3 0.3 1.5
3 -0.3 1.5
3 -0.3 -1.5
3 0.3 -1.5
0 -5.17158 1.48214
0 -1.91805 1.63737
0 0.669897 1.51468
1 -4.98244 -1.2525
1 -2.19553 -1.17122
1 0.308877 -1.01394
1 2.56469 -0.896424
0 2.75518 1.54739
1 4.99343 -0.806961
374
3 0.3 1.5
3 -0.3 1.5
3 -0.3 -1.5
3 0.3 -1.5
0 -5.17299 1.48035
0 -1.91644 1.6366
0 0.640922 1.51077
1 -4.98185 -1.25334
1 -2.19483 -1.17215
1 0.309546 -1.01492
1 2.565 -0.896917
0 2.75595 1.54623
1 4.99439 -0.80825
378
3 0.3 1.5
3 -0.3 1.5
3 -0.3 -1.5
3 0.3 -1.5
0 -5.17297 1.48035
0 -1.91643 1.63659
0 0.64094 1.51077
1 -4.98184 -1.25334
1 -2.19481 -1.17216
1 0.309558 -1.01493
1 2.56501 -0.896919
0 2.75596 1.54622
1 4.9944 -0.808255
382
3 0.3 1.5
3 -0.3 1.5
3 -0.3 -1.5
3 0.3 -1.5
0 -5.17297 1.48035
0 -1.91643 1.63659
0 0.64094 1.51077
1 -4.98184 -1.25334
1 -2.19481 -1.17216
1 0.309558 -1.01493
1 2.56501 -0.896919
0 2.75596 1.54622
1 4.9944 -0.808255
386
3 0.3 1.5
3 -0.3 1.5
3 -0.3 -1.5
3 0.3 -1.5
0 -5.17297 1.48035
0 -1.91643 1.63659
0 0.64094 1.51077
1 -4.98184 -1.25334
1 -2.19481 -1.17216
1 0.309558 -1.01493
1 2.56501 -0.896919
0 2.75596 1.54622
1 4.9944 -0.808255
390
3 0.3 1.5
3 -0.3 1.5
3 -0.3 -1.5
3 0.3 -1.5
0 -5.17297 1.48035
0 -1.91643 1.63659
0 0.64094 1.51077
1 -4.98184 -1.25334
1 -2.19481 -1.17216
1 0.309558 -1.01493
1 2.56501 -0.896919
0 2.75596 1.54622
1 4.9944 -0.808255
394
3 0.3 1.5
3 -0.3 1.5
3 -0.3 -1.5
3 0.3 -1.5
0 -5.16131 1.4898
0 -1.92708 1.63527
0 0.586432 1.50715
1 -4.9946 -1.24538
1 -2.16265 -1.18276
1 0.35761 -1.02011
1 2.56671 -0.896588
0 2.7584 1.5426
1 4.97597 -0.834886
398
3 0.3 1.5
3 -0.3 1.5
3 -0.3 -1.5
3 0.3 -1.5
0 -5.16124 1.48972
0 -1.92702 1.63518
0 0.586418 1.50653
1 -4.99454 -1.24547
1 -2.16258 -1.18285
1 0.35767 -1.0202
1 2.56677 -0.896661
0 2.75847 1.5425
1 4.97604 -0.834979
402
3 0.3 1.5
3 -0.3 1.5
3 -0.3 -1.5
3 0.3 -1.5
0 -5.16124 1.48972
0 -1.92702 1.63518
0 0.586418 1.50653
1 -4.99454 -1.24547
1 -2.16258 -1.18285
1 0.35767 -1.0202
1 2.56677 -0.896661
0 2.75847 1.5425
1 4.97604 -0.834979
406
3 0.3 1.5
3 -0.3 1.5
3 -0.3 -1.5
3 0.3 -1.5
0 -5.16124 1.48972
0 -1.92702 1.63518
0 0.586418 1.50653
1 -4.99454 -1.24547
1 -2.16258 -1.18285
1 0.35767 -1.0202
1 2.56677 -0.896661
0 2.75847 1.5425
1 4.97604 -0.834979
410
0 5.64106 1.4884
3 0.3 1.5
3 -0.3 1.5
3 -0.3 -1.5
3 0.3 -1.5
0 -5.16983 1.4827
0 -1.91711 1.63673
0 0.518965 1.49137
1 -4.99141 -1.24654
1 -2.15973 -1.18387
1 0.360442 -1.02124
1 2.56752 -0.896707
0 2.73013 1.53571
1 4.98066 -0.836654
414
0 5.64131 1.4885
3 0.3 1.5
3 -0.3 1.5
3 -0.3 -1.5
3 0.3 -1.5
0 -5.16983 1.4827
0 -1.91711 1.63674
0 0.518966 1.49137
1 -4.9914 -1.24653
1 -2.15973 -1.18387
1 0.360443 -1.02123
1 2.56752 -0.896705
0 2.73013 1.53571
1 4.98066 -0.836647
418
0 5.64131 1.4885
3 0.3 1.5
3 -0.3 1.5
3 -0.3 -1.5
3 0.3 -1.5
0 -5.16983 1.4827
0 -1.91711 1.63674
0 0.518966 1.49137
1 -4.9914 -1.24653
1 -2.15973 -1.18387
1 0.360443 -1.02123
1 2.56752 -0.896705
0 2.73013 1.53571
1 4.98066 -0.836647
422
0 5.65461 1.50135
3 0.3 1.5
3 -0.3 1.5
3 -0.3 -1.5
3 0.3 -1.5
0 -5.16446 1.48666
0 -1.91214 1.64058
0 0.526049 1.496
1 -5.01134 -1.23359
1 -2.15029 -1.1882
1 0.40688 -1.02867
1 2.56855 -0.896294
0 2.73484 1.53923
1 4.84229 -0.846071
426
0 5.6548 1.5009
3 0.3 1.5
3 -0.3 1.5
3 -0.3 -1.5
3 0.3 -1.5
0 -5.16942 1.48154
0 -1.92558 1.63847
0 0.519987 1.49621
1 -5.02044 -1.22735
1 -2.15187 -1.18796
1 0.406189 -1.02882
1 2.56861 -0.896328
0 2.77604 1.54185
1 4.83913 -0.844273
430
0 5.6548 1.5009
3 0.3 1.5
3 -0.3 1.5
3 -0.3 -1.5
3 0.3 -1.5
0 -5.16942 1.48154
0 -1.92558 1.63847
0 0.519987 1.49621
1 -5.02044 -1.22735
1 -2.15187 -1.18796
1 0.406189 -1.02882
1 2.56861 -0.896328
0 2.77604 1.54185
1 4.83913 -0.844273
434
0 5.6548 1.5009
3 0.3 1.5
3 -0.3 1.5
3 -0.3 -1.5
3 0.3 -1.5
0 -5.16942 1.48154
0 -1.92558 1.63847
0 0.519987 1.49621
1 -5.02044 -1.22735
1 -2.15187 -1.18796
1 0.406189 -1.02882
1 2.56861 -0.896328
0 2.77604 1.54185
1 4.83913 -0.844273
438
0 5.6548 1.5009
3 0.3 1.5
3 -0.3 1.5
3 -0.3 -1.5
3 0.3 -1.5
0 -5.16942 1.48154
0 -1.92558 1.63847
0 0.519987 1.49621
1 -5.02044 -1.22735
1 -2.15187 -1.18796
1 0.406189 -1.02882
1 2.56861 -0.896328
0 2.77604 1.54185
1 4.83913 -0.844273
442
0 5.6548 1.5009
3 0.3 1.5
3 -0.3 1.5
3 -0.3 -1.5
3 0.3 -1.5
0 -5.16942 1.48154
0 -1.92558 1.63847
0 0.519987 1.49621
1 -5.02044 -1.22735
1 -2.15187 -1.18796
1 0.406189 -1.02882
1 2.56861 -0.896328
0 2.77604 1.54185
1 4.83913 -0.844273
446
0 5.76999 1.4957
3 0.3 1.5
3 -0.3 1.5
3 -0.3 -1.5
3 0.3 -1.5
0 -5.16821 1.48209
0 -1.94094 1.63665
0 0.504456 1.49242
1 -5.02039 -1.22742
1 -2.1516 -1.18823
1 0.406437 -1.02909
1 2.56865 -0.896299
0 2.78068 1.54198
1 4.83968 -0.844718
450
0 5.77053 1.49665
3 0.3 1.5
3 -0.3 1.5
3 -0.3 -1.5
3 0.3 -1.5
0 -5.16811 1.48222
0 -1.94076 1.63701
0 0.504707 1.49282
1 -5.01974 -1.22755
1 -2.1514 -1.18805
1 0.380427 -1.03196
1 2.57834 -0.896903
0 2.78085 1.54234
1 4.85663 -0.837142
454
0 5.77053 1.49665
3 0.3 1.5
3 -0.3 1.5
3 -0.3 -1.5
3 0.3 -1.5
0 -5.16811 1.48222
0 -1.94076 1.63701
0 0.504707 1.49282
1 -5.01974 -1.22755
1 -2.1514 -1.18805
1 0.380427 -1.03196
1 2.57834 -0.896903
0 2.78085 1.54234
1 4.85663 -0.837142
458
0 5.77053 1.49665
3 0.3 1.5
3 -0.3 1.5
3 -0.3 -1.5
3 0.3 -1.5
0 -5.16811 1.48222
0 -1.94076 1.63701
0 0.504707 1.49282
1 -5.01974 -1.22755
1 -2.1514 -1.18805
1 0.380427 -1.03196
1 2.57834 -0.896903
0 2.78085 1.54234
1 4.85663 -0.837142
462
0 5.77448 1.493
3 0.3 1.5
3 -0.3 1.5
3 -0.3 -1.5
3 0.3 -1.5
0 -5.16637 1.48296
0 -1.9692 1.63256
0 0.509201 1.49332
1 -5.01956 -1.22774
1 -2.15098 -1.18847
1 0.381521 -1.03316
1 2.57929 -0.897959
0 2.8022 1.5423
1 4.85832 -0.838844
466
0 5.77432 1.49282
3 0.3 1.5
3 -0.3 1.5
3 -0.3 -1.5
3 0.3 -1.5
0 -5.16647 1.48298
0 -1.97006 1.631
0 0.508953 1.49321
1 -5.02074 -1.22681
1 -2.15185 -1.1883
1 0.381636 -1.03317
1 2.57922 -0.897919
0 2.80269 1.54275
1 4.85582 -0.8389
470
0 5.77432 1.49282
3 0.3 1.5
3 -0.3 1.5
3 -0.3 -1.5
3 0.3 -1.5
0 -5.16647 1.48298
0 -1.97006 1.631
0 0.508953 1.49321
1 -5.02074 -1.22681
1 -2.15185 -1.1883
1 0.381636 -1.03317
1 2.57922 -0.897919
0 2.80269 1.54275
1 4.85582 -0.8389
474
0 5.77432 1.49282
3 0.3 1.5
3 -0.3 1.5
3 -0.3 -1.5
3 0.3 -1.5
0 -5.16647 1.48298
0 -1.97006 1.631
0 0.508953 1.49321
1 -5.02074 -1.22681
1 -2.15185 -1.1883
1 0.381636 -1.03317
1 2.57922 -0.897919
0 2.80269 1.54275
1 4.85582 -0.8389
478
0 5.78195 1.48915
3 0.3 1.5
3 -0.3 1.5
3 -0.3 -1.5
3 0.3 -1.5
0 -5.16344 1.48443
0 -2.08253 1.59957
0 0.544524 1.49846
1 -5.01888 -1.22757
1 -2.15079 -1.18863
1 0.384072 -1.03432
1 2.58113 -0.89898
0 2.84671 1.54484
1 4.85943 -0.840559
482
0 5.78205 1.48945
3 0.3 1.5
3 -0.3 1.5
3 -0.3 -1.5
3 0.3 -1.5
0 -5.16345 1.48447
0 -2.08318 1.59917
0 0.544516 1.49871
1 -5.01883 -1.22763
1 -2.15082 -1.18865
1 0.388856 -1.04975
1 2.69809 -0.886159
0 2.84669 1.54505
1 4.85947 -0.840508
486
0 5.78206 1.48944
3 0.3 1.5
3 -0.3 1.5
3 -0.3 -1.5
3 0.3 -1.5
0 -5.16347 1.48443
0 -2.08319 1.59915
0 0.544505 1.49869
1 -5.01882 -1.22768
1 -2.15084 -1.18868
1 0.388853 -1.04977
1 2.69766 -0.885583
0 2.84667 1.54502
1 4.85946 -0.840529
490
0 5.78206 1.48944
3 0.3 1.5
3 -0.3 1.5
3 -0.3 -1.5
3 0.3 -1.5
0 -5.16347 1.48443
0 -2.08319 1.59915
0 0.544505 1.49869
1 -5.01882 -1.22768
1 -2.15084 -1.18868
1 0.388853 -1.04977
1 2.69766 -0.885583
0 2.84667 1.54502
1 4.85946 -0.840529
494
0 5.78206 1.48944
3 0.3 1.5
3 -0.3 1.5
3 -0.3 -1.5
3 0.3 -1.5
0 -5.16347 1.48443
0 -2.08319 1.59915
0 0.544505 1.49869
1 -5.01882 -1.22768
1 -2.15084 -1.18868
1 0.388853 -1.04977
1 2.69766 -0.885583
0 2.84667 1.54502
1 4.85946 -0.840529
498
0 5.83684 1.49759
3 0.3 1.5
3 -0.3 1.5
3 -0.3 -1.5
3 0.3 -1.5
0 -5.16117 1.48544
0 -2.12625 1.59019
0 0.509615 1.49143
1 -5.01762 -1.22825
1 -2.15006 -1.18905
1 0.391645 -1.05208
1 2.70139 -0.889582
0 2.86092 1.54034
1 4.8621 -0.842008
502
0 5.83626 1.49815
3 0.3 1.5
3 -0.3 1.5
3 -0.3 -1.5
3 0.3 -1.5
0 -5.15989 1.48654
0 -2.12634 1.59024
0 0.509225 1.49146
1 -5.01787 -1.22815
1 -2.15022 -1.189
1 0.391447 -1.05203
1 2.70126 -0.889572
0 2.86072 1.54037
1 4.86182 -0.841935
506
0 5.83626 1.49815
3 0.3 1.5
3 -0.3 1.5
3 -0.3 -1.5
3 0.3 -1.5
0 -5.15989 1.48654
0 -2.12634 1.59024
0 0.509225 1.49146
1 -5.01787 -1.22815
1 -2.15022 -1.189
1 0.391447 -1.05203
1 2.70126 -0.889572
0 2.86072 1.54037
1 4.86182 -0.841935
510
0 5.83848 1.50385
3 0.3 1.5
3 -0.3 1.5
3 -0.3 -1.5
3 0.3 -1.5
0 -5.15937 1.487
0 -2.12513 1.5926
0 0.510259 1.49405
1 -5.01586 -1.22867
1 -2.14959 -1.18858
1 0.369377 -1.06714
1 2.74349 -0.900826
0 2.8614 1.54273
1 5.01876 -0.835302
514
0 5.71622 1.48835
3 0.3 1.5
3 -0.3 1.5
3 -0.3 -1.5
3 0.3 -1.5
0 -5.15565 1.48887
0 -2.23655 1.56262
0 0.513084 1.49348
1 -5.01298 -1.22979
1 -2.14815 -1.18883
1 0.378002 -1.07212
1 2.75332 -0.907876
0 2.87812 1.5395
1 5.03045 -0.843248
518
0 5.7144 1.48872
3 0.3 1.5
3 -0.3 1.5
3 -0.3 -1.5
3 0.3 -1.5
0 -5.15544 1.48916
0 -2.26473 1.55121
0 0.511536 1.49315
1 -5.01233 -1.22992
1 -2.14799 -1.18863
1 0.394532 -1.07452
1 2.75257 -0.906901
0 2.88751 1.54133
1 5.02741 -0.842082
522
0 5.7144 1.48872
3 0.3 1.5
3 -0.3 1.5
3 -0.3 -1.5
3 0.3 -1.5
0 -5.15544 1.48916
0 -2.26473 1.55121
0 0.511536 1.49315
1 -5.01233 -1.22992
1 -2.14799 -1.18863
1 0.394532 -1.07452
1 2.75257 -0.906901
0 2.88751 1.54133
1 5.02741 -0.842082
526
0 5.7144 1.48872
3 0.3 1.5
3 -0.3 1.5
3 -0.3 -1.5
3 0.3 -1.5
0 -5.15544 1.48916
0 -2.26473 1.55121
0 0.511536 1.49315
1 -5.01233 -1.22992
1 -2.14799 -1.18863
1 0.394532 -1.07452
1 2.75257 -0.906901
0 2.88751 1.54133
1 5.02741 -0.842082
530
0 5.72944 1.4719
3 0.3 1.5
3 -0.3 1.5
3 -0.3 -1.5
3 0.3 -1.5
0 -5.15276 1.49052
0 -2.3524 1.52852
0 0.530033 1.49375
1 -5.00997 -1.23081
1 -2.14689 -1.18874
1 0.401888 -1.07769
1 2.7612 -0.911282
0 2.92428 1.53768
1 5.03778 -0.847269
534
0 5.73597 1.47278
3 0.3 1.5
3 -0.3 1.5
3 -0.3 -1.5
3 0.3 -1.5
0 -5.15254 1.49078
0 -2.37507 1.51943
0 0.529053 1.49349
1 -5.0095 -1.23089
1 -2.14676 -1.18858
1 0.402837 -1.07736
1 2.7622 -0.910881
0 2.9284 1.53834
1 5.03892 -0.846834
538
0 5.72775 1.4654
3 0.3 1.5
3 -0.3 1.5
3 -0.3 -1.5
3 0.3 -1.5
0 -5.15378 1.49006
0 -2.38045 1.51637
0 0.526001 1.49074
1 -5.01205 -1.23004
1 -2.13449 -1.17692
1 0.398984 -1.07945
1 2.68244 -0.926928
0 2.92639 1.5359
1 5.11015 -0.868317
542
0 5.72775 1.4654
3 0.3 1.5
3 -0.3 1.5
3 -0.3 -1.5
3 0.3 -1.5
0 -5.15378 1.49006
0 -2.38045 1.51637
0 0.526001 1.49074
1 -5.01205 -1.23004
1 -2.13449 -1.17692
1 0.398984 -1.07945
1 2.68244 -0.926928
0 2.92639 1.5359
1 5.11015 -0.868317
546
0 5.72775 1.4654
3 0.3 1.5
3 -0.3 1.5
3 -0.3 -1.5
3 0.3 -1.5
0 -5.15378 1.49006
0 -2.38045 1.51637
0 0.526001 1.49074
1 -5.01205 -1.23004
1 -2.13449 -1.17692
1 0.398984 -1.07945
1 2.68244 -0.926928
0 2.92639 1.5359
1 5.11015 -0.868317
550
0 5.82659 1.48104
3 0.3 1.5
3 -0.3 1.5
3 -0.3 -1.5
3 0.3 -1.5
0 -5.15351 1.48998
0 -2.37715 1.51654
0 0.474404 1.48556
1 -5.0117 -1.23033
1 -2.13382 -1.1775
1 0.399701 -1.07982
1 2.68395 -0.927711
0 2.92069 1.53056
1 5.11165 -0.869166
554
0 5.82662 1.481
3 0.3 1.5
3 -0.3 1.5
3 -0.3 -1.5
3 0.3 -1.5
0 -5.15349 1.48991
0 -2.37715 1.51647
0 0.474235 1.48515
1 -5.01168 -1.23041
1 -2.13379 -1.17757
1 0.399716 -1.07988
1 2.68397 -0.927752
0 2.92069 1.53049
1 5.11166 -0.869219
558
0 5.82662 1.481
3 0.3 1.5
3 -0.3 1.5
3 -0.3 -1.5
3 0.3 -1.5
0 -5.15349 1.48991
0 -2.37715 1.51647
0 0.474235 1.48515
1 -5.01168 -1.23041
1 -2.13379 -1.17757
1 0.399716 -1.07988
1 2.68397 -0.927752
0 2.92069 1.53049
1 5.11166 -0.869219
562
0 5.82662 1.481
3 0.3 1.5
3 -0.3 1.5
3 -0.3 -1.5
3 0.3 -1.5
0 -5.15349 1.48991
0 -2.37715 1.51647
0 0.474235 1.48515
1 -5.01168 -1.23041
1 -2.13379 -1.17757
1 0.399716 -1.07988
1 2.68397 -0.927752
0 2.92069 1.53049
1 5.11166 -0.869219
566
0 5.72322 1.46535
3 0.3 1.5
3 -0.3 1.5
3 -0.3 -1.5
3 0.3 -1.5
0 -5.15309 1.48994
0 -2.37202 1.51678
0 0.413883 1.47854
1 -5.0113 -1.23067
1 -2.13288 -1.17842
1 0.400715 -1.08041
1 2.68621 -0.92902
0 2.90838 1.52758
1 5.11389 -0.870624
570
0 5.72113 1.46328
3 0.3 1.5
3 -0.3 1.5
3 -0.3 -1.5
3 0.3 -1.5
0 -5.15321 1.48978
0 -2.37236 1.51629
0 0.409622 1.47684
1 -5.01172 -1.23061
1 -2.15356 -1.16984
1 0.415792 -1.08052
1 2.68568 -0.929727
0 2.91148 1.52738
1 5.03645 -0.889215
574
0 5.72113 1.46328
3 0.3 1.5
3 -0.3 1.5
3 -0.3 -1.5
3 0.3 -1.5
0 -5.15321 1.48978
0 -2.37236 1.51629
0 0.409622 1.47684
1 -5.01172 -1.23061
1 -2.15356 -1.16984
1 0.415792 -1.08052
1 2.68568 -0.929727
0 2.91148 1.52738
1 5.03645 -0.889215
578
0 5.72113 1.46328
3 0.3 1.5
3 -0.3 1.5
3 -0.3 -1.5
3 0.3 -1.5
0 -5.15321 1.48978
0 -2.37236 1.51629
0 0.409622 1.47684
1 -5.01172 -1.23061
1 -2.15356 -1.16984
1 0.415792 -1.08052
1 2.68568 -0.929727
0 2.91148 1.52738
1 5.03645 -0.889215
582
0 5.72113 1.46328
3 0.3 1.5
3 -0.3 1.5
3 -0.3 -1.5
3 0.3 -1.5
0 -5.15321 1.48978
0 -2.37236 1.51629
0 0.409622 1.47684
1 -5.01172 -1.23061
1 -2.15356 -1.16984
1 0.415792 -1.08052
1 2.68568 -0.929727
0 2.91148 1.52738
1 5.03645 -0.889215
586
0 5.61158 1.43333
3 0.3 1.5
3 -0.3 1.5
3 -0.3 -1.5
3 0.3 -1.5
0 -5.15312 1.4899
0 -2.37239 1.51658
0 0.358024 1.46405
1 -5.01161 -1.23055
1 -2.153 -1.16897
1 0.415907 -1.0798
1 2.68596 -0.929115
0 2.91087 1.52805
1 5.03649 -0.888107
590
0 5.61217 1.4336
3 0.3 1.5
3 -0.3 1.5
3 -0.3 -1.5
3 0.3 -1.5
0 -5.15309 1.48982
0 -2.37237 1.51651
0 0.357495 1.46352
1 -5.0116 -1.23063
1 -2.15295 -1.16906
1 0.415944 -1.07987
1 2.68599 -0.929154
0 2.91091 1.52798
1 5.03654 -0.888172
594
0 5.61217 1.4336
3 0.3 1.5
3 -0.3 1.5
3 -0.3 -1.5
3 0.3 -1.5
0 -5.15309 1.48982
0 -2.37237 1.51651
0 0.357495 1.46352
1 -5.0116 -1.23063
1 -2.15295 -1.16906
1 0.415944 -1.07987
1 2.68599 -0.929154
0 2.91091 1.52798
1 5.03654 -0.888172
598
0 5.62647 1.44957
3 0.3 1.5
3 -0.3 1.5
3 -0.3 -1.5
3 0.3 -1.5
0 -5.15165 1.49048
0 -2.36463 1.51938
0 0.361792 1.46914
1 -5.00908 -1.23158
1 -2.1859 -1.16655
1 0.32355 -1.06725
1 2.692 -0.925997
0 2.91431 1.5312
1 5.07487 -0.912826
602
0 5.73939 1.44847
3 0.3 1.5
3 -0.3 1.5
3 -0.3 -1.5
3 0.3 -1.5
0 -5.15132 1.49056
0 -2.36174 1.51981
0 0.286995 1.45664
1 -5.00868 -1.23175
1 -2.18308 -1.16742
1 0.326362 -1.06793
1 2.69356 -0.926148
0 2.91688 1.531
1 5.07817 -0.913592
606
0 5.73906 1.44847
3 0.3 1.5
3 -0.3 1.5
3 -0.3 -1.5
3 0.3 -1.5
0 -5.15132 1.49056
0 -2.36173 1.51981
0 0.287004 1.45664
1 -5.00868 -1.23175
1 -2.18308 -1.16742
1 0.326365 -1.06793
1 2.69356 -0.926149
0 2.91688 1.53101
1 5.07817 -0.913591
610
0 5.73906 1.44847
3 0.3 1.5
3 -0.3 1.5
3 -0.3 -1.5
3 0.3 -1.5
0 -5.15132 1.49056
0 -2.36173 1.51981
0 0.287004 1.45664
1 -5.00868 -1.23175
1 -2.18308 -1.16742
1 0.326365 -1.06793
1 2.69356 -0.926149
0 2.91688 1.53101
1 5.07817 -0.913591
614
0 5.73906 1.44847
3 0.3 1.5
3 -0.3 1.5
3 -0.3 -1.5
3 0.3 -1.5
0 -5.15132 1.49056
0 -2.36173 1.51981
0 0.287004 1.45664
1 -5.00868 -1.23175
1 -2.18308 -1.16742
1 0.326365 -1.06793
1 2.69356 -0.926149
0 2.91688 1.53101
1 5.07817 -0.913591
618
0 5.755 1.47555
3 0.3 1.5
3 -0.3 1.5
3 -0.3 -1.5
3 0.3 -1.5
0 -5.15279 1.48951
0 -2.32121 1.52772
0 0.277592 1.46145
1 -5.01059 -1.23128
1 -2.19892 -1.16164
1 0.310018 -1.06358
1 2.68502 -0.925529
0 2.93434 1.53386
1 5.05879 -0.908536
622
0 5.75405 1.47565
3 0.3 1.5
3 -0.3 1.5
3 -0.3 -1.5
3 0.3 -1.5
0 -5.15276 1.48952
0 -2.33008 1.52433
0 0.280086 1.46226
1 -5.01052 -1.23132
1 -2.19835 -1.16152
1 0.310437 -1.06346
1 2.68523 -0.925425
0 2.932 1.53352
1 5.05923 -0.908347
626
0 5.77157 1.48678
3 0.3 1.5
3 -0.3 1.5
3 -0.3 -1.5
3 0.3 -1.5
0 -5.15174 1.49
0 -2.32387 1.52675
0 0.288642 1.46709
1 -5.0088 -1.23196
1 -2.2453 -1.15611
1 0.342271 -1.06334
1 2.68969 -0.923882
0 2.93596 1.53587
1 5.04733 -0.919568
630
0 5.77157 1.48678
3 0.3 1.5
3 -0.3 1.5
3 -0.3 -1.5
3 0.3 -1.5
0 -5.15174 1.49
0 -2.32387 1.52675
0 0.288642 1.46709
1 -5.0088 -1.23196
1 -2.2453 -1.15611
1 0.342271 -1.06334
1 2.68969 -0.923882
0 2.93596 1.53587
1 5.04733 -0.919568
634
0 5.77157 1.48678
3 0.3 1.5
3 -0.3 1.5
3 -0.3 -1.5
3 0.3 -1.5
0 -5.15174 1.49
0 -2.32387 1.52675
0 0.288642 1.46709
1 -5.0088 -1.23196
1 -2.2453 -1.15611
1 0.342271 -1.06334
1 2.68969 -0.923882
0 2.93596 1.53587
1 5.04733 -0.919568
638
0 5.69466 1.51249
3 0.3 1.5
3 -0.3 1.5
3 -0.3 -1.5
3 0.3 -1.5
0 -5.1523 1.48967
0 -2.30517 1.53117
0 0.300984 1.47066
1 -5.00944 -1.23178
1 -2.25314 -1.15408
1 0.335634 -1.06187
1 2.68677 -0.923802
0 2.9297 1.5363
1 5.0393 -0.917928
642
0 5.69466 1.51249
3 0.3 1.5
3 -0.3 1.5
3 -0.3 -1.5
3 0.3 -1.5
0 -5.1523 1.48967
0 -2.30517 1.53117
0 0.300984 1.47066
1 -5.00944 -1.23178
1 -2.25314 -1.15408
1 0.335634 -1.06187
1 2.68677 -0.923802
0 2.92971 1.5363
1 5.0393 -0.917928
646
0 5.69466 1.51249
3 0.3 1.5
3 -0.3 1.5
3 -0.3 -1.5
3 0.3 -1.5
0 -5.1523 1.48967
0 -2.30517 1.53117
0 0.300984 1.47066
1 -5.00944 -1.23178
1 -2.25314 -1.15408
1 0.335634 -1.06187
1 2.68677 -0.923802
0 2.92971 1.5363
1 5.0393 -0.917928
650
0 5.69466 1.51249
3 0.3 1.5
3 -0.3 1.5
3 -0.3 -1.5
3 0.3 -1.5
0 -5.1523 1.48967
0 -2.30517 1.53117
0 0.300984 1.47066
1 -5.00944 -1.23178
1 -2.25314 -1.15408
1 0.335634 -1.06187
1 2.68677 -0.923802
0 2.92971 1.5363
1 5.0393 -0.917928
654
0 5.69563 1.51039
3 0.3 1.5
3 -0.3 1.5
3 -0.3 -1.5
3 0.3 -1.5
0 -5.15225 1.48972
0 -2.30195 1.5335
0 0.327056 1.47499
1 -5.00944 -1.23176
1 -2.2532 -1.15477
1 0.335911 -1.06247
1 2.68694 -0.92397
0 2.95555 1.53994
1 5.03977 -0.91867
658
0 5.69517 1.50783
3 0.3 1.5
3 -0.3 1.5
3 -0.3 -1.5
3 0.3 -1.5
0 -5.15221 1.48974
0 -2.30002 1.53327
0 0.328089 1.47396
1 -5.00949 -1.23167
1 -2.3111 -1.13738
1 0.335647 -1.06314
1 2.73358 -0.932047
0 2.9562 1.53935
1 5.11454 -0.916204
662
0 5.69471 1.50746
3 0.3 1.5
3 -0.3 1.5
3 -0.3 -1.5
3 0.3 -1.5
0 -5.15225 1.48973
0 -2.30026 1.53315
0 0.327901 1.47379
1 -5.00953 -1.23164
1 -2.31163 -1.13694
1 0.335433 -1.0633
1 2.73338 -0.932233
0 2.95615 1.53921
1 5.11431 -0.91646
666
0 5.69471 1.50746
3 0.3 1.5
3 -0.3 1.5
3 -0.3 -1.5
3 0.3 -1.5
0 -5.15225 1.48973
0 -2.30026 1.53315
0 0.327901 1.47379
1 -5.00953 -1.23164
1 -2.31163 -1.13694
1 0.335433 -1.0633
1 2.73338 -0.932233
0 2.95615 1.53921
1 5.11431 -0.91646
670
0 5.56219 1.50893
3 0.3 1.5
3 -0.3 1.5
3 -0.3 -1.5
3 0.3 -1.5
0 -5.15181 1.49005
0 -2.33936 1.52109
0 0.314412 1.46816
1 -5.00861 -1.23191
1 -2.2971 -1.14027
1 0.343007 -1.06385
1 2.73904 -0.933044
0 2.96503 1.5387
1 5.12489 -0.918039
674
0 5.56174 1.50735
3 0.3 1.5
3 -0.3 1.5
3 -0.3 -1.5
3 0.3 -1.5
0 -5.15178 1.49006
0 -2.33917 1.52111
0 0.314603 1.46815
1 -5.00859 -1.23192
1 -2.29695 -1.1403
1 0.343092 -1.06387
1 2.7391 -0.933045
0 2.96512 1.53869
1 5.12259 -0.918491
678
0 5.56174 1.50735
3 0.3 1.5
3 -0.3 1.5
3 -0.3 -1.5
3 0.3 -1.5
0 -5.15178 1.49006
0 -2.33917 1.52111
0 0.314603 1.46815
1 -5.00859 -1.23192
1 -2.29695 -1.1403
1 0.343092 -1.06387
1 2.7391 -0.933045
0 2.96512 1.53869
1 5.12259 -0.918491
682
0 5.56174 1.50735
3 0.3 1.5
3 -0.3 1.5
3 -0.3 -1.5
3 0.3 -1.5
0 -5.15178 1.49006
0 -2.33917 1.52111
0 0.314603 1.46815
1 -5.00859 -1.23192
1 -2.29695 -1.1403
1 0.343092 -1.06387
1 2.7391 -0.933045
0 2.96512 1.53869
1 5.12259 -0.918491
686
0 5.62984 1.53513
3 0.3 1.5
3 -0.3 1.5
3 -0.3 -1.5
3 0.3 -1.5
0 -5.14948 1.49131
0 -2.31023 1.53247
0 0.348257 1.48011
1 -5.00484 -1.2331
1 -2.37395 -1.13417
1 0.26668 -1.05454
1 2.76614 -0.93119
0 2.97905 1.5435
1 5.18487 -0.89135
690
0 5.5478 1.55251
3 0.3 1.5
3 -0.3 1.5
3 -0.3 -1.5
3 0.3 -1.5
0 -5.14932 1.49123
0 -2.30974 1.53026
0 0.341125 1.48309
1 -5.00438 -1.23343
1 -2.40163 -1.12738
1 0.264911 -1.05319
1 2.76613 -0.932398
0 2.98094 1.54308
1 5.17995 -0.893032
694
0 5.5478 1.55251
3 0.3 1.5
3 -0.3 1.5
3 -0.3 -1.5
3 0.3 -1.5
0 -5.14932 1.49123
0 -2.30974 1.53026
0 0.341125 1.48309
1 -5.00438 -1.23343
1 -2.40163 -1.12738
1 0.264911 -1.05319
1 2.76613 -0.932398
0 2.98094 1.54308
1 5.17995 -0.893032
698
0 5.5478 1.55251
3 0.3 1.5
3 -0.3 1.5
3 -0.3 -1.5
3 0.3 -1.5
0 -5.14932 1.49123
0 -2.30974 1.53026
0 0.341125 1.48309
1 -5.00438 -1.23343
1 -2.40163 -1.12738
1 0.264911 -1.05319
1 2.76613 -0.932398
0 2.98094 1.54308
1 5.17995 -0.893032
702
0 5.5478 1.55251
3 0.3 1.5
3 -0.3 1.5
3 -0.3 -1.5
3 0.3 -1.5
0 -5.14932 1.49123
0 -2.30974 1.53026
0 0.341125 1.48309
1 -5.00438 -1.23343
1 -2.40163 -1.12738
1 0.264911 -1.05319
1 2.76613 -0.932398
0 2.98094 1.54308
1 5.17995 -0.893032
706
0 5.56535 1.56086
3 0.3 1.5
3 -0.3 1.5
3 -0.3 -1.5
3 0.3 -1.5
0 -5.14937 1.49129
0 -2.31076 1.53044
0 0.30751 1.47278
1 -5.00441 -1.23333
1 -2.40037 -1.12674
1 0.265276 -1.05265
1 2.7664 -0.931765
0 2.98062 1.54339
1 5.18029 -0.892037
710
0 5.56535 1.56086
3 0.3 1.5
3 -0.3 1.5
3 -0.3 -1.5
3 0.3 -1.5
0 -5.14937 1.49129
0 -2.31076 1.53044
0 0.30751 1.47278
1 -5.00441 -1.23333
1 -2.40037 -1.12674
1 0.265276 -1.05265
1 2.7664 -0.931765
0 2.98062 1.54339
1 5.18029 -0.892037
714
0 5.53592 1.54437
3 0.3 1.5
3 -0.3 1.5
3 -0.3 -1.5
3 0.3 -1.5
0 -5.15008 1.49098
0 -2.32067 1.52678
0 0.293918 1.46404
1 -5.00569 -1.23282
1 -2.41784 -1.11766
1 0.300723 -1.05394
1 2.81279 -0.93472
0 2.9759 1.54183
1 5.16402 -0.898538
718
0 5.53692 1.54452
3 0.3 1.5
3 -0.3 1.5
3 -0.3 -1.5
3 0.3 -1.5
0 -5.15007 1.49096
0 -2.3203 1.52682
0 0.294493 1.46408
1 -5.00569 -1.23285
1 -2.42013 -1.11679
1 0.301322 -1.05397
1 2.81265 -0.934886
0 2.97613 1.54173
1 5.16461 -0.898526
722
0 5.45151 1.55829
3 0.3 1.5
3 -0.3 1.5
3 -0.3 -1.5
3 0.3 -1.5
0 -5.15078 1.49032
0 -2.2877 1.53237
0 0.278258 1.46769
1 -5.00672 -1.23267
1 -2.44894 -1.10987
1 0.283574 -1.04902
1 2.79791 -0.929581
0 2.96574 1.54193
1 5.14511 -0.894852
726
0 5.45133 1.55765
3 0.3 1.5
3 -0.3 1.5
3 -0.3 -1.5
3 0.3 -1.5
0 -5.15085 1.49028
0 -2.29829 1.52826
0 0.275664 1.46728
1 -5.00677 -1.23265
1 -2.44064 -1.11137
1 0.282123 -1.04859
1 2.79634 -0.929284
0 2.96544 1.542
1 5.14211 -0.894559
730
0 5.45133 1.55765
3 0.3 1.5
3 -0.3 1.5
3 -0.3 -1.5
3 0.3 -1.5
0 -5.15085 1.49028
0 -2.29829 1.52826
0 0.275664 1.46728
1 -5.00677 -1.23265
1 -2.44064 -1.11137
1 0.282123 -1.04859
1 2.79634 -0.929284
0 2.96544 1.542
1 5.14211 -0.894559
734
0 5.45133 1.55765
3 0.3 1.5
3 -0.3 1.5
3 -0.3 -1.5
3 0.3 -1.5
0 -5.15085 1.49028
0 -2.29829 1.52826
0 0.275664 1.46728
1 -5.00677 -1.23265
1 -2.44064 -1.11137
1 0.282123 -1.04859
1 2.79634 -0.929284
0 2.96544 1.542
1 5.14211 -0.894559
738
0 5.45133 1.55765
3 0.3 1.5
3 -0.3 1.5
3 -0.3 -1.5
3 0.3 -1.5
0 -5.15085 1.49028
0 -2.29829 1.52826
0 0.275664 1.46728
1 -5.00677 -1.23265
1 -2.44064 -1.11137
1 0.282123 -1.04859
1 2.79634 -0.929284
0 2.96544 1.542
1 5.14211 -0.894559
742
0 5.43108 1.56094
3 0.3 1.5
3 -0.3 1.5
3 -0.3 -1.5
3 0.3 -1.5
0 -5.15108 1.49019
0 -2.27269 1.53267
0 0.259284 1.46845
1 -5.00719 -1.23245
1 -2.45456 -1.10913
1 0.273795 -1.04725
1 2.78952 -0.928062
0 2.91923 1.54728
1 5.13369 -0.893911
746
0 5.42267 1.55652
3 0.3 1.5
3 -0.3 1.5
3 -0.3 -1.5
3 0.3 -1.5
0 -5.15122 1.49004
0 -2.27463 1.53073
0 0.254353 1.46593
1 -5.00757 -1.23235
1 -2.50804 -1.09247
1 0.29809 -1.04671
1 2.78607 -0.929921
0 2.91723 1.54532
1 5.12887 -0.905199
750
0 5.42359 1.55633
3 0.3 1.5
3 -0.3 1.5
3 -0.3 -1.5
3 0.3 -1.5
0 -5.15113 1.48999
0 -2.27602 1.53
0 0.252571 1.465
1 -5.00746 -1.23243
1 -2.5073 -1.09266
1 0.298611 -1.04683
1 2.78644 -0.92999
0 2.91749 1.54524
1 5.12946 -0.905328
754
0 5.42359 1.55633
3 0.3 1.5
3 -0.3 1.5
3 -0.3 -1.5
3 0.3 -1.5
0 -5.15113 1.48999
0 -2.27602 1.53
0 0.252571 1.465
1 -5.00746 -1.23243
1 -2.5073 -1.09266
1 0.298611 -1.04683
1 2.78644 -0.92999
0 2.91749 1.54524
1 5.12946 -0.905328
758
0 5.40097 1.57119
3 0.3 1.5
3 -0.3 1.5
3 -0.3 -1.5
3 0.3 -1.5
0 -5.15131 1.48984
0 -2.26831 1.53093
0 0.262839 1.46911
1 -5.00764 -1.23241
1 -2.51637 -1.09086
1 0.293056 -1.04563
1 2.78259 -0.9294
0 2.91207 1.54601
1 5.12351 -0.904243
762
0 5.40595 1.57202
3 0.3 1.5
3 -0.3 1.5
3 -0.3 -1.5
3 0.3 -1.5
0 -5.15134 1.48982
0 -2.27628 1.52787
0 0.262907 1.46921
1 -5.00766 -1.23241
1 -2.51425 -1.09104
1 0.293293 -1.04549
1 2.78289 -0.929249
0 2.91574 1.54657
1 5.12463 -0.90386
766
0 5.40595 1.57202
3 0.3 1.5
3 -0.3 1.5
3 -0.3 -1.5
3 0.3 -1.5
0 -5.15134 1.48982
0 -2.27628 1.52787
0 0.262907 1.46921
1 -5.00766 -1.23241
1 -2.51425 -1.09104
1 0.293293 -1.04549
1 2.78289 -0.929249
0 2.91574 1.54657
1 5.12463 -0.90386
770
0 5.40595 1.57202
3 0.3 1.5
3 -0.3 1.5
3 -0.3 -1.5
3 0.3 -1.5
0 -5.15134 1.48982
0 -2.27628 1.52787
0 0.262907 1.46921
1 -5.00766 -1.23241
1 -2.51425 -1.09104
1 0.293293 -1.04549
1 2.78289 -0.929249
0 2.91574 1.54657
1 5.12463 -0.90386
774
0 5.15134 1.532
3 0.3 1.5
3 -0.3 1.5
3 -0.3 -1.5
3 0.3 -1.5
0 -5.15912 1.48661
0 -2.44448 1.49303
0 0.0941256 1.4434
1 -4.60207 -1.48599
1 -2.74506 -1.09676
1 0.025848 -1.04052
1 2.68732 -0.943303
0 2.82692 1.53302
1 4.98504 -0.923905
778
0 5.11986 1.51195
3 0.3 1.5
3 -0.3 1.5
3 -0.3 -1.5
3 0.3 -1.5
0 -5.15957 1.48595
0 -2.46076 1.47866
0 0.0778693 1.42889
1 -4.97533 -1.21241
1 -2.7077 -1.114
1 0.0268246 -1.05562
1 2.68807 -0.948848
0 2.81915 1.52208
1 4.98684 -0.932256
782
0 5.11874 1.50673
3 0.3 1.5
3 -0.3 1.5
3 -0.3 -1.5
3 0.3 -1.5
0 -5.1607 1.4849
0 -2.46206 1.47442
0 0.0789409 1.42502
1 -5.09644 -1.14261
1 -2.70935 -1.118
1 0.0326231 -1.06171
1 2.68767 -0.951545
0 2.82045 1.51905
1 4.98623 -0.935631
786
0 5.10833 1.50447
3 0.3 1.5
3 -0.3 1.5
3 -0.3 -1.5
3 0.3 -1.5
0 -5.16126 1.48451
0 -2.46152 1.47487
0 0.0788502 1.42475
1 -5.10971 -1.13518
1 -2.7141 -1.11897
1 0.0291137 -1.06326
1 2.68536 -0.952314
0 2.82089 1.51864
1 4.98291 -0.936603
790
0 5.10833 1.50447
3 0.3 1.5
3 -0.3 1.5
3 -0.3 -1.5
3 0.3 -1.5
0 -5.16126 1.48451
0 -2.46152 1.47487
0 0.0788502 1.42475
1 -5.10971 -1.13518
1 -2.7141 -1.11897
1 0.0291126 -1.06326
1 2.68536 -0.952314
0 2.82089 1.51864
1 4.98291 -0.936603
794
0 5.10928 1.50486
3 0.3 1.5
3 -0.3 1.5
3 -0.3 -1.5
3 0.3 -1.5
0 -5.16147 1.48439
0 -2.49196 1.46531
0 0.0793171 1.42242
1 -5.11128 -1.1337
1 -2.7133 -1.11895
1 0.0300418 -1.0631
1 2.68529 -0.952186
0 2.82841 1.51517
1 4.98307 -0.93639
798
0 5.10928 1.50486
3 0.3 1.5
3 -0.3 1.5
3 -0.3 -1.5
3 0.3 -1.5
0 -5.16147 1.48439
0 -2.49196 1.46531
0 0.0793171 1.42242
1 -5.11128 -1.1337
1 -2.7133 -1.11895
1 0.0300418 -1.0631
1 2.68529 -0.952186
0 2.82841 1.51517
1 4.98307 -0.93639
802
0 5.10837 1.50625
3 0.3 1.5
3 -0.3 1.5
3 -0.3 -1.5
3 0.3 -1.5
0 -5.16171 1.48435
0 -2.49438 1.46642
0 0.0770931 1.42381
1 -5.11704 -1.12825
1 -2.71364 -1.11848
1 0.00268 -1.07638
1 2.7058 -0.972223
0 2.82586 1.51686
1 4.98235 -0.935872
806
0 5.10837 1.50625
3 0.3 1.5
3 -0.3 1.5
3 -0.3 -1.5
3 0.3 -1.5
0 -5.16171 1.48435
0 -2.49438 1.46642
0 0.0770931 1.42381
1 -5.11704 -1.12825
1 -2.71364 -1.11848
1 0.00268 -1.07638
1 2.7058 -0.972223
0 2.82586 1.51686
1 4.98235 -0.935872
810
0 5.15432 1.49877
3 0.3 1.5
3 -0.3 1.5
3 -0.3 -1.5
3 0.3 -1.5
0 -5.16176 1.48437
0 -2.52213 1.45835
0 0.0717316 1.42088
1 -5.11686 -1.12793
1 -2.70748 -1.11975
1 0.0140259 -1.07956
1 2.71204 -0.973946
0 2.83453 1.51532
1 4.98643 -0.936482
814
0 5.15432 1.49877
3 0.3 1.5
3 -0.3 1.5
3 -0.3 -1.5
3 0.3 -1.5
0 -5.16176 1.48437
0 -2.52213 1.45835
0 0.0717316 1.42088
1 -5.11686 -1.12793
1 -2.70748 -1.11975
1 0.0140259 -1.07956
1 2.71204 -0.973946
0 2.83453 1.51532
1 4.98643 -0.936482
818
0 5.15432 1.49877
3 0.3 1.5
3 -0.3 1.5
3 -0.3 -1.5
3 0.3 -1.5
0 -5.16176 1.48437
0 -2.52213 1.45835
0 0.0717316 1.42088
1 -5.11686 -1.12793
1 -2.70748 -1.11975
1 0.0140259 -1.07956
1 2.71204 -0.973946
0 2.83453 1.51532
1 4.98643 -0.936482
822
0 5.15432 1.49877
3 0.3 1.5
3 -0.3 1.5
3 -0.3 -1.5
3 0.3 -1.5
0 -5.16176 1.48437
0 -2.52213 1.45835
0 0.0717316 1.42088
1 -5.11686 -1.12793
1 -2.70748 -1.11975
1 0.0140259 -1.07956
1 2.71204 -0.973946
0 2.83453 1.51532
1 4.98643 -0.936482
826
0 4.95604 1.50721
3 0.3 1.5
3 -0.3 1.5
3 -0.3 -1.5
3 0.3 -1.5
0 -5.01919 1.59593
0 -2.66594 1.44424
0 -0.0676204 1.42572
1 -5.10739 -1.14406
1 -2.80081 -1.10526
1 -0.103213 -1.05883
1 2.64011 -0.962496
0 2.66369 1.51713
1 4.91357 -0.928569
830
0 4.98909 1.51229
3 0.3 1.5
3 -0.3 1.5
3 -0.3 -1.5
3 0.3 -1.5
0 -5.14433 1.4817
0 -2.62682 1.45489
0 -0.0351896 1.43111
1 -5.18743 -1.09096
1 -2.75065 -1.11079
1 -0.0820427 -1.05447
1 2.6445 -0.958784
0 2.69036 1.5228
1 4.93082 -0.927092
834
0 4.98678 1.51197
3 0.3 1.5
3 -0.3 1.5
3 -0.3 -1.5
3 0.3 -1.5
0 -5.14488 1.48134
0 -2.62902 1.45406
0 -0.0367499 1.43083
1 -5.18515 -1.09283
1 -2.73453 -1.11108
1 -0.0832817 -1.0547
1 2.62328 -0.969621
0 2.68874 1.52223
1 4.93037 -0.926818
838
0 4.98678 1.51197
3 0.3 1.5
3 -0.3 1.5
3 -0.3 -1.5
3 0.3 -1.5
0 -5.14488 1.48134
0 -2.62902 1.45406
0 -0.0367499 1.43083
1 -5.18515 -1.09283
1 -2.73453 -1.11108
1 -0.0832817 -1.0547
1 2.62328 -0.969621
0 2.68874 1.52223
1 4.93037 -0.926818
842
0 4.98678 1.51197
3 0.3 1.5
3 -0.3 1.5
3 -0.3 -1.5
3 0.3 -1.5
0 -5.14488 1.48134
0 -2.62902 1.45406
0 -0.0367499 1.43083
1 -5.18515 -1.09283
1 -2.73453 -1.11108
1 -0.0832817 -1.0547
1 2.62328 -0.969621
0 2.68874 1.52223
1 4.93037 -0.926818
846
0 4.95729 1.51662
3 0.3 1.5
3 -0.3 1.5
3 -0.3 -1.5
3 0.3 -1.5
0 -5.14499 1.47843
0 -2.64315 1.45478
0 -0.0473481 1.43377
1 -5.18229 -1.09601
1 -2.75396 -1.10696
1 -0.105557 -1.05058
1 2.60471 -0.965528
0 2.66889 1.52491
1 4.917 -0.925407
850
0 4.95972 1.51721
3 0.3 1.5
3 -0.3 1.5
3 -0.3 -1.5
3 0.3 -1.5
0 -5.15897 1.46583
0 -2.64486 1.45405
0 -0.0469496 1.43393
1 -5.18367 -1.09487
1 -2.75286 -1.1066
1 -0.104193 -1.05031
1 2.60572 -0.965128
0 2.67015 1.52529
1 4.91779 -0.925187
854
0 4.96377 1.51816
3 0.3 1.5
3 -0.3 1.5
3 -0.3 -1.5
3 0.3 -1.5
0 -5.1779 1.44872
0 -2.64508 1.454
0 -0.04509 1.43452
1 -5.1853 -1.09354
1 -2.75166 -1.10612
1 -0.102731 -1.04995
1 2.60679 -0.964602
0 2.67622 1.5266
1 4.91868 -0.9249
858
0 4.96377 1.51816
3 0.3 1.5
3 -0.3 1.5
3 -0.3 -1.5
3 0.3 -1.5
0 -5.1779 1.44872
0 -2.64508 1.454
0 -0.0450899 1.43452
1 -5.1853 -1.09354
1 -2.75166 -1.10612
1 -0.102731 -1.04995
1 2.60679 -0.964602
0 2.67622 1.5266
1 4.91868 -0.9249
862
0 4.97607 1.51661
3 0.3 1.5
3 -0.3 1.5
3 -0.3 -1.5
3 0.3 -1.5
0 -5.17754 1.44921
0 -2.63879 1.45577
0 -0.0392001 1.43562
1 -5.18527 -1.09357
1 -2.75224 -1.10595
1 -0.10363 -1.04974
1 2.60595 -0.964256
0 2.67557 1.52688
1 4.91872 -0.925038
866
0 4.97183 1.51484
3 0.3 1.5
3 -0.3 1.5
3 -0.3 -1.5
3 0.3 -1.5
0 -5.17921 1.44762
0 -2.64183 1.45435
0 -0.0417011 1.43471
1 -5.18349 -1.09511
1 -2.75842 -1.10379
1 -0.0814944 -1.05033
1 2.60103 -0.959179
0 2.67387 1.52625
1 4.91778 -0.925055
870
0 4.97183 1.51484
3 0.3 1.5
3 -0.3 1.5
3 -0.3 -1.5
3 0.3 -1.5
0 -5.17921 1.44762
0 -2.64183 1.45435
0 -0.0417011 1.43471
1 -5.18349 -1.09511
1 -2.75842 -1.10379
1 -0.0814944 -1.05033
1 2.60103 -0.959179
0 2.67387 1.52625
1 4.91778 -0.925055
874
0 4.97183 1.51484
3 0.3 1.5
3 -0.3 1.5
3 -0.3 -1.5
3 0.3 -1.5
0 -5.17921 1.44762
0 -2.64183 1.45435
0 -0.0417011 1.43471
1 -5.18349 -1.09511
1 -2.75842 -1.10379
1 -0.0814944 -1.05033
1 2.60103 -0.959179
0 2.67387 1.52625
1 4.91778 -0.925055
878
0 4.97698 1.51442
3 0.3 1.5
3 -0.3 1.5
3 -0.3 -1.5
3 0.3 -1.5
0 -5.17829 1.44932
0 -2.6323 1.45552
0 -0.0288415 1.43613
1 -5.18399 -1.09455
1 -2.75526 -1.10423
1 -0.0783472 -1.05075
1 2.60377 -0.959436
0 2.67656 1.52614
1 4.92036 -0.925399
882
0 4.97698 1.51442
3 0.3 1.5
3 -0.3 1.5
3 -0.3 -1.5
3 0.3 -1.5
0 -5.17829 1.44932
0 -2.6323 1.45552
0 -0.0288415 1.43613
1 -5.18399 -1.09455
1 -2.75526 -1.10423
1 -0.0783472 -1.05075
1 2.60377 -0.959436
0 2.67656 1.52614
1 4.92036 -0.925399
886
0 4.97698 1.51442
3 0.3 1.5
3 -0.3 1.5
3 -0.3 -1.5
3 0.3 -1.5
0 -5.17829 1.44932
0 -2.6323 1.45552
0 -0.0288415 1.43613
1 -5.18399 -1.09455
1 -2.75526 -1.10423
1 -0.0783472 -1.05075
1 2.60377 -0.959436
0 2.67656 1.52614
1 4.92036 -0.925399
890
0 4.97698 1.51442
3 0.3 1.5
3 -0.3 1.5
3 -0.3 -1.5
3 0.3 -1.5
0 -5.17829 1.44932
0 -2.6323 1.45552
0 -0.0288415 1.43613
1 -5.18399 -1.09455
1 -2.75526 -1.10423
1 -0.0783472 -1.05075
1 2.60377 -0.959436
0 2.67656 1.52614
1 4.92036 -0.925399
894
0 4.98567 1.518
3 0.3 1.5
3 -0.3 1.5
3 -0.3 -1.5
3 0.3 -1.5
0 -5.17365 1.45356
0 -2.62527 1.45905
0 -0.023137 1.43862
1 -5.18764 -1.09136
1 -2.75759 -1.10591
1 -0.0749308 -1.04937
1 2.57617 -0.976614
0 2.68009 1.52735
1 4.86954 -0.929663
898
0 4.98655 1.51863
3 0.3 1.5
3 -0.3 1.5
3 -0.3 -1.5
3 0.3 -1.5
0 -5.17317 1.45387
0 -2.62981 1.45801
0 -0.0172753 1.44095
1 -5.18795 -1.09116
1 -2.7532 -1.10666
1 -0.0745929 -1.0492
1 2.57224 -0.975115
0 2.67342 1.51843
1 4.87037 -0.929217
902
0 4.98655 1.51863
3 0.3 1.5
3 -0.3 1.5
3 -0.3 -1.5
3 0.3 -1.5
0 -5.17317 1.45387
0 -2.62981 1.45801
0 -0.0172753 1.44095
1 -5.18795 -1.09116
1 -2.7532 -1.10666
1 -0.0745929 -1.0492
1 2.57224 -0.975115
0 2.67342 1.51843
1 4.87037 -0.929217
906
0 4.98655 1.51863
3 0.3 1.5
3 -0.3 1.5
3 -0.3 -1.5
3 0.3 -1.5
0 -5.17317 1.45387
0 -2.62981 1.45801
0 -0.0172753 1.44095
1 -5.18795 -1.09116
1 -2.7532 -1.10666
1 -0.0745929 -1.0492
1 2.57224 -0.975115
0 2.67342 1.51843
1 4.87037 -0.929217
910
0 4.98655 1.51863
3 0.3 1.5
3 -0.3 1.5
3 -0.3 -1.5
3 0.3 -1.5
0 -5.17317 1.45387
0 -2.62981 1.45801
0 -0.0172753 1.44095
1 -5.18795 -1.09116
1 -2.7532 -1.10666
1 -0.0745929 -1.0492
1 2.57224 -0.975115
0 2.67342 1.51843
1 4.87037 -0.929217
914
0 4.98857 1.51989
3 0.3 1.5
3 -0.3 1.5
3 -0.3 -1.5
3 0.3 -1.5
0 -5.17215 1.45468
0 -2.65795 1.4514
0 0.00630594 1.44071
1 -5.18917 -1.09023
1 -2.75276 -1.10576
1 -0.073991 -1.04872
1 2.57328 -0.973863
0 2.69722 1.51323
1 4.87085 -0.928504
918
0 4.98857 1.51989
3 0.3 1.5
3 -0.3 1.5
3 -0.3 -1.5
3 0.3 -1.5
0 -5.17215 1.45468
0 -2.65795 1.4514
0 0.00630443 1.44071
1 -5.18917 -1.09023
1 -2.75276 -1.10576
1 -0.0739926 -1.04872
1 2.57328 -0.973863
0 2.69722 1.51323
1 4.87085 -0.928504
922
0 4.95616 1.50759
3 0.3 1.5
3 -0.3 1.5
3 -0.3 -1.5
3 0.3 -1.5
0 -5.18256 1.44886
0 -2.68799 1.437
0 -0.0193942 1.42763
1 -5.24481 -1.04537
1 -2.76858 -1.11609
1 -0.143267 -1.05286
1 2.55488 -0.984167
0 2.67731 1.50317
1 4.85688 -0.952753
926
0 4.95326 1.50611
3 0.3 1.5
3 -0.3 1.5
3 -0.3 -1.5
3 0.3 -1.5
0 -5.18339 1.44811
0 -2.6898 1.43557
0 -0.0212668 1.42629
1 -5.27888 -1.02556
1 -2.77029 -1.11744
1 -0.144056 -1.05448
1 2.5533 -0.985213
0 2.67594 1.50214
1 4.85454 -0.953623
930
0 4.96793 1.50003
3 0.3 1.5
3 -0.3 1.5
3 -0.3 -1.5
3 0.3 -1.5
0 -5.18275 1.44946
0 -2.71154 1.42393
0 -0.0219098 1.42747
1 -5.28698 -1.01966
1 -2.77122 -1.11722
1 -0.145674 -1.0538
1 2.55247 -0.984873
0 2.65741 1.49758
1 4.85279 -0.952649
934
0 4.9705 1.50065
3 0.3 1.5
3 -0.3 1.5
3 -0.3 -1.5
3 0.3 -1.5
0 -5.18234 1.44941
0 -2.70854 1.42477
0 -0.0204459 1.42793
1 -5.30875 -1.00565
1 -2.76986 -1.11684
1 -0.142928 -1.05355
1 2.55386 -0.984448
0 2.65888 1.49806
1 4.85695 -0.952382
938
0 4.9705 1.50065
3 0.3 1.5
3 -0.3 1.5
3 -0.3 -1.5
3 0.3 -1.5
0 -5.18234 1.44941
0 -2.70854 1.42477
0 -0.0204459 1.42793
1 -5.30875 -1.00565
1 -2.76986 -1.11684
1 -0.142928 -1.05355
1 2.55386 -0.984448
0 2.65888 1.49806
1 4.85695 -0.952382
942
0 4.9705 1.50065
3 0.3 1.5
3 -0.3 1.5
3 -0.3 -1.5
3 0.3 -1.5
0 -5.18234 1.44941
0 -2.70854 1.42477
0 -0.0204459 1.42793
1 -5.30875 -1.00565
1 -2.76986 -1.11684
1 -0.142928 -1.05355
1 2.55386 -0.984448
0 2.65888 1.49806
1 4.85695 -0.952382
946
0 4.9705 1.50065
3 0.3 1.5
3 -0.3 1.5
3 -0.3 -1.5
3 0.3 -1.5
0 -5.18234 1.44941
0 -2.70854 1.42477
0 -0.0204459 1.42793
1 -5.30875 -1.00565
1 -2.76986 -1.11684
1 -0.142928 -1.05355
1 2.55386 -0.984448
0 2.65888 1.49806
1 4.85695 -0.952382
950
0 4.96579 1.50047
3 0.3 1.5
3 -0.3 1.5
3 -0.3 -1.5
3 0.3 -1.5
0 -5.18306 1.44927
0 -2.75136 1.41463
0 -0.0411507 1.41701
1 -5.25105 -1.04305
1 -2.7617 -1.11871
1 -0.124188 -1.05671
1 2.55192 -0.988053
0 2.65681 1.49794
1 4.85453 -0.952284
954
0 4.96579 1.50047
3 0.3 1.5
3 -0.3 1.5
3 -0.3 -1.5
3 0.3 -1.5
0 -5.18306 1.44927
0 -2.75136 1.41463
0 -0.0411507 1.41701
1 -5.25105 -1.04305
1 -2.7617 -1.11871
1 -0.124188 -1.05671
1 2.55192 -0.988053
0 2.65681 1.49794
1 4.85453 -0.952284
958
0 4.96579 1.50047
3 0.3 1.5
3 -0.3 1.5
3 -0.3 -1.5
3 0.3 -1.5
0 -5.18306 1.44927
0 -2.75136 1.41463
0 -0.0411507 1.41701
1 -5.25105 -1.04305
1 -2.7617 -1.11871
1 -0.124188 -1.05671
1 2.55192 -0.988053
0 2.65681 1.49794
1 4.85453 -0.952284
962
0 4.96579 1.50047
3 0.3 1.5
3 -0.3 1.5
3 -0.3 -1.5
3 0.3 -1.5
0 -5.18306 1.44927
0 -2.75136 1.41463
0 -0.0411507 1.41701
1 -5.25105 -1.04305
1 -2.7617 -1.11871
1 -0.124188 -1.05671
1 2.55192 -0.988053
0 2.65681 1.49794
1 4.85453 -0.952284
966
0 4.9278 1.49956
3 0.3 1.5
3 -0.3 1.5
3 -0.3 -1.5
3 0.3 -1.5
0 -5.16529 1.45961
0 -2.78404 1.41386
0 -0.0800344 1.4212
1 -5.25006 -1.04624
1 -2.78867 -1.1132
1 -0.154716 -1.0507
1 2.52145 -0.983662
0 2.5987 1.49557
1 4.83103 -0.94898
970
0 4.92758 1.4991
3 0.3 1.5
3 -0.3 1.5
3 -0.3 -1.5
3 0.3 -1.5
0 -5.20415 1.42453
0 -2.7718 1.41706
0 -0.075603 1.42146
1 -5.26058 -1.03878
1 -2.78329 -1.11329
1 -0.150648 -1.05037
1 2.52918 -0.983197
0 2.60056 1.49589
1 4.83373 -0.948387
974
0 4.92606 1.49977
3 0.3 1.5
3 -0.3 1.5
3 -0.3 -1.5
3 0.3 -1.5
0 -5.21005 1.4224
0 -2.77322 1.41784
0 -0.0770898 1.42208
1 -5.2624 -1.03756
1 -2.78486 -1.11246
1 -0.152271 -1.04965
1 2.52776 -0.982598
0 2.59921 1.49649
1 4.83256 -0.948053
978
0 4.92606 1.49977
3 0.3 1.5
3 -0.3 1.5
3 -0.3 -1.5
3 0.3 -1.5
0 -5.21005 1.4224
0 -2.77322 1.41784
0 -0.0770898 1.42208
1 -5.2624 -1.03756
1 -2.78486 -1.11246
1 -0.152271 -1.04965
1 2.52776 -0.982598
0 2.59921 1.49649
1 4.83256 -0.948053
982
0 4.93147 1.50355
3 0.3 1.5
3 -0.3 1.5
3 -0.3 -1.5
3 0.3 -1.5
0 -5.20632 1.42538
0 -2.76593 1.42185
0 -0.0728059 1.42458
1 -5.22884 -1.06013
1 -2.81631 -1.10196
1 -0.150708 -1.04795
1 2.49506 -0.989686
0 2.60392 1.49915
1 4.80156 -0.952774
986
0 4.91214 1.50459
3 0.3 1.5
3 -0.3 1.5
3 -0.3 -1.5
3 0.3 -1.5
0 -5.20272 1.42702
0 -2.772 1.42264
0 -0.0822396 1.42576
1 -5.23057 -1.05984
1 -2.82731 -1.0991
1 -0.158696 -1.0465
1 2.48273 -0.98737
0 2.5907 1.50184
1 4.79078 -0.950557
990
0 4.9147 1.50539
3 0.3 1.5
3 -0.3 1.5
3 -0.3 -1.5
3 0.3 -1.5
0 -5.22218 1.40966
0 -2.77378 1.4219
0 -0.0807745 1.42626
1 -5.24663 -1.04905
1 -2.82595 -1.09857
1 -0.157749 -1.04608
1 2.47727 -0.986144
0 2.59514 1.50289
1 4.78786 -0.94977
994
0 4.9147 1.50539
3 0.3 1.5
3 -0.3 1.5
3 -0.3 -1.5
3 0.3 -1.5
0 -5.22218 1.40966
0 -2.77378 1.4219
0 -0.0807743 1.42626
1 -5.24663 -1.04905
1 -2.82595 -1.09857
1 -0.157749 -1.04608
1 2.47727 -0.986144
0 2.59514 1.50289
1 4.78786 -0.949771
998
0 4.9147 1.50539
3 0.3 1.5
3 -0.3 1.5
3 -0.3 -1.5
3 0.3 -1.5
0 -5.22218 1.40966
0 -2.77378 1.4219
0 -0.0807743 1.42626
1 -5.24663 -1.04905
1 -2.82595 -1.09857
1 -0.157749 -1.04608
1 2.47727 -0.986144
0 2.59514 1.50289
1 4.78786 -0.949771
1002
0 4.91841 1.50531
3 0.3 1.5
3 -0.3 1.5
3 -0.3 -1.5
3 0.3 -1.5
0 -5.22778 1.40548
0 -2.77196 1.42005
0 -0.0779996 1.42618
1 -5.25044 -1.04608
1 -2.82375 -1.0988
1 -0.155743 -1.04632
1 2.47971 -0.986256
0 2.58348 1.49949
1 4.79024 -0.949942
1006
0 4.91841 1.50531
3 0.3 1.5
3 -0.3 1.5
3 -0.3 -1.5
3 0.3 -1.5
0 -5.22778 1.40548
0 -2.77196 1.42005
0 -0.0779996 1.42618
1 -5.25044 -1.04608
1 -2.82375 -1.0988
1 -0.155743 -1.04632
1 2.47971 -0.986256
0 2.58348 1.49949
1 4.79024 -0.949942
1010
0 4.91946 1.5057
3 0.3 1.5
3 -0.3 1.5
3 -0.3 -1.5
3 0.3 -1.5
0 -5.22588 1.40727
0 -2.77025 1.421
0 -0.0774806 1.42626
1 -5.25672 -1.04134
1 -2.81863 -1.10306
1 -0.161458 -1.04699
1 2.47351 -0.987494
0 2.58507 1.50056
1 4.79365 -0.948995
1014
0 4.91956 1.50576
3 0.3 1.5
3 -0.3 1.5
3 -0.3 -1.5
3 0.3 -1.5
0 -5.22584 1.40731
0 -2.77016 1.42106
0 -0.0774055 1.42631
1 -5.25684 -1.04121
1 -2.81856 -1.103
1 -0.161401 -1.04694
1 2.47473 -0.987304
0 2.58514 1.5006
1 4.79372 -0.948949
1018
0 4.92826 1.50534
3 0.3 1.5
3 -0.3 1.5
3 -0.3 -1.5
3 0.3 -1.5
0 -5.23271 1.40302
0 -2.76136 1.42034
0 -0.0793312 1.42121
1 -5.26413 -1.03539
1 -2.81236 -1.1039
1 -0.155387 -1.04775
1 2.48197 -0.987772
0 2.60757 1.49727
1 4.80091 -0.949555
1022
0 4.92874 1.50542
3 0.3 1.5
3 -0.3 1.5
3 -0.3 -1.5
3 0.3 -1.5
0 -5.23741 1.3989
0 -2.76041 1.42059
0 -0.0785407 1.42134
1 -5.265 -1.03473
1 -2.81281 -1.10365
1 -0.155374 -1.04765
1 2.48202 -0.987671
0 2.60864 1.49744
1 4.80135 -0.949451
1026
0 4.92874 1.50542
3 0.3 1.5
3 -0.3 1.5
3 -0.3 -1.5
3 0.3 -1.5
0 -5.23741 1.3989
0 -2.76041 1.42059
0 -0.0785407 1.42134
1 -5.265 -1.03473
1 -2.81281 -1.10365
1 -0.155374 -1.04765
1 2.48202 -0.987671
0 2.60864 1.49744
1 4.80135 -0.949451
1030
0 4.92874 1.50542
3 0.3 1.5
3 -0.3 1.5
3 -0.3 -1.5
3 0.3 -1.5
0 -5.23741 1.3989
0 -2.76041 1.42059
0 -0.0785407 1.42134
1 -5.265 -1.03473
1 -2.81281 -1.10365
1 -0.155374 -1.04765
1 2.48202 -0.987671
0 2.60864 1.49744
1 4.80135 -0.949451
1034
0 4.92874 1.50542
3 0.3 1.5
3 -0.3 1.5
3 -0.3 -1.5
3 0.3 -1.5
0 -5.23741 1.3989
0 -2.76041 1.42059
0 -0.0785407 1.42134
1 -5.265 -1.03473
1 -2.81281 -1.10365
1 -0.155374 -1.04765
1 2.48202 -0.987671
0 2.60864 1.49744
1 4.80135 -0.949451
1038
0 4.89746 1.50475
3 0.3 1.5
3 -0.3 1.5
3 -0.3 -1.5
3 0.3 -1.5
0 -5.2329 1.40275
0 -2.76354 1.42202
0 -0.0761709 1.42045
1 -5.28201 -1.0219
1 -2.81248 -1.11136
1 -0.195347 -1.04544
1 2.4562 -0.987822
0 2.6135 1.50106
1 4.80158 -0.954139
1042
0 4.89688 1.50511
3 0.3 1.5
3 -0.3 1.5
3 -0.3 -1.5
3 0.3 -1.5
0 -5.2258 1.40875
0 -2.76468 1.42207
0 -0.0777653 1.42036
1 -5.28481 -1.02031
1 -2.81306 -1.11124
1 -0.19649 -1.04531
1 2.45282 -0.987576
0 2.61269 1.5013
1 4.79929 -0.95397
1046
0 4.89688 1.50511
3 0.3 1.5
3 -0.3 1.5
3 -0.3 -1.5
3 0.3 -1.5
0 -5.2258 1.40875
0 -2.76468 1.42207
0 -0.0777653 1.42036
1 -5.28481 -1.02031
1 -2.81306 -1.11124
1 -0.19649 -1.04531
1 2.45282 -0.987576
0 2.61269 1.5013
1 4.79929 -0.95397
1050
0 4.89688 1.50511
3 0.3 1.5
3 -0.3 1.5
3 -0.3 -1.5
3 0.3 -1.5
0 -5.2258 1.40875
0 -2.76468 1.42207
0 -0.0777653 1.42036
1 -5.28481 -1.02031
1 -2.81306 -1.11124
1 -0.19649 -1.04531
1 2.45282 -0.987576
0 2.61269 1.5013
1 4.79929 -0.95397
1054
0 4.87222 1.49186
3 0.3 1.5
3 -0.3 1.5
3 -0.3 -1.5
3 0.3 -1.5
0 -5.2255 1.40895
0 -2.78229 1.41723
0 -0.068455 1.42021
1 -5.28671 -1.01892
1 -2.81377 -1.11081
1 -0.196743 -1.04496
1 2.45287 -0.986956
0 2.62947 1.50036
1 4.79923 -0.953419
1058
0 4.87222 1.49186
3 0.3 1.5
3 -0.3 1.5
3 -0.3 -1.5
3 0.3 -1.5
0 -5.2255 1.40895
0 -2.78229 1.41723
0 -0.068455 1.42021
1 -5.28671 -1.01892
1 -2.81377 -1.11081
1 -0.196743 -1.04496
1 2.45287 -0.986956
0 2.62947 1.50036
1 4.79923 -0.953419
1062
0 4.87222 1.49186
3 0.3 1.5
3 -0.3 1.5
3 -0.3 -1.5
3 0.3 -1.5
0 -5.2255 1.40895
0 -2.78229 1.41723
0 -0.068455 1.42021
1 -5.28671 -1.01892
1 -2.81377 -1.11081
1 -0.196743 -1.04496
1 2.45287 -0.986956
0 2.62947 1.50036
1 4.79923 -0.953419
1066
0 4.87222 1.49186
3 0.3 1.5
3 -0.3 1.5
3 -0.3 -1.5
3 0.3 -1.5
0 -5.2255 1.40895
0 -2.78229 1.41723
0 -0.068455 1.42021
1 -5.28671 -1.01892
1 -2.81377 -1.11081
1 -0.196743 -1.04496
1 2.45287 -0.986956
0 2.62947 1.50036
1 4.79923 -0.953419
1070
0 4.86963 1.49187
3 0.3 1.5
3 -0.3 1.5
3 -0.3 -1.5
3 0.3 -1.5
0 -5.22639 1.40814
0 -2.80504 1.41139
0 -0.0693403 1.41888
1 -5.30899 -1.00278
1 -2.81588 -1.11112
1 -0.21783 -1.05268
1 2.46039 -0.998419
0 2.62651 1.49599
1 4.79734 -0.95337
1074
0 4.8699 1.49201
3 0.3 1.5
3 -0.3 1.5
3 -0.3 -1.5
3 0.3 -1.5
0 -5.22634 1.40817
0 -2.8049 1.41149
0 -0.0691759 1.41899
1 -5.30925 -1.00258
1 -2.8157 -1.11103
1 -0.216266 -1.05254
1 2.46052 -0.998304
0 2.6266 1.49606
1 4.7975 -0.953262
1078
0 4.8699 1.49201
3 0.3 1.5
3 -0.3 1.5
3 -0.3 -1.5
3 0.3 -1.5
0 -5.22634 1.40817
0 -2.8049 1.41149
0 -0.0691759 1.41899
1 -5.30925 -1.00258
1 -2.8157 -1.11103
1 -0.216266 -1.05254
1 2.46052 -0.998304
0 2.6266 1.49606
1 4.7975 -0.953262
1082
0 4.8699 1.49201
3 0.3 1.5
3 -0.3 1.5
3 -0.3 -1.5
3 0.3 -1.5
0 -5.22634 1.40817
0 -2.8049 1.41149
0 -0.0691759 1.41899
1 -5.30925 -1.00258
1 -2.8157 -1.11103
1 -0.216266 -1.05254
1 2.46052 -0.998304
0 2.6266 1.49606
1 4.7975 -0.953262
1086
0 4.8699 1.49201
3 0.3 1.5
3 -0.3 1.5
3 -0.3 -1.5
3 0.3 -1.5
0 -5.22634 1.40817
0 -2.8049 1.41149
0 -0.0691759 1.41899
1 -5.30925 -1.00258
1 -2.8157 -1.11103
1 -0.216266 -1.05254
1 2.46052 -0.998304
0 2.6266 1.49606
1 4.7975 -0.953262
1090
0 4.8801 1.4816
3 0.3 1.5
3 -0.3 1.5
3 -0.3 -1.5
3 0.3 -1.5
0 -5.2275 1.40665
0 -2.82347 1.40792
0 -0.0683684 1.41764
1 -5.31096 -1.00132
1 -2.8162 -1.11113
1 -0.21547 -1.05278
1 2.46182 -0.998402
0 2.60195 1.48788
1 4.79744 -0.953221
1094
0 4.87664 1.48087
3 0.3 1.5
3 -0.3 1.5
3 -0.3 -1.5
3 0.3 -1.5
0 -5.22759 1.4067
0 -2.82443 1.4076
0 -0.0698546 1.41717
1 -5.3059 -1.00445
1 -2.81661 -1.11142
1 -0.22108 -1.05243
1 2.45649 -0.998369
0 2.59994 1.48733
1 4.79688 -0.953461
1098
0 4.87805 1.4861
3 0.3 1.5
3 -0.3 1.5
3 -0.3 -1.5
3 0.3 -1.5
0 -5.2262 1.40741
0 -2.81705 1.4145
0 -0.0693478 1.4214
1 -5.34758 -0.973279
1 -2.81877 -1.13194
1 -0.254964 -1.05492
1 2.45581 -1.00312
0 2.60396 1.49378
1 4.79472 -0.952255
1102
0 4.8728 1.48432
3 0.3 1.5
3 -0.3 1.5
3 -0.3 -1.5
3 0.3 -1.5
0 -5.22733 1.40627
0 -2.81289 1.41549
0 -0.0710721 1.42
1 -5.37373 -0.958581
1 -2.84168 -1.12768
1 -0.262488 -1.05517
1 2.44958 -1.00347
0 2.60046 1.49231
1 4.79127 -0.952761
1106
0 4.84308 1.48943
3 0.3 1.5
3 -0.3 1.5
3 -0.3 -1.5
3 0.3 -1.5
0 -5.19946 1.4271
0 -2.83063 1.41614
0 -0.0934677 1.42442
1 -5.36052 -0.969496
1 -2.86791 -1.12114
1 -0.294663 -1.04829
1 2.41032 -0.994654
0 2.56899 1.49597
1 4.77683 -0.951554
1110
0 4.84733 1.4907
3 0.3 1.5
3 -0.3 1.5
3 -0.3 -1.5
3 0.3 -1.5
0 -5.24046 1.39103
0 -2.8192 1.41932
0 -0.0849173 1.42619
1 -5.35634 -0.971263
1 -2.86847 -1.1166
1 -0.296823 -1.04579
1 2.41 -0.992699
0 2.57497 1.4971
1 4.7813 -0.950581
1114
0 4.84319 1.4901
3 0.3 1.5
3 -0.3 1.5
3 -0.3 -1.5
3 0.3 -1.5
0 -5.24042 1.39108
0 -2.81686 1.42017
0 -0.085618 1.426
1 -5.3562 -0.971361
1 -2.86843 -1.11662
1 -0.296812 -1.04581
1 2.40998 -0.992718
0 2.57345 1.49684
1 4.78135 -0.950599
1118
0 4.84319 1.4901
3 0.3 1.5
3 -0.3 1.5
3 -0.3 -1.5
3 0.3 -1.5
0 -5.24042 1.39108
0 -2.81686 1.42017
0 -0.085618 1.426
1 -5.3562 -0.971361
1 -2.86843 -1.11662
1 -0.296812 -1.04581
1 2.40998 -0.992718
0 2.57345 1.49684
1 4.78135 -0.950599
1122
0 4.82436 1.48801
3 0.3 1.5
3 -0.3 1.5
3 -0.3 -1.5
3 0.3 -1.5
0 -5.23489 1.39571
0 -2.81592 1.42074
0 -0.0856443 1.42569
1 -5.35509 -0.972384
1 -2.87326 -1.11508
1 -0.302896 -1.04413
1 2.40243 -0.99021
0 2.56917 1.49884
1 4.77904 -0.950367
1126
0 4.82601 1.49047
3 0.3 1.5
3 -0.3 1.5
3 -0.3 -1.5
3 0.3 -1.5
0 -5.22347 1.40613
0 -2.8135 1.42308
0 -0.0851646 1.42703
1 -5.3239 -0.992306
1 -2.87456 -1.11449
1 -0.326623 -1.05077
1 2.3939 -0.997731
0 2.57033 1.50056
1 4.75306 -0.954277
1130
0 4.82782 1.49103
3 0.3 1.5
3 -0.3 1.5
3 -0.3 -1.5
3 0.3 -1.5
0 -5.23735 1.39382
0 -2.8166 1.42185
0 -0.085448 1.42713
1 -5.33081 -0.987523
1 -2.87358 -1.11412
1 -0.332025 -1.04904
1 2.38849 -0.996433
0 2.57331 1.50124
1 4.75118 -0.953382
1134
0 4.82782 1.49103
3 0.3 1.5
3 -0.3 1.5
3 -0.3 -1.5
3 0.3 -1.5
0 -5.23735 1.39382
0 -2.8166 1.42185
0 -0.0854479 1.42713
1 -5.33081 -0.987523
1 -2.87358 -1.11412
1 -0.332025 -1.04904
1 2.38849 -0.996433
0 2.57331 1.50124
1 4.75118 -0.953382
1138
0 4.82782 1.49103
3 0.3 1.5
3 -0.3 1.5
3 -0.3 -1.5
3 0.3 -1.5
0 -5.23735 1.39382
0 -2.8166 1.42185
0 -0.0854479 1.42713
1 -5.33081 -0.987523
1 -2.87358 -1.11412
1 -0.332025 -1.04904
1 2.38849 -0.996433
0 2.57331 1.50124
1 4.75118 -0.953382
1142
0 4.83046 1.49087
3 0.3 1.5
3 -0.3 1.5
3 -0.3 -1.5
3 0.3 -1.5
0 -5.23908 1.39304
0 -2.82018 1.41791
0 -0.0835597 1.42696
1 -5.33298 -0.985729
1 -2.87205 -1.11438
1 -0.329621 -1.04931
1 2.39104 -0.996548
0 2.56088 1.49912
1 4.75303 -0.953526
1146
0 4.83045 1.49086
3 0.3 1.5
3 -0.3 1.5
3 -0.3 -1.5
3 0.3 -1.5
0 -5.23909 1.39301
0 -2.8202 1.4179
0 -0.0835668 1.42696
1 -5.33296 -0.985751
1 -2.87205 -1.11439
1 -0.329612 -1.04932
1 2.39104 -0.996554
0 2.56116 1.49924
1 4.75302 -0.953523
1150
0 4.83045 1.49086
3 0.3 1.5
3 -0.3 1.5
3 -0.3 -1.5
3 0.3 -1.5
0 -5.23909 1.39301
0 -2.8202 1.4179
0 -0.0835668 1.42696
1 -5.33296 -0.985751
1 -2.87205 -1.11439
1 -0.329612 -1.04932
1 2.39104 -0.996554
0 2.56116 1.49924
1 4.75302 -0.953523
1154
0 4.83045 1.49086
3 0.3 1.5
3 -0.3 1.5
3 -0.3 -1.5
3 0.3 -1.5
0 -5.23909 1.39301
0 -2.8202 1.4179
0 -0.0835668 1.42696
1 -5.33296 -0.985751
1 -2.87205 -1.11439
1 -0.329612 -1.04932
1 2.39104 -0.996554
0 2.56116 1.49924
1 4.75302 -0.953523
1158
0 4.83288 1.48707
3 0.3 1.5
3 -0.3 1.5
3 -0.3 -1.5
3 0.3 -1.5
0 -5.2337 1.3993
0 -2.81369 1.41623
0 -0.0765472 1.42531
1 -5.33487 -0.983999
1 -2.86529 -1.11611
1 -0.318245 -1.05128
1 2.41736 -0.998871
0 2.56543 1.49891
1 4.77654 -0.956565
1162
0 4.83288 1.48707
3 0.3 1.5
3 -0.3 1.5
3 -0.3 -1.5
3 0.3 -1.5
0 -5.2337 1.3993
0 -2.81369 1.41623
0 -0.0765473 1.42531
1 -5.33487 -0.983999
1 -2.86529 -1.11611
1 -0.318245 -1.05128
1 2.41736 -0.998871
0 2.56543 1.49891
1 4.77654 -0.956565
1166
0 4.83288 1.48707
3 0.3 1.5
3 -0.3 1.5
3 -0.3 -1.5
3 0.3 -1.5
0 -5.2337 1.3993
0 -2.81369 1.41623
0 -0.0765473 1.42531
1 -5.33487 -0.983999
1 -2.86529 -1.11611
1 -0.318245 -1.05128
1 2.41736 -0.998871
0 2.56543 1.49891
1 4.77654 -0.956565
1170
0 4.83288 1.48707
3 0.3 1.5
3 -0.3 1.5
3 -0.3 -1.5
3 0.3 -1.5
0 -5.2337 1.3993
0 -2.81369 1.41623
0 -0.0765473 1.42531
1 -5.33487 -0.983999
1 -2.86529 -1.11611
1 -0.318245 -1.05128
1 2.41736 -0.998871
0 2.56543 1.49891
1 4.77654 -0.956565
1174
0 4.83288 1.48707
3 0.3 1.5
3 -0.3 1.5
3 -0.3 -1.5
3 0.3 -1.5
0 -5.2337 1.3993
0 -2.81369 1.41623
0 -0.0765473 1.42531
1 -5.33487 -0.983999
1 -2.86529 -1.11611
1 -0.318245 -1.05128
1 2.41736 -0.998871
0 2.56543 1.49891
1 4.77654 -0.956565
1178
0 4.8473 1.48277
3 0.3 1.5
3 -0.3 1.5
3 -0.3 -1.5
3 0.3 -1.5
0 -5.23487 1.40047
0 -2.80847 1.41231
0 -0.0700947 1.42186
1 -5.33945 -0.980013
1 -2.85891 -1.11749
1 -0.309713 -1.0526
1 2.42607 -0.999659
0 2.57273 1.49844
1 4.78415 -0.957522
1182
0 4.85163 1.48347
3 0.3 1.5
3 -0.3 1.5
3 -0.3 -1.5
3 0.3 -1.5
0 -5.24876 1.38835
0 -2.80275 1.41407
0 -0.0663999 1.42261
1 -5.3409 -0.978882
1 -2.85815 -1.11731
1 -0.308828 -1.05239
1 2.427 -0.9994
0 2.57377 1.49867
1 4.78509 -0.957312
1186
0 4.85485 1.48586
3 0.3 1.5
3 -0.3 1.5
3 -0.3 -1.5
3 0.3 -1.5
0 -5.24534 1.39147
0 -2.79958 1.41623
0 -0.0647361 1.42392
1 -5.34663 -0.974265
1 -2.85937 -1.12177
1 -0.286877 -1.05902
1 2.45554 -1.00552
0 2.5763 1.49995
1 4.78404 -0.961763
1190
0 4.85399 1.48589
3 0.3 1.5
3 -0.3 1.5
3 -0.3 -1.5
3 0.3 -1.5
0 -5.24051 1.39563
0 -2.79984 1.41634
0 -0.0652878 1.42396
1 -5.34601 -0.97478
1 -2.86 -1.12173
1 -0.287756 -1.05895
1 2.45454 -1.00544
0 2.57559 1.50002
1 4.78335 -0.961753
1194
0 4.85399 1.48589
3 0.3 1.5
3 -0.3 1.5
3 -0.3 -1.5
3 0.3 -1.5
0 -5.24051 1.39563
0 -2.79984 1.41634
0 -0.0652878 1.42396
1 -5.34601 -0.97478
1 -2.86 -1.12173
1 -0.287756 -1.05895
1 2.45454 -1.00544
0 2.57559 1.50002
1 4.78335 -0.961753
1198
0 4.86819 1.4854
3 0.3 1.5
3 -0.3 1.5
3 -0.3 -1.5
3 0.3 -1.5
0 -5.2538 1.38664
0 -2.78838 1.41357
0 -0.0548473 1.42065
1 -5.35175 -0.96981
1 -2.85075 -1.12291
1 -0.277296 -1.05975
1 2.46558 -1.00554
0 2.59515 1.49485
1 4.79471 -0.962115
1202
0 4.86876 1.48549
3 0.3 1.5
3 -0.3 1.5
3 -0.3 -1.5
3 0.3 -1.5
0 -5.273 1.36974
0 -2.78231 1.41563
0 -0.05165 1.42134
1 -5.35409 -0.967933
1 -2.86278 -1.11937
1 -0.28014 -1.05886
1 2.46675 -1.00506
0 2.59823 1.49526
1 4.79488 -0.961649
1206
0 4.86865 1.48549
3 0.3 1.5
3 -0.3 1.5
3 -0.3 -1.5
3 0.3 -1.5
0 -5.27261 1.37008
0 -2.78244 1.41557
0 -0.0517157 1.42134
1 -5.35396 -0.968038
1 -2.86218 -1.11949
1 -0.279918 -1.05888
1 2.46698 -1.00506
0 2.59817 1.49528
1 4.79485 -0.961641
1210
0 4.86865 1.48549
3 0.3 1.5
3 -0.3 1.5
3 -0.3 -1.5
3 0.3 -1.5
0 -5.27261 1.37008
0 -2.78244 1.41557
0 -0.0517157 1.42134
1 -5.35396 -0.968038
1 -2.86218 -1.11949
1 -0.279918 -1.05888
1 2.46698 -1.00506
0 2.59817 1.49528
1 4.79485 -0.961641
1214
0 4.89742 1.48313
3 0.3 1.5
3 -0.3 1.5
3 -0.3 -1.5
3 0.3 -1.5
0 -5.28889 1.358
0 -2.76841 1.4144
0 -0.0403542 1.41873
1 -5.35822 -0.964296
1 -2.85545 -1.11976
1 -0.272345 -1.05895
1 2.47469 -1.00454
0 2.60584 1.49565
1 4.80292 -0.961328
1218
0 4.8973 1.48338
3 0.3 1.5
3 -0.3 1.5
3 -0.3 -1.5
3 0.3 -1.5
0 -5.29424 1.35375
0 -2.76782 1.41472
0 -0.0402107 1.41886
1 -5.34466 -0.972727
1 -2.83942 -1.12519
1 -0.274643 -1.05899
1 2.47257 -1.00459
0 2.60509 1.49557
1 4.77293 -0.976286
1222
0 4.89795 1.4835
3 0.3 1.5
3 -0.3 1.5
3 -0.3 -1.5
3 0.3 -1.5
0 -5.29976 1.34893
0 -2.76694 1.41489
0 -0.039734 1.41893
1 -5.34508 -0.972382
1 -2.83906 -1.12498
1 -0.2742 -1.05893
1 2.47306 -1.00453
0 2.60525 1.49551
1 4.77346 -0.976156
1226
0 4.89795 1.4835
3 0.3 1.5
3 -0.3 1.5
3 -0.3 -1.5
3 0.3 -1.5
0 -5.29976 1.34893
0 -2.76694 1.41489
0 -0.039734 1.41893
1 -5.34508 -0.972382
1 -2.83906 -1.12498
1 -0.2742 -1.05893
1 2.47306 -1.00453
0 2.60525 1.49551
1 4.77346 -0.976156
1230
0 4.89795 1.4835
3 0.3 1.5
3 -0.3 1.5
3 -0.3 -1.5
3 0.3 -1.5
0 -5.29976 1.34893
0 -2.76694 1.41489
0 -0.039734 1.41893
1 -5.34508 -0.972382
1 -2.83906 -1.12498
1 -0.2742 -1.05893
1 2.47306 -1.00453
0 2.60525 1.49551
1 4.77346 -0.976156
1234
0 4.9174 1.48078
3 0.3 1.5
3 -0.3 1.5
3 -0.3 -1.5
3 0.3 -1.5
0 -5.31189 1.3399
0 -2.7699 1.40914
0 -0.0209175 1.41849
1 -5.34726 -0.970405
1 -2.83572 -1.12319
1 -0.269772 -1.05872
1 2.47737 -1.00391
0 2.60953 1.49605
1 4.77886 -0.974877
1238
0 4.9156 1.481
3 0.3 1.5
3 -0.3 1.5
3 -0.3 -1.5
3 0.3 -1.5
0 -5.32778 1.32638
0 -2.77121 1.40958
0 -0.0225381 1.41873
1 -5.34352 -0.97273
1 -2.83868 -1.12236
1 -0.274841 -1.05794
1 2.47298 -1.00338
0 2.60788 1.49641
1 4.77641 -0.9746
1242
0 4.9156 1.481
3 0.3 1.5
3 -0.3 1.5
3 -0.3 -1.5
3 0.3 -1.5
0 -5.32778 1.32638
0 -2.77121 1.40958
0 -0.0225381 1.41873
1 -5.34352 -0.97273
1 -2.83868 -1.12236
1 -0.274841 -1.05794
1 2.47298 -1.00338
0 2.60788 1.49641
1 4.77641 -0.9746
1246
0 4.91801 1.48482
3 0.3 1.5
3 -0.3 1.5
3 -0.3 -1.5
3 0.3 -1.5
0 -5.32591 1.32802
0 -2.76846 1.41231
0 -0.0211655 1.42113
1 -5.34554 -0.970898
1 -2.81157 -1.13279
1 -0.248142 -1.06719
1 2.46657 -1.0089
0 2.60957 1.49756
1 4.81329 -0.982349
1250
0 4.91479 1.48451
3 0.3 1.5
3 -0.3 1.5
3 -0.3 -1.5
3 0.3 -1.5
0 -5.32746 1.32663
0 -2.77028 1.41146
0 -0.0239688 1.4205
1 -5.34592 -0.97058
1 -2.81901 -1.13055
1 -0.253795 -1.06621
1 2.46115 -1.00815
0 2.60971 1.49768
1 4.80853 -0.981739
1254
0 4.9206 1.48634
3 0.3 1.5
3 -0.3 1.5
3 -0.3 -1.5
3 0.3 -1.5
0 -5.33433 1.32195
0 -2.75817 1.41131
0 -0.0146057 1.4193
1 -5.34637 -0.970036
1 -2.8136 -1.1291
1 -0.250735 -1.06526
1 2.46373 -1.00674
0 2.63609 1.49378
1 4.80526 -0.979224
1258
0 4.9206 1.48634
3 0.3 1.5
3 -0.3 1.5
3 -0.3 -1.5
3 0.3 -1.5
0 -5.33433 1.32195
0 -2.75817 1.41131
0 -0.0146056 1.4193
1 -5.34637 -0.970036
1 -2.8136 -1.1291
1 -0.250735 -1.06526
1 2.46373 -1.00674
0 2.63609 1.49378
1 4.80526 -0.979225
1262
0 4.9206 1.48634
3 0.3 1.5
3 -0.3 1.5
3 -0.3 -1.5
3 0.3 -1.5
0 -5.33433 1.32195
0 -2.75817 1.41131
0 -0.0146056 1.4193
1 -5.34637 -0.970036
1 -2.8136 -1.1291
1 -0.250735 -1.06526
1 2.46373 -1.00674
0 2.63609 1.49378
1 4.80526 -0.979225
1266
0 4.9206 1.48634
3 0.3 1.5
3 -0.3 1.5
3 -0.3 -1.5
3 0.3 -1.5
0 -5.33433 1.32195
0 -2.75817 1.41131
0 -0.0146056 1.4193
1 -5.34637 -0.970036
1 -2.8136 -1.1291
1 -0.250735 -1.06526
1 2.46373 -1.00674
0 2.63609 1.49378
1 4.80526 -0.979225
1270
0 4.9206 1.48634
3 0.3 1.5
3 -0.3 1.5
3 -0.3 -1.5
3 0.3 -1.5
0 -5.33433 1.32195
0 -2.75817 1.41131
0 -0.0146056 1.4193
1 -5.34637 -0.970036
1 -2.8136 -1.1291
1 -0.250735 -1.06526
1 2.46373 -1.00674
0 2.63609 1.49378
1 4.80526 -0.979225
1274
0 4.95486 1.47857
3 0.3 1.5
3 -0.3 1.5
3 -0.3 -1.5
3 0.3 -1.5
0 -5.34195 1.31625
0 -2.74522 1.41325
0 -0.00753306 1.41974
1 -5.34805 -0.968321
1 -2.79599 -1.13401
1 -0.227707 -1.07119
1 2.46141 -1.00976
0 2.63899 1.49572
1 4.8103 -0.975567
1278
0 4.94488 1.47717
3 0.3 1.5
3 -0.3 1.5
3 -0.3 -1.5
3 0.3 -1.5
0 -5.33695 1.32058
0 -2.75154 1.41097
0 -0.0124226 1.41882
1 -5.34773 -0.96862
1 -2.80036 -1.13261
1 -0.231755 -1.07042
1 2.45742 -1.00907
0 2.63094 1.49452
1 4.81073 -0.975367
1282
0 4.94488 1.47717
3 0.3 1.5
3 -0.3 1.5
3 -0.3 -1.5
3 0.3 -1.5
0 -5.33695 1.32058
0 -2.75154 1.41097
0 -0.0124226 1.41882
1 -5.34773 -0.96862
1 -2.80036 -1.13261
1 -0.231755 -1.07042
1 2.45742 -1.00907
0 2.63094 1.49452
1 4.81073 -0.975367
1286
0 4.94488 1.47717
3 0.3 1.5
3 -0.3 1.5
3 -0.3 -1.5
3 0.3 -1.5
0 -5.33695 1.32058
0 -2.75154 1.41097
0 -0.0124226 1.41882
1 -5.34773 -0.96862
1 -2.80036 -1.13261
1 -0.231755 -1.07042
1 2.45742 -1.00907
0 2.63094 1.49452
1 4.81073 -0.975367
1290
0 4.94488 1.47717
3 0.3 1.5
3 -0.3 1.5
3 -0.3 -1.5
3 0.3 -1.5
0 -5.33695 1.32058
0 -2.75154 1.41097
0 -0.0124226 1.41882
1 -5.34773 -0.96862
1 -2.80036 -1.13261
1 -0.231755 -1.07042
1 2.45742 -1.00907
0 2.63094 1.49452
1 4.81073 -0.975367
1294
0 4.93566 1.46971
3 0.3 1.5
3 -0.3 1.5
3 -0.3 -1.5
3 0.3 -1.5
0 -5.34309 1.31616
0 -2.74281 1.41048
0 -0.0287281 1.41306
1 -5.34791 -0.96836
1 -2.79857 -1.13027
1 -0.229541 -1.0689
1 2.45948 -1.00711
0 2.65446 1.49102
1 4.8136 -0.974126
1298
0 4.93529 1.46972
3 0.3 1.5
3 -0.3 1.5
3 -0.3 -1.5
3 0.3 -1.5
0 -5.34193 1.31717
0 -2.74354 1.41018
0 -0.0297981 1.41282
1 -5.34796 -0.968317
1 -2.80184 -1.1294
1 -0.232163 -1.06852
1 2.45685 -1.00679
0 2.65448 1.49105
1 4.81116 -0.973929
1302
0 4.93529 1.46972
3 0.3 1.5
3 -0.3 1.5
3 -0.3 -1.5
3 0.3 -1.5
0 -5.34193 1.31717
0 -2.74354 1.41018
0 -0.029798 1.41282
1 -5.34796 -0.968317
1 -2.80184 -1.1294
1 -0.232163 -1.06852
1 2.45685 -1.00679
0 2.65448 1.49105
1 4.81116 -0.973929
1306
0 4.93713 1.47421
3 0.3 1.5
3 -0.3 1.5
3 -0.3 -1.5
3 0.3 -1.5
0 -5.33902 1.31953
0 -2.74254 1.41241
0 -0.0288108 1.41534
1 -5.34826 -0.967899
1 -2.78252 -1.1364
1 -0.231602 -1.06654
1 2.46182 -1.0284
0 2.65413 1.49275
1 4.81226 -0.972365
1310
0 4.93177 1.47368
3 0.3 1.5
3 -0.3 1.5
3 -0.3 -1.5
3 0.3 -1.5
0 -5.33788 1.32044
0 -2.74528 1.41145
0 -0.0305993 1.41509
1 -5.34832 -0.967864
1 -2.78856 -1.13466
1 -0.231782 -1.06639
1 2.44255 -1.02634
0 2.64883 1.4919
1 4.81209 -0.972237
1314
0 4.93331 1.47207
3 0.3 1.5
3 -0.3 1.5
3 -0.3 -1.5
3 0.3 -1.5
0 -5.34353 1.31636
0 -2.73713 1.41092
0 -0.0292478 1.41299
1 -5.34852 -0.96757
1 -2.78689 -1.13312
1 -0.229686 -1.06599
1 2.44366 -1.02412
0 2.6504 1.49248
1 4.81441 -0.971924
1318
0 4.92901 1.47147
3 0.3 1.5
3 -0.3 1.5
3 -0.3 -1.5
3 0.3 -1.5
0 -5.34438 1.31567
0 -2.7392 1.40992
0 -0.0305174 1.41264
1 -5.34865 -0.967452
1 -2.78648 -1.13306
1 -0.229384 -1.06596
1 2.44414 -1.02405
0 2.65063 1.4925
1 4.81483 -0.971895
1322
0 4.92901 1.47147
3 0.3 1.5
3 -0.3 1.5
3 -0.3 -1.5
3 0.3 -1.5
0 -5.34438 1.31566
0 -2.7392 1.40992
0 -0.0305175 1.41264
1 -5.34865 -0.967452
1 -2.78648 -1.13306
1 -0.229384 -1.06596
1 2.44414 -1.02406
0 2.65063 1.4925
1 4.81483 -0.971895
1326
0 4.92901 1.47147
3 0.3 1.5
3 -0.3 1.5
3 -0.3 -1.5
3 0.3 -1.5
0 -5.34438 1.31566
0 -2.7392 1.40992
0 -0.0305175 1.41264
1 -5.34865 -0.967452
1 -2.78648 -1.13306
1 -0.229384 -1.06596
1 2.44414 -1.02406
0 2.65063 1.4925
1 4.81483 -0.971895
1330
0 4.92901 1.47147
3 0.3 1.5
3 -0.3 1.5
3 -0.3 -1.5
3 0.3 -1.5
0 -5.34438 1.31566
0 -2.7392 1.40992
0 -0.0305175 1.41264
1 -5.34865 -0.967452
1 -2.78648 -1.13306
1 -0.229384 -1.06596
1 2.44414 -1.02406
0 2.65063 1.4925
1 4.81483 -0.971895
1334
0 4.90534 1.46649
3 0.3 1.5
3 -0.3 1.5
3 -0.3 -1.5
3 0.3 -1.5
0 -5.35329 1.30882
0 -2.72562 1.41092
0 -0.0247948 1.41139
1 -5.349 -0.967021
1 -2.78409 -1.13153
1 -0.226707 -1.06559
1 2.44618 -1.02191
0 2.65279 1.49305
1 4.8177 -0.971577
1338
0 4.90698 1.47002
3 0.3 1.5
3 -0.3 1.5
3 -0.3 -1.5
3 0.3 -1.5
0 -5.34912 1.31208
0 -2.72519 1.41271
0 -0.0243905 1.41342
1 -5.34965 -0.966536
1 -2.78786 -1.13215
1 -0.216474 -1.06997
1 2.43933 -1.02124
0 2.65271 1.49387
1 4.83334 -0.977801
1342
0 4.90444 1.46963
3 0.3 1.5
3 -0.3 1.5
3 -0.3 -1.5
3 0.3 -1.5
0 -5.34834 1.31282
0 -2.7301 1.41067
0 -0.0275852 1.41258
1 -5.34923 -0.966871
1 -2.78017 -1.13416
1 -0.217483 -1.0699
1 2.43944 -1.02132
0 2.6526 1.49379
1 4.82776 -0.977539
1346
0 4.90444 1.46963
3 0.3 1.5
3 -0.3 1.5
3 -0.3 -1.5
3 0.3 -1.5
0 -5.34834 1.31282
0 -2.7301 1.41067
0 -0.0275852 1.41258
1 -5.34923 -0.966871
1 -2.78017 -1.13416
1 -0.217483 -1.0699
1 2.43944 -1.02132
0 2.6526 1.49379
1 4.82776 -0.977539
1350
0 4.90444 1.46963
3 0.3 1.5
3 -0.3 1.5
3 -0.3 -1.5
3 0.3 -1.5
0 -5.34834 1.31282
0 -2.7301 1.41067
0 -0.0275852 1.41258
1 -5.34923 -0.966871
1 -2.78017 -1.13416
1 -0.217483 -1.0699
1 2.43944 -1.02132
0 2.6526 1.49379
1 4.82776 -0.977539
1354
0 4.88601 1.46536
3 0.3 1.5
3 -0.3 1.5
3 -0.3 -1.5
3 0.3 -1.5
0 -5.35143 1.31102
0 -2.72358 1.4098
0 -0.0117461 1.41313
1 -5.3492 -0.966761
1 -2.77896 -1.1327
1 -0.215988 -1.06904
1 2.44012 -1.0195
0 2.65425 1.494
1 4.82913 -0.976466
1358
0 4.88602 1.46536
3 0.3 1.5
3 -0.3 1.5
3 -0.3 -1.5
3 0.3 -1.5
0 -5.35142 1.31103
0 -2.72357 1.4098
0 -0.0117436 1.41313
1 -5.3492 -0.96676
1 -2.77896 -1.13271
1 -0.215983 -1.06905
1 2.44013 -1.0195
0 2.65426 1.49401
1 4.82913 -0.976467
1362
0 4.88602 1.46536
3 0.3 1.5
3 -0.3 1.5
3 -0.3 -1.5
3 0.3 -1.5
0 -5.35142 1.31103
0 -2.72357 1.4098
0 -0.0117436 1.41313
1 -5.3492 -0.96676
1 -2.77896 -1.13271
1 -0.215983 -1.06905
1 2.44013 -1.0195
0 2.65426 1.49401
1 4.82913 -0.976467
