2
3 0.3 -1.5
3 -0.3 -1.5
3 -0.3 1.5
3 0.3 1.5
6
3 0.3 -1.5
3 -0.3 -1.5
3 -0.3 1.5
3 0.3 1.5
10
3 0.3 -1.5
3 -0.3 -1.5
3 -0.3 1.5
3 0.3 1.5
14
3 0.3 -1.5
3 -0.3 -1.5
3 -0.3 1.5
3 0.3 1.5
18
3 0.3 -1.5
3 -0.3 -1.5
3 -0.3 1.5
3 0.3 1.5
22
3 0.3 -1.5
3 -0.3 -1.5
3 -0.3 1.5
3 0.3 1.5
26
3 0.3 -1.5
3 -0.3 -1.5
3 -0.3 1.5
3 0.3 1.5
30
0 -5.00409 -1.38902
1 -3.77567 -0.966397
3 0.3 -1.5
3 -0.3 -1.5
3 -0.3 1.5
3 0.3 1.5
34
0 -4.07134 1.70321
0 -4.88441 -1.47193
1 -3.80904 -0.966438
3 0.3 -1.5
3 -0.3 -1.5
3 -0.3 1.5
3 0.3 1.5
38
0 -4.06312 1.70069
0 -4.88693 -1.46955
1 -3.81167 -0.964093
3 0.3 -1.5
3 -0.3 -1.5
3 -0.3 1.5
3 0.3 1.5
42
0 -4.05997 1.70459
0 -4.87279 -1.47891
1 -3.86413 -0.952418
3 0.3 -1.5
3 -0.3 -1.5
3 -0.3 1.5
3 0.3 1.5
46
0 -4.06149 1.70132
0 -4.87569 -1.47678
1 -3.86703 -0.948973
3 0.3 -1.5
3 -0.3 -1.5
3 -0.3 1.5
3 0.3 1.5
50
0 -4.0775 1.69258
0 -4.8691 -1.4816
1 -3.85288 -0.954134
3 0.3 -1.5
3 -0.3 -1.5
3 -0.3 1.5
3 0.3 1.5
54
0 -4.0599 1.70065
0 -4.91744 -1.44808
1 -3.82339 -0.959285
3 0.3 -1.5
3 -0.3 -1.5
3 -0.3 1.5
3 0.3 1.5
58
0 -4.05365 1.7055
0 -4.87029 -1.48273
1 -3.85193 -0.951484
3 0.3 -1.5
3 -0.3 -1.5
3 -0.3 1.5
3 0.3 1.5
62
0 -4.05887 1.70408
0 -4.8674 -1.48347
1 -3.8331 -0.960268
3 0.3 -1.5
3 -0.3 -1.5
3 -0.3 1.5
3 0.3 1.5
66
0 -4.06002 1.70448
0 -4.84741 -1.49866
1 -3.82993 -0.961401
3 0.3 -1.5
3 -0.3 -1.5
3 -0.3 1.5
3 0.3 1.5
70
0 -4.06101 1.70524
0 -4.83937 -1.50497
1 -3.80239 -0.970443
3 0.3 -1.5
3 -0.3 -1.5
3 -0.3 1.5
3 0.3 1.5
74
0 -4.05565 1.70747
0 -4.86927 -1.48298
1 -3.78855 -0.973538
3 0.3 -1.5
3 -0.3 -1.5
3 -0.3 1.5
3 0.3 1.5
78
0 -4.05374 1.7092
0 -4.86702 -1.48449
1 -3.78302 -0.975841
3 0.3 -1.5
3 -0.3 -1.5
3 -0.3 1.5
3 0.3 1.5
82
0 -4.04833 1.71154
0 -4.87421 -1.47955
1 -3.79331 -0.9717
3 0.3 -1.5
3 -0.3 -1.5
3 -0.3 1.5
3 0.3 1.5
86
0 -4.05182 1.70971
0 -4.87301 -1.48148
1 -3.77059 -0.977715
3 0.3 -1.5
3 -0.3 -1.5
3 -0.3 1.5
3 0.3 1.5
90
0 -4.05625 1.70607
0 -4.87952 -1.47684
1 -3.77561 -0.975299
3 0.3 -1.5
3 -0.3 -1.5
3 -0.3 1.5
3 0.3 1.5
94
0 -4.08041 1.69064
0 -4.8892 -1.46936
1 -3.76167 -0.979245
3 0.3 -1.5
3 -0.3 -1.5
3 -0.3 1.5
3 0.3 1.5
98
0 -4.07234 1.69581
0 -4.90984 -1.45261
1 -3.76127 -0.98195
3 0.3 -1.5
3 -0.3 -1.5
3 -0.3 1.5
3 0.3 1.5
102
0 -4.07818 1.69396
0 -4.90309 -1.45614
1 -3.74993 -0.988333
3 0.3 -1.5
3 -0.3 -1.5
3 -0.3 1.5
3 0.3 1.5
106
0 -4.07931 1.69126
0 -4.91269 -1.44984
1 -3.76734 -0.980592
3 0.3 -1.5
3 -0.3 -1.5
3 -0.3 1.5
3 0.3 1.5
110
0 -4.07452 1.69529
0 -4.89198 -1.46521
1 -3.77278 -0.979511
3 0.3 -1.5
3 -0.3 -1.5
3 -0.3 1.5
3 0.3 1.5
114
0 -4.06671 1.69913
0 -4.90327 -1.45811
1 -3.76688 -0.97938
3 0.3 -1.5
3 -0.3 -1.5
3 -0.3 1.5
3 0.3 1.5
118
0 -4.06472 1.70052
0 -4.90429 -1.45743
1 -3.76283 -0.980696
3 0.3 -1.5
3 -0.3 -1.5
3 -0.3 1.5
3 0.3 1.5
122
0 -4.06549 1.69989
0 -4.91196 -1.45121
1 -3.76431 -0.98087
3 0.3 -1.5
3 -0.3 -1.5
3 -0.3 1.5
3 0.3 1.5
126
0 -4.0595 1.7051
0 -4.89767 -1.46219
1 -3.7486 -0.986312
3 0.3 -1.5
3 -0.3 -1.5
3 -0.3 1.5
3 0.3 1.5
130
0 -4.05945 1.7044
0 -4.90483 -1.45687
1 -3.75548 -0.983753
3 0.3 -1.5
3 -0.3 -1.5
3 -0.3 1.5
3 0.3 1.5
134
0 -4.05489 1.70613
0 -4.91658 -1.44845
1 -3.76313 -0.980489
3 0.3 -1.5
3 -0.3 -1.5
3 -0.3 1.5
3 0.3 1.5
138
0 -4.05923 1.70376
0 -4.90442 -1.45834
1 -3.75498 -0.981913
3 0.3 -1.5
3 -0.3 -1.5
3 -0.3 1.5
3 0.3 1.5
142
0 -4.05942 1.70292
0 -4.91945 -1.44743
1 -3.74898 -0.983145
3 0.3 -1.5
3 -0.3 -1.5
3 -0.3 1.5
3 0.3 1.5
146
0 -4.06025 1.70258
0 -4.92432 -1.44368
1 -3.74129 -0.985857
3 0.3 -1.5
3 -0.3 -1.5
3 -0.3 1.5
3 0.3 1.5
150
0 -4.06486 1.69959
0 -4.9276 -1.44093
1 -3.74164 -0.985978
3 0.3 -1.5
3 -0.3 -1.5
3 -0.3 1.5
3 0.3 1.5
154
0 -4.06986 1.69714
0 -4.92653 -1.44087
1 -3.73848 -0.988339
3 0.3 -1.5
3 -0.3 -1.5
3 -0.3 1.5
3 0.3 1.5
158
0 -4.05779 1.70253
0 -4.94129 -1.43095
1 -3.75776 -0.980078
3 0.3 -1.5
3 -0.3 -1.5
3 -0.3 1.5
3 0.3 1.5
162
0 -4.07074 1.69591
0 -4.92797 -1.43987
1 -3.74228 -0.986613
3 0.3 -1.5
3 -0.3 -1.5
3 -0.3 1.5
3 0.3 1.5
166
0 -4.06291 1.70106
0 -4.9271 -1.44064
1 -3.7408 -0.987301
3 0.3 -1.5
3 -0.3 -1.5
3 -0.3 1.5
3 0.3 1.5
170
0 -4.06568 1.70005
0 -4.92003 -1.4456
1 -3.73722 -0.989165
3 0.3 -1.5
3 -0.3 -1.5
3 -0.3 1.5
3 0.3 1.5
174
0 -4.06549 1.69916
0 -4.92513 -1.44203
1 -3.74863 -0.984663
3 0.3 -1.5
3 -0.3 -1.5
3 -0.3 1.5
3 0.3 1.5
178
0 -4.06592 1.70109
0 -4.91552 -1.44846
1 -3.72605 -0.994093
3 0.3 -1.5
3 -0.3 -1.5
3 -0.3 1.5
3 0.3 1.5
182
0 -4.06818 1.70008
0 -4.9276 -1.43927
1 -3.70569 -1.00105
3 0.3 -1.5
3 -0.3 -1.5
3 -0.3 1.5
3 0.3 1.5
186
0 -4.06543 1.69959
0 -4.92829 -1.43932
1 -3.74284 -0.987281
3 0.3 -1.5
3 -0.3 -1.5
3 -0.3 1.5
3 0.3 1.5
190
0 -4.06526 1.70103
0 -4.91924 -1.44573
1 -3.73093 -0.992252
3 0.3 -1.5
3 -0.3 -1.5
3 -0.3 1.5
3 0.3 1.5
194
0 -4.06222 1.70201
0 -4.92239 -1.44367
1 -3.74363 -0.987405
3 0.3 -1.5
3 -0.3 -1.5
3 -0.3 1.5
3 0.3 1.5
198
0 -4.05756 1.7054
0 -4.91353 -1.45001
1 -3.75075 -0.985903
3 0.3 -1.5
3 -0.3 -1.5
3 -0.3 1.5
3 0.3 1.5
202
0 -4.06118 1.70519
0 -4.89406 -1.46413
1 -3.73466 -0.992506
3 0.3 -1.5
3 -0.3 -1.5
3 -0.3 1.5
3 0.3 1.5
206
0 -4.05918 1.7044
0 -4.91011 -1.4524
1 -3.75584 -0.984461
3 0.3 -1.5
3 -0.3 -1.5
3 -0.3 1.5
3 0.3 1.5
210
0 -4.05944 1.70571
0 -4.91395 -1.44952
1 -3.72151 -0.996215
3 0.3 -1.5
3 -0.3 -1.5
3 -0.3 1.5
3 0.3 1.5
214
0 -4.05717 1.70756
0 -4.89883 -1.46084
1 -3.73003 -0.993658
3 0.3 -1.5
3 -0.3 -1.5
3 -0.3 1.5
3 0.3 1.5
218
0 -4.05968 1.70626
0 -4.89729 -1.46151
1 -3.73252 -0.99365
3 0.3 -1.5
3 -0.3 -1.5
3 -0.3 1.5
3 0.3 1.5
222
0 -4.05027 1.71042
0 -4.90758 -1.45453
1 -3.75059 -0.986292
3 0.3 -1.5
3 -0.3 -1.5
3 -0.3 1.5
3 0.3 1.5
226
0 -4.05739 1.70872
0 -4.88851 -1.46837
1 -3.71752 -0.998534
3 0.3 -1.5
3 -0.3 -1.5
3 -0.3 1.5
3 0.3 1.5
230
0 -4.04172 1.71639
0 -4.90402 -1.4575
1 -3.74155 -0.989304
3 0.3 -1.5
3 -0.3 -1.5
3 -0.3 1.5
3 0.3 1.5
234
0 -4.0505 1.71285
0 -4.87584 -1.47823
1 -3.7325 -0.993193
3 0.3 -1.5
3 -0.3 -1.5
3 -0.3 1.5
3 0.3 1.5
238
0 -4.04804 1.71448
0 -4.88484 -1.4713
1 -3.72537 -0.995974
3 0.3 -1.5
3 -0.3 -1.5
3 -0.3 1.5
3 0.3 1.5
242
0 -4.04563 1.71658
0 -4.88367 -1.4719
1 -3.72057 -0.998327
3 0.3 -1.5
3 -0.3 -1.5
3 -0.3 1.5
3 0.3 1.5
246
0 -4.04154 1.719
0 -4.87866 -1.47575
1 -3.72949 -0.995339
3 0.3 -1.5
3 -0.3 -1.5
3 -0.3 1.5
3 0.3 1.5
250
0 -4.04009 1.71862
0 -4.88929 -1.46818
1 -3.73902 -0.991194
3 0.3 -1.5
3 -0.3 -1.5
3 -0.3 1.5
3 0.3 1.5
254
0 -4.04614 1.71752
0 -4.86418 -1.48666
1 -3.71254 -1.00109
3 0.3 -1.5
3 -0.3 -1.5
3 -0.3 1.5
3 0.3 1.5
258
0 -4.04416 1.71576
0 -4.88667 -1.47
1 -3.74814 -0.988154
3 0.3 -1.5
3 -0.3 -1.5
3 -0.3 1.5
3 0.3 1.5
262
0 -4.03568 1.72133
0 -4.89141 -1.46662
1 -3.73977 -0.991031
3 0.3 -1.5
3 -0.3 -1.5
3 -0.3 1.5
3 0.3 1.5
266
0 -4.03633 1.72084
0 -4.89193 -1.4663
1 -3.73962 -0.990923
3 0.3 -1.5
3 -0.3 -1.5
3 -0.3 1.5
3 0.3 1.5
270
0 -4.04128 1.71826
0 -4.89543 -1.46342
1 -3.7266 -0.995604
3 0.3 -1.5
3 -0.3 -1.5
3 -0.3 1.5
3 0.3 1.5
274
0 -4.03043 1.72329
0 -4.90222 -1.45904
1 -3.74994 -0.986597
3 0.3 -1.5
3 -0.3 -1.5
3 -0.3 1.5
3 0.3 1.5
278
0 -4.0353 1.72091
0 -4.89688 -1.46289
1 -3.74174 -0.989583
3 0.3 -1.5
3 -0.3 -1.5
3 -0.3 1.5
3 0.3 1.5
282
0 -4.02819 1.72576
0 -4.92038 -1.44523
1 -3.7137 -0.999305
3 0.3 -1.5
3 -0.3 -1.5
3 -0.3 1.5
3 0.3 1.5
286
0 -4.02906 1.72551
0 -4.88979 -1.46851
1 -3.73362 -0.992215
3 0.3 -1.5
3 -0.3 -1.5
3 -0.3 1.5
3 0.3 1.5
290
0 -4.03202 1.72171
0 -4.91086 -1.45278
1 -3.74867 -0.986412
3 0.3 -1.5
3 -0.3 -1.5
3 -0.3 1.5
3 0.3 1.5
294
0 -4.0347 1.72205
0 -4.89635 -1.46333
1 -3.72635 -0.994835
3 0.3 -1.5
3 -0.3 -1.5
3 -0.3 1.5
3 0.3 1.5
298
0 -4.03402 1.72187
0 -4.90958 -1.4531
1 -3.73019 -0.993932
3 0.3 -1.5
3 -0.3 -1.5
3 -0.3 1.5
3 0.3 1.5
302
0 -4.03309 1.72084
0 -4.9202 -1.44521
1 -3.7515 -0.986324
3 0.3 -1.5
3 -0.3 -1.5
3 -0.3 1.5
3 0.3 1.5
306
0 -4.03263 1.7209
0 -4.92506 -1.44158
1 -3.75118 -0.986359
3 0.3 -1.5
3 -0.3 -1.5
3 -0.3 1.5
3 0.3 1.5
