2
3 0.3 -1.5
3 -0.3 -1.5
3 -0.3 1.5
3 0.3 1.5
6
3 0.3 -1.5
3 -0.3 -1.5
3 -0.3 1.5
3 0.3 1.5
10
3 0.3 -1.5
3 -0.3 -1.5
3 -0.3 1.5
3 0.3 1.5
14
3 0.3 -1.5
3 -0.3 -1.5
3 -0.3 1.5
3 0.3 1.5
18
0 5.26709 1.22851
3 0.3 -1.5
3 -0.3 -1.5
3 -0.3 1.5
3 0.3 1.5
22
0 5.16447 1.24141
0 0.781162 1.3565
0 -2.27449 1.46473
0 -4.85614 1.63965
1 -1.65798 -1.27372
1 -4.97293 -1.12268
3 0.3 -1.5
3 -0.3 -1.5
3 -0.3 1.5
3 0.3 1.5
26
0 5.24195 1.19845
0 0.877368 1.36819
0 -2.21723 1.48045
0 -4.84676 1.64423
1 -1.62107 -1.28157
1 -4.98541 -1.1095
3 0.3 -1.5
3 -0.3 -1.5
3 -0.3 1.5
3 0.3 1.5
30
0 5.12737 1.1613
0 0.959251 1.38099
0 -2.13795 1.50086
0 -4.85224 1.64164
1 -1.58058 -1.29336
1 -4.96627 -1.11996
3 0.3 -1.5
3 -0.3 -1.5
3 -0.3 1.5
3 0.3 1.5
34
0 5.0738 1.17708
0 1.00201 1.3875
0 -2.25073 1.46931
0 -4.83171 1.65447
1 -1.58074 -1.29339
1 -4.96643 -1.11999
3 0.3 -1.5
3 -0.3 -1.5
3 -0.3 1.5
3 0.3 1.5
38
0 5.07329 1.17662
0 1.00156 1.38701
0 -2.25125 1.46883
0 -4.83221 1.654
1 -1.5417 -1.30448
1 -4.96572 -1.11875
3 0.3 -1.5
3 -0.3 -1.5
3 -0.3 1.5
3 0.3 1.5
42
0 4.90423 1.20046
0 1.0763 1.39835
0 -2.13374 1.49667
0 -4.81614 1.66675
1 -1.54278 -1.30496
1 -4.96663 -1.11866
3 0.3 -1.5
3 -0.3 -1.5
3 -0.3 1.5
3 0.3 1.5
46
1 1.78508 -1.33378
0 4.90376 1.20034
0 1.0759 1.3979
0 -2.13413 1.49623
0 -4.81657 1.66629
1 -1.53145 -1.3109
1 -4.97312 -1.11357
3 0.3 -1.5
3 -0.3 -1.5
3 -0.3 1.5
3 0.3 1.5
50
1 1.78636 -1.33365
0 -0.870571 7.38624
0 4.88558 1.17489
0 1.03268 1.39175
0 -2.20031 1.47935
0 -4.82278 1.66156
1 -1.53083 -1.31085
1 -4.97249 -1.11352
3 0.3 -1.5
3 -0.3 -1.5
3 -0.3 1.5
3 0.3 1.5
54
1 1.81609 -1.34009
0 -1.02166 7.22787
0 4.77407 1.17278
0 1.0166 1.38784
0 -2.27116 1.45955
0 -4.82834 1.65725
1 -1.56187 -1.30391
1 -4.96321 -1.11959
3 0.3 -1.5
3 -0.3 -1.5
3 -0.3 1.5
3 0.3 1.5
58
1 1.69132 -1.32143
0 -1.08755 7.15858
0 4.78856 1.18317
0 1.04138 1.39006
0 -2.29343 1.4522
0 -4.84092 1.64717
1 -1.62145 -1.28888
1 -4.95886 -1.12202
3 0.3 -1.5
3 -0.3 -1.5
3 -0.3 1.5
3 0.3 1.5
62
1 1.66303 -1.31845
0 -1.08822 7.15791
0 4.78817 1.18283
0 1.04101 1.38971
0 -2.29385 1.45183
0 -4.84129 1.64682
1 -1.61662 -1.29224
1 -4.96567 -1.11729
3 0.3 -1.5
3 -0.3 -1.5
3 -0.3 1.5
3 0.3 1.5
66
1 1.65922 -1.31679
0 -1.071 7.1751
0 4.68763 1.18955
0 1.00911 1.3856
0 -2.30341 1.44974
0 -4.82173 1.65969
1 -1.61889 -1.29132
1 -4.96779 -1.11641
3 0.3 -1.5
3 -0.3 -1.5
3 -0.3 1.5
3 0.3 1.5
70
1 1.59908 -1.30473
0 -1.07062 7.17701
0 4.69811 1.17365
0 1.02485 1.38855
0 -2.34216 1.4409
0 -4.8196 1.66137
1 -1.60568 -1.2944
1 -4.96132 -1.12018
3 0.3 -1.5
3 -0.3 -1.5
3 -0.3 1.5
3 0.3 1.5
74
1 1.63257 -1.31456
0 -1.07047 7.17699
0 4.69824 1.17365
0 1.02496 1.38854
0 -2.34205 1.4409
0 -4.81949 1.66136
1 -1.6235 -1.28943
1 -4.96173 -1.11997
3 0.3 -1.5
3 -0.3 -1.5
3 -0.3 1.5
3 0.3 1.5
78
1 1.63079 -1.31442
0 -1.07376 7.18475
0 4.6692 1.18332
0 1.04371 1.39358
0 -2.36535 1.43564
0 -4.80262 1.67301
1 -1.62464 -1.28932
1 -4.96279 -1.11989
3 0.3 -1.5
3 -0.3 -1.5
3 -0.3 1.5
3 0.3 1.5
82
1 1.63246 -1.31399
0 -1.07206 7.18525
0 4.63187 1.1779
0 1.0858 1.37634
0 -2.38733 1.43034
0 -4.81407 1.6656
1 -1.62358 -1.28907
1 -4.96183 -1.1196
3 0.3 -1.5
3 -0.3 -1.5
3 -0.3 1.5
3 0.3 1.5
86
3 0.3 1.5
3 -0.3 1.5
3 -0.3 -1.5
3 0.3 -1.5
1 -4.94902 -1.12684
1 -1.62237 -1.29133
0 -4.815 1.66521
0 -2.38833 1.42994
0 1.08484 1.37592
0 4.63088 1.17751
0 -1.07302 7.18488
1 1.68419 -1.32266
90
3 0.3 1.5
3 -0.3 1.5
3 -0.3 -1.5
3 0.3 -1.5
1 -4.93967 -1.13133
1 -1.61143 -1.29414
0 -4.82271 1.66047
0 -2.36757 1.43548
0 1.06182 1.37404
0 4.57652 1.16017
0 -1.07141 7.18519
1 1.73128 -1.32954
94
1 3.83205 -1.12385
3 0.3 1.5
3 -0.3 1.5
3 -0.3 -1.5
3 0.3 -1.5
1 -4.93595 -1.13339
1 -1.6198 -1.29281
0 -4.82291 1.66037
0 -2.36777 1.43538
0 1.06161 1.37393
0 4.57628 1.16005
0 -1.07157 7.18514
1 1.71712 -1.32613
98
1 3.83302 -1.12339
3 0.3 1.5
3 -0.3 1.5
3 -0.3 -1.5
3 0.3 -1.5
1 -4.93563 -1.13325
1 -1.61946 -1.29268
0 -4.83318 1.65312
0 -2.3267 1.44632
0 1.03037 1.37204
0 4.61909 1.15349
0 -1.0713 7.18523
1 1.71759 -1.32593
102
1 3.97103 -1.13819
3 0.3 1.5
3 -0.3 1.5
3 -0.3 -1.5
3 0.3 -1.5
1 -4.92372 -1.14005
1 -1.63822 -1.28859
0 -4.83418 1.65255
0 -2.32765 1.44578
0 1.0293 1.37144
0 4.61785 1.15279
0 -1.07186 7.18497
1 1.80621 -1.34111
106
1 3.91089 -1.12805
3 0.3 1.5
3 -0.3 1.5
3 -0.3 -1.5
3 0.3 -1.5
1 -4.91895 -1.14285
1 -1.64422 -1.28793
0 -4.83915 1.64871
0 -2.30822 1.45081
0 1.03392 1.37281
0 4.63733 1.15914
0 -1.07203 7.18487
1 1.81778 -1.34335
110
1 3.91223 -1.12894
3 0.3 1.5
3 -0.3 1.5
3 -0.3 -1.5
3 0.3 -1.5
1 -4.9184 -1.14316
1 -1.64362 -1.28811
0 -4.84217 1.64675
0 -2.28795 1.45606
0 1.02464 1.37
0 4.64179 1.16248
0 -1.07176 7.1848
1 1.81847 -1.34377
114
1 3.90169 -1.12996
3 0.3 1.5
3 -0.3 1.5
3 -0.3 -1.5
3 0.3 -1.5
1 -4.92069 -1.14219
1 -1.64311 -1.28652
0 -4.84621 1.64363
0 -2.27132 1.45995
0 1.05478 1.3742
0 4.60874 1.16409
0 -1.07135 7.18475
1 1.82168 -1.34369
118
1 3.84664 -1.12232
3 0.3 1.5
3 -0.3 1.5
3 -0.3 -1.5
3 0.3 -1.5
1 -4.91319 -1.14664
1 -1.63355 -1.28851
0 -4.84788 1.64337
0 -2.24978 1.46578
0 1.05128 1.37506
0 4.63243 1.15837
0 -1.07118 7.1849
1 1.83243 -1.34355
122
1 3.82271 -1.12047
3 0.3 1.5
3 -0.3 1.5
3 -0.3 -1.5
3 0.3 -1.5
1 -4.91725 -1.14434
1 -1.65231 -1.28221
0 -4.84788 1.64308
0 -2.24977 1.4655
0 1.05128 1.37477
0 4.63243 1.15804
0 -1.07119 7.18487
1 1.8224 -1.342
126
1 3.81968 -1.12015
3 0.3 1.5
3 -0.3 1.5
3 -0.3 -1.5
3 0.3 -1.5
1 -4.91857 -1.14419
1 -1.65368 -1.28206
0 -4.83741 1.65157
0 -2.22098 1.47406
0 1.05583 1.37734
0 4.64639 1.16582
0 -1.07151 7.18488
1 1.82074 -1.34182
130
1 3.84371 -1.12439
3 0.3 1.5
3 -0.3 1.5
3 -0.3 -1.5
3 0.3 -1.5
1 -4.91742 -1.14475
1 -1.65901 -1.28101
0 -4.84254 1.64736
0 -2.21491 1.47464
0 1.03845 1.37467
0 4.63423 1.16841
0 -1.06888 7.19479
1 1.85374 -1.34725
134
1 3.77731 -1.11707
3 0.3 1.5
3 -0.3 1.5
3 -0.3 -1.5
3 0.3 -1.5
1 -4.9195 -1.14374
1 -1.6572 -1.28177
0 -4.84232 1.64757
0 -2.19658 1.47952
0 1.00907 1.37095
0 4.60852 1.17036
0 -1.02349 7.24374
1 1.84759 -1.34512
138
1 3.83909 -1.12738
3 0.3 1.5
3 -0.3 1.5
3 -0.3 -1.5
3 0.3 -1.5
1 -4.91491 -1.14662
1 -1.64928 -1.28368
0 -4.84207 1.64784
0 -2.19635 1.47974
0 1.00934 1.37122
0 4.60877 1.17058
0 -1.02328 7.24407
1 1.86989 -1.34806
142
1 3.8375 -1.12723
3 0.3 1.5
3 -0.3 1.5
3 -0.3 -1.5
3 0.3 -1.5
1 -4.91566 -1.14653
1 -1.65004 -1.2836
0 -4.83932 1.64991
0 -2.17773 1.48512
0 1.01131 1.37295
0 4.59299 1.17421
0 -1.02394 7.24417
1 1.86899 -1.34797
0 0.491003 8.99899
146
1 3.77054 -1.11848
3 0.3 1.5
3 -0.3 1.5
3 -0.3 -1.5
3 0.3 -1.5
1 -4.91901 -1.14471
1 -1.66898 -1.27802
0 -4.84052 1.64906
0 -2.16307 1.48853
0 1.00929 1.37342
0 4.62471 1.17799
0 -0.979685 7.29391
1 1.83189 -1.34098
0 0.492849 8.99856
150
1 3.84769 -1.13004
3 0.3 1.5
3 -0.3 1.5
3 -0.3 -1.5
3 0.3 -1.5
1 -4.91806 -1.14531
1 -1.68371 -1.27386
0 -4.84031 1.6491
0 -2.16289 1.48855
0 1.00951 1.37345
0 4.62492 1.17803
0 -0.979492 7.29394
1 1.78662 -1.33313
0 0.493244 8.99862
154
1 3.89748 -1.1351
3 0.3 1.5
3 -0.3 1.5
3 -0.3 -1.5
3 0.3 -1.5
1 -4.92104 -1.14385
1 -1.69776 -1.26998
0 -4.83394 1.65339
0 -2.17942 1.48448
0 1.01815 1.3757
0 4.61191 1.18049
0 -0.980183 7.29412
1 1.79249 -1.33338
0 0.491963 8.99892
158
1 3.8782 -1.13323
3 0.3 1.5
3 -0.3 1.5
3 -0.3 -1.5
3 0.3 -1.5
1 -4.91782 -1.14558
1 -1.70844 -1.26694
0 -4.83883 1.64927
0 -2.19384 1.48009
0 1.01772 1.37569
0 4.61549 1.17925
0 -0.979036 7.29385
1 1.8239 -1.33876
0 0.449135 8.965
162
1 3.87822 -1.13333
3 0.3 1.5
3 -0.3 1.5
3 -0.3 -1.5
3 0.3 -1.5
1 -4.91778 -1.14563
1 -1.7084 -1.267
0 -4.8418 1.64706
0 -2.18587 1.48125
0 0.99954 1.37322
0 4.6083 1.18181
0 -0.948185 7.32483
1 1.82395 -1.33883
0 0.449204 8.96488
166
1 3.87832 -1.133
3 0.3 1.5
3 -0.3 1.5
3 -0.3 -1.5
3 0.3 -1.5
1 -4.9179 -1.14537
1 -1.70644 -1.26726
0 -4.84394 1.64585
0 -2.17466 1.48432
0 0.99305 1.3728
0 4.62809 1.17686
0 -0.948169 7.32504
1 1.81812 -1.33725
0 0.449247 8.96526
170
1 3.83416 -1.12756
3 0.3 1.5
3 -0.3 1.5
3 -0.3 -1.5
3 0.3 -1.5
1 -4.91519 -1.14696
1 -1.71002 -1.26653
0 -4.84416 1.64575
0 -2.17486 1.48422
0 0.99283 1.3727
0 4.62788 1.17675
0 -0.94834 7.32497
1 1.83179 -1.3388
0 0.448918 8.96511
174
1 3.85284 -1.13247
3 0.3 1.5
3 -0.3 1.5
3 -0.3 -1.5
3 0.3 -1.5
1 -4.91604 -1.14644
1 -1.7017 -1.26876
0 -4.84425 1.64572
0 -2.17494 1.4842
0 0.992736 1.37268
0 4.62779 1.17672
0 -0.948417 7.32496
1 1.83699 -1.33902
0 0.448771 8.96507
178
1 3.85393 -1.13314
3 0.3 1.5
3 -0.3 1.5
3 -0.3 -1.5
3 0.3 -1.5
1 -4.91528 -1.14689
1 -1.70091 -1.26924
0 -4.84603 1.64368
0 -2.19044 1.4795
0 1.00113 1.37437
0 4.61238 1.18
0 -0.962859 7.31229
1 1.83789 -1.3396
0 0.422063 8.93035
182
1 3.8276 -1.13178
3 0.3 1.5
3 -0.3 1.5
3 -0.3 -1.5
3 0.3 -1.5
1 -4.91693 -1.14585
1 -1.70343 -1.26867
0 -4.84615 1.64353
0 -2.19057 1.47935
0 1.00101 1.37422
0 4.61226 1.17985
0 -0.96299 7.31209
1 1.77236 -1.32825
0 0.421864 8.93004
186
1 3.82681 -1.13154
3 0.3 1.5
3 -0.3 1.5
3 -0.3 -1.5
3 0.3 -1.5
1 -4.91755 -1.14562
1 -1.70406 -1.26844
0 -4.84514 1.64457
0 -2.17597 1.48287
0 1.00256 1.37485
0 4.62438 1.18341
0 -0.963456 7.31226
1 1.77159 -1.32799
0 0.344527 8.85606
190
1 3.8276 -1.13113
3 0.3 1.5
3 -0.3 1.5
3 -0.3 -1.5
3 0.3 -1.5
1 -4.91689 -1.14541
1 -1.70343 -1.26817
0 -4.85085 1.64092
0 -2.17699 1.48268
0 1.01334 1.36883
0 4.64031 1.17877
0 -0.96307 7.31246
1 1.77237 -1.32762
0 0.34027 8.83831
194
1 3.85329 -1.12939
3 0.3 1.5
3 -0.3 1.5
3 -0.3 -1.5
3 0.3 -1.5
1 -4.91765 -1.14523
1 -1.70316 -1.2675
0 -4.85127 1.64042
0 -2.17034 1.48443
0 1.02058 1.37068
0 4.64485 1.18207
0 -0.963233 7.31238
1 1.76809 -1.32676
0 0.339671 8.83779
198
0 -2.2387 5.82497
1 3.85357 -1.12966
3 0.3 1.5
3 -0.3 1.5
3 -0.3 -1.5
3 0.3 -1.5
1 -4.91747 -1.14536
1 -1.70297 -1.26764
0 -4.85401 1.6383
0 -2.16081 1.48666
0 1.03475 1.37288
0 4.62453 1.18293
0 -0.963087 7.31229
1 1.76833 -1.32694
0 0.340062 8.83751
202
0 -2.23982 5.82613
1 3.86366 -1.13232
3 0.3 1.5
3 -0.3 1.5
3 -0.3 -1.5
3 0.3 -1.5
1 -4.91761 -1.14542
1 -1.70656 -1.26697
0 -4.85241 1.63922
0 -2.15815 1.48779
0 1.00833 1.36952
0 4.60066 1.18305
0 -0.957211 7.31784
1 1.7615 -1.32531
0 0.339782 8.83772
206
0 -2.23874 5.82697
1 3.83994 -1.12866
3 0.3 1.5
3 -0.3 1.5
3 -0.3 -1.5
3 0.3 -1.5
1 -4.91642 -1.1461
1 -1.70659 -1.26732
0 -4.85218 1.63941
0 -2.15794 1.48797
0 1.00858 1.36972
0 4.60085 1.1832
0 -0.957013 7.31802
1 1.74513 -1.32217
0 0.340092 8.83793
210
0 -2.47295 5.51774
1 3.83897 -1.1288
3 0.3 1.5
3 -0.3 1.5
3 -0.3 -1.5
3 0.3 -1.5
1 -4.91368 -1.14785
1 -1.69951 -1.26923
0 -4.85104 1.63997
0 -2.17141 1.48466
0 1.00697 1.36998
0 4.60525 1.18531
0 -0.95754 7.31794
1 1.74094 -1.32158
0 0.339361 8.83778
214
0 -2.47359 5.51905
1 3.84785 -1.13125
3 0.3 1.5
3 -0.3 1.5
3 -0.3 -1.5
3 0.3 -1.5
1 -4.91406 -1.14759
1 -1.7026 -1.26746
0 -4.85207 1.63898
0 -2.1746 1.48419
0 1.00526 1.3705
0 4.60446 1.18017
0 -0.98322 7.28753
1 1.68916 -1.31247
0 0.339291 8.8379
218
0 -2.63762 5.29955
1 3.84793 -1.13136
3 0.3 1.5
3 -0.3 1.5
3 -0.3 -1.5
3 0.3 -1.5
1 -4.91401 -1.14765
1 -1.70254 -1.26753
0 -4.85351 1.63811
0 -2.16218 1.48698
0 1.01253 1.37189
0 4.61061 1.18243
0 -0.983143 7.28747
1 1.68921 -1.3127
0 0.33937 8.83782
222
0 -2.63735 5.29984
1 3.86603 -1.12451
3 0.3 1.5
3 -0.3 1.5
3 -0.3 -1.5
3 0.3 -1.5
1 -4.91306 -1.14822
1 -1.70017 -1.26826
0 -4.85339 1.63823
0 -2.16207 1.48709
0 1.01264 1.372
0 4.61072 1.18253
0 -0.983035 7.28755
1 1.67839 -1.31101
0 0.339491 8.83797
226
0 -2.58185 5.35554
1 3.86451 -1.12405
3 0.3 1.5
3 -0.3 1.5
3 -0.3 -1.5
3 0.3 -1.5
1 -4.91381 -1.14799
1 -1.70091 -1.26804
0 -4.85326 1.63843
0 -2.14963 1.49024
0 1.02727 1.37499
0 4.62294 1.18744
0 -0.988278 7.27987
1 1.67742 -1.31076
0 0.339215 8.83797
230
0 -2.58056 5.35567
1 3.86511 -1.12394
3 0.3 1.5
3 -0.3 1.5
3 -0.3 -1.5
3 0.3 -1.5
1 -4.91593 -1.14682
1 -1.70973 -1.26585
0 -4.8528 1.63864
0 -2.14923 1.4904
0 1.02768 1.37514
0 4.6233 1.18758
0 -0.987771 7.28005
1 1.70333 -1.30602
0 0.339537 8.8382
234
0 -2.57863 5.35606
1 5.59246 -1.37787
1 3.86593 -1.12384
3 0.3 1.5
3 -0.3 1.5
3 -0.3 -1.5
3 0.3 -1.5
1 -4.91387 -1.14801
1 -1.72113 -1.26297
0 -4.85391 1.63722
0 -2.16566 1.48566
0 1.01559 1.37351
0 4.62096 1.18948
0 -0.987121 7.28019
1 1.69426 -1.30477
0 0.339829 8.83822
238
0 -2.57941 5.35686
1 5.59128 -1.37652
1 3.83132 -1.12159
3 0.3 1.5
3 -0.3 1.5
3 -0.3 -1.5
3 0.3 -1.5
1 -4.91432 -1.148
1 -1.72929 -1.26006
0 -4.85115 1.63876
0 -2.18309 1.48123
0 1.01607 1.3742
0 4.62717 1.19185
0 -0.98739 7.28045
1 1.69738 -1.30536
0 0.339756 8.83824
242
0 -2.57932 5.35695
1 5.47558 -1.3658
1 3.83135 -1.12153
3 0.3 1.5
3 -0.3 1.5
3 -0.3 -1.5
3 0.3 -1.5
1 -4.91218 -1.14936
1 -1.72475 -1.26079
0 -4.85113 1.6388
0 -2.18307 1.48128
0 1.01608 1.37424
0 4.62717 1.19188
0 -0.987376 7.28048
1 1.67026 -1.3011
0 0.339741 8.83825
246
0 -2.57858 5.35716
1 5.47696 -1.36525
1 3.79986 -1.11815
3 0.3 1.5
3 -0.3 1.5
3 -0.3 -1.5
3 0.3 -1.5
1 -4.91032 -1.15039
1 -1.73339 -1.2587
0 -4.85384 1.63678
0 -2.17495 1.4828
0 1.01198 1.37374
0 4.63161 1.19361
0 -0.987137 7.28056
1 1.66959 -1.30108
0 0.339819 8.83826
250
0 -2.5777 5.35763
1 5.35905 -1.34008
1 3.8193 -1.11954
3 0.3 1.5
3 -0.3 1.5
3 -0.3 -1.5
3 0.3 -1.5
1 -4.9103 -1.15041
1 -1.73444 -1.25863
0 -4.85341 1.63707
0 -2.17455 1.48308
0 1.01236 1.37402
0 4.63189 1.19382
0 -0.986855 7.28073
1 1.65033 -1.29828
0 0.339938 8.83833
254
0 -2.57949 5.3581
1 5.35306 -1.33634
1 3.8174 -1.11854
3 0.3 1.5
3 -0.3 1.5
3 -0.3 -1.5
3 0.3 -1.5
1 -4.91209 -1.14927
1 -1.73634 -1.25753
0 -4.85246 1.63807
0 -2.18073 1.48136
0 1.03823 1.37217
0 4.61981 1.19522
0 -0.98747 7.2809
1 1.64807 -1.29702
0 0.339684 8.83838
258
0 -2.5795 5.35809
1 5.35282 -1.33642
1 3.81733 -1.11858
3 0.3 1.5
3 -0.3 1.5
3 -0.3 -1.5
3 0.3 -1.5
1 -4.91214 -1.14927
1 -1.73641 -1.25753
0 -4.85127 1.63858
0 -2.19875 1.47626
0 1.03456 1.3717
0 4.60813 1.19611
0 -0.987466 7.2809
1 1.64799 -1.29704
0 0.339722 8.83838
262
0 -2.57884 5.35797
1 5.39819 -1.34375
1 3.80365 -1.13464
3 0.3 1.5
3 -0.3 1.5
3 -0.3 -1.5
3 0.3 -1.5
1 -4.91421 -1.1482
1 -1.76205 -1.24972
0 -4.85054 1.6388
0 -2.19803 1.47647
0 1.03518 1.37196
0 4.60849 1.19613
0 -0.987273 7.2808
1 1.63866 -1.29548
0 0.339725 8.83809
266
0 -2.57893 5.35809
1 5.39756 -1.34222
1 3.80337 -1.13416
3 0.3 1.5
3 -0.3 1.5
3 -0.3 -1.5
3 0.3 -1.5
1 -4.91406 -1.14841
1 -1.77308 -1.24677
0 -4.85015 1.63893
0 -2.19438 1.47757
0 1.04286 1.37367
0 4.59208 1.19566
0 -0.987309 7.28086
1 1.62048 -1.29274
0 0.339714 8.83812
270
0 -2.57883 5.35809
1 5.3977 -1.34237
1 3.80343 -1.13422
3 0.3 1.5
3 -0.3 1.5
3 -0.3 -1.5
3 0.3 -1.5
1 -4.91403 -1.14839
1 -1.77303 -1.24678
0 -4.85004 1.63846
0 -2.21534 1.47158
0 1.0375 1.37292
0 4.58219 1.19662
0 -1.00027 7.26725
1 1.62053 -1.29277
0 0.339771 8.83811
274
0 -2.57887 5.35819
1 5.46258 -1.34366
1 3.80317 -1.13392
3 0.3 1.5
3 -0.3 1.5
3 -0.3 -1.5
3 0.3 -1.5
1 -4.91279 -1.14928
1 -1.77012 -1.24744
0 -4.84845 1.63927
0 -2.22671 1.46887
0 1.02912 1.37213
0 4.57594 1.19798
0 -1.0004 7.26759
1 1.61807 -1.29247
0 0.33982 8.83813
278
0 -2.57902 5.35827
1 5.46384 -1.34448
1 3.80291 -1.13349
3 0.3 1.5
3 -0.3 1.5
3 -0.3 -1.5
3 0.3 -1.5
1 -4.91277 -1.14916
1 -1.77103 -1.24691
0 -4.8485 1.63935
0 -2.23431 1.46732
0 1.0368 1.36845
0 4.57566 1.19844
0 -1.0006 7.26798
1 1.61652 -1.29221
0 0.339772 8.83813
282
0 -2.57932 5.35834
1 5.4617 -1.34277
1 3.80249 -1.13323
3 0.3 1.5
3 -0.3 1.5
3 -0.3 -1.5
3 0.3 -1.5
1 -4.91338 -1.14874
1 -1.77171 -1.24649
0 -4.84744 1.64037
0 -2.2287 1.46914
0 1.02646 1.36769
0 4.5869 1.19464
0 -0.999386 7.27173
1 1.61583 -1.29176
0 0.339691 8.83816
286
0 -2.57921 5.35838
1 5.43935 -1.34053
1 3.80254 -1.13313
3 0.3 1.5
3 -0.3 1.5
3 -0.3 -1.5
3 0.3 -1.5
1 -4.91053 -1.15056
1 -1.7667 -1.24802
0 -4.84406 1.64271
0 -2.25207 1.46299
0 1.02877 1.36872
0 4.59287 1.19677
0 -0.975249 7.30005
1 1.62444 -1.29311
0 0.339763 8.83816
290
0 -2.57935 5.35811
1 5.4384 -1.3384
1 3.77069 -1.14452
3 0.3 1.5
3 -0.3 1.5
3 -0.3 -1.5
3 0.3 -1.5
1 -4.90885 -1.15177
1 -1.75983 -1.24964
0 -4.84301 1.64366
0 -2.24204 1.46577
0 1.03163 1.36999
0 4.58878 1.19845
0 -0.975708 7.3007
1 1.62406 -1.29278
0 0.339686 8.83792
294
0 -2.57934 5.35811
1 5.43823 -1.3385
1 3.77065 -1.14455
3 0.3 1.5
3 -0.3 1.5
3 -0.3 -1.5
3 0.3 -1.5
1 -4.90886 -1.15181
1 -1.75987 -1.24967
0 -4.84255 1.64391
0 -2.24892 1.46392
0 1.04474 1.37196
0 4.59205 1.19992
0 -0.960644 7.31864
1 1.62402 -1.29281
0 0.339705 8.83792
298
0 -2.57933 5.35808
1 5.42505 -1.33775
1 3.77059 -1.14442
3 0.3 1.5
3 -0.3 1.5
3 -0.3 -1.5
3 0.3 -1.5
1 -4.90662 -1.15319
1 -1.75148 -1.25177
0 -4.84384 1.64317
0 -2.24217 1.46515
0 1.05535 1.374
0 4.58994 1.20137
0 -0.960701 7.31911
1 1.62919 -1.29457
0 0.339709 8.83789
302
0 -2.57925 5.35811
1 5.42599 -1.3373
1 3.75818 -1.14216
3 0.3 1.5
3 -0.3 1.5
3 -0.3 -1.5
3 0.3 -1.5
1 -4.90597 -1.15362
1 -1.7668 -1.24783
0 -4.84409 1.64282
0 -2.23417 1.46706
0 1.03193 1.3709
0 4.58541 1.20268
0 -0.960191 7.31938
1 1.62653 -1.29429
0 0.33973 8.8379
306
0 -2.66771 5.23972
1 5.42521 -1.33711
1 3.75791 -1.14211
3 0.3 1.5
3 -0.3 1.5
3 -0.3 -1.5
3 0.3 -1.5
1 -4.9062 -1.15356
1 -1.7671 -1.24775
0 -4.84314 1.64361
0 -2.22811 1.46863
0 1.02561 1.37032
0 4.58266 1.20322
0 -0.960556 7.31941
1 1.62625 -1.29423
0 0.33977 8.83786
310
0 -2.66684 5.24024
1 5.37512 -1.33349
1 3.75816 -1.14208
3 0.3 1.5
3 -0.3 1.5
3 -0.3 -1.5
3 0.3 -1.5
1 -4.90579 -1.154
1 -1.77504 -1.24492
0 -4.84273 1.6438
0 -2.22283 1.4699
0 1.02163 1.36986
0 4.57007 1.20381
0 -0.960136 7.31954
1 1.59576 -1.28942
0 0.284803 8.7618
314
0 -2.61307 5.31385
1 5.37562 -1.33288
1 3.7754 -1.1449
3 0.3 1.5
3 -0.3 1.5
3 -0.3 -1.5
3 0.3 -1.5
1 -4.90732 -1.15297
1 -1.77573 -1.24543
0 -4.84265 1.64372
0 -2.22454 1.46949
0 1.00554 1.36771
0 4.57021 1.20405
0 -0.959974 7.31971
1 1.59059 -1.28859
0 0.285101 8.76232
318
0 -2.61362 5.31456
1 5.40939 -1.33364
1 3.7752 -1.14476
3 0.3 1.5
3 -0.3 1.5
3 -0.3 -1.5
3 0.3 -1.5
1 -4.90829 -1.15256
1 -1.78575 -1.24238
0 -4.84012 1.6453
0 -2.23595 1.46638
0 1.00401 1.36788
0 4.55658 1.20453
0 -0.946534 7.33469
1 1.58572 -1.2887
0 0.284897 8.76262
322
0 -2.61293 5.31499
1 5.37687 -1.33043
1 3.77539 -1.14468
3 0.3 1.5
3 -0.3 1.5
3 -0.3 -1.5
3 0.3 -1.5
1 -4.90931 -1.15199
1 -1.78772 -1.24195
0 -4.83971 1.64551
0 -2.23559 1.46656
0 1.00436 1.36805
0 4.55668 1.2044
0 -0.946137 7.33492
1 1.58096 -1.28791
0 0.285245 8.76286
326
0 -2.61275 5.31559
1 5.36117 -1.32868
1 3.76233 -1.15679
3 0.3 1.5
3 -0.3 1.5
3 -0.3 -1.5
3 0.3 -1.5
1 -4.90856 -1.15247
1 -1.787 -1.24247
0 -4.83977 1.64545
0 -2.23102 1.46789
0 1.00652 1.36868
0 4.54887 1.20537
0 -0.946066 7.33517
1 1.58098 -1.28758
0 0.28533 8.76308
330
0 -2.61319 5.31587
1 5.36887 -1.33043
1 3.76204 -1.15663
3 0.3 1.5
3 -0.3 1.5
3 -0.3 -1.5
3 0.3 -1.5
1 -4.90936 -1.15221
1 -1.78855 -1.24158
0 -4.83811 1.64661
0 -2.226 1.46932
0 0.996059 1.36751
0 4.53811 1.206
0 -0.94628 7.33528
1 1.56688 -1.28537
0 0.315491 8.79582
334
0 -2.6132 5.31588
1 5.3688 -1.33036
1 3.76205 -1.15664
3 0.3 1.5
3 -0.3 1.5
3 -0.3 -1.5
3 0.3 -1.5
1 -4.90937 -1.15219
1 -1.78856 -1.24156
0 -4.84068 1.64466
0 -2.21946 1.47073
0 1.00194 1.36837
0 4.54045 1.20748
0 -0.946272 7.33528
1 1.56687 -1.28536
0 0.328511 8.80237
338
0 -2.61337 5.31592
1 5.36813 -1.33031
1 3.76189 -1.15667
3 0.3 1.5
3 -0.3 1.5
3 -0.3 -1.5
3 0.3 -1.5
1 -4.90955 -1.15211
1 -1.78879 -1.2415
0 -4.84063 1.64423
0 -2.2368 1.46579
0 1.00821 1.36942
0 4.53385 1.20954
0 -0.94635 7.33529
1 1.56665 -1.28535
0 0.272158 8.7351
342
0 -2.61323 5.316
1 5.4243 -1.33911
1 3.76196 -1.15662
3 0.3 1.5
3 -0.3 1.5
3 -0.3 -1.5
3 0.3 -1.5
1 -4.91165 -1.15081
1 -1.77963 -1.24432
0 -4.84044 1.6444
0 -2.23662 1.46598
0 1.00836 1.3696
0 4.53397 1.20968
0 -0.946278 7.33532
1 1.56117 -1.28519
0 0.272359 8.73591
346
0 -2.61362 5.31603
1 5.42252 -1.33871
1 3.76172 -1.15662
3 0.3 1.5
3 -0.3 1.5
3 -0.3 -1.5
3 0.3 -1.5
1 -4.91206 -1.15072
1 -1.78016 -1.24418
0 -4.83798 1.64632
0 -2.23151 1.46751
0 1.0031 1.3692
0 4.52527 1.21048
0 -0.946464 7.33533
1 1.56056 -1.28506
0 0.270869 8.73615
350
0 -2.61338 5.31615
1 5.42341 -1.33805
1 3.76182 -1.15656
3 0.3 1.5
3 -0.3 1.5
3 -0.3 -1.5
3 0.3 -1.5
1 -4.91159 -1.15106
1 -1.77507 -1.2454
0 -4.83759 1.64662
0 -2.23117 1.46778
0 1.00342 1.36945
0 4.52553 1.21067
0 -0.946335 7.33539
1 1.54315 -1.28211
0 0.271695 8.7368
354
0 -2.61341 5.31617
1 5.41227 -1.33394
1 3.76178 -1.15658
3 0.3 1.5
3 -0.3 1.5
3 -0.3 -1.5
3 0.3 -1.5
1 -4.91258 -1.15061
1 -1.78179 -1.24339
0 -4.837 1.64693
0 -2.22779 1.4688
0 1.00798 1.37043
0 4.52415 1.21202
0 -0.946326 7.3354
1 1.54723 -1.28268
0 0.27148 8.73685
358
0 -2.61335 5.3162
1 5.41251 -1.33387
1 3.77346 -1.15669
3 0.3 1.5
3 -0.3 1.5
3 -0.3 -1.5
3 0.3 -1.5
1 -4.91235 -1.1507
1 -1.78855 -1.24191
0 -4.8369 1.64698
0 -2.2277 1.46884
0 1.00806 1.37046
0 4.52422 1.21205
0 -0.946299 7.33541
1 1.54071 -1.28166
0 0.271646 8.73691
362
0 -2.61318 5.31617
1 5.41347 -1.33403
1 3.7726 -1.15849
3 0.3 1.5
3 -0.3 1.5
3 -0.3 -1.5
3 0.3 -1.5
1 -4.9096 -1.15231
1 -1.78549 -1.24276
0 -4.83847 1.64561
0 -2.2358 1.46651
0 1.01327 1.37135
0 4.53064 1.21387
0 -0.995363 7.27276
1 1.54382 -1.28219
0 0.272312 8.73691
366
0 -2.61331 5.31597
1 5.41325 -1.33383
1 3.73879 -1.16646
3 0.3 1.5
3 -0.3 1.5
3 -0.3 -1.5
3 0.3 -1.5
1 -4.90926 -1.15256
1 -1.78792 -1.24214
0 -4.83902 1.64498
0 -2.23909 1.46572
0 1.02284 1.37295
0 4.52887 1.21513
0 -0.995502 7.27278
1 1.54361 -1.28212
0 0.272084 8.73686
370
0 -2.61326 5.31601
1 5.41638 -1.33454
1 3.75052 -1.16558
3 0.3 1.5
3 -0.3 1.5
3 -0.3 -1.5
3 0.3 -1.5
1 -4.90765 -1.15359
1 -1.80229 -1.23792
0 -4.83887 1.64499
0 -2.23895 1.46569
0 1.02295 1.37291
0 4.52897 1.2151
0 -0.995396 7.27277
1 1.52442 -1.27899
0 0.272257 8.73686
374
0 -2.61323 5.31599
1 5.41652 -1.33469
1 3.75061 -1.16567
3 0.3 1.5
3 -0.3 1.5
3 -0.3 -1.5
3 0.3 -1.5
1 -4.90756 -1.15364
1 -1.80218 -1.23799
0 -4.83957 1.64458
0 -2.23232 1.46686
0 1.01905 1.37252
0 4.52504 1.21614
0 -0.995334 7.27274
1 1.52452 -1.27907
0 0.27235 8.73684
378
0 -2.61321 5.31598
1 5.41634 -1.3348
1 3.7505 -1.16572
3 0.3 1.5
3 -0.3 1.5
3 -0.3 -1.5
3 0.3 -1.5
1 -4.90767 -1.15365
1 -1.80231 -1.238
0 -4.83975 1.64443
0 -2.22697 1.46831
0 1.02281 1.37342
0 4.51792 1.2169
0 -0.995347 7.27272
1 1.5244 -1.27911
0 0.272332 8.73681
382
0 -2.61315 5.31598
1 5.38622 -1.32876
1 3.75065 -1.16594
3 0.3 1.5
3 -0.3 1.5
3 -0.3 -1.5
3 0.3 -1.5
1 -4.9093 -1.15271
1 -1.79702 -1.23944
0 -4.84133 1.6431
0 -2.22287 1.46931
0 1.02638 1.37407
0 4.50981 1.21796
0 -0.995244 7.27268
1 1.52414 -1.27919
0 0.272493 8.73677
386
0 -2.61312 5.31599
1 5.34615 -1.32502
1 3.75092 -1.16603
3 0.3 1.5
3 -0.3 1.5
3 -0.3 -1.5
3 0.3 -1.5
1 -4.90932 -1.15267
1 -1.80535 -1.23699
0 -4.84277 1.64161
0 -2.22956 1.4673
0 1.02029 1.37321
0 4.49493 1.21692
0 -0.995126 7.27268
1 1.50167 -1.27572
0 0.272688 8.73677
390
0 -2.61311 5.31599
1 5.34599 -1.32502
1 3.75086 -1.16604
3 0.3 1.5
3 -0.3 1.5
3 -0.3 -1.5
3 0.3 -1.5
1 -4.90939 -1.15263
1 -1.80543 -1.23696
0 -4.84314 1.6414
0 -2.22606 1.4677
0 1.01956 1.37326
0 4.48405 1.21721
0 -0.995124 7.27268
1 1.50158 -1.27571
0 0.27269 8.73676
394
0 -2.61313 5.31602
1 5.34538 -1.32488
1 3.74976 -1.16434
3 0.3 1.5
3 -0.3 1.5
3 -0.3 -1.5
3 0.3 -1.5
1 -4.91012 -1.1523
1 -1.80833 -1.23616
0 -4.84209 1.64226
0 -2.2197 1.46948
0 1.0256 1.3746
0 4.4902 1.21864
0 -0.995188 7.27271
1 1.47235 -1.27106
0 0.272598 8.73679
398
0 -2.61314 5.31601
1 5.34548 -1.32487
1 3.74981 -1.16433
3 0.3 1.5
3 -0.3 1.5
3 -0.3 -1.5
3 0.3 -1.5
1 -4.91006 -1.15231
1 -1.80827 -1.23616
0 -4.8427 1.642
0 -2.21447 1.47039
0 1.02908 1.37531
0 4.49025 1.21865
0 -0.995186 7.27271
1 1.4724 -1.27085
0 0.272598 8.73679
402
0 -2.61313 5.316
1 5.34606 -1.32505
1 3.75012 -1.16445
3 0.3 1.5
3 -0.3 1.5
3 -0.3 -1.5
3 0.3 -1.5
1 -4.90973 -1.15241
1 -1.8079 -1.23628
0 -4.84666 1.63875
0 -2.21549 1.46974
0 1.028 1.37512
0 4.49803 1.22023
0 -0.99511 7.27269
1 1.47284 -1.27098
0 0.197037 8.63788
406
0 -2.61313 5.31603
1 5.34587 -1.3251
1 3.75873 -1.16349
3 0.3 1.5
3 -0.3 1.5
3 -0.3 -1.5
3 0.3 -1.5
1 -4.91129 -1.15141
1 -1.80461 -1.2374
0 -4.84687 1.63861
0 -2.21569 1.46961
0 1.0278 1.375
0 4.49785 1.22012
0 -0.995133 7.2727
1 1.46759 -1.27033
0 0.196569 8.63747
410
0 -2.6131 5.31602
1 5.34552 -1.32516
1 3.7583 -1.16342
3 0.3 1.5
3 -0.3 1.5
3 -0.3 -1.5
3 0.3 -1.5
1 -4.91163 -1.15132
1 -1.80496 -1.23733
0 -4.84461 1.64033
0 -2.21692 1.4694
0 1.02659 1.37512
0 4.50066 1.22153
0 -0.995133 7.27269
1 1.46717 -1.27027
0 0.195748 8.63767
414
0 -2.61313 5.31604
1 5.34542 -1.32521
1 3.75393 -1.16203
3 0.3 1.5
3 -0.3 1.5
3 -0.3 -1.5
3 0.3 -1.5
1 -4.91089 -1.15171
1 -1.81013 -1.23611
0 -4.847 1.63849
0 -2.21154 1.47061
0 1.03432 1.37615
0 4.50667 1.22302
0 -0.995158 7.2727
1 1.45925 -1.26913
0 0.195641 8.63749
418
0 -2.61312 5.31603
1 5.34532 -1.32523
1 3.75376 -1.16202
3 0.3 1.5
3 -0.3 1.5
3 -0.3 -1.5
3 0.3 -1.5
1 -4.91101 -1.15169
1 -1.81026 -1.2361
0 -4.84614 1.63923
0 -2.21208 1.47042
0 1.0459 1.37801
0 4.50662 1.22368
0 -0.983082 7.28654
1 1.4591 -1.26911
0 0.195393 8.63751
422
0 -2.6131 5.31603
1 5.34298 -1.32565
1 3.75393 -1.16195
3 0.3 1.5
3 -0.3 1.5
3 -0.3 -1.5
3 0.3 -1.5
1 -4.91043 -1.15208
1 -1.81632 -1.2344
0 -4.84592 1.63935
0 -2.21187 1.47054
0 1.0461 1.37812
0 4.50682 1.22378
0 -0.982947 7.28661
1 1.46691 -1.27025
0 0.195666 8.63765
426
0 -2.6131 5.31605
1 5.34288 -1.32555
1 3.76703 -1.16217
3 0.3 1.5
3 -0.3 1.5
3 -0.3 -1.5
3 0.3 -1.5
1 -4.90954 -1.1526
1 -1.82024 -1.23356
0 -4.84695 1.6385
0 -2.20788 1.47176
0 1.04477 1.3782
0 4.51633 1.22482
0 -0.983002 7.28672
1 1.46318 -1.26959
0 0.202079 8.64742
430
0 -2.61304 5.31628
1 5.32615 -1.31585
1 3.76696 -1.16196
3 0.3 1.5
3 -0.3 1.5
3 -0.3 -1.5
3 0.3 -1.5
1 -4.9092 -1.15282
1 -1.82109 -1.23328
0 -4.84749 1.63825
0 -2.20251 1.47309
0 1.0446 1.37861
0 4.52958 1.22436
0 -0.982974 7.28694
1 1.46891 -1.26467
0 0.182405 8.62754
434
0 -2.61302 5.31627
1 5.32646 -1.31571
1 3.77067 -1.16343
3 0.3 1.5
3 -0.3 1.5
3 -0.3 -1.5
3 0.3 -1.5
1 -4.91072 -1.15198
1 -1.82039 -1.23317
0 -4.84727 1.63836
0 -2.20232 1.47318
0 1.04479 1.3787
0 4.52981 1.22448
0 -0.982878 7.28698
1 1.47276 -1.26514
0 0.182853 8.62789
438
0 -2.61302 5.31627
1 5.32642 -1.3158
1 3.77064 -1.16347
3 0.3 1.5
3 -0.3 1.5
3 -0.3 -1.5
3 0.3 -1.5
1 -4.91074 -1.15196
1 -1.82042 -1.23317
0 -4.85019 1.63611
0 -2.1915 1.47554
0 1.035 1.37768
0 4.52911 1.22593
0 -0.98286 7.28697
1 1.47273 -1.26516
0 0.195351 8.64593
442
0 -2.61296 5.31636
1 5.32626 -1.3159
1 3.77216 -1.15903
3 0.3 1.5
3 -0.3 1.5
3 -0.3 -1.5
3 0.3 -1.5
1 -4.91139 -1.15166
1 -1.81893 -1.23323
0 -4.84919 1.63701
0 -2.18745 1.47647
0 1.03032 1.37682
0 4.53627 1.22715
0 -0.982837 7.28702
1 1.47027 -1.26448
0 0.19508 8.64589
446
0 -2.61295 5.31643
1 5.32612 -1.31586
1 3.75546 -1.15432
3 0.3 1.5
3 -0.3 1.5
3 -0.3 -1.5
3 0.3 -1.5
1 -4.9118 -1.15151
1 -1.82509 -1.2313
0 -4.84834 1.63772
0 -2.18104 1.47856
0 1.0352 1.3776
0 4.53819 1.2264
0 -0.982871 7.28706
1 1.46506 -1.26335
0 0.194701 8.64595
450
0 -2.61292 5.31652
1 5.32615 -1.3159
1 3.76401 -1.15047
3 0.3 1.5
3 -0.3 1.5
3 -0.3 -1.5
3 0.3 -1.5
1 -4.91313 -1.15073
1 -1.82312 -1.23171
0 -4.84824 1.63778
0 -2.18096 1.47858
0 1.03528 1.3776
0 4.53828 1.22637
0 -0.982823 7.28711
1 1.44525 -1.26031
0 0.194921 8.64594
454
0 -2.61289 5.31654
1 5.29448 -1.30571
1 3.77399 -1.15256
3 0.3 1.5
3 -0.3 1.5
3 -0.3 -1.5
3 0.3 -1.5
1 -4.91398 -1.15025
1 -1.82238 -1.23161
0 -4.84947 1.6368
0 -2.17811 1.47887
0 1.03107 1.3772
0 4.53969 1.22752
0 -0.982775 7.28711
1 1.44809 -1.26062
0 0.19514 8.64591
458
0 -2.61287 5.31655
1 5.32264 -1.30237
1 3.78363 -1.15484
3 0.3 1.5
3 -0.3 1.5
3 -0.3 -1.5
3 0.3 -1.5
1 -4.91661 -1.14874
1 -1.82435 -1.23093
0 -4.8497 1.63653
0 -2.1742 1.47991
0 1.03366 1.37767
0 4.54002 1.22839
0 -0.982732 7.28712
1 1.4398 -1.25927
0 0.162155 8.60921
462
0 -2.61286 5.31656
1 5.32249 -1.30236
1 3.78345 -1.15481
3 0.3 1.5
3 -0.3 1.5
3 -0.3 -1.5
3 0.3 -1.5
1 -4.91672 -1.14871
1 -1.82446 -1.23091
0 -4.84959 1.63656
0 -2.17372 1.48013
0 1.03012 1.37742
0 4.54763 1.22923
0 -0.982732 7.28712
1 1.43968 -1.25925
0 0.161986 8.60922
466
0 -2.61281 5.31662
1 5.34128 -1.29789
1 3.78375 -1.15379
3 0.3 1.5
3 -0.3 1.5
3 -0.3 -1.5
3 0.3 -1.5
1 -4.92051 -1.14651
1 -1.81984 -1.23185
0 -4.84996 1.63628
0 -2.16634 1.48183
0 1.02781 1.37731
0 4.54364 1.22993
0 -0.982679 7.28716
1 1.42501 -1.25693
0 0.162021 8.60928
470
0 -2.61275 5.31664
1 5.34651 -1.29426
1 3.783 -1.15394
3 0.3 1.5
3 -0.3 1.5
3 -0.3 -1.5
3 0.3 -1.5
1 -4.92386 -1.14453
1 -1.82552 -1.23051
0 -4.8481 1.63768
0 -2.16187 1.48278
0 1.02658 1.37725
0 4.5332 1.22995
0 -0.97218 7.30434
1 1.40892 -1.25449
0 0.161436 8.60911
474
0 -2.61265 5.31663
1 5.34339 -1.29583
1 3.78334 -1.15387
3 0.3 1.5
3 -0.3 1.5
3 -0.3 -1.5
3 0.3 -1.5
1 -4.92723 -1.14275
1 -1.83772 -1.22679
0 -4.84573 1.63932
0 -2.15686 1.48445
0 1.03283 1.37847
0 4.51883 1.22982
0 -0.971897 7.30447
1 1.41107 -1.25483
0 0.161892 8.60923
478
0 -2.61266 5.31662
1 5.34431 -1.29636
1 3.78377 -1.15406
3 0.3 1.5
3 -0.3 1.5
3 -0.3 -1.5
3 0.3 -1.5
1 -4.92688 -1.1429
1 -1.83732 -1.22697
0 -4.84749 1.63794
0 -2.15409 1.48493
0 1.0243 1.37675
0 4.51086 1.22999
0 -0.971568 7.30438
1 1.41151 -1.25503
0 0.162316 8.60915
482
0 -2.6127 5.3166
1 5.3451 -1.29601
1 3.75942 -1.15341
3 0.3 1.5
3 -0.3 1.5
3 -0.3 -1.5
3 0.3 -1.5
1 -4.92883 -1.14174
1 -1.84312 -1.22536
0 -4.8477 1.63759
0 -2.15378 1.48541
0 1.02117 1.3763
0 4.51207 1.22915
0 -0.971411 7.30445
1 1.41362 -1.25555
0 0.162516 8.60924
486
0 -2.61268 5.31655
1 5.3513 -1.29918
1 3.77092 -1.15579
3 0.3 1.5
3 -0.3 1.5
3 -0.3 -1.5
3 0.3 -1.5
1 -4.92941 -1.14149
1 -1.83654 -1.22654
0 -4.84759 1.63766
0 -2.15367 1.4855
0 1.02132 1.3764
0 4.51221 1.22923
0 -0.971342 7.30448
1 1.41847 -1.25654
0 0.162621 8.60926
490
0 -2.61267 5.31654
1 5.35135 -1.29936
1 3.77095 -1.15589
3 0.3 1.5
3 -0.3 1.5
3 -0.3 -1.5
3 0.3 -1.5
1 -4.92945 -1.14151
1 -1.83651 -1.22661
0 -4.84811 1.6372
0 -2.14935 1.4869
0 1.02067 1.37618
0 4.50788 1.22965
0 -0.971299 7.30446
1 1.41851 -1.25663
0 0.162689 8.60923
494
0 -2.61269 5.31656
1 5.35107 -1.2991
1 3.77076 -1.15572
3 0.3 1.5
3 -0.3 1.5
3 -0.3 -1.5
3 0.3 -1.5
1 -4.92961 -1.14143
1 -1.83668 -1.2265
0 -4.84811 1.63723
0 -2.14806 1.48754
0 1.02327 1.37722
0 4.52392 1.22951
0 -0.971404 7.30449
1 1.41832 -1.25649
0 0.162527 8.60927
498
0 -2.6127 5.31657
1 5.36222 -1.30252
1 3.77101 -1.15559
3 0.3 1.5
3 -0.3 1.5
3 -0.3 -1.5
3 0.3 -1.5
1 -4.93061 -1.1409
1 -1.84287 -1.22468
0 -4.84733 1.63784
0 -2.14342 1.48898
0 1.03051 1.37887
0 4.52655 1.22909
0 -0.97134 7.30453
1 1.40172 -1.2537
0 0.162611 8.60931
502
0 -2.61268 5.31656
1 5.36214 -1.30269
1 3.77099 -1.15567
3 0.3 1.5
3 -0.3 1.5
3 -0.3 -1.5
3 0.3 -1.5
1 -4.9308 -1.14086
1 -1.84291 -1.22474
0 -4.8464 1.63853
0 -2.13873 1.4905
0 1.02084 1.37794
0 4.52507 1.22913
0 -0.971316 7.30451
1 1.40168 -1.25378
0 0.162655 8.60929
506
0 -2.61266 5.31656
1 5.36249 -1.30263
1 3.78171 -1.15692
3 0.3 1.5
3 -0.3 1.5
3 -0.3 -1.5
3 0.3 -1.5
1 -4.93333 -1.13946
1 -1.8467 -1.22308
0 -4.84595 1.63874
0 -2.13851 1.49055
0 1.0211 1.378
0 4.52537 1.2292
0 -0.971249 7.30452
1 1.39535 -1.25325
0 0.162751 8.60929
510
0 -2.61257 5.31666
1 5.36239 -1.30322
1 3.78161 -1.1574
3 0.3 1.5
3 -0.3 1.5
3 -0.3 -1.5
3 0.3 -1.5
1 -4.93363 -1.13922
1 -1.84505 -1.22412
0 -4.84711 1.63779
0 -2.13858 1.49042
0 1.02719 1.37914
0 4.51036 1.22838
0 -0.971142 7.30457
1 1.40391 -1.25064
0 0.162933 8.60932
514
0 -2.61259 5.31665
1 5.36274 -1.30352
1 3.78186 -1.15766
3 0.3 1.5
3 -0.3 1.5
3 -0.3 -1.5
3 0.3 -1.5
1 -4.93324 -1.13943
1 -1.84466 -1.22445
0 -4.84984 1.63547
0 -2.13729 1.49094
0 1.0293 1.37963
0 4.52223 1.2308
0 -0.971065 7.30455
1 1.40441 -1.25113
0 0.163062 8.60929
518
0 -2.61252 5.31681
1 5.36264 -1.30365
1 3.7818 -1.15771
3 0.3 1.5
3 -0.3 1.5
3 -0.3 -1.5
3 0.3 -1.5
1 -4.93436 -1.13879
1 -1.84643 -1.22404
0 -4.84933 1.63587
0 -2.13718 1.49087
0 1.02931 1.37949
0 4.52221 1.2306
0 -0.970981 7.30467
1 1.38535 -1.2432
0 0.163226 8.60939
522
0 -2.61251 5.3168
1 5.43532 -1.3065
1 3.78181 -1.1577
3 0.3 1.5
3 -0.3 1.5
3 -0.3 -1.5
3 0.3 -1.5
1 -4.93435 -1.13878
1 -1.85061 -1.22294
0 -4.84923 1.63592
0 -2.13715 1.49086
0 1.02934 1.37949
0 4.52223 1.23059
0 -0.970977 7.30467
1 1.3836 -1.24376
0 0.163235 8.6094
526
0 -2.61247 5.31677
1 5.43516 -1.30679
1 3.78627 -1.15806
3 0.3 1.5
3 -0.3 1.5
3 -0.3 -1.5
3 0.3 -1.5
1 -4.93457 -1.13871
1 -1.85218 -1.22283
0 -4.84805 1.63675
0 -2.13756 1.49101
0 1.0316 1.3804
0 4.52882 1.23218
0 -0.970933 7.30463
1 1.39181 -1.24595
0 0.163312 8.60935
530
0 -2.61245 5.31682
1 5.46515 -1.30102
1 3.78748 -1.15741
3 0.3 1.5
3 -0.3 1.5
3 -0.3 -1.5
3 0.3 -1.5
1 -4.93474 -1.13857
1 -1.85884 -1.22129
0 -4.84776 1.63697
0 -2.13748 1.491
0 1.03163 1.38037
0 4.52884 1.23214
0 -0.970906 7.30467
1 1.39434 -1.24657
0 0.16337 8.6094
534
0 -2.61241 5.31681
1 5.46134 -1.29381
1 3.78733 -1.15784
3 0.3 1.5
3 -0.3 1.5
3 -0.3 -1.5
3 0.3 -1.5
1 -4.9349 -1.13848
1 -1.86317 -1.22066
0 -4.84668 1.63763
0 -2.14034 1.49051
0 1.03483 1.38108
0 4.52503 1.23331
0 -0.970842 7.30465
1 1.3958 -1.24774
0 0.163503 8.60938
538
0 -2.61232 5.31669
1 5.45917 -1.2964
1 3.78675 -1.15867
3 0.3 1.5
3 -0.3 1.5
3 -0.3 -1.5
3 0.3 -1.5
1 -4.93566 -1.13825
1 -1.86505 -1.22121
0 -4.84177 1.64117
0 -2.13858 1.49225
0 1.02875 1.3813
0 4.52838 1.23664
0 -0.970725 7.30455
1 1.39465 -1.24886
0 0.163725 8.60924
542
0 -2.61226 5.31666
1 5.45801 -1.29755
1 3.78644 -1.15904
3 0.3 1.5
3 -0.3 1.5
3 -0.3 -1.5
3 0.3 -1.5
1 -4.93609 -1.13808
1 -1.86591 -1.22149
0 -4.83964 1.64264
0 -2.13683 1.49316
0 1.02103 1.38143
0 4.51074 1.23605
0 -0.970652 7.30452
1 1.39403 -1.24935
0 0.163867 8.60918
546
0 -2.61228 5.3167
1 5.49938 -1.28998
1 3.79163 -1.15968
3 0.3 1.5
3 -0.3 1.5
3 -0.3 -1.5
3 0.3 -1.5
1 -4.93601 -1.13807
1 -1.87604 -1.21916
0 -4.83876 1.64333
0 -2.13649 1.49321
0 1.02121 1.38145
0 4.51088 1.23605
0 -0.970666 7.30455
1 1.36482 -1.24563
0 0.163868 8.60923
550
0 -2.61229 5.31673
1 5.52819 -1.28432
1 3.79894 -1.1593
3 0.3 1.5
3 -0.3 1.5
3 -0.3 -1.5
3 0.3 -1.5
1 -4.93622 -1.13794
1 -1.88099 -1.2181
0 -4.83861 1.64344
0 -2.13348 1.49521
0 1.04537 1.38325
0 4.51078 1.23595
0 -0.970683 7.30458
1 1.35883 -1.24506
0 0.163826 8.60929
554
0 -2.61223 5.31668
1 5.52626 -1.28642
1 3.79803 -1.16006
3 0.3 1.5
3 -0.3 1.5
3 -0.3 -1.5
3 0.3 -1.5
1 -4.93643 -1.13788
1 -1.88272 -1.21849
0 -4.83602 1.64523
0 -2.13191 1.49628
0 1.02839 1.38192
0 4.50734 1.23725
0 -0.970607 7.30453
1 1.35774 -1.24581
0 0.163973 8.60921
558
0 -2.61219 5.31667
1 5.55362 -1.28496
1 3.79744 -1.16068
3 0.3 1.5
3 -0.3 1.5
3 -0.3 -1.5
3 0.3 -1.5
1 -4.9365 -1.13784
1 -1.88711 -1.21806
0 -4.83314 1.64728
0 -2.13893 1.4946
0 1.02338 1.38129
0 4.499 1.23825
0 -0.970546 7.30452
1 1.3342 -1.24274
0 0.164112 8.60919
562
0 -2.61217 5.31667
1 5.58575 -1.28398
1 3.79637 -1.16011
3 0.3 1.5
3 -0.3 1.5
3 -0.3 -1.5
3 0.3 -1.5
1 -4.9367 -1.13774
1 -1.8934 -1.21694
0 -4.83167 1.64835
0 -2.1323 1.49649
0 1.00845 1.37983
0 4.48587 1.23824
0 -0.970508 7.30451
1 1.30444 -1.23911
0 0.164213 8.60917
566
0 -2.61219 5.3167
1 5.57738 -1.28282
1 3.77727 -1.15648
3 0.3 1.5
3 -0.3 1.5
3 -0.3 -1.5
3 0.3 -1.5
1 -4.93666 -1.13773
1 -1.89338 -1.21686
0 -4.83128 1.64867
0 -2.1356 1.49535
0 1.00833 1.37972
0 4.48269 1.23782
0 -0.970518 7.30453
1 1.29241 -1.2373
0 0.164215 8.60919
570
0 6.66038 1.3047
0 -2.61213 5.31668
1 5.64085 -1.28187
1 3.79364 -1.1587
3 0.3 1.5
3 -0.3 1.5
3 -0.3 -1.5
3 0.3 -1.5
1 -4.93673 -1.13769
1 -1.90261 -1.21569
0 -4.82985 1.64966
0 -2.13013 1.49741
0 1.01798 1.38215
0 4.48017 1.23982
0 -0.970439 7.3045
1 1.28515 -1.23752
0 0.164369 8.60916
574
0 6.76656 1.31139
0 -2.61209 5.31668
1 5.70038 -1.27672
1 3.79676 -1.15959
3 0.3 1.5
3 -0.3 1.5
3 -0.3 -1.5
3 0.3 -1.5
1 -4.93663 -1.13769
1 -1.91114 -1.21457
0 -4.82739 1.65144
0 -2.13043 1.49742
0 1.00916 1.38173
0 4.46794 1.24053
0 -0.970375 7.3045
1 1.25634 -1.23445
0 0.164524 8.60915
578
0 7.00432 1.34409
0 -2.61206 5.31662
1 5.68056 -1.27645
1 3.81442 -1.16232
3 0.3 1.5
3 -0.3 1.5
3 -0.3 -1.5
3 0.3 -1.5
1 -4.93667 -1.13772
1 -1.92194 -1.2125
0 -4.82632 1.65218
0 -2.1236 1.49915
0 1.01422 1.38434
0 4.46217 1.2421
0 -0.970326 7.30445
1 1.2379 -1.23223
0 0.164633 8.60906
582
0 6.93421 1.35153
0 -2.61203 5.31655
1 5.68039 -1.27791
1 3.81273 -1.16345
3 0.3 1.5
3 -0.3 1.5
3 -0.3 -1.5
3 0.3 -1.5
1 -4.93657 -1.13781
1 -1.92477 -1.21252
0 -4.82503 1.65306
0 -2.12478 1.49894
0 1.02218 1.38688
0 4.46263 1.24401
0 -0.970277 7.3044
1 1.23677 -1.23301
0 0.164731 8.60899
586
0 7.00805 1.32591
0 -2.612 5.31649
1 5.6699 -1.2843
1 3.81295 -1.1645
3 0.3 1.5
3 -0.3 1.5
3 -0.3 -1.5
3 0.3 -1.5
1 -4.93636 -1.13795
1 -1.93218 -1.21089
0 -4.82306 1.6545
0 -2.12857 1.49694
0 1.00408 1.38575
0 4.46315 1.24601
0 -0.970221 7.30434
1 1.22696 -1.23205
0 0.164848 8.60889
590
0 7.16928 1.31589
0 -2.61198 5.31645
1 5.64159 -1.28679
1 3.81225 -1.16539
3 0.3 1.5
3 -0.3 1.5
3 -0.3 -1.5
3 0.3 -1.5
1 -4.93637 -1.13798
1 -1.94217 -1.20905
0 -4.82202 1.65526
0 -2.11919 1.49908
0 0.987922 1.38489
0 4.46455 1.24867
0 -0.970169 7.30431
1 1.19919 -1.22762
0 0.16497 8.60882
594
0 7.0936 1.31967
0 -2.61188 5.31633
1 5.63727 -1.29038
1 3.81051 -1.16693
3 0.3 1.5
3 -0.3 1.5
3 -0.3 -1.5
3 0.3 -1.5
1 -4.93637 -1.13805
1 -1.95114 -1.20831
0 -4.82074 1.65612
0 -2.1087 1.50074
0 0.986834 1.38991
0 4.45571 1.25298
0 -0.970014 7.30419
1 1.19484 -1.22915
0 0.165299 8.60863
598
0 7.08225 1.31992
0 -2.61185 5.31629
1 5.59357 -1.29083
1 3.81138 -1.16686
3 0.3 1.5
3 -0.3 1.5
3 -0.3 -1.5
3 0.3 -1.5
1 -4.93627 -1.13813
1 -1.95033 -1.20796
0 -4.82041 1.65629
0 -2.11272 1.49897
0 0.980711 1.38884
0 4.4487 1.25175
0 -0.969999 7.30416
1 1.17925 -1.22666
0 0.165308 8.60859
602
1 8.277 -1.24364
0 7.07753 1.30723
0 -2.61182 5.31624
1 5.58671 -1.29283
1 3.82587 -1.16739
3 0.3 1.5
3 -0.3 1.5
3 -0.3 -1.5
3 0.3 -1.5
1 -4.93646 -1.13808
1 -1.94282 -1.21056
0 -4.82057 1.65618
0 -2.10303 1.50137
0 0.983531 1.39134
0 4.44441 1.25401
0 -0.969946 7.30411
1 1.14819 -1.22333
0 0.165442 8.60851
606
1 8.28007 -1.26139
0 7.00088 1.30963
0 -2.6118 5.31621
1 5.6046 -1.28757
1 3.82193 -1.16845
3 0.3 1.5
3 -0.3 1.5
3 -0.3 -1.5
3 0.3 -1.5
1 -4.93656 -1.13803
1 -1.95624 -1.20813
0 -4.82026 1.65643
0 -2.08613 1.50555
0 0.978963 1.3929
0 4.43291 1.25562
0 -0.969882 7.30408
1 1.12472 -1.22023
0 0.165594 8.60845
610
1 8.30816 -1.27633
0 7.08285 1.32234
0 -2.61177 5.31612
1 5.60643 -1.29096
1 3.81962 -1.16939
3 0.3 1.5
3 -0.3 1.5
3 -0.3 -1.5
3 0.3 -1.5
1 -4.93665 -1.13808
1 -1.96391 -1.20724
0 -4.8195 1.65688
0 -2.0691 1.5099
0 0.97286 1.39431
0 4.42057 1.25741
0 -0.969834 7.30401
1 1.11983 -1.2212
0 0.165749 8.6083
614
1 8.29215 -1.20205
0 7.08097 1.31694
0 -2.6118 5.31625
1 5.63191 -1.28324
1 3.87948 -1.17158
3 0.3 1.5
3 -0.3 1.5
3 -0.3 -1.5
3 0.3 -1.5
1 -4.93668 -1.13795
1 -1.97202 -1.20506
0 -4.81963 1.65694
0 -2.0635 1.51142
0 0.975427 1.39374
0 4.42081 1.25674
0 -0.969844 7.30411
1 1.06226 -1.21098
0 0.165777 8.60843
618
1 8.21387 -1.18665
0 7.0848 1.30563
0 -2.61184 5.3162
1 5.62242 -1.28648
1 3.86082 -1.16971
3 0.3 1.5
3 -0.3 1.5
3 -0.3 -1.5
3 0.3 -1.5
1 -4.93688 -1.13794
1 -1.9819 -1.20359
0 -4.81916 1.65727
0 -2.03365 1.5204
0 0.964035 1.39469
0 4.41589 1.25771
0 -0.96985 7.30405
1 1.01649 -1.20535
0 0.165795 8.60835
622
0 8.89793 1.12414
1 8.21658 -1.20556
0 7.1497 1.31876
0 -2.61184 5.31602
1 5.62001 -1.28936
1 3.85188 -1.17157
3 0.3 1.5
3 -0.3 1.5
3 -0.3 -1.5
3 0.3 -1.5
1 -4.93686 -1.13811
1 -1.98596 -1.20311
0 -4.81809 1.65806
0 -2.01092 1.52647
0 0.932829 1.39264
0 4.39826 1.25887
0 -0.96981 7.30391
1 1.00582 -1.20641
0 0.165885 8.60816
626
0 8.89429 1.11135
1 8.16395 -1.21043
0 7.14143 1.31423
0 -2.61183 5.31618
1 5.69962 -1.28757
1 3.8706 -1.16973
3 0.3 1.5
3 -0.3 1.5
3 -0.3 -1.5
3 0.3 -1.5
1 -4.93691 -1.13793
1 -1.99247 -1.20183
0 -4.81822 1.6581
0 -2.00786 1.52741
0 0.933984 1.39159
0 4.39614 1.25774
0 -0.969809 7.30404
1 0.968832 -1.19938
0 0.165906 8.60832
630
0 8.79726 1.21067
1 8.16517 -1.2419
0 7.1537 1.31184
0 -2.61183 5.31583
1 5.68412 -1.29216
1 3.8444 -1.17407
3 0.3 1.5
3 -0.3 1.5
3 -0.3 -1.5
3 0.3 -1.5
1 -4.93709 -1.13816
1 -1.99969 -1.20115
0 -4.81742 1.65848
0 -1.97549 1.53595
0 0.934824 1.39825
0 4.38133 1.26275
0 -0.96974 7.30375
1 0.941682 -1.20074
0 0.166086 8.60793
634
0 8.85724 1.20869
1 8.12832 -1.20351
0 7.12308 1.30614
0 -2.61183 5.31595
1 5.67235 -1.29115
1 3.86794 -1.17297
3 0.3 1.5
3 -0.3 1.5
3 -0.3 -1.5
3 0.3 -1.5
1 -4.93709 -1.13806
1 -2.00079 -1.20093
0 -4.81715 1.65871
0 -1.97587 1.53568
0 0.918086 1.39356
0 4.36609 1.26036
0 -0.969754 7.30385
1 0.936152 -1.19827
0 0.1661 8.60801
638
0 9.07167 1.17702
1 8.0719 -1.21706
0 7.13386 1.31544
0 -2.61181 5.31584
1 5.66743 -1.29356
1 3.88793 -1.17682
3 0.3 1.5
3 -0.3 1.5
3 -0.3 -1.5
3 0.3 -1.5
1 -4.93712 -1.13814
1 -2.0029 -1.20077
0 -4.81669 1.65899
0 -1.95833 1.54035
0 0.893559 1.39143
0 4.3272 1.25877
0 -0.969713 7.30376
1 0.916022 -1.19694
0 0.166195 8.60789
642
0 9.08342 1.16855
1 8.04769 -1.22203
0 7.11637 1.30981
0 -2.6118 5.31592
1 5.81448 -1.292
1 3.88627 -1.17389
3 0.3 1.5
3 -0.3 1.5
3 -0.3 -1.5
3 0.3 -1.5
1 -4.937 -1.1381
1 -2.00527 -1.20018
0 -4.81669 1.65901
0 -1.95722 1.54074
0 0.875593 1.38547
0 4.31502 1.25637
0 -0.96972 7.30382
1 0.903617 -1.19442
0 0.166164 8.60801
646
0 9.37816 1.17155
1 8.05626 -1.25318
0 7.22719 1.33881
0 -2.61184 5.3155
1 5.79053 -1.29614
1 3.85063 -1.17973
3 0.3 1.5
3 -0.3 1.5
3 -0.3 -1.5
3 0.3 -1.5
1 -4.93712 -1.13842
1 -2.00515 -1.20083
0 -4.81589 1.65936
0 -1.9304 1.5477
0 0.865593 1.3885
0 4.32046 1.26454
0 -0.969689 7.3035
1 0.868705 -1.19477
0 0.166279 8.60757
650
0 9.40713 1.17278
1 8.07002 -1.26289
0 7.21634 1.3433
0 -2.61181 5.31537
1 5.76833 -1.29521
1 3.84084 -1.18115
3 0.3 1.5
3 -0.3 1.5
3 -0.3 -1.5
3 0.3 -1.5
1 -4.93709 -1.13853
1 -2.00169 -1.20165
0 -4.81544 1.65962
0 -1.91884 1.55085
0 0.825897 1.3804
0 4.28126 1.26487
0 -0.969642 7.3034
1 0.861485 -1.19521
0 0.166384 8.60743
654
0 9.4198 1.15174
1 8.00889 -1.26355
0 7.23851 1.34645
0 -2.6118 5.31527
1 5.76279 -1.29711
1 3.81811 -1.17954
3 0.3 1.5
3 -0.3 1.5
3 -0.3 -1.5
3 0.3 -1.5
1 -4.93714 -1.13859
1 -2.00215 -1.20177
0 -4.81517 1.65978
0 -1.91 1.55312
0 0.830671 1.38125
0 4.25497 1.26588
0 -0.969606 7.30331
1 0.843944 -1.19422
0 0.166478 8.60731
658
0 9.44349 1.1354
1 7.99412 -1.27246
0 7.19354 1.34444
0 -2.61176 5.31524
1 5.87293 -1.29396
1 3.82368 -1.18113
3 0.3 1.5
3 -0.3 1.5
3 -0.3 -1.5
3 0.3 -1.5
1 -4.93708 -1.1386
1 -2.00191 -1.20178
0 -4.81499 1.65991
0 -1.90502 1.55466
0 0.808558 1.37503
0 4.21474 1.26424
0 -0.969565 7.30329
1 0.835466 -1.19432
0 0.166568 8.60729
662
0 10.985 1.28925
0 9.36692 1.19735
1 7.99983 -1.27877
0 7.19352 1.33402
0 -2.61172 5.31506
1 5.86535 -1.29561
1 3.81392 -1.18299
3 0.3 1.5
3 -0.3 1.5
3 -0.3 -1.5
3 0.3 -1.5
1 -4.93705 -1.13875
1 -2.00054 -1.20229
0 -4.81465 1.66001
0 -1.8988 1.55613
0 0.809323 1.37419
0 4.19 1.26569
0 -0.969515 7.30317
1 0.826121 -1.19419
0 0.166649 8.60713
666
0 10.9635 1.25849
0 9.25353 1.19658
1 7.91606 -1.2789
0 7.1931 1.34431
0 -2.61167 5.315
1 5.84488 -1.29491
1 3.79668 -1.1798
3 0.3 1.5
3 -0.3 1.5
3 -0.3 -1.5
3 0.3 -1.5
1 -4.93704 -1.13879
1 -1.9995 -1.20257
0 -4.81448 1.66012
0 -1.89481 1.55719
0 0.809444 1.37177
0 4.14638 1.2653
0 -0.969455 7.30311
1 0.823831 -1.19509
0 0.166777 8.60705
670
1 9.84511 -1.19901
0 10.967 1.23357
0 9.32809 1.20103
1 7.92588 -1.28672
0 7.19137 1.35127
0 -2.61162 5.31492
1 5.83199 -1.29513
1 3.81618 -1.18246
3 0.3 1.5
3 -0.3 1.5
3 -0.3 -1.5
3 0.3 -1.5
1 -4.93705 -1.13884
1 -1.99913 -1.20274
0 -4.81438 1.66014
0 -1.89197 1.55791
0 0.799934 1.36827
0 4.14589 1.26948
0 -0.969395 7.30304
1 0.818317 -1.19528
0 0.166896 8.60695
674
1 9.84855 -1.21415
0 10.9797 1.22086
0 9.29093 1.20283
1 7.92556 -1.29222
0 7.1745 1.35845
0 -2.61156 5.31482
1 5.83052 -1.29601
1 3.80677 -1.18353
3 0.3 1.5
3 -0.3 1.5
3 -0.3 -1.5
3 0.3 -1.5
1 -4.93702 -1.1389
1 -1.99782 -1.20308
0 -4.81423 1.66021
0 -1.88917 1.55862
0 0.791695 1.36311
0 4.11437 1.2722
0 -0.969315 7.30297
1 0.81543 -1.19522
0 0.167052 8.60684
678
1 10.1384 -1.24924
0 11.0789 1.28385
0 9.285 1.1905
1 7.82716 -1.28315
0 7.12993 1.36248
0 -2.61146 5.31462
1 5.82776 -1.29663
1 3.81067 -1.18458
3 0.3 1.5
3 -0.3 1.5
3 -0.3 -1.5
3 0.3 -1.5
1 -4.93691 -1.13909
1 -1.99624 -1.20349
0 -4.81402 1.66018
0 -1.88736 1.55898
0 0.80431 1.36268
0 4.06889 1.27246
0 -0.969225 7.30282
1 0.835456 -1.20029
0 0.167184 8.60666
682
1 10.3146 -1.20631
0 11.0645 1.27141
0 9.24654 1.18015
1 7.87377 -1.29207
0 7.12549 1.35631
0 -2.61147 5.31474
1 5.98069 -1.29524
1 3.84248 -1.18517
3 0.3 1.5
3 -0.3 1.5
3 -0.3 -1.5
3 0.3 -1.5
1 -4.93691 -1.13896
1 -1.99923 -1.20277
0 -4.81418 1.66015
0 -1.88937 1.55852
0 0.809783 1.36326
0 4.06661 1.27017
0 -0.96924 7.30291
1 0.809557 -1.19676
0 0.167175 8.60679
686
1 10.2975 -1.24105
0 10.9221 1.25598
0 9.33161 1.17692
1 7.86395 -1.30667
0 7.13356 1.37738
0 -2.61138 5.31448
1 5.93628 -1.2937
1 3.80794 -1.18837
3 0.3 1.5
3 -0.3 1.5
3 -0.3 -1.5
3 0.3 -1.5
1 -4.93692 -1.13912
1 -1.99821 -1.20323
0 -4.81393 1.66021
0 -1.88386 1.5598
0 0.833595 1.36277
0 4.00378 1.27396
0 -0.969119 7.30273
1 0.803477 -1.19681
0 0.16742 8.60653
690
1 10.2177 -1.18984
0 10.9091 1.2433
0 9.32257 1.16821
1 7.85483 -1.31177
0 7.1255 1.37044
0 -2.61139 5.31457
1 6.07981 -1.28903
1 3.81259 -1.18584
3 0.3 1.5
3 -0.3 1.5
3 -0.3 -1.5
3 0.3 -1.5
1 -4.93686 -1.13906
1 -2.00024 -1.20269
0 -4.81398 1.6602
0 -1.88482 1.5596
0 0.837114 1.36272
0 3.98563 1.26886
0 -0.969156 7.3028
1 0.784673 -1.19437
0 0.167342 8.60666
694
1 10.1892 -1.20869
0 10.898 1.26287
0 9.32801 1.15194
1 7.90803 -1.32785
0 7.11428 1.37448
0 -2.61135 5.31447
1 6.05412 -1.29155
1 3.76905 -1.18109
3 0.3 1.5
3 -0.3 1.5
3 -0.3 -1.5
3 0.3 -1.5
1 -4.93694 -1.1391
1 -2.0015 -1.20267
0 -4.81387 1.66025
0 -1.88129 1.56036
0 0.869223 1.36614
0 3.95564 1.27137
0 -0.969092 7.30272
1 0.771936 -1.19356
0 0.167485 8.60653
698
1 10.2209 -1.18703
0 10.8726 1.24564
0 9.3177 1.14405
1 7.88182 -1.33361
0 7.09018 1.36471
0 -2.61134 5.31459
1 6.38597 -1.29945
1 3.80227 -1.18443
3 0.3 1.5
3 -0.3 1.5
3 -0.3 -1.5
3 0.3 -1.5
1 -4.93686 -1.13898
1 -2.00421 -1.20189
0 -4.81402 1.6602
0 -1.88474 1.55957
0 0.861213 1.36434
0 3.94359 1.26691
0 -0.969105 7.30282
1 0.748668 -1.1901
0 0.167466 8.60669
702
1 10.1861 -1.23099
0 10.965 1.24169
0 9.3954 1.14454
1 7.87035 -1.35083
0 7.10897 1.37717
0 -2.61133 5.3142
1 6.23182 -1.28963
1 3.73678 -1.18914
3 0.3 1.5
3 -0.3 1.5
3 -0.3 -1.5
3 0.3 -1.5
1 -4.93696 -1.13925
1 -2.0037 -1.2025
0 -4.81368 1.66025
0 -1.8759 1.56187
0 0.925657 1.37417
0 3.90535 1.27291
0 -0.969041 7.30254
1 0.74486 -1.19179
0 0.167617 8.60631
706
1 12.2873 -1.1898
1 10.181 -1.22909
0 10.9415 1.23251
0 9.3982 1.14185
1 7.86568 -1.35354
0 7.08021 1.36982
0 -2.61133 5.31428
1 6.3633 -1.29289
1 3.74926 -1.1895
3 0.3 1.5
3 -0.3 1.5
3 -0.3 -1.5
3 0.3 -1.5
1 -4.93694 -1.13917
1 -2.00485 -1.20218
0 -4.81368 1.66028
0 -1.87692 1.56164
0 0.929509 1.37571
0 3.87697 1.26657
0 -0.969055 7.30261
1 0.734969 -1.19014
0 0.167592 8.60639
710
1 12.5124 -1.2456
1 10.2007 -1.25272
0 11.1457 1.2492
0 9.39942 1.12701
1 7.85812 -1.36178
0 7.07765 1.37447
0 -2.6113 5.31409
1 6.42743 -1.29789
1 3.72669 -1.19211
3 0.3 1.5
3 -0.3 1.5
3 -0.3 -1.5
3 0.3 -1.5
1 -4.93689 -1.13935
1 -2.00446 -1.20243
0 -4.81343 1.66029
0 -1.87307 1.56248
0 0.961194 1.38051
0 3.80935 1.26148
0 -0.969043 7.30249
1 0.730749 -1.19022
0 0.167587 8.60625
714
1 12.2695 -1.2403
1 10.2568 -1.25766
0 11.1199 1.23629
0 9.39672 1.12406
1 7.85461 -1.36432
0 7.04929 1.36561
0 -2.61133 5.31429
1 6.61234 -1.30075
1 3.71156 -1.18501
3 0.3 1.5
3 -0.3 1.5
3 -0.3 -1.5
3 0.3 -1.5
1 -4.93685 -1.13919
1 -2.00493 -1.20213
0 -4.8133 1.66048
0 -1.87904 1.56013
0 0.957097 1.38021
0 3.78153 1.25417
0 -0.969092 7.30263
1 0.720441 -1.18841
0 0.167551 8.60642
718
1 12.3218 -1.2893
1 10.2559 -1.27893
0 11.1404 1.24695
0 9.41076 1.11582
1 7.86366 -1.37067
0 7.0467 1.36809
0 -2.61132 5.31406
1 6.54244 -1.30043
1 3.69393 -1.18907
3 0.3 1.5
3 -0.3 1.5
3 -0.3 -1.5
3 0.3 -1.5
1 -4.93687 -1.13936
1 -2.00362 -1.20264
0 -4.81308 1.66051
0 -1.87479 1.56104
0 0.983401 1.38409
0 3.74703 1.25567
0 -0.96904 7.30247
1 0.725629 -1.18979
0 0.167649 8.6062
722
1 12.6185 -1.27983
1 10.2383 -1.28829
0 11.2068 1.21814
0 9.35397 1.12707
1 7.87035 -1.37461
0 7.03606 1.37131
0 -2.61131 5.31392
1 6.57621 -1.30431
1 3.68603 -1.19162
3 0.3 1.5
3 -0.3 1.5
3 -0.3 -1.5
3 0.3 -1.5
1 -4.93679 -1.13951
1 -2.00201 -1.20305
0 -4.81286 1.66052
0 -1.87222 1.56162
0 1.00369 1.38773
0 3.6785 1.2479
0 -0.969059 7.30239
1 0.729119 -1.19062
0 0.167571 8.60612
726
1 12.6407 -1.30056
1 10.237 -1.29991
0 11.1621 1.21866
0 9.3601 1.11593
1 7.87667 -1.37944
0 6.9853 1.3664
0 -2.6113 5.3138
1 6.58205 -1.30507
1 3.66288 -1.19363
3 0.3 1.5
3 -0.3 1.5
3 -0.3 -1.5
3 0.3 -1.5
1 -4.9368 -1.13961
1 -2.00163 -1.20326
0 -4.81274 1.66053
0 -1.8699 1.56211
0 1.01872 1.38991
0 3.66177 1.24908
0 -0.969037 7.30231
1 0.730065 -1.1914
0 0.167615 8.606
730
1 12.6265 -1.33033
1 10.2289 -1.31507
0 11.2099 1.20319
0 9.35374 1.14268
1 7.87296 -1.37896
0 6.995 1.37453
0 -2.6113 5.31373
1 6.53076 -1.3057
1 3.6415 -1.19375
3 0.3 1.5
3 -0.3 1.5
3 -0.3 -1.5
3 0.3 -1.5
1 -4.93678 -1.13968
1 -1.9997 -1.20369
0 -4.81259 1.6606
0 -1.86761 1.56269
0 1.03634 1.39323
0 3.60585 1.24354
0 -0.969036 7.30226
1 0.737392 -1.19244
0 0.167609 8.60593
734
1 12.6375 -1.28377
1 10.2989 -1.30275
0 11.2002 1.20491
0 9.30258 1.14054
1 7.87269 -1.37471
0 6.95077 1.37052
0 -2.61133 5.31385
1 6.65827 -1.29718
1 3.67875 -1.1966
3 0.3 1.5
3 -0.3 1.5
3 -0.3 -1.5
3 0.3 -1.5
1 -4.93662 -1.13964
1 -1.99855 -1.20362
0 -4.81255 1.66062
0 -1.86949 1.56241
0 1.02865 1.39349
0 3.52439 1.22608
0 -0.969127 7.30237
1 0.739562 -1.19189
0 0.167401 8.60612
738
1 12.6531 -1.3372
1 10.2885 -1.33262
0 11.3108 1.23864
0 9.33303 1.12329
1 7.87838 -1.37819
0 6.99181 1.39173
0 -2.6113 5.31364
1 6.60698 -1.30739
1 3.64895 -1.19873
3 0.3 1.5
3 -0.3 1.5
3 -0.3 -1.5
3 0.3 -1.5
1 -4.93663 -1.13981
1 -1.99691 -1.20416
0 -4.81234 1.66064
0 -1.86595 1.56317
0 1.05208 1.39712
0 3.49569 1.22743
0 -0.969087 7.30222
1 0.746417 -1.19335
0 0.167462 8.60592
742
1 12.6298 -1.31939
1 10.2966 -1.31959
0 11.2693 1.24388
0 9.38076 1.16716
1 7.88591 -1.36948
0 6.85754 1.3991
0 -2.61136 5.31389
1 6.61256 -1.29881
1 3.67778 -1.19531
3 0.3 1.5
3 -0.3 1.5
3 -0.3 -1.5
3 0.3 -1.5
1 -4.93646 -1.13972
1 -1.99311 -1.20445
0 -4.81235 1.66071
0 -1.86827 1.56302
0 1.04411 1.39789
0 3.36552 1.2016
0 -0.969213 7.30241
1 0.76119 -1.19375
0 0.167181 8.6062
746
0 13.2003 1.28137
1 12.6283 -1.32803
1 10.3146 -1.31985
0 11.2867 1.23706
0 9.42362 1.19696
1 7.88555 -1.36738
0 6.83236 1.40406
0 -2.61141 5.31384
1 6.65227 -1.29649
1 3.6872 -1.19865
3 0.3 1.5
3 -0.3 1.5
3 -0.3 -1.5
3 0.3 -1.5
1 -4.93639 -1.1398
1 -1.99234 -1.20454
0 -4.81241 1.66059
0 -1.86959 1.56275
0 1.04209 1.39812
0 3.3539 1.19758
0 -0.96929 7.30239
1 0.76258 -1.1935
0 0.167007 8.60622
750
0 13.1456 1.26758
1 12.6374 -1.29819
1 10.4007 -1.28498
0 11.2745 1.23986
0 9.38263 1.19309
1 7.88466 -1.36481
0 6.79477 1.39909
0 -2.61142 5.31393
1 6.75619 -1.29228
1 3.6999 -1.20048
3 0.3 1.5
3 -0.3 1.5
3 -0.3 -1.5
3 0.3 -1.5
1 -4.93632 -1.13974
1 -1.99188 -1.20443
0 -4.81245 1.66061
0 -1.87115 1.5625
0 1.03318 1.39717
0 3.32255 1.19066
0 -0.96932 7.30247
1 0.763212 -1.19308
0 0.166948 8.60633
754
0 13.3663 1.27255
1 12.6292 -1.279
1 10.3478 -1.2787
0 11.279 1.23532
0 9.42065 1.21551
1 7.8845 -1.36383
0 6.77147 1.40723
0 -2.61145 5.31399
1 6.77408 -1.28918
1 3.68592 -1.198
3 0.3 1.5
3 -0.3 1.5
3 -0.3 -1.5
3 0.3 -1.5
1 -4.9363 -1.1397
1 -1.99132 -1.20443
0 -4.81251 1.66061
0 -1.87197 1.56241
0 1.03275 1.39753
0 3.31407 1.18771
0 -0.96935 7.30251
1 0.76429 -1.19291
0 0.166899 8.60639
758
0 13.3093 1.31006
1 12.6111 -1.28619
1 10.335 -1.28504
0 11.2843 1.2331
0 9.49353 1.24713
1 7.88501 -1.36221
0 6.78077 1.42825
0 -2.61147 5.31401
1 6.75286 -1.28985
1 3.68395 -1.19731
3 0.3 1.5
3 -0.3 1.5
3 -0.3 -1.5
3 0.3 -1.5
1 -4.93629 -1.1397
1 -1.99025 -1.20455
0 -4.81256 1.66058
0 -1.8729 1.56229
0 1.03271 1.39808
0 3.31029 1.18567
0 -0.969376 7.30253
1 0.766803 -1.19283
0 0.166844 8.60641
762
0 13.212 1.32404
1 12.5897 -1.2989
1 10.3036 -1.28892
0 11.2692 1.22357
0 9.43102 1.25899
1 7.88241 -1.3629
0 6.72694 1.43405
0 -2.6115 5.31402
1 6.76019 -1.28942
1 3.66104 -1.195
3 0.3 1.5
3 -0.3 1.5
3 -0.3 -1.5
3 0.3 -1.5
1 -4.93631 -1.1397
1 -1.99064 -1.20445
0 -4.81265 1.66052
0 -1.87379 1.5621
0 1.03407 1.39841
0 3.34009 1.18883
0 -0.969399 7.30253
1 0.764047 -1.19243
0 0.166809 8.60642
766
0 13.1191 1.31649
1 12.6567 -1.27523
1 10.4571 -1.25386
0 11.2605 1.23196
0 9.33916 1.25315
1 7.88206 -1.35953
0 6.59741 1.41242
0 -2.61155 5.31424
1 6.84028 -1.27819
1 3.65101 -1.18944
3 0.3 1.5
3 -0.3 1.5
3 -0.3 -1.5
3 0.3 -1.5
1 -4.93625 -1.13953
1 -1.99037 -1.20419
0 -4.81278 1.66058
0 -1.87595 1.56183
0 1.02392 1.39754
0 3.29586 1.17774
0 -0.969462 7.30269
1 0.765583 -1.19196
0 0.166703 8.60665
770
1 14.5378 -1.22942
0 13.1112 1.30485
1 12.6472 -1.28036
1 10.4013 -1.24123
0 11.2584 1.22929
0 9.32907 1.24673
1 7.88048 -1.36015
0 6.58554 1.40614
0 -2.61156 5.31424
1 6.87576 -1.27752
1 3.63845 -1.18824
3 0.3 1.5
3 -0.3 1.5
3 -0.3 -1.5
3 0.3 -1.5
1 -4.93625 -1.13952
1 -1.9908 -1.20409
0 -4.8128 1.66058
0 -1.87618 1.56178
0 1.02352 1.39739
0 3.30208 1.17834
0 -0.969468 7.3027
1 0.763268 -1.1917
0 0.166697 8.60667
774
1 14.3901 -1.20681
0 13.1043 1.29138
1 12.6374 -1.28689
1 10.3865 -1.23484
0 11.2565 1.22541
0 9.32827 1.24064
1 7.87876 -1.36142
0 6.58892 1.4017
0 -2.61159 5.31427
1 6.86274 -1.26455
1 3.62468 -1.18731
3 0.3 1.5
3 -0.3 1.5
3 -0.3 -1.5
3 0.3 -1.5
1 -4.93627 -1.13948
1 -1.99143 -1.20393
0 -4.81285 1.66058
0 -1.87608 1.56183
0 1.02413 1.3973
0 3.30975 1.17883
0 -0.969491 7.30272
1 0.76041 -1.19144
0 0.166677 8.6067
778
1 14.3806 -1.29138
0 13.364 1.31837
1 12.6244 -1.31089
1 10.3294 -1.26339
0 11.3714 1.34717
0 9.34846 1.2195
1 7.87685 -1.36265
0 6.6537 1.45493
0 -2.61162 5.31415
1 6.79032 -1.27579
1 3.59914 -1.18637
3 0.3 1.5
3 -0.3 1.5
3 -0.3 -1.5
3 0.3 -1.5
1 -4.93634 -1.13959
1 -1.99136 -1.20405
0 -4.81298 1.66041
0 -1.87657 1.5617
0 1.02936 1.39817
0 3.38992 1.19049
0 -0.969499 7.30263
1 0.758696 -1.19132
0 0.166657 8.60657
782
1 14.474 -1.25076
0 13.2771 1.28873
1 12.6341 -1.28501
1 10.2428 -1.26021
0 11.19 1.31626
0 9.29348 1.20723
1 9.19346 -1.47357
0 6.50563 1.41446
0 -2.61168 5.31424
1 6.75815 -1.26441
1 3.55728 -1.1793
3 0.3 1.5
3 -0.3 1.5
3 -0.3 -1.5
3 0.3 -1.5
1 -4.93634 -1.13951
1 -1.98965 -1.20427
0 -4.81294 1.66055
0 -1.87646 1.56181
0 1.0222 1.39716
0 3.36867 1.18555
0 -0.969549 7.3027
1 0.755638 -1.1903
0 0.166586 8.60667
786
1 14.4957 -1.27311
0 13.5549 1.32757
1 12.5845 -1.31088
1 10.1977 -1.28867
0 11.1906 1.28757
0 9.38164 1.25415
1 9.36883 -1.42107
0 6.60999 1.45508
0 -2.61172 5.31417
1 6.71204 -1.27506
1 3.52923 -1.17806
3 0.3 1.5
3 -0.3 1.5
3 -0.3 -1.5
3 0.3 -1.5
1 -4.93637 -1.1396
1 -1.98782 -1.20465
0 -4.81299 1.66046
0 -1.87785 1.56151
0 1.02576 1.39816
0 3.41579 1.19149
0 -0.969584 7.30266
1 0.752324 -1.18935
0 0.166511 8.6066
790
1 14.5279 -1.30012
0 13.5266 1.32443
1 12.6261 -1.30695
1 10.149 -1.30351
0 11.1334 1.26071
0 9.36714 1.2755
1 9.34333 -1.37737
0 6.49045 1.44146
0 -2.61174 5.31412
1 6.64551 -1.27381
1 3.51685 -1.17831
3 0.3 1.5
3 -0.3 1.5
3 -0.3 -1.5
3 0.3 -1.5
1 -4.93642 -1.13964
1 -1.98754 -1.20478
0 -4.81304 1.6604
0 -1.87834 1.56134
0 1.02916 1.39881
0 3.45521 1.19703
0 -0.969597 7.30262
1 0.750819 -1.18908
0 0.16649 8.60655
794
1 14.5033 -1.33447
0 13.4941 1.28534
1 12.6037 -1.31645
1 10.1468 -1.31165
0 11.234 1.28544
0 9.35039 1.29789
1 9.24497 -1.37434
0 6.38375 1.43266
0 -2.61174 5.31407
1 6.63321 -1.28016
1 3.52115 -1.17958
3 0.3 1.5
3 -0.3 1.5
3 -0.3 -1.5
3 0.3 -1.5
1 -4.93644 -1.13967
1 -1.98769 -1.20481
0 -4.81309 1.66032
0 -1.87892 1.56117
0 1.03091 1.3993
0 3.48125 1.20078
0 -0.969589 7.30259
1 0.752324 -1.18929
0 0.166492 8.6065
798
1 14.5006 -1.40301
0 13.5718 1.2518
1 12.6945 -1.33815
1 10.1263 -1.3325
0 11.3232 1.28476
0 9.36404 1.30956
1 9.3489 -1.38321
0 6.45833 1.45919
0 -2.61176 5.31403
1 6.57406 -1.28429
1 3.50374 -1.17982
3 0.3 1.5
3 -0.3 1.5
3 -0.3 -1.5
3 0.3 -1.5
1 -4.93654 -1.13968
1 -1.9878 -1.20485
0 -4.81323 1.66025
0 -1.87952 1.56103
0 1.0346 1.39988
0 3.53522 1.20945
0 -0.969581 7.30255
1 0.749387 -1.18897
0 0.166541 8.60643
802
1 14.4885 -1.32412
0 13.505 1.24743
1 12.7483 -1.31929
1 10.1649 -1.32815
0 11.242 1.27721
0 9.1441 1.27958
1 9.43087 -1.35541
0 6.14738 1.37306
0 -2.61176 5.31407
1 6.58872 -1.27334
1 3.5051 -1.17969
3 0.3 1.5
3 -0.3 1.5
3 -0.3 -1.5
3 0.3 -1.5
1 -4.93655 -1.13961
1 -1.98863 -1.20473
0 -4.81317 1.66034
0 -1.87899 1.56107
0 1.03165 1.39913
0 3.51711 1.20716
0 -0.969574 7.30259
1 0.748432 -1.189
0 0.166569 8.60648
806
1 14.4748 -1.33785
0 13.4982 1.23696
1 12.8153 -1.31153
1 10.1521 -1.33082
0 11.2388 1.27118
0 9.12066 1.26807
1 9.52741 -1.34357
0 6.10716 1.35581
0 -2.61176 5.31408
1 6.5798 -1.27174
1 3.49922 -1.17906
3 0.3 1.5
3 -0.3 1.5
3 -0.3 -1.5
3 0.3 -1.5
1 -4.93655 -1.13961
1 -1.98842 -1.20477
0 -4.81316 1.66036
0 -1.87898 1.56106
0 1.03107 1.39901
0 3.51739 1.20717
0 -0.969579 7.30259
1 0.747541 -1.18883
0 0.166563 8.60648
810
1 14.4922 -1.40126
0 13.5947 1.27409
1 12.7605 -1.34291
1 10.1388 -1.34531
0 11.2614 1.24272
0 9.24431 1.31268
1 9.4012 -1.35983
0 6.25212 1.416
0 -2.61177 5.314
1 6.53349 -1.2816
1 3.50177 -1.1808
3 0.3 1.5
3 -0.3 1.5
3 -0.3 -1.5
3 0.3 -1.5
1 -4.93657 -1.13969
1 -1.98782 -1.20492
0 -4.81325 1.66022
0 -1.87987 1.56089
0 1.03595 1.40015
0 3.55888 1.21282
0 -0.969584 7.30253
1 0.748836 -1.18888
0 0.166539 8.6064
814
0 16.2987 1.46593
1 14.4604 -1.40017
0 13.5364 1.29252
1 12.68 -1.31138
1 10.1413 -1.34298
0 11.2391 1.23861
0 9.10375 1.31361
1 9.48015 -1.34237
0 5.96811 1.34503
0 -2.61175 5.31401
1 6.55185 -1.28035
1 3.50667 -1.18101
3 0.3 1.5
3 -0.3 1.5
3 -0.3 -1.5
3 0.3 -1.5
1 -4.93658 -1.13966
1 -1.98853 -1.20487
0 -4.81319 1.66027
0 -1.87953 1.56084
0 1.03401 1.39967
0 3.55231 1.21262
0 -0.969562 7.30254
1 0.748949 -1.18904
0 0.166581 8.60641
818
0 16.2646 1.43892
1 14.5748 -1.37699
0 13.5149 1.28443
1 12.6445 -1.31334
1 10.5542 -1.36798
0 11.2332 1.2384
0 9.07726 1.30269
1 9.53392 -1.33581
0 5.90073 1.31416
0 -2.61175 5.31403
1 6.52761 -1.2763
1 3.50424 -1.17992
3 0.3 1.5
3 -0.3 1.5
3 -0.3 -1.5
3 0.3 -1.5
1 -4.93659 -1.13964
1 -1.98854 -1.20489
0 -4.81314 1.66033
0 -1.87896 1.56095
0 1.03255 1.39932
0 3.54105 1.21133
0 -0.969558 7.30255
1 0.75002 -1.18923
0 0.166593 8.60642
822
0 16.2454 1.41956
1 14.5273 -1.39876
0 13.48 1.25158
1 12.752 -1.27617
1 10.44 -1.35582
0 11.3541 1.27028
0 9.14936 1.32403
1 9.46589 -1.31673
0 5.88544 1.30678
0 -2.61175 5.31402
1 6.48483 -1.27312
1 3.50144 -1.17969
3 0.3 1.5
3 -0.3 1.5
3 -0.3 -1.5
3 0.3 -1.5
1 -4.93661 -1.13964
1 -1.98858 -1.20491
0 -4.81314 1.66033
0 -1.87892 1.56093
0 1.03327 1.39944
0 3.55148 1.21282
0 -0.969561 7.30255
1 0.750199 -1.18926
0 0.166591 8.60641
826
0 16.1958 1.40944
1 14.4905 -1.40379
0 13.5306 1.28724
1 12.8255 -1.26317
1 10.7206 -1.36506
0 11.3183 1.25755
0 9.09138 1.33423
1 9.45241 -1.30811
0 5.7738 1.2695
0 -2.61176 5.31405
1 6.43894 -1.26393
1 3.50222 -1.17926
3 0.3 1.5
3 -0.3 1.5
3 -0.3 -1.5
3 0.3 -1.5
1 -4.93662 -1.13961
1 -1.98902 -1.20487
0 -4.81312 1.66039
0 -1.87837 1.56101
0 1.03273 1.39923
0 3.54471 1.21208
0 -0.969559 7.30256
1 0.751239 -1.18951
0 0.166604 8.60644
830
0 16.3338 1.47071
1 14.4782 -1.39243
0 13.472 1.28803
1 12.7993 -1.25465
1 10.6532 -1.34651
0 11.4008 1.30018
0 9.05886 1.36752
1 9.43696 -1.2996
0 5.63546 1.21663
0 -2.61174 5.31407
1 6.44653 -1.26081
1 3.50416 -1.17877
3 0.3 1.5
3 -0.3 1.5
3 -0.3 -1.5
3 0.3 -1.5
1 -4.93663 -1.13957
1 -1.98961 -1.20482
0 -4.81303 1.66047
0 -1.87791 1.561
0 1.03021 1.39872
0 3.53337 1.21103
0 -0.969541 7.30258
1 0.751923 -1.18968
0 0.166643 8.60646
834
0 16.4505 1.46925
1 14.479 -1.41405
0 13.5467 1.27825
1 12.7694 -1.27397
1 10.6246 -1.3546
0 11.6109 1.35084
0 9.20132 1.42481
1 9.39966 -1.31632
0 5.73839 1.23512
0 -2.61175 5.31405
1 6.41259 -1.26222
1 3.5005 -1.17867
3 0.3 1.5
3 -0.3 1.5
3 -0.3 -1.5
3 0.3 -1.5
1 -4.93664 -1.13959
1 -1.98936 -1.20488
0 -4.81305 1.66044
0 -1.87816 1.56093
0 1.0313 1.39908
0 3.5474 1.21281
0 -0.969547 7.30256
1 0.752743 -1.18968
0 0.16663 8.60644
838
1 17.571 -0.997931
0 16.3348 1.48457
1 15.0839 -1.27782
0 13.4942 1.29206
1 12.7939 -1.24429
1 10.582 -1.33857
0 11.4693 1.34907
0 8.92307 1.39191
1 9.58347 -1.29969
0 5.58628 1.18405
0 -2.61175 5.3141
1 6.40323 -1.25215
1 3.50123 -1.17836
3 0.3 1.5
3 -0.3 1.5
3 -0.3 -1.5
3 0.3 -1.5
1 -4.93664 -1.13954
1 -1.98984 -1.20481
0 -4.81299 1.66053
0 -1.87763 1.56099
0 1.02901 1.3985
0 3.52914 1.21038
0 -0.969551 7.3026
1 0.751821 -1.18965
0 0.166634 8.60649
842
1 17.5006 -0.990208
0 16.3048 1.52292
1 14.9962 -1.2679
0 13.5225 1.34021
1 12.7827 -1.24937
1 10.5902 -1.34223
0 11.4711 1.33956
0 8.92757 1.42059
1 9.53366 -1.29486
0 5.60221 1.17768
0 -2.61175 5.3141
1 6.39628 -1.25168
1 3.50209 -1.17855
3 0.3 1.5
3 -0.3 1.5
3 -0.3 -1.5
3 0.3 -1.5
1 -4.93665 -1.13954
1 -1.98989 -1.20482
0 -4.81298 1.66054
0 -1.87782 1.56091
0 1.02918 1.39862
0 3.53123 1.21066
0 -0.969549 7.3026
1 0.752072 -1.18963
0 0.166637 8.60649
846
0 0.166615 8.60649
1 0.751844 -1.18949
0 -0.969562 7.3026
0 3.5366 1.21107
0 1.03013 1.39888
0 -1.878 1.56088
0 -4.813 1.66053
1 -1.98957 -1.20487
1 -4.93665 -1.13954
3 0.3 -1.5
3 -0.3 -1.5
3 -0.3 1.5
3 0.3 1.5
1 3.49841 -1.17852
1 6.36318 -1.24874
0 -2.61176 5.3141
0 5.6553 1.18719
1 9.56037 -1.29593
0 9.0226 1.45267
0 11.4775 1.32303
1 10.5734 -1.34687
1 12.8215 -1.24959
0 13.6658 1.40372
1 14.9642 -1.29157
0 16.2924 1.48293
1 17.4887 -0.999427
850
0 0.166612 8.60649
1 0.751616 -1.18938
0 -0.969566 7.3026
0 3.53963 1.21119
0 1.03068 1.39904
0 -1.87813 1.56085
0 -4.81301 1.66054
1 -1.98936 -1.2049
1 -4.93666 -1.13954
3 0.3 -1.5
3 -0.3 -1.5
3 -0.3 1.5
3 0.3 1.5
1 3.49456 -1.17758
1 6.33896 -1.24651
0 -2.61177 5.3141
0 5.68697 1.19035
1 9.58264 -1.29372
0 9.00722 1.46775
0 11.4812 1.31103
1 10.561 -1.35026
1 12.8415 -1.24688
0 13.5626 1.41811
1 15.0359 -1.29537
0 16.2494 1.45047
1 17.4464 -1.04058
854
0 0.166595 8.60648
1 0.751732 -1.18931
0 -0.969575 7.3026
0 3.54764 1.21202
0 1.03189 1.39937
0 -1.87844 1.5608
0 -4.81303 1.66051
1 -1.98913 -1.20494
1 -4.93666 -1.13955
3 0.3 -1.5
3 -0.3 -1.5
3 -0.3 1.5
3 0.3 1.5
1 3.49332 -1.17787
1 6.32209 -1.24687
0 -2.61178 5.31409
0 5.76419 1.21038
1 9.53774 -1.3019
0 9.1061 1.50095
0 11.4653 1.29496
1 10.5573 -1.35563
1 12.8008 -1.25812
0 13.6536 1.45029
1 14.9613 -1.30748
0 16.4076 1.49903
1 17.3944 -1.07524
858
0 0.166594 8.60647
1 0.751673 -1.18936
0 -0.969576 7.30259
0 3.55315 1.21278
0 1.03222 1.39941
0 -1.87845 1.56079
0 -4.81304 1.6605
1 -1.98929 -1.20491
1 -4.93667 -1.13955
3 0.3 -1.5
3 -0.3 -1.5
3 -0.3 1.5
3 0.3 1.5
1 3.49322 -1.17792
1 6.30797 -1.24547
0 -2.61179 5.31408
0 5.80118 1.21517
1 9.5514 -1.30079
0 8.93375 1.47852
0 11.5517 1.34196
1 10.5503 -1.3581
1 12.7942 -1.2476
0 13.5 1.4042
1 15.2358 -1.29701
0 16.4063 1.52165
1 17.3753 -1.11318
862
0 0.166562 8.60649
1 0.752206 -1.18946
0 -0.969595 7.3026
0 3.55745 1.21302
0 1.03351 1.39961
0 -1.87831 1.56087
0 -4.81308 1.66049
1 -1.98932 -1.20488
1 -4.93668 -1.13954
3 0.3 -1.5
3 -0.3 -1.5
3 -0.3 1.5
3 0.3 1.5
1 3.48938 -1.1775
1 6.25696 -1.23981
0 -2.61181 5.31409
0 5.86065 1.23032
1 9.45658 -1.2999
0 8.87475 1.45645
0 11.5805 1.35733
1 11.1352 -1.41191
1 12.6697 -1.2629
0 13.4408 1.35862
1 15.3158 -1.29862
0 16.2569 1.49457
1 17.3437 -1.17287
866
0 0.166567 8.60648
1 0.752506 -1.18949
0 -0.969591 7.30259
0 3.55929 1.21335
0 1.03342 1.39964
0 -1.87845 1.56082
0 -4.81308 1.66049
1 -1.98929 -1.20489
1 -4.93668 -1.13955
3 0.3 -1.5
3 -0.3 -1.5
3 -0.3 1.5
3 0.3 1.5
1 3.49094 -1.17779
1 6.26554 -1.24193
0 -2.6118 5.31408
0 5.87696 1.23197
1 9.42705 -1.29744
0 8.76099 1.44884
0 11.5038 1.33554
1 10.9439 -1.37411
1 12.6254 -1.26098
0 13.4002 1.39609
1 15.1945 -1.2921
0 16.3435 1.52515
1 17.3453 -1.18063
870
0 0.166549 8.6065
1 0.752699 -1.18951
0 -0.969604 7.30261
0 3.55567 1.21261
0 1.03372 1.39964
0 -1.87823 1.56091
0 -4.81308 1.6605
1 -1.98911 -1.20491
1 -4.93668 -1.13954
3 0.3 -1.5
3 -0.3 -1.5
3 -0.3 1.5
3 0.3 1.5
1 3.48673 -1.17709
1 6.22496 -1.23561
0 -2.61182 5.3141
0 5.86588 1.22822
1 9.35876 -1.27123
0 8.72502 1.4189
0 11.4894 1.31995
1 11.3149 -1.39756
1 12.6262 -1.2637
0 13.3697 1.37496
1 15.2468 -1.29438
0 16.2912 1.48795
1 17.6923 -1.15144
874
0 0.166554 8.60648
1 0.753008 -1.18956
0 -0.9696 7.3026
0 3.56188 1.21355
0 1.03372 1.39967
0 -1.87829 1.56088
0 -4.81308 1.66049
1 -1.98917 -1.20491
1 -4.93669 -1.13955
3 0.3 -1.5
3 -0.3 -1.5
3 -0.3 1.5
3 0.3 1.5
1 3.48635 -1.17707
1 6.22431 -1.23768
0 -2.61181 5.31409
0 5.90667 1.23509
1 9.31979 -1.27398
0 8.73281 1.42601
0 11.583 1.3599
1 11.0992 -1.36628
1 12.6578 -1.2676
0 13.3892 1.3725
1 15.2184 -1.30217
0 16.2292 1.44142
1 17.7924 -1.17315
878
0 0.166547 8.60648
1 0.75377 -1.18968
0 -0.969605 7.3026
0 3.56549 1.21393
0 1.03436 1.39981
0 -1.87826 1.5609
0 -4.8131 1.66048
1 -1.98919 -1.2049
1 -4.93669 -1.13955
3 0.3 -1.5
3 -0.3 -1.5
3 -0.3 1.5
3 0.3 1.5
1 3.48499 -1.17686
1 6.2028 -1.23619
0 -2.61182 5.31409
0 5.94477 1.24581
1 9.25025 -1.27681
0 8.69558 1.42084
0 11.5923 1.37326
1 11.4242 -1.39678
1 12.5752 -1.28005
0 13.3241 1.33534
1 15.1398 -1.3125
0 16.1929 1.44424
1 17.6554 -1.19135
882
0 0.166524 8.60651
1 0.753686 -1.18971
0 -0.969617 7.30262
0 3.55733 1.2125
0 1.03357 1.3996
0 -1.8781 1.56098
0 -4.81311 1.66049
1 -1.98919 -1.20486
1 -4.93669 -1.13953
3 0.3 -1.5
3 -0.3 -1.5
3 -0.3 1.5
3 0.3 1.5
1 3.48452 -1.1766
1 6.19246 -1.23215
0 -2.61183 5.31411
0 5.93433 1.24453
1 9.21088 -1.25972
0 8.50339 1.35902
0 11.4713 1.35287
1 11.4989 -1.36337
1 12.5405 -1.2774
0 13.2568 1.32528
1 15.1444 -1.30135
0 16.0974 1.42814
1 17.6075 -1.19716
886
0 0.166524 8.60651
1 0.754336 -1.18978
0 -0.969618 7.30261
0 3.55983 1.21281
0 1.03373 1.39967
0 -1.87808 1.56098
0 -4.81311 1.66049
1 -1.98923 -1.20486
1 -4.93669 -1.13953
3 0.3 -1.5
3 -0.3 -1.5
3 -0.3 1.5
3 0.3 1.5
1 3.4834 -1.1764
1 6.18182 -1.23189
0 -2.61183 5.31411
0 5.95269 1.24704
1 9.16526 -1.26943
0 8.54854 1.37392
0 11.5498 1.36871
1 11.6381 -1.37783
1 12.5023 -1.28925
0 13.2633 1.30533
1 15.099 -1.31175
0 16.0144 1.42181
1 18.0474 -1.2264
890
0 18.1261 1.36302
0 0.166537 8.6065
1 0.754666 -1.18986
0 -0.969609 7.30261
0 3.56108 1.21322
0 1.03334 1.39959
0 -1.87805 1.56097
0 -4.8131 1.66049
1 -1.9893 -1.20486
1 -4.93669 -1.13954
3 0.3 -1.5
3 -0.3 -1.5
3 -0.3 1.5
3 0.3 1.5
1 3.48543 -1.17652
1 6.19458 -1.2349
0 -2.61182 5.3141
0 5.9623 1.24838
1 9.15391 -1.26847
0 8.44063 1.35368
0 11.5417 1.38498
1 11.4825 -1.34997
1 12.5029 -1.28979
0 13.3524 1.32556
1 15.0656 -1.31574
0 15.9878 1.40047
1 17.9689 -1.23707
894
0 18.5363 1.41421
0 0.166536 8.60649
1 0.755225 -1.18983
0 -0.969608 7.3026
0 3.5676 1.214
0 1.03407 1.39989
0 -1.87841 1.56086
0 -4.81311 1.66048
1 -1.98925 -1.20489
1 -4.93669 -1.13955
3 0.3 -1.5
3 -0.3 -1.5
3 -0.3 1.5
3 0.3 1.5
1 3.4859 -1.17684
1 6.19542 -1.23731
0 -2.61182 5.31409
0 5.99829 1.25358
1 9.10417 -1.28302
0 8.67734 1.43206
0 11.7377 1.40112
1 11.4315 -1.36654
1 12.4836 -1.30282
0 13.472 1.36467
1 15.0328 -1.3477
0 16.1021 1.40944
1 17.9443 -1.30333
898
0 18.2869 1.35217
0 0.166546 8.6065
1 0.755031 -1.19005
0 -0.969604 7.30261
0 3.56032 1.21331
0 1.03333 1.39948
0 -1.87783 1.56103
0 -4.81311 1.66049
1 -1.98962 -1.2048
1 -4.93669 -1.13954
3 0.3 -1.5
3 -0.3 -1.5
3 -0.3 1.5
3 0.3 1.5
1 3.48836 -1.17667
1 6.19714 -1.23466
0 -2.61182 5.3141
0 5.97449 1.25227
1 9.1201 -1.27371
0 8.23983 1.30877
0 11.5913 1.41857
1 11.5659 -1.34795
1 12.4862 -1.29459
0 13.317 1.34895
1 15.0555 -1.32804
0 15.9372 1.43899
1 18.1814 -1.27264
902
0 18.5107 1.35827
0 0.16655 8.60649
1 0.755388 -1.19006
0 -0.969601 7.3026
0 3.56486 1.21399
0 1.03324 1.39953
0 -1.87788 1.561
0 -4.8131 1.66048
1 -1.98961 -1.20482
1 -4.93669 -1.13954
3 0.3 -1.5
3 -0.3 -1.5
3 -0.3 1.5
3 0.3 1.5
1 3.48711 -1.17651
1 6.19633 -1.23663
0 -2.61181 5.3141
0 5.9967 1.25507
1 9.08947 -1.28233
0 8.38111 1.33548
0 11.7527 1.46366
1 11.5174 -1.35793
1 12.4787 -1.30334
0 13.3408 1.32363
1 15.0387 -1.34987
0 15.9622 1.45804
1 18.1615 -1.31776
906
0 18.4185 1.43072
0 0.166556 8.60651
1 0.754565 -1.19026
0 -0.969602 7.30261
0 3.55235 1.21258
0 1.0323 1.39895
0 -1.87705 1.56126
0 -4.81311 1.6605
1 -1.98999 -1.20471
1 -4.93669 -1.13952
3 0.3 -1.5
3 -0.3 -1.5
3 -0.3 1.5
3 0.3 1.5
1 3.48974 -1.17628
1 6.19124 -1.23091
0 -2.61181 5.31411
0 5.9505 1.25079
1 9.10008 -1.25997
0 7.89832 1.18079
0 11.4173 1.45515
1 11.7276 -1.3397
1 12.482 -1.28754
0 13.2504 1.34604
1 15.0925 -1.31189
0 15.7486 1.49048
1 17.9574 -1.222
910
0 18.3639 1.44001
0 0.166557 8.60652
1 0.754109 -1.19035
0 -0.969604 7.30262
0 3.54534 1.21178
0 1.03177 1.39861
0 -1.87651 1.56142
0 -4.81311 1.66051
1 -1.99017 -1.20465
1 -4.93669 -1.13951
3 0.3 -1.5
3 -0.3 -1.5
3 -0.3 1.5
3 0.3 1.5
1 3.48966 -1.17586
1 6.1792 -1.22678
0 -2.61182 5.31413
0 5.92487 1.24756
1 9.04817 -1.24233
0 7.72363 1.10606
0 11.3086 1.45085
1 11.8613 -1.32663
1 12.5988 -1.28243
0 13.2215 1.35324
1 15.2426 -1.29261
0 15.6955 1.49734
1 18.1465 -1.15515
914
0 18.5382 1.4349
0 0.166564 8.60651
1 0.754659 -1.19036
0 -0.969598 7.30261
0 3.55342 1.21298
0 1.03175 1.39872
0 -1.87667 1.56135
0 -4.8131 1.66051
1 -1.99015 -1.20469
1 -4.93669 -1.13952
3 0.3 -1.5
3 -0.3 -1.5
3 -0.3 1.5
3 0.3 1.5
1 3.48829 -1.17575
1 6.18036 -1.23039
0 -2.61181 5.31411
0 5.96449 1.25239
1 8.97336 -1.24605
0 7.91195 1.14854
0 11.6642 1.54693
1 11.7349 -1.33799
1 12.5375 -1.29568
0 13.4262 1.37729
1 15.1802 -1.32714
0 15.9524 1.51888
1 18.1082 -1.22745
918
0 18.4158 1.45092
0 0.166563 8.60651
1 0.754492 -1.19043
0 -0.9696 7.30261
0 3.54966 1.21248
0 1.03171 1.39861
0 -1.87649 1.56142
0 -4.8131 1.66051
1 -1.99024 -1.20466
1 -4.93669 -1.13951
3 0.3 -1.5
3 -0.3 -1.5
3 -0.3 1.5
3 0.3 1.5
1 3.48965 -1.17582
1 6.17685 -1.22816
0 -2.61181 5.31412
0 5.95067 1.25125
1 8.94686 -1.23504
0 7.75046 1.10684
0 11.3845 1.51377
1 11.8992 -1.33626
1 12.518 -1.28746
0 13.3488 1.37937
1 15.1635 -1.29767
0 15.798 1.52119
1 18.0961 -1.19759
922
0 18.3509 1.4871
0 0.166571 8.60651
1 0.754666 -1.19058
0 -0.969597 7.30261
0 3.54945 1.21269
0 1.03128 1.3984
0 -1.87612 1.56151
0 -4.8131 1.66051
1 -1.9905 -1.20461
1 -4.9367 -1.13951
3 0.3 -1.5
3 -0.3 -1.5
3 -0.3 1.5
3 0.3 1.5
1 3.49004 -1.17558
1 6.16846 -1.22691
0 -2.61181 5.31412
0 5.95889 1.25237
1 8.91494 -1.23526
0 7.7302 1.07968
0 11.4226 1.55902
1 11.9237 -1.3214
1 12.4928 -1.29118
0 13.4968 1.42559
1 15.254 -1.31049
0 15.7808 1.50002
1 18.0725 -1.2029
926
0 18.5328 1.51192
0 0.166574 8.60651
1 0.755073 -1.19067
0 -0.969595 7.30261
0 3.55053 1.21289
0 1.03123 1.39837
0 -1.876 1.56153
0 -4.8131 1.66052
1 -1.9906 -1.2046
1 -4.9367 -1.13951
3 0.3 -1.5
3 -0.3 -1.5
3 -0.3 1.5
3 0.3 1.5
1 3.4898 -1.17543
1 6.15999 -1.22629
0 -2.61181 5.31412
0 5.96881 1.25317
1 8.87051 -1.2352
0 7.77573 1.08326
0 11.5325 1.59251
1 11.9309 -1.31158
1 12.4584 -1.2965
0 13.5912 1.45177
1 15.2726 -1.31979
0 15.7643 1.46735
1 18.2167 -1.20017
930
0 18.4045 1.48514
0 0.166572 8.60651
1 0.755366 -1.1907
0 -0.969597 7.30261
0 3.54998 1.21278
0 1.03114 1.39836
0 -1.876 1.56154
0 -4.8131 1.66052
1 -1.99054 -1.20461
1 -4.9367 -1.13951
3 0.3 -1.5
3 -0.3 -1.5
3 -0.3 1.5
3 0.3 1.5
1 3.48951 -1.17539
1 6.15632 -1.22583
0 -2.61181 5.31412
0 5.96878 1.25294
1 8.8561 -1.23418
0 7.78939 1.0858
0 11.3082 1.53359
1 11.8934 -1.27498
1 12.449 -1.29763
0 13.4324 1.42371
1 15.3198 -1.31458
0 15.7149 1.45365
1 18.38 -1.18074
934
0 18.4625 1.49177
0 0.166581 8.6065
1 0.755554 -1.19074
0 -0.969591 7.30261
0 3.55452 1.21357
0 1.03092 1.39833
0 -1.87594 1.56153
0 -4.8131 1.66051
1 -1.99066 -1.20461
1 -4.9367 -1.13952
3 0.3 -1.5
3 -0.3 -1.5
3 -0.3 1.5
3 0.3 1.5
1 3.48908 -1.17527
1 6.15703 -1.22767
0 -2.61181 5.31411
0 5.99035 1.25542
1 8.83809 -1.23903
0 7.88189 1.09877
0 11.5082 1.61452
1 11.8176 -1.28842
1 12.429 -1.30466
0 13.6003 1.44821
1 15.2504 -1.33619
0 15.7928 1.47998
1 18.2983 -1.22931
938
0 18.4729 1.4853
0 0.166579 8.6065
1 0.755719 -1.19072
0 -0.969592 7.30261
0 3.55622 1.21376
0 1.03105 1.39841
0 -1.87604 1.5615
0 -4.8131 1.66051
1 -1.99061 -1.20462
1 -4.9367 -1.13952
3 0.3 -1.5
3 -0.3 -1.5
3 -0.3 1.5
3 0.3 1.5
1 3.48931 -1.17543
1 6.15612 -1.2281
0 -2.61181 5.31411
0 5.99979 1.2565
1 8.82206 -1.24277
0 7.9852 1.12681
0 11.3209 1.58112
1 11.8197 -1.28403
1 12.4104 -1.30775
0 13.5899 1.45647
1 15.2421 -1.33578
0 15.6715 1.43916
1 18.319 -1.22062
942
0 18.4196 1.46623
0 0.166578 8.6065
1 0.755832 -1.19074
0 -0.969593 7.30261
0 3.55565 1.21364
0 1.03114 1.39843
0 -1.87604 1.5615
0 -4.8131 1.66051
1 -1.99061 -1.20462
1 -4.9367 -1.13952
3 0.3 -1.5
3 -0.3 -1.5
3 -0.3 1.5
3 0.3 1.5
1 3.48924 -1.17541
1 6.15291 -1.22743
0 -2.61181 5.31411
0 5.99646 1.25579
1 8.80875 -1.24047
0 7.98183 1.12853
0 11.198 1.54349
1 11.8713 -1.27696
1 12.4035 -1.30764
0 13.5067 1.43829
1 15.3185 -1.33729
0 15.6842 1.4379
1 18.2555 -1.20866
946
0 18.4923 1.4375
0 0.166585 8.60649
1 0.755903 -1.19078
0 -0.969588 7.3026
0 3.55875 1.21423
0 1.03096 1.39838
0 -1.87596 1.56151
0 -4.81309 1.66051
1 -1.99072 -1.20461
1 -4.93671 -1.13952
3 0.3 -1.5
3 -0.3 -1.5
3 -0.3 1.5
3 0.3 1.5
1 3.48933 -1.17536
1 6.15402 -1.22876
0 -2.6118 5.31411
0 6.01408 1.25807
1 8.80041 -1.24531
0 8.05232 1.13611
0 11.3789 1.61341
1 11.7918 -1.28774
1 12.3943 -1.31328
0 13.7363 1.49367
1 15.2396 -1.35548
0 15.7527 1.42629
1 18.1929 -1.25454
950
0 18.318 1.39041
0 0.166572 8.6065
1 0.75582 -1.19074
0 -0.969596 7.30261
0 3.55698 1.2137
0 1.03157 1.39852
0 -1.87612 1.56149
0 -4.81311 1.6605
1 -1.9906 -1.20461
1 -4.9367 -1.13952
3 0.3 -1.5
3 -0.3 -1.5
3 -0.3 1.5
3 0.3 1.5
1 3.48976 -1.17554
1 6.14757 -1.22677
0 -2.61181 5.31411
0 6.01466 1.26277
1 8.75115 -1.23507
0 8.01592 1.13113
0 11.0414 1.51278
1 11.7124 -1.25496
1 13.3682 -1.42624
0 13.5206 1.44749
1 15.3425 -1.3421
0 15.6574 1.40761
1 18.2436 -1.25015
954
0 18.3109 1.38308
0 0.166576 8.6065
1 0.755844 -1.19075
0 -0.969594 7.3026
0 3.55807 1.21396
0 1.03147 1.39848
0 -1.87604 1.56151
0 -4.81311 1.6605
1 -1.99062 -1.20461
1 -4.93671 -1.13952
3 0.3 -1.5
3 -0.3 -1.5
3 -0.3 1.5
3 0.3 1.5
1 3.48915 -1.17536
1 6.14577 -1.22734
0 -2.61181 5.31411
0 6.02426 1.26391
1 8.74896 -1.23809
0 8.05429 1.1343
0 11.0655 1.52184
1 11.6617 -1.25814
1 13.1078 -1.36476
0 13.5839 1.45651
1 15.275 -1.34896
0 15.6631 1.389
1 18.1989 -1.27223
958
0 18.3969 1.35348
0 0.166582 8.60649
1 0.755808 -1.19079
0 -0.96959 7.3026
0 3.55962 1.21431
0 1.03127 1.39841
0 -1.87594 1.56152
0 -4.8131 1.6605
1 -1.99074 -1.2046
1 -4.93671 -1.13952
3 0.3 -1.5
3 -0.3 -1.5
3 -0.3 1.5
3 0.3 1.5
1 3.4898 -1.17539
1 6.14838 -1.22814
0 -2.61181 5.31411
0 6.0352 1.26564
1 8.75809 -1.24363
0 8.0788 1.13294
0 11.1426 1.56574
1 11.6272 -1.26912
1 13.0765 -1.37056
0 13.7142 1.49194
1 15.211 -1.35808
0 15.823 1.41306
1 18.1579 -1.29853
962
1 20.0951 -1.17871
0 18.4283 1.38611
0 0.166582 8.60649
1 0.755751 -1.19078
0 -0.96959 7.3026
0 3.55923 1.21425
0 1.03131 1.39842
0 -1.87597 1.56152
0 -4.81311 1.6605
1 -1.99073 -1.2046
1 -4.93671 -1.13952
3 0.3 -1.5
3 -0.3 -1.5
3 -0.3 1.5
3 0.3 1.5
1 3.49048 -1.17554
1 6.14994 -1.22808
0 -2.61181 5.31411
0 6.03592 1.26611
1 8.76847 -1.24575
0 8.08523 1.13556
0 10.9493 1.52454
1 11.6446 -1.2625
1 13.0183 -1.36027
0 13.6514 1.49306
1 15.2116 -1.35018
0 15.7651 1.39388
1 18.1291 -1.30045
966
1 20.1775 -1.22819
0 18.3827 1.37552
0 0.166579 8.6065
1 0.755738 -1.19076
0 -0.969592 7.3026
0 3.55937 1.21419
0 1.03158 1.3985
0 -1.87604 1.5615
0 -4.81311 1.6605
1 -1.99071 -1.2046
1 -4.93671 -1.13952
3 0.3 -1.5
3 -0.3 -1.5
3 -0.3 1.5
3 0.3 1.5
1 3.49024 -1.17549
1 6.14666 -1.22761
0 -2.61181 5.31411
0 6.03266 1.26511
1 8.74282 -1.24238
0 8.10629 1.14565
0 10.8737 1.49823
1 11.5766 -1.2582
1 13.6305 -1.42043
0 13.6656 1.49017
1 15.1358 -1.35828
0 15.753 1.37166
1 18.1679 -1.32111
970
1 20.1275 -1.17674
0 18.3052 1.36768
0 0.166574 8.6065
1 0.755577 -1.19074
0 -0.969595 7.30261
0 3.55719 1.21379
0 1.03194 1.39854
0 -1.87607 1.56151
0 -4.81311 1.6605
1 -1.99069 -1.20459
1 -4.93671 -1.13952
3 0.3 -1.5
3 -0.3 -1.5
3 -0.3 1.5
3 0.3 1.5
1 3.49068 -1.17551
1 6.14267 -1.22618
0 -2.61181 5.31411
0 6.0235 1.26399
1 8.72642 -1.23867
0 8.0872 1.14437
0 10.6595 1.42611
1 11.5406 -1.2425
1 13.8351 -1.39459
0 13.5404 1.46994
1 15.1028 -1.35388
0 15.7235 1.37011
1 18.1303 -1.30368
974
0 20.9158 1.41981
1 20.1698 -1.29227
0 18.4293 1.38516
0 0.166579 8.6065
1 0.755615 -1.19076
0 -0.969592 7.3026
0 3.55881 1.21412
0 1.0318 1.39851
0 -1.87601 1.56151
0 -4.81311 1.6605
1 -1.99075 -1.20459
1 -4.93671 -1.13952
3 0.3 -1.5
3 -0.3 -1.5
3 -0.3 1.5
3 0.3 1.5
1 3.4906 -1.17547
1 6.14365 -1.227
0 -2.61181 5.31411
0 6.03294 1.26517
1 8.73195 -1.24264
0 8.11983 1.14757
0 10.7956 1.46684
1 11.515 -1.25588
1 13.6772 -1.3873
0 13.7511 1.5051
1 15.0859 -1.36569
0 15.7525 1.34987
1 18.0999 -1.32894
978
0 20.6973 1.46434
1 20.1393 -1.26804
0 18.2975 1.39501
0 0.166572 8.60651
1 0.755265 -1.19069
0 -0.969597 7.30261
0 3.55655 1.21367
0 1.03218 1.39858
0 -1.87613 1.56149
0 -4.81312 1.6605
1 -1.99066 -1.20459
1 -4.9367 -1.13951
3 0.3 -1.5
3 -0.3 -1.5
3 -0.3 1.5
3 0.3 1.5
1 3.49157 -1.17572
1 6.14381 -1.2258
0 -2.61181 5.31412
0 6.02338 1.26445
1 8.7192 -1.23689
0 8.09527 1.1471
0 10.5164 1.38452
1 11.4472 -1.23812
1 13.903 -1.38623
0 13.6463 1.50753
1 15.3929 -1.3823
0 15.7412 1.3538
1 18.0592 -1.32551
982
0 20.4627 1.48019
1 20.2256 -1.2614
0 18.3516 1.41419
0 0.166568 8.60651
1 0.755084 -1.19065
0 -0.969599 7.30261
0 3.55462 1.21332
0 1.03249 1.39863
0 -1.87618 1.56149
0 -4.81312 1.6605
1 -1.99062 -1.20459
1 -4.9367 -1.13951
3 0.3 -1.5
3 -0.3 -1.5
3 -0.3 1.5
3 0.3 1.5
1 3.49192 -1.17577
1 6.14258 -1.22497
0 -2.61181 5.31412
0 6.01794 1.26416
1 8.71076 -1.23431
0 8.08846 1.1478
0 10.4007 1.33339
1 11.4029 -1.22875
1 14.0237 -1.37144
0 13.6677 1.52446
1 15.3116 -1.3693
0 15.737 1.35349
1 18.0913 -1.32406
986
0 20.3492 1.50412
1 20.2068 -1.26116
0 18.2846 1.43853
0 0.166563 8.60651
1 0.754897 -1.19061
0 -0.969602 7.30261
0 3.55282 1.21299
0 1.03275 1.39868
0 -1.87624 1.56149
0 -4.81313 1.6605
1 -1.99055 -1.2046
1 -4.9367 -1.13951
3 0.3 -1.5
3 -0.3 -1.5
3 -0.3 1.5
3 0.3 1.5
1 3.49248 -1.17592
1 6.14229 -1.22422
0 -2.61182 5.31412
0 6.014 1.26424
1 8.70936 -1.23274
0 8.08374 1.14892
0 10.3041 1.29568
1 11.4225 -1.23241
1 13.9674 -1.35754
0 13.6719 1.55024
1 15.3104 -1.36665
0 15.7345 1.35684
1 18.0816 -1.32056
990
0 20.41 1.48938
1 20.1767 -1.26019
0 18.3241 1.44247
0 0.166565 8.60651
1 0.754954 -1.19063
0 -0.969601 7.30261
0 3.55326 1.21308
0 1.03272 1.39867
0 -1.8762 1.5615
0 -4.81313 1.6605
1 -1.9906 -1.20459
1 -4.9367 -1.13951
3 0.3 -1.5
3 -0.3 -1.5
3 -0.3 1.5
3 0.3 1.5
1 3.49243 -1.17586
1 6.1408 -1.22419
0 -2.61182 5.31412
0 6.01594 1.26426
1 8.70102 -1.23287
0 8.08861 1.14804
0 10.3861 1.31611
1 11.3709 -1.22931
1 14.1536 -1.37627
0 13.7635 1.56669
1 15.28 -1.37205
0 15.7357 1.34868
1 18.1174 -1.33115
994
0 20.2599 1.50745
1 20.2095 -1.24154
0 18.2842 1.47156
0 0.166558 8.60652
1 0.754556 -1.19056
0 -0.969605 7.30262
0 3.55071 1.21261
0 1.03316 1.39874
0 -1.8763 1.56149
0 -4.81313 1.6605
1 -1.99052 -1.20459
1 -4.9367 -1.13951
3 0.3 -1.5
3 -0.3 -1.5
3 -0.3 1.5
3 0.3 1.5
1 3.49341 -1.17609
1 6.14092 -1.223
0 -2.61182 5.31413
0 6.00845 1.26406
1 8.68886 -1.22796
0 8.07187 1.14784
0 10.2089 1.24737
1 11.3148 -1.21689
1 14.1385 -1.32964
0 13.6364 1.57658
1 15.6546 -1.39719
0 15.7328 1.35411
1 18.0689 -1.32582
998
0 20.3162 1.55512
1 20.199 -1.24771
0 18.3647 1.50754
0 0.166555 8.60652
1 0.754431 -1.19053
0 -0.969607 7.30262
0 3.54912 1.21233
0 1.03335 1.39878
0 -1.87634 1.56148
0 -4.81314 1.6605
1 -1.99046 -1.2046
1 -4.9367 -1.13951
3 0.3 -1.5
3 -0.3 -1.5
3 -0.3 1.5
3 0.3 1.5
1 3.4938 -1.1762
1 6.14164 -1.22264
0 -2.61182 5.31413
0 6.00773 1.26468
1 8.68746 -1.22701
0 8.077 1.14974
0 10.1916 1.22715
1 11.3017 -1.21526
1 14.1208 -1.32962
0 13.7002 1.61976
1 15.5822 -1.38261
0 15.7346 1.35308
1 18.0629 -1.32792
1002
0 20.4399 1.53713
1 20.1474 -1.2966
0 18.3386 1.50154
0 0.166556 8.60652
1 0.754349 -1.19053
0 -0.969606 7.30262
0 3.54938 1.2124
0 1.0334 1.39877
0 -1.87631 1.56149
0 -4.81314 1.6605
1 -1.9905 -1.20459
1 -4.9367 -1.13951
3 0.3 -1.5
3 -0.3 -1.5
3 -0.3 1.5
3 0.3 1.5
1 3.49408 -1.17621
1 6.14055 -1.22244
0 -2.61182 5.31413
0 6.00978 1.26488
1 8.67676 -1.22652
0 8.08275 1.14902
0 10.252 1.23417
1 11.2299 -1.21165
1 14.0219 -1.29913
0 13.7209 1.62403
1 15.812 -1.40178
0 15.7364 1.34395
1 18.2319 -1.34334
1006
0 20.4862 1.54341
1 20.1875 -1.29245
0 18.2657 1.5042
0 0.166556 8.60652
1 0.754251 -1.19053
0 -0.969606 7.30262
0 3.54895 1.21236
0 1.03352 1.39877
0 -1.8763 1.56149
0 -4.81314 1.6605
1 -1.99052 -1.20458
1 -4.9367 -1.1395
3 0.3 -1.5
3 -0.3 -1.5
3 -0.3 1.5
3 0.3 1.5
1 3.49428 -1.17619
1 6.13995 -1.22228
0 -2.61182 5.31413
0 6.01146 1.26535
1 8.6726 -1.22683
0 8.09208 1.14978
0 10.2802 1.22973
1 11.2021 -1.21039
1 13.9718 -1.26789
0 13.6479 1.62198
1 15.6653 -1.38308
0 15.7412 1.33847
1 18.1577 -1.33645
1010
0 20.4098 1.52992
1 20.1649 -1.28656
0 18.2632 1.51121
0 0.166556 8.60652
1 0.754197 -1.19052
0 -0.969606 7.30262
0 3.54912 1.21238
0 1.03352 1.39877
0 -1.8763 1.56149
0 -4.81314 1.6605
1 -1.99052 -1.20458
1 -4.9367 -1.1395
3 0.3 -1.5
3 -0.3 -1.5
3 -0.3 1.5
3 0.3 1.5
1 3.4945 -1.17625
1 6.1403 -1.22224
0 -2.61182 5.31413
0 6.01239 1.26551
1 8.66783 -1.22612
0 8.09368 1.14957
0 10.3095 1.23428
1 11.1546 -1.20633
1 13.9864 -1.27227
0 13.6686 1.63379
1 15.9939 -1.41907
0 15.7417 1.3347
1 18.1026 -1.34635
1014
0 20.4994 1.52848
1 20.1085 -1.31209
0 18.1759 1.47083
0 0.166557 8.60652
1 0.75427 -1.19053
0 -0.969606 7.30262
0 3.54919 1.2124
0 1.03348 1.39876
0 -1.87628 1.5615
0 -4.81314 1.6605
1 -1.99053 -1.20458
1 -4.9367 -1.1395
3 0.3 -1.5
3 -0.3 -1.5
3 -0.3 1.5
3 0.3 1.5
1 3.49422 -1.17618
1 6.13977 -1.22231
0 -2.61182 5.31413
0 6.0139 1.26577
1 8.66654 -1.22692
0 8.10164 1.14958
0 10.4058 1.25468
1 11.1533 -1.21145
1 13.9008 -1.26801
0 13.6087 1.62354
1 15.809 -1.39213
0 15.8853 1.39997
1 18.0605 -1.35405
1018
0 20.425 1.49059
1 20.16 -1.30313
0 18.131 1.45259
0 0.166557 8.60652
1 0.754204 -1.19054
0 -0.969606 7.30262
0 3.54946 1.21245
0 1.03351 1.39876
0 -1.87627 1.5615
0 -4.81314 1.6605
1 -1.99056 -1.20458
1 -4.9367 -1.1395
3 0.3 -1.5
3 -0.3 -1.5
3 -0.3 1.5
3 0.3 1.5
1 3.49418 -1.17613
1 6.13888 -1.22215
0 -2.61182 5.31413
0 6.01171 1.26515
1 8.65769 -1.22516
0 8.0922 1.14776
0 10.3756 1.24613
1 11.1014 -1.20436
1 13.9391 -1.25068
0 13.5349 1.59215
1 16.0516 -1.41723
0 15.8081 1.38237
1 18.2198 -1.34517
1022
0 20.3276 1.44631
1 20.0442 -1.32651
0 18.0415 1.42687
0 0.166558 8.60652
1 0.754159 -1.19054
0 -0.969605 7.30262
0 3.54998 1.21253
0 1.03348 1.39875
0 -1.87628 1.5615
0 -4.81314 1.6605
1 -1.99058 -1.20458
1 -4.9367 -1.1395
3 0.3 -1.5
3 -0.3 -1.5
3 -0.3 1.5