2
3 0.3 -1.5
3 -0.3 -1.5
3 -0.3 1.5
3 0.3 1.5
6
3 0.3 -1.5
3 -0.3 -1.5
3 -0.3 1.5
3 0.3 1.5
10
3 0.3 -1.5
3 -0.3 -1.5
3 -0.3 1.5
3 0.3 1.5
14
3 0.3 -1.5
3 -0.3 -1.5
3 -0.3 1.5
3 0.3 1.5
18
1 2.49665 -5.51468
3 0.3 -1.5
3 -0.3 -1.5
3 -0.3 1.5
3 0.3 1.5
22
1 4.02346 -2.98798
1 1.69232 -1.69041
1 2.44737 -5.55247
1 -1.53535 -0.660297
3 0.3 -1.5
3 -0.3 -1.5
3 -0.3 1.5
3 0.3 1.5
26
1 4.02351 -2.98775
1 1.69235 -1.69022
1 2.44737 -5.55246
1 -1.53539 -0.660547
3 0.3 -1.5
3 -0.3 -1.5
3 -0.3 1.5
3 0.3 1.5
30
1 4.04431 -3.06737
1 4.44502 -6.03534
1 1.84749 -1.7852
1 2.54352 -5.63826
1 -1.41141 -0.678624
3 0.3 -1.5
3 -0.3 -1.5
3 -0.3 1.5
3 0.3 1.5
34
1 3.96476 -3.1439
1 4.29056 -5.89893
1 1.99381 -1.80412
1 2.47563 -5.63604
1 -1.41942 -0.680447
3 0.3 -1.5
3 -0.3 -1.5
3 -0.3 1.5
3 0.3 1.5
38
1 3.96156 -3.14695
1 4.38254 -5.66902
1 1.9291 -1.78841
1 2.40099 -5.5356
1 -1.38778 -0.68425
3 0.3 -1.5
3 -0.3 -1.5
3 -0.3 1.5
3 0.3 1.5
42
1 4.04298 -3.10816
1 4.38035 -5.66905
1 1.94333 -1.78802
1 2.36425 -5.54165
1 -1.41494 -0.683392
3 0.3 -1.5
3 -0.3 -1.5
3 -0.3 1.5
3 0.3 1.5
46
0 2.39918 -8.55886
1 4.08449 -3.1452
1 4.18811 -5.62094
1 2.00932 -1.79425
1 2.3608 -5.56139
1 -1.3976 -0.681627
3 0.3 -1.5
3 -0.3 -1.5
3 -0.3 1.5
3 0.3 1.5
50
0 2.39895 -8.55914
1 4.08445 -3.14496
1 4.18824 -5.62039
1 2.00924 -1.79433
1 2.36071 -5.56147
1 -1.39768 -0.68171
3 0.3 -1.5
3 -0.3 -1.5
3 -0.3 1.5
3 0.3 1.5
54
0 2.61255 -8.43358
1 4.06455 -3.20797
1 4.07762 -5.63916
1 1.95732 -1.77598
1 2.35806 -5.57726
1 -1.42498 -0.672932
3 0.3 -1.5
3 -0.3 -1.5
3 -0.3 1.5
3 0.3 1.5
58
0 2.51992 -8.43538
1 3.99484 -3.23955
1 4.10883 -5.64708
1 1.88485 -1.75294
1 2.40562 -5.61152
1 -1.37187 -0.676509
3 0.3 -1.5
3 -0.3 -1.5
3 -0.3 1.5
3 0.3 1.5
62
0 2.51992 -8.43539
1 3.99484 -3.23955
1 4.10883 -5.64708
1 1.88478 -1.75322
1 2.40562 -5.61152
1 -1.37187 -0.676513
3 0.3 -1.5
3 -0.3 -1.5
3 -0.3 1.5
3 0.3 1.5
66
0 5.74356 0.219476
0 2.54378 -8.49108
1 4.05722 -3.31251
1 4.13978 -5.66424
1 1.94035 -1.75179
1 2.41484 -5.60289
1 -1.31669 -0.680505
3 0.3 -1.5
3 -0.3 -1.5
3 -0.3 1.5
3 0.3 1.5
70
0 5.74398 0.219324
0 2.54417 -8.49122
1 4.05607 -3.31252
1 4.1401 -5.66436
1 1.9406 -1.75188
1 2.41508 -5.60298
1 -1.31644 -0.680598
3 0.3 -1.5
3 -0.3 -1.5
3 -0.3 1.5
3 0.3 1.5
74
0 5.78633 0.22088
0 2.5743 -8.49909
1 4.05666 -3.31229
1 4.08305 -5.63484
1 1.9238 -1.7446
1 2.36047 -5.58358
1 -1.31898 -0.679015
3 0.3 -1.5
3 -0.3 -1.5
3 -0.3 1.5
3 0.3 1.5
78
0 5.78798 0.221813
0 2.57576 -8.49835
1 4.09541 -3.30538
1 4.05315 -5.66155
1 1.95378 -1.74659
1 2.36222 -5.59611
1 -1.32548 -0.67714
3 0.3 -1.5
3 -0.3 -1.5
3 -0.3 1.5
3 0.3 1.5
82
0 5.81487 0.217176
0 2.57526 -8.50295
1 4.08593 -3.24974
1 4.03618 -5.65209
1 1.95339 -1.75018
1 2.37219 -5.61736
1 -1.36007 -0.674749
3 0.3 -1.5
3 -0.3 -1.5
3 -0.3 1.5
3 0.3 1.5
86
0 5.8149 0.217148
0 2.57529 -8.50295
1 4.0645 -3.23098
1 4.06542 -5.66845
1 1.98333 -1.75512
1 2.35965 -5.62084
1 -1.32294 -0.679775
3 0.3 -1.5
3 -0.3 -1.5
3 -0.3 1.5
3 0.3 1.5
90
0 5.81565 0.219262
0 2.57583 -8.5015
1 4.09149 -3.24793
1 4.08116 -5.674
1 2.02544 -1.76068
1 2.36405 -5.63207
1 -1.30491 -0.680294
3 0.3 -1.5
3 -0.3 -1.5
3 -0.3 1.5
3 0.3 1.5
94
0 5.81547 0.222246
0 2.57734 -8.50122
1 4.111 -3.24082
1 4.0497 -5.72912
1 2.03622 -1.75718
1 2.36566 -5.63155
1 -1.31227 -0.675662
3 0.3 -1.5
3 -0.3 -1.5
3 -0.3 1.5
3 0.3 1.5
98
0 5.81755 0.225807
0 2.56624 -8.53718
1 4.12804 -3.27489
1 4.05176 -5.69114
1 1.97322 -1.7403
1 2.34903 -5.62759
1 -1.28633 -0.676324
3 0.3 -1.5
3 -0.3 -1.5
3 -0.3 1.5
3 0.3 1.5
102
0 5.81369 0.223706
0 2.5571 -8.52222
1 4.04748 -3.27398
1 4.06295 -5.67707
1 1.98203 -1.74352
1 2.39072 -5.62413
1 -1.30042 -0.677565
3 0.3 -1.5
3 -0.3 -1.5
3 -0.3 1.5
3 0.3 1.5
106
0 5.81506 0.225719
0 2.58188 -8.52492
1 4.04273 -3.2874
1 4.08985 -5.6852
1 1.87651 -1.71956
1 2.37748 -5.62231
1 -1.29415 -0.676224
3 0.3 -1.5
3 -0.3 -1.5
3 -0.3 1.5
3 0.3 1.5
110
0 5.81105 0.22344
0 2.57774 -8.52714
1 4.03818 -3.27885
1 4.07789 -5.70158
1 1.88093 -1.73609
1 2.37961 -5.58884
1 -1.27471 -0.681423
3 0.3 -1.5
3 -0.3 -1.5
3 -0.3 1.5
3 0.3 1.5
114
0 5.80816 0.218551
0 2.56496 -8.51911
1 4.08232 -3.26776
1 4.08681 -5.69343
1 1.85816 -1.7383
1 2.37417 -5.57846
1 -1.30583 -0.682964
3 0.3 -1.5
3 -0.3 -1.5
3 -0.3 1.5
3 0.3 1.5
118
0 5.80933 0.218966
0 2.56656 -8.51832
1 4.08777 -3.25984
1 4.06823 -5.69872
1 1.81597 -1.72781
1 2.38206 -5.59077
1 -1.29231 -0.684095
3 0.3 -1.5
3 -0.3 -1.5
3 -0.3 1.5
3 0.3 1.5
122
0 5.80827 0.217979
0 2.55307 -8.53992
1 4.09235 -3.25525
1 4.06276 -5.69863
1 1.79253 -1.72494
1 2.39499 -5.58655
1 -1.27624 -0.688605
3 0.3 -1.5
3 -0.3 -1.5
3 -0.3 1.5
3 0.3 1.5
126
0 5.80695 0.216799
0 2.55533 -8.53537
1 4.06526 -3.22733
1 4.09347 -5.68724
1 1.79526 -1.72828
1 2.39986 -5.60232
1 -1.26504 -0.694711
3 0.3 -1.5
3 -0.3 -1.5
3 -0.3 1.5
3 0.3 1.5
130
0 5.80759 0.21853
0 2.54574 -8.51487
1 4.07902 -3.25207
1 4.08883 -5.66677
1 1.78001 -1.72042
1 2.39416 -5.60498
1 -1.25789 -0.693576
3 0.3 -1.5
3 -0.3 -1.5
3 -0.3 1.5
3 0.3 1.5
134
0 5.82435 0.214857
0 2.53501 -8.49927
1 4.07751 -3.25362
1 4.09558 -5.67552
1 1.77583 -1.71948
1 2.40217 -5.59971
1 -1.28454 -0.691868
3 0.3 -1.5
3 -0.3 -1.5
3 -0.3 1.5
3 0.3 1.5
138
0 5.82637 0.213665
0 2.53454 -8.49801
1 4.07393 -3.27279
1 4.07455 -5.66578
1 1.77026 -1.71549
1 2.42241 -5.60011
1 -1.29027 -0.689673
3 0.3 -1.5
3 -0.3 -1.5
3 -0.3 1.5
3 0.3 1.5
142
0 5.83357 0.214948
0 2.5346 -8.49528
1 4.0274 -3.2448
1 4.06066 -5.64146
1 1.78983 -1.75104
1 2.38468 -5.57758
1 -1.30604 -0.684573
3 0.3 -1.5
3 -0.3 -1.5
3 -0.3 1.5
3 0.3 1.5
146
0 5.7697 0.209981
0 2.53091 -8.49693
1 4.03109 -3.24383
1 4.07518 -5.62966
1 1.8141 -1.75797
1 2.39173 -5.57805
1 -1.31546 -0.687316
3 0.3 -1.5
3 -0.3 -1.5
3 -0.3 1.5
3 0.3 1.5
150
0 5.74742 0.21065
0 2.53195 -8.49601
1 4.03231 -3.24251
1 4.04637 -5.61463
1 1.82807 -1.75937
1 2.40392 -5.59109
1 -1.30942 -0.687477
3 0.3 -1.5
3 -0.3 -1.5
3 -0.3 1.5
3 0.3 1.5
154
0 5.74267 0.21912
0 2.51056 -8.46784
1 4.02606 -3.25032
1 4.02396 -5.59904
1 1.82433 -1.75383
1 2.41175 -5.5829
1 -1.29098 -0.695995
3 0.3 -1.5
3 -0.3 -1.5
3 -0.3 1.5
3 0.3 1.5
158
3 0.3 1.5
3 -0.3 1.5
3 -0.3 -1.5
3 0.3 -1.5
1 -1.34216 -0.688573
1 2.41429 -5.58977
1 1.82682 -1.75333
1 4.03352 -5.60541
1 4.05181 -3.25644
0 2.51362 -8.46832
0 5.74695 0.218626
162
3 0.3 1.5
3 -0.3 1.5
3 -0.3 -1.5
3 0.3 -1.5
1 -1.34996 -0.688847
1 2.39488 -5.56218
1 1.79775 -1.74803
1 4.02472 -5.60617
1 4.05137 -3.27677
0 2.52751 -8.41641
0 5.71401 0.213961
166
3 0.3 1.5
3 -0.3 1.5
3 -0.3 -1.5
3 0.3 -1.5
1 -1.35653 -0.689367
1 2.39932 -5.54831
1 1.80053 -1.74972
1 4.02453 -5.62094
1 4.0694 -3.279
0 2.51874 -8.4432
0 5.71384 0.211677
170
3 0.3 1.5
3 -0.3 1.5
3 -0.3 -1.5
3 0.3 -1.5
1 -1.3605 -0.685884
1 2.38619 -5.54557
1 1.81843 -1.75042
1 4.01425 -5.61463
1 4.06902 -3.27683
0 2.51848 -8.4414
0 5.67299 0.120045
174
3 0.3 1.5
3 -0.3 1.5
3 -0.3 -1.5
3 0.3 -1.5
1 -1.35334 -0.687851
1 2.37459 -5.54687
1 1.8205 -1.75278
1 4.00657 -5.60413
1 4.08653 -3.26574
0 2.47888 -8.43283
0 5.67531 0.117478
178
3 0.3 1.5
3 -0.3 1.5
3 -0.3 -1.5
3 0.3 -1.5
1 -1.35334 -0.687851
1 2.37459 -5.54687
1 1.8205 -1.75278
1 4.00657 -5.60413
1 4.08653 -3.26574
0 2.47888 -8.43283
0 5.67531 0.117477
182
3 0.3 1.5
3 -0.3 1.5
3 -0.3 -1.5
3 0.3 -1.5
1 -1.35532 -0.68396
1 2.35972 -5.54684
1 1.84673 -1.75343
1 4.00236 -5.5849
1 4.07735 -3.27789
0 2.42929 -8.40144
0 5.68102 0.120075
186
3 0.3 1.5
3 -0.3 1.5
3 -0.3 -1.5
3 0.3 -1.5
1 -1.35531 -0.683963
1 2.35973 -5.54685
1 1.84674 -1.75342
1 4.00237 -5.58491
1 4.07736 -3.2779
0 2.42929 -8.40145
0 5.68103 0.120081
190
0 3.20015 -0.103321
3 0.3 1.5
3 -0.3 1.5
3 -0.3 -1.5
3 0.3 -1.5
1 -1.36296 -0.683742
1 2.32701 -5.50939
1 1.84699 -1.75252
1 4.00099 -5.58931
1 4.06403 -3.27804
0 2.42936 -8.40926
0 5.69518 0.0370024
194
0 3.19246 -0.0957603
3 0.3 1.5
3 -0.3 1.5
3 -0.3 -1.5
3 0.3 -1.5
1 -1.35863 -0.682149
1 2.32336 -5.51284
1 1.84503 -1.75093
1 4.01591 -5.58797
1 4.0792 -3.2819
0 2.42696 -8.40694
0 5.67061 -0.0321928
198
0 -2.64725 1.45111
0 3.32541 0.192208
3 0.3 1.5
3 -0.3 1.5
3 -0.3 -1.5
3 0.3 -1.5
1 -1.35811 -0.682325
1 2.32388 -5.51303
1 1.84541 -1.75078
1 4.01643 -5.58808
1 4.0797 -3.2823
0 2.42752 -8.40677
0 5.66903 -0.0329753
202
0 -2.64945 1.47137
0 3.31281 0.211751
3 0.3 1.5
3 -0.3 1.5
3 -0.3 -1.5
3 0.3 -1.5
1 -1.35868 -0.684838
1 2.31295 -5.5073
1 1.84442 -1.74763
1 4.03726 -5.58754
1 4.08897 -3.28823
0 2.41693 -8.39791
0 5.66785 -0.0272858
206
0 -2.659 1.45489
0 3.30438 0.199374
3 0.3 1.5
3 -0.3 1.5
3 -0.3 -1.5
3 0.3 -1.5
1 -1.36303 -0.688363
1 2.28791 -5.50291
1 1.8431 -1.74891
1 4.06589 -5.5828
1 4.1126 -3.28123
0 2.41283 -8.40071
0 5.66391 -0.0225613
210
0 -2.69858 1.44064
0 3.28511 0.196344
3 0.3 1.5
3 -0.3 1.5
3 -0.3 -1.5
3 0.3 -1.5
1 -1.37628 -0.688082
1 2.27008 -5.50411
1 1.86096 -1.75221
1 4.08134 -5.56562
1 4.11508 -3.28798
0 2.46561 -8.40567
0 5.65465 -0.0228242
214
0 -2.67301 1.44107
0 3.28768 0.193593
3 0.3 1.5
3 -0.3 1.5
3 -0.3 -1.5
3 0.3 -1.5
1 -1.37554 -0.690009
1 2.25778 -5.50313
1 1.87057 -1.7521
1 4.12049 -5.56644
1 4.12676 -3.28762
0 2.38034 -8.35743
0 5.65634 -0.0237845
218
0 4.35582 1.59357
0 -2.62594 1.45387
0 3.28768 0.193593
3 0.3 1.5
3 -0.3 1.5
3 -0.3 -1.5
3 0.3 -1.5
1 -1.37561 -0.689988
1 2.25773 -5.50313
1 1.87058 -1.75205
1 4.12044 -5.5664
1 4.12671 -3.28764
0 2.38019 -8.35731
0 5.65628 -0.0238445
222
0 4.37305 1.53386
0 -2.5266 1.47716
0 3.29218 0.189217
3 0.3 1.5
3 -0.3 1.5
3 -0.3 -1.5
3 0.3 -1.5
1 -1.37357 -0.691571
1 2.25953 -5.50443
1 1.87193 -1.7529
1 4.1223 -5.56801
1 4.12862 -3.28927
0 2.38205 -8.35893
0 5.65395 0.0303402
226
0 4.32923 1.53051
0 -2.49465 1.46509
0 3.29315 0.180028
3 0.3 1.5
3 -0.3 1.5
3 -0.3 -1.5
3 0.3 -1.5
1 -1.39121 -0.695074
1 2.26428 -5.51722
1 1.87193 -1.75489
1 4.12563 -5.55625
1 4.14136 -3.2757
0 2.37988 -8.36159
0 5.67164 0.0758576
230
0 4.32794 1.52422
0 -2.49457 1.46038
0 3.29293 0.17781
3 0.3 1.5
3 -0.3 1.5
3 -0.3 -1.5
3 0.3 -1.5
1 -1.39608 -0.697788
1 2.27914 -5.52346
1 1.87168 -1.75561
1 4.13521 -5.55898
1 4.15799 -3.26916
0 2.31997 -8.33568
0 5.64589 0.0752838
234
0 4.32716 1.53642
0 -2.49791 1.47
0 3.29023 0.181986
3 0.3 1.5
3 -0.3 1.5
3 -0.3 -1.5
3 0.3 -1.5
1 -1.40564 -0.697999
1 2.27774 -5.52536
1 1.82942 -1.74762
1 4.18013 -5.55971
1 4.16803 -3.2762
0 2.37437 -8.36482
0 5.65936 0.0812398
0 1.45837 -5.1467
238
0 4.33789 1.53152
0 -2.51725 1.45613
0 3.29742 0.179074
3 0.3 1.5
3 -0.3 1.5
3 -0.3 -1.5
3 0.3 -1.5
1 -1.40236 -0.699195
1 2.28204 -5.527
1 1.83212 -1.74855
1 4.18174 -5.55889
1 4.17215 -3.27783
0 2.37961 -8.36725
0 5.69633 0.123216
0 1.32825 -5.03665
242
0 4.33605 1.54191
0 -2.52231 1.4655
0 3.29597 0.184391
3 0.3 1.5
3 -0.3 1.5
3 -0.3 -1.5
3 0.3 -1.5
1 -1.42207 -0.697274
1 2.27474 -5.5262
1 1.86075 -1.76366
1 4.24133 -5.57101
1 4.20223 -3.27691
0 2.28677 -8.30299
0 5.6661 0.119231
0 1.30781 -5.01861
246
0 4.3398 1.53884
0 1.24317 1.31439
0 -2.47479 1.4763
0 3.29906 0.182695
3 0.3 1.5
3 -0.3 1.5
3 -0.3 -1.5
3 0.3 -1.5
1 -1.42083 -0.69833
1 2.27568 -5.52678
1 1.86119 -1.76442
1 4.2421 -5.57183
1 4.20341 -3.27786
0 2.28802 -8.30367
0 5.71411 0.156498
0 1.30778 -5.01874
250
0 4.44052 1.47651
0 1.39156 1.3401
0 -2.53547 1.46867
0 3.28395 0.18547
3 0.3 1.5
3 -0.3 1.5
3 -0.3 -1.5
3 0.3 -1.5
1 -1.43833 -0.700409
1 2.29119 -5.53682
1 1.86759 -1.76683
1 4.22708 -5.56482
1 4.21161 -3.26973
0 2.38276 -8.36194
0 5.75083 0.154551
0 1.28425 -5.01143
254
0 4.44874 1.4635
0 1.59563 1.34243
0 -2.43557 1.48488
0 3.17109 0.453504
3 0.3 1.5
3 -0.3 1.5
3 -0.3 -1.5
3 0.3 -1.5
1 -1.43612 -0.70258
1 2.29025 -5.53577
1 1.86683 -1.76862
1 4.22788 -5.56514
1 4.2129 -3.27077
0 2.38479 -8.36161
0 5.73855 0.21587
0 1.28245 -5.00917
258
0 4.46764 1.4649
0 1.61698 1.34925
0 -2.41497 1.48798
0 3.10521 0.449849
3 0.3 1.5
3 -0.3 1.5
3 -0.3 -1.5
3 0.3 -1.5
1 -1.46769 -0.700414
1 2.2881 -5.53687
1 1.8771 -1.76875
1 4.19368 -5.55888
1 4.20235 -3.25585
0 2.40291 -8.37009
0 5.80047 0.214188
0 1.30255 -5.01552
262
1 5.69098 -4.1904
0 4.46771 1.46467
0 1.68936 1.35782
0 -2.37524 1.49969
0 3.10475 0.450006
3 0.3 1.5
3 -0.3 1.5
3 -0.3 -1.5
3 0.3 -1.5
1 -1.50194 -0.70004
1 2.25756 -5.52722
1 1.87712 -1.76898
1 4.17914 -5.55459
1 4.22779 -3.24909
0 2.58482 -8.50102
0 5.74694 0.235222
0 1.30159 -5.01492
266
1 5.68477 -4.19083
0 4.4712 1.46268
0 1.74283 1.36675
0 -2.34563 1.50588
0 3.1077 0.448182
3 0.3 1.5
3 -0.3 1.5
3 -0.3 -1.5
3 0.3 -1.5
1 -1.50095 -0.70091
1 2.25818 -5.52747
1 1.8778 -1.76943
1 4.17959 -5.55502
1 4.22843 -3.24979
0 2.57877 -8.49215
0 5.78486 0.262517
0 1.30268 -5.01516
270
1 5.68739 -3.9925
0 4.47548 1.4663
0 1.74782 1.37608
0 -2.34395 1.51053
0 3.11103 0.451808
3 0.3 1.5
3 -0.3 1.5
3 -0.3 -1.5
3 0.3 -1.5
1 -1.52482 -0.704788
1 2.18649 -5.49386
1 1.88143 -1.76844
1 4.17852 -5.55313
1 4.29616 -3.24189
0 2.58801 -8.49607
0 5.79619 0.258463
0 1.30968 -5.01662
274
1 5.69185 -3.99714
0 4.48148 1.46544
0 1.75625 1.37477
0 -2.3279 1.51217
0 3.11574 0.450725
3 0.3 1.5
3 -0.3 1.5
3 -0.3 -1.5
3 0.3 -1.5
1 -1.52667 -0.704551
1 2.18679 -5.49253
1 1.88351 -1.76869
1 4.18203 -5.554
1 4.29143 -3.23934
0 2.59231 -8.49792
0 5.81226 0.283543
0 1.31386 -5.01774
278
1 5.8147 -3.90416
0 4.66281 1.42564
0 1.65799 1.37882
0 -2.34935 1.52319
0 3.10694 0.458606
3 0.3 1.5
3 -0.3 1.5
3 -0.3 -1.5
3 0.3 -1.5
1 -1.53682 -0.701901
1 2.1673 -5.48244
1 1.87701 -1.76257
1 4.18051 -5.54872
1 4.2144 -3.23508
0 2.83946 -8.67955
0 5.80991 0.285741
0 1.31251 -5.01559
282
0 7.98182 -0.694407
1 5.79463 -3.87154
0 4.5018 1.42451
0 1.68258 1.39431
0 -2.32372 1.53559
0 3.11685 0.462601
3 0.3 1.5
3 -0.3 1.5
3 -0.3 -1.5
3 0.3 -1.5
1 -1.52297 -0.698984
1 2.16855 -5.48132
1 1.87591 -1.77044
1 4.13315 -5.53039
1 4.16925 -3.22963
0 2.85148 -8.67728
0 5.82584 0.294526
0 1.32677 -5.01903
286
0 8.00139 -0.706023
1 5.85516 -3.89738
0 4.51244 1.41828
0 1.60475 1.38219
0 -2.33327 1.52436
0 3.12222 0.460534
3 0.3 1.5
3 -0.3 1.5
3 -0.3 -1.5
3 0.3 -1.5
1 -1.53098 -0.699144
1 2.1655 -5.47843
1 1.86899 -1.76964
1 4.12739 -5.52686
1 4.1422 -3.22151
0 2.87675 -8.69918
0 5.85202 0.323185
0 1.33027 -5.02002
290
0 7.95008 -0.701786
1 5.79107 -3.90342
0 4.36711 1.45258
0 1.5996 1.38004
0 -2.31518 1.53479
0 3.11901 0.462166
3 0.3 1.5
3 -0.3 1.5
3 -0.3 -1.5
3 0.3 -1.5
1 -1.56313 -0.698819
1 2.11358 -5.45361
1 1.89442 -1.77245
1 4.14206 -5.53504
1 4.19594 -3.22809
0 3.12168 -8.8852
0 5.83331 0.352065
0 1.32771 -5.01843
294
0 7.95483 -0.592984
1 5.72931 -3.88679
0 4.38861 1.45062
0 1.71634 1.39138
0 -2.27124 1.54218
0 3.13075 0.459578
3 0.3 1.5
3 -0.3 1.5
3 -0.3 -1.5
3 0.3 -1.5
1 -1.57793 -0.699535
1 2.09055 -5.44088
1 1.89786 -1.77168
1 4.09301 -5.51746
1 4.23745 -3.23122
0 3.11228 -8.86756
0 5.80414 0.375473
0 1.33779 -5.02196
298
0 8.01502 -0.624656
1 5.83702 -3.86719
0 4.39121 1.45409
0 1.71865 1.39607
0 -2.2712 1.54348
0 3.13288 0.460666
3 0.3 1.5
3 -0.3 1.5
3 -0.3 -1.5
3 0.3 -1.5
1 -1.61585 -0.695975
1 2.05875 -5.4242
1 1.9413 -1.77733
1 4.17285 -5.54703
1 4.21787 -3.22844
0 3.11938 -8.87102
0 5.80795 0.378648
0 1.3409 -5.0222
302
0 8.03051 -0.641954
1 5.84625 -3.87672
0 4.16864 1.46602
0 1.84312 1.39894
0 -2.19409 1.57384
0 3.13941 0.460506
3 0.3 1.5
3 -0.3 1.5
3 -0.3 -1.5
3 0.3 -1.5
1 -1.62599 -0.696838
1 2.05455 -5.41903
1 1.93653 -1.77779
1 4.17389 -5.54648
1 4.21684 -3.22826
0 3.126 -8.87345
0 5.87207 0.428658
0 1.34664 -5.02312
306
0 8.0098 -0.63949
1 5.78036 -3.86101
0 4.15017 1.46607
0 1.82374 1.40103
0 -2.21767 1.57092
0 3.15239 0.466304
3 0.3 1.5
3 -0.3 1.5
3 -0.3 -1.5
3 0.3 -1.5
1 -1.71337 -0.68734
1 1.9835 -5.38108
1 1.97182 -1.78595
1 4.23323 -5.56933
1 4.31597 -3.24516
0 3.44875 -9.13267
0 5.87613 0.415152
0 1.34164 -5.02103
310
1 4.41722 -7.11612
1 6.13663 -5.89037
0 8.07463 -0.752079
1 5.75032 -3.8506
0 4.1542 1.46455
0 1.859 1.39603
0 -2.21426 1.56927
0 3.15524 0.46541
3 0.3 1.5
3 -0.3 1.5
3 -0.3 -1.5
3 0.3 -1.5
1 -1.71489 -0.689799
1 1.92281 -5.34836
1 1.97315 -1.78583
1 4.24589 -5.57275
1 4.37744 -3.25175
0 3.40394 -9.08769
0 5.83558 0.419852
0 1.34352 -5.02153
314
1 4.41892 -7.1181
1 6.13966 -5.89478
0 8.07132 -0.756196
1 5.75326 -3.85338
0 4.15986 1.46277
0 1.91954 1.39539
0 -2.20586 1.56957
0 3.15798 0.464553
3 0.3 1.5
3 -0.3 1.5
3 -0.3 -1.5
3 0.3 -1.5
1 -1.71731 -0.690141
1 1.91343 -5.3411
1 1.97243 -1.78628
1 4.24755 -5.57331
1 4.37811 -3.25223
0 3.40657 -9.08893
0 5.84186 0.440174
0 1.34563 -5.02212
318
1 4.42681 -7.11435
0 7.56588 -3.46085
1 5.66995 -5.75411
0 8.08844 -0.847476
1 5.58678 -3.84917
0 4.15876 1.46071
0 1.91414 1.39442
0 -2.20525 1.56818
0 3.156 0.463169
3 0.3 1.5
3 -0.3 1.5
3 -0.3 -1.5
3 0.3 -1.5
1 -1.70521 -0.693049
1 1.93373 -5.35595
1 2.0879 -1.80971
1 4.02394 -5.47881
1 4.51235 -3.27125
0 3.40577 -9.09064
0 5.88875 0.4271
0 1.34241 -5.02248
322
1 4.44686 -7.13126
0 7.58366 -3.47775
1 5.68349 -5.75971
0 8.10592 -0.862006
1 5.59208 -3.85494
0 3.81714 1.45704
0 2.05848 1.40408
0 -2.17682 1.57366
0 3.16094 0.462158
3 0.3 1.5
3 -0.3 1.5
3 -0.3 -1.5
3 0.3 -1.5
1 -1.71051 -0.693577
1 1.94144 -5.35935
1 2.08102 -1.81124
1 4.0258 -5.47869
1 4.49437 -3.26649
0 3.41332 -9.09491
0 5.79083 0.458041
0 1.3465 -5.02363
326
1 4.68079 -7.20264
0 7.77137 -3.56746
1 5.826 -5.82567
0 8.11015 -0.867355
1 5.47115 -3.83965
0 3.77813 1.4508
0 2.03676 1.40319
0 -2.18995 1.57317
0 3.15686 0.463838
3 0.3 1.5
3 -0.3 1.5
3 -0.3 -1.5
3 0.3 -1.5
1 -1.72213 -0.691709
1 2.00716 -5.39994
1 2.06103 -1.81268
1 4.05153 -5.49172
1 4.53713 -3.27228
0 3.40542 -9.08978
0 5.78132 0.459258
0 1.34335 -5.02227
330
1 4.66517 -7.18624
0 7.77378 -3.57221
1 5.82694 -5.82824
0 8.11259 -0.870659
1 5.46605 -3.83847
0 3.7829 1.44949
0 2.1523 1.41591
0 -2.18523 1.57313
0 3.1587 0.463371
3 0.3 1.5
3 -0.3 1.5
3 -0.3 -1.5
3 0.3 -1.5
1 -1.72351 -0.691904
1 2.0074 -5.39971
1 2.05845 -1.81293
1 4.05146 -5.49152
1 4.53627 -3.27239
0 3.40703 -9.09045
0 5.79762 0.475568
0 1.34477 -5.02258
334
1 4.39087 -7.03458
0 7.99597 -3.66001
1 5.79239 -5.74568
0 8.16254 -0.889677
1 5.38393 -3.81438
0 3.78029 1.45075
0 2.14866 1.41747
0 -2.18664 1.57408
0 3.15727 0.464155
3 0.3 1.5
3 -0.3 1.5
3 -0.3 -1.5
3 0.3 -1.5
1 -1.72169 -0.691739
1 2.0099 -5.40133
1 2.10248 -1.82952
1 3.99888 -5.46818
1 4.55735 -3.26934
0 3.40596 -9.08998
0 5.79621 0.477188
0 1.34353 -5.02211
338
1 4.40641 -7.04489
0 8.00915 -3.6743
1 5.80217 -5.75671
0 8.17615 -0.903272
1 5.38678 -3.81928
0 3.39451 1.42549
0 2.28851 1.42459
0 -2.16878 1.57795
0 3.16058 0.463947
3 0.3 1.5
3 -0.3 1.5
3 -0.3 -1.5
3 0.3 -1.5
1 -1.72285 -0.691858
1 2.01617 -5.40388
1 2.09253 -1.83057
1 4.00064 -5.46833
1 4.5531 -3.26935
0 3.41129 -9.09268
0 5.76119 0.503997
0 1.34648 -5.02258
342
0 6.55107 -7.77507
1 4.2903 -6.98062
0 7.64643 -3.58099
1 5.54732 -5.6698
0 8.2068 -0.956451
1 5.25685 -3.799
0 3.30541 1.41316
0 2.24196 1.42313
0 -2.18776 1.57501
0 3.15585 0.465315
3 0.3 1.5
3 -0.3 1.5
3 -0.3 -1.5
3 0.3 -1.5
1 -1.73438 -0.690567
1 2.00025 -5.39596
1 2.09717 -1.83579
1 4.10963 -5.52099
1 4.53958 -3.25578
0 3.4016 -9.08674
0 5.80421 0.481287
0 1.34241 -5.02125
346
0 6.61673 -7.88845
0 8.46632 -6.41185
1 4.09138 -6.86536
0 7.62922 -3.57438
1 5.6069 -5.70515
0 8.11776 -1.05244
1 5.16885 -3.7803
0 3.28271 1.41369
0 2.22471 1.42373
0 -2.19477 1.57505
0 3.15423 0.466929
3 0.3 1.5
3 -0.3 1.5
3 -0.3 -1.5
3 0.3 -1.5
1 -1.75228 -0.685913
1 1.98858 -5.38917
1 2.1005 -1.84878
1 4.23428 -5.58089
1 4.51995 -3.23996
0 3.39611 -9.08242
0 5.79292 0.483512
0 1.34157 -5.02035
350
0 6.61894 -7.89505
0 8.46508 -6.41784
1 4.08553 -6.85878
0 7.63198 -3.57876
1 5.60614 -5.70743
0 8.01282 -1.02256
1 5.16641 -3.78114
0 3.2751 1.40915
0 2.41792 1.44963
0 -2.18791 1.57564
0 3.15728 0.466711
3 0.3 1.5
3 -0.3 1.5
3 -0.3 -1.5
3 0.3 -1.5
1 -1.75194 -0.685939
1 1.99111 -5.38965
1 2.09485 -1.84885
1 4.23242 -5.57859
1 4.51671 -3.23962
0 3.39926 -9.08355
0 5.73059 0.496758
0 1.34445 -5.02087
354
0 6.63233 -7.89797
0 8.34676 -6.36736
1 4.10561 -6.87233
0 7.63804 -3.58348
1 5.48288 -5.68248
0 7.96338 -1.0456
1 5.07984 -3.7698
0 3.27807 1.40719
0 2.52365 1.46057
0 -2.18497 1.57529
0 3.15697 0.466118
3 0.3 1.5
3 -0.3 1.5
3 -0.3 -1.5
3 0.3 -1.5
1 -1.75937 -0.686338
1 1.99546 -5.38477
1 2.09478 -1.85551
1 4.14817 -5.53956
1 4.50872 -3.23354
0 3.39653 -9.08232
0 5.61045 0.505645
0 1.34311 -5.02066
358
0 9.27553 -4.32259
0 6.73716 -8.00637
0 8.44994 -6.4622
1 4.21053 -6.95735
0 7.64015 -3.58332
0 6.71046 -5.3635
1 5.4599 -5.67367
0 7.93633 -1.08232
1 5.01737 -3.74448
0 3.27575 1.40722
0 2.50409 1.45734
0 -2.18405 1.57584
0 3.15682 0.466637
3 0.3 1.5
3 -0.3 1.5
3 -0.3 -1.5
3 0.3 -1.5
1 -1.76113 -0.686119
1 1.99735 -5.38586
1 2.10315 -1.86357
1 4.15177 -5.54121
1 4.4928 -3.22247
0 3.39583 -9.08167
0 5.59393 0.506561
0 1.3429 -5.02036
362
0 9.4009 -4.37962
0 6.81233 -8.08709
0 8.46464 -6.46354
1 4.2375 -6.95262
0 7.64528 -3.58333
0 6.75653 -5.4042
1 5.46959 -5.68799
0 7.91772 -1.09958
1 5.04166 -3.74597
0 3.27914 1.40769
0 2.56631 1.46582
0 -2.17972 1.57719
0 3.15795 0.467102
3 0.3 1.5
3 -0.3 1.5
3 -0.3 -1.5
3 0.3 -1.5
1 -1.75824 -0.685974
1 2.00322 -5.38855
1 2.11406 -1.87179
1 4.15841 -5.54346
1 4.45234 -3.20986
0 3.39816 -9.08263
0 5.54938 0.520701
0 1.34417 -5.02033
366
0 9.22617 -4.32499
0 6.83419 -8.09429
0 8.55095 -6.54688
1 4.30461 -7.00946
0 7.65318 -3.58619
0 6.78805 -5.41302
1 5.50555 -5.70691
0 7.95437 -1.11911
1 4.9199 -3.71465
0 3.28752 1.40701
0 2.65082 1.47962
0 -2.17353 1.57802
0 5.32794 -6.71581
0 3.15933 0.466826
3 0.3 1.5
3 -0.3 1.5
3 -0.3 -1.5
3 0.3 -1.5
1 -1.75732 -0.686349
1 2.01032 -5.39254
1 2.13226 -1.87844
1 4.17006 -5.54857
1 4.41499 -3.1971
0 3.4 -9.08361
0 5.32958 0.522989
0 1.34522 -5.02056
370
0 9.31431 -4.36613
0 6.87208 -8.15088
0 8.46261 -6.51655
1 4.59542 -7.25524
0 7.66137 -3.59211
0 6.80484 -5.42053
1 5.50446 -5.70989
0 7.95773 -1.13777
1 4.76306 -3.6725
0 3.29924 1.40489
0 2.64574 1.46513
0 -2.16506 1.57815
0 5.35124 -6.72455
0 3.16156 0.466195
3 0.3 1.5
3 -0.3 1.5
3 -0.3 -1.5
3 0.3 -1.5
1 -1.75951 -0.686999
1 2.01483 -5.39514
1 2.14315 -1.88601
1 4.17686 -5.55215
1 4.37595 -3.17828
0 3.40157 -9.08437
0 5.24282 0.526266
0 1.3464 -5.02083
374
0 9.32066 -4.37395
0 6.87886 -8.15841
0 8.46631 -6.52154
1 4.58208 -7.23117
0 7.66539 -3.59484
0 6.80646 -5.42291
1 5.50782 -5.71336
0 7.83782 -1.11029
1 4.74408 -3.66316
0 3.30728 1.40422
0 2.68956 1.46696
0 -2.16079 1.57825
0 5.3522 -6.72522
0 3.16312 0.465863
3 0.3 1.5
3 -0.3 1.5
3 -0.3 -1.5
3 0.3 -1.5
1 -1.75867 -0.687249
1 2.01808 -5.39667
1 2.13933 -1.88644
1 4.17883 -5.55283
1 4.38285 -3.18193
0 3.40358 -9.08534
0 5.22459 0.531552
0 1.34757 -5.02104
378
0 9.24945 -4.33902
0 6.90169 -8.1618
0 8.32448 -6.4306
1 4.60809 -7.24235
0 7.67065 -3.59277
0 6.83374 -5.42844
1 5.4982 -5.7002
0 7.78397 -1.1133
1 4.66943 -3.64833
0 3.30767 1.40604
0 2.73169 1.47957
0 -2.16106 1.58043
0 5.39013 -6.74365
0 3.16088 0.467262
3 0.3 1.5
3 -0.3 1.5
3 -0.3 -1.5
3 0.3 -1.5
1 -1.75801 -0.686667
1 2.02326 -5.39985
1 2.25352 -1.91684
1 4.08696 -5.50609
1 4.4084 -3.18577
0 3.40201 -9.08439
0 5.15448 0.53944
0 1.34571 -5.01994
382
0 9.30387 -4.37134
0 6.89563 -8.16328
0 8.2376 -6.37366
1 4.91171 -7.46689
0 7.6724 -3.59278
0 6.83679 -5.45107
1 5.39709 -5.62488
0 7.79709 -1.16837
1 4.564 -3.62012
0 3.3056 1.4059
0 2.69783 1.47709
0 -2.16091 1.58091
0 5.42541 -6.76403
0 3.15999 0.467654
3 0.3 1.5
3 -0.3 1.5
3 -0.3 -1.5
3 0.3 -1.5
1 -1.76013 -0.686581
1 2.0252 -5.40131
1 2.28644 -1.93498
1 4.10184 -5.51278
1 4.39708 -3.1772
0 3.40048 -9.08348
0 5.12132 0.546468
0 1.34454 -5.01934
386
0 1.343 -5.01824
0 5.08894 0.552566
0 3.39842 -9.0819
1 4.39892 -3.175
1 4.12632 -5.5259
1 2.36163 -1.95947
1 2.02287 -5.39957
1 -1.75938 -0.685215
3 0.3 -1.5
3 -0.3 -1.5
3 -0.3 1.5
3 0.3 1.5
0 3.15711 0.469816
0 5.42249 -6.76054
0 -2.16649 1.58299
0 2.66928 1.47845
0 3.29568 1.40888
1 4.49475 -3.57708
0 7.8164 -1.19623
1 5.43377 -5.63694
0 6.81298 -5.43195
0 7.66811 -3.5871
1 4.91201 -7.46857
0 8.20643 -6.34728
0 6.86995 -8.13607
0 9.32682 -4.39796
390
0 1.34407 -5.01872
0 5.01183 0.552651
0 3.39984 -9.08274
1 4.34516 -3.15691
1 4.15189 -5.53951
1 2.3809 -1.96571
1 2.02547 -5.40112
1 -1.76038 -0.685793
3 0.3 -1.5
3 -0.3 -1.5
3 -0.3 1.5
3 0.3 1.5
0 3.15879 0.469043
0 5.43618 -6.76835
0 -2.16139 1.58266
0 2.70503 1.48151
0 3.30357 1.40731
1 4.50124 -3.59074
0 7.78449 -1.20349
1 5.41777 -5.63113
0 6.83766 -5.44259
0 7.73576 -3.64275
1 4.93173 -7.48359
0 8.13504 -6.31764
0 6.78925 -8.07325
0 9.3503 -4.40025
394
0 1.34561 -5.01939
0 4.91218 0.546374
0 3.40267 -9.08449
1 4.25747 -3.12788
1 4.17779 -5.5541
1 2.39615 -1.9707
1 2.03082 -5.40405
1 -1.75861 -0.686602
3 0.3 -1.5
3 -0.3 -1.5
3 -0.3 1.5
3 0.3 1.5
0 3.16096 0.468268
0 5.44504 -6.7717
0 -2.15442 1.58262
0 2.72141 1.48107
0 3.31283 1.40589
1 4.51952 -3.60206
0 7.82762 -1.21914
1 5.49457 -5.66936
0 6.99556 -5.54152
0 7.76172 -3.64872
1 4.94764 -7.49373
0 8.15953 -6.32701
0 6.81408 -8.08877
0 9.41705 -4.44739
398
0 1.346 -5.01954
0 4.89665 0.545801
0 3.40317 -9.08474
1 4.19317 -3.10353
1 4.19316 -5.56355
1 2.4284 -1.98239
1 2.03117 -5.40429
1 -1.75986 -0.686926
3 0.3 -1.5
3 -0.3 -1.5
3 -0.3 1.5
3 0.3 1.5
0 3.16188 0.467935
0 5.44962 -6.7745
0 -2.15142 1.58234
0 2.7189 1.47851
0 3.31675 1.4048
1 4.54246 -3.61608
0 7.90991 -1.25791
1 5.4337 -5.61361
0 7.026 -5.55381
0 7.78306 -3.65348
1 4.95458 -7.49957
0 8.17513 -6.33266
0 6.82877 -8.09952
0 9.45585 -4.47239
0 8.21105 -10.0533
402
0 1.34714 -5.01967
0 4.99309 0.552166
0 3.40458 -9.08522
1 4.18187 -3.10082
1 4.19346 -5.56336
1 2.41964 -1.98108
1 2.03348 -5.4052
1 -1.75908 -0.686872
3 0.3 -1.5
3 -0.3 -1.5
3 -0.3 1.5
3 0.3 1.5
0 3.16299 0.468069
0 5.45142 -6.77535
0 -2.14887 1.5828
0 2.74139 1.4806
0 3.32255 1.40486
1 4.53339 -3.61432
0 7.75043 -1.20919
1 5.43221 -5.6147
0 7.02125 -5.55538
0 7.77665 -3.65515
1 4.95961 -7.50393
0 8.17632 -6.33706
0 6.83183 -8.10294
0 9.44949 -4.48007
0 8.20261 -10.0432
406
0 1.3459 -5.01862
0 4.95271 0.55769
0 3.40289 -9.08376
1 4.1253 -3.07703
1 4.2124 -5.57254
1 2.49587 -2.01174
1 2.0326 -5.40424
1 -1.75841 -0.685529
3 0.3 -1.5
3 -0.3 -1.5
3 -0.3 1.5
3 0.3 1.5
0 3.16065 0.470194
0 5.45835 -6.77733
0 -2.15318 1.58504
0 2.73308 1.48471
0 3.3169 1.40774
1 4.48585 -3.58949
0 7.66834 -1.1961
1 5.37763 -5.57295
0 7.05233 -5.56105
0 7.79681 -3.65304
1 5.04718 -7.59047
0 8.00219 -6.2298
0 6.84623 -8.10861
0 9.32485 -4.4382
0 8.21978 -10.0311
410
0 9.39146 -7.6217
0 1.34611 -5.01863
0 4.92552 0.556808
0 3.4027 -9.08344
1 4.07663 -3.05599
1 4.22168 -5.57809
1 2.53856 -2.03049
1 2.03058 -5.4031
1 -1.76165 -0.685643
3 0.3 -1.5
3 -0.3 -1.5
3 -0.3 1.5
3 0.3 1.5
0 3.1614 0.47004
0 5.45766 -6.77782
0 -2.15097 1.58466
0 2.73161 1.48215
0 3.3201 1.40652
1 4.45806 -3.58021
0 7.78869 -1.23582
1 5.30643 -5.52338
0 7.07192 -5.57009
0 7.81029 -3.65743
1 5.05072 -7.59194
0 8.02955 -6.23853
0 6.85622 -8.11906
0 9.29572 -4.4382
0 8.09276 -9.95294
414
0 9.33641 -7.63626
0 1.34682 -5.01899
0 4.93716 0.556241
0 3.40348 -9.0839
1 4.02595 -3.03718
1 4.22337 -5.57947
1 2.54459 -2.03427
1 2.03086 -5.40331
1 -1.76285 -0.686015
3 0.3 -1.5
3 -0.3 -1.5
3 -0.3 1.5
3 0.3 1.5
0 3.16258 0.469525
0 5.45689 -6.77814
0 -2.14767 1.58436
0 2.73709 1.47988
0 3.32542 1.40529
1 4.45725 -3.57734
0 7.62235 -1.24074
1 5.33169 -5.52604
0 7.08236 -5.57943
0 7.81297 -3.66081
1 5.05684 -7.59957
0 8.03903 -6.2459
0 6.73611 -8.02706
0 9.28797 -4.45848
0 8.1023 -9.95567
418
0 9.35221 -7.637
0 1.3477 -5.01923
0 5.01091 0.564014
0 3.40446 -9.08434
1 3.98308 -3.02114
1 4.22282 -5.57938
1 2.54976 -2.03917
1 2.03115 -5.40332
1 -1.76383 -0.686221
3 0.3 -1.5
3 -0.3 -1.5
3 -0.3 1.5
3 0.3 1.5
0 3.16381 0.469231
0 5.45402 -6.77712
0 -2.14406 1.58438
0 2.74206 1.47731
0 3.33126 1.40428
1 4.43681 -3.56658
0 7.60644 -1.25741
1 5.32765 -5.50695
0 7.08327 -5.58281
0 7.81396 -3.66396
1 5.06025 -7.60516
0 7.91746 -6.19974
0 6.74884 -8.03797
0 9.27507 -4.47872
0 8.0374 -9.92617
422
0 9.35166 -7.63358
0 1.34814 -5.01928
0 5.09936 0.57652
0 3.4102 -9.08936
1 3.98971 -3.02167
1 4.22034 -5.57851
1 2.54854 -2.04111
1 2.03171 -5.40377
1 -1.76654 -0.686315
3 0.3 -1.5
3 -0.3 -1.5
3 -0.3 1.5
3 0.3 1.5
0 3.16474 0.468822
0 5.44959 -6.77524
0 -2.14144 1.58404
0 2.743 1.47413
0 3.3349 1.40248
1 4.43982 -3.57052
0 7.5955 -1.28813
1 5.3295 -5.50963
0 7.08258 -5.58547
0 7.8144 -3.66717
1 5.05986 -7.60773
0 7.92518 -6.20615
0 6.7512 -8.0432
0 9.27839 -4.4787
0 8.03812 -9.92714
426
0 9.35986 -7.66648
0 1.34945 -5.01961
0 5.21992 0.582972
0 3.41252 -9.09055
1 3.91015 -2.99393
1 4.21218 -5.57395
1 2.53747 -2.04621
1 2.03394 -5.40456
1 -1.76364 -0.686642
3 0.3 -1.5
3 -0.3 -1.5
3 -0.3 1.5
3 0.3 1.5
0 3.16634 0.468703
0 5.4385 -6.76927
0 -2.13752 1.58433
0 2.76248 1.47323
0 3.34278 1.40217
1 4.33828 -3.52253
0 7.51554 -1.28406
1 5.30159 -5.49276
0 7.06434 -5.58433
0 8.61706 -3.62893
1 5.31797 -7.87163
0 7.76987 -6.14331
0 6.65788 -7.94618
0 9.1493 -4.4758
0 8.03826 -9.94428
430
0 9.3576 -7.65842
0 1.34907 -5.01964
0 5.20092 0.583184
0 3.4117 -9.0902
1 3.9171 -2.99556
1 4.21123 -5.57366
1 2.53766 -2.04531
1 2.03259 -5.40399
1 -1.764 -0.686629
3 0.3 -1.5
3 -0.3 -1.5
3 -0.3 1.5
3 0.3 1.5
0 3.16585 0.468595
0 5.43783 -6.76902
0 -2.13935 1.58407
0 2.74817 1.46979
0 3.33981 1.40226
1 4.34066 -3.51811
0 7.59303 -1.30536
1 5.30351 -5.49203
0 7.06475 -5.58347
0 8.29592 -3.49038
1 5.28011 -7.82125
0 7.76093 -6.12721
0 6.66165 -7.9486
0 9.1306 -4.45707
0 8.03698 -9.93983
434
0 9.22596 -7.67077
0 1.34907 -5.01964
0 5.22261 0.584438
0 3.41198 -9.09027
1 3.90466 -2.99092
1 4.20965 -5.57271
1 2.5406 -2.04864
1 2.03232 -5.40363
1 -1.76322 -0.686443
3 0.3 -1.5
3 -0.3 -1.5
3 -0.3 1.5
3 0.3 1.5
0 3.16585 0.468595
0 5.43341 -6.76646
0 -2.13964 1.58441
0 2.75176 1.47041
0 3.34009 1.4027
1 4.31419 -3.50175
0 7.59422 -1.30198
1 5.17092 -5.38632
0 7.06144 -5.58338
0 8.35391 -3.492
1 5.30693 -7.84985
0 7.80842 -6.1536
0 6.63462 -7.9311
0 9.22387 -4.55097
0 7.96316 -9.92819
438
0 8.93914 -7.49974
0 1.34907 -5.01964
0 5.26291 0.585297
0 3.41269 -9.09061
1 3.90813 -2.99473
1 4.20337 -5.5688
1 2.53039 -2.04698
1 2.03295 -5.40361
1 -1.75935 -0.686202
3 0.3 -1.5
3 -0.3 -1.5
3 -0.3 1.5
3 0.3 1.5
0 3.1653 0.469432
0 5.42493 -6.7609
0 -2.14164 1.5849
0 2.7564 1.47248
0 3.33804 1.40408
1 4.24906 -3.46232
0 7.45783 -1.28745
1 5.08341 -5.31278
0 7.04734 -5.57852
0 8.52796 -3.33018
1 5.31291 -7.86428
0 7.7685 -6.13372
0 6.61762 -7.91874
0 9.16692 -4.58097
0 7.91468 -9.87301
442
0 8.92655 -7.49378
0 1.34907 -5.01964
0 5.29007 0.586316
0 3.4124 -9.09044
1 3.90829 -2.99531
1 4.20464 -5.56935
1 2.53215 -2.04786
1 2.03319 -5.40372
1 -1.7581 -0.686086
3 0.3 -1.5
3 -0.3 -1.5
3 -0.3 1.5
3 0.3 1.5
0 3.16478 0.469709
0 5.42506 -6.76068
0 -2.14341 1.58498
0 2.76254 1.47444
0 3.33669 1.40477
1 4.24847 -3.463
0 7.32134 -1.27109
1 5.08764 -5.31844
0 7.04699 -5.57841
0 7.99794 -3.03822
1 5.31659 -7.86787
0 7.76648 -6.13399
0 6.62082 -7.92237
0 9.15076 -4.58216
0 7.91869 -9.87924
446
0 8.99166 -7.61117
0 1.34907 -5.01964
0 5.30211 0.587949
0 3.4125 -9.09046
1 3.91952 -3.00111
1 4.20379 -5.56846
1 2.53068 -2.04721
1 2.03384 -5.40391
1 -1.75557 -0.685904
3 0.3 -1.5
3 -0.3 -1.5
3 -0.3 1.5
3 0.3 1.5
0 3.16418 0.470132
0 5.42298 -6.75875
0 -2.1453 1.58531
0 2.7634 1.4762
0 3.33419 1.40582
1 4.23178 -3.45151
0 7.25019 -1.26295
1 5.02647 -5.25896
0 7.04326 -5.57598
0 7.66493 -2.87975
1 5.31818 -7.86925
0 7.76682 -6.13443
0 6.62737 -7.92839
0 9.20504 -4.64828
0 7.70931 -9.69281
450
0 9.07086 -7.73889
0 1.35043 -5.02049
0 5.27032 0.592154
0 3.41782 -9.09447
1 3.92752 -3.00068
1 4.38876 -5.68356
1 2.53017 -2.04088
1 2.04418 -5.40944
1 -1.74209 -0.686848
3 0.3 -1.5
3 -0.3 -1.5
3 -0.3 1.5
3 0.3 1.5
0 3.16474 0.469891
0 5.4307 -6.75887
0 -2.14373 1.58603
0 2.75603 1.47926
0 3.33068 1.40781
1 4.24271 -3.4528
0 7.18208 -1.24096
1 4.95063 -5.17159
0 7.04389 -5.56754
0 7.4901 -2.79906
1 5.25267 -7.76281
0 7.49395 -5.97242
0 6.619 -7.90947
0 9.41174 -4.80355
0 7.46824 -9.4386
454
0 9.07884 -7.83627
0 1.35282 -5.02155
0 5.25208 0.591728
0 3.42111 -9.09637
1 3.90364 -2.99049
1 4.46901 -5.73353
1 2.52015 -2.03577
1 2.04714 -5.41064
1 -1.73936 -0.687282
3 0.3 -1.5
3 -0.3 -1.5
3 -0.3 1.5
3 0.3 1.5
0 3.16687 0.469427
0 5.4311 -6.758
0 -2.13905 1.58621
0 2.74707 1.47698
0 3.33352 1.4073
1 4.21655 -3.43799
0 7.08731 -1.23148
1 4.8794 -5.10839
0 8.11435 -5.77107
0 8.06399 -3.1585
1 5.24721 -7.75877
0 7.442 -5.93244
0 6.50011 -7.81259
0 9.36292 -4.78633
0 7.41965 -9.37292
458
0 9.1208 -7.92856
0 1.35405 -5.02246
0 5.23847 0.593186
0 3.42438 -9.09878
1 3.89936 -2.98725
1 4.56166 -5.79225
1 2.5157 -2.03151
1 2.05256 -5.4135
1 -1.73266 -0.68793
3 0.3 -1.5
3 -0.3 -1.5
3 -0.3 1.5
3 0.3 1.5
0 3.16767 0.469032
0 5.43459 -6.75796
0 -2.13676 1.58645
0 2.74159 1.47735
0 3.33332 1.40783
1 4.22066 -3.4393
0 7.08651 -1.22671
1 4.78501 -5.00109
0 7.66825 -5.36981
0 7.97151 -3.16736
1 5.25589 -7.76353
0 7.44301 -5.92901
0 6.51545 -7.81935
0 9.35794 -4.77831
0 7.26251 -9.18872
462
0 9.12507 -7.9782
0 1.35535 -5.02302
0 5.2303 0.593947
0 3.43512 -9.10779
1 3.89131 -2.98351
1 4.61838 -5.8278
1 2.50974 -2.02813
1 2.0535 -5.41349
1 -1.73051 -0.688024
3 0.3 -1.5
3 -0.3 -1.5
3 -0.3 1.5
3 0.3 1.5
0 3.1686 0.468917
0 5.43366 -6.75597
0 -2.14154 1.58301
0 2.73895