2
3 0.3 -1.5
3 -0.3 -1.5
3 -0.3 1.5
3 0.3 1.5
6
3 0.3 -1.5
3 -0.3 -1.5
3 -0.3 1.5
3 0.3 1.5
10
3 0.3 -1.5
3 -0.3 -1.5
3 -0.3 1.5
3 0.3 1.5
14
3 0.3 -1.5
3 -0.3 -1.5
3 -0.3 1.5
3 0.3 1.5
18
0 -5.40862 2.40778
3 0.3 -1.5
3 -0.3 -1.5
3 -0.3 1.5
3 0.3 1.5
22
1 -0.784242 -1.1182
0 -5.42662 2.38362
3 0.3 -1.5
3 -0.3 -1.5
3 -0.3 1.5
3 0.3 1.5
26
1 -0.682558 -1.13407
0 -5.44857 2.35529
3 0.3 -1.5
3 -0.3 -1.5
3 -0.3 1.5
3 0.3 1.5
30
1 -0.740901 -1.11971
0 -5.44855 2.35515
3 0.3 -1.5
3 -0.3 -1.5
3 -0.3 1.5
3 0.3 1.5
34
1 -0.758088 -1.11672
0 -5.44855 2.35519
3 0.3 -1.5
3 -0.3 -1.5
3 -0.3 1.5
3 0.3 1.5
38
1 2.85639 -5.548
1 -0.69771 -1.12642
0 -5.44855 2.35521
3 0.3 -1.5
3 -0.3 -1.5
3 -0.3 1.5
3 0.3 1.5
42
1 2.85678 -5.54725
1 -0.697706 -1.12641
0 -5.44855 2.35521
3 0.3 -1.5
3 -0.3 -1.5
3 -0.3 1.5
3 0.3 1.5
46
1 2.85697 -5.54747
1 -0.757322 -1.1136
0 -5.4485 2.35514
3 0.3 -1.5
3 -0.3 -1.5
3 -0.3 1.5
3 0.3 1.5
50
1 0.519881 -4.32549
1 2.85688 -5.54751
1 -0.742645 -1.11599
0 -5.44853 2.35512
3 0.3 -1.5
3 -0.3 -1.5
3 -0.3 1.5
3 0.3 1.5
54
1 0.469854 -4.29465
1 5.06523 -0.945859
1 2.85688 -5.54754
1 -0.742644 -1.11603
0 -5.44853 2.35511
3 0.3 -1.5
3 -0.3 -1.5
3 -0.3 1.5
3 0.3 1.5
58
1 0.541449 -4.32938
1 5.0651 -0.945992
1 2.85688 -5.54754
1 -0.742712 -1.11609
0 -5.44854 2.35511
3 0.3 -1.5
3 -0.3 -1.5
3 -0.3 1.5
3 0.3 1.5
62
1 0.541335 -4.3298
1 4.69644 -0.912909
1 2.66637 -5.45195
1 -0.742516 -1.11599
0 -5.44849 2.35513
3 0.3 -1.5
3 -0.3 -1.5
3 -0.3 1.5
3 0.3 1.5
66
1 0.6243 -4.37958
1 4.69622 -0.913186
1 2.66633 -5.45182
1 -0.742525 -1.11596
0 -5.44849 2.35514
3 0.3 -1.5
3 -0.3 -1.5
3 -0.3 1.5
3 0.3 1.5
70
1 0.62408 -4.37976
1 4.75451 -0.917135
1 2.75209 -5.49065
1 -0.742629 -1.11607
0 -5.44852 2.35511
3 0.3 -1.5
3 -0.3 -1.5
3 -0.3 1.5
3 0.3 1.5
74
1 -0.796357 -6.89284
1 0.623932 -4.37964
1 4.76918 -0.931177
1 2.80567 -5.51508
1 -0.742684 -1.11603
0 -5.44853 2.35512
3 0.3 -1.5
3 -0.3 -1.5
3 -0.3 1.5
3 0.3 1.5
78
1 -0.820489 -6.86486
1 0.623773 -4.37969
1 4.76897 -0.931245
1 2.94343 -5.59021
1 -0.742743 -1.11605
0 -5.44854 2.35511
3 0.3 -1.5
3 -0.3 -1.5
3 -0.3 1.5
3 0.3 1.5
82
1 -0.835651 -6.84542
1 0.623771 -4.37983
1 4.76897 -0.931426
1 2.84741 -5.53174
1 -0.742745 -1.1161
0 -5.44854 2.3551
3 0.3 -1.5
3 -0.3 -1.5
3 -0.3 1.5
3 0.3 1.5
86
1 -0.889174 -6.78434
1 0.674461 -4.40857
1 4.65251 -0.922734
1 2.84737 -5.53175
1 -0.742748 -1.1161
0 -5.44854 2.3551
3 0.3 -1.5
3 -0.3 -1.5
3 -0.3 1.5
3 0.3 1.5
90
1 -0.925997 -6.74175
1 0.674383 -4.4087
1 4.65241 -0.9229
1 2.84518 -5.52711
1 -0.74277 -1.11613
0 -5.44855 2.35509
3 0.3 -1.5
3 -0.3 -1.5
3 -0.3 1.5
3 0.3 1.5
94
1 -0.949259 -6.71495
1 0.681207 -4.41461
1 4.65249 -0.922779
1 2.84526 -5.52697
1 -0.742761 -1.11612
0 -5.44855 2.3551
3 0.3 -1.5
3 -0.3 -1.5
3 -0.3 1.5
3 0.3 1.5
98
1 -0.946609 -6.71753
1 0.633254 -4.37086
1 4.65191 -0.923823
1 2.84459 -5.52823
1 -0.742836 -1.11624
0 -5.44855 2.35509
3 0.3 -1.5
3 -0.3 -1.5
3 -0.3 1.5
3 0.3 1.5
102
1 -0.978625 -6.67644
1 0.633046 -4.37101
1 4.65177 -0.923894
1 2.9001 -5.55808
1 -0.74286 -1.11625
0 -5.44856 2.35508
3 0.3 -1.5
3 -0.3 -1.5
3 -0.3 1.5
3 0.3 1.5
106
1 -0.979892 -6.67933
1 0.632507 -4.37235
1 4.65139 -0.924784
1 2.89631 -5.55491
1 -0.742855 -1.11624
0 -5.44856 2.35508
3 0.3 -1.5
3 -0.3 -1.5
3 -0.3 1.5
3 0.3 1.5
110
1 -0.981147 -6.67735
1 -5.30353 -1.63261
1 0.631883 -4.37146
1 4.65083 -0.92423
1 2.89571 -5.55152
1 -0.74288 -1.11628
0 -5.44856 2.35508
3 0.3 -1.5
3 -0.3 -1.5
3 -0.3 1.5
3 0.3 1.5
114
1 -0.981522 -6.67807
1 -5.30374 -1.63341
1 0.697689 -4.3989
1 4.65068 -0.924529
1 2.89535 -5.55217
1 -0.742963 -1.11637
0 -5.44857 2.35507
3 0.3 -1.5
3 -0.3 -1.5
3 -0.3 1.5
3 0.3 1.5
118
1 -0.981612 -6.67804
1 -5.30384 -1.63339
1 0.697624 -4.39888
1 4.65063 -0.924519
1 2.9306 -5.57198
1 -0.742974 -1.11637
0 -5.44858 2.35507
3 0.3 -1.5
3 -0.3 -1.5
3 -0.3 1.5
3 0.3 1.5
122
1 -0.98217 -6.67909
1 -5.30441 -1.6347
1 0.716458 -4.40001
1 4.65035 -0.924982
1 2.93007 -5.57298
1 -0.743033 -1.11644
0 -5.44858 2.35506
3 0.3 -1.5
3 -0.3 -1.5
3 -0.3 1.5
3 0.3 1.5
126
1 -0.982097 -6.67938
1 -5.30433 -1.63505
1 0.716504 -4.40028
1 4.65038 -0.925117
1 2.86272 -5.53185
1 -0.743034 -1.11647
0 -5.44858 2.35506
3 0.3 -1.5
3 -0.3 -1.5
3 -0.3 1.5
3 0.3 1.5
130
1 -0.981647 -6.67986
1 -5.34189 -1.59752
1 0.771996 -4.42478
1 4.39455 -0.910448
1 2.87564 -5.53846
1 -0.74307 -1.11651
0 -5.44858 2.35506
3 0.3 -1.5
3 -0.3 -1.5
3 -0.3 1.5
3 0.3 1.5
134
1 -0.981601 -6.68001
1 -5.34183 -1.59782
1 0.772367 -4.42432
1 4.40714 -0.909411
1 2.87363 -5.53565
1 -0.743075 -1.11652
0 -5.44858 2.35505
3 0.3 -1.5
3 -0.3 -1.5
3 -0.3 1.5
3 0.3 1.5
138
1 -0.981601 -6.68001
1 -5.34183 -1.59782
1 0.772367 -4.42432
1 4.40714 -0.909411
1 2.87363 -5.53565
1 -0.743075 -1.11652
0 -5.44858 2.35505
3 0.3 -1.5
3 -0.3 -1.5
3 -0.3 1.5
3 0.3 1.5
142
1 -1.07564 -6.56841
1 -5.34279 -1.59818
1 0.771613 -4.42445
1 4.36526 -0.908462
1 2.88715 -5.54479
1 -0.696068 -1.12453
0 -5.44862 2.35504
3 0.3 -1.5
3 -0.3 -1.5
3 -0.3 1.5
3 0.3 1.5
146
1 -1.06155 -6.58013
1 -5.34232 -1.59708
1 0.772052 -4.42362
1 4.35621 -0.904768
1 2.88761 -5.54381
1 -0.725295 -1.12102
0 -5.44859 2.3551
3 0.3 -1.5
3 -0.3 -1.5
3 -0.3 1.5
3 0.3 1.5
150
1 -1.04483 -6.60047
1 -5.34328 -1.59608
1 0.771383 -4.42295
1 4.29142 -0.900239
1 2.88673 -5.54289
1 -0.68593 -1.12878
0 -5.44861 2.35512
3 0.3 -1.5
3 -0.3 -1.5
3 -0.3 1.5
3 0.3 1.5
154
1 -1.05776 -6.59727
1 -5.34589 -1.60169
1 0.769123 -4.42597
1 4.19281 -0.901921
1 2.92555 -5.47388
1 -0.699128 -1.13134
0 -5.44872 2.35507
3 0.3 -1.5
3 -0.3 -1.5
3 -0.3 1.5
3 0.3 1.5
158
1 -1.06212 -6.59038
1 -5.34473 -1.59992
1 0.770068 -4.42472
1 4.08848 -0.891265
1 2.92603 -5.47256
1 -0.741932 -1.12624
0 -5.44866 2.35515
3 0.3 -1.5
3 -0.3 -1.5
3 -0.3 1.5
3 0.3 1.5
162
3 0.3 1.5
3 -0.3 1.5
3 -0.3 -1.5
3 0.3 -1.5
0 -5.44866 2.35513
1 -0.740293 -1.12575
1 2.92582 -5.47359
1 4.08831 -0.892454
1 0.769859 -4.42551
1 -5.34492 -1.60101
1 -1.04341 -6.61598
166
3 0.3 1.5
3 -0.3 1.5
3 -0.3 -1.5
3 0.3 -1.5
0 -5.44868 2.35511
1 -0.719676 -1.12862
1 2.92557 -5.47312
1 4.05627 -0.890066
1 0.811972 -4.45587
1 -5.34527 -1.60058
1 -1.04683 -6.61343
170
3 0.3 1.5
3 -0.3 1.5
3 -0.3 -1.5
3 0.3 -1.5
0 -5.44862 2.3551
1 -0.792844 -1.11475
1 2.89011 -5.45708
1 4.06589 -0.892494
1 0.813514 -4.45613
1 -5.34347 -1.60094
1 -1.02274 -6.63737
174
3 0.3 1.5
3 -0.3 1.5
3 -0.3 -1.5
3 0.3 -1.5
0 -5.44866 2.35489
1 -0.794655 -1.10938
1 2.89419 -5.45983
1 4.09396 -0.890028
1 0.812428 -4.45198
1 -5.34517 -1.59593
1 -1.02457 -6.62947
178
3 0.3 1.5
3 -0.3 1.5
3 -0.3 -1.5
3 0.3 -1.5
0 -5.44866 2.35495
1 -0.778953 -1.11339
1 2.83885 -5.43241
1 4.09456 -0.891231
1 0.812725 -4.45252
1 1.53401 -0.927076
1 -5.34475 -1.59658
1 -1.02406 -6.63063
182
3 0.3 1.5
3 -0.3 1.5
3 -0.3 -1.5
3 0.3 -1.5
0 -5.44866 2.35498
1 -0.771755 -1.11561
1 2.83773 -5.43254
1 4.08047 -0.890706
1 0.837544 -4.46028
1 1.53058 -0.926382
1 -5.34541 -1.59651
1 -1.02536 -6.63083
0 1.72929 -7.34094
186
3 0.3 1.5
3 -0.3 1.5
3 -0.3 -1.5
3 0.3 -1.5
0 -5.44866 2.35498
1 -0.771746 -1.1156
1 2.83774 -5.43255
1 4.08048 -0.890706
1 0.837546 -4.46028
1 1.5306 -0.926371
1 -5.34541 -1.59652
1 -1.02536 -6.63083
0 1.72953 -7.34088
190
3 0.3 1.5
3 -0.3 1.5
3 -0.3 -1.5
3 0.3 -1.5
0 -5.4486 2.35512
1 -0.813834 -1.11086
1 2.86912 -5.45501
1 4.07611 -0.898894
1 0.86868 -4.47355
1 1.52555 -0.930913
1 -5.4396 -1.4882
1 -1.01927 -6.63926
0 1.83571 -7.43093
194
3 0.3 1.5
3 -0.3 1.5
3 -0.3 -1.5
3 0.3 -1.5
0 -5.44857 2.35512
1 -0.840211 -1.10597
1 2.88361 -5.46618
1 4.01555 -0.894249
1 0.869419 -4.47353
1 1.52701 -0.930844
1 -5.43939 -1.48863
1 -1.02558 -6.6334
0 1.83758 -7.43074
198
3 0.3 1.5
3 -0.3 1.5
3 -0.3 -1.5
3 0.3 -1.5
0 -5.44856 2.35515
1 -0.836662 -1.10704
1 2.90221 -5.48059
1 3.99862 -0.893566
1 0.869861 -4.4734
1 1.52804 -0.93124
1 -5.4736 -1.45121
1 -1.04546 -6.60861
0 1.83874 -7.43107
202
3 0.3 1.5
3 -0.3 1.5
3 -0.3 -1.5
3 0.3 -1.5
0 -5.44856 2.35515
1 -0.836662 -1.10704
1 2.90221 -5.48059
1 3.99862 -0.893566
1 0.869861 -4.4734
1 1.52804 -0.93124
1 -5.4736 -1.45121
1 -1.04546 -6.60861
0 1.83874 -7.43107
206
3 0.3 1.5
3 -0.3 1.5
3 -0.3 -1.5
3 0.3 -1.5
0 -5.44855 2.35515
1 -0.850016 -1.10446
1 2.88338 -5.47227
1 3.98109 -0.894248
1 0.869995 -4.47313
1 1.52797 -0.93061
1 -5.47359 -1.45048
1 -1.02206 -6.63407
0 1.80204 -7.39373
210
3 0.3 1.5
3 -0.3 1.5
3 -0.3 -1.5
3 0.3 -1.5
0 -5.44856 2.35517
1 -0.829706 -1.10826
1 2.88696 -5.47624
1 3.9378 -0.891352
1 0.869528 -4.47257
1 1.52711 -0.929486
1 -5.47438 -1.4492
1 -1.03023 -6.62642
0 1.80109 -7.39202
214
3 0.3 1.5
3 -0.3 1.5
3 -0.3 -1.5
3 0.3 -1.5
0 -5.44856 2.35517
1 -0.832367 -1.10781
1 2.88715 -5.47711
1 3.95676 -0.894675
1 0.859653 -4.46157
1 1.52748 -0.930474
1 -5.47409 -1.45027
1 -1.04368 -6.61357
0 1.88518 -7.46069
218
3 0.3 1.5
3 -0.3 1.5
3 -0.3 -1.5
3 0.3 -1.5
0 -5.44853 2.35517
1 -0.867374 -1.10165
1 2.88759 -5.47781
1 3.95332 -0.897097
1 0.927742 -4.49372
1 1.52795 -0.931305
1 -5.47356 -1.45104
1 -1.05523 -6.604
0 1.95361 -7.52776
222
3 0.3 1.5
3 -0.3 1.5
3 -0.3 -1.5
3 0.3 -1.5
0 -5.48748 2.3004
1 -0.842443 -1.11081
1 2.91079 -5.48562
1 3.98234 -0.907257
1 0.948977 -4.49983
1 1.55387 -0.941169
1 -5.45009 -1.45768
1 -1.02745 -6.61352
0 1.98777 -7.54071
226
3 0.3 1.5
3 -0.3 1.5
3 -0.3 -1.5
3 0.3 -1.5
0 -5.46951 2.32312
1 -0.853752 -1.10651
1 2.90038 -5.48198
1 3.96922 -0.902493
1 0.939524 -4.49679
1 1.54222 -0.936585
1 -5.46062 -1.45455
1 -1.04001 -6.60904
0 1.97219 -7.53456
230
3 0.3 1.5
3 -0.3 1.5
3 -0.3 -1.5
3 0.3 -1.5
0 -5.4703 2.32249
1 -0.827746 -1.11336
1 2.92984 -5.50065
1 3.96721 -0.902861
1 0.914182 -4.47818
1 1.54252 -0.936674
1 -5.48343 -1.42777
1 -1.04447 -6.60424
0 1.9719 -7.53509
234
3 0.3 1.5
3 -0.3 1.5
3 -0.3 -1.5
3 0.3 -1.5
0 -5.47391 2.31635
1 -0.836488 -1.11125
1 2.94973 -5.51409
1 3.94072 -0.901964
1 0.914596 -4.47776
1 1.54282 -0.936393
1 -5.48313 -1.42707
1 -1.05279 -6.59493
0 1.9725 -7.53448
238
3 0.3 1.5
3 -0.3 1.5
3 -0.3 -1.5
3 0.3 -1.5
0 -5.47218 2.31872
1 -0.838143 -1.11057
1 2.94821 -5.51352
1 3.93881 -0.90122
1 0.913208 -4.47727
1 1.54126 -0.935767
1 -5.48471 -1.42657
1 -1.05463 -6.59421
0 1.97047 -7.53363
242
0 0.304314 2.07186
3 0.3 1.5
3 -0.3 1.5
3 -0.3 -1.5
3 0.3 -1.5
0 -5.45715 2.34287
1 -0.842375 -1.10955
1 2.94425 -5.5128
1 3.9339 -0.900137
1 0.909564 -4.4767
1 1.53724 -0.934861
1 -5.48879 -1.42613
1 -1.05942 -6.59323
0 1.96522 -7.53237
246
0 0.305179 2.07221
3 0.3 1.5
3 -0.3 1.5
3 -0.3 -1.5
3 0.3 -1.5
0 -5.45684 2.34326
1 -0.844849 -1.10876
1 2.96021 -5.52396
1 3.89953 -0.896817
1 0.9095 -4.4766
1 1.53708 -0.934769
1 -5.48895 -1.42591
1 -1.05183 -6.60339
0 1.96518 -7.53217
251
0 0.307147 2.0763
3 0.3 1.5
3 -0.3 1.5
3 -0.3 -1.5
3 0.3 -1.5
0 -5.45597 2.34506
1 -0.823235 -1.11257
1 2.9603 -5.52376
1 3.91175 -0.900388
1 0.938612 -4.48997
1 1.53711 -0.934893
1 -5.48552 -1.43084
1 -1.05651 -6.60021
0 1.98711 -7.54709
254
0 -0.231128 1.92492
3 0.3 1.5
3 -0.3 1.5
3 -0.3 -1.5
3 0.3 -1.5
0 -5.44688 2.35989
1 -0.825194 -1.11222
1 2.95856 -5.52361
1 3.90946 -0.900026
1 0.936912 -4.48984
1 1.53541 -0.934698
1 -5.48754 -1.43073
1 -1.05875 -6.59989
0 1.98457 -7.54662
258
0 -0.234023 1.92164
3 0.3 1.5
3 -0.3 1.5
3 -0.3 -1.5
3 0.3 -1.5
0 -5.44807 2.358
1 -0.83872 -1.11006
1 2.95847 -5.52411
1 3.87569 -0.899237
1 0.987179 -4.51423
1 1.53541 -0.934698
1 -5.4871 -1.43057
1 -1.06354 -6.59736
0 1.98407 -7.54771
262
0 -0.232017 1.9245
3 0.3 1.5
3 -0.3 1.5
3 -0.3 -1.5
3 0.3 -1.5
0 -5.44725 2.35936
1 -0.839993 -1.10917
1 2.98462 -5.54101
1 3.88584 -0.899236
1 0.98741 -4.51367
1 1.53525 -0.934994
1 -5.47529 -1.44418
1 -1.06281 -6.59671
0 1.98426 -7.54714
266
0 -0.630429 1.81383
3 0.3 1.5
3 -0.3 1.5
3 -0.3 -1.5
3 0.3 -1.5
0 -5.44115 2.3695
1 -0.842852 -1.1093
1 2.99296 -5.54764
1 3.84468 -0.894798
1 0.986713 -4.51324
1 1.53458 -0.934774
1 -5.47634 -1.44342
1 -1.08097 -6.57629
0 2.03445 -7.58802
270
0 -0.590427 1.82887
3 0.3 1.5
3 -0.3 1.5
3 -0.3 -1.5
3 0.3 -1.5
0 -5.44249 2.3674
1 -0.831869 -1.11119
1 2.99969 -5.55281
1 3.82329 -0.893701
1 0.98691 -4.51309
1 1.53473 -0.934727
1 -5.47613 -1.44311
1 -1.09103 -6.56578
0 1.96837 -7.52831
274
0 -0.759175 1.7811
3 0.3 1.5
3 -0.3 1.5
3 -0.3 -1.5
3 0.3 -1.5
0 -5.43963 2.37228
1 -0.831824 -1.11141
1 2.99972 -5.55302
1 3.82334 -0.893944
1 0.986889 -4.51327
1 1.53469 -0.934876
1 -5.47608 -1.44338
1 -1.09099 -6.56604
0 1.96852 -7.52866
278
0 -0.758922 1.78065
3 0.3 1.5
3 -0.3 1.5
3 -0.3 -1.5
3 0.3 -1.5
0 -5.43955 2.3719
1 -0.850246 -1.10722
1 3.00241 -5.55668
1 3.8078 -0.89245
1 0.986585 -4.51334
1 1.53419 -0.934734
1 -5.47635 -1.44352
1 -1.08838 -6.57026
0 1.99852 -7.55233
282
0 -0.860442 1.74971
3 0.3 1.5
3 -0.3 1.5
3 -0.3 -1.5
3 0.3 -1.5
0 -5.44048 2.37001
1 -0.860253 -1.10509
1 3.00224 -5.55715
1 3.81128 -0.893131
1 0.972896 -4.50279
1 1.53392 -0.934782
1 -5.47638 -1.44424
1 -1.08336 -6.57601
0 1.99848 -7.55339
287
0 -0.874952 1.74851
3 0.3 1.5
3 -0.3 1.5
3 -0.3 -1.5
3 0.3 -1.5
0 -5.44024 2.36987
1 -0.869519 -1.10276
1 2.97053 -5.54112
1 3.79235 -0.891351
1 0.972529 -4.50281
1 1.53329 -0.934572
1 -5.47681 -1.44422
1 -1.09017 -6.56973
0 1.99821 -7.55354
291
0 -0.865124 1.75221
3 0.3 1.5
3 -0.3 1.5
3 -0.3 -1.5
3 0.3 -1.5
0 -5.43597 2.37681
1 -0.879811 -1.10093
1 2.96969 -5.54147
1 3.78131 -0.890543
1 0.97977 -4.50542
1 1.53269 -0.934688
1 -5.47744 -1.4447
1 -1.08303 -6.57881
0 1.99709 -7.55404
295
0 -0.827193 1.75964
3 0.3 1.5
3 -0.3 1.5
3 -0.3 -1.5
3 0.3 -1.5
0 -5.43813 2.37319
1 -0.879533 -1.10088
1 2.96993 -5.54141
1 3.78162 -0.890492
1 0.980003 -4.50535
1 1.53287 -0.934655
1 -5.4772 -1.44468
1 -1.08273 -6.57875
0 1.99741 -7.554
299
0 -0.826809 1.75954
3 0.3 1.5
3 -0.3 1.5
3 -0.3 -1.5
3 0.3 -1.5
0 -5.43795 2.37311
1 -0.89812 -1.09692
1 2.96978 -5.54132
1 3.74469 -0.886702
1 0.99196 -4.51452
1 1.53254 -0.93445
1 -5.47737 -1.44457
1 -1.07441 -6.58824
0 2.05329 -7.60093
303
0 -0.835502 1.75672
3 0.3 1.5
3 -0.3 1.5
3 -0.3 -1.5
3 0.3 -1.5
0 -5.43829 2.37245
1 -0.906033 -1.09512
1 2.96971 -5.54143
1 3.73785 -0.887397
1 1.01615 -4.52675
1 1.53237 -0.93441
1 -5.47744 -1.44469
1 -1.07517 -6.58868
0 2.05339 -7.60129
307
0 -0.834841 1.75761
3 0.3 1.5
3 -0.3 1.5
3 -0.3 -1.5
3 0.3 -1.5
0 -5.43793 2.37299
1 -0.916385 -1.09282
1 2.96983 -5.54126
1 3.74626 -0.8876
1 1.03497 -4.54081
1 1.53237 -0.93441
1 -5.4774 -1.44444
1 -1.06746 -6.59751
0 2.08007 -7.62322
311
0 -0.804799 1.76605
3 0.3 1.5
3 -0.3 1.5
3 -0.3 -1.5
3 0.3 -1.5
0 -5.43991 2.36972
1 -0.916789 -1.09266
1 2.97008 -5.54136
1 3.76238 -0.888406
1 1.05202 -4.54885
1 1.53255 -0.934317
1 -5.47716 -1.44452
1 -1.0581 -6.60877
0 2.08078 -7.62363
315
0 -0.803863 1.76662
3 0.3 1.5
3 -0.3 1.5
3 -0.3 -1.5
3 0.3 -1.5
0 -5.43942 2.37006
1 -0.915349 -1.09296
1 2.96963 -5.54117
1 3.74783 -0.886633
1 1.05678 -4.54706
1 1.53196 -0.934176
1 -5.49172 -1.43128
1 -1.03494 -6.63328
0 2.08097 -7.62317
319
0 2.79184 1.60764
0 -0.85025 1.75796
3 0.3 1.5
3 -0.3 1.5
3 -0.3 -1.5
3 0.3 -1.5
0 -5.43515 2.37693
1 -0.917194 -1.09241
1 2.96869 -5.54104
1 3.74592 -0.886097
1 1.05469 -4.5465
1 1.53118 -0.934136
1 -5.49304 -1.43114
1 -1.03672 -6.63287
0 2.07911 -7.62263
323
0 2.78785 1.60858
0 -0.840835 1.76224
3 0.3 1.5
3 -0.3 1.5
3 -0.3 -1.5
3 0.3 -1.5
0 -5.42809 2.38868
1 -0.918432 -1.09233
1 2.96803 -5.54119
1 3.74463 -0.886041
1 1.05326 -4.54642
1 1.53118 -0.934136
1 -5.494 -1.43135
1 -1.03793 -6.63291
0 2.07788 -7.6226
327
0 2.78735 1.60745
0 -0.841196 1.7615
3 0.3 1.5
3 -0.3 1.5
3 -0.3 -1.5
3 0.3 -1.5
0 -5.42831 2.38818
1 -0.929741 -1.09017
1 2.96792 -5.54134
1 3.74077 -0.887055
1 1.0657 -4.55084
1 1.53118 -0.934136
1 -5.49404 -1.43176
1 -1.03309 -6.63818
0 2.07766 -7.62298
331
0 2.78437 1.60864
0 -0.821929 1.76856
3 0.3 1.5
3 -0.3 1.5
3 -0.3 -1.5
3 0.3 -1.5
0 -5.42263 2.3978
1 -0.920865 -1.09225
1 2.96744 -5.54149
1 3.72992 -0.886474
1 1.05601 -4.5442
1 1.53118 -0.934136
1 -5.49476 -1.43185
1 -1.03418 -6.63929
0 2.07678 -7.6229
335
0 2.78418 1.60787
0 -0.822106 1.76797
3 0.3 1.5
3 -0.3 1.5
3 -0.3 -1.5
3 0.3 -1.5
0 -5.42277 2.39738
1 -0.920779 -1.09206
1 2.96719 -5.54157
1 3.73736 -0.887536
1 1.04556 -4.53711
1 1.53118 -0.934136
1 -5.49495 -1.43209
1 -1.04156 -6.63217
0 2.07655 -7.62316
339
0 2.64193 1.60133
0 -0.838705 1.76557
3 0.3 1.5
3 -0.3 1.5
3 -0.3 -1.5
3 0.3 -1.5
0 -5.41887 2.40394
1 -0.918077 -1.09263
1 2.96683 -5.5417
1 3.74485 -0.88829
1 1.04918 -4.53927
1 1.53118 -0.934136
1 -5.4954 -1.43236
1 -1.03917 -6.63611
0 2.0759 -7.62324
343
0 2.64237 1.60163
0 4.75045 1.94335
0 -0.844039 1.76582
3 0.3 1.5
3 -0.3 1.5
3 -0.3 -1.5
3 0.3 -1.5
0 -5.41558 2.40898
1 -0.919353 -1.09193
1 2.96299 -5.5446
1 3.75683 -0.889025
1 1.04902 -4.5391
1 1.52883 -0.934682
1 -5.49604 -1.43209
1 -1.04216 -6.63391
0 2.09154 -7.63609
347
0 2.63174 1.60863
0 4.76128 1.94491
0 -0.840632 1.76782
3 0.3 1.5
3 -0.3 1.5
3 -0.3 -1.5
3 0.3 -1.5
0 -5.41692 2.40684
1 -0.918707 -1.09212
1 2.96334 -5.54462
1 3.75749 -0.889209
1 1.04979 -4.53934
1 1.52883 -0.934682
1 -5.49578 -1.43202
1 -1.04149 -6.63407
0 2.09216 -7.63622
351
0 2.63211 1.60926
0 4.76172 1.94565
0 -0.840381 1.76823
3 0.3 1.5
3 -0.3 1.5
3 -0.3 -1.5
3 0.3 -1.5
0 -5.41675 2.40712
1 -0.921056 -1.09108
1 2.97398 -5.55536
1 3.76425 -0.889768
1 1.04994 -4.53917
1 1.52883 -0.934682
1 -5.49575 -1.43196
1 -1.03343 -6.64263
0 2.09232 -7.63605
355
0 2.63012 1.60873
0 4.75393 1.94631
0 -0.826991 1.77229
3 0.3 1.5
3 -0.3 1.5
3 -0.3 -1.5
3 0.3 -1.5
0 -5.41394 2.41182
1 -0.9213 -1.09101
1 2.97355 -5.55559
1 3.76492 -0.890078
1 1.06307 -4.54658
1 1.52883 -0.934682
1 -5.49601 -1.43223
1 -1.02886 -6.6491
0 2.08276 -7.62918
359
0 2.6301 1.60815
0 4.75388 1.9454
0 -0.826955 1.77208
1 4.40772 -4.04214
3 0.3 1.5
3 -0.3 1.5
3 -0.3 -1.5
3 0.3 -1.5
0 -5.41386 2.4118
1 -0.916883 -1.09177
1 2.96644 -5.55681
1 3.75432 -0.888677
1 1.06306 -4.5463
1 1.52902 -0.933092
1 -5.49603 -1.43146
1 -1.03589 -6.64267
0 2.0828 -7.62872
363
0 2.63219 1.60987
0 4.83042 1.96043
0 -0.836553 1.76995
1 4.40956 -4.03643
3 0.3 1.5
3 -0.3 1.5
3 -0.3 -1.5
3 0.3 -1.5
0 -5.41073 2.41611
1 -0.927471 -1.08858
1 2.95965 -5.55374
1 3.75268 -0.887777
1 1.06302 -4.54576
1 1.52774 -0.933026
1 -5.4907 -1.44041
1 -1.03068 -6.64753
0 2.08274 -7.62816
367
0 2.63149 1.6095
0 4.82911 1.95995
0 -0.827422 1.7723
1 4.40835 -4.03679
3 0.3 1.5
3 -0.3 1.5
3 -0.3 -1.5
3 0.3 -1.5
0 -5.40893 2.41886
1 -0.93409 -1.08703
1 2.95908 -5.55394
1 3.75581 -0.888114
1 1.08047 -4.55558
1 1.52774 -0.933026
1 -5.49109 -1.44079
1 -1.03259 -6.64703
0 2.09381 -7.63719
371
0 2.63143 1.60947
0 4.82901 1.95989
0 -0.827485 1.77226
1 4.40835 -4.03679
3 0.3 1.5
3 -0.3 1.5
3 -0.3 -1.5
3 0.3 -1.5
0 -5.40898 2.41883
1 -0.936194 -1.08671
1 2.95906 -5.55399
1 3.77099 -0.88943
1 1.09711 -4.56421
1 1.52774 -0.933026
1 -5.49108 -1.44086
1 -1.03588 -6.64396
0 2.11863 -7.65789
375
0 2.71019 1.62081
0 4.8295 1.95934
0 -0.84158 1.76674
1 4.40857 -4.03721
3 0.3 1.5
3 -0.3 1.5
3 -0.3 -1.5
3 0.3 -1.5
0 -5.40914 2.4185
1 -0.933849 -1.08716
1 2.95907 -5.5541
1 3.75503 -0.888012
1 1.10573 -4.56844
1 1.52774 -0.933026
1 -5.49107 -1.44099
1 -1.0462 -6.63297
0 2.11621 -7.65501
379
0 2.81379 1.6408
0 4.83087 1.95925
0 -0.887873 1.75369
1 4.40969 -4.03731
3 0.3 1.5
3 -0.3 1.5
3 -0.3 -1.5
3 0.3 -1.5
0 -5.41109 2.41513
1 -0.939262 -1.0856
1 2.95203 -5.55373
1 3.75181 -0.887724
1 1.10627 -4.56838
1 1.52774 -0.933026
1 -5.49087 -1.44081
1 -1.03568 -6.64396
0 2.10423 -7.64337
383
0 2.75932 1.63601
0 4.83143 1.9592
0 -0.887474 1.75426
1 4.41015 -4.03741
3 0.3 1.5
3 -0.3 1.5
3 -0.3 -1.5
3 0.3 -1.5
0 -5.41164 2.41423
1 -0.936374 -1.08605
1 2.94968 -5.55334
1 3.75364 -0.887795
1 1.10649 -4.56836
1 1.52774 -0.933026
1 -5.4908 -1.44074
1 -1.04004 -6.63917
0 2.10474 -7.64346
387
0 2.75849 1.6396
0 4.83161 1.95966
0 -0.857579 1.74297
1 4.41014 -4.03633
3 0.3 1.5
3 -0.3 1.5
3 -0.3 -1.5
3 0.3 -1.5
0 -5.41096 2.41539
1 -0.936324 -1.08598
1 2.94954 -5.5529
1 3.75374 -0.887746
1 1.10667 -4.56867
1 1.52774 -0.933026
1 -5.49066 -1.44123
1 -1.04001 -6.63903
0 2.10454 -7.64249
391
0 2.76241 1.64184
0 4.83397 1.96104
0 -0.842416 1.74892
1 4.41105 -4.0353
3 0.3 1.5
3 -0.3 1.5
3 -0.3 -1.5
3 0.3 -1.5
0 -5.41141 2.41373
1 -0.933259 -1.08521
1 2.92448 -5.53851
1 3.7498 -0.886295
1 1.10689 -4.568
1 1.52643 -0.93306
1 -5.48784 -1.44763
1 -1.03827 -6.63847
0 2.10564 -7.64135
395
0 2.80516 1.65214
0 4.83379 1.9608
0 -0.842787 1.7498
1 4.41105 -4.0353
3 0.3 1.5
3 -0.3 1.5
3 -0.3 -1.5
3 0.3 -1.5
0 -5.41061 2.415
1 -0.928712 -1.08585
1 2.91415 -5.53321
1 3.76262 -0.887325
1 1.10674 -4.56811
1 1.52643 -0.93306
1 -5.48787 -1.4481
1 -1.03812 -6.63889
0 2.10853 -7.64251
399
0 2.80409 1.65163
0 4.87381 1.96439
0 -0.846685 1.75023
1 4.45317 -4.08418
3 0.3 1.5
3 -0.3 1.5
3 -0.3 -1.5
3 0.3 -1.5
0 -5.4085 2.41814
1 -0.942354 -1.08306
1 2.91346 -5.5335
1 3.75164 -0.886291
1 1.11315 -4.5707
1 1.52569 -0.933324
1 -5.48834 -1.44854
1 -1.03508 -6.64333
0 2.10778 -7.64285
403
0 2.83585 1.6536
0 4.87505 1.96379
0 -0.860918 1.74746
1 4.45451 -4.08486
3 0.3 1.5
3 -0.3 1.5
3 -0.3 -1.5
3 0.3 -1.5
0 -5.41078 2.41402
1 -0.953249 -1.08039
1 2.9126 -5.53584
1 3.75811 -0.886811
1 1.11345 -4.57073
1 1.52557 -0.933126
1 -5.4881 -1.44853
1 -1.03748 -6.64029
0 2.10842 -7.64306
407
0 2.73585 1.6418
0 4.87458 1.96378
0 -0.846252 1.75135
1 4.45396 -4.08494
3 0.3 1.5
3 -0.3 1.5
3 -0.3 -1.5
3 0.3 -1.5
0 -5.40835 2.41809
1 -0.953538 -1.08043
1 2.91229 -5.53592
1 3.75783 -0.886866
1 1.11327 -4.57079
1 1.52557 -0.933126
1 -5.48826 -1.44868
1 -1.03776 -6.64037
0 2.10813 -7.64312
411
0 2.73641 1.64129
0 4.85683 1.96314
0 -0.849766 1.75161
1 4.45416 -4.08517
3 0.3 1.5
3 -0.3 1.5
3 -0.3 -1.5
3 0.3 -1.5
0 -5.40827 2.41804
1 -0.955184 -1.07971
1 2.89589 -5.5296
1 3.75842 -0.886786
1 1.11327 -4.57074
1 1.52557 -0.933126
1 -5.48831 -1.44867
1 -1.03914 -6.63879
0 2.10821 -7.64313
415
0 2.73707 1.64072
0 4.79808 1.96043
0 -0.858709 1.75082
1 4.45447 -4.08543
3 0.3 1.5
3 -0.3 1.5
3 -0.3 -1.5
3 0.3 -1.5
0 -5.40879 2.4172
1 -0.955004 -1.07976
1 2.89614 -5.52975
1 3.75857 -0.886827
1 1.11332 -4.57065
1 1.52557 -0.933126
1 -5.48823 -1.44863
1 -1.03897 -6.63883
0 2.10833 -7.64312
419
0 2.73598 1.63948
0 4.79629 1.95826
0 -0.859711 1.74979
1 4.55509 -3.94632
3 0.3 1.5
3 -0.3 1.5
3 -0.3 -1.5
3 0.3 -1.5
0 -5.40944 2.41653
1 -0.961305 -1.07808
1 2.90855 -5.54273
1 3.74336 -0.885323
1 1.11344 -4.57064
1 1.52592 -0.932035
1 -5.45648 -1.48114
1 -1.03205 -6.64669
0 2.10119 -7.63647
423
0 2.73588 1.63933
0 4.79611 1.95804
0 -0.859815 1.74965
1 4.55433 -3.9451
3 0.3 1.5
3 -0.3 1.5
3 -0.3 -1.5
3 0.3 -1.5
0 -5.40952 2.41643
1 -0.962179 -1.07783
1 2.90848 -5.54286
1 3.73192 -0.885061
1 1.12221 -4.57474
1 1.52587 -0.932109
1 -5.45656 -1.48129
1 -1.02406 -6.65536
0 2.10874 -7.64243
427
0 2.78137 1.64793
0 4.84111 1.92943
0 -0.856067 1.75049
1 4.55555 -3.94556
3 0.3 1.5
3 -0.3 1.5
3 -0.3 -1.5
3 0.3 -1.5
0 -5.4125 2.41126
1 -0.973782 -1.07554
1 2.90884 -5.54297
1 3.72593 -0.88466
1 1.12978 -4.57807
1 1.52586 -0.931936
1 -5.45599 -1.4815
1 -1.02532 -6.65389
0 2.10922 -7.64269
431
0 2.78244 1.6475
0 4.75761 1.9217
0 -0.881009 1.74322
1 4.59974 -4.00026
3 0.3 1.5
3 -0.3 1.5
3 -0.3 -1.5
3 0.3 -1.5
0 -5.4147 2.40712
1 -0.987495 -1.07272
1 2.90908 -5.54306
1 3.7273 -0.884973
1 1.13581 -4.58045
1 1.52559 -0.931948
1 -5.46868 -1.46833
1 -1.01959 -6.65942
0 2.10969 -7.64288
435
0 2.78739 1.6468
0 4.75682 1.92115
0 -0.874522 1.7451
1 4.59912 -4.00076
3 0.3 1.5
3 -0.3 1.5
3 -0.3 -1.5
3 0.3 -1.5
0 -5.41611 2.40476
1 -0.986481 -1.07288
1 2.90636 -5.544
1 3.73943 -0.886107
1 1.13605 -4.58025
1 1.52589 -0.931746
1 -5.48017 -1.45501
1 -1.02148 -6.65662
0 2.10981 -7.64283
439
0 2.81347 1.65056
0 4.75509 1.92193
0 -0.878713 1.74538
1 4.59738 -4.00006
3 0.3 1.5
3 -0.3 1.5
3 -0.3 -1.5
3 0.3 -1.5
0 -5.41316 2.40947
1 -0.98725 -1.07261
1 2.90561 -5.5438
1 3.7387 -0.885855
1 1.13544 -4.58005
1 1.52589 -0.931746
1 -5.48152 -1.45457
1 -1.02223 -6.65637
0 2.10917 -7.64259
443
0 2.81392 1.65046
0 4.70932 1.91606
0 -0.886956 1.74399
1 4.59781 -4.00014
3 0.3 1.5
3 -0.3 1.5
3 -0.3 -1.5
3 0.3 -1.5
0 -5.41491 2.40653
1 -0.987624 -1.07242
1 2.90334 -5.54288
1 3.73987 -0.885866
1 1.13556 -4.57998
1 1.52589 -0.931746
1 -5.4812 -1.45458
1 -1.0221 -6.65666
0 2.13914 -7.66725
447
0 2.8136 1.65093
0 4.70621 1.91833
0 -0.912335 1.7372
1 4.59757 -3.99975
3 0.3 1.5
3 -0.3 1.5
3 -0.3 -1.5
3 0.3 -1.5
0 -5.41449 2.40733
1 -0.978952 -1.0739
1 2.88871 -5.53709
1 3.73634 -0.885332
1 1.1355 -4.57983
1 1.52589 -0.931746
1 -5.48137 -1.45434
1 -1.02056 -6.65778
0 2.13903 -7.66703
451
0 2.83312 1.65509
0 4.70658 1.91802
0 -0.928639 1.73274
1 4.59757 -3.99975
3 0.3 1.5
3 -0.3 1.5
3 -0.3 -1.5
3 0.3 -1.5
0 -5.41482 2.4067
1 -0.982003 -1.07332
1 2.89229 -5.53941
1 3.73316 -0.885054
1 1.13551 -4.57979
1 1.52589 -0.931746
1 -5.48128 -1.45438
1 -1.0326 -6.64346
0 2.15187 -7.67761
455
0 2.83293 1.65365
0 4.70636 1.91649
0 -0.928857 1.73155
1 4.59734 -4.00067
3 0.3 1.5
3 -0.3 1.5
3 -0.3 -1.5
3 0.3 -1.5
0 -5.415 2.40572
1 -0.994529 -1.07137
1 2.88844 -5.53824
1 3.7328 -0.885626
1 1.13515 -4.58021
1 1.67369 -0.910002
1 -5.48166 -1.45499
1 -1.02629 -6.65125
0 2.17461 -7.69779
459
0 2.83177 1.6543
0 4.69007 1.91612
0 -0.924841 1.73363
1 4.59657 -4.0003
3 0.3 1.5
3 -0.3 1.5
3 -0.3 -1.5
3 0.3 -1.5
0 -5.41138 2.41171
1 -1.00045 -1.0707
1 2.88762 -5.53794
1 3.73244 -0.885643
1 1.14203 -4.58352
1 1.67157 -0.908726
1 -5.48228 -1.45477
1 -1.0297 -6.64831
0 2.17371 -7.69741
463
0 2.83108 1.6543
0 4.74427 1.90524
0 -0.939331 1.73089
1 4.5961 -4.0004
3 0.3 1.5
3 -0.3 1.5
3 -0.3 -1.5
3 0.3 -1.5
0 -5.40922 2.41526
1 -1.00148 -1.07071
1 2.88712 -5.53792
1 3.73202 -0.886306
1 1.14259 -4.58327
1 1.67066 -0.908469
1 -5.48266 -1.45485
1 -1.03213 -6.64596
0 2.17316 -7.6974
467
0 2.83164 1.65406
0 4.80413 1.90034
0 -0.940455 1.73078
1 4.59647 -4.00059
3 0.3 1.5
3 -0.3 1.5
3 -0.3 -1.5
3 0.3 -1.5
0 -5.41104 2.41223
1 -1.0028 -1.07045
1 2.88749 -5.538
1 3.73004 -0.886108
1 1.15429 -4.58922
1 1.67138 -0.908513
1 -5.48236 -1.45493
1 -1.03446 -6.64338
0 2.1876 -7.70918
471
0 2.83114 1.65414
0 4.81689 1.90697
0 -0.939545 1.73189
1 4.5961 -4.00052
3 0.3 1.5
3 -0.3 1.5
3 -0.3 -1.5
3 0.3 -1.5
0 -5.40872 2.4161
1 -1.00327 -1.07044
1 2.88712 -5.53801
1 3.72961 -0.886088
1 1.15388 -4.58923
1 1.67071 -0.908673
1 -5.48268 -1.45491
1 -1.03492 -6.64337
0 2.1871 -7.70914
475
0 2.83117 1.65423
0 4.81682 1.90689
0 -0.939541 1.73199
1 4.59615 -4.00046
3 0.3 1.5
3 -0.3 1.5
3 -0.3 -1.5
3 0.3 -1.5
0 -5.4087 2.41619
1 -1.00375 -1.07056
1 2.86794 -5.52744
1 3.73597 -0.886623
1 1.15966 -4.59185
1 1.67077 -0.908636
1 -5.48262 -1.45485
1 -1.03192 -6.64612
0 2.17439 -7.69757
479
0 2.83113 1.65426
0 4.80061 1.9065
0 -0.945306 1.73098
1 4.59608 -4.0004
3 0.3 1.5
3 -0.3 1.5
3 -0.3 -1.5
3 0.3 -1.5
0 -5.4084 2.41657
1 -1.00613 -1.07002
1 2.86255 -5.52486
1 3.74253 -0.887288
1 1.15962 -4.59187
1 1.67069 -0.908706
1 -5.48272 -1.4548
1 -1.04069 -6.63663
0 2.17438 -7.69762
483
0 2.83876 1.65444
0 4.79946 1.90657
0 -0.940554 1.73268
1 4.59584 -4.00042
3 0.3 1.5
3 -0.3 1.5
3 -0.3 -1.5
3 0.3 -1.5
0 -5.40602 2.42045
1 -1.00608 -1.07004
1 2.85009 -5.5185
1 3.74391 -0.88746
1 1.15926 -4.59189
1 1.67018 -0.908738
1 -5.48299 -1.45484
1 -1.0483 -6.62914
0 2.17394 -7.69764
487
0 2.83883 1.65446
0 4.79963 1.90665
0 -0.940477 1.7327
1 4.59583 -4.00042
3 0.3 1.5
3 -0.3 1.5
3 -0.3 -1.5
3 0.3 -1.5
0 -5.40596 2.42045
1 -1.0082 -1.06952
1 2.85234 -5.52019
1 3.74376 -0.88745
1 1.15926 -4.59189
1 1.67018 -0.908738
1 -5.48304 -1.45485
1 -1.05062 -6.62708
0 2.18925 -7.71107
491
0 2.83898 1.65426
0 4.76573 1.90327
0 -0.936444 1.73399
1 4.59586 -4.00041
3 0.3 1.5
3 -0.3 1.5
3 -0.3 -1.5
3 0.3 -1.5
0 -5.40626 2.41984
1 -1.00667 -1.06999
1 2.85244 -5.52035
1 3.74298 -0.887468
1 1.13611 -4.57773
1 1.67018 -0.908738
1 -5.48304 -1.45478
1 -1.06884 -6.60586
0 2.20359 -7.72344
495
0 2.83922 1.65437
0 4.76652 1.89387
0 -0.925971 1.73686
1 4.59601 -4.00051
3 0.3 1.5
3 -0.3 1.5
3 -0.3 -1.5
3 0.3 -1.5
0 -5.40681 2.41914
1 -0.999509 -1.07151
1 2.85269 -5.5202
1 3.74005 -0.887095
1 1.14665 -4.58304
1 1.67018 -0.908738
1 -5.48287 -1.45485
1 -1.06852 -6.60621
0 2.21992 -7.73723
499
0 2.8393 1.6544
0 4.73268 1.89338
0 -0.919425 1.73882
1 4.59605 -4.00042
3 0.3 1.5
3 -0.3 1.5
3 -0.3 -1.5
3 0.3 -1.5
0 -5.40719 2.41853
1 -0.999409 -1.07154
1 2.85278 -5.52022
1 3.74016 -0.887121
1 1.14675 -4.58307
1 1.67018 -0.908738
1 -5.48284 -1.45478
1 -1.06841 -6.60625
0 2.22006 -7.73731
503
0 2.83939 1.65445
0 4.73305 1.89352
0 -0.919276 1.73887
1 4.59604 -4.00039
3 0.3 1.5
3 -0.3 1.5
3 -0.3 -1.5
3 0.3 -1.5
0 -5.40706 2.41855
1 -1.00698 -1.06983
1 2.85621 -5.52438
1 3.72099 -0.885918
1 1.15037 -4.58448
1 1.67018 -0.908738
1 -5.4829 -1.45476
1 -1.07229 -6.6017
0 2.23541 -7.75033
507
0 2.83942 1.6546
0 4.68348 1.89013
0 -0.937906 1.73447
1 4.59599 -4.0002
3 0.3 1.5
3 -0.3 1.5
3 -0.3 -1.5
3 0.3 -1.5
0 -5.40833 2.41641
1 -1.0068 -1.0698
1 2.85634 -5.52434
1 3.72118 -0.885893
1 1.15053 -4.58446
1 1.67018 -0.908738
1 -5.48292 -1.45461
1 -1.07211 -6.60169
0 2.23567 -7.75036
511
0 2.83936 1.65471
0 4.66042 1.88856
0 -0.94298 1.73381
1 4.59594 -4.00008
3 0.3 1.5
3 -0.3 1.5
3 -0.3 -1.5
3 0.3 -1.5
0 -5.40872 2.41575
1 -1.00684 -1.06977
1 2.8563 -5.52431
1 3.72114 -0.885863
1 1.1505 -4.58444
1 1.67043 -0.908546
1 -5.48296 -1.4545
1 -1.07215 -6.60167
0 2.23561 -7.75038
515
0 2.83937 1.6547
0 4.66055 1.8886
0 -0.942924 1.73382
1 4.59592 -4.00009
3 0.3 1.5
3 -0.3 1.5
3 -0.3 -1.5
3 0.3 -1.5
0 -5.40868 2.41576
1 -1.01122 -1.06895
1 2.85629 -5.52431
1 3.72132 -0.885965
1 1.1545 -4.58648
1 1.67043 -0.908546
1 -5.48298 -1.45451
1 -1.07257 -6.60143
0 2.24168 -7.75591
519
0 2.83949 1.65502
0 4.66113 1.88958
0 -0.94262 1.73436
1 4.596 -3.99989
3 0.3 1.5
3 -0.3 1.5
3 -0.3 -1.5
3 0.3 -1.5
0 -5.40842 2.41622
1 -1.00739 -1.06965
1 2.85081 -5.52345
1 3.72475 -0.88608
1 1.15467 -4.58611
1 1.67043 -0.908546
1 -5.48296 -1.45435
1 -1.08772 -6.58381
0 2.25535 -7.76652
523
0 2.83951 1.65512
0 4.6188 1.88454
0 -0.945679 1.73404
1 4.596 -3.99989
3 0.3 1.5
3 -0.3 1.5
3 -0.3 -1.5
3 0.3 -1.5
0 -5.40917 2.41496
1 -1.00725 -1.06965
1 2.85095 -5.52347
1 3.7249 -0.886083
1 1.15477 -4.58609
1 1.67043 -0.908546
1 -5.48295 -1.45426
1 -1.08757 -6.58383
0 2.25555 -7.76656
527
0 2.83962 1.65519
0 4.66272 1.88242
0 -0.947491 1.73429
1 4.596 -3.99989
3 0.3 1.5
3 -0.3 1.5
3 -0.3 -1.5
3 0.3 -1.5
0 -5.40968 2.41404
1 -1.00458 -1.06997
1 2.83976 -5.51885
1 3.72595 -0.885913
1 1.15489 -4.58587
1 1.67043 -0.908546
1 -5.48296 -1.45422
1 -1.09274 -6.57783
0 2.25583 -7.76613
531
0 2.83962 1.65513
0 4.66276 1.88216
0 -0.947473 1.73414
1 4.596 -3.99989
3 0.3 1.5
3 -0.3 1.5
3 -0.3 -1.5
3 0.3 -1.5
0 -5.40967 2.41391
1 -1.00978 -1.0689
1 2.83033 -5.51363
1 3.73139 -0.886492
1 1.15486 -4.58593
1 1.67043 -0.908546
1 -5.48301 -1.45423
1 -1.09445 -6.57611
0 2.25215 -7.76276
535
0 2.8399 1.6537
0 4.66196 1.88451
0 -0.93642 1.72791
1 4.59619 -4.00111
3 0.3 1.5
3 -0.3 1.5
3 -0.3 -1.5
3 0.3 -1.5
0 -5.40807 2.41661
1 -1.00559 -1.06969
1 2.82992 -5.51318
1 3.73126 -0.886486
1 1.1604 -4.58839
1 1.67047 -0.908615
1 -5.48277 -1.45531
1 -1.09614 -6.57362
0 2.24341 -7.75331
539
0 2.83994 1.65371
0 4.66189 1.8844
0 -0.936438 1.72787
1 4.59622 -4.00109
3 0.3 1.5
3 -0.3 1.5
3 -0.3 -1.5
3 0.3 -1.5
0 -5.40808 2.41661
1 -1.00973 -1.06908
1 2.83328 -5.51472
1 3.72696 -0.88562
1 1.16042 -4.58839
1 1.67052 -0.908592
1 -5.48271 -1.45527
1 -1.09035 -6.57971
0 2.26565 -7.77175
543
0 2.83995 1.65375
0 4.6349 1.88194
0 -0.937001 1.72802
1 4.5962 -4.00104
3 0.3 1.5
3 -0.3 1.5
3 -0.3 -1.5
3 0.3 -1.5
0 -5.40919 2.41468
1 -1.01227 -1.06855
1 2.83357 -5.51506
1 3.73233 -0.88613
1 1.16279 -4.58898
1 1.67052 -0.908592
1 -5.48273 -1.45521
1 -1.09262 -6.57738
0 2.26509 -7.77087
547
0 2.83993 1.65381
0 4.65753 1.88649
0 -0.931248 1.73005
1 4.5962 -4.00098
3 0.3 1.5
3 -0.3 1.5
3 -0.3 -1.5
3 0.3 -1.5
0 -5.40846 2.41591
1 -1.01245 -1.06858
1 2.8334 -5.51509
1 3.73216 -0.886145
1 1.16267 -4.589
1 1.67052 -0.908592
1 -5.48275 -1.45517
1 -1.09279 -6.57742
0 2.26475 -7.77096
551
0 2.8397 1.65363
0 4.67331 1.89106
0 -0.948353 1.72576
1 4.48297 -4.00542
3 0.3 1.5
3 -0.3 1.5
3 -0.3 -1.5
3 0.3 -1.5
0 -5.40712 2.41798
1 -1.01724 -1.06733
1 2.83356 -5.51692
1 3.73209 -0.886112
1 1.16262 -4.58895
1 1.6702 -0.908824
1 -5.483 -1.45546
1 -1.09406 -6.5755
0 2.2673 -7.77222
555
0 2.85203 1.65954
0 4.67352 1.89088
0 -0.939217 1.72835
1 4.48319 -4.00553
3 0.3 1.5
3 -0.3 1.5
3 -0.3 -1.5
3 0.3 -1.5
0 -5.4074 2.4174
1 -1.02246 -1.06612
1 2.83247 -5.51789
1 3.73191 -0.885902
1 1.1627 -4.58896
1 1.6702 -0.908824
1 -5.48299 -1.45539
1 -1.08889 -6.58142
0 2.27103 -7.77462
559
0 2.85226 1.65936
0 4.66715 1.89168
0 -0.940415 1.72843
1 4.49648 -4.02852
3 0.3 1.5
3 -0.3 1.5
3 -0.3 -1.5
3 0.3 -1.5
0 -5.4083 2.41588
1 -1.02305 -1.06591
1 2.83274 -5.51807
1 3.73645 -0.886244
1 1.16152 -4.5881
1 1.6702 -0.908824
1 -5.48299 -1.45544
1 -1.08946 -6.58009
0 2.27153 -7.77492
563
0 2.87784 1.6653
0 4.6676 1.89155
0 -0.937552 1.72941
1 4.49707 -4.02876
3 0.3 1.5
3 -0.3 1.5
3 -0.3 -1.5
3 0.3 -1.5
0 -5.40902 2.41469
1 -1.02279 -1.06595
1 2.83298 -5.51811
1 3.73666 -0.886268
1 1.16171 -4.58811
1 1.6702 -0.908824
1 -5.48294 -1.45538
1 -1.08922 -6.58012
0 2.27191 -7.77502
