2
3 0.3 -1.5
3 -0.3 -1.5
3 -0.3 1.5
3 0.3 1.5
6
3 0.3 -1.5
3 -0.3 -1.5
3 -0.3 1.5
3 0.3 1.5
10
3 0.3 -1.5
3 -0.3 -1.5
3 -0.3 1.5
3 0.3 1.5
14
3 0.3 -1.5
3 -0.3 -1.5
3 -0.3 1.5
3 0.3 1.5
18
3 0.3 -1.5
3 -0.3 -1.5
3 -0.3 1.5
3 0.3 1.5
22
3 0.3 -1.5
3 -0.3 -1.5
3 -0.3 1.5
3 0.3 1.5
26
0 -4.96274 -1.40029
1 -3.82839 -0.939951
0 -3.99406 1.72992
3 0.3 -1.5
3 -0.3 -1.5
3 -0.3 1.5
3 0.3 1.5
30
0 -4.89212 -1.44938
1 -3.78707 -0.956495
0 -3.99238 1.73001
3 0.3 -1.5
3 -0.3 -1.5
3 -0.3 1.5
3 0.3 1.5
34
0 -4.93364 -1.41917
1 -3.80469 -0.953609
0 -3.98684 1.73201
3 0.3 -1.5
3 -0.3 -1.5
3 -0.3 1.5
3 0.3 1.5
38
0 -4.95246 -1.40463
1 -3.7943 -0.95696
0 -4.06148 1.68708
3 0.3 -1.5
3 -0.3 -1.5
3 -0.3 1.5
3 0.3 1.5
42
0 -4.96779 -1.39362
1 -3.76659 -0.965243
0 -4.05964 1.68771
3 0.3 -1.5
3 -0.3 -1.5
3 -0.3 1.5
3 0.3 1.5
46
0 -4.99567 -1.37204
1 -3.75715 -0.970105
0 -4.0603 1.68764
3 0.3 -1.5
3 -0.3 -1.5
3 -0.3 1.5
3 0.3 1.5
50
0 -4.99443 -1.37153
1 -3.78537 -0.962238
0 -4.0271 1.70607
3 0.3 -1.5
3 -0.3 -1.5
3 -0.3 1.5
3 0.3 1.5
54
0 -4.99845 -1.36903
1 -3.79037 -0.959326
0 -4.02657 1.70512
3 0.3 -1.5
3 -0.3 -1.5
3 -0.3 1.5
3 0.3 1.5
58
0 -4.97429 -1.38591
1 -3.80963 -0.955123
0 -4.02896 1.70476
3 0.3 -1.5
3 -0.3 -1.5
3 -0.3 1.5
3 0.3 1.5
62
0 -4.96683 -1.39162
1 -3.80245 -0.957485
0 -4.02068 1.71036
3 0.3 -1.5
3 -0.3 -1.5
3 -0.3 1.5
3 0.3 1.5
66
0 -4.95285 -1.4029
1 -3.82205 -0.95032
0 -3.99531 1.72556
3 0.3 -1.5
3 -0.3 -1.5
3 -0.3 1.5
3 0.3 1.5
70
0 -4.94188 -1.41192
1 -3.78178 -0.962013
0 -4.00003 1.7242
3 0.3 -1.5
3 -0.3 -1.5
3 -0.3 1.5
3 0.3 1.5
74
0 -4.95625 -1.40192
1 -3.79473 -0.956295
0 -3.99686 1.72433
3 0.3 -1.5
3 -0.3 -1.5
3 -0.3 1.5
3 0.3 1.5
78
0 -4.93177 -1.4193
1 -3.77749 -0.963713
0 -4.0021 1.72366
3 0.3 -1.5
3 -0.3 -1.5
3 -0.3 1.5
3 0.3 1.5
82
0 -4.93322 -1.41806
1 -3.7862 -0.961517
0 -3.99257 1.72945
3 0.3 -1.5
3 -0.3 -1.5
3 -0.3 1.5
3 0.3 1.5
86
0 -4.9386 -1.41414
1 -3.7975 -0.957859
0 -3.98463 1.73369
3 0.3 -1.5
3 -0.3 -1.5
3 -0.3 1.5
3 0.3 1.5
90
0 -4.93442 -1.41629
1 -3.77023 -0.968831
0 -3.98817 1.73375
3 0.3 -1.5
3 -0.3 -1.5
3 -0.3 1.5
3 0.3 1.5
94
0 -4.93382 -1.41521
1 -3.78486 -0.965302
0 -4.02445 1.71097
3 0.3 -1.5
3 -0.3 -1.5
3 -0.3 1.5
3 0.3 1.5
98
0 -4.94411 -1.40881
1 -3.80194 -0.957339
0 -4.01651 1.7137
3 0.3 -1.5
3 -0.3 -1.5
3 -0.3 1.5
3 0.3 1.5
102
0 -4.93498 -1.41567
1 -3.7823 -0.963494
0 -4.02525 1.7094
3 0.3 -1.5
3 -0.3 -1.5
3 -0.3 1.5
3 0.3 1.5
106
0 -4.92191 -1.42507
1 -3.7814 -0.963976
0 -4.03791 1.70218
3 0.3 -1.5
3 -0.3 -1.5
3 -0.3 1.5
3 0.3 1.5
110
0 -4.93405 -1.41627
1 -3.77492 -0.965533
0 -4.03947 1.70071
3 0.3 -1.5
3 -0.3 -1.5
3 -0.3 1.5
3 0.3 1.5
114
0 -4.93214 -1.41705
1 -3.75531 -0.97323
0 -4.04402 1.69938
3 0.3 -1.5
3 -0.3 -1.5
3 -0.3 1.5
3 0.3 1.5
118
0 -4.95101 -1.40471
1 -3.78657 -0.959828
0 -4.02905 1.70515
3 0.3 -1.5
3 -0.3 -1.5
3 -0.3 1.5
3 0.3 1.5
122
0 -4.95061 -1.40447
1 -3.78713 -0.960562
0 -4.03496 1.70194
3 0.3 -1.5
3 -0.3 -1.5
3 -0.3 1.5
3 0.3 1.5
126
0 -4.94069 -1.41127
1 -3.77938 -0.964459
0 -4.03431 1.70372
3 0.3 -1.5
3 -0.3 -1.5
3 -0.3 1.5
3 0.3 1.5
130
0 -4.93401 -1.41585
1 -3.76171 -0.971077
0 -4.038 1.70286
3 0.3 -1.5
3 -0.3 -1.5
3 -0.3 1.5
3 0.3 1.5
134
0 -4.92953 -1.41881
1 -3.75201 -0.974837
0 -4.04451 1.69967
3 0.3 -1.5
3 -0.3 -1.5
3 -0.3 1.5
3 0.3 1.5
138
0 -4.92261 -1.42347
1 -3.7208 -0.985752
0 -4.05862 1.69286
3 0.3 -1.5
3 -0.3 -1.5
3 -0.3 1.5
3 0.3 1.5
142
0 -4.91142 -1.43089
1 -3.73551 -0.983702
0 -4.06743 1.68769
3 0.3 -1.5
3 -0.3 -1.5
3 -0.3 1.5
3 0.3 1.5
146
0 -4.91085 -1.4319
1 -3.7312 -0.984158
0 -4.06335 1.69007
3 0.3 -1.5
3 -0.3 -1.5
3 -0.3 1.5
3 0.3 1.5
150
0 -4.92131 -1.42431
1 -3.74286 -0.979087
0 -4.07465 1.68155
3 0.3 -1.5
3 -0.3 -1.5
3 -0.3 1.5
3 0.3 1.5
154
0 -4.92305 -1.42293
1 -3.73622 -0.981796
0 -4.06919 1.68537
3 0.3 -1.5
3 -0.3 -1.5
3 -0.3 1.5
3 0.3 1.5
158
0 -4.92799 -1.41995
1 -3.74709 -0.976896
0 -4.06133 1.68908
3 0.3 -1.5
3 -0.3 -1.5
3 -0.3 1.5
3 0.3 1.5
162
0 -4.91573 -1.42866
1 -3.7483 -0.977315
0 -4.06505 1.68758
3 0.3 -1.5
3 -0.3 -1.5
3 -0.3 1.5
3 0.3 1.5
166
0 -4.92981 -1.418
1 -3.73417 -0.982788
0 -4.05708 1.69285
3 0.3 -1.5
3 -0.3 -1.5
3 -0.3 1.5
3 0.3 1.5
170
0 -4.91425 -1.42956
1 -3.73658 -0.981967
0 -4.06115 1.6909
3 0.3 -1.5
3 -0.3 -1.5
3 -0.3 1.5
3 0.3 1.5
174
0 -4.91439 -1.42949
1 -3.73301 -0.982899
0 -4.06571 1.6881
3 0.3 -1.5
3 -0.3 -1.5
3 -0.3 1.5
3 0.3 1.5
178
0 -4.9176 -1.42726
1 -3.73283 -0.982953
0 -4.05803 1.69275
3 0.3 -1.5
3 -0.3 -1.5
3 -0.3 1.5
3 0.3 1.5
182
0 -4.92549 -1.42203
1 -3.74318 -0.978284
0 -4.05096 1.69587
3 0.3 -1.5
3 -0.3 -1.5
3 -0.3 1.5
3 0.3 1.5
186
0 -4.90975 -1.43292
1 -3.74183 -0.980261
0 -4.05967 1.69181
3 0.3 -1.5
3 -0.3 -1.5
3 -0.3 1.5
3 0.3 1.5
190
0 -4.91049 -1.432
1 -3.74503 -0.979947
0 -4.05909 1.69229
3 0.3 -1.5
3 -0.3 -1.5
3 -0.3 1.5
3 0.3 1.5
194
0 -4.91385 -1.42964
1 -3.74099 -0.98094
0 -4.06032 1.69141
3 0.3 -1.5
3 -0.3 -1.5
3 -0.3 1.5
3 0.3 1.5
198
0 -4.92061 -1.42516
1 -3.75121 -0.976332
0 -4.05761 1.69188
3 0.3 -1.5
3 -0.3 -1.5
3 -0.3 1.5
3 0.3 1.5
202
0 -4.91838 -1.42567
1 -3.72765 -0.986721
0 -4.06124 1.69175
3 0.3 -1.5
3 -0.3 -1.5
3 -0.3 1.5
3 0.3 1.5
206
0 -4.93286 -1.41513
1 -3.70083 -0.995393
0 -4.05951 1.69326
3 0.3 -1.5
3 -0.3 -1.5
3 -0.3 1.5
3 0.3 1.5
210
0 -4.90849 -1.43357
1 -3.73163 -0.984738
0 -4.05238 1.6973
3 0.3 -1.5
3 -0.3 -1.5
3 -0.3 1.5
3 0.3 1.5
214
0 -4.92057 -1.42516
1 -3.75158 -0.976703
0 -4.04859 1.69769
3 0.3 -1.5
3 -0.3 -1.5
3 -0.3 1.5
3 0.3 1.5
218
0 -4.92262 -1.42395
1 -3.75376 -0.975487
0 -4.04364 1.7004
3 0.3 -1.5
3 -0.3 -1.5
3 -0.3 1.5
3 0.3 1.5
222
0 -4.91557 -1.42949
1 -3.74754 -0.977156
0 -4.04192 1.70191
3 0.3 -1.5
3 -0.3 -1.5
3 -0.3 1.5
3 0.3 1.5
226
0 -4.91934 -1.42686
1 -3.7523 -0.975238
0 -4.03921 1.70309
3 0.3 -1.5
3 -0.3 -1.5
3 -0.3 1.5
3 0.3 1.5
230
0 -4.92072 -1.42632
1 -3.74925 -0.975618
0 -4.0312 1.70792
3 0.3 -1.5
3 -0.3 -1.5
3 -0.3 1.5
3 0.3 1.5
234
0 -4.91092 -1.43365
1 -3.74525 -0.976906
0 -4.03323 1.70725
3 0.3 -1.5
3 -0.3 -1.5
3 -0.3 1.5
3 0.3 1.5
238
0 -4.9186 -1.42725
1 -3.74297 -0.978924
0 -4.0365 1.70546
3 0.3 -1.5
3 -0.3 -1.5
3 -0.3 1.5
3 0.3 1.5
242
0 -4.91461 -1.43016
1 -3.74257 -0.979625
0 -4.02827 1.71102
3 0.3 -1.5
3 -0.3 -1.5
3 -0.3 1.5
3 0.3 1.5
246
0 -4.90697 -1.43562
1 -3.72945 -0.98444
0 -4.03329 1.70899
3 0.3 -1.5
3 -0.3 -1.5
3 -0.3 1.5
3 0.3 1.5
250
0 -4.90342 -1.43825
1 -3.7295 -0.984483
0 -4.03312 1.70927
3 0.3 -1.5
3 -0.3 -1.5
3 -0.3 1.5
3 0.3 1.5
254
0 -4.91846 -1.42702
1 -3.69566 -0.9956
0 -4.04304 1.70384
3 0.3 -1.5
3 -0.3 -1.5
3 -0.3 1.5
3 0.3 1.5
258
0 -4.90548 -1.43718
1 -3.74699 -0.977425
0 -4.0342 1.70725
3 0.3 -1.5
3 -0.3 -1.5
3 -0.3 1.5
3 0.3 1.5
262
0 -4.91354 -1.43125
1 -3.74238 -0.979274
0 -4.02406 1.71355
3 0.3 -1.5
3 -0.3 -1.5
3 -0.3 1.5
3 0.3 1.5
266
0 -4.91503 -1.43
1 -3.72648 -0.984731
0 -4.03015 1.71044
3 0.3 -1.5
3 -0.3 -1.5
3 -0.3 1.5
3 0.3 1.5
270
0 -4.92012 -1.42625
1 -3.7252 -0.985136
0 -4.02823 1.71146
3 0.3 -1.5
3 -0.3 -1.5
3 -0.3 1.5
3 0.3 1.5
274
0 -4.91918 -1.42663
1 -3.72639 -0.985238
0 -4.032 1.70929
3 0.3 -1.5
3 -0.3 -1.5
3 -0.3 1.5
3 0.3 1.5
278
0 -4.92877 -1.4199
1 -3.69727 -0.99433
0 -4.03132 1.71033
3 0.3 -1.5
3 -0.3 -1.5
3 -0.3 1.5
3 0.3 1.5
282
0 -4.90864 -1.43497
1 -3.75088 -0.9759
0 -4.03091 1.7089
3 0.3 -1.5
3 -0.3 -1.5
3 -0.3 1.5
3 0.3 1.5
286
0 -4.9191 -1.42669
1 -3.7424 -0.979964
0 -4.02714 1.71165
3 0.3 -1.5
3 -0.3 -1.5
3 -0.3 1.5
3 0.3 1.5
290
0 -4.91052 -1.43311
1 -3.74012 -0.980509
0 -4.03229 1.70883
3 0.3 -1.5
3 -0.3 -1.5
3 -0.3 1.5
3 0.3 1.5
294
0 -4.91389 -1.43121
1 -3.75776 -0.973515
0 -4.02414 1.71255
3 0.3 -1.5
3 -0.3 -1.5
3 -0.3 1.5
3 0.3 1.5
298
0 -4.90335 -1.43855
1 -3.73314 -0.982836
0 -4.03034 1.71068
3 0.3 -1.5
3 -0.3 -1.5
3 -0.3 1.5
3 0.3 1.5
302
0 -4.92457 -1.42296
1 -3.75709 -0.974077
0 -4.02833 1.70962
3 0.3 -1.5
3 -0.3 -1.5
3 -0.3 1.5
3 0.3 1.5
306
0 -4.93084 -1.41834
1 -3.75667 -0.974169
0 -4.02618 1.71067
3 0.3 -1.5
3 -0.3 -1.5
3 -0.3 1.5
3 0.3 1.5
310
0 -4.92648 -1.42154
1 -3.75699 -0.974171
0 -4.0266 1.71064
3 0.3 -1.5
3 -0.3 -1.5
3 -0.3 1.5
3 0.3 1.5
314
0 -4.924 -1.42336
1 -3.75718 -0.97418
0 -4.02685 1.71061
3 0.3 -1.5
3 -0.3 -1.5
3 -0.3 1.5
3 0.3 1.5
318
0 -5.17652 -4.35177
1 -3.92366 -3.87845
0 -4.9225 -1.42446
1 -3.75729 -0.97418
0 -4.02699 1.7106
3 0.3 -1.5
3 -0.3 -1.5
3 -0.3 1.5
3 0.3 1.5
322
0 -5.36005 -4.27295
1 -4.12222 -3.82321
0 -4.9215 -1.42519
1 -3.75736 -0.974179
0 -4.02709 1.71059
3 0.3 -1.5
3 -0.3 -1.5
3 -0.3 1.5
3 0.3 1.5
326
0 -5.30906 -4.26526
1 -4.01325 -3.84739
0 -4.92187 -1.42493
1 -3.75733 -0.974176
0 -4.02705 1.7106
3 0.3 -1.5
3 -0.3 -1.5
3 -0.3 1.5
3 0.3 1.5
330
0 -5.41207 -4.17525
1 -4.08032 -3.8188
0 -4.9218 -1.42498
1 -3.75733 -0.974174
0 -4.02705 1.7106
3 0.3 -1.5
3 -0.3 -1.5
3 -0.3 1.5
3 0.3 1.5
334
0 -5.35541 -4.21643
1 -4.08024 -3.81932
0 -4.92189 -1.42491
1 -3.75733 -0.974174
0 -4.02704 1.7106
3 0.3 -1.5
3 -0.3 -1.5
3 -0.3 1.5
3 0.3 1.5
338
0 -5.37452 -4.20239
1 -4.08027 -3.81918
0 -4.92186 -1.42493
1 -3.75733 -0.974174
0 -4.02704 1.7106
3 0.3 -1.5
3 -0.3 -1.5
3 -0.3 1.5
3 0.3 1.5
342
0 -5.33078 -4.23392
1 -4.0802 -3.81964
0 -4.92194 -1.42487
1 -3.75732 -0.974175
0 -4.02704 1.7106
3 0.3 -1.5
3 -0.3 -1.5
3 -0.3 1.5
3 0.3 1.5
346
0 -5.55566 -7.33373
1 -4.42192 -6.76751
0 -5.33161 -4.23318
1 -4.0802 -3.81967
0 -4.92194 -1.42487
1 -3.75732 -0.974175
0 -4.02704 1.7106
3 0.3 -1.5
3 -0.3 -1.5
3 -0.3 1.5
3 0.3 1.5
350
0 -5.58533 -7.28384
1 -4.16199 -6.84938
0 -5.33628 -4.22974
1 -4.0802 -3.81964
0 -4.92194 -1.42488
1 -3.75732 -0.974175
0 -4.02704 1.7106
3 0.3 -1.5
3 -0.3 -1.5
3 -0.3 1.5
3 0.3 1.5
354
0 -5.82737 -7.08568
1 -4.50135 -6.76404
0 -5.33238 -4.2327
1 -4.0802 -3.81964
0 -4.92194 -1.42488
1 -3.75732 -0.974175
0 -4.02704 1.7106
3 0.3 -1.5
3 -0.3 -1.5
3 -0.3 1.5
3 0.3 1.5
358
0 -5.8597 -7.06626
1 -4.41448 -6.78678
0 -5.33207 -4.2329
1 -4.0802 -3.81965
0 -4.92194 -1.42487
1 -3.75732 -0.974175
0 -4.02704 1.7106
3 0.3 -1.5
3 -0.3 -1.5
3 -0.3 1.5
3 0.3 1.5
362
0 -5.82349 -7.09055
1 -4.42086 -6.78388
0 -5.33268 -4.23245
1 -4.0802 -3.81965
0 -4.92194 -1.42487
1 -3.75732 -0.974175
0 -4.02704 1.7106
3 0.3 -1.5
3 -0.3 -1.5
3 -0.3 1.5
3 0.3 1.5
366
0 -5.27197 -9.84657
1 -4.20874 -9.2296
0 -5.83606 -7.08212
1 -4.41865 -6.78489
0 -5.33247 -4.2326
1 -4.0802 -3.81965
0 -4.92194 -1.42487
1 -3.75732 -0.974175
0 -4.02704 1.7106
3 0.3 -1.5
3 -0.3 -1.5
3 -0.3 1.5
3 0.3 1.5
370
0 -5.75087 -9.70737
1 -4.69366 -9.19625
0 -5.80945 -7.10009
1 -4.42334 -6.7827
0 -5.3329 -4.23228
1 -4.0802 -3.81965
0 -4.92194 -1.42487
1 -3.75732 -0.974175
0 -4.02704 1.7106
3 0.3 -1.5
3 -0.3 -1.5
3 -0.3 1.5
3 0.3 1.5
374
3 0.3 1.5
3 -0.3 1.5
3 -0.3 -1.5
3 0.3 -1.5
0 -4.02704 1.7106
1 -3.75732 -0.974175
0 -4.92194 -1.42487
1 -4.0802 -3.81965
0 -5.33291 -4.23227
1 -4.4235 -6.7826
0 -5.80855 -7.10074
1 -4.65013 -9.19028
0 -5.71865 -9.69908
378
3 0.3 1.5
3 -0.3 1.5
3 -0.3 -1.5
3 0.3 -1.5
0 -4.02704 1.7106
1 -3.75732 -0.974175
0 -4.92194 -1.42487
1 -4.0802 -3.81965
0 -5.3329 -4.23228
1 -4.42334 -6.78268
0 -5.80943 -7.10013
1 -4.65074 -9.19162
0 -5.66299 -9.73991
382
3 0.3 1.5
3 -0.3 1.5
3 -0.3 -1.5
3 0.3 -1.5
0 -4.02704 1.7106
1 -3.75732 -0.974175
0 -4.92194 -1.42487
1 -4.0802 -3.81965
0 -5.3329 -4.23228
1 -4.42334 -6.78268
0 -5.80957 -7.10003
1 -4.65083 -9.19186
0 -5.65511 -9.74557
386
0 -5.90414 -12.8225
1 -4.53462 -12.3691
3 0.3 1.5
3 -0.3 1.5
3 -0.3 -1.5
3 0.3 -1.5
0 -4.02704 1.7106
1 -3.75732 -0.974175
0 -4.92194 -1.42487
1 -4.0802 -3.81965
0 -5.3329 -4.23228
1 -4.42334 -6.78268
0 -5.80939 -7.10016
1 -4.65071 -9.19159
0 -5.66639 -9.73727
390
0 -5.96508 -12.8805
1 -4.7085 -12.3697
3 0.3 1.5
3 -0.3 1.5
3 -0.3 -1.5
3 0.3 -1.5
0 -4.02704 1.7106
1 -3.75732 -0.974175
0 -4.92194 -1.42487
1 -4.0802 -3.81965
0 -5.3329 -4.23228
1 -4.42334 -6.78268
0 -5.80958 -7.10003
1 -4.65083 -9.1919
0 -5.65531 -9.74528
394
0 -6.10422 -12.8518
1 -5.024 -12.2868
3 0.3 1.5
3 -0.3 1.5
3 -0.3 -1.5
3 0.3 -1.5
0 -4.02704 1.7106
1 -3.75732 -0.974175
0 -4.92194 -1.42487
1 -4.0802 -3.81965
0 -5.3329 -4.23228
1 -4.42334 -6.78268
0 -5.80976 -7.09991
1 -4.65095 -9.19216
0 -5.64404 -9.75359
398
0 -6.13531 -12.8173
1 -5.03901 -12.283
3 0.3 1.5
3 -0.3 1.5
3 -0.3 -1.5
3 0.3 -1.5
0 -4.02704 1.7106
1 -3.75732 -0.974175
0 -4.92194 -1.42487
1 -4.0802 -3.81965
0 -5.3329 -4.23228
1 -4.42325 -6.78274
0 -5.80999 -7.09974
1 -4.65113 -9.19201
0 -5.63956 -9.75403
402
0 -6.10802 -12.8361
1 -5.03878 -12.283
3 0.3 1.5
3 -0.3 1.5
3 -0.3 -1.5
3 0.3 -1.5
0 -4.02704 1.7106
1 -3.75732 -0.974175
0 -4.92194 -1.42487
1 -4.0802 -3.81965
0 -5.3329 -4.23228
1 -4.42325 -6.78273
0 -5.80998 -7.09975
1 -4.65113 -9.192
0 -5.64012 -9.75362
406
0 -6.08129 -12.8542
1 -5.0385 -12.283
3 0.3 1.5
3 -0.3 1.5
3 -0.3 -1.5
3 0.3 -1.5
0 -4.02704 1.7106
1 -3.75732 -0.974175
0 -4.92194 -1.42487
1 -4.0802 -3.81965
0 -5.3329 -4.23228
1 -4.42325 -6.78273
0 -5.80998 -7.09975
1 -4.65113 -9.192
0 -5.6407 -9.7532
410
0 -6.32293 -16.0788
1 -5.27832 -15.4363
0 -6.084 -12.8524
1 -5.03854 -12.283
3 0.3 1.5
3 -0.3 1.5
3 -0.3 -1.5
3 0.3 -1.5
0 -4.02704 1.7106
1 -3.75732 -0.974175
0 -4.92194 -1.42487
1 -4.0802 -3.81965
0 -5.3329 -4.23228
1 -4.42325 -6.78273
0 -5.80998 -7.09975
1 -4.65113 -9.192
0 -5.64063 -9.75325
414
0 -6.45028 -15.8664
1 -5.40439 -15.3058
0 -6.09117 -12.8478
1 -5.03866 -12.283
3 0.3 1.5
3 -0.3 1.5
3 -0.3 -1.5
3 0.3 -1.5
0 -4.02704 1.7106
1 -3.75732 -0.974175
0 -4.92194 -1.42487
1 -4.0802 -3.81965
0 -5.3329 -4.23228
1 -4.42325 -6.78273
0 -5.80998 -7.09975
1 -4.65113 -9.192
0 -5.64045 -9.75338
418
0 -6.47991 -15.8677
1 -5.44392 -15.316
0 -6.08935 -12.849
1 -5.03863 -12.283
3 0.3 1.5
3 -0.3 1.5
3 -0.3 -1.5
3 0.3 -1.5
0 -4.02704 1.7106
1 -3.75732 -0.974175
0 -4.92194 -1.42487
1 -4.0802 -3.81965
0 -5.3329 -4.23228
1 -4.42325 -6.78273
0 -5.80998 -7.09975
1 -4.65113 -9.192
0 -5.6405 -9.75335
422
0 -6.44364 -15.891
1 -5.44381 -15.3156
0 -6.08988 -12.8486
1 -5.03863 -12.283
3 0.3 1.5
3 -0.3 1.5
3 -0.3 -1.5
3 0.3 -1.5
0 -4.02704 1.7106
1 -3.75732 -0.974175
0 -4.92194 -1.42487
1 -4.0802 -3.81965
0 -5.3329 -4.23228
1 -4.42325 -6.78273
0 -5.80998 -7.09975
1 -4.65113 -9.192
0 -5.64049 -9.75336
426
0 -6.41769 -15.9073
1 -5.44379 -15.3153
0 -6.09028 -12.8483
1 -5.03863 -12.283
3 0.3 1.5
3 -0.3 1.5
3 -0.3 -1.5
3 0.3 -1.5
0 -4.02704 1.7106
1 -3.75732 -0.974175
0 -4.92194 -1.42487
1 -4.0802 -3.81965
0 -5.3329 -4.23228
1 -4.42325 -6.78273
0 -5.80998 -7.09975
1 -4.65113 -9.192
0 -5.64048 -9.75336
430
0 -6.7969 -19.0637
1 -5.56461 -18.5583
0 -6.41365 -15.9099
1 -5.44379 -15.3152
0 -6.09034 -12.8483
1 -5.03863 -12.283
3 0.3 1.5
3 -0.3 1.5
3 -0.3 -1.5
3 0.3 -1.5
0 -4.02704 1.7106
1 -3.75732 -0.974175
0 -4.92194 -1.42487
1 -4.0802 -3.81965
0 -5.3329 -4.23228
1 -4.42325 -6.78273
0 -5.80998 -7.09975
1 -4.65113 -9.192
0 -5.64048 -9.75336
434
0 -6.67957 -19.0459
1 -5.43438 -18.5219
0 -6.4261 -15.9021
1 -5.44379 -15.3154
0 -6.09014 -12.8484
1 -5.03863 -12.283
3 0.3 1.5
3 -0.3 1.5
3 -0.3 -1.5
3 0.3 -1.5
0 -4.02704 1.7106
1 -3.75732 -0.974175
0 -4.92194 -1.42487
1 -4.0802 -3.81965
0 -5.3329 -4.23228
1 -4.42325 -6.78273
0 -5.80998 -7.09975
1 -4.65113 -9.192
0 -5.64048 -9.75336
438
0 -6.93825 -18.9081
1 -5.77669 -18.416
0 -6.41636 -15.9085
1 -5.44373 -15.3152
0 -6.09027 -12.8483
1 -5.03863 -12.283
3 0.3 1.5
3 -0.3 1.5
3 -0.3 -1.5
3 0.3 -1.5
0 -4.02704 1.7106
1 -3.75732 -0.974175
0 -4.92194 -1.42487
1 -4.0802 -3.81965
0 -5.3329 -4.23228
1 -4.42325 -6.78273
0 -5.80998 -7.09975
1 -4.65113 -9.192
0 -5.64048 -9.75336
442
0 -6.88811 -18.9354
1 -5.77451 -18.4193
0 -6.41601 -15.9087
1 -5.44373 -15.3152
0 -6.09028 -12.8483
1 -5.03863 -12.283
3 0.3 1.5
3 -0.3 1.5
3 -0.3 -1.5
3 0.3 -1.5
0 -4.02704 1.7106
1 -3.75732 -0.974175
0 -4.92194 -1.42487
1 -4.0802 -3.81965
0 -5.3329 -4.23228
1 -4.42325 -6.78273
0 -5.80998 -7.09975
1 -4.65113 -9.192
0 -5.64048 -9.75336
446
0 -6.84343 -18.9665
1 -5.77502 -18.419
0 -6.41671 -15.9083
1 -5.44373 -15.3152
0 -6.09027 -12.8483
1 -5.03863 -12.283
3 0.3 1.5
3 -0.3 1.5
3 -0.3 -1.5
3 0.3 -1.5
0 -4.02704 1.7106
1 -3.75732 -0.974175
0 -4.92194 -1.42487
1 -4.0802 -3.81965
0 -5.3329 -4.23228
1 -4.42325 -6.78273
0 -5.80998 -7.09975
1 -4.65113 -9.192
0 -5.64048 -9.75336
450
0 -6.84332 -18.9665
1 -5.77503 -18.4191
0 -6.41672 -15.9083
1 -5.44373 -15.3152
0 -6.09027 -12.8483
1 -5.03863 -12.283
3 0.3 1.5
3 -0.3 1.5
3 -0.3 -1.5
3 0.3 -1.5
0 -4.02704 1.7106
1 -3.75732 -0.974175
0 -4.92194 -1.42487
1 -4.0802 -3.81965
0 -5.3329 -4.23228
1 -4.42325 -6.78273
0 -5.80998 -7.09975
1 -4.65113 -9.192
0 -5.64048 -9.75336
454
0 -7.28297 -22.18
1 -6.18397 -21.5972
0 -6.84014 -18.9686
1 -5.77508 -18.419
0 -6.41678 -15.9082
1 -5.44373 -15.3152
0 -6.09027 -12.8483
1 -5.03863 -12.283
3 0.3 1.5
3 -0.3 1.5
3 -0.3 -1.5
3 0.3 -1.5
0 -4.02704 1.7106
1 -3.75732 -0.974175
0 -4.92194 -1.42487
1 -4.0802 -3.81965
0 -5.3329 -4.23228
1 -4.42325 -6.78273
0 -5.80998 -7.09975
1 -4.65113 -9.192
0 -5.64048 -9.75336
458
0 -7.28122 -22.1034
1 -6.07584 -21.5775
0 -6.84622 -18.9646
1 -5.77499 -18.4191
0 -6.41667 -15.9083
1 -5.44373 -15.3152
0 -6.09027 -12.8483
1 -5.03863 -12.283
3 0.3 1.5
3 -0.3 1.5
3 -0.3 -1.5
3 0.3 -1.5
0 -4.02704 1.7106
1 -3.75732 -0.974175
0 -4.92194 -1.42487
1 -4.0802 -3.81965
0 -5.3329 -4.23228
1 -4.42325 -6.78273
0 -5.80998 -7.09975
1 -4.65113 -9.192
0 -5.64048 -9.75336
462
0 -7.4457 -22.0086
1 -6.38703 -21.4857
0 -6.8403 -18.9688
1 -5.77505 -18.419
0 -6.41675 -15.9082
1 -5.44373 -15.3152
0 -6.09027 -12.8483
1 -5.03863 -12.283
3 0.3 1.5
3 -0.3 1.5
3 -0.3 -1.5
3 0.3 -1.5
0 -4.02704 1.7106
1 -3.75732 -0.974175
0 -4.92194 -1.42487
1 -4.0802 -3.81965
0 -5.3329 -4.23228
1 -4.42325 -6.78273
0 -5.80998 -7.09975
1 -4.65113 -9.192
0 -5.64048 -9.75336
466
0 -7.40279 -22.0363
1 -6.38512 -21.4858
0 -6.84041 -18.9687
1 -5.77505 -18.419
0 -6.41675 -15.9082
1 -5.44373 -15.3152
0 -6.09027 -12.8483
1 -5.03863 -12.283
3 0.3 1.5
3 -0.3 1.5
3 -0.3 -1.5
3 0.3 -1.5
0 -4.02704 1.7106
1 -3.75732 -0.974175
0 -4.92194 -1.42487
1 -4.0802 -3.81965
0 -5.3329 -4.23228
1 -4.42325 -6.78273
0 -5.80998 -7.09975
1 -4.65113 -9.192
0 -5.64048 -9.75336
470
0 -7.4244 -22.021
1 -6.38502 -21.4859
0 -6.84011 -18.9689
1 -5.77505 -18.419
0 -6.41675 -15.9082
1 -5.44373 -15.3152
0 -6.09027 -12.8483
1 -5.03863 -12.283
3 0.3 1.5
3 -0.3 1.5
3 -0.3 -1.5
3 0.3 -1.5
0 -4.02704 1.7106
1 -3.75732 -0.974175
0 -4.92194 -1.42487
1 -4.0802 -3.81965
0 -5.3329 -4.23228
1 -4.42325 -6.78273
0 -5.80998 -7.09975
1 -4.65113 -9.192
0 -5.64048 -9.75336
474
0 -7.40179 -22.0365
1 -6.3851 -21.4858
0 -6.84047 -18.9686
1 -5.77505 -18.419
0 -6.41675 -15.9082
1 -5.44373 -15.3152
0 -6.09027 -12.8483
1 -5.03863 -12.283
3 0.3 1.5
3 -0.3 1.5
3 -0.3 -1.5
3 0.3 -1.5
0 -4.02704 1.7106
1 -3.75732 -0.974175
0 -4.92194 -1.42487
1 -4.0802 -3.81965
0 -5.3329 -4.23228
1 -4.42325 -6.78273
0 -5.80998 -7.09975
1 -4.65113 -9.192
0 -5.64048 -9.75336
478
0 -7.77525 -25.2712
1 -6.73479 -24.6588
0 -7.40341 -22.0355
1 -6.3851 -21.4858
0 -6.84044 -18.9686
1 -5.77505 -18.419
0 -6.41675 -15.9082
1 -5.44373 -15.3152
0 -6.09027 -12.8483
1 -5.03863 -12.283
3 0.3 1.5
3 -0.3 1.5
3 -0.3 -1.5
3 0.3 -1.5
0 -4.02704 1.7106
1 -3.75732 -0.974175
0 -4.92194 -1.42487
1 -4.0802 -3.81965
0 -5.3329 -4.23228
1 -4.42325 -6.78273
0 -5.80998 -7.09975
1 -4.65113 -9.192
0 -5.64048 -9.75336
482
0 -7.8484 -25.314
1 -6.82595 -24.7091
0 -7.39566 -22.0407
1 -6.38513 -21.4858
0 -6.84057 -18.9686
1 -5.77505 -18.419
0 -6.41675 -15.9082
1 -5.44373 -15.3152
0 -6.09027 -12.8483
1 -5.03863 -12.283
3 0.3 1.5
3 -0.3 1.5
3 -0.3 -1.5
3 0.3 -1.5
0 -4.02704 1.7106
1 -3.75732 -0.974175
0 -4.92194 -1.42487
1 -4.0802 -3.81965
0 -5.3329 -4.23228
1 -4.42325 -6.78273
0 -5.80998 -7.09975
1 -4.65113 -9.192
0 -5.64048 -9.75336
486
0 -7.96949 -25.1347
1 -6.97651 -24.5852
0 -7.39898 -22.0387
1 -6.38512 -21.4858
0 -6.8405 -18.9686
1 -5.77505 -18.419
0 -6.41675 -15.9082
1 -5.44373 -15.3152
0 -6.09027 -12.8483
1 -5.03863 -12.283
3 0.3 1.5
3 -0.3 1.5
3 -0.3 -1.5
3 0.3 -1.5
0 -4.02704 1.7106
1 -3.75732 -0.974175
0 -4.92194 -1.42487
1 -4.0802 -3.81965
0 -5.3329 -4.23228
1 -4.42325 -6.78273
0 -5.80998 -7.09975
1 -4.65113 -9.192
0 -5.64048 -9.75336
490
0 -7.9102 -25.198
1 -7.00753 -24.5932
0 -7.39769 -22.0395
1 -6.38512 -21.4858
0 -6.84052 -18.9686
1 -5.77505 -18.419
0 -6.41675 -15.9082
1 -5.44373 -15.3152
0 -6.09027 -12.8483
1 -5.03863 -12.283
3 0.3 1.5
3 -0.3 1.5
3 -0.3 -1.5
3 0.3 -1.5
0 -4.02704 1.7106
1 -3.75732 -0.974175
0 -4.92194 -1.42487
1 -4.0802 -3.81965
0 -5.3329 -4.23228
1 -4.42325 -6.78273
0 -5.80998 -7.09975
1 -4.65113 -9.192
0 -5.64048 -9.75336
494
0 -7.91635 -25.1943
1 -7.00737 -24.5931
0 -7.39755 -22.0396
1 -6.38512 -21.4858
0 -6.84052 -18.9686
1 -5.77505 -18.419
0 -6.41675 -15.9082
1 -5.44373 -15.3152
0 -6.09027 -12.8483
1 -5.03863 -12.283
3 0.3 1.5
3 -0.3 1.5
3 -0.3 -1.5
3 0.3 -1.5
0 -4.02704 1.7106
1 -3.75732 -0.974175
0 -4.92194 -1.42487
1 -4.0802 -3.81965
0 -5.3329 -4.23228
1 -4.42325 -6.78273
0 -5.80998 -7.09975
1 -4.65113 -9.192
0 -5.64048 -9.75336
498
0 -7.92219 -25.1902
1 -7.00732 -24.5931
0 -7.39746 -22.0397
1 -6.38512 -21.4858
0 -6.84052 -18.9686
1 -5.77505 -18.419
0 -6.41675 -15.9082
1 -5.44373 -15.3152
0 -6.09027 -12.8483
1 -5.03863 -12.283
3 0.3 1.5
3 -0.3 1.5
3 -0.3 -1.5
3 0.3 -1.5
0 -4.02704 1.7106
1 -3.75732 -0.974175
0 -4.92194 -1.42487
1 -4.0802 -3.81965
0 -5.3329 -4.23228
1 -4.42325 -6.78273
0 -5.80998 -7.09975
1 -4.65113 -9.192
0 -5.64048 -9.75336
502
0 -7.89727 -25.2072
1 -7.00764 -24.5932
0 -7.39786 -22.0394
1 -6.38512 -21.4858
0 -6.84052 -18.9686
1 -5.77505 -18.419
0 -6.41675 -15.9082
1 -5.44373 -15.3152
0 -6.09027 -12.8483
1 -5.03863 -12.283
3 0.3 1.5
3 -0.3 1.5
3 -0.3 -1.5
3 0.3 -1.5
0 -4.02704 1.7106
1 -3.75732 -0.974175
0 -4.92194 -1.42487
1 -4.0802 -3.81965
0 -5.3329 -4.23228
1 -4.42325 -6.78273
0 -5.80998 -7.09975
1 -4.65113 -9.192
0 -5.64048 -9.75336
506
0 -8.20246 -28.4168
1 -7.28299 -27.7513
0 -7.9064 -25.2011
1 -7.0075 -24.5931
0 -7.39771 -22.0395
1 -6.38512 -21.4858
0 -6.84052 -18.9686
1 -5.77505 -18.419
0 -6.41675 -15.9082
1 -5.44373 -15.3152
0 -6.09027 -12.8483
1 -5.03863 -12.283
3 0.3 1.5
3 -0.3 1.5
3 -0.3 -1.5
3 0.3 -1.5
0 -4.02704 1.7106
1 -3.75732 -0.974175
0 -4.92194 -1.42487
1 -4.0802 -3.81965
0 -5.3329 -4.23228
1 -4.42325 -6.78273
0 -5.80998 -7.09975
1 -4.65113 -9.192
0 -5.64048 -9.75336
510
0 -8.59638 -28.2739
1 -7.55284 -27.761
0 -7.89347 -25.2099
1 -7.00767 -24.5932
0 -7.39792 -22.0393
1 -6.38512 -21.4858
0 -6.84052 -18.9686
1 -5.77505 -18.419
0 -6.41675 -15.9082
1 -5.44373 -15.3152
0 -6.09027 -12.8483
1 -5.03863 -12.283
3 0.3 1.5
3 -0.3 1.5
3 -0.3 -1.5
3 0.3 -1.5
0 -4.02704 1.7106
1 -3.75732 -0.974175
0 -4.92194 -1.42487
1 -4.0802 -3.81965
0 -5.3329 -4.23228
1 -4.42325 -6.78273
0 -5.80998 -7.09975
1 -4.65113 -9.192
0 -5.64048 -9.75336
514
0 -8.27203 -28.3022
1 -7.40022 -27.6556
0 -7.90843 -25.1999
1 -7.00745 -24.5931
0 -7.39766 -22.0395
1 -6.38512 -21.4858
0 -6.84052 -18.9686
1 -5.77505 -18.419
0 -6.41675 -15.9082
1 -5.44373 -15.3152
0 -6.09027 -12.8483
1 -5.03863 -12.283
3 0.3 1.5
3 -0.3 1.5
3 -0.3 -1.5
3 0.3 -1.5
0 -4.02704 1.7106
1 -3.75732 -0.974175
0 -4.92194 -1.42487
1 -4.0802 -3.81965
0 -5.3329 -4.23228
1 -4.42325 -6.78273
0 -5.80998 -7.09975
1 -4.65113 -9.192
0 -5.64048 -9.75336
518
0 -8.24903 -28.3094
1 -7.39458 -27.653
0 -7.9112 -25.198
1 -7.00742 -24.5931
0 -7.39762 -22.0396
1 -6.38512 -21.4858
0 -6.84052 -18.9686
1 -5.77505 -18.419
0 -6.41675 -15.9082
1 -5.44373 -15.3152
0 -6.09027 -12.8483
1 -5.03863 -12.283
3 0.3 1.5
3 -0.3 1.5
3 -0.3 -1.5
3 0.3 -1.5
0 -4.02704 1.7106
1 -3.75732 -0.974175
0 -4.92194 -1.42487
1 -4.0802 -3.81965
0 -5.3329 -4.23228
1 -4.42325 -6.78273
0 -5.80998 -7.09975
1 -4.65113 -9.192
0 -5.64048 -9.75336
522
0 -5.64048 -9.75336
1 -4.65113 -9.192
0 -5.80998 -7.09975
1 -4.42325 -6.78273
0 -5.3329 -4.23228
1 -4.0802 -3.81965
0 -4.92194 -1.42487
1 -3.75732 -0.974175
0 -4.02704 1.7106
3 0.3 -1.5
3 -0.3 -1.5
3 -0.3 1.5
3 0.3 1.5
1 -5.03863 -12.283
0 -6.09027 -12.8483
1 -5.44373 -15.3152
0 -6.41675 -15.9082
1 -5.77505 -18.419
0 -6.84052 -18.9686
1 -6.38512 -21.4858
0 -7.39764 -22.0395
1 -7.00744 -24.5931
0 -7.91028 -25.1986
1 -7.39974 -27.6572
0 -8.27987 -28.2958
0 -8.69472 -31.8936
526
0 -5.64048 -9.75336
1 -4.65113 -9.192
0 -5.80998 -7.09975
1 -4.42325 -6.78273
0 -5.3329 -4.23228
1 -4.0802 -3.81965
0 -4.92194 -1.42487
1 -3.75732 -0.974175
0 -4.02704 1.7106
3 0.3 -1.5
3 -0.3 -1.5
3 -0.3 1.5
3 0.3 1.5
1 -5.03863 -12.283
0 -6.09027 -12.8483
1 -5.44373 -15.3152
0 -6.41675 -15.9082
1 -5.77505 -18.419
0 -6.84052 -18.9686
1 -6.38512 -21.4858
0 -7.39764 -22.0395
1 -7.00744 -24.5931
0 -7.9103 -25.1986
1 -7.39974 -27.6572
0 -8.27723 -28.2977
0 -8.80667 -31.8104
530
0 -5.64048 -9.75336
1 -4.65113 -9.192
0 -5.80998 -7.09975
1 -4.42325 -6.78273
0 -5.3329 -4.23228
1 -4.0802 -3.81965
0 -4.92194 -1.42487
1 -3.75732 -0.974175
0 -4.02704 1.7106
3 0.3 -1.5
3 -0.3 -1.5
3 -0.3 1.5
3 0.3 1.5
1 -5.03863 -12.283
0 -6.09027 -12.8483
1 -5.44373 -15.3152
0 -6.41675 -15.9082
1 -5.77505 -18.419
0 -6.84052 -18.9686
1 -6.38512 -21.4858
0 -7.39764 -22.0395
1 -7.00744 -24.5931
0 -7.91034 -25.1985
1 -7.39974 -27.6572
0 -8.2757 -28.2986
0 -8.96124 -31.7024
534
0 -5.64048 -9.75336
1 -4.65113 -9.192
0 -5.80998 -7.09975
1 -4.42325 -6.78273
0 -5.3329 -4.23228
1 -4.0802 -3.81965
0 -4.92194 -1.42487
1 -3.75732 -0.974175
0 -4.02704 1.7106
3 0.3 -1.5
3 -0.3 -1.5
3 -0.3 1.5
3 0.3 1.5
1 -5.03863 -12.283
0 -6.09027 -12.8483
1 -5.44373 -15.3152
0 -6.41675 -15.9082
1 -5.77505 -18.419
0 -6.84052 -18.9686
1 -6.38512 -21.4858
0 -7.39764 -22.0395
1 -7.00744 -24.5931
0 -7.91035 -25.1985
1 -7.39974 -27.6572
0 -8.27542 -28.2987
0 -8.95027 -31.7039
