2
3 0.3 -1.5
3 -0.3 -1.5
3 -0.3 1.5
3 0.3 1.5
6
3 0.3 -1.5
3 -0.3 -1.5
3 -0.3 1.5
3 0.3 1.5
10
3 0.3 -1.5
3 -0.3 -1.5
3 -0.3 1.5
3 0.3 1.5
14
3 0.3 -1.5
3 -0.3 -1.5
3 -0.3 1.5
3 0.3 1.5
18
3 0.3 -1.5
3 -0.3 -1.5
3 -0.3 1.5
3 0.3 1.5
22
3 0.3 -1.5
3 -0.3 -1.5
3 -0.3 1.5
3 0.3 1.5
26
0 -3.96746 1.74879
3 0.3 -1.5
3 -0.3 -1.5
3 -0.3 1.5
3 0.3 1.5
30
0 -3.9611 1.75461
0 -4.85577 -1.47392
1 -3.80689 -0.95824
3 0.3 -1.5
3 -0.3 -1.5
3 -0.3 1.5
3 0.3 1.5
34
0 -3.98695 1.73857
0 -4.85411 -1.47252
1 -3.80671 -0.958281
3 0.3 -1.5
3 -0.3 -1.5
3 -0.3 1.5
3 0.3 1.5
38
0 -3.98624 1.73541
0 -4.8789 -1.45592
1 -3.83716 -0.946321
3 0.3 -1.5
3 -0.3 -1.5
3 -0.3 1.5
3 0.3 1.5
42
0 -3.98949 1.73394
0 -4.90802 -1.43372
1 -3.77131 -0.969514
3 0.3 -1.5
3 -0.3 -1.5
3 -0.3 1.5
3 0.3 1.5
46
0 -3.99341 1.73183
0 -4.86653 -1.46287
1 -3.77803 -0.969049
3 0.3 -1.5
3 -0.3 -1.5
3 -0.3 1.5
3 0.3 1.5
50
0 -3.98925 1.73489
0 -4.8347 -1.48651
1 -3.78212 -0.967704
3 0.3 -1.5
3 -0.3 -1.5
3 -0.3 1.5
3 0.3 1.5
54
0 -3.98554 1.73539
0 -4.84294 -1.48084
1 -3.79008 -0.963877
3 0.3 -1.5
3 -0.3 -1.5
3 -0.3 1.5
3 0.3 1.5
58
0 -3.9768 1.74136
0 -4.85815 -1.46991
1 -3.77824 -0.968002
3 0.3 -1.5
3 -0.3 -1.5
3 -0.3 1.5
3 0.3 1.5
62
0 -3.98028 1.73684
0 -4.87444 -1.45845
1 -3.7904 -0.962218
3 0.3 -1.5
3 -0.3 -1.5
3 -0.3 1.5
3 0.3 1.5
66
0 -3.95328 1.75217
0 -4.89543 -1.44449
1 -3.78846 -0.961067
3 0.3 -1.5
3 -0.3 -1.5
3 -0.3 1.5
3 0.3 1.5
70
0 -3.96053 1.74739
0 -4.88988 -1.44821
1 -3.80345 -0.956424
3 0.3 -1.5
3 -0.3 -1.5
3 -0.3 1.5
3 0.3 1.5
74
0 -3.9583 1.7485
0 -4.90951 -1.43457
1 -3.77589 -0.964129
3 0.3 -1.5
3 -0.3 -1.5
3 -0.3 1.5
3 0.3 1.5
78
0 -3.97527 1.73928
0 -4.88687 -1.45029
1 -3.77876 -0.964485
3 0.3 -1.5
3 -0.3 -1.5
3 -0.3 1.5
3 0.3 1.5
82
0 -3.97653 1.73981
0 -4.86667 -1.4647
1 -3.78108 -0.964856
3 0.3 -1.5
3 -0.3 -1.5
3 -0.3 1.5
3 0.3 1.5
86
0 -4.01061 1.71942
0 -4.87112 -1.45984
1 -3.7642 -0.9717
3 0.3 -1.5
3 -0.3 -1.5
3 -0.3 1.5
3 0.3 1.5
90
0 -3.98674 1.73174
0 -4.88642 -1.45037
1 -3.78497 -0.962284
3 0.3 -1.5
3 -0.3 -1.5
3 -0.3 1.5
3 0.3 1.5
94
0 -3.99285 1.72772
0 -4.88051 -1.45425
1 -3.79949 -0.957969
3 0.3 -1.5
3 -0.3 -1.5
3 -0.3 1.5
3 0.3 1.5
98
0 -4.00026 1.7251
0 -4.86587 -1.46446
1 -3.78008 -0.96556
3 0.3 -1.5
3 -0.3 -1.5
3 -0.3 1.5
3 0.3 1.5
102
0 -3.99711 1.72685
0 -4.87022 -1.46136
1 -3.77989 -0.965514
3 0.3 -1.5
3 -0.3 -1.5
3 -0.3 1.5
3 0.3 1.5
106
0 -3.99868 1.72464
0 -4.88137 -1.45336
1 -3.78822 -0.961998
3 0.3 -1.5
3 -0.3 -1.5
3 -0.3 1.5
3 0.3 1.5
110
0 -3.98587 1.73327
0 -4.88277 -1.45279
1 -3.77335 -0.966819
3 0.3 -1.5
3 -0.3 -1.5
3 -0.3 1.5
3 0.3 1.5
114
0 -3.97433 1.73962
0 -4.8857 -1.45186
1 -3.77509 -0.964599
3 0.3 -1.5
3 -0.3 -1.5
3 -0.3 1.5
3 0.3 1.5
118
0 -3.98413 1.73288
0 -4.89693 -1.44374
1 -3.76779 -0.966158
3 0.3 -1.5
3 -0.3 -1.5
3 -0.3 1.5
3 0.3 1.5
122
0 -3.98558 1.73199
0 -4.91636 -1.42856
1 -3.75787 -0.970561
3 0.3 -1.5
3 -0.3 -1.5
3 -0.3 1.5
3 0.3 1.5
126
0 -3.97824 1.73599
0 -4.9167 -1.42858
1 -3.7689 -0.966641
3 0.3 -1.5
3 -0.3 -1.5
3 -0.3 1.5
3 0.3 1.5
130
0 -3.98032 1.73454
0 -4.92022 -1.42617
1 -3.76436 -0.967725
3 0.3 -1.5
3 -0.3 -1.5
3 -0.3 1.5
3 0.3 1.5
134
0 -3.98476 1.73072
0 -4.93104 -1.41819
1 -3.77152 -0.964871
3 0.3 -1.5
3 -0.3 -1.5
3 -0.3 1.5
3 0.3 1.5
138
0 -3.98571 1.73101
0 -4.92504 -1.42253
1 -3.76088 -0.968716
3 0.3 -1.5
3 -0.3 -1.5
3 -0.3 1.5
3 0.3 1.5
142
0 -3.97452 1.73882
0 -4.91931 -1.42727
1 -3.74879 -0.972591
3 0.3 -1.5
3 -0.3 -1.5
3 -0.3 1.5
3 0.3 1.5
146
0 -3.97848 1.7354
0 -4.92369 -1.42384
1 -3.76397 -0.967485
3 0.3 -1.5
3 -0.3 -1.5
3 -0.3 1.5
3 0.3 1.5
150
0 -3.98326 1.73293
0 -4.92321 -1.42354
1 -3.76122 -0.969315
3 0.3 -1.5
3 -0.3 -1.5
3 -0.3 1.5
3 0.3 1.5
154
0 -3.98043 1.73452
0 -4.92342 -1.42368
1 -3.76166 -0.968788
3 0.3 -1.5
3 -0.3 -1.5
3 -0.3 1.5
3 0.3 1.5
158
0 -3.9813 1.73503
0 -4.91708 -1.42895
1 -3.73808 -0.975927
3 0.3 -1.5
3 -0.3 -1.5
3 -0.3 1.5
3 0.3 1.5
162
0 -3.97848 1.73475
0 -4.93195 -1.41804
1 -3.7636 -0.966941
3 0.3 -1.5
3 -0.3 -1.5
3 -0.3 1.5
3 0.3 1.5
166
0 -3.97258 1.73905
0 -4.92377 -1.42454
1 -3.75625 -0.96908
3 0.3 -1.5
3 -0.3 -1.5
3 -0.3 1.5
3 0.3 1.5
170
0 -3.97482 1.73867
0 -4.91937 -1.42732
1 -3.74638 -0.973242
3 0.3 -1.5
3 -0.3 -1.5
3 -0.3 1.5
3 0.3 1.5
174
0 -3.97493 1.739
0 -4.91446 -1.43119
1 -3.73996 -0.975096
3 0.3 -1.5
3 -0.3 -1.5
3 -0.3 1.5
3 0.3 1.5
178
0 -3.97852 1.73779
0 -4.90707 -1.43627
1 -3.73087 -0.978823
3 0.3 -1.5
3 -0.3 -1.5
3 -0.3 1.5
3 0.3 1.5
182
0 -3.97354 1.73951
0 -4.9203 -1.42659
1 -3.74539 -0.973623
3 0.3 -1.5
3 -0.3 -1.5
3 -0.3 1.5
3 0.3 1.5
186
0 -3.98061 1.73651
0 -4.90658 -1.43673
1 -3.72799 -0.979469
3 0.3 -1.5
3 -0.3 -1.5
3 -0.3 1.5
3 0.3 1.5
190
0 -3.97669 1.73848
0 -4.91792 -1.42835
1 -3.72758 -0.979605
3 0.3 -1.5
3 -0.3 -1.5
3 -0.3 1.5
3 0.3 1.5
194
0 -3.97439 1.73979
0 -4.91293 -1.43233
1 -3.73228 -0.977659
3 0.3 -1.5
3 -0.3 -1.5
3 -0.3 1.5
3 0.3 1.5
198
0 -3.97637 1.73751
0 -4.92419 -1.42417
1 -3.73779 -0.975181
3 0.3 -1.5
3 -0.3 -1.5
3 -0.3 1.5
3 0.3 1.5
202
0 -3.97893 1.73827
0 -4.90372 -1.43914
1 -3.71329 -0.984106
3 0.3 -1.5
3 -0.3 -1.5
3 -0.3 1.5
3 0.3 1.5
206
0 -3.97895 1.73853
0 -4.91015 -1.43406
1 -3.70569 -0.987181
3 0.3 -1.5
3 -0.3 -1.5
3 -0.3 1.5
3 0.3 1.5
210
0 -3.98018 1.73685
0 -4.91305 -1.43197
1 -3.71957 -0.982218
3 0.3 -1.5
3 -0.3 -1.5
3 -0.3 1.5
3 0.3 1.5
214
0 -3.99052 1.7288
0 -4.92393 -1.42374
1 -3.73761 -0.975706
3 0.3 -1.5
3 -0.3 -1.5
3 -0.3 1.5
3 0.3 1.5
218
0 -3.99279 1.7292
0 -4.91127 -1.4326
1 -3.72069 -0.982506
3 0.3 -1.5
3 -0.3 -1.5
3 -0.3 1.5
3 0.3 1.5
222
0 -3.98439 1.73264
0 -4.91772 -1.42865
1 -3.74233 -0.973908
3 0.3 -1.5
3 -0.3 -1.5
3 -0.3 1.5
3 0.3 1.5
226
0 -3.99027 1.72958
0 -4.90453 -1.4381
1 -3.74586 -0.973209
3 0.3 -1.5
3 -0.3 -1.5
3 -0.3 1.5
3 0.3 1.5
230
0 -3.981 1.73541
0 -4.90002 -1.44164
1 -3.75146 -0.971437
3 0.3 -1.5
3 -0.3 -1.5
3 -0.3 1.5
3 0.3 1.5
234
0 -3.98786 1.7321
0 -4.88883 -1.44983
1 -3.74156 -0.974834
3 0.3 -1.5
3 -0.3 -1.5
3 -0.3 1.5
3 0.3 1.5
238
0 -3.99444 1.72771
0 -4.89769 -1.44271
1 -3.74279 -0.974991
3 0.3 -1.5
3 -0.3 -1.5
3 -0.3 1.5
3 0.3 1.5
242
0 -3.99826 1.72652
0 -4.89296 -1.44555
1 -3.73169 -0.97988
3 0.3 -1.5
3 -0.3 -1.5
3 -0.3 1.5
3 0.3 1.5
246
0 -3.994 1.72754
0 -4.89809 -1.44221
1 -3.75462 -0.971319
3 0.3 -1.5
3 -0.3 -1.5
3 -0.3 1.5
3 0.3 1.5
250
0 -3.99942 1.72635
0 -4.87978 -1.45557
1 -3.73002 -0.980136
3 0.3 -1.5
3 -0.3 -1.5
3 -0.3 1.5
3 0.3 1.5
254
0 -3.98539 1.73279
0 -4.90076 -1.44057
1 -3.75367 -0.971404
3 0.3 -1.5
3 -0.3 -1.5
3 -0.3 1.5
3 0.3 1.5
258
0 -3.98996 1.73074
0 -4.8843 -1.45281
1 -3.75186 -0.97196
3 0.3 -1.5
3 -0.3 -1.5
3 -0.3 1.5
3 0.3 1.5
262
0 -3.99437 1.72765
0 -4.89255 -1.44604
1 -3.75758 -0.970878
3 0.3 -1.5
3 -0.3 -1.5
3 -0.3 1.5
3 0.3 1.5
266
0 -4.00089 1.7242
0 -4.8886 -1.44862
1 -3.75095 -0.97352
3 0.3 -1.5
3 -0.3 -1.5
3 -0.3 1.5
3 0.3 1.5
270
0 -3.99749 1.72691
0 -4.8784 -1.45618
1 -3.75153 -0.973624
3 0.3 -1.5
3 -0.3 -1.5
3 -0.3 1.5
3 0.3 1.5
274
0 -3.99384 1.72816
0 -4.8823 -1.45368
1 -3.76438 -0.968652
3 0.3 -1.5
3 -0.3 -1.5
3 -0.3 1.5
3 0.3 1.5
278
0 -4.00086 1.72675
0 -4.84426 -1.48197
1 -3.73913 -0.977298
3 0.3 -1.5
3 -0.3 -1.5
3 -0.3 1.5
3 0.3 1.5
282
0 -4.00541 1.72092
0 -4.8852 -1.45111
1 -3.76196 -0.969649
3 0.3 -1.5
3 -0.3 -1.5
3 -0.3 1.5
3 0.3 1.5
286
0 -3.99994 1.72588
0 -4.87841 -1.45618
1 -3.74028 -0.977364
3 0.3 -1.5
3 -0.3 -1.5
3 -0.3 1.5
3 0.3 1.5
290
0 -3.99972 1.72646
0 -4.86899 -1.46316
1 -3.7413 -0.977145
3 0.3 -1.5
3 -0.3 -1.5
3 -0.3 1.5
3 0.3 1.5
294
0 -3.9997 1.72523
0 -4.87695 -1.45746
1 -3.75515 -0.971949
3 0.3 -1.5
3 -0.3 -1.5
3 -0.3 1.5
3 0.3 1.5
298
0 -4.00053 1.72479
0 -4.88723 -1.44952
1 -3.74713 -0.975093
3 0.3 -1.5
3 -0.3 -1.5
3 -0.3 1.5
3 0.3 1.5
302
0 -4.0006 1.72405
0 -4.89766 -1.44165
1 -3.75204 -0.973503
3 0.3 -1.5
3 -0.3 -1.5
3 -0.3 1.5
3 0.3 1.5
306
0 -4.00123 1.724
0 -4.89109 -1.44647
1 -3.75252 -0.973501
3 0.3 -1.5
3 -0.3 -1.5
3 -0.3 1.5
3 0.3 1.5
310
0 -4.00141 1.72398
0 -4.88945 -1.44766
1 -3.75265 -0.973508
3 0.3 -1.5
3 -0.3 -1.5
3 -0.3 1.5
3 0.3 1.5
314
0 -4.00166 1.72396
0 -4.88697 -1.44948
1 -3.75284 -0.973511
3 0.3 -1.5
3 -0.3 -1.5
3 -0.3 1.5
3 0.3 1.5
318
0 -5.10194 -4.50106
1 -4.0991 -3.87437
0 -4.00166 1.72395
0 -4.88707 -1.4494
1 -3.75284 -0.973516
3 0.3 -1.5
3 -0.3 -1.5
3 -0.3 1.5
3 0.3 1.5
322
0 -5.0847 -4.51425
1 -4.12936 -3.86581
0 -4.00165 1.72395
0 -4.88715 -1.44934
1 -3.75284 -0.973516
3 0.3 -1.5
3 -0.3 -1.5
3 -0.3 1.5
3 0.3 1.5
326
0 -5.36732 -4.47373
1 -4.35778 -3.90214
0 -4.00191 1.72393
0 -4.88455 -1.45124
1 -3.75304 -0.97352
3 0.3 -1.5
3 -0.3 -1.5
3 -0.3 1.5
3 0.3 1.5
330
0 -5.25167 -4.41371
1 -4.25386 -3.83379
0 -4.00172 1.72395
0 -4.88634 -1.44994
1 -3.75289 -0.973512
3 0.3 -1.5
3 -0.3 -1.5
3 -0.3 1.5
3 0.3 1.5
334
0 -5.23985 -4.37076
1 -4.22543 -3.80753
0 -4.00163 1.72396
0 -4.8872 -1.4493
1 -3.75282 -0.973511
3 0.3 -1.5
3 -0.3 -1.5
3 -0.3 1.5
3 0.3 1.5
338
0 -5.19556 -4.39029
1 -4.20051 -3.80612
0 -4.00163 1.72396
0 -4.88723 -1.44929
1 -3.75282 -0.973509
3 0.3 -1.5
3 -0.3 -1.5
3 -0.3 1.5
3 0.3 1.5
342
0 -5.87522 -5.28416
1 -4.83119 -4.64452
0 -5.57783 -3.93519
1 -4.10476 -3.72642
0 -4.00147 1.72399
0 -4.8885 -1.44837
1 -3.7527 -0.973494
3 0.3 -1.5
3 -0.3 -1.5
3 -0.3 1.5
3 0.3 1.5
346
3 0.3 1.5
3 -0.3 1.5
3 -0.3 -1.5
3 0.3 -1.5
1 -3.75281 -0.973502
0 -4.88716 -1.44935
0 -4.00162 1.72397
1 -4.19858 -3.77272
0 -5.68517 -3.9786
1 -4.78043 -4.49895
0 -5.87274 -5.05916
350
3 0.3 1.5
3 -0.3 1.5
3 -0.3 -1.5
3 0.3 -1.5
1 -3.75282 -0.973499
0 -4.88694 -1.44951
0 -4.00163 1.72397
1 -4.19507 -3.76835
0 -5.7845 -3.89253
1 -4.78918 -4.50697
0 -5.63524 -5.24756
354
3 0.3 1.5
3 -0.3 1.5
3 -0.3 -1.5
3 0.3 -1.5
1 -3.75281 -0.973498
0 -4.88706 -1.44942
0 -4.00162 1.72397
1 -4.18887 -3.7642
0 -5.78701 -3.88103
1 -4.80275 -4.51753
0 -5.6186 -5.28162
358
3 0.3 1.5
3 -0.3 1.5
3 -0.3 -1.5
3 0.3 -1.5
1 -3.75282 -0.973498
0 -4.88685 -1.44958
0 -4.00164 1.72397
1 -4.19241 -3.76504
0 -5.85407 -3.83839
1 -4.79298 -4.51479
0 -5.50832 -5.35823
362
0 -6.10011 -8.97288
1 -4.87458 -8.45752
3 0.3 1.5
3 -0.3 1.5
3 -0.3 -1.5
3 0.3 -1.5
1 -3.75281 -0.973497
0 -4.887 -1.44947
0 -4.00162 1.72397
1 -4.18463 -3.75967
0 -5.86016 -3.82162
1 -4.81212 -4.5288
0 -5.50671 -5.39102
366
0 -6.0713 -8.97775
1 -4.88064 -8.43549
3 0.3 1.5
3 -0.3 1.5
3 -0.3 -1.5
3 0.3 -1.5
1 -3.75281 -0.973497
0 -4.88699 -1.44947
0 -4.00162 1.72397
1 -4.18489 -3.75989
0 -5.85885 -3.8231
1 -4.81123 -4.52816
0 -5.506 -5.38978
370
0 -6.38092 -8.95964
1 -5.29151 -8.44771
3 0.3 1.5
3 -0.3 1.5
3 -0.3 -1.5
3 0.3 -1.5
1 -3.75281 -0.973497
0 -4.88702 -1.44945
0 -4.00162 1.72397
1 -4.1834 -3.75856
0 -5.8687 -3.81268
1 -4.81647 -4.53211
0 -5.50439 -5.40159
0 -6.05599 -6.26111
374
0 -6.54452 -8.70046
1 -5.19976 -8.39642
3 0.3 1.5
3 -0.3 1.5
3 -0.3 -1.5
3 0.3 -1.5
1 -3.75281 -0.973497
0 -4.887 -1.44947
0 -4.00162 1.72397
1 -4.18432 -3.75947
0 -5.85978 -3.82146
1 -4.81306 -4.52935
0 -5.51228 -5.38857
0 -6.0275 -6.3162
378
0 -6.58865 -8.6608
1 -5.18772 -8.39032
3 0.3 1.5
3 -0.3 1.5
3 -0.3 -1.5
3 0.3 -1.5
1 -3.75281 -0.973497
0 -4.887 -1.44947
0 -4.00162 1.72397
1 -4.18432 -3.75947
0 -5.85881 -3.82238
1 -4.81275 -4.52909
0 -5.51343 -5.38705
0 -6.02894 -6.31894
382
0 -6.53278 -8.68107
1 -5.19666 -8.37151
3 0.3 1.5
3 -0.3 1.5
3 -0.3 -1.5
3 0.3 -1.5
1 -3.75281 -0.973497
0 -4.887 -1.44947
0 -4.00162 1.72397
1 -4.18432 -3.75947
0 -5.85783 -3.82342
1 -4.81223 -4.52869
0 -5.51357 -5.38589
0 -6.05155 -6.31057
386
0 -6.54229 -8.67475
1 -5.19353 -8.37322
3 0.3 1.5
3 -0.3 1.5
3 -0.3 -1.5
3 0.3 -1.5
1 -3.75281 -0.973497
0 -4.887 -1.44947
0 -4.00162 1.72397
1 -4.18432 -3.75947
0 -5.85782 -3.82342
1 -4.81224 -4.5287
0 -5.51364 -5.38585
0 -6.05025 -6.31132
390
0 -7.54269 -11.2448
0 -6.52815 -8.68176
1 -5.19368 -8.37049
3 0.3 1.5
3 -0.3 1.5
3 -0.3 -1.5
3 0.3 -1.5
1 -3.75281 -0.973497
0 -4.887 -1.44947
0 -4.00162 1.72397
1 -4.18432 -3.75947
0 -5.85769 -3.82356
1 -4.81216 -4.52864
0 -5.51362 -5.38571
0 -6.05366 -6.30999
394
0 -7.92735 -10.7673
0 -6.54334 -8.6736
1 -5.17988 -8.37593
3 0.3 1.5
3 -0.3 1.5
3 -0.3 -1.5
3 0.3 -1.5
1 -3.75281 -0.973497
0 -4.887 -1.44947
0 -4.00162 1.72397
1 -4.18432 -3.75947
0 -5.85829 -3.82295
1 -4.81244 -4.52886
0 -5.51336 -5.38648
0 -6.05197 -6.30793
398
0 -6.94784 -12.8875
0 -7.94712 -10.782
0 -6.53843 -8.67516
1 -5.17964 -8.37443
3 0.3 1.5
3 -0.3 1.5
3 -0.3 -1.5
3 0.3 -1.5
1 -3.75281 -0.973497
0 -4.887 -1.44947
0 -4.00162 1.72397
1 -4.18432 -3.75947
0 -5.85818 -3.82306
1 -4.81239 -4.52882
0 -5.51342 -5.38633
0 -6.05338 -6.30764
402
0 -6.96772 -12.8326
0 -7.91331 -10.8048
0 -6.53961 -8.6745
1 -5.1796 -8.37462
3 0.3 1.5
3 -0.3 1.5
3 -0.3 -1.5
3 0.3 -1.5
1 -3.75281 -0.973497
0 -4.887 -1.44947
0 -4.00162 1.72397
1 -4.18432 -3.75947
0 -5.85818 -3.82306
1 -4.8124 -4.52882
0 -5.51342 -5.38634
0 -6.0531 -6.30776
406
0 -6.96997 -12.8305
0 -7.91309 -10.8049
0 -6.53961 -8.6745
1 -5.1796 -8.37462
3 0.3 1.5
3 -0.3 1.5
3 -0.3 -1.5
3 0.3 -1.5
1 -3.75281 -0.973497
0 -4.887 -1.44947
0 -4.00162 1.72397
1 -4.18432 -3.75947
0 -5.85818 -3.82306
1 -4.8124 -4.52882
0 -5.51342 -5.38634
0 -6.0531 -6.30776
410
0 -7.46088 -15.9699
1 -6.34177 -15.4175
0 -6.9537 -12.8421
0 -7.91487 -10.8038
0 -6.53956 -8.67452
1 -5.1796 -8.37461
3 0.3 1.5
3 -0.3 1.5
3 -0.3 -1.5
3 0.3 -1.5
1 -3.75281 -0.973497
0 -4.887 -1.44947
0 -4.00162 1.72397
1 -4.18432 -3.75947
0 -5.85818 -3.82306
1 -4.8124 -4.52882
0 -5.51342 -5.38634
0 -6.05311 -6.30776
414
0 -7.55892 -15.8061
1 -6.52127 -15.2816
0 -6.96176 -12.8369
0 -7.91395 -10.8044
0 -6.53959 -8.67451
1 -5.1796 -8.37462
3 0.3 1.5
3 -0.3 1.5
3 -0.3 -1.5
3 0.3 -1.5
1 -3.75281 -0.973497
0 -4.887 -1.44947
0 -4.00162 1.72397
1 -4.18432 -3.75947
0 -5.85818 -3.82306
1 -4.8124 -4.52882
0 -5.51342 -5.38634
0 -6.0531 -6.30776
418
0 -7.49422 -15.8599
1 -6.55089 -15.2809
0 -6.96104 -12.8373
0 -7.91404 -10.8043
0 -6.53959 -8.67451
1 -5.1796 -8.37462
3 0.3 1.5
3 -0.3 1.5
3 -0.3 -1.5
3 0.3 -1.5
1 -3.75281 -0.973497
0 -4.887 -1.44947
0 -4.00162 1.72397
1 -4.18432 -3.75947
0 -5.85818 -3.82306
1 -4.8124 -4.52882
0 -5.51342 -5.38634
0 -6.0531 -6.30776
422
0 -7.5076 -15.851
1 -6.55064 -15.2811
0 -6.96061 -12.8377
0 -7.91408 -10.8043
0 -6.53959 -8.67451
1 -5.1796 -8.37462
3 0.3 1.5
3 -0.3 1.5
3 -0.3 -1.5
3 0.3 -1.5
1 -3.75281 -0.973497
0 -4.887 -1.44947
0 -4.00162 1.72397
1 -4.18432 -3.75947
0 -5.85818 -3.82306
1 -4.8124 -4.52882
0 -5.51342 -5.38634
0 -6.0531 -6.30776
426
0 -7.51583 -15.8452
1 -6.55052 -15.2812
0 -6.96039 -12.8378
0 -7.91411 -10.8043
0 -6.53959 -8.67451
1 -5.1796 -8.37462
3 0.3 1.5
3 -0.3 1.5
3 -0.3 -1.5
3 0.3 -1.5
1 -3.75281 -0.973497
0 -4.887 -1.44947
0 -4.00162 1.72397
1 -4.18432 -3.75947
0 -5.85818 -3.82306
1 -4.8124 -4.52882
0 -5.51342 -5.38634
0 -6.0531 -6.30776
430
0 -7.69561 -19.0635
1 -6.4622 -18.5115
0 -7.49811 -15.8571
1 -6.55085 -15.281
0 -6.96095 -12.8374
0 -7.91405 -10.8043
0 -6.53959 -8.67451
1 -5.1796 -8.37462
3 0.3 1.5
3 -0.3 1.5
3 -0.3 -1.5
3 0.3 -1.5
1 -3.75281 -0.973497
0 -4.887 -1.44947
0 -4.00162 1.72397
1 -4.18432 -3.75947
0 -5.85818 -3.82306
1 -4.8124 -4.52882
0 -5.51342 -5.38634
0 -6.0531 -6.30776
434
0 -7.79119 -19.0571
1 -6.55661 -18.5325
0 -7.48951 -15.863
1 -6.55099 -15.2809
0 -6.96121 -12.8372
0 -7.91402 -10.8043
0 -6.53959 -8.67451
1 -5.1796 -8.37462
3 0.3 1.5
3 -0.3 1.5
3 -0.3 -1.5
3 0.3 -1.5
1 -3.75281 -0.973497
0 -4.887 -1.44947
0 -4.00162 1.72397
1 -4.18432 -3.75947
0 -5.85818 -3.82306
1 -4.8124 -4.52882
0 -5.51342 -5.38634
0 -6.0531 -6.30776
438
0 -7.98402 -18.9849
1 -6.9377 -18.4288
0 -7.47808 -15.8709
1 -6.55117 -15.2808
0 -6.96152 -12.837
0 -7.91399 -10.8043
0 -6.53959 -8.67451
1 -5.1796 -8.37462
3 0.3 1.5
3 -0.3 1.5
3 -0.3 -1.5
3 0.3 -1.5
1 -3.75281 -0.973497
0 -4.887 -1.44947
0 -4.00162 1.72397
1 -4.18432 -3.75947
0 -5.85818 -3.82306
1 -4.8124 -4.52882
0 -5.51342 -5.38634
0 -6.0531 -6.30776
442
0 -7.94872 -19.0039
1 -6.93071 -18.4294
0 -7.47778 -15.8712
1 -6.55117 -15.2808
0 -6.96153 -12.837
0 -7.91399 -10.8043
0 -6.53959 -8.67451
1 -5.1796 -8.37462
3 0.3 1.5
3 -0.3 1.5
3 -0.3 -1.5
3 0.3 -1.5
1 -3.75281 -0.973497
0 -4.887 -1.44947
0 -4.00162 1.72397
1 -4.18432 -3.75947
0 -5.85818 -3.82306
1 -4.8124 -4.52882
0 -5.51342 -5.38634
0 -6.0531 -6.30776
446
0 -7.91425 -19.028
1 -6.92964 -18.4292
0 -7.4785 -15.8706
1 -6.55116 -15.2808
0 -6.96151 -12.837
0 -7.91399 -10.8043
0 -6.53959 -8.67451
1 -5.1796 -8.37462
3 0.3 1.5
3 -0.3 1.5
3 -0.3 -1.5
3 0.3 -1.5
1 -3.75281 -0.973497
0 -4.887 -1.44947
0 -4.00162 1.72397
1 -4.18432 -3.75947
0 -5.85818 -3.82306
1 -4.8124 -4.52882
0 -5.51342 -5.38634
0 -6.0531 -6.30776
450
0 -7.90136 -19.0369
1 -6.92918 -18.4291
0 -7.47879 -15.8704
1 -6.55115 -15.2808
0 -6.9615 -12.837
0 -7.91399 -10.8043
0 -6.53959 -8.67451
1 -5.1796 -8.37462
3 0.3 1.5
3 -0.3 1.5
3 -0.3 -1.5
3 0.3 -1.5
1 -3.75281 -0.973497
0 -4.887 -1.44947
0 -4.00162 1.72397
1 -4.18432 -3.75947
0 -5.85818 -3.82306
1 -4.8124 -4.52882
0 -5.51342 -5.38634
0 -6.0531 -6.30776
454
0 -8.36659 -22.2624
1 -7.0513 -21.7451
0 -7.90244 -19.0359
1 -6.92913 -18.4291
0 -7.47878 -15.8705
1 -6.55115 -15.2808
0 -6.9615 -12.837
0 -7.91399 -10.8043
0 -6.53959 -8.67451
1 -5.1796 -8.37462
3 0.3 1.5
3 -0.3 1.5
3 -0.3 -1.5
3 0.3 -1.5
1 -3.75281 -0.973497
0 -4.887 -1.44947
0 -4.00162 1.72397
1 -4.18432 -3.75947
0 -5.85818 -3.82306
1 -4.8124 -4.52882
0 -5.51342 -5.38634
0 -6.0531 -6.30776
458
0 -8.61955 -22.1661
1 -7.38047 -21.6638
0 -7.88986 -19.0448
1 -6.92877 -18.429
0 -7.47904 -15.8703
1 -6.55115 -15.2808
0 -6.9615 -12.837
0 -7.91399 -10.8043
0 -6.53959 -8.67451
1 -5.1796 -8.37462
3 0.3 1.5
3 -0.3 1.5
3 -0.3 -1.5
3 0.3 -1.5
1 -3.75281 -0.973497
0 -4.887 -1.44947
0 -4.00162 1.72397
1 -4.18432 -3.75947
0 -5.85818 -3.82306
1 -4.8124 -4.52882
0 -5.51342 -5.38634
0 -6.0531 -6.30776
462
0 -8.52133 -22.1914
1 -7.34754 -21.6542
0 -7.89436 -19.0417
1 -6.92895 -18.4291
0 -7.47894 -15.8703
1 -6.55115 -15.2808
0 -6.9615 -12.837
0 -7.91399 -10.8043
0 -6.53959 -8.67451
1 -5.1796 -8.37462
3 0.3 1.5
3 -0.3 1.5
3 -0.3 -1.5
3 0.3 -1.5
1 -3.75281 -0.973497
0 -4.887 -1.44947
0 -4.00162 1.72397
1 -4.18432 -3.75947
0 -5.85818 -3.82306
1 -4.8124 -4.52882
0 -5.51342 -5.38634
0 -6.0531 -6.30776
466
0 -8.58645 -22.1186
1 -7.44036 -21.6072
0 -7.89454 -19.0417
1 -6.92901 -18.429
0 -7.47892 -15.8704
1 -6.55115 -15.2808
0 -6.9615 -12.837
0 -7.91399 -10.8043
0 -6.53959 -8.67451
1 -5.1796 -8.37462
3 0.3 1.5
3 -0.3 1.5
3 -0.3 -1.5
3 0.3 -1.5
1 -3.75281 -0.973497
0 -4.887 -1.44947
0 -4.00162 1.72397
1 -4.18432 -3.75947
0 -5.85818 -3.82306
1 -4.8124 -4.52882
0 -5.51342 -5.38634
0 -6.0531 -6.30776
470
0 -8.54107 -22.1525
1 -7.44143 -21.607
0 -7.89508 -19.0413
1 -6.92902 -18.429
0 -7.47891 -15.8704
1 -6.55115 -15.2808
0 -6.9615 -12.837
0 -7.91399 -10.8043
0 -6.53959 -8.67451
1 -5.1796 -8.37462
3 0.3 1.5
3 -0.3 1.5
3 -0.3 -1.5
3 0.3 -1.5
1 -3.75281 -0.973497
0 -4.887 -1.44947
0 -4.00162 1.72397
1 -4.18432 -3.75947
0 -5.85818 -3.82306
1 -4.8124 -4.52882
0 -5.51342 -5.38634
0 -6.0531 -6.30776
474
0 -8.56228 -22.1369
1 -7.44085 -21.6071
0 -7.89481 -19.0415
1 -6.92901 -18.429
0 -7.47892 -15.8704
1 -6.55115 -15.2808
0 -6.9615 -12.837
0 -7.91399 -10.8043
0 -6.53959 -8.67451
1 -5.1796 -8.37462
3 0.3 1.5
3 -0.3 1.5
3 -0.3 -1.5
3 0.3 -1.5
1 -3.75281 -0.973497
0 -4.887 -1.44947
0 -4.00162 1.72397
1 -4.18432 -3.75947
0 -5.85818 -3.82306
1 -4.8124 -4.52882
0 -5.51342 -5.38634
0 -6.0531 -6.30776
478
0 -8.80569 -25.352
1 -7.7024 -24.7726
0 -8.55082 -22.1453
1 -7.44117 -21.607
0 -7.89496 -19.0414
1 -6.92902 -18.429
0 -7.47892 -15.8704
1 -6.55115 -15.2808
0 -6.9615 -12.837
0 -7.91399 -10.8043
0 -6.53959 -8.67451
1 -5.1796 -8.37462
3 0.3 1.5
3 -0.3 1.5
3 -0.3 -1.5
3 0.3 -1.5
1 -3.75281 -0.973497
0 -4.887 -1.44947
0 -4.00162 1.72397
1 -4.18432 -3.75947
0 -5.85818 -3.82306
1 -4.8124 -4.52882
0 -5.51342 -5.38634
0 -6.0531 -6.30776
482
0 -8.98906 -25.2723
1 -8.11109 -24.6528
0 -8.54132 -22.1524
1 -7.44138 -21.607
0 -7.89507 -19.0413
1 -6.92902 -18.429
0 -7.47891 -15.8704
1 -6.55115 -15.2808
0 -6.9615 -12.837
0 -7.91399 -10.8043
0 -6.53959 -8.67451
1 -5.1796 -8.37462
3 0.3 1.5
3 -0.3 1.5
3 -0.3 -1.5
3 0.3 -1.5
1 -3.75281 -0.973497
0 -4.887 -1.44947
0 -4.00162 1.72397
1 -4.18432 -3.75947
0 -5.85818 -3.82306
1 -4.8124 -4.52882
0 -5.51342 -5.38634
0 -6.0531 -6.30776
486
0 -8.92927 -25.3083
1 -8.12022 -24.6482
0 -8.54243 -22.1516
1 -7.44135 -21.607
0 -7.89506 -19.0413
1 -6.92902 -18.429
0 -7.47891 -15.8704
1 -6.55115 -15.2808
0 -6.9615 -12.837
0 -7.91399 -10.8043
0 -6.53959 -8.67451
1 -5.1796 -8.37462
3 0.3 1.5
3 -0.3 1.5
3 -0.3 -1.5
3 0.3 -1.5
1 -3.75281 -0.973497
0 -4.887 -1.44947
0 -4.00162 1.72397
1 -4.18432 -3.75947
0 -5.85818 -3.82306
1 -4.8124 -4.52882
0 -5.51342 -5.38634
0 -6.0531 -6.30776
490
0 -8.89382 -25.3322
1 -8.11951 -24.6481
0 -8.54292 -22.1512
1 -7.44134 -21.607
0 -7.89505 -19.0413
1 -6.92902 -18.429
0 -7.47891 -15.8704
1 -6.55115 -15.2808
0 -6.9615 -12.837
0 -7.91399 -10.8043
0 -6.53959 -8.67451
1 -5.1796 -8.37462
3 0.3 1.5
3 -0.3 1.5
3 -0.3 -1.5
3 0.3 -1.5
1 -3.75281 -0.973497
0 -4.887 -1.44947
0 -4.00162 1.72397
1 -4.18432 -3.75947
0 -5.85818 -3.82306
1 -4.8124 -4.52882
0 -5.51342 -5.38634
0 -6.0531 -6.30776
494
0 -8.87277 -25.3458
1 -8.11884 -24.6482
0 -8.54326 -22.151
1 -7.44134 -21.607
0 -7.89505 -19.0413
1 -6.92902 -18.429
0 -7.47891 -15.8704
1 -6.55115 -15.2808
0 -6.9615 -12.837
0 -7.91399 -10.8043
0 -6.53959 -8.67451
1 -5.1796 -8.37462
3 0.3 1.5
3 -0.3 1.5
3 -0.3 -1.5
3 0.3 -1.5
1 -3.75281 -0.973497
0 -4.887 -1.44947
0 -4.00162 1.72397
1 -4.18432 -3.75947
0 -5.85818 -3.82306
1 -4.8124 -4.52882
0 -5.51342 -5.38634
0 -6.0531 -6.30776
498
0 -8.87192 -25.3481
1 -8.11948 -24.6483
0 -8.54344 -22.1508
1 -7.44133 -21.607
0 -7.89505 -19.0413
1 -6.92902 -18.429
0 -7.47891 -15.8704
1 -6.55115 -15.2808
0 -6.9615 -12.837
0 -7.91399 -10.8043
0 -6.53959 -8.67451
1 -5.1796 -8.37462
3 0.3 1.5
3 -0.3 1.5
3 -0.3 -1.5
3 0.3 -1.5
1 -3.75281 -0.973497
0 -4.887 -1.44947
0 -4.00162 1.72397
1 -4.18432 -3.75947
0 -5.85818 -3.82306
1 -4.8124 -4.52882
0 -5.51342 -5.38634
0 -6.0531 -6.30776
502
0 -9.4228 -28.5171
1 -8.36487 -27.9789
0 -8.87896 -25.3436
1 -8.11969 -24.6482
0 -8.54333 -22.1509
1 -7.44133 -21.607
0 -7.89505 -19.0413
1 -6.92902 -18.429
0 -7.47891 -15.8704
1 -6.55115 -15.2808
0 -6.9615 -12.837
0 -7.91399 -10.8043
0 -6.53959 -8.67451
1 -5.1796 -8.37462
3 0.3 1.5
3 -0.3 1.5
3 -0.3 -1.5
3 0.3 -1.5
1 -3.75281 -0.973497
0 -4.887 -1.44947
0 -4.00162 1.72397
1 -4.18432 -3.75947
0 -5.85818 -3.82306
1 -4.8124 -4.52882
0 -5.51342 -5.38634
0 -6.0531 -6.30776
506
0 -6.0531 -6.30776
0 -5.51342 -5.38634
1 -4.8124 -4.52882
0 -5.85818 -3.82306
1 -4.18432 -3.75947
0 -4.00162 1.72397
0 -4.887 -1.44947
1 -3.75281 -0.973497
3 0.3 -1.5
3 -0.3 -1.5
3 -0.3 1.5
3 0.3 1.5
1 -5.1796 -8.37462
0 -6.53959 -8.67451
0 -7.91399 -10.8043
0 -6.9615 -12.837
1 -6.55115 -15.2808
0 -7.47891 -15.8704
1 -6.92902 -18.429
0 -7.89505 -19.0413
1 -7.44133 -21.607
0 -8.54335 -22.1509
1 -8.11972 -24.6482
0 -8.87659 -25.3454
1 -8.55675 -27.913
0 -9.62142 -28.3606
510
0 -6.0531 -6.30776
0 -5.51342 -5.38634
1 -4.8124 -4.52882
0 -5.85818 -3.82306
1 -4.18432 -3.75947
0 -4.00162 1.72397
0 -4.887 -1.44947
1 -3.75281 -0.973497
3 0.3 -1.5
3 -0.3 -1.5
3 -0.3 1.5
3 0.3 1.5
1 -5.1796 -8.37462
0 -6.53959 -8.67451
0 -7.91399 -10.8043
0 -6.9615 -12.837
1 -6.55115 -15.2808
0 -7.47891 -15.8704
1 -6.92902 -18.429
0 -7.89505 -19.0413
1 -7.44133 -21.607
0 -8.54336 -22.1509
1 -8.1197 -24.6482
0 -8.87615 -25.3456
1 -8.55173 -27.9109
0 -9.62575 -28.3523
514
0 -6.0531 -6.30776
0 -5.51342 -5.38634
1 -4.8124 -4.52882
0 -5.85818 -3.82306
1 -4.18432 -3.75947
0 -4.00162 1.72397
0 -4.887 -1.44947
1 -3.75281 -0.973497
3 0.3 -1.5
3 -0.3 -1.5
3 -0.3 1.5
3 0.3 1.5
1 -5.1796 -8.37462
0 -6.53959 -8.67451
0 -7.91399 -10.8043
0 -6.9615 -12.837
1 -6.55115 -15.2808
0 -7.47891 -15.8704
1 -6.92902 -18.429
0 -7.89505 -19.0413
1 -7.44133 -21.607
0 -8.54336 -22.1509
1 -8.1197 -24.6482
0 -8.87615 -25.3456
1 -8.55173 -27.9109
0 -9.62575 -28.3523
518
0 -6.0531 -6.30776
0 -5.51342 -5.38634
1 -4.8124 -4.52882
0 -5.85818 -3.82306
1 -4.18432 -3.75947
0 -4.00162 1.72397
0 -4.887 -1.44947
1 -3.75281 -0.973497
3 0.3 -1.5
3 -0.3 -1.5
3 -0.3 1.5
3 0.3 1.5
1 -5.1796 -8.37462
0 -6.53959 -8.67451
0 -7.91399 -10.8043
0 -6.9615 -12.837
1 -6.55115 -15.2808
0 -7.47891 -15.8704
1 -6.92902 -18.429
0 -7.89505 -19.0413
1 -7.44133 -21.607
0 -8.54336 -22.1509
1 -8.1197 -24.6482
0 -8.87615 -25.3456
1 -8.55173 -27.9109
0 -9.62575 -28.3523
522
0 -6.0531 -6.30776
0 -5.51342 -5.38634
1 -4.8124 -4.52882
0 -5.85818 -3.82306
1 -4.18432 -3.75947
0 -4.00162 1.72397
0 -4.887 -1.44947
1 -3.75281 -0.973497
3 0.3 -1.5
3 -0.3 -1.5
3 -0.3 1.5
3 0.3 1.5
1 -5.1796 -8.37462
0 -6.53959 -8.67451
0 -7.91399 -10.8043
0 -6.9615 -12.837
1 -6.55115 -15.2808
0 -7.47891 -15.8704
1 -6.92902 -18.429
0 -7.89505 -19.0413
1 -7.44133 -21.607
0 -8.54336 -22.1509
1 -8.1197 -24.6482
0 -8.87615 -25.3456
1 -8.55173 -27.9109
0 -9.62575 -28.3523
526
0 -10.2047 -35.8569
0 -6.0531 -6.30776
0 -5.51342 -5.38634
1 -4.8124 -4.52882
0 -5.85818 -3.82306
1 -4.18432 -3.75947
0 -4.00162 1.72397
0 -4.887 -1.44947
1 -3.75281 -0.973497
3 0.3 -1.5
3 -0.3 -1.5
3 -0.3 1.5
3 0.3 1.5
1 -5.1796 -8.37462
0 -6.53959 -8.67451
0 -7.91399 -10.8043
0 -6.9615 -12.837
1 -6.55115 -15.2808
0 -7.47891 -15.8704
1 -6.92902 -18.429
0 -7.89505 -19.0413
1 -7.44133 -21.607
0 -8.54336 -22.1509
1 -8.1197 -24.6482
0 -8.87615 -25.3456
1 -8.55173 -27.9109
0 -9.62575 -28.3523
530
0 -10.1703 -35.8934
0 -6.0531 -6.30776
0 -5.51342 -5.38634
1 -4.8124 -4.52882
0 -5.85818 -3.82306
1 -4.18432 -3.75947
0 -4.00162 1.72397
0 -4.887 -1.44947
1 -3.75281 -0.973497
3 0.3 -1.5
3 -0.3 -1.5
3 -0.3 1.5
3 0.3 1.5
1 -5.1796 -8.37462
0 -6.53959 -8.67451
0 -7.91399 -10.8043
0 -6.9615 -12.837
1 -6.55115 -15.2808
0 -7.47891 -15.8704
1 -6.92902 -18.429
0 -7.89505 -19.0413
1 -7.44133 -21.607
0 -8.54336 -22.1509
1 -8.1197 -24.6482
0 -8.87615 -25.3456
1 -8.55173 -27.9109
0 -9.62575 -28.3523
534
0 -10.1928 -35.8772
0 -6.0531 -6.30776
0 -5.51342 -5.38634
1 -4.8124 -4.52882
0 -5.85818 -3.82306
1 -4.18432 -3.75947
0 -4.00162 1.72397
0 -4.887 -1.44947
1 -3.75281 -0.973497
3 0.3 -1.5
3 -0.3 -1.5
3 -0.3 1.5
3 0.3 1.5
1 -5.1796 -8.37462
0 -6.53959 -8.67451
0 -7.91399 -10.8043
0 -6.9615 -12.837
1 -6.55115 -15.2808
0 -7.47891 -15.8704
1 -6.92902 -18.429
0 -7.89505 -19.0413
1 -7.44133 -21.607
0 -8.54336 -22.1509
1 -8.1197 -24.6482
0 -8.87615 -25.3456
1 -8.55173 -27.9109
0 -9.62575 -28.3523
538
0 -10.1928 -35.8772
0 -6.0531 -6.30776
0 -5.51342 -5.38634
1 -4.8124 -4.52882
0 -5.85818 -3.82306
1 -4.18432 -3.75947
0 -4.00162 1.72397
0 -4.887 -1.44947
1 -3.75281 -0.973497
3 0.3 -1.5
3 -0.3 -1.5
3 -0.3 1.5
3 0.3 1.5
1 -5.1796 -8.37462
0 -6.53959 -8.67451
0 -7.91399 -10.8043
0 -6.9615 -12.837
1 -6.55115 -15.2808
0 -7.47891 -15.8704
1 -6.92902 -18.429
0 -7.89505 -19.0413
1 -7.44133 -21.607
0 -8.54336 -22.1509
1 -8.1197 -24.6482
0 -8.87615 -25.3456
1 -8.55173 -27.9109
0 -9.62575 -28.3523
542
0 -9.9037 -38.8638
0 -10.1928 -35.8772
0 -6.0531 -6.30776
0 -5.51342 -5.38634
1 -4.8124 -4.52882
0 -5.85818 -3.82306
1 -4.18432 -3.75947
0 -4.00162 1.72397
0 -4.887 -1.44947
1 -3.75281 -0.973497
3 0.3 -1.5
3 -0.3 -1.5
3 -0.3 1.5
3 0.3 1.5
1 -5.1796 -8.37462
0 -6.53959 -8.67451
0 -7.91399 -10.8043
0 -6.9615 -12.837
1 -6.55115 -15.2808
0 -7.47891 -15.8704
1 -6.92902 -18.429
0 -7.89505 -19.0413
1 -7.44133 -21.607
0 -8.54336 -22.1509
1 -8.1197 -24.6482
0 -8.87615 -25.3456
1 -8.55173 -27.9109
0 -9.62575 -28.3523
546
0 -10.5428 -41.9452
0 -9.93023 -38.8475
0 -10.1928 -35.8772
0 -6.0531 -6.30776
0 -5.51342 -5.38634
1 -4.8124 -4.52882
0 -5.85818 -3.82306
1 -4.18432 -3.75947
0 -4.00162 1.72397
0 -4.887 -1.44947
1 -3.75281 -0.973497
3 0.3 -1.5
3 -0.3 -1.5
3 -0.3 1.5
3 0.3 1.5
1 -5.1796 -8.37462
0 -6.53959 -8.67451
0 -7.91399 -10.8043
0 -6.9615 -12.837
1 -6.55115 -15.2808
0 -7.47891 -15.8704
1 -6.92902 -18.429
0 -7.89505 -19.0413
1 -7.44133 -21.607
0 -8.54336 -22.1509
1 -8.1197 -24.6482
0 -8.87615 -25.3456
1 -8.55173 -27.9109
0 -9.62575 -28.3523
550
0 -10.8295 -41.6787
0 -9.93241 -38.8477
0 -10.1928 -35.8772
0 -6.0531 -6.30776
0 -5.51342 -5.38634
1 -4.8124 -4.52882
0 -5.85818 -3.82306
1 -4.18432 -3.75947
0 -4.00162 1.72397
0 -4.887 -1.44947
1 -3.75281 -0.973497
3 0.3 -1.5
3 -0.3 -1.5
3 -0.3 1.5
3 0.3 1.5
1 -5.1796 -8.37462
0 -6.53959 -8.67451
0 -7.91399 -10.8043
0 -6.9615 -12.837
1 -6.55115 -15.2808
0 -7.47891 -15.8704
1 -6.92902 -18.429
0 -7.89505 -19.0413
1 -7.44133 -21.607
0 -8.54336 -22.1509
1 -8.1197 -24.6482
0 -8.87615 -25.3456
1 -8.55173 -27.9109
0 -9.62575 -28.3523
554
0 -10.8258 -41.6787
0 -9.93074 -38.8485
0 -10.1928 -35.8772
0 -6.0531 -6.30776
0 -5.51342 -5.38634
1 -4.8124 -4.52882
0 -5.85818 -3.82306
1 -4.18432 -3.75947
0 -4.00162 1.72397
0 -4.887 -1.44947
1 -3.75281 -0.973497
3 0.3 -1.5
3 -0.3 -1.5
3 -0.3 1.5
3 0.3 1.5
1 -5.1796 -8.37462
0 -6.53959 -8.67451
0 -7.91399 -10.8043
0 -6.9615 -12.837
1 -6.55115 -15.2808
0 -7.47891 -15.8704
1 -6.92902 -18.429
0 -7.89505 -19.0413
1 -7.44133 -21.607
0 -8.54336 -22.1509
1 -8.1197 -24.6482
0 -8.87615 -25.3456
1 -8.55173 -27.9109
0 -9.62575 -28.3523
558
0 -10.8258 -41.6787
0 -9.93074 -38.8485
0 -10.1928 -35.8772
0 -6.0531 -6.30776
0 -5.51342 -5.38634
1 -4.8124 -4.52882
0 -5.85818 -3.82306
1 -4.18432 -3.75947
0 -4.00162 1.72397
0 -4.887 -1.44947
1 -3.75281 -0.973497
3 0.3 -1.5
3 -0.3 -1.5
3 -0.3 1.5
3 0.3 1.5
1 -5.1796 -8.37462
0 -6.53959 -8.67451
0 -7.91399 -10.8043
0 -6.9615 -12.837
1 -6.55115 -15.2808
0 -7.47891 -15.8704
1 -6.92902 -18.429
0 -7.89505 -19.0413
1 -7.44133 -21.607
0 -8.54336 -22.1509
1 -8.1197 -24.6482
0 -8.87615 -25.3456
1 -8.55173 -27.9109
0 -9.62575 -28.3523
562
0 -11.4432 -47.1151
0 -10.8258 -41.6787
0 -9.93074 -38.8485
0 -10.1928 -35.8772
0 -6.0531 -6.30776
0 -5.51342 -5.38634
1 -4.8124 -4.52882
0 -5.85818 -3.82306
1 -4.18432 -3.75947
0 -4.00162 1.72397
0 -4.887 -1.44947
1 -3.75281 -0.973497
3 0.3 -1.5
3 -0.3 -1.5
3 -0.3 1.5
3 0.3 1.5
1 -5.1796 -8.37462
0 -6.53959 -8.67451
0 -7.91399 -10.8043
0 -6.9615 -12.837
1 -6.55115 -15.2808
0 -7.47891 -15.8704
1 -6.92902 -18.429
0 -7.89505 -19.0413
1 -7.44133 -21.607
0 -8.54336 -22.1509
1 -8.1197 -24.6482
0 -8.87615 -25.3456
1 -8.55173 -27.9109
0 -9.62575 -28.3523
566
0 -11.461 -47.1008
0 -10.8258 -41.6787
0 -9.93074 -38.8485
0 -10.1928 -35.8772
0 -6.0531 -6.30776
0 -5.51342 -5.38634
1 -4.8124 -4.52882
0 -5.85818 -3.82306
1 -4.18432 -3.75947
0 -4.00162 1.72397
0 -4.887 -1.44947
1 -3.75281 -0.973497
3 0.3 -1.5
3 -0.3 -1.5
3 -0.3 1.5
3 0.3 1.5
1 -5.1796 -8.37462
0 -6.53959 -8.67451
0 -7.91399 -10.8043
0 -6.9615 -12.837
1 -6.55115 -15.2808
0 -7.47891 -15.8704
1 -6.92902 -18.429
0 -7.89505 -19.0413
1 -7.44133 -21.607
0 -8.54336 -22.1509
1 -8.1197 -24.6482
0 -8.87615 -25.3456
1 -8.55173 -27.9109
0 -9.62575 -28.3523
