2
3 0.3 -1.5
3 -0.3 -1.5
3 -0.3 1.5
3 0.3 1.5
6
3 0.3 -1.5
3 -0.3 -1.5
3 -0.3 1.5
3 0.3 1.5
10
3 0.3 -1.5
3 -0.3 -1.5
3 -0.3 1.5
3 0.3 1.5
14
3 0.3 -1.5
3 -0.3 -1.5
3 -0.3 1.5
3 0.3 1.5
18
3 0.3 -1.5
3 -0.3 -1.5
3 -0.3 1.5
3 0.3 1.5
22
0 -3.99037 1.74367
3 0.3 -1.5
3 -0.3 -1.5
3 -0.3 1.5
3 0.3 1.5
26
0 -3.98958 1.74472
0 -5.05241 -1.35338
1 -3.87913 -0.934583
3 0.3 -1.5
3 -0.3 -1.5
3 -0.3 1.5
3 0.3 1.5
30
0 -3.98275 1.74481
0 -5.02412 -1.37496
1 -3.88378 -0.933353
3 0.3 -1.5
3 -0.3 -1.5
3 -0.3 1.5
3 0.3 1.5
34
0 -3.96917 1.75282
0 -4.96263 -1.41976
1 -3.86664 -0.941808
3 0.3 -1.5
3 -0.3 -1.5
3 -0.3 1.5
3 0.3 1.5
38
0 -3.96197 1.75567
0 -4.94 -1.43672
1 -3.88781 -0.935216
3 0.3 -1.5
3 -0.3 -1.5
3 -0.3 1.5
3 0.3 1.5
42
0 -3.95897 1.75797
0 -4.9513 -1.42937
1 -3.88371 -0.935853
3 0.3 -1.5
3 -0.3 -1.5
3 -0.3 1.5
3 0.3 1.5
46
0 -3.9611 1.75251
0 -4.96504 -1.41952
1 -3.89358 -0.930068
3 0.3 -1.5
3 -0.3 -1.5
3 -0.3 1.5
3 0.3 1.5
50
0 -3.95811 1.75546
0 -4.96856 -1.41624
1 -3.89319 -0.931853
3 0.3 -1.5
3 -0.3 -1.5
3 -0.3 1.5
3 0.3 1.5
54
0 -3.95862 1.75544
0 -4.9834 -1.40553
1 -3.85529 -0.943427
3 0.3 -1.5
3 -0.3 -1.5
3 -0.3 1.5
3 0.3 1.5
58
0 -3.94833 1.76176
0 -4.99338 -1.39877
1 -3.83306 -0.949713
3 0.3 -1.5
3 -0.3 -1.5
3 -0.3 1.5
3 0.3 1.5
62
0 -3.9706 1.74661
0 -5.00035 -1.39335
1 -3.83938 -0.94673
3 0.3 -1.5
3 -0.3 -1.5
3 -0.3 1.5
3 0.3 1.5
66
0 -3.95826 1.75535
0 -4.96714 -1.41813
1 -3.86053 -0.940929
3 0.3 -1.5
3 -0.3 -1.5
3 -0.3 1.5
3 0.3 1.5
70
0 -3.97414 1.7465
0 -4.95961 -1.42382
1 -3.84065 -0.947087
3 0.3 -1.5
3 -0.3 -1.5
3 -0.3 1.5
3 0.3 1.5
74
0 -3.97691 1.74825
0 -4.92989 -1.44509
1 -3.82143 -0.956026
3 0.3 -1.5
3 -0.3 -1.5
3 -0.3 1.5
3 0.3 1.5
78
0 -3.97374 1.74938
0 -4.93367 -1.4428
1 -3.82593 -0.953536
3 0.3 -1.5
3 -0.3 -1.5
3 -0.3 1.5
3 0.3 1.5
82
0 -3.97141 1.7501
0 -4.93749 -1.44003
1 -3.83556 -0.950099
3 0.3 -1.5
3 -0.3 -1.5
3 -0.3 1.5
3 0.3 1.5
86
0 -3.9687 1.75168
0 -4.94163 -1.4371
1 -3.8318 -0.951086
3 0.3 -1.5
3 -0.3 -1.5
3 -0.3 1.5
3 0.3 1.5
90
0 -3.96317 1.75633
0 -4.92023 -1.4528
1 -3.84019 -0.949576
3 0.3 -1.5
3 -0.3 -1.5
3 -0.3 1.5
3 0.3 1.5
94
0 -3.97226 1.75073
0 -4.91693 -1.45461
1 -3.84854 -0.947631
3 0.3 -1.5
3 -0.3 -1.5
3 -0.3 1.5
3 0.3 1.5
98
0 -3.96947 1.752
0 -4.93075 -1.44481
1 -3.83497 -0.951028
3 0.3 -1.5
3 -0.3 -1.5
3 -0.3 1.5
3 0.3 1.5
102
0 -3.95882 1.7575
0 -4.94119 -1.43766
1 -3.83984 -0.948363
3 0.3 -1.5
3 -0.3 -1.5
3 -0.3 1.5
3 0.3 1.5
106
0 -3.95974 1.75953
0 -4.94449 -1.43326
1 -3.81729 -0.959516
3 0.3 -1.5
3 -0.3 -1.5
3 -0.3 1.5
3 0.3 1.5
110
0 -3.96769 1.75162
0 -4.9579 -1.42402
1 -3.84211 -0.948922
3 0.3 -1.5
3 -0.3 -1.5
3 -0.3 1.5
3 0.3 1.5
114
0 -3.96819 1.75188
0 -4.95655 -1.42442
1 -3.84218 -0.950043
3 0.3 -1.5
3 -0.3 -1.5
3 -0.3 1.5
3 0.3 1.5
118
0 -3.9803 1.74655
0 -4.93872 -1.43714
1 -3.82348 -0.957451
3 0.3 -1.5
3 -0.3 -1.5
3 -0.3 1.5
3 0.3 1.5
122
0 -3.97643 1.74937
0 -4.93071 -1.44368
1 -3.81769 -0.958765
3 0.3 -1.5
3 -0.3 -1.5
3 -0.3 1.5
3 0.3 1.5
126
0 -3.97452 1.75075
0 -4.94302 -1.43472
1 -3.79749 -0.964985
3 0.3 -1.5
3 -0.3 -1.5
3 -0.3 1.5
3 0.3 1.5
130
0 -3.96834 1.75516
0 -4.93688 -1.43887
1 -3.8036 -0.964132
3 0.3 -1.5
3 -0.3 -1.5
3 -0.3 1.5
3 0.3 1.5
134
0 -3.97214 1.75403
0 -4.92542 -1.44726
1 -3.79382 -0.967914
3 0.3 -1.5
3 -0.3 -1.5
3 -0.3 1.5
3 0.3 1.5
138
0 -3.97146 1.75316
0 -4.93613 -1.43942
1 -3.80421 -0.963823
3 0.3 -1.5
3 -0.3 -1.5
3 -0.3 1.5
3 0.3 1.5
142
0 -3.96644 1.75562
0 -4.93924 -1.43762
1 -3.8077 -0.961812
3 0.3 -1.5
3 -0.3 -1.5
3 -0.3 1.5
3 0.3 1.5
146
0 -3.97575 1.75424
0 -4.90733 -1.45992
1 -3.77885 -0.974911
3 0.3 -1.5
3 -0.3 -1.5
3 -0.3 1.5
3 0.3 1.5
150
0 -3.97381 1.75259
0 -4.91821 -1.45227
1 -3.81458 -0.961651
3 0.3 -1.5
3 -0.3 -1.5
3 -0.3 1.5
3 0.3 1.5
154
0 -3.97425 1.7536
0 -4.91817 -1.45195
1 -3.79544 -0.968799
3 0.3 -1.5
3 -0.3 -1.5
3 -0.3 1.5
3 0.3 1.5
158
0 -3.97796 1.75222
0 -4.90771 -1.4593
1 -3.79514 -0.969878
3 0.3 -1.5
3 -0.3 -1.5
3 -0.3 1.5
3 0.3 1.5
162
0 -3.98876 1.74592
0 -4.90969 -1.45745
1 -3.78521 -0.97342
3 0.3 -1.5
3 -0.3 -1.5
3 -0.3 1.5
3 0.3 1.5
166
0 -3.98514 1.74738
0 -4.9146 -1.45415
1 -3.79066 -0.970901
3 0.3 -1.5
3 -0.3 -1.5
3 -0.3 1.5
3 0.3 1.5
170
0 -3.98927 1.74498
0 -4.91455 -1.45425
1 -3.78426 -0.97278
3 0.3 -1.5
3 -0.3 -1.5
3 -0.3 1.5
3 0.3 1.5
174
0 -3.99254 1.74407
0 -4.91485 -1.45375
1 -3.76544 -0.979574
3 0.3 -1.5
3 -0.3 -1.5
3 -0.3 1.5
3 0.3 1.5
178
0 -3.97839 1.75088
0 -4.92638 -1.44604
1 -3.78332 -0.972128
3 0.3 -1.5
3 -0.3 -1.5
3 -0.3 1.5
3 0.3 1.5
182
0 -3.98508 1.75008
0 -4.91454 -1.45449
1 -3.73524 -0.989247
3 0.3 -1.5
3 -0.3 -1.5
3 -0.3 1.5
3 0.3 1.5
186
0 -3.9806 1.74989
0 -4.92832 -1.44428
1 -3.77761 -0.974493
3 0.3 -1.5
3 -0.3 -1.5
3 -0.3 1.5
3 0.3 1.5
190
0 -3.97928 1.75099
0 -4.93259 -1.44066
1 -3.77513 -0.976074
3 0.3 -1.5
3 -0.3 -1.5
3 -0.3 1.5
3 0.3 1.5
194
0 -3.98298 1.74943
0 -4.93248 -1.44022
1 -3.76771 -0.979424
3 0.3 -1.5
3 -0.3 -1.5
3 -0.3 1.5
3 0.3 1.5
198
0 -3.98039 1.74884
0 -4.9432 -1.4329
1 -3.78775 -0.971148
3 0.3 -1.5
3 -0.3 -1.5
3 -0.3 1.5
3 0.3 1.5
202
0 -3.98961 1.74576
0 -4.92908 -1.44282
1 -3.75826 -0.982323
3 0.3 -1.5
3 -0.3 -1.5
3 -0.3 1.5
3 0.3 1.5
206
0 -3.97095 1.75524
0 -4.94227 -1.43362
1 -3.78349 -0.973004
3 0.3 -1.5
3 -0.3 -1.5
3 -0.3 1.5
3 0.3 1.5
210
0 -3.97878 1.7492
0 -5.01199 -1.37929
1 -3.75948 -0.983173
3 0.3 -1.5
3 -0.3 -1.5
3 -0.3 1.5
3 0.3 1.5
214
0 -3.96847 1.74976
0 -5.10809 -1.30719
1 -3.77398 -0.976747
3 0.3 -1.5
3 -0.3 -1.5
3 -0.3 1.5
3 0.3 1.5
218
0 -3.96184 1.75457
0 -5.10452 -1.30932
1 -3.77673 -0.977753
3 0.3 -1.5
3 -0.3 -1.5
3 -0.3 1.5
3 0.3 1.5
222
0 -3.96297 1.75426
0 -5.09743 -1.31458
1 -3.77721 -0.977793
3 0.3 -1.5
3 -0.3 -1.5
3 -0.3 1.5
3 0.3 1.5
226
0 -4.13608 -3.94459
1 -3.13152 -3.27144
0 -3.96246 1.7544
0 -5.10074 -1.31212
1 -3.77699 -0.977783
3 0.3 -1.5
3 -0.3 -1.5
3 -0.3 1.5
3 0.3 1.5
230
0 -4.45408 -3.85729
1 -3.51855 -3.23148
0 -3.96353 1.7541
0 -5.09415 -1.317
1 -3.77744 -0.977835
3 0.3 -1.5
3 -0.3 -1.5
3 -0.3 1.5
3 0.3 1.5
234
0 -4.37289 -3.89883
1 -3.18677 -3.34417
0 -3.96348 1.75411
0 -5.09435 -1.31686
1 -3.77743 -0.977822
3 0.3 -1.5
3 -0.3 -1.5
3 -0.3 1.5
3 0.3 1.5
238
0 -4.47169 -3.82029
1 -3.27365 -3.32951
0 -3.96352 1.7541
0 -5.09402 -1.3171
1 -3.77745 -0.977819
3 0.3 -1.5
3 -0.3 -1.5
3 -0.3 1.5
3 0.3 1.5
242
0 -4.49743 -3.79885
1 -3.28829 -3.32732
0 -3.96352 1.7541
0 -5.09397 -1.31714
1 -3.77745 -0.977819
3 0.3 -1.5
3 -0.3 -1.5
3 -0.3 1.5
3 0.3 1.5
246
0 -4.49586 -3.79813
1 -3.26025 -3.33661
0 -3.96352 1.7541
0 -5.09403 -1.31709
1 -3.77745 -0.977819
3 0.3 -1.5
3 -0.3 -1.5
3 -0.3 1.5
3 0.3 1.5
250
0 -3.64696 -0.628393
0 -4.50323 -3.79218
1 -3.23511 -3.34546
0 -3.96352 1.7541
0 -5.09407 -1.31707
1 -3.77745 -0.977819
3 0.3 -1.5
3 -0.3 -1.5
3 -0.3 1.5
3 0.3 1.5
254
0 -3.50835 -0.621499
0 -4.49467 -3.7968
1 -3.33082 -3.31579
0 -3.96352 1.7541
0 -5.09396 -1.31715
1 -3.77745 -0.977819
3 0.3 -1.5
3 -0.3 -1.5
3 -0.3 1.5
3 0.3 1.5
258
0 -4.05892 -0.570028
0 -4.73166 -3.85196
1 -3.66832 -3.30094
0 -3.96495 1.7537
0 -5.08523 -1.32361
1 -3.77805 -0.97789
3 0.3 -1.5
3 -0.3 -1.5
3 -0.3 1.5
3 0.3 1.5
262
0 -3.82267 -0.615189
0 -4.62415 -3.84727
1 -3.5402 -3.31248
0 -3.96462 1.7538
0 -5.08701 -1.32231
1 -3.77792 -0.977853
3 0.3 -1.5
3 -0.3 -1.5
3 -0.3 1.5
3 0.3 1.5
266
0 -3.84326 -0.610294
0 -4.70475 -3.79365
1 -3.51505 -3.32671
0 -3.96462 1.7538
0 -5.08702 -1.3223
1 -3.77792 -0.977855
3 0.3 -1.5
3 -0.3 -1.5
3 -0.3 1.5
3 0.3 1.5
270
0 -3.72958 -0.636451
0 -4.71535 -3.7819
1 -3.54796 -3.32126
0 -3.96462 1.7538
0 -5.08703 -1.32229
1 -3.77792 -0.977855
3 0.3 -1.5
3 -0.3 -1.5
3 -0.3 1.5
3 0.3 1.5
274
0 -3.78339 -0.64108
0 -4.73902 -3.76382
1 -3.50601 -3.33642
0 -3.96461 1.7538
0 -5.08707 -1.32226
1 -3.77792 -0.977855
3 0.3 -1.5
3 -0.3 -1.5
3 -0.3 1.5
3 0.3 1.5
278
0 -3.77332 -0.650002
0 -4.76994 -3.73468
1 -3.51913 -3.33225
0 -3.96464 1.7538
0 -5.0869 -1.32239
1 -3.77793 -0.977855
3 0.3 -1.5
3 -0.3 -1.5
3 -0.3 1.5
3 0.3 1.5
282
0 -3.78004 -0.648147
0 -4.75055 -3.74897
1 -3.5222 -3.33096
0 -3.96463 1.7538
0 -5.08694 -1.32236
1 -3.77793 -0.977855
3 0.3 -1.5
3 -0.3 -1.5
3 -0.3 1.5
3 0.3 1.5
286
0 -3.7851 -0.646849
0 -4.73669 -3.75915
1 -3.52448 -3.33007
0 -3.96463 1.7538
0 -5.08697 -1.32234
1 -3.77793 -0.977856
3 0.3 -1.5
3 -0.3 -1.5
3 -0.3 1.5
3 0.3 1.5
290
0 -5.11951 -6.5873
1 -3.89425 -6.15374
0 -3.78636 -0.646506
0 -4.73309 -3.7618
1 -3.52505 -3.32983
0 -3.96463 1.7538
0 -5.08697 -1.32234
1 -3.77793 -0.977856
3 0.3 -1.5
3 -0.3 -1.5
3 -0.3 1.5
3 0.3 1.5
294
0 -5.32051 -6.52651
1 -4.11768 -6.11525
0 -3.78837 -0.64594
0 -4.72721 -3.76614
1 -3.52597 -3.32944
0 -3.96463 1.7538
0 -5.08697 -1.32234
1 -3.77793 -0.977856
3 0.3 -1.5
3 -0.3 -1.5
3 -0.3 1.5
3 0.3 1.5
298
0 -5.12386 -6.62281
1 -3.98975 -6.14193
0 -3.78717 -0.646287
0 -4.73079 -3.7635
1 -3.52542 -3.32968
0 -3.96463 1.7538
0 -5.08697 -1.32234
1 -3.77793 -0.977856
3 0.3 -1.5
3 -0.3 -1.5
3 -0.3 1.5
3 0.3 1.5
302
0 -5.74206 -6.12887
1 -3.27552 -6.40993
0 -3.7867 -0.64646
0 -4.73246 -3.76225
1 -3.52519 -3.3298
0 -3.96463 1.7538
0 -5.08697 -1.32234
1 -3.77793 -0.977856
3 0.3 -1.5
3 -0.3 -1.5
3 -0.3 1.5
3 0.3 1.5
306
0 -6.14821 -5.87045
1 -3.51261 -6.46778
0 -3.7884 -0.646009
0 -4.7277 -3.76575
1 -3.52596 -3.32949
0 -3.96463 1.7538
0 -5.08697 -1.32234
1 -3.77793 -0.977856
3 0.3 -1.5
3 -0.3 -1.5
3 -0.3 1.5
3 0.3 1.5
310
0 -6.2085 -5.87111
1 -3.69363 -6.43324
0 -3.78978 -0.645632
0 -4.72374 -3.76866
1 -3.52658 -3.32923
0 -3.96463 1.7538
0 -5.08697 -1.32234
1 -3.77793 -0.977856
3 0.3 -1.5
3 -0.3 -1.5
3 -0.3 1.5
3 0.3 1.5
314
0 -6.28603 -5.85605
1 -3.74804 -6.44431
0 -3.79076 -0.645374
0 -4.72101 -3.77067
1 -3.52703 -3.32905
0 -3.96463 1.7538
0 -5.08697 -1.32234
1 -3.77793 -0.977856
3 0.3 -1.5
3 -0.3 -1.5
3 -0.3 1.5
3 0.3 1.5
318
0 -6.3418 -5.81805
1 -3.87348 -6.39568
0 -3.79119 -0.645217
0 -4.71949 -3.77181
1 -3.52724 -3.32894
0 -3.96463 1.7538
0 -5.08697 -1.32234
1 -3.77793 -0.977856
3 0.3 -1.5
3 -0.3 -1.5
3 -0.3 1.5
3 0.3 1.5
322
3 0.3 1.5
3 -0.3 1.5
3 -0.3 -1.5
3 0.3 -1.5
1 -3.77793 -0.977856
0 -5.08697 -1.32234
0 -3.96463 1.7538
1 -3.52729 -3.32892
0 -4.71918 -3.77204
0 -3.7913 -0.645187
1 -3.86177 -6.3997
0 -6.35731 -5.80853
0 -5.17797 -6.9754
326
3 0.3 1.5
3 -0.3 1.5
3 -0.3 -1.5
3 0.3 -1.5
1 -3.77793 -0.977856
0 -5.08697 -1.32234
0 -3.96463 1.7538
1 -3.52853 -3.32844
0 -4.71166 -3.77755
0 -3.79408 -0.644488
1 -4.01971 -6.45005
0 -6.45801 -5.87111
0 -5.85635 -6.63327
330
3 0.3 1.5
3 -0.3 1.5
3 -0.3 -1.5
3 0.3 -1.5
1 -3.77793 -0.977856
0 -5.08697 -1.32234
0 -3.96463 1.7538
1 -3.52723 -3.32894
0 -4.71952 -3.77179
0 -3.79116 -0.645219
1 -3.96895 -6.35445
0 -6.36323 -5.80262
0 -6.07905 -6.28924
334
3 0.3 1.5
3 -0.3 1.5
3 -0.3 -1.5
3 0.3 -1.5
1 -3.77793 -0.977856
0 -5.08697 -1.32234
0 -3.96463 1.7538
1 -3.52695 -3.32906
0 -4.72127 -3.7705
0 -3.79056 -0.645386
1 -3.99249 -6.33701
0 -6.29601 -5.82737
0 -6.17039 -6.22514
338
0 -5.99555 -9.08582
1 -4.80338 -8.48901
3 0.3 1.5
3 -0.3 1.5
3 -0.3 -1.5
3 0.3 -1.5
1 -3.77793 -0.977856
0 -5.08697 -1.32234
0 -3.96463 1.7538
1 -3.52682 -3.32912
0 -4.72214 -3.76986
0 -3.79027 -0.64547
1 -3.92479 -6.34566
0 -6.31024 -5.80504
0 -6.06536 -6.27582
342
0 -6.04464 -8.92619
1 -4.92344 -8.37516
3 0.3 1.5
3 -0.3 1.5
3 -0.3 -1.5
3 0.3 -1.5
1 -3.77793 -0.977856
0 -5.08697 -1.32234
0 -3.96463 1.7538
1 -3.52689 -3.32909
0 -4.72169 -3.77019
0 -3.79044 -0.645429
1 -3.93033 -6.35075
0 -6.31565 -5.80992
0 -6.05549 -6.29368
346
0 -6.12352 -8.87188
1 -4.95034 -8.37421
3 0.3 1.5
3 -0.3 1.5
3 -0.3 -1.5
3 0.3 -1.5
1 -3.77793 -0.977856
0 -5.08697 -1.32234
0 -3.96463 1.7538
1 -3.52689 -3.32909
0 -4.72169 -3.77018
0 -3.79044 -0.645429
1 -3.93044 -6.35062
0 -6.31567 -5.8098
0 -6.06605 -6.28602
350
0 -6.10911 -8.88026
1 -4.9515 -8.3739
3 0.3 1.5
3 -0.3 1.5
3 -0.3 -1.5
3 0.3 -1.5
1 -3.77793 -0.977856
0 -5.08697 -1.32234
0 -3.96463 1.7538
1 -3.52689 -3.32909
0 -4.72168 -3.77019
0 -3.79044 -0.645428
1 -3.93057 -6.35069
0 -6.31578 -5.80986
0 -6.06798 -6.28483
354
0 -6.11178 -8.87857
1 -4.9513 -8.37399
3 0.3 1.5
3 -0.3 1.5
3 -0.3 -1.5
3 0.3 -1.5
1 -3.77793 -0.977856
0 -5.08697 -1.32234
0 -3.96463 1.7538
1 -3.52689 -3.32909
0 -4.72169 -3.77019
0 -3.79044 -0.645428
1 -3.93055 -6.35068
0 -6.31576 -5.80985
0 -6.06767 -6.28502
358
0 -6.31148 -11.8844
1 -4.97782 -11.4064
0 -6.0951 -8.8895
1 -4.95253 -8.3734
3 0.3 1.5
3 -0.3 1.5
3 -0.3 -1.5
3 0.3 -1.5
1 -3.77793 -0.977856
0 -5.08697 -1.32234
0 -3.96463 1.7538
1 -3.52689 -3.32909
0 -4.72168 -3.77019
0 -3.79044 -0.645428
1 -3.93066 -6.35073
0 -6.31576 -5.80985
0 -6.06954 -6.28384
362
0 -6.33773 -11.9618
1 -5.03972 -11.474
0 -6.08329 -8.89726
1 -4.9534 -8.37298
3 0.3 1.5
3 -0.3 1.5
3 -0.3 -1.5
3 0.3 -1.5
1 -3.77793 -0.977856
0 -5.08697 -1.32234
0 -3.96463 1.7538
1 -3.52689 -3.32909
0 -4.72167 -3.7702
0 -3.79044 -0.645428
1 -3.93073 -6.35077
0 -6.31576 -5.80985
0 -6.07087 -6.28301
366
0 -6.51443 -11.9219
1 -5.42445 -11.3943
0 -6.06938 -8.90665
1 -4.95439 -8.37243
3 0.3 1.5
3 -0.3 1.5
3 -0.3 -1.5
3 0.3 -1.5
1 -3.77793 -0.977856
0 -5.08697 -1.32234
0 -3.96463 1.7538
1 -3.52689 -3.32909
0 -4.72167 -3.7702
0 -3.79044 -0.645428
1 -3.93082 -6.35081
0 -6.31576 -5.80985
0 -6.07236 -6.28206
370
0 -6.56932 -11.8733
1 -5.41444 -11.3889
0 -6.06758 -8.90791
1 -4.95452 -8.37235
3 0.3 1.5
3 -0.3 1.5
3 -0.3 -1.5
3 0.3 -1.5
1 -3.77793 -0.977856
0 -5.08697 -1.32234
0 -3.96463 1.7538
1 -3.52689 -3.32909
0 -4.72167 -3.7702
0 -3.79044 -0.645428
1 -3.93082 -6.35081
0 -6.31576 -5.80985
0 -6.07254 -6.28195
374
0 -6.52966 -11.9009
1 -5.41366 -11.3891
0 -6.06856 -8.90723
1 -4.95452 -8.37235
3 0.3 1.5
3 -0.3 1.5
3 -0.3 -1.5
3 0.3 -1.5
1 -3.77793 -0.977856
0 -5.08697 -1.32234
0 -3.96463 1.7538
1 -3.52689 -3.32909
0 -4.72167 -3.7702
0 -3.79044 -0.645428
1 -3.93082 -6.35081
0 -6.31576 -5.80985
0 -6.07254 -6.28195
378
0 -6.52351 -11.9049
1 -5.41341 -11.3892
0 -6.06874 -8.9071
1 -4.95452 -8.37235
3 0.3 1.5
3 -0.3 1.5
3 -0.3 -1.5
3 0.3 -1.5
1 -3.77793 -0.977856
0 -5.08697 -1.32234
0 -3.96463 1.7538
1 -3.52689 -3.32909
0 -4.72167 -3.7702
0 -3.79044 -0.645428
1 -3.93082 -6.35081
0 -6.31576 -5.80985
0 -6.07254 -6.28195
382
0 -6.90632 -14.9238
1 -5.40044 -14.5326
0 -6.51589 -11.9101
1 -5.41321 -11.3892
0 -6.06895 -8.90696
1 -4.95452 -8.37235
3 0.3 1.5
3 -0.3 1.5
3 -0.3 -1.5
3 0.3 -1.5
1 -3.77793 -0.977856
0 -5.08697 -1.32234
0 -3.96463 1.7538
1 -3.52689 -3.32909
0 -4.72167 -3.7702
0 -3.79044 -0.645428
1 -3.93082 -6.35081
0 -6.31576 -5.80985
0 -6.07254 -6.28195
386
0 -7.14308 -14.8611
1 -5.71516 -14.4875
0 -6.49955 -11.9215
1 -5.41291 -11.3893
0 -6.06934 -8.90669
1 -4.95452 -8.37235
3 0.3 1.5
3 -0.3 1.5
3 -0.3 -1.5
3 0.3 -1.5
1 -3.77793 -0.977856
0 -5.08697 -1.32234
0 -3.96463 1.7538
1 -3.52689 -3.32909
0 -4.72167 -3.7702
0 -3.79044 -0.645428
1 -3.93082 -6.35081
0 -6.31576 -5.80985
0 -6.07254 -6.28195
390
0 -6.99745 -14.9198
1 -5.66031 -14.4742
0 -6.50739 -11.916
1 -5.41305 -11.3893
0 -6.06915 -8.90682
1 -4.95452 -8.37235
3 0.3 1.5
3 -0.3 1.5
3 -0.3 -1.5
3 0.3 -1.5
1 -3.77793 -0.977856
0 -5.08697 -1.32234
0 -3.96463 1.7538
1 -3.52689 -3.32909
0 -4.72167 -3.7702
0 -3.79044 -0.645428
1 -3.93082 -6.35081
0 -6.31576 -5.80985
0 -6.07254 -6.28195
394
0 -7.13633 -14.7967
1 -5.7434 -14.4342
0 -6.50778 -11.9159
1 -5.41311 -11.3892
0 -6.06913 -8.90683
1 -4.95452 -8.37235
3 0.3 1.5
3 -0.3 1.5
3 -0.3 -1.5
3 0.3 -1.5
1 -3.77793 -0.977856
0 -5.08697 -1.32234
0 -3.96463 1.7538
1 -3.52689 -3.32909
0 -4.72167 -3.7702
0 -3.79044 -0.645428
1 -3.93082 -6.35081
0 -6.31576 -5.80985
0 -6.07254 -6.28195
398
0 -7.08833 -14.8306
1 -5.74127 -14.4333
0 -6.50787 -11.9158
1 -5.41309 -11.3892
0 -6.06913 -8.90683
1 -4.95452 -8.37235
3 0.3 1.5
3 -0.3 1.5
3 -0.3 -1.5
3 0.3 -1.5
1 -3.77793 -0.977856
0 -5.08697 -1.32234
0 -3.96463 1.7538
1 -3.52689 -3.32909
0 -4.72167 -3.7702
0 -3.79044 -0.645428
1 -3.93082 -6.35081
0 -6.31576 -5.80985
0 -6.07254 -6.28195
402
0 -7.07558 -14.8396
1 -5.74152 -14.4334
0 -6.50805 -11.9156
1 -5.41309 -11.3892
0 -6.06913 -8.90683
1 -4.95452 -8.37235
3 0.3 1.5
3 -0.3 1.5
3 -0.3 -1.5
3 0.3 -1.5
1 -3.77793 -0.977856
0 -5.08697 -1.32234
0 -3.96463 1.7538
1 -3.52689 -3.32909
0 -4.72167 -3.7702
0 -3.79044 -0.645428
1 -3.93082 -6.35081
0 -6.31576 -5.80985
0 -6.07254 -6.28195
406
0 -7.32276 -17.8679
1 -6.02762 -17.4024
0 -7.0877 -14.8311
1 -5.74128 -14.4333
0 -6.50788 -11.9158
1 -5.41309 -11.3892
0 -6.06913 -8.90683
1 -4.95452 -8.37235
3 0.3 1.5
3 -0.3 1.5
3 -0.3 -1.5
3 0.3 -1.5
1 -3.77793 -0.977856
0 -5.08697 -1.32234
0 -3.96463 1.7538
1 -3.52689 -3.32909
0 -4.72167 -3.7702
0 -3.79044 -0.645428
1 -3.93082 -6.35081
0 -6.31576 -5.80985
0 -6.07254 -6.28195
410
0 -7.87659 -17.7414
1 -6.57714 -17.3921
0 -7.05739 -14.8526
1 -5.74181 -14.4334
0 -6.50827 -11.9155
1 -5.4131 -11.3892
0 -6.06913 -8.90684
1 -4.95452 -8.37235
3 0.3 1.5
3 -0.3 1.5
3 -0.3 -1.5
3 0.3 -1.5
1 -3.77793 -0.977856
0 -5.08697 -1.32234
0 -3.96463 1.7538
1 -3.52689 -3.32909
0 -4.72167 -3.7702
0 -3.79044 -0.645428
1 -3.93082 -6.35081
0 -6.31576 -5.80985
0 -6.07254 -6.28195
414
0 -7.60504 -17.85
1 -6.39195 -17.3907
0 -7.06493 -14.8473
1 -5.74166 -14.4334
0 -6.50816 -11.9155
1 -5.4131 -11.3892
0 -6.06913 -8.90684
1 -4.95452 -8.37235
3 0.3 1.5
3 -0.3 1.5
3 -0.3 -1.5
3 0.3 -1.5
1 -3.77793 -0.977856
0 -5.08697 -1.32234
0 -3.96463 1.7538
1 -3.52689 -3.32909
0 -4.72167 -3.7702
0 -3.79044 -0.645428
1 -3.93082 -6.35081
0 -6.31576 -5.80985
0 -6.07254 -6.28195
