2
3 0.3 -1.5
3 -0.3 -1.5
3 -0.3 1.5
3 0.3 1.5
6
3 0.3 -1.5
3 -0.3 -1.5
3 -0.3 1.5
3 0.3 1.5
10
3 0.3 -1.5
3 -0.3 -1.5
3 -0.3 1.5
3 0.3 1.5
14
0 1.19713 1.48072
3 0.3 -1.5
3 -0.3 -1.5
3 -0.3 1.5
3 0.3 1.5
18
0 1.34401 1.4687
3 0.3 -1.5
3 -0.3 -1.5
3 -0.3 1.5
3 0.3 1.5
22
3 0.3 1.5
3 -0.3 1.5
3 -0.3 -1.5
3 0.3 -1.5
1 -3.68996 -1.31814
1 0.518042 -0.823416
1 0.0336416 -5.60795
1 4.28133 -0.529856
0 -4.08082 1.64731
0 1.15928 1.44949
26
3 0.3 1.5
3 -0.3 1.5
3 -0.3 -1.5
3 0.3 -1.5
1 -3.72 -1.30182
1 0.727983 -0.854159
1 -0.0342619 -5.56514
1 4.28144 -0.530156
0 -4.09258 1.64227
0 1.1086 1.44661
30
3 0.3 1.5
3 -0.3 1.5
3 -0.3 -1.5
3 0.3 -1.5
1 -3.8163 -1.25849
1 0.848517 -0.87037
1 0.0372596 -5.6226
1 4.46597 -0.54347
0 -4.09251 1.64201
0 1.10867 1.44636
34
3 0.3 1.5
3 -0.3 1.5
3 -0.3 -1.5
3 0.3 -1.5
1 -3.81752 -1.25833
1 0.847535 -0.870285
1 0.0361057 -5.62248
1 4.46509 -0.543429
0 -4.00634 1.67976
0 1.14394 1.48006
38
3 0.3 1.5
3 -0.3 1.5
3 -0.3 -1.5
3 0.3 -1.5
1 -3.80098 -1.26705
1 0.913068 -0.883158
1 0.135341 -5.71143
1 4.57501 -0.54791
0 -4.01567 1.67371
0 1.16724 1.50494
42
3 0.3 1.5
3 -0.3 1.5
3 -0.3 -1.5
3 0.3 -1.5
1 -3.78402 -1.27555
1 0.963567 -0.88896
1 0.221832 -5.78131
1 4.575 -0.547516
0 -4.02292 1.67087
0 1.21975 1.51043
0 0.67469 -9.17714
46
3 0.3 1.5
3 -0.3 1.5
3 -0.3 -1.5
3 0.3 -1.5
1 -3.78969 -1.27386
1 0.995646 -0.896278
1 0.231337 -5.78622
1 4.57504 -0.547376
0 -4.02285 1.67113
0 1.21981 1.51065
0 0.698495 -9.2022
50
0 3.6572 1.54518
3 0.3 1.5
3 -0.3 1.5
3 -0.3 -1.5
3 0.3 -1.5
1 -3.78666 -1.27606
1 0.878357 -0.889336
1 0.291712 -5.83546
1 4.57544 -0.547942
0 -4.03377 1.66454
0 1.21032 1.52397
0 0.755859 -9.28685
54
0 3.41208 1.48054
3 0.3 1.5
3 -0.3 1.5
3 -0.3 -1.5
3 0.3 -1.5
1 -3.78637 -1.2778
1 0.878633 -0.891073
1 0.291935 -5.83703
1 4.57555 -0.548741
0 -4.03102 1.66218
0 1.20565 1.54922
0 0.756177 -9.28947
58
0 3.41196 1.48102
3 0.3 1.5
3 -0.3 1.5
3 -0.3 -1.5
3 0.3 -1.5
1 -3.77523 -1.28209
1 0.961391 -0.902131
1 0.0854527 -5.67085
1 4.56628 -0.54772
0 -4.03106 1.66216
0 1.20562 1.54921
0 0.756145 -9.28949
62
0 3.41024 1.48124
3 0.3 1.5
3 -0.3 1.5
3 -0.3 -1.5
3 0.3 -1.5
1 -3.81776 -1.26268
1 1.0243 -0.910114
1 0.0151699 -5.61373
1 4.56566 -0.547639
0 -4.00793 1.67291
0 1.20483 1.54931
0 0.759162 -9.28845
66
0 3.41091 1.48276
3 0.3 1.5
3 -0.3 1.5
3 -0.3 -1.5
3 0.3 -1.5
1 -3.81968 -1.26071
1 0.968544 -0.903208
1 -0.0136675 -5.59647
1 4.5659 -0.547063
0 -4.01618 1.66924
0 1.19424 1.53896
0 0.756249 -9.2784
70
0 3.4107 1.48246
3 0.3 1.5
3 -0.3 1.5
3 -0.3 -1.5
3 0.3 -1.5
1 -3.82965 -1.25613
1 1.0138 -0.910456
1 0.0253735 -5.63131
1 4.70051 -0.545058
0 -4.01636 1.66896
0 1.1941 1.53875
0 0.80919 -9.34286
74
0 5.42377 1.83215
0 3.31709 1.4598
3 0.3 1.5
3 -0.3 1.5
3 -0.3 -1.5
3 0.3 -1.5
1 -3.85163 -1.24712
1 1.0632 -0.917794
1 -0.0496781 -5.57282
1 4.74177 -0.54786
0 -4.00697 1.67142
0 1.16348 1.54533
0 0.848278 -9.39002
78
0 5.1962 1.81293
0 3.31712 1.46141
3 0.3 1.5
3 -0.3 1.5
3 -0.3 -1.5
3 0.3 -1.5
1 -3.85163 -1.24577
1 1.06322 -0.916454
1 -0.0496133 -5.57134
1 4.74179 -0.546647
0 -4.01951 1.66676
0 1.19431 1.53695
0 0.848468 -9.38821
82
0 5.19803 1.81168
0 3.31798 1.461
3 0.3 1.5
3 -0.3 1.5
3 -0.3 -1.5
3 0.3 -1.5
1 -3.88929 -1.22939
1 1.05342 -0.914832
1 -0.107116 -5.5255
1 4.65276 -0.541597
0 -4.0186 1.66625
0 1.19512 1.53647
0 0.855558 -9.39319
86
0 5.19814 1.81343
1 4.27549 -5.17449
0 3.31803 1.46158
3 0.3 1.5
3 -0.3 1.5
3 -0.3 -1.5
3 0.3 -1.5
1 -3.87264 -1.23692
1 1.04443 -0.918232
1 -0.0796725 -5.54777
1 4.74313 -0.541052
0 -4.01857 1.66701
0 1.19515 1.5372
0 0.832913 -9.36115
90
0 5.19949 1.81148
1 4.27645 -5.17599
0 3.21209 1.43368
3 0.3 1.5
3 -0.3 1.5
3 -0.3 -1.5
3 0.3 -1.5
1 -3.87184 -1.23808
1 1.04518 -0.919377
1 -0.0788586 -5.54897
1 4.74383 -0.542147
0 -4.01972 1.6654
0 1.19372 1.54508
0 0.833786 -9.36249
94
0 5.19951 1.81124
1 4.30897 -5.20807
0 3.2121 1.43373
3 0.3 1.5
3 -0.3 1.5
3 -0.3 -1.5
3 0.3 -1.5
1 -3.88525 -1.23159
1 1.09585 -0.925215
1 -0.0559638 -5.57192
1 4.82509 -0.548271
0 -4.01971 1.66523
0 1.19372 1.54495
0 0.824417 -9.34987
98
0 5.25895 1.82089
1 4.30926 -5.20828
0 3.12423 1.417
3 0.3 1.5
3 -0.3 1.5
3 -0.3 -1.5
3 0.3 -1.5
1 -3.90158 -1.22393
1 1.12512 -0.929104
1 -0.0306318 -5.59384
1 4.77038 -0.552969
0 -4.02022 1.66472
0 1.19387 1.54486
0 0.778116 -9.29174
102
0 -0.481664 1.48391
0 5.25829 1.82124
1 4.30873 -5.208
0 3.09806 1.41077
3 0.3 1.5
3 -0.3 1.5
3 -0.3 -1.5
3 0.3 -1.5
1 -3.90199 -1.22372
1 1.12476 -0.928907
1 -0.0310165 -5.59364
1 4.76994 -0.552707
0 -4.01706 1.66647
0 1.19361 1.54496
0 0.77763 -9.29147
106
0 -0.48209 1.48445
0 5.25803 1.82168
1 4.3029 -5.20304
0 3.09782 1.41122
3 0.3 1.5
3 -0.3 1.5
3 -0.3 -1.5
3 0.3 -1.5
1 -3.89329 -1.22768
1 1.13613 -0.929831
1 0.0152293 -5.63311
1 4.77741 -0.551628
0 -4.01725 1.66678
0 1.19351 1.54512
0 0.81808 -9.33795
110
0 -0.453375 1.49232
0 5.2684 1.82444
1 4.30228 -5.20371
0 3.03187 1.39896
3 0.3 1.5
3 -0.3 1.5
3 -0.3 -1.5
3 0.3 -1.5
1 -3.89837 -1.22525
1 1.11393 -0.926609
1 0.0307798 -5.64522
1 4.77691 -0.55219
0 -4.01638 1.667
0 1.19329 1.54495
0 0.831428 -9.35381
114
0 -0.454639 1.49261
0 5.26756 1.8246
1 4.3015 -5.20354
0 3.03109 1.39909
3 0.3 1.5
3 -0.3 1.5
3 -0.3 -1.5
3 0.3 -1.5
1 -3.88978 -1.22872
1 1.14301 -0.931146
1 0.0301939 -5.64511
1 4.83066 -0.556663
0 -4.01693 1.66709
0 1.193 1.54499
0 0.830696 -9.35259
118
0 -0.462219 1.48733
0 5.26818 1.82692
1 4.30212 -5.20131
0 3.03169 1.40111
3 0.3 1.5
3 -0.3 1.5
3 -0.3 -1.5
3 0.3 -1.5
1 -3.88925 -1.22682
1 1.14352 -0.929239
1 0.0306946 -5.64339
1 4.83127 -0.554591
0 -4.03407 1.6609
0 1.22783 1.53294
0 0.831472 -9.35026
122
0 -0.437272 1.49496
0 5.17343 1.81731
1 4.30244 -5.20096
0 2.96671 1.38824
3 0.3 1.5
3 -0.3 1.5
3 -0.3 -1.5
3 0.3 -1.5
1 -3.88897 -1.22652
1 1.14379 -0.928939
1 0.0309319 -5.6431
1 4.83159 -0.554268
0 -4.03915 1.65888
0 1.25695 1.53452
0 0.831852 -9.3499
126
0 -0.437488 1.49395
0 5.17326 1.81672
1 4.30234 -5.20129
0 2.96659 1.38782
3 0.3 1.5
3 -0.3 1.5
3 -0.3 -1.5
3 0.3 -1.5
1 -3.89952 -1.22156
1 1.13206 -0.927672
1 0.0273786 -5.64091
1 4.83149 -0.554644
0 -4.03926 1.65837
0 1.25688 1.53412
0 0.814663 -9.32774
130
0 -0.437951 1.4933
0 5.17293 1.81633
1 4.30234 -5.20129
0 2.96632 1.38754
3 0.3 1.5
3 -0.3 1.5
3 -0.3 -1.5
3 0.3 -1.5
1 -3.90754 -1.21786
1 1.13369 -0.929576
1 0.026032 -5.63844
1 4.8313 -0.554869
0 -4.03952 1.65805
0 1.25672 1.53388
0 0.812876 -9.32508
134
0 -0.344656 1.50856
0 5.09981 1.78834
1 4.3028 -5.20172
0 2.91781 1.37832
3 0.3 1.5
3 -0.3 1.5
3 -0.3 -1.5
3 0.3 -1.5
1 -3.90675 -1.21794
1 1.13444 -0.929644
1 0.0267671 -5.63851
1 4.83191 -0.555022
0 -4.04853 1.65283
0 1.25722 1.53381
0 0.813741 -9.32519
138
0 -0.345701 1.51228
0 5.13823 1.79669
1 4.36734 -5.24224
0 2.88633 1.37254
3 0.3 1.5
3 -0.3 1.5
3 -0.3 -1.5
3 0.3 -1.5
1 -3.90304 -1.2196
1 1.15042 -0.930887
1 0.0524637 -5.66076
1 4.83136 -0.554798
0 -4.04361 1.65589
0 1.25673 1.53403
0 0.812937 -9.32482
142
0 -0.345958 1.51013
0 5.13803 1.79507
1 4.3672 -5.24356
0 2.85286 1.36622
3 0.3 1.5
3 -0.3 1.5
3 -0.3 -1.5
3 0.3 -1.5
1 -3.90312 -1.22062
1 1.15033 -0.93191
1 0.0523039 -5.66179
1 4.83134 -0.5555
0 -4.03788 1.65769
0 1.26182 1.54307
0 0.812838 -9.32579
146
0 -0.369677 1.5117
0 5.09822 1.79547
1 4.36632 -5.24158
0 2.85176 1.36845
3 0.3 1.5
3 -0.3 1.5
3 -0.3 -1.5
3 0.3 -1.5
1 -3.90203 -1.21992
1 1.15729 -0.931206
1 0.0735857 -5.67914
1 4.85071 -0.554519
0 -4.03461 1.66186
0 1.27508 1.53651
0 0.812163 -9.32999
150
0 -0.370144 1.51094
0 5.09785 1.79489
1 4.36609 -5.24189
0 2.85146 1.36807
3 0.3 1.5
3 -0.3 1.5
3 -0.3 -1.5
3 0.3 -1.5
1 -3.90967 -1.21658
1 1.1605 -0.932359
1 0.060455 -5.66671
1 4.85781 -0.554602
0 -4.03487 1.66147
0 1.27493 1.53628
0 0.808676 -9.32552
154
0 -0.356599 1.51786
0 5.10259 1.79967
1 4.36598 -5.24058
0 2.85135 1.36949
3 0.3 1.5
3 -0.3 1.5
3 -0.3 -1.5
3 0.3 -1.5
1 -3.90248 -1.21865
1 1.14509 -0.928965
1 0.0445149 -5.65295
1 4.85771 -0.553275
0 -4.03662 1.66257
0 1.27216 1.52608
0 0.81728 -9.33434
0 2.90046 -6.92775
158
0 -0.339725 1.52085
0 5.09978 1.80151
1 4.36453 -5.23959
0 2.84945 1.37057
3 0.3 1.5
3 -0.3 1.5
3 -0.3 -1.5
3 0.3 -1.5
1 -3.89948 -1.21932
1 1.15807 -0.928513
1 0.0668545 -5.67036
1 4.85622 -0.552197
0 -4.03268 1.66716
0 1.28715 1.51954
0 0.799846 -9.31201
0 2.89813 -6.9259
162
0 -0.340237 1.52073
0 5.0994 1.80142
1 4.34981 -5.23715
0 2.84919 1.37051
3 0.3 1.5
3 -0.3 1.5
3 -0.3 -1.5
3 0.3 -1.5
1 -3.89779 -1.21996
1 1.17005 -0.930001
1 0.0705144 -5.67377
1 4.85602 -0.552248
0 -4.03297 1.66709
0 1.28696 1.5195
0 0.815684 -9.33133
0 2.89782 -6.926
166
0 -0.340982 1.52051
0 5.15175 1.80496
1 4.3493 -5.23732
0 2.84883 1.37042
3 0.3 1.5
3 -0.3 1.5
3 -0.3 -1.5
3 0.3 -1.5
1 -3.89678 -1.22036
1 1.18046 -0.930857
1 0.0869035 -5.68845
1 4.80952 -0.548422
0 -4.0291 1.66973
0 1.2912 1.51925
0 0.815176 -9.33149
0 2.89737 -6.92618
170
0 -0.306906 1.52711
0 5.1046 1.78445
1 4.37947 -5.25492
0 2.84981 1.37013
3 0.3 1.5
3 -0.3 1.5
3 -0.3 -1.5
3 0.3 -1.5
1 -3.89571 -1.2207
1 1.18549 -0.931028
1 0.0756016 -5.67892
1 4.81064 -0.548907
0 -4.03366 1.66727
0 1.29221 1.51877
0 0.816589 -9.33209
0 2.89858 -6.92673
174
0 -0.295325 1.52644
0 5.10568 1.787
1 4.37998 -5.25548
0 2.81687 1.36506
3 0.3 1.5
3 -0.3 1.5
3 -0.3 -1.5
3 0.3 -1.5
1 -3.89516 -1.2209
1 1.18601 -0.931229
1 0.0761344 -5.67911
1 4.81104 -0.549054
0 -4.0348 1.66671
0 1.29256 1.51863
0 0.817092 -9.33227
0 2.89901 -6.92687
178
0 -0.266295 1.53644
0 5.10304 1.78903
1 4.40176 -5.26007
0 2.81532 1.36619
3 0.3 1.5
3 -0.3 1.5
3 -0.3 -1.5
3 0.3 -1.5
1 -3.89657 -1.21945
1 1.17069 -0.929145
1 0.0834685 -5.68539
1 4.80981 -0.548106
0 -4.0293 1.67167
0 1.30422 1.51292
0 0.815608 -9.33113
0 2.89774 -6.92592
182
0 -0.263065 1.53265
0 5.04878 1.78083
1 4.40451 -5.26331
0 2.83561 1.36723
3 0.3 1.5
3 -0.3 1.5
3 -0.3 -1.5
3 0.3 -1.5
1 -3.90461 -1.21634
1 1.16997 -0.93094
1 0.0824399 -5.68309
1 4.81111 -0.549289
0 -4.03674 1.66555
0 1.28913 1.51649
0 0.817194 -9.33256
0 2.89907 -6.92718
186
0 -0.262129 1.53112
0 5.04963 1.77951
1 4.40527 -5.26463
0 2.87089 1.36925
3 0.3 1.5
3 -0.3 1.5
3 -0.3 -1.5
3 0.3 -1.5
1 -3.90397 -1.21732
1 1.17059 -0.931939
1 0.0830493 -5.68408
1 4.81155 -0.54993
0 -4.03652 1.66438
0 1.28143 1.5218
0 0.817704 -9.33332
0 2.89948 -6.92781
190
0 -0.261859 1.53087
0 5.0499 1.77928
1 4.40551 -5.26483
0 2.87108 1.36905
3 0.3 1.5
3 -0.3 1.5
3 -0.3 -1.5
3 0.3 -1.5
1 -3.91043 -1.21409
1 1.1768 -0.932974
1 0.0665843 -5.6728
1 4.81165 -0.549983
0 -4.03634 1.66417
0 1.28158 1.52165
0 0.83535 -9.35569
0 2.89959 -6.92787
194
0 -0.285407 1.52961
0 5.07016 1.77841
1 4.40408 -5.26348
0 2.8698 1.37037
3 0.3 1.5
3 -0.3 1.5
3 -0.3 -1.5
3 0.3 -1.5
1 -3.91185 -1.21277
1 1.17545 -0.931633
1 0.0651893 -5.67145
1 4.8109 -0.549316
0 -4.03353 1.66733
0 1.29132 1.51619
0 0.834277 -9.35466
0 2.89886 -6.92724
198
0 -0.284732 1.52937
0 5.07082 1.77818
1 4.42311 -5.27668
0 2.8702 1.37022
3 0.3 1.5
3 -0.3 1.5
3 -0.3 -1.5
3 0.3 -1.5
1 -3.92246 -1.2082
1 1.20667 -0.935249
1 0.0198291 -5.63331
1 4.75753 -0.54631
0 -4.03309 1.66714
0 1.29166 1.51605
0 0.850942 -9.3752
0 2.89907 -6.92729
202
0 -0.274767 1.52891
0 5.14025 1.78061
1 4.42242 -5.27669
0 2.86978 1.37003
3 0.3 1.5
3 -0.3 1.5
3 -0.3 -1.5
3 0.3 -1.5
1 -3.92319 -1.20855
1 1.20613 -0.935299
1 0.0192008 -5.63334
1 4.75705 -0.546367
0 -4.03087 1.66848
0 1.29131 1.51595
0 0.850532 -9.37541
0 2.89886 -6.9275
206
0 -0.274741 1.52874
0 5.14027 1.7804
1 4.42245 -5.27681
0 2.8698 1.36999
3 0.3 1.5
3 -0.3 1.5
3 -0.3 -1.5
3 0.3 -1.5
1 -3.92902 -1.20585
1 1.21223 -0.936139
1 0.0447032 -5.65445
1 4.72427 -0.546629
0 -4.03085 1.66837
0 1.29132 1.5159
0 0.848305 -9.37283
0 2.88248 -6.92055
210
0 -0.275627 1.52861
0 5.1627 1.76324
1 4.42357 -5.27797
0 2.83422 1.36232
3 0.3 1.5
3 -0.3 1.5
3 -0.3 -1.5
3 0.3 -1.5
1 -3.92787 -1.20698
1 1.21328 -0.937274
1 0.0458352 -5.65561
1 4.72529 -0.547663
0 -4.03043 1.6673
0 1.27867 1.52063
0 0.849187 -9.37381
0 2.88371 -6.92186
214
0 -0.267491 1.5296
0 5.16273 1.76292
1 4.42359 -5.278
0 2.84824 1.36342
3 0.3 1.5
3 -0.3 1.5
3 -0.3 -1.5
3 0.3 -1.5
1 -3.92786 -1.207
1 1.2133 -0.937293
1 0.0458511 -5.65562
1 4.7253 -0.547678
0 -4.03003 1.6676
0 1.27868 1.52061
0 0.849215 -9.37384
0 2.88371 -6.92187
218
0 -0.267487 1.53021
0 5.16275 1.76353
1 4.44921 -5.29222
0 2.84824 1.36394
3 0.3 1.5
3 -0.3 1.5
3 -0.3 -1.5
3 0.3 -1.5
1 -3.91994 -1.21049
1 1.2114 -0.937172
1 0.065674 -5.67235
1 4.76744 -0.549377
0 -4.03002 1.66801
0 1.27869 1.5208
0 0.84529 -9.36786
0 2.89978 -6.93571
222
0 -0.282381 1.52403
0 5.17943 1.76503
1 4.45014 -5.29255
0 2.85961 1.36377
3 0.3 1.5
3 -0.3 1.5
3 -0.3 -1.5
3 0.3 -1.5
1 -3.92442 -1.20818
1 1.22844 -0.939246
1 0.0751771 -5.68137
1 4.74444 -0.549676
0 -4.03328 1.66599
0 1.2791 1.52065
0 0.843737 -9.36637
0 2.90113 -6.93623
226
0 -0.282811 1.52408
0 5.17902 1.76508
1 4.44983 -5.29252
0 2.85927 1.36381
3 0.3 1.5
3 -0.3 1.5
3 -0.3 -1.5
3 0.3 -1.5
1 -3.92246 -1.20909
1 1.23745 -0.940523
1 0.0914063 -5.69394
1 4.72827 -0.549408
0 -4.03355 1.66603
0 1.27896 1.52066
0 0.843476 -9.36634
0 2.90067 -6.93617
230
0 -0.282591 1.52426
0 5.17923 1.76525
1 4.44998 -5.29239
0 2.85944 1.36396
3 0.3 1.5
3 -0.3 1.5
3 -0.3 -1.5
3 0.3 -1.5
1 -3.92033 -1.20997
1 1.24067 -0.940363
1 0.0997933 -5.7008
1 4.72012 -0.548309
0 -4.03524 1.66531
0 1.28379 1.52057
0 0.843595 -9.36622
0 2.90093 -6.936
234
0 -0.287866 1.52621
0 5.20549 1.77191
1 4.44883 -5.29133
0 2.85816 1.36512
3 0.3 1.5
3 -0.3 1.5
3 -0.3 -1.5
3 0.3 -1.5
1 -3.91788 -1.21051
1 1.24798 -0.93965
1 0.111595 -5.71059
1 4.70398 -0.545827
0 -4.03324 1.66809
0 1.29632 1.51598
0 0.842612 -9.36525
0 2.88896 -6.9308
238
0 -0.318103 1.52022
0 5.20484 1.77301
1 4.44835 -5.29057
0 2.85763 1.36592
3 0.3 1.5
3 -0.3 1.5
3 -0.3 -1.5
3 0.3 -1.5
1 -3.91843 -1.20961
1 1.24747 -0.938731
1 0.111124 -5.7097
1 4.70339 -0.544653
0 -4.03323 1.66946
0 1.3017 1.51025
0 0.842191 -9.36457
0 2.88833 -6.92933
242
0 -0.314317 1.5182
0 5.20778 1.77147
1 4.45027 -5.29142
0 2.8647 1.36721
3 0.3 1.5
3 -0.3 1.5
3 -0.3 -1.5
3 0.3 -1.5
1 -3.9209 -1.20836
1 1.24021 -0.938969
1 0.100135 -5.7
1 4.65753 -0.546662
0 -4.04382 1.66185
0 1.28733 1.51185
0 0.8408 -9.36175
0 2.89255 -6.93176
246
0 -0.30762 1.51863
0 5.20849 1.77133
1 4.45074 -5.2915
0 2.84509 1.36293
3 0.3 1.5
3 -0.3 1.5
3 -0.3 -1.5
3 0.3 -1.5
1 -3.92019 -1.20849
1 1.24087 -0.939098
1 0.100818 -5.70012
1 4.65851 -0.546842
0 -4.0482 1.65928
0 1.28788 1.51173
0 0.841314 -9.36185
0 2.89361 -6.93194
250
0 -0.307281 1.51867
0 5.20873 1.77132
1 4.4509 -5.29151
0 2.84539 1.36297
3 0.3 1.5
3 -0.3 1.5
3 -0.3 -1.5
3 0.3 -1.5
1 -3.92126 -1.20828
1 1.24374 -0.938657
1 0.0913309 -5.6911
1 4.65432 -0.547604
0 -4.04795 1.65931
0 1.28807 1.51175
1 2.56455 -4.45097
0 0.853628 -9.37599
0 2.89391 -6.93191
254
0 -0.307495 1.5184
0 5.2086 1.77121
1 4.39485 -5.26422
0 2.8452 1.3627
3 0.3 1.5
3 -0.3 1.5
3 -0.3 -1.5
3 0.3 -1.5
1 -3.92362 -1.20716
1 1.22979 -0.93668
1 0.104977 -5.70274
1 4.65407 -0.547975
0 -4.0481 1.65912
0 1.28796 1.51161
1 2.56428 -4.4517
0 0.865049 -9.38942
0 2.8937 -6.93216
258
0 -0.3168 1.51871
0 5.23313 1.77338
1 4.39434 -5.26279
0 2.84473 1.36369
3 0.3 1.5
3 -0.3 1.5
3 -0.3 -1.5
3 0.3 -1.5
1 -3.92122 -1.2075
1 1.2449 -0.937367
1 0.104578 -5.70177
1 4.60737 -0.545606
0 -4.05156 1.65853
0 1.29614 1.50635
1 2.56375 -4.45023
0 0.878472 -9.4042
0 2.72358 -6.80972
262
0 -0.322374 1.51794
0 5.23237 1.77355
1 4.39319 -5.26245
0 2.85469 1.3657
3 0.3 1.5
3 -0.3 1.5
3 -0.3 -1.5
3 0.3 -1.5
1 -3.9197 -1.20835
1 1.23823 -0.93594
1 0.103761 -5.70161
1 4.62269 -0.545711
0 -4.04803 1.66062
0 1.29558 1.50647
1 2.5623 -4.4497
0 0.885046 -9.41313
0 2.72198 -6.80902
266
0 -0.318189 1.5186
0 5.24039 1.77836
1 4.3927 -5.26145
0 2.85422 1.36655
3 0.3 1.5
3 -0.3 1.5
3 -0.3 -1.5
3 0.3 -1.5
1 -3.92016 -1.20752
1 1.23778 -0.935082
1 0.103389 -5.70091
1 4.62213 -0.544667
0 -4.04844 1.66164
0 1.29481 1.50003
1 2.56174 -4.44873
0 0.884653 -9.41222
0 2.72133 -6.80782
270
0 -0.318337 1.51843
0 5.19691 1.77583
1 4.39258 -5.26155
0 2.85409 1.36648
3 0.3 1.5
3 -0.3 1.5
3 -0.3 -1.5
3 0.3 -1.5
1 -3.92205 -1.20668
1 1.2386 -0.935445
1 0.103271 -5.70094
1 4.62201 -0.544805
0 -4.0481 1.66195
0 1.31136 1.50271
1 2.56174 -4.44873
0 0.884533 -9.41232
0 2.72123 -6.80801
274
1 1.05719 -6.47329
0 -0.318464 1.51859
0 5.1968 1.77599
1 4.39249 -5.26144
0 2.85401 1.36657
3 0.3 1.5
3 -0.3 1.5
3 -0.3 -1.5
3 0.3 -1.5
1 -3.91874 -1.20809
1 1.24651 -0.937046
1 0.103207 -5.70088
1 4.62099 -0.544815
0 -4.04819 1.66207
0 1.31128 1.50284
1 2.56155 -4.44877
0 0.884453 -9.41222
0 2.67753 -6.77578
278
1 1.06227 -6.47805
0 -0.317237 1.51769
0 5.1979 1.77507
1 4.3934 -5.26218
0 2.88083 1.37039
3 0.3 1.5
3 -0.3 1.5
3 -0.3 -1.5
3 0.3 -1.5
1 -3.91773 -1.20887
1 1.24749 -0.937856
1 0.103882 -5.70138
1 4.62225 -0.545769
0 -4.05141 1.65935
0 1.31401 1.50742
1 2.56262 -4.44952
0 0.88523 -9.41287
0 2.67942 -6.77741
282
1 0.975628 -6.41421
0 -0.317381 1.51751
0 5.19778 1.77489
1 4.39331 -5.26229
0 2.88072 1.3702
3 0.3 1.5
3 -0.3 1.5
3 -0.3 -1.5
3 0.3 -1.5
1 -3.92057 -1.20749
1 1.24245 -0.937083
1 0.109947 -5.70649
1 4.60248 -0.545592
0 -4.05152 1.65915
0 1.31392 1.50722
1 2.56251 -4.44968
0 0.896651 -9.42748
0 2.59011 -6.71587
286
1 0.978769 -6.41752
0 -0.316513 1.51669
0 5.1847 1.7691
1 4.39396 -5.26299
0 2.88145 1.36943
3 0.3 1.5
3 -0.3 1.5
3 -0.3 -1.5
3 0.3 -1.5
1 -3.91975 -1.20832
1 1.24325 -0.937942
1 0.110516 -5.70709
1 4.60342 -0.546521
0 -4.05157 1.65796
0 1.29744 1.50963
1 2.56316 -4.45025
0 0.897376 -9.42833
0 2.59163 -6.71748
290
1 0.97091 -6.40599
0 -0.316034 1.51626
0 5.1574 1.76224
1 4.39431 -5.26338
0 2.88185 1.36903
3 0.3 1.5
3 -0.3 1.5
3 -0.3 -1.5
3 0.3 -1.5
1 -3.92294 -1.20732
1 1.24362 -0.938806
1 0.110819 -5.70743
1 4.58501 -0.546416
0 -4.05112 1.65742
0 1.30656 1.51507
1 2.56355 -4.45053
0 0.897793 -9.42874
0 2.59254 -6.71817
294
1 0.969262 -6.40724
0 -0.316174 1.51592
0 5.15711 1.76173
1 4.39418 -5.26369
0 2.90202 1.37554
3 0.3 1.5
3 -0.3 1.5
3 -0.3 -1.5
3 0.3 -1.5
1 -3.92318 -1.20765
1 1.24338 -0.939173
1 0.110707 -5.7077
1 4.58468 -0.546834
0 -4.05108 1.65662
0 1.31239 1.51971
1 2.56334 -4.45071
0 0.897555 -9.42908
0 2.59193 -6.71869
298
1 0.86985 -6.33544
0 -0.316262 1.51584
0 5.15703 1.76146
1 4.39415 -5.2637
0 2.90196 1.37532
3 0.3 1.5
3 -0.3 1.5
3 -0.3 -1.5
3 0.3 -1.5
1 -3.93456 -1.2024
1 1.2639 -0.941943
1 0.110678 -5.70773
1 4.51996 -0.548038
0 -4.05114 1.65632
0 1.31234 1.51942
1 2.5633 -4.4508
0 0.897536 -9.42922
0 2.59191 -6.71917
302
1 0.870628 -6.33506
0 -0.316256 1.51579
0 5.15711 1.76145
1 4.39413 -5.26375
0 2.902 1.3753
3 0.3 1.5
3 -0.3 1.5
3 -0.3 -1.5
3 0.3 -1.5
1 -3.93345 -1.20305
1 1.24069 -0.938808
1 0.114338 -5.71114
1 4.52014 -0.548006
0 -4.05107 1.65633
0 1.31242 1.51944
1 2.67432 -4.49011
0 0.897552 -9.42924
0 2.62297 -6.74233
306
1 0.851119 -6.32101
0 -0.299348 1.51893
0 5.17452 1.76296
1 4.39424 -5.26376
0 2.90212 1.37539
3 0.3 1.5
3 -0.3 1.5
3 -0.3 -1.5
3 0.3 -1.5
1 -3.93346 -1.20301
1 1.23891 -0.938674
1 0.114459 -5.71109
1 4.5212 -0.547679
0 -4.05237 1.65551
0 1.31252 1.51956
1 2.68614 -4.49664
0 0.90772 -9.44229
0 2.62315 -6.74185
310
1 0.86496 -6.33115
0 -0.401002 1.49913
0 5.175 1.76305
1 4.39417 -5.26359
0 2.91818 1.382
3 0.3 1.5
3 -0.3 1.5
3 -0.3 -1.5
3 0.3 -1.5
1 -3.93128 -1.20381
1 1.24024 -0.939216
1 0.114482 -5.71093
1 4.46876 -0.547256
0 -4.05377 1.65457
0 1.31282 1.51964
1 2.68846 -4.49693
0 0.904453 -9.43738
0 2.62444 -6.74194
314
1 0.864573 -6.33114
0 -0.401099 1.49912
0 5.17492 1.76304
1 4.41699 -5.27693
0 2.91811 1.38199
3 0.3 1.5
3 -0.3 1.5
3 -0.3 -1.5
3 0.3 -1.5
1 -3.93133 -1.20388
1 1.23879 -0.938836
1 0.12003 -5.71488
1 4.47593 -0.547487
0 -4.05384 1.65457
0 1.31277 1.51964
1 2.68825 -4.49693
0 0.904507 -9.43691
0 2.62429 -6.74194
318
1 0.871501 -6.33892
0 -0.400918 1.49871
0 5.14307 1.7553
1 4.41711 -5.27732
0 2.91828 1.38162
3 0.3 1.5
3 -0.3 1.5
3 -0.3 -1.5
3 0.3 -1.5
1 -3.92666 -1.20643
1 1.23279 -0.938172
1 0.120147 -5.71522
1 4.47602 -0.547848
0 -4.05371 1.65386
0 1.30999 1.52357
1 2.68823 -4.49717
0 0.911261 -9.44501
0 2.62432 -6.74231
322
1 0.870144 -6.33814
0 -0.384367 1.50101
0 5.11241 1.74876
1 4.41695 -5.27726
0 2.91816 1.38163
3 0.3 1.5
3 -0.3 1.5
3 -0.3 -1.5
3 0.3 -1.5
1 -3.92695 -1.20632
1 1.23249 -0.938059
1 0.120078 -5.71524
1 4.47563 -0.547705
0 -4.05343 1.65402
0 1.30984 1.5236
1 2.68758 -4.4968
0 0.910991 -9.44488
0 2.62394 -6.74219
326
1 0.870605 -6.33844
0 -0.38425 1.50092
0 5.11255 1.74865
1 4.41968 -5.28089
0 2.91821 1.38158
3 0.3 1.5
3 -0.3 1.5
3 -0.3 -1.5
3 0.3 -1.5
1 -3.92889 -1.20545
1 1.22872 -0.937656
1 0.114225 -5.71104
1 4.49916 -0.547426
0 -4.05332 1.65394
0 1.3099 1.52355
1 2.68758 -4.4968
0 0.916969 -9.45182
0 2.62409 -6.74226
330
1 0.871367 -6.33912
0 -0.383821 1.50051
0 5.12601 1.74947
1 4.42005 -5.28134
0 2.91852 1.38123
3 0.3 1.5
3 -0.3 1.5
3 -0.3 -1.5
3 0.3 -1.5
1 -3.92613 -1.207
1 1.23019 -0.938446
1 0.115045 -5.71128
1 4.49959 -0.547859
0 -4.05448 1.65258
0 1.29994 1.52535
1 2.68823 -4.49738
0 0.917292 -9.45221
0 2.6661 -6.77279
334
1 0.871763 -6.33919
0 -0.383927 1.50032
0 5.1192 1.74834
1 4.42017 -5.28137
0 2.91858 1.38122
3 0.3 1.5
3 -0.3 1.5
3 -0.3 -1.5
3 0.3 -1.5
1 -3.92598 -1.20703
1 1.23034 -0.938475
1 0.115142 -5.71131
1 4.49974 -0.547884
0 -4.05545 1.65199
0 1.30002 1.52533
1 2.68823 -4.49738
0 0.917413 -9.45224
0 2.6663 -6.77283
338
1 0.872496 -6.33802
0 -0.383747 1.50099
0 5.11944 1.74933
1 4.3964 -5.26723
0 2.91867 1.3815
3 0.3 1.5
3 -0.3 1.5
3 -0.3 -1.5
3 0.3 -1.5
1 -3.92253 -1.2079
1 1.23445 -0.938577
1 0.104042 -5.70176
1 4.44549 -0.561777
0 -4.05531 1.65252
0 1.30014 1.52571
1 2.6888 -4.49675
0 0.894299 -9.42503
0 2.64526 -6.75746
342
1 0.872135 -6.33813
0 -0.383886 1.50092
0 5.11925 1.74924
1 4.39619 -5.26736
0 2.91861 1.38148
3 0.3 1.5
3 -0.3 1.5
3 -0.3 -1.5
3 0.3 -1.5
1 -3.91969 -1.20909
1 1.23063 -0.937972
1 0.0988642 -5.69772
1 4.45349 -0.561547
0 -4.05543 1.65246
0 1.30006 1.52567
1 2.6888 -4.49675
0 0.883251 -9.41296
0 2.64488 -6.75771
346
1 0.871923 -6.33869
0 -0.366422 1.50402
0 5.12011 1.74326
1 4.39619 -5.26791
0 2.93343 1.38353
3 0.3 1.5
3 -0.3 1.5
3 -0.3 -1.5
3 0.3 -1.5
1 -3.91965 -1.20956
1 1.23067 -0.938458
1 0.098894 -5.69819
1 4.45344 -0.562086
0 -4.05592 1.65129
0 1.30621 1.53128
1 2.6888 -4.49675
0 0.883248 -9.41345
0 2.64465 -6.75831
350
1 0.870703 -6.33845
0 -0.351861 1.50763
0 5.11223 1.74098
1 4.39557 -5.26769
0 2.93314 1.38362
3 0.3 1.5
3 -0.3 1.5
3 -0.3 -1.5
3 0.3 -1.5
1 -3.92025 -1.20939
1 1.23011 -0.9383
1 0.0983792 -5.698
1 4.45259 -0.561826
0 -4.05368 1.6526
0 1.30589 1.53137
1 2.68795 -4.49707
0 0.882677 -9.41325
0 2.64347 -6.7579
354
1 0.833992 -6.30664
0 -0.354918 1.50881
0 5.11181 1.7421
1 4.39932 -5.27105
0 2.9328 1.38428
3 0.3 1.5
3 -0.3 1.5
3 -0.3 -1.5
3 0.3 -1.5
1 -3.91619 -1.21054
1 1.23422 -0.938118
1 0.0981048 -5.69722
1 4.45224 -0.560854
0 -4.05645 1.65229
0 1.31291 1.52692
1 2.68773 -4.49646
0 0.882423 -9.41244
0 2.6106 -6.73319
358
1 0.807902 -6.28495
0 -0.355086 1.50876
0 5.11164 1.74205
1 4.39913 -5.27111
0 2.93274 1.38426
3 0.3 1.5
3 -0.3 1.5
3 -0.3 -1.5
3 0.3 -1.5
1 -3.91492 -1.21109
1 1.23889 -0.938776
1 0.0979991 -5.69725
1 4.44758 -0.559938
0 -4.05659 1.65225
0 1.31283 1.52689
1 2.68773 -4.49646
0 0.882305 -9.41246
0 2.61029 -6.73328
362
1 0.807618 -6.28526
0 -0.355101 1.50853
0 5.11162 1.74182
1 4.39906 -5.27135
0 2.9328 1.3841
3 0.3 1.5
3 -0.3 1.5
3 -0.3 -1.5
3 0.3 -1.5
1 -3.91495 -1.21127
1 1.23887 -0.938969
1 0.0979922 -5.69741
1 4.44752 -0.560156
0 -4.05552 1.65245
0 1.30527 1.52743
1 2.68773 -4.49646
0 0.882278 -9.41264
0 2.6101 -6.73354
366
1 0.835982 -6.31045
0 -0.355003 1.50794
0 5.11169 1.74128
1 4.39908 -5.27198
0 2.92856 1.3815
3 0.3 1.5
3 -0.3 1.5
3 -0.3 -1.5
3 0.3 -1.5
1 -3.91899 -1.2097
1 1.23626 -0.939128
1 0.0980539 -5.6978
1 4.42705 -0.560165
0 -4.05564 1.65151
0 1.30157 1.52998
1 2.68773 -4.49646
0 0.866748 -9.39316
0 2.61003 -6.73435
370
1 0.835834 -6.31019
0 -0.355055 1.50801
0 5.11165 1.74133
1 4.39903 -5.2719
0 2.92852 1.38155
3 0.3 1.5
3 -0.3 1.5
3 -0.3 -1.5
3 0.3 -1.5
1 -3.91694 -1.2106
1 1.24616 -0.94053
1 0.10294 -5.70194
1 4.42698 -0.560073
0 -4.05572 1.6516
0 1.30151 1.53008
1 2.68773 -4.49646
0 0.8667 -9.39309
0 2.60954 -6.73455
374
1 0.887126 -6.35211
0 -0.354673 1.5073
0 5.08304 1.7353
1 4.39924 -5.2727
0 2.92881 1.38089
3 0.3 1.5
3 -0.3 1.5
3 -0.3 -1.5
3 0.3 -1.5
1 -3.91352 -1.2128
1 1.24376 -0.94134
1 0.103115 -5.70256
1 4.45516 -0.551177
0 -4.05646 1.65018
0 1.29955 1.53358
1 2.68773 -4.49646
0 0.866854 -9.39376
0 2.60986 -6.73583
378
1 0.886729 -6.35474
0 -0.354745 1.50726
0 5.08297 1.73525
1 4.39917 -5.27274
0 2.92876 1.38086
3 0.3 1.5
3 -0.3 1.5
3 -0.3 -1.5
3 0.3 -1.5
1 -3.91433 -1.21253
1 1.23694 -0.941059
1 0.106591 -5.70441
1 4.47763 -0.551265
0 -4.05653 1.65014
0 1.29949 1.53354
1 2.68773 -4.49646
0 0.857551 -9.38276
0 2.60973 -6.7359
382
1 0.888155 -6.35517
0 -0.396548 1.49929
0 5.08328 1.73523
1 4.39939 -5.27274
0 2.92883 1.38088
3 0.3 1.5
3 -0.3 1.5
3 -0.3 -1.5
3 0.3 -1.5
1 -3.91389 -1.21263
1 1.23738 -0.941174
1 0.106784 -5.70444
1 4.4782 -0.551431
0 -4.05798 1.64925
0 1.29983 1.53348
1 2.68773 -4.49646
0 0.857954 -9.38291
0 2.61047 -6.73606
386
1 0.886709 -6.35364
0 -0.396608 1.49958
0 5.08265 1.73584
1 4.39892 -5.2722
0 2.92844 1.38133
3 0.3 1.5
3 -0.3 1.5
3 -0.3 -1.5
3 0.3 -1.5
1 -3.91457 -1.21191
1 1.23669 -0.94041
1 0.106345 -5.70389
1 4.47739 -0.550525
0 -4.05882 1.64949
0 1.2989 1.52929
1 2.68773 -4.49646
0 0.857342 -9.38212
0 2.60959 -6.73519
390
1 0.885544 -6.35273
0 -0.391591 1.50081
0 5.08206 1.73638
1 4.39344 -5.26946
0 2.92806 1.38175
3 0.3 1.5
3 -0.3 1.5
3 -0.3 -1.5
3 0.3 -1.5
1 -3.92057 -1.20882
1 1.24175 -0.940556
1 0.101327 -5.7
1 4.47669 -0.549885
0 -4.05831 1.6505
0 1.30372 1.52572
1 2.68773 -4.49646
0 0.856849 -9.38156
0 2.60888 -6.73456
394
1 0.886256 -6.35363
0 -0.390952 1.50005
0 5.09834 1.73727
1 4.39393 -5.27019
0 2.93771 1.38506
3 0.3 1.5
3 -0.3 1.5
3 -0.3 -1.5
3 0.3 -1.5
1 -3.9201 -1.20935
1 1.24222 -0.941143
1 0.101689 -5.7005
1 4.47718 -0.550495
0 -4.05919 1.64907
0 1.29277 1.52747
1 2.68773 -4.49646
0 0.85721 -9.38209
0 2.60935 -6.73516
398
1 0.886622 -6.35342
0 -0.402547 1.49816
0 5.09844 1.7374
1 4.39406 -5.27005
0 2.90828 1.38092
3 0.3 1.5
3 -0.3 1.5
3 -0.3 -1.5
3 0.3 -1.5
1 -3.91803 -1.21015
1 1.24389 -0.9411
1 0.106095 -5.70526
1 4.48144 -0.550907
0 -4.05908 1.64914
0 1.29294 1.52763
1 2.68773 -4.49646
0 0.857301 -9.382
0 2.60954 -6.73506
402
1 0.874037 -6.33879
0 -0.402681 1.49786
0 5.09836 1.73731
1 4.38779 -5.26779
0 2.9082 1.3807
3 0.3 1.5
3 -0.3 1.5
3 -0.3 -1.5
3 0.3 -1.5
1 -3.92584 -1.20666
1 1.25328 -0.943024
1 0.106348 -5.70447
1 4.46904 -0.550746
0 -4.05919 1.64889
0 1.29283 1.52743
1 2.68773 -4.49646
0 0.870265 -9.40003
0 2.60949 -6.73511
406
1 0.874189 -6.33861
0 -0.402616 1.49801
0 5.09839 1.73742
1 4.3879 -5.26758
0 2.90823 1.38082
3 0.3 1.5
3 -0.3 1.5
3 -0.3 -1.5
3 0.3 -1.5
1 -3.92578 -1.20654
1 1.25334 -0.942894
1 0.106394 -5.70436
1 4.46911 -0.550597
0 -4.06101 1.64792
0 1.29089 1.52621
1 2.68773 -4.49646
0 0.870329 -9.39991
0 2.60955 -6.73501
410
1 0.873956 -6.33867
0 -0.397964 1.49898
0 5.09834 1.73738
1 4.38773 -5.26762
0 2.90817 1.3808
3 0.3 1.5
3 -0.3 1.5
3 -0.3 -1.5
3 0.3 -1.5
1 -3.92272 -1.20796
1 1.25484 -0.943127
1 0.0818166 -5.68282
1 4.46783 -0.550742
0 -4.06178 1.64754
0 1.29078 1.52618
1 2.68773 -4.49646
0 0.870228 -9.39993
0 2.60946 -6.73505
414
1 0.910645 -6.36499
0 -0.397268 1.49841
0 5.09882 1.73698
1 4.36511 -5.25808
0 2.90863 1.38038
3 0.3 1.5
3 -0.3 1.5
3 -0.3 -1.5
3 0.3 -1.5
1 -3.92577 -1.20688
1 1.25701 -0.943914
1 0.0822931 -5.6833
1 4.47216 -0.552802
0 -4.06176 1.64668
0 1.27881 1.52752
1 2.68773 -4.49646
0 0.870671 -9.40036
0 2.60995 -6.73541
418
1 0.911703 -6.36576
0 -0.396517 1.49789
0 5.09474 1.73516
1 4.36611 -5.25893
0 2.90911 1.37998
3 0.3 1.5
3 -0.3 1.5
3 -0.3 -1.5
3 0.3 -1.5
1 -3.92513 -1.20734
1 1.25764 -0.944417
1 0.0827997 -5.68374
1 4.47295 -0.553422
0 -4.06444 1.64435
0 1.27124 1.52928
1 2.68773 -4.49646
0 0.871117 -9.40077
0 2.61038 -6.73577
422
1 0.921307 -6.37475
0 -0.396138 1.49792
0 5.09501 1.73519
1 4.3361 -5.24614
0 2.9093 1.37999
3 0.3 1.5
3 -0.3 1.5
3 -0.3 -1.5
3 0.3 -1.5
1 -3.92835 -1.20594
1 1.24573 -0.943125
1 0.083055 -5.68374
1 4.49201 -0.55278
0 -4.06399 1.6444
0 1.2717 1.52932
1 2.68773 -4.49646
0 0.878894 -9.41232
0 2.6106 -6.73576
426
1 0.921881 -6.37526
0 -0.395829 1.49759
0 5.09527 1.73484
1 4.29991 -5.23056
0 2.9095 1.3797
3 0.3 1.5
3 -0.3 1.5
3 -0.3 -1.5
3 0.3 -1.5
1 -3.93113 -1.20494
1 1.24594 -0.94363
1 0.0842329 -5.68533
1 4.49235 -0.553144
0 -4.0656 1.64257
0 1.27656 1.53354
1 2.68773 -4.49646
0 0.883654 -9.41899
0 2.61077 -6.73604
430
1 0.920658 -6.37619
0 -0.395989 1.49693
0 5.09521 1.73412
1 4.29863 -5.23151
0 2.9095 1.37912
3 0.3 1.5
3 -0.3 1.5
3 -0.3 -1.5
3 0.3 -1.5
1 -3.93152 -1.20553
1 1.24556 -0.944302
1 0.0839782 -5.6859
1 4.49199 -0.553861
0 -4.06312 1.64267
0 1.28195 1.54134
1 2.68773 -4.49646
0 0.883214 -9.41964
0 2.61061 -6.73666
434
1 0.921068 -6.37609
0 -0.395856 1.49695
0 5.09531 1.73416
1 4.29906 -5.23139
0 2.90957 1.37914
3 0.3 1.5
3 -0.3 1.5
3 -0.3 -1.5
3 0.3 -1.5
1 -3.93303 -1.20478
1 1.24615 -0.944497
1 0.0808223 -5.68382
1 4.49216 -0.55381
0 -4.06291 1.64272
0 1.28216 1.5414
1 2.68773 -4.49646
0 0.883394 -9.4196
0 2.65485 -6.7713
438
1 0.921061 -6.377
0 -0.395639 1.49634
0 5.09294 1.73121
1 4.29912 -5.23244
0 2.90976 1.37861
3 0.3 1.5
3 -0.3 1.5
3 -0.3 -1.5
3 0.3 -1.5
1 -3.93289 -1.20542
1 1.2463 -0.945204
1 0.0809261 -5.68445
1 4.49232 -0.554483
0 -4.06375 1.64106
0 1.29363 1.54935
1 2.68773 -4.49646
0 0.883438 -9.42023
0 2.65488 -6.77211
442
1 0.922385 -6.3774
0 -0.39501 1.49607
0 5.1125 1.73337
1 4.30059 -5.23297
0 2.91018 1.37837
3 0.3 1.5
3 -0.3 1.5
3 -0.3 -1.5
3 0.3 -1.5
1 -3.93289 -1.20548
1 1.25429 -0.946704
1 0.077484 -5.68214
1 4.45916 -0.554431
0 -4.06577 1.63916
0 1.28492 1.55063
1 2.68773 -4.49646
0 0.884059 -9.42052
0 2.65565 -6.77245
446
1 0.922796 -6.3774
0 -0.394871 1.49609
0 5.11278 1.73333
1 4.30102 -5.23302
0 2.91026 1.37838
3 0.3 1.5
3 -0.3 1.5
3 -0.3 -1.5
3 0.3 -1.5
1 -3.93513 -1.20438
1 1.23129 -0.943963
1 0.0704839 -5.67697
1 4.46522 -0.554391
0 -4.06545 1.63913
0 1.28524 1.55059
1 2.68773 -4.49646
0 0.884234 -9.42052
0 2.65587 -6.77245
450
1 0.92367 -6.37811
0 -0.39432 1.49556
0 5.13309 1.73199
1 4.30203 -5.23388
0 2.91065 1.37791
3 0.3 1.5
3 -0.3 1.5
3 -0.3 -1.5
3 0.3 -1.5
1 -3.93435 -1.20505
1 1.23211 -0.944684
1 0.0711831 -5.67771
1 4.46605 -0.555162
0 -4.0701 1.63525
0 1.28395 1.55531
1 2.68773 -4.49646
0 0.884677 -9.42106
0 2.65641 -6.77309
454
1 0.923985 -6.37832
0 -0.394092 1.49535
0 5.14408 1.73308
1 4.30238 -5.23413
0 2.91082 1.37772
3 0.3 1.5
3 -0.3 1.5
3 -0.3 -1.5
3 0.3 -1.5
1 -3.93552 -1.20464
1 1.18982 -0.939617
1 0.0733991 -5.68032
1 4.46434 -0.555647
0 -4.07035 1.63431
0 1.28754 1.55852
1 2.68773 -4.49646
0 0.884844 -9.42125
0 2.65661 -6.77331
458
1 0.924462 -6.37825
0 -0.393941 1.49538
0 5.14466 1.7332
1 4.30288 -5.23408
0 2.9109 1.37774
3 0.3 1.5
3 -0.3 1.5
3 -0.3 -1.5
3 0.3 -1.5
1 -3.93762 -1.20364
1 1.16758 -0.937055
1 0.0551619 -5.66566
1 4.46475 -0.555578
0 -4.06982 1.6344
0 1.28805 1.55861
1 2.77095 -4.53787
0 0.885037 -9.42122
0 2.65686 -6.77324
462
1 0.924708 -6.37823
0 -0.393868 1.49528
0 5.15054 1.73349
1 4.30305 -5.2339
0 2.91097 1.37767
3 0.3 1.5
3 -0.3 1.5
3 -0.3 -1.5
3 0.3 -1.5
1 -3.94037 -1.20224
1 1.16765 -0.936879
1 0.0463062 -5.65855
1 4.43193 -0.567281
0 -4.06974 1.63416
0 1.29471 1.56251
1 2.83741 -4.56845
0 0.88522 -9.42125
0 2.65705 -6.77323
466
1 0.924522 -6.37821
0 -0.378682 1.49786
0 5.15129 1.73285
1 4.28602 -5.22702
0 2.911 1.37761
3 0.3 1.5
3 -0.3 1.5
3 -0.3 -1.5
3 0.3 -1.5
1 -3.93919 -1.20274
1 1.17277 -0.93758
1 0.0314563 -5.64685
1 4.43158 -0.56712
0 -4.06942 1.6343
0 1.29427 1.56274
1 2.8365 -4.56757
0 0.8852 -9.42128
0 2.65701 -6.77324
470
1 0.924539 -6.37805
0 -0.378715 1.49806
0 5.15139 1.73313
1 4.28611 -5.22679
0 2.9189 1.38147
3 0.3 1.5
3 -0.3 1.5
3 -0.3 -1.5
3 0.3 -1.5
1 -3.93915 -1.20254
1 1.17282 -0.93739
1 0.0315188 -5.64665
1 4.43162 -0.56693
0 -4.07223 1.63286
0 1.29561 1.56126
1 2.83671 -4.56722
0 0.885169 -9.42112
0 2.65699 -6.77308
474
1 0.908029 -6.36661
0 -0.378699 1.49802
0 5.1516 1.733
1 4.26937 -5.22041
0 2.91894 1.38142
3 0.3 1.5
3 -0.3 1.5
3 -0.3 -1.5
3 0.3 -1.5
1 -3.94449 -1.20009
1 1.17019 -0.93763
1 0.0330763 -5.64835
1 4.4299 -0.565966
0 -4.07203 1.63275
0 1.29579 1.56114
1 2.83703 -4.56743
0 0.885184 -9.42113
0 2.65699 -6.77306
478
1 0.908092 -6.36649
0 -0.368266 1.4996
0 5.15159 1.73313
1 4.28764 -5.22764
0 2.91898 1.38145
3 0.3 1.5
3 -0.3 1.5
3 -0.3 -1.5
3 0.3 -1.5
1 -3.94583 -1.19937
1 1.16346 -0.937107
1 0.0272498 -5.644
1 4.4429 -0.565585
0 -4.07311 1.63191
0 1.29578 1.56123
1 2.83701 -4.5672
0 0.891816 -9.43121
0 2.65708 -6.77307
482
1 0.908167 -6.36641
0 -0.368249 1.49967
0 5.15164 1.73323
1 4.28772 -5.22746
0 2.91899 1.38148
3 0.3 1.5
3 -0.3 1.5
3 -0.3 -1.5
3 0.3 -1.5
1 -3.94462 -1.19987
1 1.16149 -0.937075
1 0.0276458 -5.64455
1 4.45557 -0.566295
0 -4.07307 1.63199
0 1.29582 1.56131
1 2.8371 -4.56704
0 0.891856 -9.43117
0 2.65712 -6.77305
486
1 0.908446 -6.36668
0 -0.36799 1.49938
0 5.15192 1.73293
1 4.28801 -5.22778
0 2.91919 1.38123
3 0.3 1.5
3 -0.3 1.5
3 -0.3 -1.5
3 0.3 -1.5
1 -3.94407 -1.20022
1 1.15285 -0.936516
1 0.0280803 -5.64616
1 4.44621 -0.566539
0 -4.07145 1.63222
0 1.29009 1.56336
1 2.8371 -4.56704
0 0.899277 -9.44261
0 2.65731 -6.77329
490
1 0.908371 -6.36665
0 -0.374392 1.49786
0 5.15185 1.73296
1 4.28791 -5.22771
0 2.91915 1.38124
3 0.3 1.5
3 -0.3 1.5
3 -0.3 -1.5
3 0.3 -1.5
1 -3.94415 -1.20015
1 1.15275 -0.936459
1 0.0279897 -5.64609
1 4.44611 -0.566468
0 -4.07231 1.63166
0 1.29001 1.5634
1 2.8371 -4.56704
0 0.899223 -9.44258
0 2.65727 -6.7733
494
1 0.905315 -6.36175
0 -0.374558 1.49801
0 5.15174 1.73302
1 4.30693 -5.23649
0 2.91911 1.38126
3 0.3 1.5
3 -0.3 1.5
3 -0.3 -1.5
3 0.3 -1.5
1 -3.93986 -1.20211
1 1.16144 -0.938133
1 0.0264489 -5.64433
1 4.46743 -0.56645
0 -4.07253 1.63177
0 1.28986 1.56348
1 2.83714 -4.56711
0 0.899133 -9.4425
0 2.65723 -6.77332
498
1 0.909047 -6.36241
0 -0.374507 1.49809
0 5.15181 1.73308
1 4.30705 -5.23632
0 2.91914 1.38128
3 0.3 1.5
3 -0.3 1.5
3 -0.3 -1.5
3 0.3 -1.5
1 -3.93738 -1.20318
1 1.16449 -0.938376
1 0.0265279 -5.64423
1 4.46752 -0.56629
0 -4.07247 1.63183
0 1.28992 1.56354
1 2.83723 -4.56703
0 0.873188 -9.41338
0 2.65732 -6.7733
502
1 0.909195 -6.36152
0 -0.367118 1.49939
0 5.15753 1.7338
1 4.32645 -5.24398
0 2.91921 1.38128
3 0.3 1.5
3 -0.3 1.5
3 -0.3 -1.5
3 0.3 -1.5
1 -3.93661 -1.20357
1 1.16822 -0.938715
1 0.0266126 -5.6441
1 4.4676 -0.566112
0 -4.07339 1.63132
0 1.28999 1.5636
1 2.83731 -4.56695
0 0.873268 -9.41327
0 2.65738 -6.77332
506
1 0.909947 -6.36223
0 -0.366575 1.49896
0 5.17235 1.73493
1 4.32707 -5.24458
0 2.91945 1.381
3 0.3 1.5
3 -0.3 1.5
3 -0.3 -1.5
3 0.3 -1.5
1 -3.93398 -1.20499
1 1.17135 -0.939744
1 0.0253446 -5.64306
1 4.46814 -0.566586
0 -4.07425 1.63036
0 1.28998 1.5665
1 2.83767 -4.56726
0 0.873484 -9.41283
0 2.65754 -6.7736
510
1 0.911052 -6.36302
0 -0.365876 1.49851
0 5.1762 1.73426
1 4.32795 -5.24522
0 2.91971 1.38074
3 0.3 1.5
3 -0.3 1.5
3 -0.3 -1.5
3 0.3 -1.5
1 -3.93324 -1.20546
1 1.17216 -0.940282
1 0.0260148 -5.64354
1 4.46886 -0.567073
0 -4.07711 1.62806
0 1.28529 1.56827
1 2.83817 -4.56756
0 0.874065 -9.41336
0 2.65772 -6.77386
514
0 -0.838425 -7.33533
1 0.924207 -6.372
0 -0.365722 1.49859
0 5.17636 1.7344
1 4.31156 -5.23772
0 2.9198 1.38071
3 0.3 1.5
3 -0.3 1.5
3 -0.3 -1.5
3 0.3 -1.5
1 -3.93048 -1.20682
1 1.17944 -0.941768
1 0.0305536 -5.64754
1 4.47224 -0.562489
0 -4.07698 1.62819
0 1.28544 1.56835
1 2.83828 -4.56755
0 0.874171 -9.41329
0 2.65783 -6.77388
518
0 -0.83409 -7.33374
1 0.910975 -6.36097
0 -0.36228 1.49971
0 5.17346 1.73385
1 4.3122 -5.23765
0 2.91982 1.38074
3 0.3 1.5
3 -0.3 1.5
3 -0.3 -1.5
3 0.3 -1.5
1 -3.93346 -1.20551
1 1.18448 -0.942441
1 0.0309583 -5.64753
1 4.48667 -0.562597
0 -4.07859 1.62708
0 1.28571 1.5684
1 2.88441 -4.59042
0 0.855061 -9.3906
0 2.65784 -6.77385
522
0 -0.866276 -7.29683
1 0.902717 -6.35588
0 -0.362241 1.49985
0 5.17352 1.73405
1 4.31235 -5.23746
0 2.91986 1.38077
3 0.3 1.5
3 -0.3 1.5
3 -0.3 -1.5
3 0.3 -1.5
1 -3.93186 -1.20608
1 1.18947 -0.943283
1 0.0310772 -5.64744
1 4.48019 -0.562414
0 -4.07857 1.62716
0 1.28574 1.56848
1 2.83226 -4.57401
0 0.855191 -9.3905
0 2.65786 -6.77382
526
0 -0.859995 -7.29761
1 0.888358 -6.34344
0 -0.384683 1.49537
0 5.17417 1.73399
1 4.3131 -5.23755
0 2.92695 1.38141
3 0.3 1.5
3 -0.3 1.5
3 -0.3 -1.5
3 0.3 -1.5
1 -3.93175 -1.20617
1 1.19343 -0.944112
1 0.0315144 -5.64753
1 4.47983 -0.562389
0 -4.0813 1.62555
0 1.28606 1.56846
1 2.88687 -4.59002
0 0.855683 -9.3907
0 2.65774 -6.77383
530
0 -0.86 -7.29755
1 0.893551 -6.34999
0 -0.384779 1.49527
0 5.17409 1.73383
1 4.33003 -5.24766
0 2.92684 1.3813
3 0.3 1.5
3 -0.3 1.5
3 -0.3 -1.5
3 0.3 -1.5
1 -3.93077 -1.20697
1 1.19312 -0.944223
1 0.0348711 -5.65008
1 4.49493 -0.559021
0 -4.08139 1.6255
0 1.28597 1.56835
1 2.94088 -4.60268
0 0.855497 -9.39082
0 2.65754 -6.77395
534
0 -0.859513 -7.29761
1 0.893798 -6.35003
0 -0.376186 1.49716
0 5.17418 1.73383
1 4.33015 -5.24766
0 2.94456 1.38321
3 0.3 1.5
3 -0.3 1.5
3 -0.3 -1.5
3 0.3 -1.5
1 -3.93065 -1.20698
1 1.19323 -0.944226
1 0.0349609 -5.65009
1 4.49505 -0.559024
0 -4.08293 1.62458
0 1.28602 1.56835
1 2.94115 -4.6026
0 0.855581 -9.39083
0 2.65758 -6.77395
538
0 -0.853653 -7.30078
1 0.896553 -6.3518
0 -0.37449 1.49629
0 5.1753 1.73312
1 4.33152 -5.24862
0 2.97165 1.38345
3 0.3 1.5
3 -0.3 1.5
3 -0.3 -1.5
3 0.3 -1.5
1 -3.92938 -1.20775
1 1.19457 -0.945117
1 0.0358708 -5.65073
1 4.49656 -0.560072
0 -4.08636 1.62166
0 1.27218 1.57017
1 2.94521 -4.60526
0 0.856394 -9.39153
0 2.65788 -6.77435
542
0 -0.850869 -7.30072
1 0.898614 -6.35408
0 -0.373844 1.49617
0 5.17578 1.73288
1 4.3384 -5.25445
0 2.96005 1.38089
3 0.3 1.5
3 -0.3 1.5
3 -0.3 -1.5
3 0.3 -1.5
1 -3.92936 -1.20797
1 1.19696 -0.945752
1 0.0363231 -5.65096
1 4.51115 -0.560436
0 -4.0869 1.62078
0 1.2593 1.57007
1 2.94757 -4.60499
0 0.856739 -9.3918
0 2.70405 -6.80831
546
0 -0.84821 -7.30007
1 0.892156 -6.34982
0 -0.373458 1.49636
0 5.17603 1.73292
1 4.32795 -5.25161
0 2.9606 1.38149
3 0.3 1.5
3 -0.3 1.5
3 -0.3 -1.5
3 0.3 -1.5
1 -3.93012 -1.20776
1 1.19775 -0.94616
1 0.0366442 -5.65098
1 4.52834 -0.560701
0 -4.08644 1.62103
0 1.25964 1.57028
1 2.94988 -4.60413
0 0.856956 -9.39185
0 2.70478 -6.80827
550
0 -0.848434 -7.30022
1 0.89212 -6.34999
0 -0.361642 1.49566
0 5.17497 1.73164
1 4.32804 -5.25186
0 2.95701 1.37967
3 0.3 1.5
3 -0.3 1.5
3 -0.3 -1.5
3 0.3 -1.5
1 -3.92993 -1.20802
1 1.19791 -0.946442
1 0.036841 -5.65129
1 4.5285 -0.560981
0 -4.08715 1.62004
0 1.24898 1.57091
1 2.94979 -4.6043
0 0.857157 -9.39217
0 2.70498 -6.80858
554
0 -0.847884 -7.29918
1 0.892958 -6.34921
0 -0.34743 1.49769
0 5.1896 1.73301
1 4.32862 -5.25119
0 2.95683 1.38064
3 0.3 1.5
3 -0.3 1.5
3 -0.3 -1.5
3 0.3 -1.5
1 -3.92936 -1.20836
1 1.19731 -0.946696
1 0.0379638 -5.65243
1 4.52868 -0.560456
0 -4.08556 1.62101
0 1.24899 1.57124
1 2.98967 -4.62585
0 0.857342 -9.39216
0 2.70553 -6.80835
558
0 -0.848194 -7.29904
1 0.892805 -6.34909
0 -0.333567 1.49889
0 5.18953 1.73303
1 4.32858 -5.25114
0 2.95668 1.38071
3 0.3 1.5
3 -0.3 1.5
3 -0.3 -1.5
3 0.3 -1.5
1 -3.92936 -1.20836
1 1.19728 -0.946678
1 0.0379973 -5.65246
1 4.52866 -0.560433
0 -4.08602 1.62075
0 1.24893 1.57123
1 2.98939 -4.62557
0 0.857411 -9.39222
0 2.70559 -6.80838
562
0 -0.846494 -7.29899
1 0.89424 -6.34918
0 -0.325791 1.49947
0 5.19004 1.73304
1 4.32944 -5.25113
0 2.9574 1.38088
3 0.3 1.5
3 -0.3 1.5
3 -0.3 -1.5
3 0.3 -1.5
1 -3.93006 -1.20829
1 1.19776 -0.947012
1 0.0421595 -5.65574
1 4.55543 -0.557197
0 -4.08688 1.62017
0 1.24939 1.57126
1 2.99141 -4.62516
0 0.857586 -9.39233
0 2.75149 -6.83933
566
0 -0.843764 -7.29919
1 0.896402 -6.34952
0 -0.333545 1.49454
0 5.17671 1.72979
1 4.33073 -5.25124
0 2.95855 1.3809
3 0.3 1.5
3 -0.3 1.5
3 -0.3 -1.5
3 0.3 -1.5
1 -3.92958 -1.20853
1 1.18848 -0.946384
1 0.0385926 -5.65284
1 4.58379 -0.554213
0 -4.0898 1.61831
0 1.25008 1.57122
1 2.99437 -4.62499
0 0.85792 -9.39255
0 2.75318 -6.83948
570
0 -0.84247 -7.29904
1 0.88061 -6.33865
0 -0.33311 1.49519
0 5.17703 1.73011
1 4.33135 -5.2511
0 2.95896 1.3812
3 0.3 1.5
3 -0.3 1.5
3 -0.3 -1.5
3 0.3 -1.5
1 -3.9292 -1.20884
1 1.18923 -0.946751
1 0.0392145 -5.65282
1 4.59882 -0.554413
0 -4.0893 1.61866
0 1.2503 1.57132
1 2.99595 -4.62443
0 0.857963 -9.39258
0 2.75411 -6.8393
574
0 -0.840468 -7.29894
1 0.882823 -6.33859
0 -0.330403 1.49491
0 5.17771 1.73039
1 4.35358 -5.26178
0 2.9597 1.38145
3 0.3 1.5
3 -0.3 1.5
3 -0.3 -1.5
3 0.3 -1.5
1 -3.9268 -1.20975
1 1.17222 -0.944887
1 0.0377482 -5.65204
1 4.60818 -0.554897
0 -4.09122 1.6175
0 1.25076 1.57142
1 2.99813 -4.62393
0 0.858248 -9.39265
0 2.75544 -6.83918
578
0 -0.837956 -7.29882
1 0.870838 -6.33172
0 -0.329059 1.49608
0 5.17844 1.73082
1 4.35547 -5.26118
0 2.96055 1.38186
3 0.3 1.5
3 -0.3 1.5
3 -0.3 -1.5
3 0.3 -1.5
1 -3.92901 -1.20899
1 1.15811 -0.94355
1 0.0404257 -5.6542
1 4.62252 -0.554267
0 -4.08976 1.61827
0 1.25124 1.57157
1 3.03751 -4.63643
0 0.858365 -9.39271
0 2.75707 -6.83896
582
0 -0.836792 -7.29946
1 0.872441 -6.33283
0 -0.327181 1.49536
0 5.17455 1.72844
1 4.35629 -5.26187
0 2.96136 1.38136
3 0.3 1.5
3 -0.3 1.5
3 -0.3 -1.5
3 0.3 -1.5
1 -3.92803 -1.20961
1 1.15936 -0.944309
1 0.0412708 -5.65488
1 4.62373 -0.555155
0 -4.09346 1.61514
0 1.23962 1.57337
1 3.03935 -4.63758
0 0.858627 -9.3931
0 2.75775 -6.83954
586
0 -0.836589 -7.29949
1 0.87278 -6.33282
0 -0.337958 1.49022
0 5.1714 1.72712
1 4.35647 -5.26189
0 2.96144 1.38129
3 0.3 1.5
3 -0.3 1.5
3 -0.3 -1.5
3 0.3 -1.5
1 -3.92779 -1.20961
1 1.15948 -0.944278
1 0.0414801 -5.65496
1 4.62382 -0.555085
0 -4.09624 1.61344
0 1.23965 1.57335
1 3.0397 -4.63736
0 0.858704 -9.39321
0 2.75793 -6.83961
590
0 -0.836215 -7.29986
1 0.873407 -6.33341
0 -0.337061 1.48978
0 5.16253 1.72376
1 4.35678 -5.26229
0 2.98535 1.38222
3 0.3 1.5
3 -0.3 1.5
3 -0.3 -1.5
3 0.3 -1.5
1 -3.92738 -1.20998
1 1.15999 -0.944714
1 0.0418248 -5.65536
1 4.62431 -0.555568
0 -4.09941 1.61088
0 1.23935 1.57652
1 3.04045 -4.63802
0 0.858833 -9.39351
0 2.7582 -6.83998
594
0 -0.83431 -7.30029
1 0.866947 -6.32831
1 5.04477 -3.2587
0 -0.33546 1.49053
0 5.1638 1.72495
1 4.36963 -5.26801
0 2.98588 1.38276
3 0.3 1.5
3 -0.3 1.5
3 -0.3 -1.5
3 0.3 -1.5
1 -3.92947 -1.20947
1 1.14964 -0.942929
1 0.0428359 -5.65482
1 4.63621 -0.555093
0 -4.09741 1.6118
0 1.24001 1.57728
1 3.04446 -4.63658
0 0.858975 -9.39381
0 2.75952 -6.83993
598
0 -0.834078 -7.30033
1 0.865665 -6.32696
1 5.01488 -3.27229
0 -0.322506 1.49125
0 5.14233 1.72044
1 4.3698 -5.26814
0 2.986 1.38272
3 0.3 1.5
3 -0.3 1.5
3 -0.3 -1.5
3 0.3 -1.5
1 -3.93019 -1.20908
1 1.1494 -0.942885
1 0.0427216 -5.65463
1 4.63654 -0.555101
0 -4.09979 1.6103
0 1.24154 1.57759
1 3.04795 -4.63818
0 0.859104 -9.39389
0 2.75972 -6.84002
602
0 -0.833615 -7.3004
1 0.862032 -6.32603
1 4.90427 -3.23567
0 -0.32499 1.48928
0 5.14221 1.72111
1 4.36959 -5.26956
0 3.00666 1.38506
3 0.3 1.5
3 -0.3 1.5
3 -0.3 -1.5
3 0.3 -1.5
1 -3.93027 -1.20909
1 1.15088 -0.943161
1 0.0440311 -5.65518
1 4.63851 -0.554709
0 -4.10015 1.61006
0 1.24224 1.57804
1 3.0494 -4.63774
0 0.859132 -9.39399
0 2.75336 -6.84184
606
0 -0.833304 -7.3007
1 0.857214 -6.325
1 4.90617 -3.23456
0 -0.323591 1.48918
0 5.14325 1.72088
1 4.37075 -5.26989
0 3.02189 1.38568
3 0.3 1.5
3 -0.3 1.5
3 -0.3 -1.5
3 0.3 -1.5
1 -3.93212 -1.2086
1 1.14794 -0.943099
1 0.0447031 -5.65559
1 4.66251 -0.55308
0 -4.10081 1.60909
0 1.2354 1.57876
1 3.05053 -4.63806
0 0.859138 -9.39422
0 2.75536 -6.8424
610
0 -0.832626 -7.30079
1 0.858917 -6.32428
1 4.91052 -3.23224
0 -0.310844 1.48992
0 5.14347 1.72111
1 4.39099 -5.27851
0 3.04199 1.38794
3 0.3 1.5
3 -0.3 1.5
3 -0.3 -1.5
3 0.3 -1.5
1 -3.93349 -1.20799
1 1.14207 -0.942663
1 0.0485234 -5.65876
1 4.66537 -0.554097
0 -4.10173 1.60855
0 1.23581 1.57899
1 3.05187 -4.63794
0 0.859364 -9.39431
0 2.80136 -6.87316
614
0 -0.832325 -7.30084
1 0.862282 -6.32733
1 4.91422 -3.23021
0 -0.310395 1.49052
0 5.144 1.72139
1 4.40094 -5.28292
0 3.04217 1.38875
3 0.3 1.5
3 -0.3 1.5
3 -0.3 -1.5
3 0.3 -1.5
1 -3.93383 -1.20802
1 1.14403 -0.94293
1 0.0495847 -5.65901
1 4.66927 -0.554562
0 -4.10101 1.60899
0 1.2361 1.57923
1 3.05288 -4.63782
0 0.859342 -9.39432
0 2.80502 -6.87334
618
0 -0.832116 -7.30112
1 0.864159 -6.32782
1 4.91627 -3.22966
0 -0.310074 1.49052
0 5.16182 1.72333
1 4.42324 -5.29474
0 3.04249 1.3889
3 0.3 1.5
3 -0.3 1.5
3 -0.3 -1.5
3 0.3 -1.5
1 -3.93681 -1.20712
1 1.14853 -0.943843
1 0.0524324 -5.66119
1 4.66975 -0.554476
0 -4.09839 1.61003
0 1.23098 1.58057
1 3.0532 -4.63791
0 0.859418 -9.39452
0 2.80671 -6.87358
622
0 -0.832116 -7.30112
1 0.864966 -6.32866
1 4.91751 -3.2308
0 -0.30901 1.48999
0 5.17265 1.72331
1 4.42386 -5.29562
0 3.04349 1.38826
3 0.3 1.5
3 -0.3 1.5
3 -0.3 -1.5
3 0.3 -1.5
1 -3.93641 -1.20757
1 1.14921 -0.944469
1 0.0528565 -5.66169
1 4.67042 -0.555153
0 -4.09906 1.60882
0 1.21962 1.58218
1 3.05358 -4.6384
0 0.859573 -9.39485
0 2.80738 -6.87433
626
0 -0.832116 -7.30112
1 0.866816 -6.32826
1 4.92051 -3.22963
0 -0.308729 1.49026
0 5.17314 1.72422
1 4.42619 -5.29489
0 3.0438 1.38872
3 0.3 1.5
3 -0.3 1.5
3 -0.3 -1.5
3 0.3 -1.5
1 -3.93788 -1.20698
1 1.15296 -0.945681
1 0.0555921 -5.66457
1 4.67264 -0.554738
0 -4.09788 1.60942
0 1.22019 1.58284
1 3.07533 -4.64832
0 0.859645 -9.39487
0 2.81017 -6.87454
630
0 -0.832116 -7.30112
1 0.866605 -6.33124
1 4.92304 -3.22945
0 -0.30872 1.48997
0 5.18546 1.72374
1 4.42903 -5.29537
0 3.04395 1.3886
3 0.3 1.5
3 -0.3 1.5
3 -0.3 -1.5
3 0.3 -1.5
1 -3.94065 -1.20605
1 1.15934 -0.947097
1 0.0573893 -5.66544
1 4.67232 -0.554778
0 -4.09814 1.60877
0 1.21445 1.58383
1 3.07767 -4.64833
0 0.859659 -9.39509
0 2.814 -6.87635
634
1 6.43577 -0.655136
0 -0.832116 -7.30112
1 0.854648 -6.32618
1 4.92487 -3.22934
0 -0.308157 1.48987
0 5.19778 1.7252
1 4.43077 -5.29556
0 3.04444 1.38856
3 0.3 1.5
3 -0.3 1.5
3 -0.3 -1.5
3 0.3 -1.5
1 -3.94307 -1.20527
1 1.15992 -0.948172
1 0.0581574 -5.66564
1 4.6728 -0.554875
0 -4.09656 1.6092
0 1.21757 1.58677
1 2.93414 -4.58306
0 0.859646 -9.3953
0 2.81575 -6.87695
638
1 6.42994 -0.643178
0 -0.831423 -7.30237
1 0.842376 -6.32021
1 4.92658 -3.22887
0 -0.307822 1.48996
0 5.19801 1.72615
1 4.43203 -5.29534
0 3.04472 1.38872
3 0.3 1.5
3 -0.3 1.5
3 -0.3 -1.5
3 0.3 -1.5
1 -3.94506 -1.20463
1 1.16024 -0.94874
1 0.0599129 -5.6666
1 4.68386 -0.556455
0 -4.09567 1.60965
0 1.21932 1.58773
1 2.94541 -4.58113
0 0.859512 -9.39539
0 2.81743 -6.87739
642
1 6.46491 -0.634732
0 -0.831416 -7.30249
1 0.829143 -6.31142
1 4.92831 -3.22857
0 -0.296286 1.49125
0 5.21814 1.7288
1 4.43383 -5.29549
0 3.04512 1.38877
3 0.3 1.5
3 -0.3 1.5
3 -0.3 -1.5
3 0.3 -1.5
1 -3.94548 -1.2047
1 1.16077 -0.94819
1 0.0613076 -5.66727
1 4.68729 -0.556327
0 -4.09699 1.60875
0 1.22172 1.58855
1 2.9513 -4.58008
0 0.859489 -9.39551
0 2.81911 -6.87787
646
1 6.48158 -0.629674
0 -0.831211 -7.30257
1 0.82858 -6.3127
1 4.93034 -3.22817
0 -0.277839 1.4928
0 5.22269 1.72867
1 4.44849 -5.30255
0 3.0457 1.38881
3 0.3 1.5
3 -0.3 1.5
3 -0.3 -1.5
3 0.3 -1.5
1 -3.94627 -1.20413
1 1.16476 -0.949794
1 0.0628917 -5.66801
1 4.69256 -0.557541
0 -4.1032 1.60506
0 1.22292 1.58878
1 2.96389 -4.58274
0 0.859609 -9.39564
0 2.8538 -6.89797
650
1 6.48159 -0.629296
0 -0.831145 -7.30262
1 0.825195 -6.30967
1 4.93033 -3.22819
0 -0.280697 1.4903
0 5.22999 1.72862
1 4.44791 -5.30225
0 3.0457 1.38875
3 0.3 1.5
3 -0.3 1.5
3 -0.3 -1.5
3 0.3 -1.5
1 -3.94912 -1.20283
1 1.16341 -0.949661
1 0.0629475 -5.66808
1 4.69161 -0.55749
0 -4.10413 1.60438
0 1.2229 1.58874
1 2.96406 -4.58274
0 0.859681 -9.39571
0 2.85658 -6.89992
654
1 6.5356 -0.65364
0 -0.831154 -7.30292
1 0.840022 -6.32489
1 4.93165 -3.22843
0 -0.279555 1.49079
0 5.23954 1.72824
1 4.45102 -5.30282
0 3.0462 1.38856
3 0.3 1.5
3 -0.3 1.5
3 -0.3 -1.5
3 0.3 -1.5
1 -3.9498 -1.20295
1 1.16477 -0.94953
1 0.063883 -5.66867
1 4.69278 -0.557303
0 -4.1036 1.60415
0 1.21528 1.58957
1 2.96957 -4.58342
0 0.859663 -9.39593
0 2.86201 -6.902
658
1 6.54685 -0.646812
0 -0.830949 -7.30321
1 0.841119 -6.32743
1 4.93284 -3.22854
0 -0.278667 1.49116
0 5.25087 1.72847
1 4.44873 -5.30246
0 3.04663 1.38841
3 0.3 1.5
3 -0.3 1.5
3 -0.3 -1.5
3 0.3 -1.5
1 -3.95029 -1.20285
1 1.15587 -0.949899
1 0.0647651 -5.6692
1 4.70396 -0.558854
0 -4.1031 1.60391
0 1.20217 1.58966
1 2.97419 -4.58392
0 0.85976 -9.39614
0 2.86655 -6.90369
662
1 6.55333 -0.641321
0 -0.830981 -7.3033
1 0.839151 -6.32789
1 4.93345 -3.2285
0 -0.278633 1.49158
0 5.2511 1.7296
1 4.42041 -5.29185
0 3.04675 1.38842
3 0.3 1.5
3 -0.3 1.5
3 -0.3 -1.5
3 0.3 -1.5
1 -3.95183 -1.20225
1 1.15085 -0.949936
1 0.0651966 -5.66943
1 4.70459 -0.558266
0 -4.10156 1.6047
0 1.20222 1.59011
1 2.97709 -4.58406
0 0.859689 -9.39618
0 2.86944 -6.90468
666
1 6.55963 -0.636853
0 -0.830936 -7.30336
1 0.839606 -6.32906
1 4.93345 -3.2285
0 -0.254512 1.49441
0 5.236 1.72745
1 4.42601 -5.29242
0 3.04694 1.3884
3 0.3 1.5
3 -0.3 1.5
3 -0.3 -1.5
3 0.3 -1.5
1 -3.9512 -1.20233
1 1.14715 -0.950288
1 0.0657165 -5.66968
1 4.71427 -0.559742
0 -4.10724 1.60127
0 1.20263 1.59043
1 2.97971 -4.58418
0 0.859833 -9.39628
0 2.89825 -6.91924
670
1 6.56318 -0.634105
0 -0.830582 -7.30365
1 0.829416 -6.32064
1 4.93452 -3.22847
0 -0.25485 1.49452
0 5.29435 1.72751
1 4.45402 -5.30564
0 3.0472 1.38819
3 0.3 1.5
3 -0.3 1.5
3 -0.3 -1.5
3 0.3 -1.5
1 -3.95404 -1.20123
1 1.14569 -0.950893
1 0.0661994 -5.67004
1 4.7046 -0.560763
0 -4.10629 1.60132
0 1.19102 1.59051
1 2.98146 -4.58446
0 0.860066 -9.39652
0 2.90433 -6.9216
674
1 6.55655 -0.635823
0 -0.829759 -7.30432
1 0.825071 -6.31833
1 4.93555 -3.22942
0 -0.254667 1.49385
0 5.31729 1.72538
1 4.45266 -5.30578
0 3.04779 1.3877
3 0.3 1.5
3 -0.3 1.5
3 -0.3 -1.5
3 0.3 -1.5
1 -3.95798 -1.20036
1 1.14554 -0.95147
1 0.066622 -5.67047
1 4.70458 -0.561343
0 -4.08898 1.61126
0 1.16335 1.58835
1 2.98164 -4.58512
0 0.860397 -9.39688
0 2.90283 -6.92125
678
1 6.55655 -0.635823
0 -0.829567 -7.3045
1 0.825818 -6.3188
1 4.93574 -3.22956
0 -0.225353 1.49664
0 5.30743 1.72395
1 4.45277 -5.30577
0 3.04794 1.38753
3 0.3 1.5
3 -0.3 1.5
3 -0.3 -1.5
3 0.3 -1.5
1 -3.95737 -1.20066
1 1.14573 -0.95155
1 0.06683 -5.67063
1 4.70482 -0.561395
0 -4.08874 1.6115
0 1.16315 1.58833
1 2.98183 -4.58524
0 0.860636 -9.39704
0 2.90347 -6.92166
682
1 6.7091 -0.663736
0 -0.829791 -7.30474
1 0.810465 -6.31267
1 4.93613 -3.23
0 -0.229562 1.49625
0 5.30634 1.72692
1 4.45959 -5.30671
0 3.04805 1.38739
3 0.3 1.5
3 -0.3 1.5
3 -0.3 -1.5
3 0.3 -1.5
1 -3.96399 -1.19813
1 1.15219 -0.953356
1 0.0669423 -5.67081
1 4.70575 -0.560657
0 -4.08279 1.61472
0 1.16251 1.58941
1 2.98334 -4.58568
0 0.860428 -9.39708
0 2.91006 -6.92435
686
1 6.83449 -0.690087
0 -0.829014 -7.30502
1 0.80923 -6.31118
1 4.93701 -3.23018
0 -0.233376 1.49548
0 5.30188 1.72554
1 4.44614 -5.30272
0 3.04834 1.38725
3 0.3 1.5
3 -0.3 1.5
3 -0.3 -1.5
3 0.3 -1.5
1 -3.96401 -1.19812
1 1.14645 -0.955313
1 0.0606155 -5.66764
1 4.70594 -0.560629
0 -4.07337 1.62024
0 1.15822 1.59039
1 2.98408 -4.58589
0 0.860688 -9.39722
0 2.90911 -6.92342
690
1 6.83555 -0.691901
0 -0.828216 -7.30533
1 0.809953 -6.31157
1 4.93779 -3.23052
0 -0.232298 1.49521
0 5.30309 1.72506
1 4.44656 -5.30303
0 3.0488 1.38701
3 0.3 1.5
3 -0.3 1.5
3 -0.3 -1.5
3 0.3 -1.5
1 -3.96383 -1.19825
1 1.14703 -0.955664
1 0.0610541 -5.66786
1 4.70654 -0.560935
0 -4.07109 1.62093
0 1.14218 1.58741
1 2.98481 -4.58621
0 0.86107 -9.39742
0 2.90967 -6.92371
694
0 4.28663 -8.02885
1 6.92878 -0.722824
0 -0.828413 -7.30559
1 0.797812 -6.30571
1 4.93817 -3.23053
0 -0.234216 1.49579
0 5.30148 1.72773
1 4.46451 -5.316
0 3.04906 1.387
3 0.3 1.5
3 -0.3 1.5
3 -0.3 -1.5
3 0.3 -1.5
1 -3.9621 -1.19906
1 1.14806 -0.959108
1 0.044706 -5.65448
1 4.70721 -0.560472
0 -4.06877 1.62226
0 1.13884 1.58865
1 2.98556 -4.58642
0 0.86121 -9.39739
0 2.91297 -6.92503
698
0 7.32279 1.76022
0 4.26266 -8.00202
1 6.90383 -0.716194
0 -0.827761 -7.30569
1 0.7955 -6.30236
1 4.93851 -3.23027
0 -0.204207 1.49854
0 5.30072 1.72842
1 4.45811 -5.31771
0 3.04917 1.38697
3 0.3 1.5
3 -0.3 1.5
3 -0.3 -1.5
3 0.3 -1.5
1 -3.96565 -1.19694
1 1.14498 -0.960917
1 0.0377787 -5.6503
1 4.71701 -0.563152
0 -4.07105 1.62073
0 1.13971 1.58931
1 2.98603 -4.58629
0 0.861642 -9.39751
0 2.91852 -6.92859
702
0 7.31958 1.76677
0 4.26119 -7.99799
1 6.90256 -0.713613
0 -0.827671 -7.3058
1 0.795835 -6.30246
1 4.93853 -3.23032
0 -0.20556 1.49484
0 5.28339 1.7247
1 4.45931 -5.31778
0 3.04922 1.38684
3 0.3 1.5
3 -0.3 1.5
3 -0.3 -1.5
3 0.3 -1.5
1 -3.96457 -1.19739
1 1.14506 -0.960677
1 0.0382273 -5.65061
1 4.71695 -0.563056
0 -4.0731 1.61947
0 1.13882 1.58931
1 2.98607 -4.58633
0 0.861759 -9.39767
0 2.91869 -6.92872
706
0 7.25825 1.7484
1 6.76098 -3.79526
0 4.26286 -7.98833
1 6.81442 -0.718726
0 -0.827118 -7.30583
1 0.798701 -6.30343
1 4.93897 -3.23005
0 -0.178258 1.49844
0 5.28137 1.7258
1 4.45081 -5.31633
0 3.04942 1.38684
3 0.3 1.5
3 -0.3 1.5
3 -0.3 -1.5
3 0.3 -1.5
1 -3.96032 -1.19876
1 1.15016 -0.962925
1 0.0208479 -5.63864
1 4.71715 -0.562477
0 -4.07571 1.61787
0 1.13735 1.58957
1 2.98671 -4.58619
0 0.862124 -9.39775
0 2.91982 -6.92894
710
0 7.26945 1.77344
1 6.77456 -3.7725
0 4.15789 -7.96876
1 0.0554999 -0.886277
1 6.86597 -0.74425
0 -0.828156 -7.30606
1 0.701548 -6.24344
1 4.93838 -3.22995
0 -0.184837 1.49909
0 5.27897 1.72673
1 4.4658 -5.32496
0 3.04898 1.38687
3 0.3 1.5
3 -0.3 1.5
3 -0.3 -1.5
3 0.3 -1.5
1 -3.95516 -1.20078
1 1.14924 -0.965013
1 0.0283865 -5.64348
1 4.71668 -0.561997
0 -4.07608 1.61789
0 1.13763 1.59024
1 2.96186 -4.58829
0 0.861713 -9.39774
0 2.92006 -6.92934
714
0 7.26924 1.77434
1 6.69822 -3.74797
0 4.16977 -7.97702
1 0.0527572 -0.886757
1 6.86708 -0.743759
0 -0.828196 -7.30608
1 0.695719 -6.23617
1 4.93831 -3.22996
0 -0.18521 1.49905
0 5.29771 1.72668
1 4.46613 -5.32501
0 3.04896 1.38685
3 0.3 1.5
3 -0.3 1.5
3 -0.3 -1.5
3 0.3 -1.5
1 -3.95622 -1.20033
1 1.14838 -0.964882
1 0.028541 -5.64359
1 4.71666 -0.561999
0 -4.07622 1.61778
0 1.13947 1.59064
1 2.96218 -4.58836
0 0.86174 -9.39775
0 2.92006 -6.92935
718
0 7.39102 1.76604
1 6.79482 -3.91834
0 4.22706 -8.04172
1 0.0498418 -0.874358
1 6.86432 -0.729444
0 -0.828417 -7.3063
1 0.648716 -6.20665
1 4.93814 -3.22981
0 -0.150772 1.5048
0 5.30736 1.72808
1 4.46959 -5.32932
0 3.04881 1.38677
3 0.3 1.5
3 -0.3 1.5
3 -0.3 -1.5
3 0.3 -1.5
1 -3.95231 -1.20186
1 1.14773 -0.966195
1 0.0323726 -5.64596
1 4.72809 -0.564614
0 -4.0797 1.61588
0 1.13757 1.59086
1 2.97119 -4.58977
0 0.86175 -9.39791
0 2.92059 -6.92966
722
0 7.34913 1.7761
1 6.79217 -4.01298
0 4.23284 -8.0279
1 0.160292 -0.91609
1 6.83881 -0.708713
0 -0.828293 -7.30624
1 0.657128 -6.21106
1 4.9382 -3.22945
0 -0.164325 1.50369
0 5.30201 1.72938
1 4.46917 -5.33885
0 3.04867 1.3869
3 0.3 1.5
3 -0.3 1.5
3 -0.3 -1.5
3 0.3 -1.5
1 -3.94905 -1.20293
1 1.14134 -0.967809
1 0.0346868 -5.64709
1 4.72666 -0.566915
0 -4.08126 1.61509
0 1.13851 1.5916
1 2.97784 -4.5907
0 0.861735 -9.39786
0 2.92123 -6.92976
726
0 7.37321 1.78151
1 6.8115 -4.01814
0 4.21002 -8.00788
1 0.144357 -0.913453
1 6.82572 -0.706916
0 -0.827827 -7.30664
1 0.645779 -6.20042
1 4.93866 -3.2299
0 -0.144956 1.50404
0 5.33605 1.72969
1 4.46403 -5.33624
0 3.04912 1.38651
3 0.3 1.5
3 -0.3 1.5
3 -0.3 -1.5
3 0.3 -1.5
1 -3.94854 -1.20333
1 1.13549 -0.967211
1 0.0348895 -5.64728
1 4.72452 -0.567052
0 -4.08126 1.61448
0 1.11564 1.58955
1 2.97349 -4.58865
0 0.862149 -9.39824
0 2.92164 -6.93014
730
0 7.37622 1.79089
1 6.81909 -4.08577
0 4.28323 -8.08932
1 0.130106 -0.95201
1 6.82802 -0.699071
0 -0.827932 -7.30673
1 0.652089 -6.20433
1 4.66603 -3.32663
0 -0.150794 1.50426
0 5.33277 1.73097
1 4.45273 -5.3356
0 3.04899 1.38642
3 0.3 1.5
3 -0.3 1.5
3 -0.3 -1.5
3 0.3 -1.5
1 -3.94708 -1.204
1 1.13688 -0.966342
1 0.0371172 -5.64875
1 4.73472 -0.57043
0 -4.08113 1.61452
0 1.11419 1.58968
1 2.97857 -4.59002
0 0.862102 -9.39826
0 2.92172 -6.93021
734
0 7.25951 1.74792
1 6.8015 -4.07065
0 4.27512 -8.07972
1 0.117502 -0.938656
1 6.81938 -0.690534
0 -0.827667 -7.30698
1 0.650729 -6.20309
1 4.63341 -3.3072
0 -0.103183 1.50915
0 5.33617 1.72767
1 4.45506 -5.33498
0 3.04927 1.38614
3 0.3 1.5
3 -0.3 1.5
3 -0.3 -1.5
3 0.3 -1.5
1 -3.9467 -1.20427
1 1.13664 -0.965447
1 0.036731 -5.64847
1 4.73335 -0.569338
0 -4.08459 1.61225
0 1.1107 1.58953
1 2.97964 -4.59007
0 0.86246 -9.39856
0 2.9219 -6.93037
738
0 7.25606 1.76048
1 6.87447 -4.14575
0 4.22135 -8.04838
1 0.151668 -0.966533
1 6.81939 -0.682983
0 -0.827582 -7.30707
1 0.655224 -6.20568
1 4.53514 -3.36037
0 -0.0967061 1.5102
0 5.33608 1.72856
1 4.44684 -5.33667
0 3.04922 1.38608
3 0.3 1.5
3 -0.3 1.5
3 -0.3 -1.5
3 0.3 -1.5
1 -3.94545 -1.20483
1 1.13763 -0.964585
1 0.0383538 -5.64949
1 4.74082 -0.572896
0 -4.08523 1.61182
0 1.10894 1.58964
1 2.98365 -4.59099
0 0.862508 -9.39859
0 2.92216 -6.93046
742
0 7.25105 1.76927
1 6.8738 -4.13433
0 4.22678 -8.04389
1 0.186451 -0.992371
1 6.83243 -0.678386
0 -0.827466 -7.30711
1 0.656155 -6.2057
1 4.52665 -3.34716
0 -0.0813216 1.51319
0 5.34591 1.73043
1 4.41756 -5.32765
0 3.04924 1.38606
3 0.3 1.5
3 -0.3 1.5
3 -0.3 -1.5
3 0.3 -1.5
1 -3.94472 -1.20512
1 1.13439 -0.963477
1 0.03918 -5.64997
1 4.75205 -0.576893
0 -4.08606 1.6113
0 1.1111 1.59053
1 2.98584 -4.59138
0 0.862581 -9.39864
0 2.92234 -6.93051
746
0 7.22535 1.77587
1 6.83333 -4.15208
0 4.23434 -8.03187
1 0.162771 -0.971402
1 6.83101 -0.671073
0 -0.827333 -7.30698
1 0.66294 -6.20938
1 4.51326 -3.32961
0 -0.0982975 1.51278
0 5.33752 1.7328
1 4.39194 -5.32032
0 3.0491 1.38628
3 0.3 1.5
3 -0.3 1.5
3 -0.3 -1.5
3 0.3 -1.5
1 -3.94181 -1.20596
1 1.13079 -0.966831
1 0.0416915 -5.65142
1 4.76312 -0.579791
0 -4.0863 1.61139
0 1.11014 1.59097
1 2.99076 -4.59221
0 0.862532 -9.3985
0 2.92309 -6.93058
750
0 7.4615 1.76197
1 6.81587 -4.13157
0 4.23498 -8.07733
1 0.212278 -1.00704
1 6.83386 -0.667642
0 -0.827317 -7.30699
1 0.666539 -6.21163
1 4.5339 -3.32617
0 -0.116149 1.50912
0 5.34036 1.73413
1 4.35975 -5.31133
0 3.04904 1.3863
3 0.3 1.5
3 -0.3 1.5
3 -0.3 -1.5
3 0.3 -1.5
1 -3.94121 -1.20622
1 1.12725 -0.965419
1 0.0429728 -5.65226
1 4.77559 -0.583562
0 -4.08577 1.61172
0 1.10984 1.59107
1 2.99354 -4.59288
0 0.862475 -9.39849
0 2.92319 -6.93064
754
0 7.25135 1.70734
1 6.8126 -4.12847
0 4.21325 -8.05786
1 0.171191 -0.996781
1 6.83217 -0.666563
0 -0.827272 -7.30704
1 0.66575 -6.2111
1 4.53404 -3.32483
0 -0.0980361 1.51127
0 5.3344 1.73429
1 4.3527 -5.30728
0 3.04913 1.38623
3 0.3 1.5
3 -0.3 1.5
3 -0.3 -1.5
3 0.3 -1.5
1 -3.94135 -1.20618
1 1.12706 -0.96522
1 0.0426865 -5.65207
1 4.77009 -0.582742
0 -4.08643 1.61127
0 1.10932 1.59102
1 2.9934 -4.59283
0 0.862562 -9.39856
0 2.92315 -6.93066
758
0 7.38443 1.70368
1 6.81946 -4.11829
0 4.14129 -8.01691
1 0.159127 -1.01247
1 6.83441 -0.663022
0 -0.827244 -7.30705
1 0.669019 -6.21307
1 4.55132 -3.32195
0 -0.119478 1.5071
0 5.33047 1.73354
1 4.35029 -5.31274
0 3.04903 1.38626
3 0.3 1.5
3 -0.3 1.5
3 -0.3 -1.5
3 0.3 -1.5
1 -3.94058 -1.2065
1 1.12833 -0.964475
1 0.0438659 -5.65285
1 4.77298 -0.586043
0 -4.08622 1.61141
0 1.10883 1.59114
1 2.99592 -4.59338
0 0.86251 -9.39855
0 2.92332 -6.93072
762
0 7.35112 1.70335
1 6.80056 -4.10912
0 4.13745 -8.00994
1 0.1553 -1.00733
1 6.83358 -0.661591
0 -0.827218 -7.30711
1 0.6691 -6.21308
1 4.51131 -3.30728
0 -0.130465 1.50301
0 5.3365 1.73262
1 4.35047 -5.31189
0 3.04905 1.38618
3 0.3 1.5
3 -0.3 1.5
3 -0.3 -1.5
3 0.3 -1.5
1 -3.94033 -1.20664
1 1.12837 -0.964264
1 0.0439173 -5.65292
1 4.77134 -0.585293
0 -4.08685 1.61099
0 1.10834 1.59111
1 2.99625 -4.59345
0 0.862544 -9.39864
0 2.92337 -6.9308
766
0 7.45815 1.70904
1 6.76939 -4.16168
0 4.15244 -8.00603
1 0.178264 -1.03201
1 6.83616 -0.659507
0 -0.827227 -7.30708
1 0.669206 -6.21229
1 4.52721 -3.30554
0 -0.143994 1.50114
0 5.33657 1.73407
1 4.31247 -5.30003
0 3.04897 1.38624
3 0.3 1.5
3 -0.3 1.5
3 -0.3 -1.5
3 0.3 -1.5
1 -3.9399 -1.20681
1 1.12844 -0.963597
1 0.0448687 -5.65354
1 4.77452 -0.588268
0 -4.08614 1.61143
0 1.10826 1.59122
1 2.99827 -4.59393
0 0.862474 -9.39859
0 2.92344 -6.93081
770
0 7.43688 1.72254
1 6.83799 -4.22075
0 4.1676 -8.00368
1 0.134397 -1.04501
1 6.82494 -0.698841
0 -0.827381 -7.30697
1 0.671532 -6.21385
1 4.54215 -3.30422
0 -0.156041 1.50038
0 5.32511 1.73624
1 4.30315 -5.30296
0 3.09913 1.38401
3 0.3 1.5
3 -0.3 1.5
3 -0.3 -1.5
3 0.3 -1.5
1 -3.93983 -1.20689
1 1.12634 -0.962764
1 0.0456114 -5.65406
1 4.76528 -0.585061
0 -4.08572 1.61177
0 1.10815 1.5913
1 2.99991 -4.59437
0 0.862357 -9.39855
0 2.92327 -6.93074
774
0 7.40886 1.72257
1 6.78458 -4.19871
0 4.1446 -7.98087
1 0.0800118 -1.02898
1 6.78936 -0.695027
0 -0.827333 -7.30704
1 0.671814 -6.214
1 4.5056 -3.29101
0 -0.168025 1.49578
0 5.32951 1.73525
1 4.28471 -5.2922
0 3.08518 1.38225
3 0.3 1.5
3 -0.3 1.5
3 -0.3 -1.5
3 0.3 -1.5
1 -3.9395 -1.20706
1 1.12655 -0.962647
1 0.045751 -5.6542
1 4.75671 -0.584128
0 -4.08619 1.61142
0 1.10784 1.59126
1 3.00028 -4.59447
0 0.862404 -9.39865
0 2.92335 -6.93084
778
0 7.40999 1.73626
1 6.79705 -4.18555
0 4.1605 -7.98002
1 0.100287 -1.05502
1 6.79026 -0.688333
0 -0.827374 -7.30692
1 0.675529 -6.21605
1 4.52083 -3.2904
0 -0.159012 1.50069
0 5.30811 1.73388
1 4.30703 -5.29676
0 3.0774 1.38319
3 0.3 1.5
3 -0.3 1.5
3 -0.3 -1.5
3 0.3 -1.5
1 -3.93824 -1.20725
1 1.12822 -0.962025
1 0.0473234 -5.65482
1 4.77823 -0.590282
0 -4.08526 1.61206
0 1.10806 1.59158
1 2.88866 -4.57467
0 0.862594 -9.39835
0 2.92378 -6.93068
782
0 7.56086 1.73963
1 6.80842 -4.17571
0 4.17461 -7.98038
1 0.108046 -1.07126
1 6.88385 -0.68392
0 -0.82735 -7.30689
1 0.678507 -6.21788
1 4.53333 -3.29008
0 -0.173519 1.4993
0 5.29343 1.73366
1 4.29737 -5.30294
0 3.07158 1.38383
3 0.3 1.5
3 -0.3 1.5
3 -0.3 -1.5
3 0.3 -1.5
1 -3.93749 -1.20753
1 1.12939 -0.961709
1 0.048387 -5.65554
1 4.79499 -0.595569
0 -4.08454 1.61255
0 1.10813 1.59171
1 2.88757 -4.56791
0 0.862464 -9.3983
0 2.92397 -6.93073
786
0 7.52729 1.7404
1 6.75305 -4.15205
0 4.17298 -7.97776
1 0.0411085 -1.05049
1 6.86435 -0.679204
0 -0.827206 -7.30692
1 0.678489 -6.21775
1 4.53421 -3.28921
0 -0.176468 1.49948
0 5.33566 1.72926
1 4.27619 -5.2906
0 3.06432 1.38331
3 0.3 1.5
3 -0.3 1.5
3 -0.3 -1.5
3 0.3 -1.5
1 -3.93741 -1.20765
1 1.12942 -0.96154
1 0.048441 -5.65559
1 4.78025 -0.593896
0 -4.08515 1.6121
0 1.10764 1.59167
1 2.89139 -4.5687
0 0.86256 -9.39839
0 2.92417 -6.93082
790
0 7.52605 1.75461
1 6.76963 -4.14357
0 4.13397 -8.01345
1 0.106456 -1.0714
1 6.86056 -0.668935
0 -0.827206 -7.30692
1 0.678536 -6.21703
1 4.54705 -3.28891
0 -0.171858 1.50481
0 5.38379 1.73146
1 4.26653 -5.29602
0 3.0595 1.3842
3 0.3 1.5
3 -0.3 1.5
3 -0.3 -1.5
3 0.3 -1.5
1 -3.93739 -1.20768
1 1.12932 -0.961097
1 0.0492377 -5.65607
1 4.80553 -0.598384
0 -4.08459 1.61249
0 1.10773 1.59177
1 2.92217 -4.57765
0 0.862502 -9.39831
0 2.92431 -6.93079
794
0 7.53312 1.76282
1 6.78624 -4.13911
0 4.01978 -7.95934
1 0.0750337 -1.07461
1 6.88091 -0.663844
0 -0.827098 -7.30683
1 0.681063 -6.21868
1 4.55857 -3.2894
0 -0.170439 1.50612
0 5.35491 1.73022
1 4.20964 -5.2731
0 3.05795 1.38478
3 0.3 1.5
3 -0.3 1.5
3 -0.3 -1.5
3 0.3 -1.5
1 -3.93699 -1.20782
1 1.12895 -0.960779
1 0.0500913 -5.65664
1 4.79311 -0.601686
0 -4.08384 1.61298
0 1.11153 1.59267
1 2.93281 -4.57805
0 0.862413 -9.39826
0 2.92437 -6.9308
798
0 7.51277 1.76385
1 6.84521 -4.22451
0 4.05171 -7.96372
1 0.0921331 -1.08786
1 6.89814 -0.660515
0 -0.827098 -7.30683
1 0.683631 -6.2203
1 4.56834 -3.29
0 -0.170809 1.50884
0 5.35134 1.73371
1 4.17907 -5.26729
0 3.05733 1.38534
3 0.3 1.5
3 -0.3 1.5
3 -0.3 -1.5
3 0.3 -1.5
1 -3.93661 -1.2079
1 1.12993 -0.96069
1 0.0509157 -5.65714
1 4.79582 -0.606066
0 -4.08267 1.61377
0 1.11207 1.59281
1 2.95464 -4.58501
0 0.862291 -9.39813
0 2.9245 -6.93077
802
0 7.63067 1.76002
1 6.81777 -4.25755
0 3.87952 -7.84848
1 0.0332564 -1.07778
1 6.99186 -0.707656
0 -0.827098 -7.30683
1 0.684247 -6.221
1 4.57554 -3.29057
0 -0.185372 1.5075
0 5.40751 1.73594
1 4.12562 -5.24456
0 3.05584 1.38572
3 0.3 1.5
3 -0.3 1.5
3 -0.3 -1.5
3 0.3 -1.5
1 -3.93739 -1.20773
1 1.13039 -0.960915
1 0.0509182 -5.65727
1 4.77886 -0.600747
0 -4.08142 1.61442
0 1.11272 1.59268
1 2.97546 -4.59191
0 0.862182 -9.39815
0 2.92425 -6.93078
806
0 7.63069 1.77068
1 6.83019 -4.24126
0 3.91053 -7.84959
1 0.0402375 -1.08122
1 6.97655 -0.697144
0 -0.827107 -7.30673
1 0.687222 -6.22274
1 4.58537 -3.29032
0 -0.212085 1.50384
0 5.43124 1.73328
1 4.09949 -5.23598
0 3.05261 1.38598
3 0.3 1.5
3 -0.3 1.5
3 -0.3 -1.5
3 0.3 -1.5
1 -3.93635 -1.20814
1 1.13149 -0.960611
1 0.0520443 -5.65801
1 4.75843 -0.602473
0 -4.08112 1.61462
0 1.11263 1.5928
1 2.99306 -4.59733
0 0.862125 -9.39814
0 2.92462 -6.93089
810
0 2.92443 -6.93092
0 0.86202 -9.39817
1 2.99794 -4.598
0 1.11325 1.59272
0 -4.07998 1.61524
1 4.73934 -0.598812
1 0.0523312 -5.65832
1 1.12992 -0.960552
1 -3.93644 -1.20817
3 0.3 -1.5
3 -0.3 -1.5
3 -0.3 1.5
3 0.3 1.5
0 3.05287 1.38615
1 4.04632 -5.2149
0 5.42783 1.73415
0 -0.221225 1.50134
1 4.5903 -3.29109
1 0.688265 -6.22367
0 -0.827258 -7.30674
1 6.93936 -0.73317
1 -0.011321 -1.07665
0 3.90341 -7.82524
1 6.75932 -4.2036
0 7.80122 1.76977
814
0 2.9246 -6.93088
0 0.861942 -9.39804
1 3.01022 -4.60208
0 1.11339 1.59289
0 -4.07953 1.61564
1 4.76665 -0.605509
1 0.0530435 -5.6587
1 1.13063 -0.960362
1 -3.93586 -1.2083
3 0.3 -1.5
3 -0.3 -1.5
3 -0.3 1.5
3 0.3 1.5
0 3.05293 1.38651
1 4.02279 -5.20876
0 5.42041 1.73686
0 -0.224661 1.50269
1 4.59603 -3.29128
1 0.690217 -6.22479
0 -0.827258 -7.30674
1 6.9254 -0.723867
1 0.0283618 -1.09293
0 3.92199 -7.82603
1 6.77859 -4.19945
0 7.7731 1.77089
0 6.53136 -6.91298
818
0 2.92476 -6.93085
0 0.861881 -9.39793
1 3.02194 -4.60596
0 1.11354 1.59303
0 -4.07909 1.61602
1 4.779 -0.611063
1 0.0537286 -5.65907
1 1.13133 -0.960186
1 -3.9353 -1.20843
3 0.3 -1.5
3 -0.3 -1.5
3 -0.3 1.5
3 0.3 1.5
0 3.05287 1.38685
1 4.00213 -5.20267
0 5.40703 1.73848
0 -0.221468 1.50534
1 4.60174 -3.29146
1 0.69208 -6.22587
0 -0.827229 -7.30657
1 6.92921 -0.715728
1 0.0503228 -1.10406
0 3.95145 -7.83794
1 6.7967 -4.19512
0 7.77301 1.77786
0 6.529 -6.8487
822
0 2.9249 -6.93084
0 0.861818 -9.39785
1 3.03222 -4.6094
0 1.11375 1.59314
0 -4.07856 1.61642
1 4.77547 -0.61466
1 0.0543108 -5.65941
1 1.13193 -0.960078
1 -3.93482 -1.20854
3 0.3 -1.5
3 -0.3 -1.5
3 -0.3 1.5
3 0.3 1.5
0 3.05289 1.38713
1 3.95828 -5.18355
0 5.38027 1.73699
0 -0.225737 1.50566
1 4.60664 -3.29168
1 0.693714 -6.22684
0 -0.827229 -7.30657
1 6.91619 -0.7082
1 0.0516333 -1.10793
0 3.96017 -7.83231
1 6.78757 -4.18238
0 7.93605 1.7801
0 6.559 -6.81392
826
0 2.9248 -6.93074
0 0.861798 -9.39783
1 3.03172 -4.60907
0 1.1144 1.59352
0 -4.07963 1.61594
1 4.75678 -0.612347
1 0.0540326 -5.65922
1 1.13123 -0.95982
1 -3.93513 -1.20841
3 0.3 -1.5
3 -0.3 -1.5
3 -0.3 1.5
3 0.3 1.5
0 3.16121 1.392
1 3.92934 -5.16614
0 5.36693 1.73701
0 -0.240091 1.50304
1 4.60593 -3.29107
1 0.692867 -6.22616
0 -0.827229 -7.30657
1 6.88623 -0.704426
1 -0.0259997 -1.08424
0 3.95756 -7.83025
1 6.75982 -4.17067
0 8.00357 1.76611
0 6.51976 -6.78182
830
1 9.05115 -0.540343
0 2.92485 -6.93063
0 0.861707 -9.39769
1 3.04109 -4.61213
0 1.1144 1.59368
0 -4.0795 1.61622
1 4.76764 -0.615836
1 0.0543166 -5.65933
1 1.13159 -0.95963
1 -3.93498 -1.20838
3 0.3 -1.5
3 -0.3 -1.5
3 -0.3 1.5
3 0.3 1.5
0 3.20791 1.39285
1 3.90931 -5.15834
0 5.35918 1.7407
0 -0.249718 1.50333
1 4.61001 -3.29106
1 0.693894 -6.22669
0 -0.827229 -7.30657
1 6.89238 -0.69783
1 0.0300553 -1.09814
0 3.98211 -7.84113
1 6.6924 -4.18368
0 8.06888 1.7662
0 6.54569 -6.75074
0 4.83409 -9.53232
834
1 9.20716 -0.521724
0 2.9251 -6.93063
0 0.861632 -9.39753
1 3.05798 -4.61789
0 1.11518 1.59384
0 -4.07794 1.61719
1 4.76913 -0.624873
1 0.0555682 -5.66004
1 1.13285 -0.959565
1 -3.93407 -1.20859
3 0.3 -1.5
3 -0.3 -1.5
3 -0.3 1.5
3 0.3 1.5
0 3.1526 1.39292
1 3.85434 -5.1363
0 5.36544 1.7452
0 -0.247368 1.50615
1 4.59794 -3.28536
1 0.697204 -6.22875
0 -0.827296 -7.30619
1 6.91047 -0.691329
1 0.084003 -1.12627
0 4.03194 -7.86308
1 6.69426 -4.15716
0 8.02855 1.77939
0 6.64479 -6.73401
0 4.88261 -9.4382
838
1 9.18044 -0.512106
0 2.92505 -6.9305
0 0.861646 -9.39749
1 3.05613 -4.61708
0 1.11447 1.59395
0 -4.0792 1.61666
1 4.72541 -0.621174
1 0.055099 -5.65968
1 1.13238 -0.959322
1 -3.93437 -1.20846
3 0.3 -1.5
3 -0.3 -1.5
3 -0.3 1.5
3 0.3 1.5
0 3.30481 1.40137
1 3.80048 -5.10397
0 5.35868 1.74578
0 -0.258142 1.50476
1 4.56451 -3.27475
1 0.696053 -6.22784
0 -0.827296 -7.30619
1 6.91341 -0.689922
1 -0.0532637 -1.08509
0 4.02027 -7.85429
1 6.65609 -4.14174
0 8.10993 1.7589
0 6.6231 -6.71779
0 4.87677 -9.42731
842
1 9.17239 -0.504184
0 2.92497 -6.93044
0 0.861617 -9.39747
1 3.05589 -4.61691
0 1.11417 1.59399
0 -4.07972 1.61645
1 4.72381 -0.619866
1 0.0549315 -5.65957
1 1.13225 -0.959207
1 -3.93446 -1.20843
3 0.3 -1.5
3 -0.3 -1.5
3 -0.3 1.5
3 0.3 1.5
0 3.36645 1.40355
1 3.78835 -5.09617
0 5.3548 1.74646
0 -0.267192 1.50336
1 4.5644 -3.27445
1 0.695718 -6.22758
0 -0.827475 -7.30597
1 6.91186 -0.688635
1 -0.0566696 -1.0809
0 4.0182 -7.85268
1 6.65488 -4.14014
0 8.1099 1.74663
0 6.61857 -6.71352
0 4.87124 -9.42204
846
1 8.38682 -5.39489
1 9.36035 -0.527578
0 2.92488 -6.93036
0 0.861554 -9.3973
1 3.06193 -4.61916
0 1.1149 1.59405
0 -4.07837 1.61727
1 4.75396 -0.631642
1 0.0552483 -5.65965
1 1.13249 -0.95932
1 -3.93461 -1.20825
3 0.3 -1.5
3 -0.3 -1.5
3 -0.3 1.5
3 0.3 1.5
0 3.30233 1.40745
1 3.85941 -5.12246
0 5.35923 1.74761
0 -0.282232 1.50166
1 4.56514 -3.27515
1 0.696375 -6.22809
0 -0.827408 -7.30594
1 6.91963 -0.687495
1 0.0610913 -1.1393
0 4.04068 -7.86567
1 6.68476 -4.14187
0 8.09115 1.76552
0 6.65075 -6.69957
0 4.91287 -9.39966
850
1 8.34056 -5.37056
1 9.31511 -0.527629
0 2.925 -6.93038
0 0.861626 -9.39732
1 3.06109 -4.61882
0 1.1148 1.59406
0 -4.07865 1.61709
1 4.71724 -0.629848
1 0.0552709 -5.65964
1 1.13249 -0.959283
1 -3.93445 -1.2083
3 0.3 -1.5
3 -0.3 -1.5
3 -0.3 1.5
3 0.3 1.5
0 3.29353 1.40539
1 3.83408 -5.10758
0 5.35392 1.74513
0 -0.272189 1.5036
1 4.5648 -3.27501
1 0.696369 -6.22799
0 -0.827408 -7.30594
1 6.88656 -0.68616
1 -0.0907247 -1.096
0 4.02461 -7.85119
1 6.66762 -4.13564
0 8.15696 1.75877
0 6.64395 -6.69582
0 4.92004 -9.40611
854
1 8.35741 -5.01595
1 9.49028 -0.528923
0 2.92476 -6.93027
0 0.861539 -9.39725
1 3.06491 -4.62021
0 1.11471 1.59411
0 -4.07885 1.61711
1 4.75747 -0.635215
1 0.0551054 -5.65951
1 1.13237 -0.959226
1 -3.9348 -1.20815
3 0.3 -1.5
3 -0.3 -1.5
3 -0.3 1.5
3 0.3 1.5
0 3.35885 1.41494
1 3.88134 -5.12558
0 5.35111 1.74697
0 -0.300168 1.49783
1 4.5646 -3.27498
1 0.695934 -6.22778
0 -0.827408 -7.30594
1 6.89159 -0.68428
1 -0.033012 -1.11612
0 4.03887 -7.85965
1 6.68598 -4.13589
0 8.2085 1.76572
0 6.66565 -6.6855
0 4.94761 -9.39058
858
1 8.50968 -5.07366
1 9.45859 -0.518098
0 2.9248 -6.93029
0 0.861508 -9.39731
1 3.0653 -4.62016
0 1.11401 1.59416
0 -4.08004 1.61651
1 4.74632 -0.632347
1 0.0550231 -5.65952
1 1.13233 -0.958989
1 -3.93458 -1.20829
3 0.3 -1.5
3 -0.3 -1.5
3 -0.3 1.5
3 0.3 1.5
0 3.47412 1.42281
1 3.88509 -5.12634
0 5.33259 1.74375
0 -0.331482 1.49028
1 4.56558 -3.27431
1 0.695822 -6.22761
0 -0.827408 -7.30594
1 6.89001 -0.681635
1 -0.0991463 -1.08959
0 4.03638 -7.85666
1 6.68486 -4.13275
0 8.22317 1.75595
0 6.66172 -6.67964
0 4.94439 -9.3843
862
1 4.33119 -6.24308
1 8.66817 -5.20685
1 9.59268 -0.52897
0 2.92471 -6.93027
0 0.861485 -9.39727
1 3.06809 -4.62124
0 1.11428 1.59417
0 -4.07962 1.61677
1 4.78153 -0.639247
1 0.0551281 -5.65956
1 1.13244 -0.959049
1 -3.93461 -1.20823
3 0.3 -1.5
3 -0.3 -1.5
3 -0.3 1.5
3 0.3 1.5
0 3.43931 1.42559
1 3.91166 -5.13588
0 5.32769 1.74474
0 -0.33795 1.4879
1 4.56599 -3.27462
1 0.69601 -6.22781
0 -0.827529 -7.30587
1 6.89436 -0.68153
1 -0.0497538 -1.11445
0 4.0472 -7.8632
1 6.68433 -4.12886
0 8.21332 1.76824
0 6.6783 -6.67631
0 4.95272 -9.36332
866
1 4.35095 -6.2186
1 8.56856 -5.19509
1 9.56927 -0.536531
0 2.92483 -6.93024
0 0.861495 -9.39723
1 3.06932 -4.6215
0 1.1139 1.59428
0 -4.08031 1.61647
1 4.78637 -0.643183
1 0.0552523 -5.65958
1 1.13253 -0.958828
1 -3.93426 -1.20831
3 0.3 -1.5
3 -0.3 -1.5
3 -0.3 1.5
3 0.3 1.5
0 3.47328 1.42899
1 3.93582 -5.14538
0 5.32171 1.74604
0 -0.350483 1.48501
1 4.56674 -3.27424
1 0.696276 -6.22781
0 -0.827489 -7.30583
1 6.8958 -0.680021
1 -0.160474 -1.08457
0 4.05104 -7.86447
1 6.67922 -4.12336
0 8.19608 1.77643
0 6.68779 -6.67333
0 4.96813 -9.36011
870
1 4.30179 -6.13378
1 8.44878 -5.00405
1 9.62067 -0.533547
0 2.92471 -6.93023
0 0.861443 -9.3972
1 3.07161 -4.6224
0 1.11408 1.59428
0 -4.07999 1.61668
1 4.76819 -0.64468
1 0.0552747 -5.6596
1 1.13258 -0.958875
1 -3.93432 -1.20827
3 0.3 -1.5
3 -0.3 -1.5
3 -0.3 1.5
3 0.3 1.5
0 3.50686 1.43689
1 3.95089 -5.1493
0 5.32049 1.74745
0 -0.368291 1.48048
1 4.56711 -3.27446
1 0.696347 -6.22794
0 -0.827489 -7.30583
1 6.89918 -0.679693
1 -0.124846 -1.10166
0 4.05959 -7.86962
1 6.69108 -4.12478
0 8.28105 1.78064
0 6.70062 -6.66964
0 4.98551 -9.35544
874
1 4.35746 -6.12716
1 8.61068 -5.00006
1 9.6666 -0.53379
0 2.92482 -6.93029
0 0.861483 -9.39722
1 3.07467 -4.62349
0 1.11422 1.59427
0 -4.07987 1.6167
1 4.73777 -0.646508
1 0.0554179 -5.65968
1 1.13282 -0.958894
1 -3.93402 -1.20834
3 0.3 -1.5
3 -0.3 -1.5
3 -0.3 1.5
3 0.3 1.5
0 3.47772 1.43932
1 3.97317 -5.15746
0 5.33703 1.74972
0 -0.371827 1.47826
1 4.5685 -3.27461
1 0.696747 -6.22819
0 -0.827489 -7.30583
1 6.90278 -0.679184
1 -0.196971 -1.07715
0 4.06969 -7.8755
1 6.53442 -4.11259
0 8.27022 1.78802
0 6.7037 -6.65976
0 5.01073 -9.36027
878
1 4.40877 -6.14618
1 8.63417 -5.05466
1 9.65872 -0.538549
0 2.9251 -6.93029
0 0.861572 -9.39716
1 3.07504 -4.62345
0 1.11413 1.59438
0 -4.08005 1.61662
1 4.69521 -0.649469
1 0.0557509 -5.65977
1 1.13308 -0.958733
1 -3.93347 -1.20845
3 0.3 -1.5
3 -0.3 -1.5
3 -0.3 1.5
3 0.3 1.5
0 3.4681 1.44054
1 3.972 -5.15559
0 5.33552 1.7505
0 -0.353178 1.48282
1 4.56985 -3.27444
1 0.697515 -6.22846
0 -0.827489 -7.30583
1 6.90359 -0.679115
1 -0.329104 -1.02936
0 4.06435 -7.86938
1 6.52166 -4.09471
0 8.26392 1.7893
0 6.72132 -6.67111
0 5.01868 -9.36379
882
1 4.44695 -6.10099
1 8.6725 -5.08964
1 9.74486 -0.537062
0 2.92528 -6.9303
0 0.861586 -9.39712
1 3.07766 -4.62422
0 1.1139 1.59448
0 -4.0804 1.61649
1 4.67498 -0.650559
1 0.0560149 -5.6599
1 1.13334 -0.958561
1 -3.93306 -1.20857
3 0.3 -1.5
3 -0.3 -1.5
3 -0.3 1.5
3 0.3 1.5
0 3.55211 1.4506
1 3.8698 -5.10996
0 5.33322 1.75194
0 -0.345431 1.48505
1 4.57252 -3.2743
1 0.698328 -6.22885
0 -0.827489 -7.30583
1 6.9055 -0.677909
1 -0.388479 -0.997226
0 4.06953 -7.8708
1 6.55487 -4.09565
0 8.26633 1.7945
0 6.7282 -6.66957
0 5.02078 -9.35448
886
1 4.46533 -6.07543
1 8.72409 -5.13457
1 9.72766 -0.521284
0 2.92586 -6.93026
0 0.861818 -9.39697
1 2.80474 -4.51433
0 1.11622 1.59527