2
3 0.3 -1.5
3 -0.3 -1.5
3 -0.3 1.5
3 0.3 1.5
6
3 0.3 -1.5
3 -0.3 -1.5
3 -0.3 1.5
3 0.3 1.5
10
3 0.3 -1.5
3 -0.3 -1.5
3 -0.3 1.5
3 0.3 1.5
14
3 0.3 -1.5
3 -0.3 -1.5
3 -0.3 1.5
3 0.3 1.5
18
3 0.3 -1.5
3 -0.3 -1.5
3 -0.3 1.5
3 0.3 1.5
22
0 -4.47646 -1.71418
1 -3.81198 -0.97045
3 0.3 -1.5
3 -0.3 -1.5
3 -0.3 1.5
3 0.3 1.5
26
0 -4.26962 1.56553
0 -4.48945 -1.70662
1 -3.78146 -0.98329
3 0.3 -1.5
3 -0.3 -1.5
3 -0.3 1.5
3 0.3 1.5
30
0 -4.23083 1.58568
0 -4.49157 -1.70517
1 -3.78372 -0.982009
3 0.3 -1.5
3 -0.3 -1.5
3 -0.3 1.5
3 0.3 1.5
34
0 -4.24381 1.57583
0 -4.48352 -1.71254
1 -3.76846 -0.985824
3 0.3 -1.5
3 -0.3 -1.5
3 -0.3 1.5
3 0.3 1.5
38
0 -4.18335 1.61006
0 -4.5455 -1.67171
1 -3.80011 -0.974274
3 0.3 -1.5
3 -0.3 -1.5
3 -0.3 1.5
3 0.3 1.5
42
0 -4.15616 1.62561
0 -4.54695 -1.66946
1 -3.8031 -0.973095
3 0.3 -1.5
3 -0.3 -1.5
3 -0.3 1.5
3 0.3 1.5
46
0 -4.15218 1.62891
0 -4.56223 -1.65771
1 -3.77745 -0.983861
3 0.3 -1.5
3 -0.3 -1.5
3 -0.3 1.5
3 0.3 1.5
50
0 -4.14222 1.63382
0 -4.56982 -1.65261
1 -3.7877 -0.979809
3 0.3 -1.5
3 -0.3 -1.5
3 -0.3 1.5
3 0.3 1.5
54
0 -4.14468 1.62961
0 -4.61786 -1.6196
1 -3.77147 -0.98202
3 0.3 -1.5
3 -0.3 -1.5
3 -0.3 1.5
3 0.3 1.5
58
0 -4.14836 1.62743
0 -4.61047 -1.62428
1 -3.78643 -0.977808
3 0.3 -1.5
3 -0.3 -1.5
3 -0.3 1.5
3 0.3 1.5
62
0 -4.14723 1.62905
0 -4.5913 -1.63919
1 -3.76974 -0.98244
3 0.3 -1.5
3 -0.3 -1.5
3 -0.3 1.5
3 0.3 1.5
66
0 -4.16017 1.61902
0 -4.60275 -1.63159
1 -3.78307 -0.975857
3 0.3 -1.5
3 -0.3 -1.5
3 -0.3 1.5
3 0.3 1.5
70
0 -4.15927 1.62348
0 -4.58396 -1.64336
1 -3.73892 -0.994139
3 0.3 -1.5
3 -0.3 -1.5
3 -0.3 1.5
3 0.3 1.5
74
0 -4.19218 1.6013
0 -4.59356 -1.63574
1 -3.75791 -0.986591
3 0.3 -1.5
3 -0.3 -1.5
3 -0.3 1.5
3 0.3 1.5
78
0 -4.17896 1.60917
0 -4.58938 -1.63981
1 -3.76517 -0.983394
3 0.3 -1.5
3 -0.3 -1.5
3 -0.3 1.5
3 0.3 1.5
82
0 -4.18757 1.60314
0 -4.59466 -1.63597
1 -3.77026 -0.981111
3 0.3 -1.5
3 -0.3 -1.5
3 -0.3 1.5
3 0.3 1.5
86
0 -4.1783 1.60933
0 -4.59645 -1.63402
1 -3.77029 -0.982416
3 0.3 -1.5
3 -0.3 -1.5
3 -0.3 1.5
3 0.3 1.5
90
0 -4.1734 1.60951
0 -4.62027 -1.61823
1 -3.79397 -0.971999
3 0.3 -1.5
3 -0.3 -1.5
3 -0.3 1.5
3 0.3 1.5
94
0 -4.16763 1.61278
0 -4.62758 -1.61403
1 -3.7834 -0.974336
3 0.3 -1.5
3 -0.3 -1.5
3 -0.3 1.5
3 0.3 1.5
98
0 -4.17102 1.60963
0 -4.63449 -1.60907
1 -3.79704 -0.969224
3 0.3 -1.5
3 -0.3 -1.5
3 -0.3 1.5
3 0.3 1.5
102
0 -4.17369 1.60877
0 -4.63365 -1.60897
1 -3.78626 -0.973803
3 0.3 -1.5
3 -0.3 -1.5
3 -0.3 1.5
3 0.3 1.5
106
0 -4.16671 1.61219
0 -4.63413 -1.60886
1 -3.80734 -0.966513
3 0.3 -1.5
3 -0.3 -1.5
3 -0.3 1.5
3 0.3 1.5
110
0 -4.17984 1.60424
0 -4.63445 -1.60691
1 -3.81474 -0.965592
3 0.3 -1.5
3 -0.3 -1.5
3 -0.3 1.5
3 0.3 1.5
114
0 -4.1848 1.60293
0 -4.61696 -1.61869
1 -3.80221 -0.971238
3 0.3 -1.5
3 -0.3 -1.5
3 -0.3 1.5
3 0.3 1.5
118
0 -4.18234 1.60218
0 -4.63132 -1.60911
1 -3.82928 -0.960575
3 0.3 -1.5
3 -0.3 -1.5
3 -0.3 1.5
3 0.3 1.5
122
0 -4.18129 1.60351
0 -4.62963 -1.61044
1 -3.8153 -0.965369
3 0.3 -1.5
3 -0.3 -1.5
3 -0.3 1.5
3 0.3 1.5
126
0 -4.17577 1.60719
0 -4.62833 -1.61181
1 -3.8092 -0.967221
3 0.3 -1.5
3 -0.3 -1.5
3 -0.3 1.5
3 0.3 1.5
130
0 -4.17632 1.60728
0 -4.62129 -1.61719
1 -3.80415 -0.968698
3 0.3 -1.5
3 -0.3 -1.5
3 -0.3 1.5
3 0.3 1.5
134
0 -4.17232 1.6098
0 -4.62622 -1.61327
1 -3.80347 -0.969513
3 0.3 -1.5
3 -0.3 -1.5
3 -0.3 1.5
3 0.3 1.5
138
0 -4.17666 1.60854
0 -4.61866 -1.61837
1 -3.78167 -0.977522
3 0.3 -1.5
3 -0.3 -1.5
3 -0.3 1.5
3 0.3 1.5
142
0 -4.17453 1.6073
0 -4.63746 -1.60552
1 -3.81066 -0.966147
3 0.3 -1.5
3 -0.3 -1.5
3 -0.3 1.5
3 0.3 1.5
146
0 -4.17972 1.60543
0 -4.6308 -1.61005
1 -3.78833 -0.974177
3 0.3 -1.5
3 -0.3 -1.5
3 -0.3 1.5
3 0.3 1.5
150
0 -4.16664 1.6141
0 -4.62776 -1.6128
1 -3.77999 -0.977047
3 0.3 -1.5
3 -0.3 -1.5
3 -0.3 1.5
3 0.3 1.5
154
0 -4.17205 1.61157
0 -4.62155 -1.61681
1 -3.77088 -0.980713
3 0.3 -1.5
3 -0.3 -1.5
3 -0.3 1.5
3 0.3 1.5
158
0 -4.16322 1.61577
0 -4.633 -1.6091
1 -3.78485 -0.975297
3 0.3 -1.5
3 -0.3 -1.5
3 -0.3 1.5
3 0.3 1.5
162
0 -4.16628 1.61657
0 -4.60767 -1.62724
1 -3.75359 -0.986775
3 0.3 -1.5
3 -0.3 -1.5
3 -0.3 1.5
3 0.3 1.5
166
0 -4.16412 1.61514
0 -4.6324 -1.60945
1 -3.78756 -0.974433
3 0.3 -1.5
3 -0.3 -1.5
3 -0.3 1.5
3 0.3 1.5
170
0 -4.16623 1.61401
0 -4.63285 -1.60909
1 -3.78238 -0.976166
3 0.3 -1.5
3 -0.3 -1.5
3 -0.3 1.5
3 0.3 1.5
174
0 -4.17344 1.61071
0 -4.62164 -1.61695
1 -3.76793 -0.981396
3 0.3 -1.5
3 -0.3 -1.5
3 -0.3 1.5
3 0.3 1.5
178
0 -4.18193 1.6039
0 -4.63341 -1.60862
1 -3.78269 -0.975345
3 0.3 -1.5
3 -0.3 -1.5
3 -0.3 1.5
3 0.3 1.5
182
0 -4.18666 1.6029
0 -4.61984 -1.61808
1 -3.75626 -0.985049
3 0.3 -1.5
3 -0.3 -1.5
3 -0.3 1.5
3 0.3 1.5
186
0 -4.18312 1.6035
0 -4.63486 -1.60726
1 -3.77627 -0.977902
3 0.3 -1.5
3 -0.3 -1.5
3 -0.3 1.5
3 0.3 1.5
190
0 -4.18173 1.60493
0 -4.63129 -1.61041
1 -3.76206 -0.982221
3 0.3 -1.5
3 -0.3 -1.5
3 -0.3 1.5
3 0.3 1.5
194
0 -4.19008 1.59977
0 -4.62756 -1.61322
1 -3.76048 -0.982276
3 0.3 -1.5
3 -0.3 -1.5
3 -0.3 1.5
3 0.3 1.5
198
0 -4.1949 1.59752
0 -4.62501 -1.61452
1 -3.75005 -0.98643
3 0.3 -1.5
3 -0.3 -1.5
3 -0.3 1.5
3 0.3 1.5
202
0 -4.1889 1.59978
0 -4.63585 -1.60735
1 -3.76612 -0.980024
3 0.3 -1.5
3 -0.3 -1.5
3 -0.3 1.5
3 0.3 1.5
206
0 -4.18513 1.60295
0 -4.63017 -1.61189
1 -3.75116 -0.984941
3 0.3 -1.5
3 -0.3 -1.5
3 -0.3 1.5
3 0.3 1.5
210
0 -4.19191 1.60056
0 -4.61656 -1.62142
1 -3.72597 -0.994051
3 0.3 -1.5
3 -0.3 -1.5
3 -0.3 1.5
3 0.3 1.5
214
0 -4.19188 1.59859
0 -4.64043 -1.60318
1 -3.75377 -0.985211
3 0.3 -1.5
3 -0.3 -1.5
3 -0.3 1.5
3 0.3 1.5
218
0 -4.19111 1.60028
0 -4.63087 -1.61038
1 -3.73479 -0.991657
3 0.3 -1.5
3 -0.3 -1.5
3 -0.3 1.5
3 0.3 1.5
222
0 -4.18266 1.60385
0 -4.64488 -1.60098
1 -3.75261 -0.98462
3 0.3 -1.5
3 -0.3 -1.5
3 -0.3 1.5
3 0.3 1.5
226
0 -4.18615 1.60274
0 -4.63169 -1.61052
1 -3.7423 -0.9883
3 0.3 -1.5
3 -0.3 -1.5
3 -0.3 1.5
3 0.3 1.5
230
0 -4.19306 1.59824
0 -4.64532 -1.60075
1 -3.72683 -0.992919
3 0.3 -1.5
3 -0.3 -1.5
3 -0.3 1.5
3 0.3 1.5
234
0 -4.18873 1.59901
0 -4.65453 -1.59431
1 -3.75901 -0.98147
3 0.3 -1.5
3 -0.3 -1.5
3 -0.3 1.5
3 0.3 1.5
238
0 -4.18194 1.60337
0 -4.65628 -1.59222
1 -3.75227 -0.983937
3 0.3 -1.5
3 -0.3 -1.5
3 -0.3 1.5
3 0.3 1.5
242
0 -4.17782 1.60511
0 -4.66454 -1.5865
1 -3.75999 -0.980908
3 0.3 -1.5
3 -0.3 -1.5
3 -0.3 1.5
3 0.3 1.5
246
0 -4.18272 1.60394
0 -4.65695 -1.59138
1 -3.73163 -0.991581
3 0.3 -1.5
3 -0.3 -1.5
3 -0.3 1.5
3 0.3 1.5
250
0 -4.18048 1.60326
0 -4.66996 -1.58231
1 -3.76003 -0.98103
3 0.3 -1.5
3 -0.3 -1.5
3 -0.3 1.5
3 0.3 1.5
254
0 -4.18287 1.60111
0 -4.69606 -1.56219
1 -3.75864 -0.982646
3 0.3 -1.5
3 -0.3 -1.5
3 -0.3 1.5
3 0.3 1.5
258
0 -4.18141 1.60101
0 -4.71255 -1.55018
1 -3.76376 -0.980709
3 0.3 -1.5
3 -0.3 -1.5
3 -0.3 1.5
3 0.3 1.5
262
0 -4.18202 1.60093
0 -4.70662 -1.55441
1 -3.76421 -0.980727
3 0.3 -1.5
3 -0.3 -1.5
3 -0.3 1.5
3 0.3 1.5
266
0 -4.18258 1.60085
0 -4.7014 -1.55814
1 -3.76462 -0.98075
3 0.3 -1.5
3 -0.3 -1.5
3 -0.3 1.5
3 0.3 1.5
270
0 -4.1828 1.60081
0 -4.69962 -1.5594
1 -3.76478 -0.980771
3 0.3 -1.5
3 -0.3 -1.5
3 -0.3 1.5
3 0.3 1.5
274
0 -4.91776 -4.37084
1 -3.65523 -3.93959
0 -4.18279 1.60082
0 -4.69942 -1.55955
1 -3.76478 -0.980761
3 0.3 -1.5
3 -0.3 -1.5
3 -0.3 1.5
3 0.3 1.5
278
0 -5.07164 -4.2485
1 -3.74673 -3.89935
0 -4.18281 1.60082
0 -4.69912 -1.55977
1 -3.76479 -0.980756
3 0.3 -1.5
3 -0.3 -1.5
3 -0.3 1.5
3 0.3 1.5
282
0 -5.01831 -4.28915
1 -3.74715 -3.90015
0 -4.1828 1.60082
0 -4.69926 -1.55967
1 -3.76479 -0.980757
3 0.3 -1.5
3 -0.3 -1.5
3 -0.3 1.5
3 0.3 1.5
286
0 -5.00649 -4.2974
1 -3.74732 -3.90048
0 -4.1828 1.60082
0 -4.6993 -1.55964
1 -3.76479 -0.980757
3 0.3 -1.5
3 -0.3 -1.5
3 -0.3 1.5
3 0.3 1.5
290
0 -4.87983 -7.29429
1 -3.92772 -6.66055
0 -4.99677 -4.30423
1 -3.74746 -3.90073
0 -4.1828 1.60082
0 -4.69933 -1.55962
1 -3.76479 -0.980757
3 0.3 -1.5
3 -0.3 -1.5
3 -0.3 1.5
3 0.3 1.5
294
0 -5.02229 -7.22333
1 -4.12552 -6.60916
0 -4.99043 -4.30886
1 -3.74751 -3.90083
0 -4.1828 1.60082
0 -4.69935 -1.55961
1 -3.76479 -0.980757
3 0.3 -1.5
3 -0.3 -1.5
3 -0.3 1.5
3 0.3 1.5
298
0 -4.87233 -7.28234
1 -4.0094 -6.61983
0 -4.99674 -4.30436
1 -3.74744 -3.90069
0 -4.1828 1.60082
0 -4.69933 -1.55962
1 -3.76479 -0.980757
3 0.3 -1.5
3 -0.3 -1.5
3 -0.3 1.5
3 0.3 1.5
302
0 -5.06942 -7.32315
1 -4.19941 -6.6905
0 -4.97453 -4.31999
1 -3.74774 -3.90126
0 -4.18279 1.60082
0 -4.6994 -1.55957
1 -3.76478 -0.980758
3 0.3 -1.5
3 -0.3 -1.5
3 -0.3 1.5
3 0.3 1.5
306
0 -4.92828 -7.22432
1 -4.06297 -6.58195
0 -4.99609 -4.30498
1 -3.74741 -3.90065
0 -4.1828 1.60082
0 -4.69933 -1.55962
1 -3.76478 -0.980757
3 0.3 -1.5
3 -0.3 -1.5
3 -0.3 1.5
3 0.3 1.5
310
0 -4.92886 -7.18528
1 -4.05975 -6.55439
0 -5.00199 -4.30076
1 -3.74735 -3.90052
0 -4.1828 1.60082
0 -4.69931 -1.55963
1 -3.76478 -0.980757
3 0.3 -1.5
3 -0.3 -1.5
3 -0.3 1.5
3 0.3 1.5
314
0 -5.42723 -7.79928
1 -4.58327 -7.09288
0 -4.91991 -7.17691
1 -4.05067 -6.54615
0 -5.00371 -4.29956
1 -3.74732 -3.90048
0 -4.1828 1.60082
0 -4.69931 -1.55964
1 -3.76478 -0.980757
3 0.3 -1.5
3 -0.3 -1.5
3 -0.3 1.5
3 0.3 1.5
318
0 -5.38713 -7.75498
1 -4.4689 -7.10271
0 -4.90908 -7.16677
1 -4.03969 -6.53617
0 -5.00578 -4.2981
1 -3.74732 -3.90048
0 -4.1828 1.60082
0 -4.69931 -1.55964
1 -3.76478 -0.980757
3 0.3 -1.5
3 -0.3 -1.5
3 -0.3 1.5
3 0.3 1.5
322
0 -5.56085 -7.72804
1 -4.80342 -7.04851
0 -5.05614 -7.02316
1 -4.02241 -6.51579
0 -5.00796 -4.29667
1 -3.74732 -3.90048
0 -4.1828 1.60082
0 -4.69931 -1.55964
1 -3.76478 -0.980757
3 0.3 -1.5
3 -0.3 -1.5
3 -0.3 1.5
3 0.3 1.5
326
3 0.3 1.5
3 -0.3 1.5
3 -0.3 -1.5
3 0.3 -1.5
1 -3.76478 -0.980757
0 -4.6993 -1.55964
0 -4.1828 1.60082
1 -3.74728 -3.90039
0 -5.00598 -4.29803
1 -4.03681 -6.52415
0 -5.09128 -7.01437
1 -4.76229 -7.02926
0 -5.52246 -7.71399
330
3 0.3 1.5
3 -0.3 1.5
3 -0.3 -1.5
3 0.3 -1.5
1 -3.76478 -0.980757
0 -4.6993 -1.55964
0 -4.1828 1.60082
1 -3.74728 -3.90039
0 -5.00531 -4.29849
1 -4.04022 -6.52762
0 -5.08771 -7.02322
1 -4.75384 -7.02432
0 -5.50673 -7.71248
334
3 0.3 1.5
3 -0.3 1.5
3 -0.3 -1.5
3 0.3 -1.5
1 -3.76478 -0.980757
0 -4.6993 -1.55964
0 -4.1828 1.60082
1 -3.74728 -3.90039
0 -5.00386 -4.29949
1 -4.04863 -6.53685
0 -5.05162 -7.06516
1 -4.73317 -7.01065
0 -5.50829 -7.67684
338
0 -5.41143 -10.7422
1 -4.53134 -10.0791
3 0.3 1.5
3 -0.3 1.5
3 -0.3 -1.5
3 0.3 -1.5
1 -3.76478 -0.980757
0 -4.6993 -1.55964
0 -4.1828 1.60082
1 -3.74728 -3.90039
0 -5.00297 -4.3001
1 -4.05315 -6.54142
0 -5.04748 -7.07643
1 -4.7221 -7.0042
0 -5.49019 -7.67312
342
0 -5.42436 -10.823
1 -4.59166 -10.107
3 0.3 1.5
3 -0.3 1.5
3 -0.3 -1.5
3 0.3 -1.5
1 -3.76478 -0.980757
0 -4.6993 -1.55964
0 -4.1828 1.60082
1 -3.74728 -3.90039
0 -5.0025 -4.30043
1 -4.05551 -6.54377
0 -5.0468 -7.08124
1 -4.71618 -7.00087
0 -5.47554 -7.67482
346
0 -5.60579 -10.6279
1 -4.71188 -10.0292
3 0.3 1.5
3 -0.3 1.5
3 -0.3 -1.5
3 0.3 -1.5
1 -3.76478 -0.980757
0 -4.6993 -1.55964
0 -4.1828 1.60082
1 -3.74728 -3.90039
0 -5.00266 -4.30032
1 -4.05438 -6.54241
0 -5.05668 -7.07189
1 -4.71894 -7.00296
0 -5.46657 -7.68651
350
0 -5.65957 -10.602
1 -4.72836 -10.0286
3 0.3 1.5
3 -0.3 1.5
3 -0.3 -1.5
3 0.3 -1.5
1 -3.76478 -0.980757
0 -4.6993 -1.55964
0 -4.1828 1.60082
1 -3.74728 -3.90039
0 -5.00256 -4.3004
1 -4.05491 -6.54294
0 -5.05641 -7.07306
1 -4.71761 -7.00221
0 -5.46352 -7.68671
354
0 -5.62378 -10.6257
1 -4.7302 -10.0278
3 0.3 1.5
3 -0.3 1.5
3 -0.3 -1.5
3 0.3 -1.5
1 -3.76478 -0.980757
0 -4.6993 -1.55964
0 -4.1828 1.60082
1 -3.74728 -3.90039
0 -5.00258 -4.30038
1 -4.05483 -6.5429
0 -5.05489 -7.07404
1 -4.71782 -7.00223
0 -5.4665 -7.68471
358
0 -5.60739 -10.6363
1 -4.73105 -10.0275
3 0.3 1.5
3 -0.3 1.5
3 -0.3 -1.5
3 0.3 -1.5
1 -3.76478 -0.980757
0 -4.6993 -1.55964
0 -4.1828 1.60082
1 -3.74728 -3.90039
0 -5.0026 -4.30037
1 -4.05483 -6.5429
0 -5.05417 -7.0745
1 -4.71782 -7.00223
0 -5.46793 -7.68375
362
0 -5.62362 -13.8675
1 -4.71836 -13.1975
0 -5.60189 -10.6397
1 -4.73135 -10.0274
3 0.3 1.5
3 -0.3 1.5
3 -0.3 -1.5
3 0.3 -1.5
1 -3.76478 -0.980757
0 -4.6993 -1.55964
0 -4.1828 1.60082
1 -3.74728 -3.90039
0 -5.0026 -4.30037
1 -4.05483 -6.5429
0 -5.05417 -7.0745
1 -4.71782 -7.00223
0 -5.46846 -7.68341
366
0 -5.76451 -13.7804
1 -4.98451 -13.0892
0 -5.59684 -10.6433
1 -4.7316 -10.0272
3 0.3 1.5
3 -0.3 1.5
3 -0.3 -1.5
3 0.3 -1.5
1 -3.76478 -0.980757
0 -4.6993 -1.55964
0 -4.1828 1.60082
1 -3.74728 -3.90039
0 -5.0026 -4.30037
1 -4.05483 -6.5429
0 -5.05417 -7.0745
1 -4.71782 -7.00223
0 -5.46882 -7.68316
370
0 -5.76458 -13.7317
1 -4.83736 -13.1201
0 -5.60196 -10.6399
1 -4.73133 -10.0273
3 0.3 1.5
3 -0.3 1.5
3 -0.3 -1.5
3 0.3 -1.5
1 -3.76478 -0.980757
0 -4.6993 -1.55964
0 -4.1828 1.60082
1 -3.74728 -3.90039
0 -5.0026 -4.30037
1 -4.05483 -6.5429
0 -5.05417 -7.0745
1 -4.71782 -7.00223
0 -5.46839 -7.68345
374
0 -5.78951 -13.698
1 -4.9305 -13.0835
0 -5.60233 -10.6397
1 -4.73131 -10.0273
3 0.3 1.5
3 -0.3 1.5
3 -0.3 -1.5
3 0.3 -1.5
1 -3.76478 -0.980757
0 -4.6993 -1.55964
0 -4.1828 1.60082
1 -3.74728 -3.90039
0 -5.0026 -4.30037
1 -4.05483 -6.5429
0 -5.05417 -7.0745
1 -4.71782 -7.00223
0 -5.46833 -7.68348
378
0 -5.80733 -13.6856
1 -4.93024 -13.0836
0 -5.60207 -10.6399
1 -4.73132 -10.0273
3 0.3 1.5
3 -0.3 1.5
3 -0.3 -1.5
3 0.3 -1.5
1 -3.76478 -0.980757
0 -4.6993 -1.55964
0 -4.1828 1.60082
1 -3.74728 -3.90039
0 -5.0026 -4.30037
1 -4.05483 -6.5429
0 -5.05417 -7.0745
1 -4.71782 -7.00223
0 -5.46835 -7.68347
382
0 -5.78029 -13.7034
1 -4.93082 -13.0835
0 -5.60255 -10.6396
1 -4.7313 -10.0273
3 0.3 1.5
3 -0.3 1.5
3 -0.3 -1.5
3 0.3 -1.5
1 -3.76478 -0.980757
0 -4.6993 -1.55964
0 -4.1828 1.60082
1 -3.74728 -3.90039
0 -5.0026 -4.30037
1 -4.05483 -6.5429
0 -5.05417 -7.0745
1 -4.71782 -7.00223
0 -5.46832 -7.68349
386
0 -5.93569 -17.0084
1 -4.88748 -16.3583
0 -5.77725 -13.7055
1 -4.93087 -13.0835
0 -5.6026 -10.6395
1 -4.7313 -10.0273
3 0.3 1.5
3 -0.3 1.5
3 -0.3 -1.5
3 0.3 -1.5
1 -3.76478 -0.980757
0 -4.6993 -1.55964
0 -4.1828 1.60082
1 -3.74728 -3.90039
0 -5.0026 -4.30037
1 -4.05483 -6.5429
0 -5.05417 -7.0745
1 -4.71782 -7.00223
0 -5.46832 -7.68349
390
0 -6.06698 -16.8161
1 -4.99797 -16.2571
0 -5.78271 -13.7021
1 -4.9307 -13.0835
0 -5.60248 -10.6396
1 -4.7313 -10.0273
3 0.3 1.5
3 -0.3 1.5
3 -0.3 -1.5
3 0.3 -1.5
1 -3.76478 -0.980757
0 -4.6993 -1.55964
0 -4.1828 1.60082
1 -3.74728 -3.90039
0 -5.0026 -4.30037
1 -4.05483 -6.5429
0 -5.05417 -7.0745
1 -4.71782 -7.00223
0 -5.46832 -7.68349
394
0 -6.06065 -16.8368
1 -5.03582 -16.2552
0 -5.78196 -13.7026
1 -4.9307 -13.0835
0 -5.6025 -10.6396
1 -4.7313 -10.0273
3 0.3 1.5
3 -0.3 1.5
3 -0.3 -1.5
3 0.3 -1.5
1 -3.76478 -0.980757
0 -4.6993 -1.55964
0 -4.1828 1.60082
1 -3.74728 -3.90039
0 -5.0026 -4.30037
1 -4.05483 -6.5429
0 -5.05417 -7.0745
1 -4.71782 -7.00223
0 -5.46832 -7.68349
398
0 -6.08437 -16.8209
1 -5.03583 -16.2552
0 -5.78152 -13.7029
1 -4.9307 -13.0835
0 -5.60251 -10.6396
1 -4.7313 -10.0273
3 0.3 1.5
3 -0.3 1.5
3 -0.3 -1.5
3 0.3 -1.5
1 -3.76478 -0.980757
0 -4.6993 -1.55964
0 -4.1828 1.60082
1 -3.74728 -3.90039
0 -5.0026 -4.30037
1 -4.05483 -6.5429
0 -5.05417 -7.0745
1 -4.71782 -7.00223
0 -5.46832 -7.68349
402
0 -6.05625 -16.8388
1 -5.03583 -16.2553
0 -5.78213 -13.7025
1 -4.9307 -13.0835
0 -5.6025 -10.6396
1 -4.7313 -10.0273
3 0.3 1.5
3 -0.3 1.5
3 -0.3 -1.5
3 0.3 -1.5
1 -3.76478 -0.980757
0 -4.6993 -1.55964
0 -4.1828 1.60082
1 -3.74728 -3.90039
0 -5.0026 -4.30037
1 -4.05483 -6.5429
0 -5.05417 -7.0745
1 -4.71782 -7.00223
0 -5.46832 -7.68349
406
0 -6.05899 -16.8374
1 -5.03583 -16.2553
0 -5.78204 -13.7025
1 -4.9307 -13.0835
0 -5.6025 -10.6396
1 -4.7313 -10.0273
3 0.3 1.5
3 -0.3 1.5
3 -0.3 -1.5
3 0.3 -1.5
1 -3.76478 -0.980757
0 -4.6993 -1.55964
0 -4.1828 1.60082
1 -3.74728 -3.90039
0 -5.0026 -4.30037
1 -4.05483 -6.5429
0 -5.05417 -7.0745
1 -4.71782 -7.00223
0 -5.46832 -7.68349
410
0 -6.48498 -19.7346
1 -5.21801 -19.347
0 -6.06249 -16.8353
1 -5.03582 -16.2552
0 -5.78195 -13.7026
1 -4.9307 -13.0835
0 -5.6025 -10.6396
1 -4.7313 -10.0273
3 0.3 1.5
3 -0.3 1.5
3 -0.3 -1.5
3 0.3 -1.5
1 -3.76478 -0.980757
0 -4.6993 -1.55964
0 -4.1828 1.60082
1 -3.74728 -3.90039
0 -5.0026 -4.30037
1 -4.05483 -6.5429
0 -5.05417 -7.0745
1 -4.71782 -7.00223
0 -5.46832 -7.68349
414
0 -6.68433 -19.5905
1 -5.36823 -19.2948
0 -6.05894 -16.8377
1 -5.03582 -16.2552
0 -5.78201 -13.7025
1 -4.9307 -13.0835
0 -5.6025 -10.6396
1 -4.7313 -10.0273
3 0.3 1.5
3 -0.3 1.5
3 -0.3 -1.5
3 0.3 -1.5
1 -3.76478 -0.980757
0 -4.6993 -1.55964
0 -4.1828 1.60082
1 -3.74728 -3.90039
0 -5.0026 -4.30037
1 -4.05483 -6.5429
0 -5.05417 -7.0745
1 -4.71782 -7.00223
0 -5.46832 -7.68349
418
0 -6.70052 -19.5787
1 -5.36607 -19.2958
0 -6.05864 -16.8379
1 -5.03582 -16.2552
0 -5.78202 -13.7025
1 -4.9307 -13.0835
0 -5.6025 -10.6396
1 -4.7313 -10.0273
3 0.3 1.5
3 -0.3 1.5
3 -0.3 -1.5
3 0.3 -1.5
1 -3.76478 -0.980757
0 -4.6993 -1.55964
0 -4.1828 1.60082
1 -3.74728 -3.90039
0 -5.0026 -4.30037
1 -4.05483 -6.5429
0 -5.05417 -7.0745
1 -4.71782 -7.00223
0 -5.46832 -7.68349
422
0 -6.7076 -19.574
1 -5.36602 -19.2959
0 -6.0585 -16.838
1 -5.03582 -16.2552
0 -5.78202 -13.7025
1 -4.9307 -13.0835
0 -5.6025 -10.6396
1 -4.7313 -10.0273
3 0.3 1.5
3 -0.3 1.5
3 -0.3 -1.5
3 0.3 -1.5
1 -3.76478 -0.980757
0 -4.6993 -1.55964
0 -4.1828 1.60082
1 -3.74728 -3.90039
0 -5.0026 -4.30037
1 -4.05483 -6.5429
0 -5.05417 -7.0745
1 -4.71782 -7.00223
0 -5.46832 -7.68349
426
0 -6.12355 -21.9797
0 -6.7076 -19.574
1 -5.36602 -19.2959
0 -6.0585 -16.838
1 -5.03582 -16.2552
0 -5.78202 -13.7025
1 -4.9307 -13.0835
0 -5.6025 -10.6396
1 -4.7313 -10.0273
3 0.3 1.5
3 -0.3 1.5
3 -0.3 -1.5
3 0.3 -1.5
1 -3.76478 -0.980757
0 -4.6993 -1.55964
0 -4.1828 1.60082
1 -3.74728 -3.90039
0 -5.0026 -4.30037
1 -4.05483 -6.5429
0 -5.05417 -7.0745
1 -4.71782 -7.00223
0 -5.46832 -7.68349
430
0 -6.32553 -25.2347
1 -5.26962 -24.6222
0 -6.11965 -21.982
0 -6.7076 -19.574
1 -5.36602 -19.2959
0 -6.0585 -16.838
1 -5.03582 -16.2552
0 -5.78202 -13.7025
1 -4.9307 -13.0835
0 -5.6025 -10.6396
1 -4.7313 -10.0273
3 0.3 1.5
3 -0.3 1.5
3 -0.3 -1.5
3 0.3 -1.5
1 -3.76478 -0.980757
0 -4.6993 -1.55964
0 -4.1828 1.60082
1 -3.74728 -3.90039
0 -5.0026 -4.30037
1 -4.05483 -6.5429
0 -5.05417 -7.0745
1 -4.71782 -7.00223
0 -5.46832 -7.68349
434
0 -6.33458 -25.2536
1 -5.34252 -24.6193
0 -6.11285 -21.9858
0 -6.7076 -19.574
1 -5.36602 -19.2959
0 -6.0585 -16.838
1 -5.03582 -16.2552
0 -5.78202 -13.7025
1 -4.9307 -13.0835
0 -5.6025 -10.6396
1 -4.7313 -10.0273
3 0.3 1.5
3 -0.3 1.5
3 -0.3 -1.5
3 0.3 -1.5
1 -3.76478 -0.980757
0 -4.6993 -1.55964
0 -4.1828 1.60082
1 -3.74728 -3.90039
0 -5.0026 -4.30037
1 -4.05483 -6.5429
0 -5.05417 -7.0745
1 -4.71782 -7.00223
0 -5.46832 -7.68349
438
0 -6.37267 -25.1459
1 -5.48666 -24.4992
0 -6.12612 -21.9794
0 -6.7076 -19.574
1 -5.36602 -19.2959
0 -6.0585 -16.838
1 -5.03582 -16.2552
0 -5.78202 -13.7025
1 -4.9307 -13.0835
0 -5.6025 -10.6396
1 -4.7313 -10.0273
3 0.3 1.5
3 -0.3 1.5
3 -0.3 -1.5
3 0.3 -1.5
1 -3.76478 -0.980757
0 -4.6993 -1.55964
0 -4.1828 1.60082
1 -3.74728 -3.90039
0 -5.0026 -4.30037
1 -4.05483 -6.5429
0 -5.05417 -7.0745
1 -4.71782 -7.00223
0 -5.46832 -7.68349
442
0 -6.41252 -25.135
1 -5.51137 -24.5046
0 -6.12131 -21.9821
0 -6.7076 -19.574
1 -5.36602 -19.2959
0 -6.0585 -16.838
1 -5.03582 -16.2552
0 -5.78202 -13.7025
1 -4.9307 -13.0835
0 -5.6025 -10.6396
1 -4.7313 -10.0273
3 0.3 1.5
3 -0.3 1.5
3 -0.3 -1.5
3 0.3 -1.5
1 -3.76478 -0.980757
0 -4.6993 -1.55964
0 -4.1828 1.60082
1 -3.74728 -3.90039
0 -5.0026 -4.30037
1 -4.05483 -6.5429
0 -5.05417 -7.0745
1 -4.71782 -7.00223
0 -5.46832 -7.68349
446
0 -6.38242 -25.1544
1 -5.51231 -24.5038
0 -6.12262 -21.9812
0 -6.7076 -19.574
1 -5.36602 -19.2959
0 -6.0585 -16.838
1 -5.03582 -16.2552
0 -5.78202 -13.7025
1 -4.9307 -13.0835
0 -5.6025 -10.6396
1 -4.7313 -10.0273
3 0.3 1.5
3 -0.3 1.5
3 -0.3 -1.5
3 0.3 -1.5
1 -3.76478 -0.980757
0 -4.6993 -1.55964
0 -4.1828 1.60082
1 -3.74728 -3.90039
0 -5.0026 -4.30037
1 -4.05483 -6.5429
0 -5.05417 -7.0745
1 -4.71782 -7.00223
0 -5.46832 -7.68349
450
0 -6.38989 -25.1495
1 -5.51209 -24.504
0 -6.12231 -21.9814
0 -6.7076 -19.574
1 -5.36602 -19.2959
0 -6.0585 -16.838
1 -5.03582 -16.2552
0 -5.78202 -13.7025
1 -4.9307 -13.0835
0 -5.6025 -10.6396
1 -4.7313 -10.0273
3 0.3 1.5
3 -0.3 1.5
3 -0.3 -1.5
3 0.3 -1.5
1 -3.76478 -0.980757
0 -4.6993 -1.55964
0 -4.1828 1.60082
1 -3.74728 -3.90039
0 -5.0026 -4.30037
1 -4.05483 -6.5429
0 -5.05417 -7.0745
1 -4.71782 -7.00223
0 -5.46832 -7.68349
454
0 -6.66133 -28.4681
1 -5.3502 -27.9639
0 -6.38364 -25.1534
1 -5.51231 -24.5039
0 -6.12261 -21.9812
0 -6.7076 -19.574
1 -5.36602 -19.2959
0 -6.0585 -16.838
1 -5.03582 -16.2552
0 -5.78202 -13.7025
1 -4.9307 -13.0835
0 -5.6025 -10.6396
1 -4.7313 -10.0273
3 0.3 1.5
3 -0.3 1.5
3 -0.3 -1.5
3 0.3 -1.5
1 -3.76478 -0.980757
0 -4.6993 -1.55964
0 -4.1828 1.60082
1 -3.74728 -3.90039
0 -5.0026 -4.30037
1 -4.05483 -6.5429
0 -5.05417 -7.0745
1 -4.71782 -7.00223
0 -5.46832 -7.68349
458
0 -6.91709 -28.4889
1 -5.99801 -27.8384
0 -6.35997 -25.1684
1 -5.51308 -24.5033
0 -6.12367 -21.9805
0 -6.7076 -19.574
1 -5.36602 -19.2959
0 -6.0585 -16.838
1 -5.03582 -16.2552
0 -5.78202 -13.7025
1 -4.9307 -13.0835
0 -5.6025 -10.6396
1 -4.7313 -10.0273
3 0.3 1.5
3 -0.3 1.5
3 -0.3 -1.5
3 0.3 -1.5
1 -3.76478 -0.980757
0 -4.6993 -1.55964
0 -4.1828 1.60082
1 -3.74728 -3.90039
0 -5.0026 -4.30037
1 -4.05483 -6.5429
0 -5.05417 -7.0745
1 -4.71782 -7.00223
0 -5.46832 -7.68349
462
0 -6.80073 -28.4853
1 -5.83885 -27.8409
0 -6.36812 -25.1633
1 -5.5128 -24.5035
0 -6.12329 -21.9808
0 -6.7076 -19.574
1 -5.36602 -19.2959
0 -6.0585 -16.838
1 -5.03582 -16.2552
0 -5.78202 -13.7025
1 -4.9307 -13.0835
0 -5.6025 -10.6396
1 -4.7313 -10.0273
3 0.3 1.5
3 -0.3 1.5
3 -0.3 -1.5
3 0.3 -1.5
1 -3.76478 -0.980757
0 -4.6993 -1.55964
0 -4.1828 1.60082
1 -3.74728 -3.90039
0 -5.0026 -4.30037
1 -4.05483 -6.5429
0 -5.05417 -7.0745
1 -4.71782 -7.00223
0 -5.46832 -7.68349
466
0 -6.91605 -28.3716
1 -5.95507 -27.7835
0 -6.36879 -25.1631
1 -5.51275 -24.5035
0 -6.12323 -21.9808
0 -6.7076 -19.574
1 -5.36602 -19.2959
0 -6.0585 -16.838
1 -5.03582 -16.2552
0 -5.78202 -13.7025
1 -4.9307 -13.0835
0 -5.6025 -10.6396
1 -4.7313 -10.0273
3 0.3 1.5
3 -0.3 1.5
3 -0.3 -1.5
3 0.3 -1.5
1 -3.76478 -0.980757
0 -4.6993 -1.55964
0 -4.1828 1.60082
1 -3.74728 -3.90039
0 -5.0026 -4.30037
1 -4.05483 -6.5429
0 -5.05417 -7.0745
1 -4.71782 -7.00223
0 -5.46832 -7.68349
470
0 -6.87327 -28.3979
1 -5.95487 -27.7828
0 -6.36936 -25.1626
1 -5.51274 -24.5035
0 -6.12321 -21.9808
0 -6.7076 -19.574
1 -5.36602 -19.2959
0 -6.0585 -16.838
1 -5.03582 -16.2552
0 -5.78202 -13.7025
1 -4.9307 -13.0835
0 -5.6025 -10.6396
1 -4.7313 -10.0273
3 0.3 1.5
3 -0.3 1.5
3 -0.3 -1.5
3 0.3 -1.5
1 -3.76478 -0.980757
0 -4.6993 -1.55964
0 -4.1828 1.60082
1 -3.74728 -3.90039
0 -5.0026 -4.30037
1 -4.05483 -6.5429
0 -5.05417 -7.0745
1 -4.71782 -7.00223
0 -5.46832 -7.68349
474
0 -6.87376 -28.3977
1 -5.95471 -27.7828
0 -6.36933 -25.1627
1 -5.51274 -24.5035
0 -6.12321 -21.9808
0 -6.7076 -19.574
1 -5.36602 -19.2959
0 -6.0585 -16.838
1 -5.03582 -16.2552
0 -5.78202 -13.7025
1 -4.9307 -13.0835
0 -5.6025 -10.6396
1 -4.7313 -10.0273
3 0.3 1.5
3 -0.3 1.5
3 -0.3 -1.5
3 0.3 -1.5
1 -3.76478 -0.980757
0 -4.6993 -1.55964
0 -4.1828 1.60082
1 -3.74728 -3.90039
0 -5.0026 -4.30037
1 -4.05483 -6.5429
0 -5.05417 -7.0745
1 -4.71782 -7.00223
0 -5.46832 -7.68349
478
0 -5.46832 -7.68349
1 -4.71782 -7.00223
0 -5.05417 -7.0745
1 -4.05483 -6.5429
0 -5.0026 -4.30037
1 -3.74728 -3.90039
0 -4.1828 1.60082
0 -4.6993 -1.55964
1 -3.76478 -0.980757
3 0.3 -1.5
3 -0.3 -1.5
3 -0.3 1.5
3 0.3 1.5
1 -4.7313 -10.0273
0 -5.6025 -10.6396
1 -4.9307 -13.0835
0 -5.78202 -13.7025
1 -5.03582 -16.2552
0 -6.0585 -16.838
1 -5.36602 -19.2959
0 -6.7076 -19.574
0 -6.12321 -21.9808
1 -5.51274 -24.5035
0 -6.36917 -25.1628
1 -5.95422 -27.7828
0 -6.88572 -28.3896
482
0 -5.46832 -7.68349
1 -4.71782 -7.00223
0 -5.05417 -7.0745
1 -4.05483 -6.5429
0 -5.0026 -4.30037
1 -3.74728 -3.90039
0 -4.1828 1.60082
0 -4.6993 -1.55964
1 -3.76478 -0.980757
3 0.3 -1.5
3 -0.3 -1.5
3 -0.3 1.5
3 0.3 1.5
1 -4.7313 -10.0273
0 -5.6025 -10.6396
1 -4.9307 -13.0835
0 -5.78202 -13.7025
1 -5.03582 -16.2552
0 -6.0585 -16.838
1 -5.36602 -19.2959
0 -6.7076 -19.574
0 -6.12321 -21.9808
1 -5.51274 -24.5035
0 -6.36926 -25.1627
1 -5.95448 -27.7828
0 -6.87834 -28.3947
486
0 -5.46832 -7.68349
1 -4.71782 -7.00223
0 -5.05417 -7.0745
1 -4.05483 -6.5429
0 -5.0026 -4.30037
1 -3.74728 -3.90039
0 -4.1828 1.60082
0 -4.6993 -1.55964
1 -3.76478 -0.980757
3 0.3 -1.5
3 -0.3 -1.5
3 -0.3 1.5
3 0.3 1.5
1 -4.7313 -10.0273
0 -5.6025 -10.6396
1 -4.9307 -13.0835
0 -5.78202 -13.7025
1 -5.03582 -16.2552
0 -6.0585 -16.838
1 -5.36602 -19.2959
0 -6.7076 -19.574
0 -6.12321 -21.9808
1 -5.51274 -24.5035
0 -6.36899 -25.1629
1 -5.95346 -27.7827
0 -6.89571 -28.3834
490
0 -5.46832 -7.68349
1 -4.71782 -7.00223
0 -5.05417 -7.0745
1 -4.05483 -6.5429
0 -5.0026 -4.30037
1 -3.74728 -3.90039
0 -4.1828 1.60082
0 -4.6993 -1.55964
1 -3.76478 -0.980757
3 0.3 -1.5
3 -0.3 -1.5
3 -0.3 1.5
3 0.3 1.5
1 -4.7313 -10.0273
0 -5.6025 -10.6396
1 -4.9307 -13.0835
0 -5.78202 -13.7025
1 -5.03582 -16.2552
0 -6.0585 -16.838
1 -5.36602 -19.2959
0 -6.7076 -19.574
0 -6.12321 -21.9808
1 -5.51274 -24.5035
0 -6.36899 -25.1629
1 -5.9535 -27.7827
0 -6.89644 -28.3828
494
0 -8.33205 -34.5031
0 -5.46832 -7.68349
1 -4.71782 -7.00223
0 -5.05417 -7.0745
1 -4.05483 -6.5429
0 -5.0026 -4.30037
1 -3.74728 -3.90039
0 -4.1828 1.60082
0 -4.6993 -1.55964
1 -3.76478 -0.980757
3 0.3 -1.5
3 -0.3 -1.5
3 -0.3 1.5
3 0.3 1.5
1 -4.7313 -10.0273
0 -5.6025 -10.6396
1 -4.9307 -13.0835
0 -5.78202 -13.7025
1 -5.03582 -16.2552
0 -6.0585 -16.838
1 -5.36602 -19.2959
0 -6.7076 -19.574
0 -6.12321 -21.9808
1 -5.51274 -24.5035
0 -6.36899 -25.1629
1 -5.9535 -27.7827
0 -6.89644 -28.3828
498
0 -8.43185 -34.4556
0 -5.46832 -7.68349
1 -4.71782 -7.00223
0 -5.05417 -7.0745
1 -4.05483 -6.5429
0 -5.0026 -4.30037
1 -3.74728 -3.90039
0 -4.1828 1.60082
0 -4.6993 -1.55964
1 -3.76478 -0.980757
3 0.3 -1.5
3 -0.3 -1.5
3 -0.3 1.5
3 0.3 1.5
1 -4.7313 -10.0273
0 -5.6025 -10.6396
1 -4.9307 -13.0835
0 -5.78202 -13.7025
1 -5.03582 -16.2552
0 -6.0585 -16.838
1 -5.36602 -19.2959
0 -6.7076 -19.574
0 -6.12321 -21.9808
1 -5.51274 -24.5035
0 -6.36899 -25.1629
1 -5.9535 -27.7827
0 -6.89644 -28.3828
502
0 -8.36591 -34.4837
0 -5.46832 -7.68349
1 -4.71782 -7.00223
0 -5.05417 -7.0745
1 -4.05483 -6.5429
0 -5.0026 -4.30037
1 -3.74728 -3.90039
0 -4.1828 1.60082
0 -4.6993 -1.55964
1 -3.76478 -0.980757
3 0.3 -1.5
3 -0.3 -1.5
3 -0.3 1.5
3 0.3 1.5
1 -4.7313 -10.0273
0 -5.6025 -10.6396
1 -4.9307 -13.0835
0 -5.78202 -13.7025
1 -5.03582 -16.2552
0 -6.0585 -16.838
1 -5.36602 -19.2959
0 -6.7076 -19.574
0 -6.12321 -21.9808
1 -5.51274 -24.5035
0 -6.36899 -25.1629
1 -5.9535 -27.7827
0 -6.89644 -28.3828
506
0 -8.38381 -34.4758
0 -5.46832 -7.68349
1 -4.71782 -7.00223
0 -5.05417 -7.0745
1 -4.05483 -6.5429
0 -5.0026 -4.30037
1 -3.74728 -3.90039
0 -4.1828 1.60082
0 -4.6993 -1.55964
1 -3.76478 -0.980757
3 0.3 -1.5
3 -0.3 -1.5
3 -0.3 1.5
3 0.3 1.5
1 -4.7313 -10.0273
0 -5.6025 -10.6396
1 -4.9307 -13.0835
0 -5.78202 -13.7025
1 -5.03582 -16.2552
0 -6.0585 -16.838
1 -5.36602 -19.2959
0 -6.7076 -19.574
0 -6.12321 -21.9808
1 -5.51274 -24.5035
0 -6.36899 -25.1629
1 -5.9535 -27.7827
0 -6.89644 -28.3828
510
0 -8.38453 -34.4754
0 -5.46832 -7.68349
1 -4.71782 -7.00223
0 -5.05417 -7.0745
1 -4.05483 -6.5429
0 -5.0026 -4.30037
1 -3.74728 -3.90039
0 -4.1828 1.60082
0 -4.6993 -1.55964
1 -3.76478 -0.980757
3 0.3 -1.5
3 -0.3 -1.5
3 -0.3 1.5
3 0.3 1.5
1 -4.7313 -10.0273
0 -5.6025 -10.6396
1 -4.9307 -13.0835
0 -5.78202 -13.7025
1 -5.03582 -16.2552
0 -6.0585 -16.838
1 -5.36602 -19.2959
0 -6.7076 -19.574
0 -6.12321 -21.9808
1 -5.51274 -24.5035
0 -6.36899 -25.1629
1 -5.9535 -27.7827
0 -6.89644 -28.3828
514
0 -8.38443 -34.4755
0 -5.46832 -7.68349
1 -4.71782 -7.00223
0 -5.05417 -7.0745
1 -4.05483 -6.5429
0 -5.0026 -4.30037
1 -3.74728 -3.90039
0 -4.1828 1.60082
0 -4.6993 -1.55964
1 -3.76478 -0.980757
3 0.3 -1.5
3 -0.3 -1.5
3 -0.3 1.5
3 0.3 1.5
1 -4.7313 -10.0273
0 -5.6025 -10.6396
1 -4.9307 -13.0835
0 -5.78202 -13.7025
1 -5.03582 -16.2552
0 -6.0585 -16.838
1 -5.36602 -19.2959
0 -6.7076 -19.574
0 -6.12321 -21.9808
1 -5.51274 -24.5035
0 -6.36899 -25.1629
1 -5.9535 -27.7827
0 -6.89644 -28.3828
518
0 -9.25647 -40.2232
0 -8.38443 -34.4755
0 -5.46832 -7.68349
1 -4.71782 -7.00223
0 -5.05417 -7.0745
1 -4.05483 -6.5429
0 -5.0026 -4.30037
1 -3.74728 -3.90039
0 -4.1828 1.60082
0 -4.6993 -1.55964
1 -3.76478 -0.980757
3 0.3 -1.5
3 -0.3 -1.5
3 -0.3 1.5
3 0.3 1.5
1 -4.7313 -10.0273
0 -5.6025 -10.6396
1 -4.9307 -13.0835
0 -5.78202 -13.7025
1 -5.03582 -16.2552
0 -6.0585 -16.838
1 -5.36602 -19.2959
0 -6.7076 -19.574
0 -6.12321 -21.9808
1 -5.51274 -24.5035
0 -6.36899 -25.1629
1 -5.9535 -27.7827
0 -6.89644 -28.3828
522
0 -9.15959 -40.2774
0 -8.38443 -34.4755
0 -5.46832 -7.68349
1 -4.71782 -7.00223
0 -5.05417 -7.0745
1 -4.05483 -6.5429
0 -5.0026 -4.30037
1 -3.74728 -3.90039
0 -4.1828 1.60082
0 -4.6993 -1.55964
1 -3.76478 -0.980757
3 0.3 -1.5
3 -0.3 -1.5
3 -0.3 1.5
3 0.3 1.5
1 -4.7313 -10.0273
0 -5.6025 -10.6396
1 -4.9307 -13.0835
0 -5.78202 -13.7025
1 -5.03582 -16.2552
0 -6.0585 -16.838
1 -5.36602 -19.2959
0 -6.7076 -19.574
0 -6.12321 -21.9808
1 -5.51274 -24.5035
0 -6.36899 -25.1629
1 -5.9535 -27.7827
0 -6.89644 -28.3828
526
0 -9.1763 -40.271
0 -8.38443 -34.4755
0 -5.46832 -7.68349
1 -4.71782 -7.00223
0 -5.05417 -7.0745
1 -4.05483 -6.5429
0 -5.0026 -4.30037
1 -3.74728 -3.90039
0 -4.1828 1.60082
0 -4.6993 -1.55964
1 -3.76478 -0.980757
3 0.3 -1.5
3 -0.3 -1.5
3 -0.3 1.5
3 0.3 1.5
1 -4.7313 -10.0273
0 -5.6025 -10.6396
1 -4.9307 -13.0835
0 -5.78202 -13.7025
1 -5.03582 -16.2552
0 -6.0585 -16.838
1 -5.36602 -19.2959
0 -6.7076 -19.574
0 -6.12321 -21.9808
1 -5.51274 -24.5035
0 -6.36899 -25.1629
1 -5.9535 -27.7827
0 -6.89644 -28.3828
530
0 -9.17351 -40.2727
0 -8.38443 -34.4755
0 -5.46832 -7.68349
1 -4.71782 -7.00223
0 -5.05417 -7.0745
1 -4.05483 -6.5429
0 -5.0026 -4.30037
1 -3.74728 -3.90039
0 -4.1828 1.60082
0 -4.6993 -1.55964
1 -3.76478 -0.980757
3 0.3 -1.5
3 -0.3 -1.5
3 -0.3 1.5
3 0.3 1.5
1 -4.7313 -10.0273
0 -5.6025 -10.6396
1 -4.9307 -13.0835
0 -5.78202 -13.7025
1 -5.03582 -16.2552
0 -6.0585 -16.838
1 -5.36602 -19.2959
0 -6.7076 -19.574
0 -6.12321 -21.9808
1 -5.51274 -24.5035
0 -6.36899 -25.1629
1 -5.9535 -27.7827
0 -6.89644 -28.3828
534
0 -9.17315 -40.2729
0 -8.38443 -34.4755
0 -5.46832 -7.68349
1 -4.71782 -7.00223
0 -5.05417 -7.0745
1 -4.05483 -6.5429
0 -5.0026 -4.30037
1 -3.74728 -3.90039
0 -4.1828 1.60082
0 -4.6993 -1.55964
1 -3.76478 -0.980757
3 0.3 -1.5
3 -0.3 -1.5
3 -0.3 1.5
3 0.3 1.5
1 -4.7313 -10.0273
0 -5.6025 -10.6396
1 -4.9307 -13.0835
0 -5.78202 -13.7025
1 -5.03582 -16.2552
0 -6.0585 -16.838
1 -5.36602 -19.2959
0 -6.7076 -19.574
0 -6.12321 -21.9808
1 -5.51274 -24.5035
0 -6.36899 -25.1629
1 -5.9535 -27.7827
0 -6.89644 -28.3828
538
0 -9.17315 -40.2729
0 -8.38443 -34.4755
0 -5.46832 -7.68349
1 -4.71782 -7.00223
0 -5.05417 -7.0745
1 -4.05483 -6.5429
0 -5.0026 -4.30037
1 -3.74728 -3.90039
0 -4.1828 1.60082
0 -4.6993 -1.55964
1 -3.76478 -0.980757
3 0.3 -1.5
3 -0.3 -1.5
3 -0.3 1.5
3 0.3 1.5
1 -4.7313 -10.0273
0 -5.6025 -10.6396
1 -4.9307 -13.0835
0 -5.78202 -13.7025
1 -5.03582 -16.2552
0 -6.0585 -16.838
1 -5.36602 -19.2959
0 -6.7076 -19.574
0 -6.12321 -21.9808
1 -5.51274 -24.5035
0 -6.36899 -25.1629
1 -5.9535 -27.7827
0 -6.89644 -28.3828
542
0 -9.17315 -40.2729
0 -8.38443 -34.4755
0 -5.46832 -7.68349
1 -4.71782 -7.00223
0 -5.05417 -7.0745
1 -4.05483 -6.5429
0 -5.0026 -4.30037
1 -3.74728 -3.90039
0 -4.1828 1.60082
0 -4.6993 -1.55964
1 -3.76478 -0.980757
3 0.3 -1.5
3 -0.3 -1.5
3 -0.3 1.5
3 0.3 1.5
1 -4.7313 -10.0273
0 -5.6025 -10.6396
1 -4.9307 -13.0835
0 -5.78202 -13.7025
1 -5.03582 -16.2552
0 -6.0585 -16.838
1 -5.36602 -19.2959
0 -6.7076 -19.574
0 -6.12321 -21.9808
1 -5.51274 -24.5035
0 -6.36899 -25.1629
1 -5.9535 -27.7827
0 -6.89644 -28.3828
546
0 -9.17315 -40.2729
0 -8.38443 -34.4755
0 -5.46832 -7.68349
1 -4.71782 -7.00223
0 -5.05417 -7.0745
1 -4.05483 -6.5429
0 -5.0026 -4.30037
1 -3.74728 -3.90039
0 -4.1828 1.60082
0 -4.6993 -1.55964
1 -3.76478 -0.980757
3 0.3 -1.5
3 -0.3 -1.5
3 -0.3 1.5
3 0.3 1.5
1 -4.7313 -10.0273
0 -5.6025 -10.6396
1 -4.9307 -13.0835
0 -5.78202 -13.7025
1 -5.03582 -16.2552
0 -6.0585 -16.838
1 -5.36602 -19.2959
0 -6.7076 -19.574
0 -6.12321 -21.9808
1 -5.51274 -24.5035
0 -6.36899 -25.1629
1 -5.9535 -27.7827
0 -6.89644 -28.3828
550
0 -9.17315 -40.2729
0 -8.38443 -34.4755
0 -5.46832 -7.68349
1 -4.71782 -7.00223
0 -5.05417 -7.0745
1 -4.05483 -6.5429
0 -5.0026 -4.30037
1 -3.74728 -3.90039
0 -4.1828 1.60082
0 -4.6993 -1.55964
1 -3.76478 -0.980757
3 0.3 -1.5
3 -0.3 -1.5
3 -0.3 1.5
3 0.3 1.5
1 -4.7313 -10.0273
0 -5.6025 -10.6396
1 -4.9307 -13.0835
0 -5.78202 -13.7025
1 -5.03582 -16.2552
0 -6.0585 -16.838
1 -5.36602 -19.2959
0 -6.7076 -19.574
0 -6.12321 -21.9808
1 -5.51274 -24.5035
0 -6.36899 -25.1629
1 -5.9535 -27.7827
0 -6.89644 -28.3828
554
0 -9.17315 -40.2729
0 -8.38443 -34.4755
0 -5.46832 -7.68349
1 -4.71782 -7.00223
0 -5.05417 -7.0745
1 -4.05483 -6.5429
0 -5.0026 -4.30037
1 -3.74728 -3.90039
0 -4.1828 1.60082
0 -4.6993 -1.55964
1 -3.76478 -0.980757
3 0.3 -1.5
3 -0.3 -1.5
3 -0.3 1.5
3 0.3 1.5
1 -4.7313 -10.0273
0 -5.6025 -10.6396
1 -4.9307 -13.0835
0 -5.78202 -13.7025
1 -5.03582 -16.2552
0 -6.0585 -16.838
1 -5.36602 -19.2959
0 -6.7076 -19.574
0 -6.12321 -21.9808
1 -5.51274 -24.5035
0 -6.36899 -25.1629
1 -5.9535 -27.7827
0 -6.89644 -28.3828
558
0 -9.17315 -40.2729
0 -8.38443 -34.4755
0 -5.46832 -7.68349
1 -4.71782 -7.00223
0 -5.05417 -7.0745
1 -4.05483 -6.5429
0 -5.0026 -4.30037
1 -3.74728 -3.90039
0 -4.1828 1.60082
0 -4.6993 -1.55964
1 -3.76478 -0.980757
3 0.3 -1.5
3 -0.3 -1.5
3 -0.3 1.5
3 0.3 1.5
1 -4.7313 -10.0273
0 -5.6025 -10.6396
1 -4.9307 -13.0835
0 -5.78202 -13.7025
1 -5.03582 -16.2552
0 -6.0585 -16.838
1 -5.36602 -19.2959
0 -6.7076 -19.574
0 -6.12321 -21.9808
1 -5.51274 -24.5035
0 -6.36899 -25.1629
1 -5.9535 -27.7827
0 -6.89644 -28.3828
562
0 -9.17315 -40.2729
0 -8.38443 -34.4755
0 -5.46832 -7.68349
1 -4.71782 -7.00223
0 -5.05417 -7.0745
1 -4.05483 -6.5429
0 -5.0026 -4.30037
1 -3.74728 -3.90039
0 -4.1828 1.60082
0 -4.6993 -1.55964
1 -3.76478 -0.980757
3 0.3 -1.5
3 -0.3 -1.5
3 -0.3 1.5
3 0.3 1.5
1 -4.7313 -10.0273
0 -5.6025 -10.6396
1 -4.9307 -13.0835
0 -5.78202 -13.7025
1 -5.03582 -16.2552
0 -6.0585 -16.838
1 -5.36602 -19.2959
0 -6.7076 -19.574
0 -6.12321 -21.9808
1 -5.51274 -24.5035
0 -6.36899 -25.1629
1 -5.9535 -27.7827
0 -6.89644 -28.3828
566
0 -10.041 -55.5288
0 -9.17315 -40.2729
0 -8.38443 -34.4755
0 -5.46832 -7.68349
1 -4.71782 -7.00223
0 -5.05417 -7.0745
1 -4.05483 -6.5429
0 -5.0026 -4.30037
1 -3.74728 -3.90039
0 -4.1828 1.60082
0 -4.6993 -1.55964
1 -3.76478 -0.980757
3 0.3 -1.5
3 -0.3 -1.5
3 -0.3 1.5
3 0.3 1.5
1 -4.7313 -10.0273
0 -5.6025 -10.6396
1 -4.9307 -13.0835
0 -5.78202 -13.7025
1 -5.03582 -16.2552
0 -6.0585 -16.838
1 -5.36602 -19.2959
0 -6.7076 -19.574
0 -6.12321 -21.9808
1 -5.51274 -24.5035
0 -6.36899 -25.1629
1 -5.9535 -27.7827
0 -6.89644 -28.3828
570
0 -10.2204 -55.4136
0 -9.17315 -40.2729
0 -8.38443 -34.4755
0 -5.46832 -7.68349
1 -4.71782 -7.00223
0 -5.05417 -7.0745
1 -4.05483 -6.5429
0 -5.0026 -4.30037
1 -3.74728 -3.90039
0 -4.1828 1.60082
0 -4.6993 -1.55964
1 -3.76478 -0.980757
3 0.3 -1.5
3 -0.3 -1.5
3 -0.3 1.5
3 0.3 1.5
1 -4.7313 -10.0273
0 -5.6025 -10.6396
1 -4.9307 -13.0835
0 -5.78202 -13.7025
1 -5.03582 -16.2552
0 -6.0585 -16.838
1 -5.36602 -19.2959
0 -6.7076 -19.574
0 -6.12321 -21.9808
1 -5.51274 -24.5035
0 -6.36899 -25.1629
1 -5.9535 -27.7827
0 -6.89644 -28.3828
574
0 -10.1505 -55.4423
0 -9.17315 -40.2729
0 -8.38443 -34.4755
0 -5.46832 -7.68349
1 -4.71782 -7.00223
0 -5.05417 -7.0745
1 -4.05483 -6.5429
0 -5.0026 -4.30037
1 -3.74728 -3.90039
0 -4.1828 1.60082
0 -4.6993 -1.55964
1 -3.76478 -0.980757
3 0.3 -1.5
3 -0.3 -1.5
3 -0.3 1.5
3 0.3 1.5
1 -4.7313 -10.0273
0 -5.6025 -10.6396
1 -4.9307 -13.0835
0 -5.78202 -13.7025
1 -5.03582 -16.2552
0 -6.0585 -16.838
1 -5.36602 -19.2959
0 -6.7076 -19.574
0 -6.12321 -21.9808
1 -5.51274 -24.5035
0 -6.36899 -25.1629
1 -5.9535 -27.7827
0 -6.89644 -28.3828
578
0 -10.1527 -55.4411
0 -9.17315 -40.2729
0 -8.38443 -34.4755
0 -5.46832 -7.68349
1 -4.71782 -7.00223
0 -5.05417 -7.0745
1 -4.05483 -6.5429
0 -5.0026 -4.30037
1 -3.74728 -3.90039
0 -4.1828 1.60082
0 -4.6993 -1.55964
1 -3.76478 -0.980757
3 0.3 -1.5
3 -0.3 -1.5
3 -0.3 1.5
3 0.3 1.5
1 -4.7313 -10.0273
0 -5.6025 -10.6396
1 -4.9307 -13.0835
0 -5.78202 -13.7025
1 -5.03582 -16.2552
0 -6.0585 -16.838
1 -5.36602 -19.2959
0 -6.7076 -19.574
0 -6.12321 -21.9808
1 -5.51274 -24.5035
0 -6.36899 -25.1629
1 -5.9535 -27.7827
0 -6.89644 -28.3828
582
0 -10.1527 -55.4411
0 -9.17315 -40.2729
0 -8.38443 -34.4755
0 -5.46832 -7.68349
1 -4.71782 -7.00223
0 -5.05417 -7.0745
1 -4.05483 -6.5429
0 -5.0026 -4.30037
1 -3.74728 -3.90039
0 -4.1828 1.60082
0 -4.6993 -1.55964
1 -3.76478 -0.980757
3 0.3 -1.5
3 -0.3 -1.5
3 -0.3 1.5
3 0.3 1.5
1 -4.7313 -10.0273
0 -5.6025 -10.6396
1 -4.9307 -13.0835
0 -5.78202 -13.7025
1 -5.03582 -16.2552
0 -6.0585 -16.838
1 -5.36602 -19.2959
0 -6.7076 -19.574
0 -6.12321 -21.9808
1 -5.51274 -24.5035
0 -6.36899 -25.1629
1 -5.9535 -27.7827
0 -6.89644 -28.3828
586
0 -10.1527 -55.4411
0 -9.17315 -40.2729
0 -8.38443 -34.4755
0 -5.46832 -7.68349
1 -4.71782 -7.00223
0 -5.05417 -7.0745
1 -4.05483 -6.5429
0 -5.0026 -4.30037
1 -3.74728 -3.90039
0 -4.1828 1.60082
0 -4.6993 -1.55964
1 -3.76478 -0.980757
3 0.3 -1.5
3 -0.3 -1.5
3 -0.3 1.5
3 0.3 1.5
1 -4.7313 -10.0273
0 -5.6025 -10.6396
1 -4.9307 -13.0835
0 -5.78202 -13.7025
1 -5.03582 -16.2552
0 -6.0585 -16.838
1 -5.36602 -19.2959
0 -6.7076 -19.574
0 -6.12321 -21.9808
1 -5.51274 -24.5035
0 -6.36899 -25.1629
1 -5.9535 -27.7827
0 -6.89644 -28.3828
590
0 -10.8599 -63.6525
0 -10.1527 -55.4411
0 -9.17315 -40.2729
0 -8.38443 -34.4755
0 -5.46832 -7.68349
1 -4.71782 -7.00223
0 -5.05417 -7.0745
1 -4.05483 -6.5429
0 -5.0026 -4.30037
1 -3.74728 -3.90039
0 -4.1828 1.60082
0 -4.6993 -1.55964
1 -3.76478 -0.980757
3 0.3 -1.5
3 -0.3 -1.5
3 -0.3 1.5
3 0.3 1.5
1 -4.7313 -10.0273
0 -5.6025 -10.6396
1 -4.9307 -13.0835
0 -5.78202 -13.7025
1 -5.03582 -16.2552
0 -6.0585 -16.838
1 -5.36602 -19.2959
0 -6.7076 -19.574
0 -6.12321 -21.9808
1 -5.51274 -24.5035
0 -6.36899 -25.1629
1 -5.9535 -27.7827
0 -6.89644 -28.3828
594
0 -10.7727 -63.7034
0 -10.1527 -55.4411
0 -9.17315 -40.2729
0 -8.38443 -34.4755
0 -5.46832 -7.68349
1 -4.71782 -7.00223
0 -5.05417 -7.0745
1 -4.05483 -6.5429
0 -5.0026 -4.30037
1 -3.74728 -3.90039
0 -4.1828 1.60082
0 -4.6993 -1.55964
1 -3.76478 -0.980757
3 0.3 -1.5
3 -0.3 -1.5
3 -0.3 1.5
3 0.3 1.5
1 -4.7313 -10.0273
0 -5.6025 -10.6396
1 -4.9307 -13.0835
0 -5.78202 -13.7025
1 -5.03582 -16.2552
0 -6.0585 -16.838
1 -5.36602 -19.2959
0 -6.7076 -19.574
0 -6.12321 -21.9808
1 -5.51274 -24.5035
0 -6.36899 -25.1629
1 -5.9535 -27.7827
0 -6.89644 -28.3828
598
0 -10.8007 -63.6863
0 -10.1527 -55.4411
0 -9.17315 -40.2729
0 -8.38443 -34.4755
0 -5.46832 -7.68349
1 -4.71782 -7.00223
0 -5.05417 -7.0745
1 -4.05483 -6.5429
0 -5.0026 -4.30037
1 -3.74728 -3.90039
0 -4.1828 1.60082
0 -4.6993 -1.55964
1 -3.76478 -0.980757
3 0.3 -1.5
3 -0.3 -1.5
3 -0.3 1.5
3 0.3 1.5
1 -4.7313 -10.0273
0 -5.6025 -10.6396
1 -4.9307 -13.0835
0 -5.78202 -13.7025
1 -5.03582 -16.2552
0 -6.0585 -16.838
1 -5.36602 -19.2959
0 -6.7076 -19.574
0 -6.12321 -21.9808
1 -5.51274 -24.5035
0 -6.36899 -25.1629
1 -5.9535 -27.7827
0 -6.89644 -28.3828
602
0 -6.89644 -28.3828
1 -5.9535 -27.7827
0 -6.36899 -25.1629
1 -5.51274 -24.5035
0 -6.12321 -21.9808
0 -6.7076 -19.574
1 -5.36602 -19.2959
0 -6.0585 -16.838
1 -5.03582 -16.2552
0 -5.78202 -13.7025
1 -4.9307 -13.0835
0 -5.6025 -10.6396
1 -4.7313 -10.0273
3 0.3 1.5
3 -0.3 1.5
3 -0.3 -1.5
3 0.3 -1.5
1 -3.76478 -0.980757
0 -4.6993 -1.55964
0 -4.1828 1.60082
1 -3.74728 -3.90039
0 -5.0026 -4.30037
1 -4.05483 -6.5429
0 -5.05417 -7.0745
1 -4.71782 -7.00223
0 -5.46832 -7.68349
0 -8.38443 -34.4755
0 -9.17315 -40.2729
0 -10.1527 -55.4411
0 -10.8007 -63.6863
606
0 -6.89644 -28.3828
1 -5.9535 -27.7827
0 -6.36899 -25.1629
1 -5.51274 -24.5035
0 -6.12321 -21.9808
0 -6.7076 -19.574
1 -5.36602 -19.2959
0 -6.0585 -16.838
1 -5.03582 -16.2552
0 -5.78202 -13.7025
1 -4.9307 -13.0835
0 -5.6025 -10.6396
1 -4.7313 -10.0273
3 0.3 1.5
3 -0.3 1.5
3 -0.3 -1.5
3 0.3 -1.5
1 -3.76478 -0.980757
0 -4.6993 -1.55964
0 -4.1828 1.60082
1 -3.74728 -3.90039
0 -5.0026 -4.30037
1 -4.05483 -6.5429
0 -5.05417 -7.0745
1 -4.71782 -7.00223
0 -5.46832 -7.68349
0 -8.38443 -34.4755
0 -9.17315 -40.2729
0 -10.1527 -55.4411
0 -10.8007 -63.6863
610
0 -6.89644 -28.3828
1 -5.9535 -27.7827
0 -6.36899 -25.1629
1 -5.51274 -24.5035
0 -6.12321 -21.9808
0 -6.7076 -19.574
1 -5.36602 -19.2959
0 -6.0585 -16.838
1 -5.03582 -16.2552
0 -5.78202 -13.7025
1 -4.9307 -13.0835
0 -5.6025 -10.6396
1 -4.7313 -10.0273
3 0.3 1.5
3 -0.3 1.5
3 -0.3 -1.5
3 0.3 -1.5
1 -3.76478 -0.980757
0 -4.6993 -1.55964
0 -4.1828 1.60082
1 -3.74728 -3.90039
0 -5.0026 -4.30037
1 -4.05483 -6.5429
0 -5.05417 -7.0745
1 -4.71782 -7.00223
0 -5.46832 -7.68349
0 -8.38443 -34.4755
0 -9.17315 -40.2729
0 -10.1527 -55.4411
0 -10.8007 -63.6863
614
0 -6.89644 -28.3828
1 -5.9535 -27.7827
0 -6.36899 -25.1629
1 -5.51274 -24.5035
0 -6.12321 -21.9808
0 -6.7076 -19.574
1 -5.36602 -19.2959
0 -6.0585 -16.838
1 -5.03582 -16.2552
0 -5.78202 -13.7025
1 -4.9307 -13.0835
0 -5.6025 -10.6396
1 -4.7313 -10.0273
3 0.3 1.5
3 -0.3 1.5
3 -0.3 -1.5
3 0.3 -1.5
1 -3.76478 -0.980757
0 -4.6993 -1.55964
0 -4.1828 1.60082
1 -3.74728 -3.90039
0 -5.0026 -4.30037
1 -4.05483 -6.5429
0 -5.05417 -7.0745
1 -4.71782 -7.00223
0 -5.46832 -7.68349
0 -8.38443 -34.4755
0 -9.17315 -40.2729
0 -10.1527 -55.4411
0 -10.8007 -63.6863
618
0 -11.3915 -75.7502
0 -6.89644 -28.3828
1 -5.9535 -27.7827
0 -6.36899 -25.1629
1 -5.51274 -24.5035
0 -6.12321 -21.9808
0 -6.7076 -19.574
1 -5.36602 -19.2959
0 -6.0585 -16.838
1 -5.03582 -16.2552
0 -5.78202 -13.7025
1 -4.9307 -13.0835
0 -5.6025 -10.6396
1 -4.7313 -10.0273
3 0.3 1.5
3 -0.3 1.5
3 -0.3 -1.5
3 0.3 -1.5
1 -3.76478 -0.980757
0 -4.6993 -1.55964
0 -4.1828 1.60082
1 -3.74728 -3.90039
0 -5.0026 -4.30037
1 -4.05483 -6.5429
0 -5.05417 -7.0745
1 -4.71782 -7.00223
0 -5.46832 -7.68349
0 -8.38443 -34.4755
0 -9.17315 -40.2729
0 -10.1527 -55.4411
0 -10.8007 -63.6863
622
0 -11.311 -75.8049
0 -6.89644 -28.3828
1 -5.9535 -27.7827
0 -6.36899 -25.1629
1 -5.51274 -24.5035
0 -6.12321 -21.9808
0 -6.7076 -19.574
1 -5.36602 -19.2959
0 -6.0585 -16.838
1 -5.03582 -16.2552
0 -5.78202 -13.7025
1 -4.9307 -13.0835
0 -5.6025 -10.6396
1 -4.7313 -10.0273
3 0.3 1.5
3 -0.3 1.5
3 -0.3 -1.5
3 0.3 -1.5
1 -3.76478 -0.980757
0 -4.6993 -1.55964
0 -4.1828 1.60082
1 -3.74728 -3.90039
0 -5.0026 -4.30037
1 -4.05483 -6.5429
0 -5.05417 -7.0745
1 -4.71782 -7.00223
0 -5.46832 -7.68349
0 -8.38443 -34.4755
0 -9.17315 -40.2729
0 -10.1527 -55.4411
0 -10.8007 -63.6863
626
0 -11.3398 -75.788
0 -6.89644 -28.3828
1 -5.9535 -27.7827
0 -6.36899 -25.1629
1 -5.51274 -24.5035
0 -6.12321 -21.9808
0 -6.7076 -19.574
1 -5.36602 -19.2959
0 -6.0585 -16.838
1 -5.03582 -16.2552
0 -5.78202 -13.7025
1 -4.9307 -13.0835
0 -5.6025 -10.6396
1 -4.7313 -10.0273
3 0.3 1.5
3 -0.3 1.5
3 -0.3 -1.5
3 0.3 -1.5
1 -3.76478 -0.980757
0 -4.6993 -1.55964
0 -4.1828 1.60082
1 -3.74728 -3.90039
0 -5.0026 -4.30037
1 -4.05483 -6.5429
0 -5.05417 -7.0745
1 -4.71782 -7.00223
0 -5.46832 -7.68349
0 -8.38443 -34.4755
0 -9.17315 -40.2729
0 -10.1527 -55.4411
0 -10.8007 -63.6863
630
0 -11.3398 -75.788
0 -6.89644 -28.3828
1 -5.9535 -27.7827
0 -6.36899 -25.1629
1 -5.51274 -24.5035
0 -6.12321 -21.9808
0 -6.7076 -19.574
1 -5.36602 -19.2959
0 -6.0585 -16.838
1 -5.03582 -16.2552
0 -5.78202 -13.7025
1 -4.9307 -13.0835
0 -5.6025 -10.6396
1 -4.7313 -10.0273
3 0.3 1.5
3 -0.3 1.5
3 -0.3 -1.5
3 0.3 -1.5
1 -3.76478 -0.980757
0 -4.6993 -1.55964
0 -4.1828 1.60082
1 -3.74728 -3.90039
0 -5.0026 -4.30037
1 -4.05483 -6.5429
0 -5.05417 -7.0745
1 -4.71782 -7.00223
0 -5.46832 -7.68349
0 -8.38443 -34.4755
0 -9.17315 -40.2729
0 -10.1527 -55.4411
0 -10.8007 -63.6863
634
0 -11.3398 -75.788
0 -6.89644 -28.3828
1 -5.9535 -27.7827
0 -6.36899 -25.1629
1 -5.51274 -24.5035
0 -6.12321 -21.9808
0 -6.7076 -19.574
1 -5.36602 -19.2959
0 -6.0585 -16.838
1 -5.03582 -16.2552
0 -5.78202 -13.7025
1 -4.9307 -13.0835
0 -5.6025 -10.6396
1 -4.7313 -10.0273
3 0.3 1.5
3 -0.3 1.5
3 -0.3 -1.5
3 0.3 -1.5
1 -3.76478 -0.980757
0 -4.6993 -1.55964
0 -4.1828 1.60082
1 -3.74728 -3.90039
0 -5.0026 -4.30037
1 -4.05483 -6.5429
0 -5.05417 -7.0745
1 -4.71782 -7.00223
0 -5.46832 -7.68349
0 -8.38443 -34.4755
0 -9.17315 -40.2729
0 -10.1527 -55.4411
0 -10.8007 -63.6863
638
0 -11.3398 -75.788
0 -6.89644 -28.3828
1 -5.9535 -27.7827
0 -6.36899 -25.1629
1 -5.51274 -24.5035
0 -6.12321 -21.9808
0 -6.7076 -19.574
1 -5.36602 -19.2959
0 -6.0585 -16.838
1 -5.03582 -16.2552
0 -5.78202 -13.7025
1 -4.9307 -13.0835
0 -5.6025 -10.6396
1 -4.7313 -10.0273
3 0.3 1.5
3 -0.3 1.5
3 -0.3 -1.5
3 0.3 -1.5
1 -3.76478 -0.980757
0 -4.6993 -1.55964
0 -4.1828 1.60082
1 -3.74728 -3.90039
0 -5.0026 -4.30037
1 -4.05483 -6.5429
0 -5.05417 -7.0745
1 -4.71782 -7.00223
0 -5.46832 -7.68349
0 -8.38443 -34.4755
0 -9.17315 -40.2729
0 -10.1527 -55.4411
0 -10.8007 -63.6863
642
0 -11.3398 -75.788
0 -6.89644 -28.3828
1 -5.9535 -27.7827
0 -6.36899 -25.1629
1 -5.51274 -24.5035
0 -6.12321 -21.9808
0 -6.7076 -19.574
1 -5.36602 -19.2959
0 -6.0585 -16.838
1 -5.03582 -16.2552
0 -5.78202 -13.7025
1 -4.9307 -13.0835
0 -5.6025 -10.6396
1 -4.7313 -10.0273
3 0.3 1.5
3 -0.3 1.5
3 -0.3 -1.5
3 0.3 -1.5
1 -3.76478 -0.980757
0 -4.6993 -1.55964
0 -4.1828 1.60082
1 -3.74728 -3.90039
0 -5.0026 -4.30037
1 -4.05483 -6.5429
0 -5.05417 -7.0745
1 -4.71782 -7.00223
0 -5.46832 -7.68349
0 -8.38443 -34.4755
0 -9.17315 -40.2729
0 -10.1527 -55.4411
0 -10.8007 -63.6863
646
0 -11.3398 -75.788
0 -6.89644 -28.3828
1 -5.9535 -27.7827
0 -6.36899 -25.1629
1 -5.51274 -24.5035
0 -6.12321 -21.9808
0 -6.7076 -19.574
1 -5.36602 -19.2959
0 -6.0585 -16.838
1 -5.03582 -16.2552
0 -5.78202 -13.7025
1 -4.9307 -13.0835
0 -5.6025 -10.6396
1 -4.7313 -10.0273
3 0.3 1.5
3 -0.3 1.5
3 -0.3 -1.5
3 0.3 -1.5
1 -3.76478 -0.980757
0 -4.6993 -1.55964
0 -4.1828 1.60082
1 -3.74728 -3.90039
0 -5.0026 -4.30037
1 -4.05483 -6.5429
0 -5.05417 -7.0745
1 -4.71782 -7.00223
0 -5.46832 -7.68349
0 -8.38443 -34.4755
0 -9.17315 -40.2729
0 -10.1527 -55.4411
0 -10.8007 -63.6863
650
0 -11.3398 -75.788
0 -6.89644 -28.3828
1 -5.9535 -27.7827
0 -6.36899 -25.1629
1 -5.51274 -24.5035
0 -6.12321 -21.9808
0 -6.7076 -19.574
1 -5.36602 -19.2959
0 -6.0585 -16.838
1 -5.03582 -16.2552
0 -5.78202 -13.7025
1 -4.9307 -13.0835
0 -5.6025 -10.6396
1 -4.7313 -10.0273
3 0.3 1.5
3 -0.3 1.5
3 -0.3 -1.5
3 0.3 -1.5
1 -3.76478 -0.980757
0 -4.6993 -1.55964
0 -4.1828 1.60082
1 -3.74728 -3.90039
0 -5.0026 -4.30037
1 -4.05483 -6.5429
0 -5.05417 -7.0745
1 -4.71782 -7.00223
0 -5.46832 -7.68349
0 -8.38443 -34.4755
0 -9.17315 -40.2729
0 -10.1527 -55.4411
0 -10.8007 -63.6863
654
0 -11.3398 -75.788
0 -6.89644 -28.3828
1 -5.9535 -27.7827
0 -6.36899 -25.1629
1 -5.51274 -24.5035
0 -6.12321 -21.9808
0 -6.7076 -19.574
1 -5.36602 -19.2959
0 -6.0585 -16.838
1 -5.03582 -16.2552
0 -5.78202 -13.7025
1 -4.9307 -13.0835
0 -5.6025 -10.6396
1 -4.7313 -10.0273
3 0.3 1.5
3 -0.3 1.5
3 -0.3 -1.5
3 0.3 -1.5
1 -3.76478 -0.980757
0 -4.6993 -1.55964
0 -4.1828 1.60082
1 -3.74728 -3.90039
0 -5.0026 -4.30037
1 -4.05483 -6.5429
0 -5.05417 -7.0745
1 -4.71782 -7.00223
0 -5.46832 -7.68349
0 -8.38443 -34.4755
0 -9.17315 -40.2729
0 -10.1527 -55.4411
0 -10.8007 -63.6863
658
0 -11.741 -94.1837
0 -11.3398 -75.788
0 -6.89644 -28.3828
1 -5.9535 -27.7827
0 -6.36899 -25.1629
1 -5.51274 -24.5035
0 -6.12321 -21.9808
0 -6.7076 -19.574
1 -5.36602 -19.2959
0 -6.0585 -16.838
1 -5.03582 -16.2552
0 -5.78202 -13.7025
1 -4.9307 -13.0835
0 -5.6025 -10.6396
1 -4.7313 -10.0273
3 0.3 1.5
3 -0.3 1.5
3 -0.3 -1.5
3 0.3 -1.5
1 -3.76478 -0.980757
0 -4.6993 -1.55964
0 -4.1828 1.60082
1 -3.74728 -3.90039
0 -5.0026 -4.30037
1 -4.05483 -6.5429
0 -5.05417 -7.0745
1 -4.71782 -7.00223
0 -5.46832 -7.68349
0 -8.38443 -34.4755
0 -9.17315 -40.2729
0 -10.1527 -55.4411
0 -10.8007 -63.6863
662
0 -11.7444 -94.1816
0 -11.3398 -75.788
0 -6.89644 -28.3828
1 -5.9535 -27.7827
0 -6.36899 -25.1629
1 -5.51274 -24.5035
0 -6.12321 -21.9808
0 -6.7076 -19.574
1 -5.36602 -19.2959
0 -6.0585 -16.838
1 -5.03582 -16.2552
0 -5.78202 -13.7025
1 -4.9307 -13.0835
0 -5.6025 -10.6396
1 -4.7313 -10.0273
3 0.3 1.5
3 -0.3 1.5
3 -0.3 -1.5
3 0.3 -1.5
1 -3.76478 -0.980757
0 -4.6993 -1.55964
0 -4.1828 1.60082
1 -3.74728 -3.90039
0 -5.0026 -4.30037
1 -4.05483 -6.5429
0 -5.05417 -7.0745
1 -4.71782 -7.00223
0 -5.46832 -7.68349
0 -8.38443 -34.4755
0 -9.17315 -40.2729
0 -10.1527 -55.4411
0 -10.8007 -63.6863
666
0 -11.7444 -94.1816
0 -11.3398 -75.788
0 -6.89644 -28.3828
1 -5.9535 -27.7827
0 -6.36899 -25.1629
1 -5.51274 -24.5035
0 -6.12321 -21.9808
0 -6.7076 -19.574
1 -5.36602 -19.2959
0 -6.0585 -16.838
1 -5.03582 -16.2552
0 -5.78202 -13.7025
1 -4.9307 -13.0835
0 -5.6025 -10.6396
1 -4.7313 -10.0273
3 0.3 1.5
3 -0.3 1.5
3 -0.3 -1.5
3 0.3 -1.5
1 -3.76478 -0.980757
0 -4.6993 -1.55964
0 -4.1828 1.60082
1 -3.74728 -3.90039
0 -5.0026 -4.30037
1 -4.05483 -6.5429
0 -5.05417 -7.0745
1 -4.71782 -7.00223
0 -5.46832 -7.68349
0 -8.38443 -34.4755
0 -9.17315 -40.2729
0 -10.1527 -55.4411
0 -10.8007 -63.6863
670
0 -11.7444 -94.1816
0 -11.3398 -75.788
0 -6.89644 -28.3828
1 -5.9535 -27.7827
0 -6.36899 -25.1629
1 -5.51274 -24.5035
0 -6.12321 -21.9808
0 -6.7076 -19.574
1 -5.36602 -19.2959
0 -6.0585 -16.838
1 -5.03582 -16.2552
0 -5.78202 -13.7025
1 -4.9307 -13.0835
0 -5.6025 -10.6396
1 -4.7313 -10.0273
3 0.3 1.5
3 -0.3 1.5
3 -0.3 -1.5
3 0.3 -1.5
1 -3.76478 -0.980757
0 -4.6993 -1.55964
0 -4.1828 1.60082
1 -3.74728 -3.90039
0 -5.0026 -4.30037
1 -4.05483 -6.5429
0 -5.05417 -7.0745
1 -4.71782 -7.00223
0 -5.46832 -7.68349
0 -8.38443 -34.4755
0 -9.17315 -40.2729
0 -10.1527 -55.4411
0 -10.8007 -63.6863
674
0 -11.7444 -94.1816
0 -11.3398 -75.788
0 -6.89644 -28.3828
1 -5.9535 -27.7827
0 -6.36899 -25.1629
1 -5.51274 -24.5035
0 -6.12321 -21.9808
0 -6.7076 -19.574
1 -5.36602 -19.2959
0 -6.0585 -16.838
1 -5.03582 -16.2552
0 -5.78202 -13.7025
1 -4.9307 -13.0835
0 -5.6025 -10.6396
1 -4.7313 -10.0273
3 0.3 1.5
3 -0.3 1.5
3 -0.3 -1.5
3 0.3 -1.5
1 -3.76478 -0.980757
0 -4.6993 -1.55964
0 -4.1828 1.60082
1 -3.74728 -3.90039
0 -5.0026 -4.30037
1 -4.05483 -6.5429
0 -5.05417 -7.0745
1 -4.71782 -7.00223
0 -5.46832 -7.68349
0 -8.38443 -34.4755
0 -9.17315 -40.2729
0 -10.1527 -55.4411
0 -10.8007 -63.6863
678
0 -11.7444 -94.1816
0 -11.3398 -75.788
0 -6.89644 -28.3828
1 -5.9535 -27.7827
0 -6.36899 -25.1629
1 -5.51274 -24.5035
0 -6.12321 -21.9808
0 -6.7076 -19.574
1 -5.36602 -19.2959
0 -6.0585 -16.838
1 -5.03582 -16.2552
0 -5.78202 -13.7025
1 -4.9307 -13.0835
0 -5.6025 -10.6396
1 -4.7313 -10.0273
3 0.3 1.5
3 -0.3 1.5
3 -0.3 -1.5
3 0.3 -1.5
1 -3.76478 -0.980757
0 -4.6993 -1.55964
0 -4.1828 1.60082
1 -3.74728 -3.90039
0 -5.0026 -4.30037
1 -4.05483 -6.5429
0 -5.05417 -7.0745
1 -4.71782 -7.00223
0 -5.46832 -7.68349
0 -8.38443 -34.4755
0 -9.17315 -40.2729
0 -10.1527 -55.4411
0 -10.8007 -63.6863
682
0 -11.7444 -94.1816
0 -11.3398 -75.788
0 -6.89644 -28.3828
1 -5.9535 -27.7827
0 -6.36899 -25.1629
1 -5.51274 -24.5035
0 -6.12321 -21.9808
0 -6.7076 -19.574
1 -5.36602 -19.2959
0 -6.0585 -16.838
1 -5.03582 -16.2552
0 -5.78202 -13.7025
1 -4.9307 -13.0835
0 -5.6025 -10.6396
1 -4.7313 -10.0273
3 0.3 1.5
3 -0.3 1.5
3 -0.3 -1.5
3 0.3 -1.5
1 -3.76478 -0.980757
0 -4.6993 -1.55964
0 -4.1828 1.60082
1 -3.74728 -3.90039
0 -5.0026 -4.30037
1 -4.05483 -6.5429
0 -5.05417 -7.0745
1 -4.71782 -7.00223
0 -5.46832 -7.68349
0 -8.38443 -34.4755
0 -9.17315 -40.2729
0 -10.1527 -55.4411
0 -10.8007 -63.6863
686
0 -11.7444 -94.1816
0 -11.3398 -75.788
0 -6.89644 -28.3828
1 -5.9535 -27.7827
0 -6.36899 -25.1629
1 -5.51274 -24.5035
0 -6.12321 -21.9808
0 -6.7076 -19.574
1 -5.36602 -19.2959
0 -6.0585 -16.838
1 -5.03582 -16.2552
0 -5.78202 -13.7025
1 -4.9307 -13.0835
0 -5.6025 -10.6396
1 -4.7313 -10.0273
3 0.3 1.5
3 -0.3 1.5
3 -0.3 -1.5
3 0.3 -1.5
1 -3.76478 -0.980757
0 -4.6993 -1.55964
0 -4.1828 1.60082
1 -3.74728 -3.90039
0 -5.0026 -4.30037
1 -4.05483 -6.5429
0 -5.05417 -7.0745
1 -4.71782 -7.00223
0 -5.46832 -7.68349
0 -8.38443 -34.4755
0 -9.17315 -40.2729
0 -10.1527 -55.4411
0 -10.8007 -63.6863
690
0 -11.7444 -94.1816
0 -11.3398 -75.788
0 -6.89644 -28.3828
1 -5.9535 -27.7827
0 -6.36899 -25.1629
1 -5.51274 -24.5035
0 -6.12321 -21.9808
0 -6.7076 -19.574
1 -5.36602 -19.2959
0 -6.0585 -16.838
1 -5.03582 -16.2552
0 -5.78202 -13.7025
1 -4.9307 -13.0835
0 -5.6025 -10.6396
1 -4.7313 -10.0273
3 0.3 1.5
3 -0.3 1.5
3 -0.3 -1.5
3 0.3 -1.5
1 -3.76478 -0.980757
0 -4.6993 -1.55964
0 -4.1828 1.60082
1 -3.74728 -3.90039
0 -5.0026 -4.30037
1 -4.05483 -6.5429
0 -5.05417 -7.0745
1 -4.71782 -7.00223
0 -5.46832 -7.68349
0 -8.38443 -34.4755
0 -9.17315 -40.2729
0 -10.1527 -55.4411
0 -10.8007 -63.6863
694
0 -11.7444 -94.1816
0 -11.3398 -75.788
0 -6.89644 -28.3828
1 -5.9535 -27.7827
0 -6.36899 -25.1629
1 -5.51274 -24.5035
0 -6.12321 -21.9808
0 -6.7076 -19.574
1 -5.36602 -19.2959
0 -6.0585 -16.838
1 -5.03582 -16.2552
0 -5.78202 -13.7025
1 -4.9307 -13.0835
0 -5.6025 -10.6396
1 -4.7313 -10.0273
3 0.3 1.5
3 -0.3 1.5
3 -0.3 -1.5
3 0.3 -1.5
1 -3.76478 -0.980757
0 -4.6993 -1.55964
0 -4.1828 1.60082
1 -3.74728 -3.90039
0 -5.0026 -4.30037
1 -4.05483 -6.5429
0 -5.05417 -7.0745
1 -4.71782 -7.00223
0 -5.46832 -7.68349
0 -8.38443 -34.4755
0 -9.17315 -40.2729
0 -10.1527 -55.4411
0 -10.8007 -63.6863
698
0 -11.7444 -94.1816
0 -11.3398 -75.788
0 -6.89644 -28.3828
1 -5.9535 -27.7827
0 -6.36899 -25.1629
1 -5.51274 -24.5035
0 -6.12321 -21.9808
0 -6.7076 -19.574
1 -5.36602 -19.2959
0 -6.0585 -16.838
1 -5.03582 -16.2552
0 -5.78202 -13.7025
1 -4.9307 -13.0835
0 -5.6025 -10.6396
1 -4.7313 -10.0273
3 0.3 1.5
3 -0.3 1.5
3 -0.3 -1.5
3 0.3 -1.5
1 -3.76478 -0.980757
0 -4.6993 -1.55964
0 -4.1828 1.60082
1 -3.74728 -3.90039
0 -5.0026 -4.30037
1 -4.05483 -6.5429
0 -5.05417 -7.0745
1 -4.71782 -7.00223
0 -5.46832 -7.68349
0 -8.38443 -34.4755
0 -9.17315 -40.2729
0 -10.1527 -55.4411
0 -10.8007 -63.6863
702
0 -11.7444 -94.1816
0 -11.3398 -75.788
0 -6.89644 -28.3828
1 -5.9535 -27.7827
0 -6.36899 -25.1629
1 -5.51274 -24.5035
0 -6.12321 -21.9808
0 -6.7076 -19.574
1 -5.36602 -19.2959
0 -6.0585 -16.838
1 -5.03582 -16.2552
0 -5.78202 -13.7025
1 -4.9307 -13.0835
0 -5.6025 -10.6396
1 -4.7313 -10.0273
3 0.3 1.5
3 -0.3 1.5
3 -0.3 -1.5
3 0.3 -1.5
1 -3.76478 -0.980757
0 -4.6993 -1.55964
0 -4.1828 1.60082
1 -3.74728 -3.90039
0 -5.0026 -4.30037
1 -4.05483 -6.5429
0 -5.05417 -7.0745
1 -4.71782 -7.00223
0 -5.46832 -7.68349
0 -8.38443 -34.4755
0 -9.17315 -40.2729
0 -10.1527 -55.4411
0 -10.8007 -63.6863
706
0 -11.7444 -94.1816
0 -11.3398 -75.788
0 -6.89644 -28.3828
1 -5.9535 -27.7827
0 -6.36899 -25.1629
1 -5.51274 -24.5035
0 -6.12321 -21.9808
0 -6.7076 -19.574
1 -5.36602 -19.2959
0 -6.0585 -16.838
1 -5.03582 -16.2552
0 -5.78202 -13.7025
1 -4.9307 -13.0835
0 -5.6025 -10.6396
1 -4.7313 -10.0273
3 0.3 1.5
3 -0.3 1.5
3 -0.3 -1.5
3 0.3 -1.5
1 -3.76478 -0.980757
0 -4.6993 -1.55964
0 -4.1828 1.60082
1 -3.74728 -3.90039
0 -5.0026 -4.30037
1 -4.05483 -6.5429
0 -5.05417 -7.0745
1 -4.71782 -7.00223
0 -5.46832 -7.68349
0 -8.38443 -34.4755
0 -9.17315 -40.2729
0 -10.1527 -55.4411
0 -10.8007 -63.6863
710
0 -11.7444 -94.1816
0 -11.3398 -75.788
0 -6.89644 -28.3828
1 -5.9535 -27.7827
0 -6.36899 -25.1629
1 -5.51274 -24.5035
0 -6.12321 -21.9808
0 -6.7076 -19.574
1 -5.36602 -19.2959
0 -6.0585 -16.838
1 -5.03582 -16.2552
0 -5.78202 -13.7025
1 -4.9307 -13.0835
0 -5.6025 -10.6396
1 -4.7313 -10.0273
3 0.3 1.5
3 -0.3 1.5
3 -0.3 -1.5
3 0.3 -1.5
1 -3.76478 -0.980757
0 -4.6993 -1.55964
0 -4.1828 1.60082
1 -3.74728 -3.90039
0 -5.0026 -4.30037
1 -4.05483 -6.5429
0 -5.05417 -7.0745
1 -4.71782 -7.00223
0 -5.46832 -7.68349
0 -8.38443 -34.4755
0 -9.17315 -40.2729
0 -10.1527 -55.4411
0 -10.8007 -63.6863
714
0 -11.7444 -94.1816
0 -11.3398 -75.788
0 -6.89644 -28.3828
1 -5.9535 -27.7827
0 -6.36899 -25.1629
1 -5.51274 -24.5035
0 -6.12321 -21.9808
0 -6.7076 -19.574
1 -5.36602 -19.2959
0 -6.0585 -16.838
1 -5.03582 -16.2552
0 -5.78202 -13.7025
1 -4.9307 -13.0835
0 -5.6025 -10.6396
1 -4.7313 -10.0273
3 0.3 1.5
3 -0.3 1.5
3 -0.3 -1.5
3 0.3 -1.5
1 -3.76478 -0.980757
0 -4.6993 -1.55964
0 -4.1828 1.60082
1 -3.74728 -3.90039
0 -5.0026 -4.30037
1 -4.05483 -6.5429
0 -5.05417 -7.0745
1 -4.71782 -7.00223
0 -5.46832 -7.68349
0 -8.38443 -34.4755
0 -9.17315 -40.2729
0 -10.1527 -55.4411
0 -10.8007 -63.6863
718
0 -11.7444 -94.1816
0 -11.3398 -75.788
0 -6.89644 -28.3828
1 -5.9535 -27.7827
0 -6.36899 -25.1629
1 -5.51274 -24.5035
0 -6.12321 -21.9808
0 -6.7076 -19.574
1 -5.36602 -19.2959
0 -6.0585 -16.838
1 -5.03582 -16.2552
0 -5.78202 -13.7025
1 -4.9307 -13.0835
0 -5.6025 -10.6396
1 -4.7313 -10.0273
3 0.3 1.5
3 -0.3 1.5
3 -0.3 -1.5
3 0.3 -1.5
1 -3.76478 -0.980757
0 -4.6993 -1.55964
0 -4.1828 1.60082
1 -3.74728 -3.90039
0 -5.0026 -4.30037
1 -4.05483 -6.5429
0 -5.05417 -7.0745
1 -4.71782 -7.00223
0 -5.46832 -7.68349
0 -8.38443 -34.4755
0 -9.17315 -40.2729
0 -10.1527 -55.4411
0 -10.8007 -63.6863
722
0 -11.7444 -94.1816
0 -11.3398 -75.788
0 -6.89644 -28.3828
1 -5.9535 -27.7827
0 -6.36899 -25.1629
1 -5.51274 -24.5035
0 -6.12321 -21.9808
0 -6.7076 -19.574
1 -5.36602 -19.2959
0 -6.0585 -16.838
1 -5.03582 -16.2552
0 -5.78202 -13.7025
1 -4.9307 -13.0835
0 -5.6025 -10.6396
1 -4.7313 -10.0273
3 0.3 1.5
3 -0.3 1.5
3 -0.3 -1.5
3 0.3 -1.5
1 -3.76478 -0.980757
0 -4.6993 -1.55964
0 -4.1828 1.60082
1 -3.74728 -3.90039
0 -5.0026 -4.30037
1 -4.05483 -6.5429
0 -5.05417 -7.0745
1 -4.71782 -7.00223
0 -5.46832 -7.68349
0 -8.38443 -34.4755
0 -9.17315 -40.2729
0 -10.1527 -55.4411
0 -10.8007 -63.6863
726
0 -11.7444 -94.1816
0 -11.3398 -75.788
0 -6.89644 -28.3828
1 -5.9535 -27.7827
0 -6.36899 -25.1629
1 -5.51274 -24.5035
0 -6.12321 -21.9808
0 -6.7076 -19.574
1 -5.36602 -19.2959
0 -6.0585 -16.838
1 -5.03582 -16.2552
0 -5.78202 -13.7025
1 -4.9307 -13.0835
0 -5.6025 -10.6396
1 -4.7313 -10.0273
3 0.3 1.5
3 -0.3 1.5
3 -0.3 -1.5
3 0.3 -1.5
1 -3.76478 -0.980757
0 -4.6993 -1.55964
0 -4.1828 1.60082
1 -3.74728 -3.90039
0 -5.0026 -4.30037
1 -4.05483 -6.5429
0 -5.05417 -7.0745
1 -4.71782 -7.00223
0 -5.46832 -7.68349
0 -8.38443 -34.4755
0 -9.17315 -40.2729
0 -10.1527 -55.4411
0 -10.8007 -63.6863
730
0 -11.7444 -94.1816
0 -11.3398 -75.788
0 -6.89644 -28.3828
1 -5.9535 -27.7827
0 -6.36899 -25.1629
1 -5.51274 -24.5035
0 -6.12321 -21.9808
0 -6.7076 -19.574
1 -5.36602 -19.2959
0 -6.0585 -16.838
1 -5.03582 -16.2552
0 -5.78202 -13.7025
1 -4.9307 -13.0835
0 -5.6025 -10.6396
1 -4.7313 -10.0273
3 0.3 1.5
3 -0.3 1.5
3 -0.3 -1.5
3 0.3 -1.5
1 -3.76478 -0.980757
0 -4.6993 -1.55964
0 -4.1828 1.60082
1 -3.74728 -3.90039
0 -5.0026 -4.30037
1 -4.05483 -6.5429
0 -5.05417 -7.0745
1 -4.71782 -7.00223
0 -5.46832 -7.68349
0 -8.38443 -34.4755
0 -9.17315 -40.2729
0 -10.1527 -55.4411
0 -10.8007 -63.6863
734
0 -11.7444 -94.1816
0 -11.3398 -75.788
0 -6.89644 -28.3828
1 -5.9535 -27.7827
0 -6.36899 -25.1629
1 -5.51274 -24.5035
0 -6.12321 -21.9808
0 -6.7076 -19.574
1 -5.36602 -19.2959
0 -6.0585 -16.838
1 -5.03582 -16.2552
0 -5.78202 -13.7025
1 -4.9307 -13.0835
0 -5.6025 -10.6396
1 -4.7313 -10.0273
3 0.3 1.5
3 -0.3 1.5
3 -0.3 -1.5
3 0.3 -1.5
1 -3.76478 -0.980757
0 -4.6993 -1.55964
0 -4.1828 1.60082
1 -3.74728 -3.90039
0 -5.0026 -4.30037
1 -4.05483 -6.5429
0 -5.05417 -7.0745
1 -4.71782 -7.00223
0 -5.46832 -7.68349
0 -8.38443 -34.4755
0 -9.17315 -40.2729
0 -10.1527 -55.4411
0 -10.8007 -63.6863
738
0 -11.7444 -94.1816
0 -11.3398 -75.788
0 -6.89644 -28.3828
1 -5.9535 -27.7827
0 -6.36899 -25.1629
1 -5.51274 -24.5035
0 -6.12321 -21.9808
0 -6.7076 -19.574
1 -5.36602 -19.2959
0 -6.0585 -16.838
1 -5.03582 -16.2552
0 -5.78202 -13.7025
1 -4.9307 -13.0835
0 -5.6025 -10.6396
1 -4.7313 -10.0273
3 0.3 1.5
3 -0.3 1.5
3 -0.3 -1.5
3 0.3 -1.5
1 -3.76478 -0.980757
0 -4.6993 -1.55964
0 -4.1828 1.60082
1 -3.74728 -3.90039
0 -5.0026 -4.30037
1 -4.05483 -6.5429
0 -5.05417 -7.0745
1 -4.71782 -7.00223
0 -5.46832 -7.68349
0 -8.38443 -34.4755
0 -9.17315 -40.2729
0 -10.1527 -55.4411
0 -10.8007 -63.6863
742
0 -11.7444 -94.1816
0 -11.3398 -75.788
0 -6.89644 -28.3828
1 -5.9535 -27.7827
0 -6.36899 -25.1629
1 -5.51274 -24.5035
0 -6.12321 -21.9808
0 -6.7076 -19.574
1 -5.36602 -19.2959
0 -6.0585 -16.838
1 -5.03582 -16.2552
0 -5.78202 -13.7025
1 -4.9307 -13.0835
0 -5.6025 -10.6396
1 -4.7313 -10.0273
3 0.3 1.5
3 -0.3 1.5
3 -0.3 -1.5
3 0.3 -1.5
1 -3.76478 -0.980757
0 -4.6993 -1.55964
0 -4.1828 1.60082
1 -3.74728 -3.90039
0 -5.0026 -4.30037
1 -4.05483 -6.5429
0 -5.05417 -7.0745
1 -4.71782 -7.00223
0 -5.46832 -7.68349
0 -8.38443 -34.4755
0 -9.17315 -40.2729
0 -10.1527 -55.4411
0 -10.8007 -63.6863
746
0 -11.7444 -94.1816
0 -11.3398 -75.788
0 -6.89644 -28.3828
1 -5.9535 -27.7827
0 -6.36899 -25.1629
1 -5.51274 -24.5035
0 -6.12321 -21.9808
0 -6.7076 -19.574
1 -5.36602 -19.2959
0 -6.0585 -16.838
1 -5.03582 -16.2552
0 -5.78202 -13.7025
1 -4.9307 -13.0835
0 -5.6025 -10.6396
1 -4.7313 -10.0273
3 0.3 1.5
3 -0.3 1.5
3 -0.3 -1.5
3 0.3 -1.5
1 -3.76478 -0.980757
0 -4.6993 -1.55964
0 -4.1828 1.60082
1 -3.74728 -3.90039
0 -5.0026 -4.30037
1 -4.05483 -6.5429
0 -5.05417 -7.0745
1 -4.71782 -7.00223
0 -5.46832 -7.68349
0 -8.38443 -34.4755
0 -9.17315 -40.2729
0 -10.1527 -55.4411
0 -10.8007 -63.6863
750
0 -11.7444 -94.1816
0 -11.3398 -75.788
0 -6.89644 -28.3828
1 -5.9535 -27.7827
0 -6.36899 -25.1629
1 -5.51274 -24.5035
0 -6.12321 -21.9808
0 -6.7076 -19.574
1 -5.36602 -19.2959
0 -6.0585 -16.838
1 -5.03582 -16.2552
0 -5.78202 -13.7025
1 -4.9307 -13.0835
0 -5.6025 -10.6396
1 -4.7313 -10.0273
3 0.3 1.5
3 -0.3 1.5
3 -0.3 -1.5
3 0.3 -1.5
1 -3.76478 -0.980757
0 -4.6993 -1.55964
0 -4.1828 1.60082
1 -3.74728 -3.90039
0 -5.0026 -4.30037
1 -4.05483 -6.5429
0 -5.05417 -7.0745
1 -4.71782 -7.00223
0 -5.46832 -7.68349
0 -8.38443 -34.4755
0 -9.17315 -40.2729
0 -10.1527 -55.4411
0 -10.8007 -63.6863
754
0 -11.7444 -94.1816
0 -11.3398 -75.788
0 -6.89644 -28.3828
1 -5.9535 -27.7827
0 -6.36899 -25.1629
1 -5.51274 -24.5035
0 -6.12321 -21.9808
0 -6.7076 -19.574
1 -5.36602 -19.2959
0 -6.0585 -16.838
1 -5.03582 -16.2552
0 -5.78202 -13.7025
1 -4.9307 -13.0835
0 -5.6025 -10.6396
1 -4.7313 -10.0273
3 0.3 1.5
3 -0.3 1.5
3 -0.3 -1.5
3 0.3 -1.5
1 -3.76478 -0.980757
0 -4.6993 -1.55964
0 -4.1828 1.60082
1 -3.74728 -3.90039
0 -5.0026 -4.30037
1 -4.05483 -6.5429
0 -5.05417 -7.0745
1 -4.71782 -7.00223
0 -5.46832 -7.68349
0 -8.38443 -34.4755
0 -9.17315 -40.2729
0 -10.1527 -55.4411
0 -10.8007 -63.6863
758
0 -11.7444 -94.1816
0 -11.3398 -75.788
0 -6.89644 -28.3828
1 -5.9535 -27.7827
0 -6.36899 -25.1629
1 -5.51274 -24.5035
0 -6.12321 -21.9808
0 -6.7076 -19.574
1 -5.36602 -19.2959
0 -6.0585 -16.838
1 -5.03582 -16.2552
0 -5.78202 -13.7025
1 -4.9307 -13.0835
0 -5.6025 -10.6396
1 -4.7313 -10.0273
3 0.3 1.5
3 -0.3 1.5
3 -0.3 -1.5
3 0.3 -1.5
1 -3.76478 -0.980757
0 -4.6993 -1.55964
0 -4.1828 1.60082
1 -3.74728 -3.90039
0 -5.0026 -4.30037
1 -4.05483 -6.5429
0 -5.05417 -7.0745
1 -4.71782 -7.00223
0 -5.46832 -7.68349
0 -8.38443 -34.4755
0 -9.17315 -40.2729
0 -10.1527 -55.4411
0 -10.8007 -63.6863
762
0 -11.7444 -94.1816
0 -11.3398 -75.788
0 -6.89644 -28.3828
1 -5.9535 -27.7827
0 -6.36899 -25.1629
1 -5.51274 -24.5035
0 -6.12321 -21.9808
0 -6.7076 -19.574
1 -5.36602 -19.2959
0 -6.0585 -16.838
1 -5.03582 -16.2552
0 -5.78202 -13.7025
1 -4.9307 -13.0835
0 -5.6025 -10.6396
1 -4.7313 -10.0273
3 0.3 1.5
3 -0.3 1.5
3 -0.3 -1.5
3 0.3 -1.5
1 -3.76478 -0.980757
0 -4.6993 -1.55964
0 -4.1828 1.60082
1 -3.74728 -3.90039
0 -5.0026 -4.30037
1 -4.05483 -6.5429
0 -5.05417 -7.0745
1 -4.71782 -7.00223
0 -5.46832 -7.68349
0 -8.38443 -34.4755
0 -9.17315 -40.2729
0 -10.1527 -55.4411
0 -10.8007 -63.6863
766
0 -11.7444 -94.1816
0 -11.3398 -75.788
0 -6.89644 -28.3828
1 -5.9535 -27.7827
0 -6.36899 -25.1629
1 -5.51274 -24.5035
0 -6.12321 -21.9808
0 -6.7076 -19.574
1 -5.36602 -19.2959
0 -6.0585 -16.838
1 -5.03582 -16.2552
0 -5.78202 -13.7025
1 -4.9307 -13.0835
0 -5.6025 -10.6396
1 -4.7313 -10.0273
3 0.3 1.5
3 -0.3 1.5
3 -0.3 -1.5
3 0.3 -1.5
1 -3.76478 -0.980757
0 -4.6993 -1.55964
0 -4.1828 1.60082
1 -3.74728 -3.90039
0 -5.0026 -4.30037
1 -4.05483 -6.5429
0 -5.05417 -7.0745
1 -4.71782 -7.00223
0 -5.46832 -7.68349
0 -8.38443 -34.4755
0 -9.17315 -40.2729
0 -10.1527 -55.4411
0 -10.8007 -63.6863
770
0 -11.7444 -94.1816
0 -11.3398 -75.788
0 -6.89644 -28.3828
1 -5.9535 -27.7827
0 -6.36899 -25.1629
1 -5.51274 -24.5035
0 -6.12321 -21.9808
0 -6.7076 -19.574
1 -5.36602 -19.2959
0 -6.0585 -16.838
1 -5.03582 -16.2552
0 -5.78202 -13.7025
1 -4.9307 -13.0835
0 -5.6025 -10.6396
1 -4.7313 -10.0273
3 0.3 1.5
3 -0.3 1.5
3 -0.3 -1.5
3 0.3 -1.5
1 -3.76478 -0.980757
0 -4.6993 -1.55964
0 -4.1828 1.60082
1 -3.74728 -3.90039
0 -5.0026 -4.30037
1 -4.05483 -6.5429
0 -5.05417 -7.0745
1 -4.71782 -7.00223
0 -5.46832 -7.68349
0 -8.38443 -34.4755
0 -9.17315 -40.2729
0 -10.1527 -55.4411
0 -10.8007 -63.6863
774
0 -10.8007 -63.6863
0 -10.1527 -55.4411
0 -9.17315 -40.2729
0 -8.38443 -34.4755
0 -5.46832 -7.68349
1 -4.71782 -7.00223
0 -5.05417 -7.0745
1 -4.05483 -6.5429
0 -5.0026 -4.30037
1 -3.74728 -3.90039
0 -4.1828 1.60082
0 -4.6993 -1.55964
1 -3.76478 -0.980757
3 0.3 -1.5
3 -0.3 -1.5
3 -0.3 1.5
3 0.3 1.5
1 -4.7313 -10.0273
0 -5.6025 -10.6396
1 -4.9307 -13.0835
0 -5.78202 -13.7025
1 -5.03582 -16.2552
0 -6.0585 -16.838
1 -5.36602 -19.2959
0 -6.7076 -19.574
0 -6.12321 -21.9808
1 -5.51274 -24.5035
0 -6.36899 -25.1629
1 -5.9535 -27.7827
0 -6.89644 -28.3828
0 -11.3398 -75.788
0 -11.7444 -94.1816
778
0 -10.8007 -63.6863
0 -10.1527 -55.4411
0 -9.17315 -40.2729
0 -8.38443 -34.4755
0 -5.46832 -7.68349
1 -4.71782 -7.00223
0 -5.05417 -7.0745
1 -4.05483 -6.5429
0 -5.0026 -4.30037
1 -3.74728 -3.90039
0 -4.1828 1.60082
0 -4.6993 -1.55964
1 -3.76478 -0.980757
3 0.3 -1.5
3 -0.3 -1.5
3 -0.3 1.5
3 0.3 1.5
1 -4.7313 -10.0273
0 -5.6025 -10.6396
1 -4.9307 -13.0835
0 -5.78202 -13.7025
1 -5.03582 -16.2552
0 -6.0585 -16.838
1 -5.36602 -19.2959
0 -6.7076 -19.574
0 -6.12321 -21.9808
1 -5.51274 -24.5035
0 -6.36899 -25.1629
1 -5.9535 -27.7827
0 -6.89644 -28.3828
0 -11.3398 -75.788
0 -11.7444 -94.1816
782
0 -10.8007 -63.6863
0 -10.1527 -55.4411
0 -9.17315 -40.2729
0 -8.38443 -34.4755
0 -5.46832 -7.68349
1 -4.71782 -7.00223
0 -5.05417 -7.0745
1 -4.05483 -6.5429
0 -5.0026 -4.30037
1 -3.74728 -3.90039
0 -4.1828 1.60082
0 -4.6993 -1.55964
1 -3.76478 -0.980757
3 0.3 -1.5
3 -0.3 -1.5
3 -0.3 1.5
3 0.3 1.5
1 -4.7313 -10.0273
0 -5.6025 -10.6396
1 -4.9307 -13.0835
0 -5.78202 -13.7025
1 -5.03582 -16.2552
0 -6.0585 -16.838
1 -5.36602 -19.2959
0 -6.7076 -19.574
0 -6.12321 -21.9808
1 -5.51274 -24.5035
0 -6.36899 -25.1629
1 -5.9535 -27.7827
0 -6.89644 -28.3828
0 -11.3398 -75.788
0 -11.7444 -94.1816
786
0 -10.8007 -63.6863
0 -10.1527 -55.4411
0 -9.17315 -40.2729
0 -8.38443 -34.4755
0 -5.46832 -7.68349
1 -4.71782 -7.00223
0 -5.05417 -7.0745
1 -4.05483 -6.5429
0 -5.0026 -4.30037
1 -3.74728 -3.90039
0 -4.1828 1.60082
0 -4.6993 -1.55964
1 -3.76478 -0.980757
3 0.3 -1.5
3 -0.3 -1.5
3 -0.3 1.5
3 0.3 1.5
1 -4.7313 -10.0273
0 -5.6025 -10.6396
1 -4.9307 -13.0835
0 -5.78202 -13.7025
1 -5.03582 -16.2552
0 -6.0585 -16.838
1 -5.36602 -19.2959
0 -6.7076 -19.574
0 -6.12321 -21.9808
1 -5.51274 -24.5035
0 -6.36899 -25.1629
1 -5.9535 -27.7827
0 -6.89644 -28.3828
0 -11.3398 -75.788
0 -11.7444 -94.1816
790
0 -10.8007 -63.6863
0 -10.1527 -55.4411
0 -9.17315 -40.2729
0 -8.38443 -34.4755
0 -5.46832 -7.68349
1 -4.71782 -7.00223
0 -5.05417 -7.0745
1 -4.05483 -6.5429
0 -5.0026 -4.30037
1 -3.74728 -3.90039
0 -4.1828 1.60082
0 -4.6993 -1.55964
1 -3.76478 -0.980757
3 0.3 -1.5
3 -0.3 -1.5
3 -0.3 1.5
3 0.3 1.5
1 -4.7313 -10.0273
0 -5.6025 -10.6396
1 -4.9307 -13.0835
0 -5.78202 -13.7025
1 -5.03582 -16.2552
0 -6.0585 -16.838
1 -5.36602 -19.2959
0 -6.7076 -19.574
0 -6.12321 -21.9808
1 -5.51274 -24.5035
0 -6.36899 -25.1629
1 -5.9535 -27.7827
0 -6.89644 -28.3828
0 -11.3398 -75.788
0 -11.7444 -94.1816
794
0 -10.8007 -63.6863
0 -10.1527 -55.4411
0 -9.17315 -40.2729
0 -8.38443 -34.4755
0 -5.46832 -7.68349
1 -4.71782 -7.00223
0 -5.05417 -7.0745
1 -4.05483 -6.5429
0 -5.0026 -4.30037
1 -3.74728 -3.90039
0 -4.1828 1.60082
0 -4.6993 -1.55964
1 -3.76478 -0.980757
3 0.3 -1.5
3 -0.3 -1.5
3 -0.3 1.5
3 0.3 1.5
1 -4.7313 -10.0273
0 -5.6025 -10.6396
1 -4.9307 -13.0835
0 -5.78202 -13.7025
1 -5.03582 -16.2552
0 -6.0585 -16.838
1 -5.36602 -19.2959
0 -6.7076 -19.574
0 -6.12321 -21.9808
1 -5.51274 -24.5035
0 -6.36899 -25.1629
1 -5.9535 -27.7827
0 -6.89644 -28.3828
0 -11.3398 -75.788
0 -11.7444 -94.1816
798
0 -10.8007 -63.6863
0 -10.1527 -55.4411
0 -9.17315 -40.2729
0 -8.38443 -34.4755
0 -5.46832 -7.68349
1 -4.71782 -7.00223
0 -5.05417 -7.0745
1 -4.05483 -6.5429
0 -5.0026 -4.30037
1 -3.74728 -3.90039
0 -4.1828 1.60082
0 -4.6993 -1.55964
1 -3.76478 -0.980757
3 0.3 -1.5
3 -0.3 -1.5
3 -0.3 1.5
3 0.3 1.5
1 -4.7313 -10.0273
0 -5.6025 -10.6396
1 -4.9307 -13.0835
0 -5.78202 -13.7025
1 -5.03582 -16.2552
0 -6.0585 -16.838
1 -5.36602 -19.2959
0 -6.7076 -19.574
0 -6.12321 -21.9808
1 -5.51274 -24.5035
0 -6.36899 -25.1629
1 -5.9535 -27.7827
0 -6.89644 -28.3828
0 -11.3398 -75.788
0 -11.7444 -94.1816
802
0 -10.8007 -63.6863
0 -10.1527 -55.4411
0 -9.17315 -40.2729
0 -8.38443 -34.4755
0 -5.46832 -7.68349
1 -4.71782 -7.00223
0 -5.05417 -7.0745
1 -4.05483 -6.5429
0 -5.0026 -4.30037
1 -3.74728 -3.90039
0 -4.1828 1.60082
0 -4.6993 -1.55964
1 -3.76478 -0.980757
3 0.3 -1.5
3 -0.3 -1.5
3 -0.3 1.5
3 0.3 1.5
1 -4.7313 -10.0273
0 -5.6025 -10.6396
1 -4.9307 -13.0835
0 -5.78202 -13.7025
1 -5.03582 -16.2552
0 -6.0585 -16.838
1 -5.36602 -19.2959
0 -6.7076 -19.574
0 -6.12321 -21.9808
1 -5.51274 -24.5035
0 -6.36899 -25.1629
1 -5.9535 -27.7827
0 -6.89644 -28.3828
0 -11.3398 -75.788
0 -11.7444 -94.1816
806
0 -10.8007 -63.6863
0 -10.1527 -55.4411
0 -9.17315 -40.2729
0 -8.38443 -34.4755
0 -5.46832 -7.68349
1 -4.71782 -7.00223
0 -5.05417 -7.0745
1 -4.05483 -6.5429
0 -5.0026 -4.30037
1 -3.74728 -3.90039
0 -4.1828 1.60082
0 -4.6993 -1.55964
1 -3.76478 -0.980757
3 0.3 -1.5
3 -0.3 -1.5
3 -0.3 1.5
3 0.3 1.5
1 -4.7313 -10.0273
0 -5.6025 -10.6396
1 -4.9307 -13.0835
0 -5.78202 -13.7025
1 -5.03582 -16.2552
0 -6.0585 -16.838
1 -5.36602 -19.2959
0 -6.7076 -19.574
0 -6.12321 -21.9808
1 -5.51274 -24.5035
0 -6.36899 -25.1629
1 -5.9535 -27.7827
0 -6.89644 -28.3828
0 -11.3398 -75.788
0 -11.7444 -94.1816
810
0 -10.8007 -63.6863
0 -10.1527 -55.4411
0 -9.17315 -40.2729
0 -8.38443 -34.4755
0 -5.46832 -7.68349
1 -4.71782 -7.00223
0 -5.05417 -7.0745
1 -4.05483 -6.5429
0 -5.0026 -4.30037
1 -3.74728 -3.90039
0 -4.1828 1.60082
0 -4.6993 -1.55964
1 -3.76478 -0.980757
3 0.3 -1.5
3 -0.3 -1.5
3 -0.3 1.5
3 0.3 1.5
1 -4.7313 -10.0273
0 -5.6025 -10.6396
1 -4.9307 -13.0835
0 -5.78202 -13.7025
1 -5.03582 -16.2552
0 -6.0585 -16.838
1 -5.36602 -19.2959
0 -6.7076 -19.574
0 -6.12321 -21.9808
1 -5.51274 -24.5035
0 -6.36899 -25.1629
1 -5.9535 -27.7827
0 -6.89644 -28.3828
0 -11.3398 -75.788
0 -11.7444 -94.1816
814
0 -10.8007 -63.6863
0 -10.1527 -55.4411
0 -9.17315 -40.2729
0 -8.38443 -34.4755
0 -5.46832 -7.68349
1 -4.71782 -7.00223
0 -5.05417 -7.0745
1 -4.05483 -6.5429
0 -5.0026 -4.30037
1 -3.74728 -3.90039
0 -4.1828 1.60082
0 -4.6993 -1.55964
1 -3.76478 -0.980757
3 0.3 -1.5
3 -0.3 -1.5
3 -0.3 1.5
3 0.3 1.5
1 -4.7313 -10.0273
0 -5.6025 -10.6396
1 -4.9307 -13.0835
0 -5.78202 -13.7025
1 -5.03582 -16.2552
0 -6.0585 -16.838
1 -5.36602 -19.2959
0 -6.7076 -19.574
0 -6.12321 -21.9808
1 -5.51274 -24.5035
0 -6.36899 -25.1629
1 -5.9535 -27.7827
0 -6.89644 -28.3828
0 -11.3398 -75.788
0 -11.7444 -94.1816
818
0 -10.8007 -63.6863
0 -10.1527 -55.4411
0 -9.17315 -40.2729
0 -8.38443 -34.4755
0 -5.46832 -7.68349
1 -4.71782 -7.00223
0 -5.05417 -7.0745
1 -4.05483 -6.5429
0 -5.0026 -4.30037
1 -3.74728 -3.90039
0 -4.1828 1.60082
0 -4.6993 -1.55964
1 -3.76478 -0.980757
3 0.3 -1.5
3 -0.3 -1.5
3 -0.3 1.5
3 0.3 1.5
1 -4.7313 -10.0273
0 -5.6025 -10.6396
1 -4.9307 -13.0835
0 -5.78202 -13.7025
1 -5.03582 -16.2552
0 -6.0585 -16.838
1 -5.36602 -19.2959
0 -6.7076 -19.574
0 -6.12321 -21.9808
1 -5.51274 -24.5035
0 -6.36899 -25.1629
1 -5.9535 -27.7827
0 -6.89644 -28.3828
0 -11.3398 -75.788
0 -11.7444 -94.1816
822
0 -10.8007 -63.6863
0 -10.1527 -55.4411
0 -9.17315 -40.2729
0 -8.38443 -34.4755
0 -5.46832 -7.68349
1 -4.71782 -7.00223
0 -5.05417 -7.0745
1 -4.05483 -6.5429
0 -5.0026 -4.30037
1 -3.74728 -3.90039
0 -4.1828 1.60082
0 -4.6993 -1.55964
1 -3.76478 -0.980757
3 0.3 -1.5
3 -0.3 -1.5
3 -0.3 1.5
3 0.3 1.5
1 -4.7313 -10.0273
0 -5.6025 -10.6396
1 -4.9307 -13.0835
0 -5.78202 -13.7025
1 -5.03582 -16.2552
0 -6.0585 -16.838
1 -5.36602 -19.2959
0 -6.7076 -19.574
0 -6.12321 -21.9808
1 -5.51274 -24.5035
0 -6.36899 -25.1629
1 -5.9535 -27.7827
0 -6.89644 -28.3828
0 -11.3398 -75.788
0 -11.7444 -94.1816
826
0 -10.8007 -63.6863
0 -10.1527 -55.4411
0 -9.17315 -40.2729
0 -8.38443 -34.4755
0 -5.46832 -7.68349
1 -4.71782 -7.00223
0 -5.05417 -7.0745
1 -4.05483 -6.5429
0 -5.0026 -4.30037
1 -3.74728 -3.90039
0 -4.1828 1.60082
0 -4.6993 -1.55964
1 -3.76478 -0.980757
3 0.3 -1.5
3 -0.3 -1.5
3 -0.3 1.5
3 0.3 1.5
1 -4.7313 -10.0273
0 -5.6025 -10.6396
1 -4.9307 -13.0835
0 -5.78202 -13.7025
1 -5.03582 -16.2552
0 -6.0585 -16.838
1 -5.36602 -19.2959
0 -6.7076 -19.574
0 -6.12321 -21.9808
1 -5.51274 -24.5035
0 -6.36899 -25.1629
1 -5.9535 -27.7827
0 -6.89644 -28.3828
0 -11.3398 -75.788
0 -11.7444 -94.1816
830
0 -10.8007 -63.6863
0 -10.1527 -55.4411
0 -9.17315 -40.2729
0 -8.38443 -34.4755
0 -5.46832 -7.68349
1 -4.71782 -7.00223
0 -5.05417 -7.0745
1 -4.05483 -6.5429
0 -5.0026 -4.30037
1 -3.74728 -3.90039
0 -4.1828 1.60082
0 -4.6993 -1.55964
1 -3.76478 -0.980757
3 0.3 -1.5
3 -0.3 -1.5
3 -0.3 1.5
3 0.3 1.5
1 -4.7313 -10.0273
0 -5.6025 -10.6396
1 -4.9307 -13.0835
0 -5.78202 -13.7025
1 -5.03582 -16.2552
0 -6.0585 -16.838
1 -5.36602 -19.2959
0 -6.7076 -19.574
0 -6.12321 -21.9808
1 -5.51274 -24.5035
0 -6.36899 -25.1629
1 -5.9535 -27.7827
0 -6.89644 -28.3828
0 -11.3398 -75.788
0 -11.7444 -94.1816
834
0 -10.8007 -63.6863
0 -10.1527 -55.4411
0 -9.17315 -40.2729
0 -8.38443 -34.4755
0 -5.46832 -7.68349
1 -4.71782 -7.00223
0 -5.05417 -7.0745
1 -4.05483 -6.5429
0 -5.0026 -4.30037
1 -3.74728 -3.90039
0 -4.1828 1.60082
0 -4.6993 -1.55964
1 -3.76478 -0.980757
3 0.3 -1.5
3 -0.3 -1.5
3 -0.3 1.5
3 0.3 1.5
1 -4.7313 -10.0273
0 -5.6025 -10.6396
1 -4.9307 -13.0835
0 -5.78202 -13.7025
1 -5.03582 -16.2552
0 -6.0585 -16.838
1 -5.36602 -19.2959
0 -6.7076 -19.574
0 -6.12321 -21.9808
1 -5.51274 -24.5035
0 -6.36899 -25.1629
1 -5.9535 -27.7827
0 -6.89644 -28.3828
0 -11.3398 -75.788
0 -11.7444 -94.1816
838
0 -10.8007 -63.6863
0 -10.1527 -55.4411
0 -9.17315 -40.2729
0 -8.38443 -34.4755
0 -5.46832 -7.68349
1 -4.71782 -7.00223
0 -5.05417 -7.0745
1 -4.05483 -6.5429
0 -5.0026 -4.30037
1 -3.74728 -3.90039
0 -4.1828 1.60082
0 -4.6993 -1.55964
1 -3.76478 -0.980757
3 0.3 -1.5
3 -0.3 -1.5
3 -0.3 1.5
3 0.3 1.5
1 -4.7313 -10.0273
0 -5.6025 -10.6396
1 -4.9307 -13.0835
0 -5.78202 -13.7025
1 -5.03582 -16.2552
0 -6.0585 -16.838
1 -5.36602 -19.2959
0 -6.7076 -19.574
0 -6.12321 -21.9808
1 -5.51274 -24.5035
0 -6.36899 -25.1629
1 -5.9535 -27.7827
0 -6.89644 -28.3828
0 -11.3398 -75.788
0 -11.7444 -94.1816
842
0 -10.8007 -63.6863
0 -10.1527 -55.4411
0 -9.17315 -40.2729
0 -8.38443 -34.4755
0 -5.46832 -7.68349
1 -4.71782 -7.00223
0 -5.05417 -7.0745
1 -4.05483 -6.5429
0 -5.0026 -4.30037
1 -3.74728 -3.90039
0 -4.1828 1.60082
0 -4.6993 -1.55964
1 -3.76478 -0.980757
3 0.3 -1.5
3 -0.3 -1.5
3 -0.3 1.5
3 0.3 1.5
1 -4.7313 -10.0273
0 -5.6025 -10.6396
1 -4.9307 -13.0835
0 -5.78202 -13.7025
1 -5.03582 -16.2552
0 -6.0585 -16.838
1 -5.36602 -19.2959
0 -6.7076 -19.574
0 -6.12321 -21.9808
1 -5.51274 -24.5035
0 -6.36899 -25.1629
1 -5.9535 -27.7827
0 -6.89644 -28.3828
0 -11.3398 -75.788
0 -11.7444 -94.1816
846
0 -10.8007 -63.6863
0 -10.1527 -55.4411
0 -9.17315 -40.2729
0 -8.38443 -34.4755
0 -5.46832 -7.68349
1 -4.71782 -7.00223
0 -5.05417 -7.0745
1 -4.05483 -6.5429
0 -5.0026 -4.30037
1 -3.74728 -3.90039
0 -4.1828 1.60082
0 -4.6993 -1.55964
1 -3.76478 -0.980757
3 0.3 -1.5
3 -0.3 -1.5
3 -0.3 1.5
3 0.3 1.5
1 -4.7313 -10.0273
0 -5.6025 -10.6396
1 -4.9307 -13.0835
0 -5.78202 -13.7025
1 -5.03582 -16.2552
0 -6.0585 -16.838
1 -5.36602 -19.2959
0 -6.7076 -19.574
0 -6.12321 -21.9808
1 -5.51274 -24.5035
0 -6.36899 -25.1629
1 -5.9535 -27.7827
0 -6.89644 -28.3828
0 -11.3398 -75.788
0 -11.7444 -94.1816
850
0 -10.8007 -63.6863
0 -10.1527 -55.4411
0 -9.17315 -40.2729
0 -8.38443 -34.4755
0 -5.46832 -7.68349
1 -4.71782 -7.00223
0 -5.05417 -7.0745
1 -4.05483 -6.5429
0 -5.0026 -4.30037
1 -3.74728 -3.90039
0 -4.1828 1.60082
0 -4.6993 -1.55964
1 -3.76478 -0.980757
3 0.3 -1.5
3 -0.3 -1.5
3 -0.3 1.5
3 0.3 1.5
1 -4.7313 -10.0273
0 -5.6025 -10.6396
1 -4.9307 -13.0835
0 -5.78202 -13.7025
1 -5.03582 -16.2552
0 -6.0585 -16.838
1 -5.36602 -19.2959
0 -6.7076 -19.574
0 -6.12321 -21.9808
1 -5.51274 -24.5035
0 -6.36899 -25.1629
1 -5.9535 -27.7827
0 -6.89644 -28.3828
0 -11.3398 -75.788
0 -11.7444 -94.1816
854
0 -10.8007 -63.6863
0 -10.1527 -55.4411
0 -9.17315 -40.2729
0 -8.38443 -34.4755
0 -5.46832 -7.68349
1 -4.71782 -7.00223
0 -5.05417 -7.0745
1 -4.05483 -6.5429
0 -5.0026 -4.30037
1 -3.74728 -3.90039
0 -4.1828 1.60082
0 -4.6993 -1.55964
1 -3.76478 -0.980757
3 0.3 -1.5
3 -0.3 -1.5
3 -0.3 1.5
3 0.3 1.5
1 -4.7313 -10.0273
0 -5.6025 -10.6396
1 -4.9307 -13.0835
0 -5.78202 -13.7025
1 -5.03582 -16.2552
0 -6.0585 -16.838
1 -5.36602 -19.2959
0 -6.7076 -19.574
0 -6.12321 -21.9808
1 -5.51274 -24.5035
0 -6.36899 -25.1629
1 -5.9535 -27.7827
0 -6.89644 -28.3828
0 -11.3398 -75.788
0 -11.7444 -94.1816
858
0 -10.8007 -63.6863
0 -10.1527 -55.4411
0 -9.17315 -40.2729
0 -8.38443 -34.4755
0 -5.46832 -7.68349
1 -4.71782 -7.00223
0 -5.05417 -7.0745
1 -4.05483 -6.5429
0 -5.0026 -4.30037
1 -3.74728 -3.90039
0 -4.1828 1.60082
0 -4.6993 -1.55964
1 -3.76478 -0.980757
3 0.3 -1.5
3 -0.3 -1.5
3 -0.3 1.5
3 0.3 1.5
1 -4.7313 -10.0273
0 -5.6025 -10.6396
1 -4.9307 -13.0835
0 -5.78202 -13.7025
1 -5.03582 -16.2552
0 -6.0585 -16.838
1 -5.36602 -19.2959
0 -6.7076 -19.574
0 -6.12321 -21.9808
1 -5.51274 -24.5035
0 -6.36899 -25.1629
1 -5.9535 -27.7827
0 -6.89644 -28.3828
0 -11.3398 -75.788
0 -11.7444 -94.1816
862
0 -10.8007 -63.6863
0 -10.1527 -55.4411
0 -9.17315 -40.2729
0 -8.38443 -34.4755
0 -5.46832 -7.68349
1 -4.71782 -7.00223
0 -5.05417 -7.0745
1 -4.05483 -6.5429
0 -5.0026 -4.30037
1 -3.74728 -3.90039
0 -4.1828 1.60082
0 -4.6993 -1.55964
1 -3.76478 -0.980757
3 0.3 -1.5
3 -0.3 -1.5
3 -0.3 1.5
3 0.3 1.5
1 -4.7313 -10.0273
0 -5.6025 -10.6396
1 -4.9307 -13.0835
0 -5.78202 -13.7025
1 -5.03582 -16.2552
0 -6.0585 -16.838
1 -5.36602 -19.2959
0 -6.7076 -19.574
0 -6.12321 -21.9808
1 -5.51274 -24.5035
0 -6.36899 -25.1629
1 -5.9535 -27.7827
0 -6.89644 -28.3828
0 -11.3398 -75.788
0 -11.7444 -94.1816
866
0 -10.8007 -63.6863
0 -10.1527 -55.4411
0 -9.17315 -40.2729
0 -8.38443 -34.4755
0 -5.46832 -7.68349
1 -4.71782 -7.00223
0 -5.05417 -7.0745
1 -4.05483 -6.5429
0 -5.0026 -4.30037
1 -3.74728 -3.90039
0 -4.1828 1.60082
0 -4.6993 -1.55964
1 -3.76478 -0.980757
3 0.3 -1.5
3 -0.3 -1.5
3 -0.3 1.5
3 0.3 1.5
1 -4.7313 -10.0273
0 -5.6025 -10.6396
1 -4.9307 -13.0835
0 -5.78202 -13.7025
1 -5.03582 -16.2552
0 -6.0585 -16.838
1 -5.36602 -19.2959
0 -6.7076 -19.574
0 -6.12321 -21.9808
1 -5.51274 -24.5035
0 -6.36899 -25.1629
1 -5.9535 -27.7827
0 -6.89644 -28.3828
0 -11.3398 -75.788
0 -11.7444 -94.1816
870
0 -10.8007 -63.6863
0 -10.1527 -55.4411
0 -9.17315 -40.2729
0 -8.38443 -34.4755
0 -5.46832 -7.68349
1 -4.71782 -7.00223
0 -5.05417 -7.0745
1 -4.05483 -6.5429
0 -5.0026 -4.30037
1 -3.74728 -3.90039
0 -4.1828 1.60082
0 -4.6993 -1.55964
1 -3.76478 -0.980757
3 0.3 -1.5
3 -0.3 -1.5
3 -0.3 1.5
3 0.3 1.5
1 -4.7313 -10.0273
0 -5.6025 -10.6396
1 -4.9307 -13.0835
0 -5.78202 -13.7025
1 -5.03582 -16.2552
0 -6.0585 -16.838
1 -5.36602 -19.2959
0 -6.7076 -19.574
0 -6.12321 -21.9808
1 -5.51274 -24.5035
0 -6.36899 -25.1629
1 -5.9535 -27.7827
0 -6.89644 -28.3828
0 -11.3398 -75.788
0 -11.7444 -94.1816
874
0 -10.8007 -63.6863
0 -10.1527 -55.4411
0 -9.17315 -40.2729
0 -8.38443 -34.4755
0 -5.46832 -7.68349
1 -4.71782 -7.00223
0 -5.05417 -7.0745
1 -4.05483 -6.5429
0 -5.0026 -4.30037
1 -3.74728 -3.90039
0 -4.1828 1.60082
0 -4.6993 -1.55964
1 -3.76478 -0.980757
3 0.3 -1.5
3 -0.3 -1.5
3 -0.3 1.5
3 0.3 1.5
1 -4.7313 -10.0273
0 -5.6025 -10.6396
1 -4.9307 -13.0835
0 -5.78202 -13.7025
1 -5.03582 -16.2552
0 -6.0585 -16.838
1 -5.36602 -19.2959
0 -6.7076 -19.574
0 -6.12321 -21.9808
1 -5.51274 -24.5035
0 -6.36899 -25.1629
1 -5.9535 -27.7827
0 -6.89644 -28.3828
0 -11.3398 -75.788
0 -11.7444 -94.1816
878
0 -10.8007 -63.6863
0 -10.1527 -55.4411
0 -9.17315 -40.2729
0 -8.38443 -34.4755
0 -5.46832 -7.68349
1 -4.71782 -7.00223
0 -5.05417 -7.0745
1 -4.05483 -6.5429
0 -5.0026 -4.30037
1 -3.74728 -3.90039
0 -4.1828 1.60082
0 -4.6993 -1.55964
1 -3.76478 -0.980757
3 0.3 -1.5
3 -0.3 -1.5
3 -0.3 1.5
3 0.3 1.5
1 -4.7313 -10.0273
0 -5.6025 -10.6396
1 -4.9307 -13.0835
0 -5.78202 -13.7025
1 -5.03582 -16.2552
0 -6.0585 -16.838
1 -5.36602 -19.2959
0 -6.7076 -19.574
0 -6.12321 -21.9808
1 -5.51274 -24.5035
0 -6.36899 -25.1629
1 -5.9535 -27.7827
0 -6.89644 -28.3828
0 -11.3398 -75.788
0 -11.7444 -94.1816
882
0 -10.8007 -63.6863
0 -10.1527 -55.4411
0 -9.17315 -40.2729
0 -8.38443 -34.4755
0 -5.46832 -7.68349
1 -4.71782 -7.00223
0 -5.05417 -7.0745
1 -4.05483 -6.5429
0 -5.0026 -4.30037
1 -3.74728 -3.90039
0 -4.1828 1.60082
0 -4.6993 -1.55964
1 -3.76478 -0.980757
3 0.3 -1.5
3 -0.3 -1.5
3 -0.3 1.5
3 0.3 1.5
1 -4.7313 -10.0273
0 -5.6025 -10.6396
1 -4.9307 -13.0835
0 -5.78202 -13.7025
1 -5.03582 -16.2552
0 -6.0585 -16.838
1 -5.36602 -19.2959
0 -6.7076 -19.574
0 -6.12321 -21.9808
1 -5.51274 -24.5035
0 -6.36899 -25.1629
1 -5.9535 -27.7827
0 -6.89644 -28.3828
0 -11.3398 -75.788
0 -11.7444 -94.1816
886
0 -10.8007 -63.6863
0 -10.1527 -55.4411
0 -9.17315 -40.2729
0 -8.38443 -34.4755
0 -5.46832 -7.68349
1 -4.71782 -7.00223
0 -5.05417 -7.0745
1 -4.05483 -6.5429
0 -5.0026 -4.30037
1 -3.74728 -3.90039
0 -4.1828 1.60082
0 -4.6993 -1.55964
1 -3.76478 -0.980757
3 0.3 -1.5
3 -0.3 -1.5
3 -0.3 1.5
3 0.3 1.5
1 -4.7313 -10.0273
0 -5.6025 -10.6396
1 -4.9307 -13.0835
0 -5.78202 -13.7025
1 -5.03582 -16.2552
0 -6.0585 -16.838
1 -5.36602 -19.2959
0 -6.7076 -19.574
0 -6.12321 -21.9808
1 -5.51274 -24.5035
0 -6.36899 -25.1629
1 -5.9535 -27.7827
0 -6.89644 -28.3828
0 -11.3398 -75.788
0 -11.7444 -94.1816
890
0 -10.8007 -63.6863
0 -10.1527 -55.4411
0 -9.17315 -40.2729
0 -8.38443 -34.4755
0 -5.46832 -7.68349
1 -4.71782 -7.00223
0 -5.05417 -7.0745
1 -4.05483 -6.5429
0 -5.0026 -4.30037
1 -3.74728 -3.90039
0 -4.1828 1.60082
0 -4.6993 -1.55964
1 -3.76478 -0.980757
3 0.3 -1.5
3 -0.3 -1.5
3 -0.3 1.5
3 0.3 1.5
1 -4.7313 -10.0273
0 -5.6025 -10.6396
1 -4.9307 -13.0835
0 -5.78202 -13.7025
1 -5.03582 -16.2552
0 -6.0585 -16.838
1 -5.36602 -19.2959
0 -6.7076 -19.574
0 -6.12321 -21.9808
1 -5.51274 -24.5035
0 -6.36899 -25.1629
1 -5.9535 -27.7827
0 -6.89644 -28.3828
0 -11.3398 -75.788
0 -11.7444 -94.1816
894
0 -10.8007 -63.6863
0 -10.1527 -55.4411
0 -9.17315 -40.2729
0 -8.38443 -34.4755
0 -5.46832 -7.68349
1 -4.71782 -7.00223
0 -5.05417 -7.0745
1 -4.05483 -6.5429
0 -5.0026 -4.30037
1 -3.74728 -3.90039
0 -4.1828 1.60082
0 -4.6993 -1.55964
1 -3.76478 -0.980757
3 0.3 -1.5
3 -0.3 -1.5
3 -0.3 1.5
3 0.3 1.5
1 -4.7313 -10.0273
0 -5.6025 -10.6396
1 -4.9307 -13.0835
0 -5.78202 -13.7025
1 -5.03582 -16.2552
0 -6.0585 -16.838
1 -5.36602 -19.2959
0 -6.7076 -19.574
0 -6.12321 -21.9808
1 -5.51274 -24.5035
0 -6.36899 -25.1629
1 -5.9535 -27.7827
0 -6.89644 -28.3828
0 -11.3398 -75.788
0 -11.7444 -94.1816
898
0 -10.8007 -63.6863
0 -10.1527 -55.4411
0 -9.17315 -40.2729
0 -8.38443 -34.4755
0 -5.46832 -7.68349
1 -4.71782 -7.00223
0 -5.05417 -7.0745
1 -4.05483 -6.5429
0 -5.0026 -4.30037
1 -3.74728 -3.90039
0 -4.1828 1.60082
0 -4.6993 -1.55964
1 -3.76478 -0.980757
3 0.3 -1.5
3 -0.3 -1.5
3 -0.3 1.5
3 0.3 1.5
1 -4.7313 -10.0273
0 -5.6025 -10.6396
1 -4.9307 -13.0835
0 -5.78202 -13.7025
1 -5.03582 -16.2552
0 -6.0585 -16.838
1 -5.36602 -19.2959
0 -6.7076 -19.574
0 -6.12321 -21.9808
1 -5.51274 -24.5035
0 -6.36899 -25.1629
1 -5.9535 -27.7827
0 -6.89644 -28.3828
0 -11.3398 -75.788
0 -11.7444 -94.1816
902
0 -10.8007 -63.6863
0 -10.1527 -55.4411
0 -9.17315 -40.2729
0 -8.38443 -34.4755
0 -5.46832 -7.68349
1 -4.71782 -7.00223
0 -5.05417 -7.0745
1 -4.05483 -6.5429
0 -5.0026 -4.30037
1 -3.74728 -3.90039
0 -4.1828 1.60082
0 -4.6993 -1.55964
1 -3.76478 -0.980757
3 0.3 -1.5
3 -0.3 -1.5
3 -0.3 1.5
3 0.3 1.5
1 -4.7313 -10.0273
0 -5.6025 -10.6396
1 -4.9307 -13.0835
0 -5.78202 -13.7025
1 -5.03582 -16.2552
0 -6.0585 -16.838
1 -5.36602 -19.2959
0 -6.7076 -19.574
0 -6.12321 -21.9808
1 -5.51274 -24.5035
0 -6.36899 -25.1629
1 -5.9535 -27.7827
0 -6.89644 -28.3828
0 -11.3398 -75.788
0 -11.7444 -94.1816
906
0 -10.8007 -63.6863
0 -10.1527 -55.4411
0 -9.17315 -40.2729
0 -8.38443 -34.4755
0 -5.46832 -7.68349
1 -4.71782 -7.00223
0 -5.05417 -7.0745
1 -4.05483 -6.5429
0 -5.0026 -4.30037
1 -3.74728 -3.90039
0 -4.1828 1.60082
0 -4.6993 -1.55964
1 -3.76478 -0.980757
3 0.3 -1.5
3 -0.3 -1.5
3 -0.3 1.5
3 0.3 1.5
1 -4.7313 -10.0273
0 -5.6025 -10.6396
1 -4.9307 -13.0835
0 -5.78202 -13.7025
1 -5.03582 -16.2552
0 -6.0585 -16.838
1 -5.36602 -19.2959
0 -6.7076 -19.574
0 -6.12321 -21.9808
1 -5.51274 -24.5035
0 -6.36899 -25.1629
1 -5.9535 -27.7827
0 -6.89644 -28.3828
0 -11.3398 -75.788
0 -11.7444 -94.1816
910
0 -10.8007 -63.6863
0 -10.1527 -55.4411
0 -9.17315 -40.2729
0 -8.38443 -34.4755
0 -5.46832 -7.68349
1 -4.71782 -7.00223
0 -5.05417 -7.0745
1 -4.05483 -6.5429
0 -5.0026 -4.30037
1 -3.74728 -3.90039
0 -4.1828 1.60082
0 -4.6993 -1.55964
1 -3.76478 -0.980757
3 0.3 -1.5
3 -0.3 -1.5
3 -0.3 1.5
3 0.3 1.5
1 -4.7313 -10.0273
0 -5.6025 -10.6396
1 -4.9307 -13.0835
0 -5.78202 -13.7025
1 -5.03582 -16.2552
0 -6.0585 -16.838
1 -5.36602 -19.2959
0 -6.7076 -19.574
0 -6.12321 -21.9808
1 -5.51274 -24.5035
0 -6.36899 -25.1629
1 -5.9535 -27.7827
0 -6.89644 -28.3828
0 -11.3398 -75.788
0 -11.7444 -94.1816
914
0 -10.8007 -63.6863
0 -10.1527 -55.4411
0 -9.17315 -40.2729
0 -8.38443 -34.4755
0 -5.46832 -7.68349
1 -4.71782 -7.00223
0 -5.05417 -7.0745
1 -4.05483 -6.5429
0 -5.0026 -4.30037
1 -3.74728 -3.90039
0 -4.1828 1.60082
0 -4.6993 -1.55964
1 -3.76478 -0.980757
3 0.3 -1.5
3 -0.3 -1.5
3 -0.3 1.5
3 0.3 1.5
1 -4.7313 -10.0273
0 -5.6025 -10.6396
1 -4.9307 -13.0835
0 -5.78202 -13.7025
1 -5.03582 -16.2552
0 -6.0585 -16.838
1 -5.36602 -19.2959
0 -6.7076 -19.574
0 -6.12321 -21.9808
1 -5.51274 -24.5035
0 -6.36899 -25.1629
1 -5.9535 -27.7827
0 -6.89644 -28.3828
0 -11.3398 -75.788
0 -11.7444 -94.1816
918
0 -10.8007 -63.6863
0 -10.1527 -55.4411
0 -9.17315 -40.2729
0 -8.38443 -34.4755
0 -5.46832 -7.68349
1 -4.71782 -7.00223
0 -5.05417 -7.0745
1 -4.05483 -6.5429
0 -5.0026 -4.30037
1 -3.74728 -3.90039
0 -4.1828 1.60082
0 -4.6993 -1.55964
1 -3.76478 -0.980757
3 0.3 -1.5
3 -0.3 -1.5
3 -0.3 1.5
3 0.3 1.5
1 -4.7313 -10.0273
0 -5.6025 -10.6396
1 -4.9307 -13.0835
0 -5.78202 -13.7025
1 -5.03582 -16.2552
0 -6.0585 -16.838
1 -5.36602 -19.2959
0 -6.7076 -19.574
0 -6.12321 -21.9808
1 -5.51274 -24.5035
0 -6.36899 -25.1629
1 -5.9535 -27.7827
0 -6.89644 -28.3828
0 -11.3398 -75.788
0 -11.7444 -94.1816
922
0 -10.8007 -63.6863
0 -10.1527 -55.4411
0 -9.17315 -40.2729
0 -8.38443 -34.4755
0 -5.46832 -7.68349
1 -4.71782 -7.00223
0 -5.05417 -7.0745
1 -4.05483 -6.5429
0 -5.0026 -4.30037
1 -3.74728 -3.90039
0 -4.1828 1.60082
0 -4.6993 -1.55964
1 -3.76478 -0.980757
3 0.3 -1.5
3 -0.3 -1.5
3 -0.3 1.5
3 0.3 1.5
1 -4.7313 -10.0273
0 -5.6025 -10.6396
1 -4.9307 -13.0835
0 -5.78202 -13.7025
1 -5.03582 -16.2552
0 -6.0585 -16.838
1 -5.36602 -19.2959
0 -6.7076 -19.574
0 -6.12321 -21.9808
1 -5.51274 -24.5035
0 -6.36899 -25.1629
1 -5.9535 -27.7827
0 -6.89644 -28.3828
0 -11.3398 -75.788
0 -11.7444 -94.1816
926
0 -10.8007 -63.6863
0 -10.1527 -55.4411
0 -9.17315 -40.2729
0 -8.38443 -34.4755
0 -5.46832 -7.68349
1 -4.71782 -7.00223
0 -5.05417 -7.0745
1 -4.05483 -6.5429
0 -5.0026 -4.30037
1 -3.74728 -3.90039
0 -4.1828 1.60082
0 -4.6993 -1.55964
1 -3.76478 -0.980757
3 0.3 -1.5
3 -0.3 -1.5
3 -0.3 1.5
3 0.3 1.5
1 -4.7313 -10.0273
0 -5.6025 -10.6396
1 -4.9307 -13.0835
0 -5.78202 -13.7025
1 -5.03582 -16.2552
0 -6.0585 -16.838
1 -5.36602 -19.2959
0 -6.7076 -19.574
0 -6.12321 -21.9808
1 -5.51274 -24.5035
0 -6.36899 -25.1629
1 -5.9535 -27.7827
0 -6.89644 -28.3828
0 -11.3398 -75.788
0 -11.7444 -94.1816
930
0 -10.8007 -63.6863
0 -10.1527 -55.4411
0 -9.17315 -40.2729
0 -8.38443 -34.4755
0 -5.46832 -7.68349
1 -4.71782 -7.00223
0 -5.05417 -7.0745
1 -4.05483 -6.5429
0 -5.0026 -4.30037
1 -3.74728 -3.90039
0 -4.1828 1.60082
0 -4.6993 -1.55964
1 -3.76478 -0.980757
3 0.3 -1.5
3 -0.3 -1.5
3 -0.3 1.5
3 0.3 1.5
1 -4.7313 -10.0273
0 -5.6025 -10.6396
1 -4.9307 -13.0835
0 -5.78202 -13.7025
1 -5.03582 -16.2552
0 -6.0585 -16.838
1 -5.36602 -19.2959
0 -6.7076 -19.574
0 -6.12321 -21.9808
1 -5.51274 -24.5035
0 -6.36899 -25.1629
1 -5.9535 -27.7827
0 -6.89644 -28.3828
0 -11.3398 -75.788
0 -11.7444 -94.1816
934
0 -10.8007 -63.6863
0 -10.1527 -55.4411
0 -9.17315 -40.2729
0 -8.38443 -34.4755
0 -5.46832 -7.68349
1 -4.71782 -7.00223
0 -5.05417 -7.0745
1 -4.05483 -6.5429
0 -5.0026 -4.30037
1 -3.74728 -3.90039
0 -4.1828 1.60082
0 -4.6993 -1.55964
1 -3.76478 -0.980757
3 0.3 -1.5
3 -0.3 -1.5
3 -0.3 1.5
3 0.3 1.5
1 -4.7313 -10.0273
0 -5.6025 -10.6396
1 -4.9307 -13.0835
0 -5.78202 -13.7025
1 -5.03582 -16.2552
0 -6.0585 -16.838
1 -5.36602 -19.2959
0 -6.7076 -19.574
0 -6.12321 -21.9808
1 -5.51274 -24.5035
0 -6.36899 -25.1629
1 -5.9535 -27.7827
0 -6.89644 -28.3828
0 -11.3398 -75.788
0 -11.7444 -94.1816
938
0 -10.8007 -63.6863
0 -10.1527 -55.4411
0 -9.17315 -40.2729
0 -8.38443 -34.4755
0 -5.46832 -7.68349
1 -4.71782 -7.00223
0 -5.05417 -7.0745
1 -4.05483 -6.5429
0 -5.0026 -4.30037
1 -3.74728 -3.90039
0 -4.1828 1.60082
0 -4.6993 -1.55964
1 -3.76478 -0.980757
3 0.3 -1.5
3 -0.3 -1.5
3 -0.3 1.5
3 0.3 1.5
1 -4.7313 -10.0273
0 -5.6025 -10.6396
1 -4.9307 -13.0835
0 -5.78202 -13.7025
1 -5.03582 -16.2552
0 -6.0585 -16.838
1 -5.36602 -19.2959
0 -6.7076 -19.574
0 -6.12321 -21.9808
1 -5.51274 -24.5035
0 -6.36899 -25.1629
1 -5.9535 -27.7827
0 -6.89644 -28.3828
0 -11.3398 -75.788
0 -11.7444 -94.1816
942
0 -10.8007 -63.6863
0 -10.1527 -55.4411
0 -9.17315 -40.2729
0 -8.38443 -34.4755
0 -5.46832 -7.68349
1 -4.71782 -7.00223
0 -5.05417 -7.0745
1 -4.05483 -6.5429
0 -5.0026 -4.30037
1 -3.74728 -3.90039
0 -4.1828 1.60082
0 -4.6993 -1.55964
1 -3.76478 -0.980757
3 0.3 -1.5
3 -0.3 -1.5
3 -0.3 1.5
3 0.3 1.5
1 -4.7313 -10.0273
0 -5.6025 -10.6396
1 -4.9307 -13.0835
0 -5.78202 -13.7025
1 -5.03582 -16.2552
0 -6.0585 -16.838
1 -5.36602 -19.2959
0 -6.7076 -19.574
0 -6.12321 -21.9808
1 -5.51274 -24.5035
0 -6.36899 -25.1629
1 -5.9535 -27.7827
0 -6.89644 -28.3828
0 -11.3398 -75.788
0 -11.7444 -94.1816
946
0 -10.8007 -63.6863
0 -10.1527 -55.4411
0 -9.17315 -40.2729
0 -8.38443 -34.4755
0 -5.46832 -7.68349
1 -4.71782 -7.00223
0 -5.05417 -7.0745
1 -4.05483 -6.5429
0 -5.0026 -4.30037
1 -3.74728 -3.90039
0 -4.1828 1.60082
0 -4.6993 -1.55964
1 -3.76478 -0.980757
3 0.3 -1.5
3 -0.3 -1.5
3 -0.3 1.5
3 0.3 1.5
1 -4.7313 -10.0273
0 -5.6025 -10.6396
1 -4.9307 -13.0835
0 -5.78202 -13.7025
1 -5.03582 -16.2552
0 -6.0585 -16.838
1 -5.36602 -19.2959
0 -6.7076 -19.574
0 -6.12321 -21.9808
1 -5.51274 -24.5035
0 -6.36899 -25.1629
1 -5.9535 -27.7827
0 -6.89644 -28.3828
0 -11.3398 -75.788
0 -11.7444 -94.1816
950
0 -10.8007 -63.6863
0 -10.1527 -55.4411
0 -9.17315 -40.2729
0 -8.38443 -34.4755
0 -5.46832 -7.68349
1 -4.71782 -7.00223
0 -5.05417 -7.0745
1 -4.05483 -6.5429
0 -5.0026 -4.30037
1 -3.74728 -3.90039
0 -4.1828 1.60082
0 -4.6993 -1.55964
1 -3.76478 -0.980757
3 0.3 -1.5
3 -0.3 -1.5
3 -0.3 1.5
3 0.3 1.5
1 -4.7313 -10.0273
0 -5.6025 -10.6396
1 -4.9307 -13.0835
0 -5.78202 -13.7025
1 -5.03582 -16.2552
0 -6.0585 -16.838
1 -5.36602 -19.2959
0 -6.7076 -19.574
0 -6.12321 -21.9808
1 -5.51274 -24.5035
0 -6.36899 -25.1629
1 -5.9535 -27.7827
0 -6.89644 -28.3828
0 -11.3398 -75.788
0 -11.7444 -94.1816
954
0 -10.8007 -63.6863
0 -10.1527 -55.4411
0 -9.17315 -40.2729
0 -8.38443 -34.4755
0 -5.46832 -7.68349
1 -4.71782 -7.00223
0 -5.05417 -7.0745
1 -4.05483 -6.5429
0 -5.0026 -4.30037
1 -3.74728 -3.90039
0 -4.1828 1.60082
0 -4.6993 -1.55964
1 -3.76478 -0.980757
3 0.3 -1.5
3 -0.3 -1.5
3 -0.3 1.5
3 0.3 1.5
1 -4.7313 -10.0273
0 -5.6025 -10.6396
1 -4.9307 -13.0835
0 -5.78202 -13.7025
1 -5.03582 -16.2552
0 -6.0585 -16.838
1 -5.36602 -19.2959
0 -6.7076 -19.574
0 -6.12321 -21.9808
1 -5.51274 -24.5035
0 -6.36899 -25.1629
1 -5.9535 -27.7827
0 -6.89644 -28.3828
0 -11.3398 -75.788
0 -11.7444 -94.1816
958
0 -10.8007 -63.6863
0 -10.1527 -55.4411
0 -9.17315 -40.2729
0 -8.38443 -34.4755
0 -5.46832 -7.68349
1 -4.71782 -7.00223
0 -5.05417 -7.0745
1 -4.05483 -6.5429
0 -5.0026 -4.30037
1 -3.74728 -3.90039
0 -4.1828 1.60082
0 -4.6993 -1.55964
1 -3.76478 -0.980757
3 0.3 -1.5
3 -0.3 -1.5
3 -0.3 1.5
3 0.3 1.5
1 -4.7313 -10.0273
0 -5.6025 -10.6396
1 -4.9307 -13.0835
0 -5.78202 -13.7025
1 -5.03582 -16.2552
0 -6.0585 -16.838
1 -5.36602 -19.2959
0 -6.7076 -19.574
0 -6.12321 -21.9808
1 -5.51274 -24.5035
0 -6.36899 -25.1629
1 -5.9535 -27.7827
0 -6.89644 -28.3828
0 -11.3398 -75.788
0 -11.7444 -94.1816
962
0 -10.8007 -63.6863
0 -10.1527 -55.4411
0 -9.17315 -40.2729
0 -8.38443 -34.4755
0 -5.46832 -7.68349
1 -4.71782 -7.00223
0 -5.05417 -7.0745
1 -4.05483 -6.5429
0 -5.0026 -4.30037
1 -3.74728 -3.90039
0 -4.1828 1.60082
0 -4.6993 -1.55964
1 -3.76478 -0.980757
3 0.3 -1.5
3 -0.3 -1.5
3 -0.3 1.5
3 0.3 1.5
1 -4.7313 -10.0273
0 -5.6025 -10.6396
1 -4.9307 -13.0835
0 -5.78202 -13.7025
1 -5.03582 -16.2552
0 -6.0585 -16.838
1 -5.36602 -19.2959
0 -6.7076 -19.574
0 -6.12321 -21.9808
1 -5.51274 -24.5035
0 -6.36899 -25.1629
1 -5.9535 -27.7827
0 -6.89644 -28.3828
0 -11.3398 -75.788
0 -11.7444 -94.1816
966
0 -10.8007 -63.6863
0 -10.1527 -55.4411
0 -9.17315 -40.2729
0 -8.38443 -34.4755
0 -5.46832 -7.68349
1 -4.71782 -7.00223
0 -5.05417 -7.0745
1 -4.05483 -6.5429
0 -5.0026 -4.30037
1 -3.74728 -3.90039
0 -4.1828 1.60082
0 -4.6993 -1.55964
1 -3.76478 -0.980757
3 0.3 -1.5
3 -0.3 -1.5
3 -0.3 1.5
3 0.3 1.5
1 -4.7313 -10.0273
0 -5.6025 -10.6396
1 -4.9307 -13.0835
0 -5.78202 -13.7025
1 -5.03582 -16.2552
0 -6.0585 -16.838
1 -5.36602 -19.2959
0 -6.7076 -19.574
0 -6.12321 -21.9808
1 -5.51274 -24.5035
0 -6.36899 -25.1629
1 -5.9535 -27.7827
0 -6.89644 -28.3828
0 -11.3398 -75.788
0 -11.7444 -94.1816
970
0 -10.8007 -63.6863
0 -10.1527 -55.4411
0 -9.17315 -40.2729
0 -8.38443 -34.4755
0 -5.46832 -7.68349
1 -4.71782 -7.00223
0 -5.05417 -7.0745
1 -4.05483 -6.5429
0 -5.0026 -4.30037
1 -3.74728 -3.90039
0 -4.1828 1.60082
0 -4.6993 -1.55964
1 -3.76478 -0.980757
3 0.3 -1.5
3 -0.3 -1.5
3 -0.3 1.5
3 0.3 1.5
1 -4.7313 -10.0273
0 -5.6025 -10.6396
1 -4.9307 -13.0835
0 -5.78202 -13.7025
1 -5.03582 -16.2552
0 -6.0585 -16.838
1 -5.36602 -19.2959
0 -6.7076 -19.574
0 -6.12321 -21.9808
1 -5.51274 -24.5035
0 -6.36899 -25.1629
1 -5.9535 -27.7827
0 -6.89644 -28.3828
0 -11.3398 -75.788
0 -11.7444 -94.1816
974
0 -10.8007 -63.6863
0 -10.1527 -55.4411
0 -9.17315 -40.2729
0 -8.38443 -34.4755
0 -5.46832 -7.68349
1 -4.71782 -7.00223
0 -5.05417 -7.0745
1 -4.05483 -6.5429
0 -5.0026 -4.30037
1 -3.74728 -3.90039
0 -4.1828 1.60082
0 -4.6993 -1.55964
1 -3.76478 -0.980757
3 0.3 -1.5
3 -0.3 -1.5
3 -0.3 1.5
3 0.3 1.5
1 -4.7313 -10.0273
0 -5.6025 -10.6396
1 -4.9307 -13.0835
0 -5.78202 -13.7025
1 -5.03582 -16.2552
0 -6.0585 -16.838
1 -5.36602 -19.2959
0 -6.7076 -19.574
0 -6.12321 -21.9808
1 -5.51274 -24.5035
0 -6.36899 -25.1629
1 -5.9535 -27.7827
0 -6.89644 -28.3828
0 -11.3398 -75.788
0 -11.7444 -94.1816
978
0 -10.8007 -63.6863
0 -10.1527 -55.4411
0 -9.17315 -40.2729
0 -8.38443 -34.4755
0 -5.46832 -7.68349
1 -4.71782 -7.00223
0 -5.05417 -7.0745
1 -4.05483 -6.5429
0 -5.0026 -4.30037
1 -3.74728 -3.90039
0 -4.1828 1.60082
0 -4.6993 -1.55964
1 -3.76478 -0.980757
3 0.3 -1.5
3 -0.3 -1.5
3 -0.3 1.5
3 0.3 1.5
1 -4.7313 -10.0273
0 -5.6025 -10.6396
1 -4.9307 -13.0835
0 -5.78202 -13.7025
1 -5.03582 -16.2552
0 -6.0585 -16.838
1 -5.36602 -19.2959
0 -6.7076 -19.574
0 -6.12321 -21.9808
1 -5.51274 -24.5035
0 -6.36899 -25.1629
1 -5.9535 -27.7827
0 -6.89644 -28.3828
0 -11.3398 -75.788
0 -11.7444 -94.1816
982
0 -10.8007 -63.6863
0 -10.1527 -55.4411
0 -9.17315 -40.2729
0 -8.38443 -34.4755
0 -5.46832 -7.68349
1 -4.71782 -7.00223
0 -5.05417 -7.0745
1 -4.05483 -6.5429
0 -5.0026 -4.30037
1 -3.74728 -3.90039
0 -4.1828 1.60082
0 -4.6993 -1.55964
1 -3.76478 -0.980757
3 0.3 -1.5
3 -0.3 -1.5
3 -0.3 1.5
3 0.3 1.5
1 -4.7313 -10.0273
0 -5.6025 -10.6396
1 -4.9307 -13.0835
0 -5.78202 -13.7025
1 -5.03582 -16.2552
0 -6.0585 -16.838
1 -5.36602 -19.2959
0 -6.7076 -19.574
0 -6.12321 -21.9808
1 -5.51274 -24.5035
0 -6.36899 -25.1629
1 -5.9535 -27.7827
0 -6.89644 -28.3828
0 -11.3398 -75.788
0 -11.7444 -94.1816
986
0 -10.8007 -63.6863
0 -10.1527 -55.4411
0 -9.17315 -40.2729
0 -8.38443 -34.4755
0 -5.46832 -7.68349
1 -4.71782 -7.00223
0 -5.05417 -7.0745
1 -4.05483 -6.5429
0 -5.0026 -4.30037
1 -3.74728 -3.90039
0 -4.1828 1.60082
0 -4.6993 -1.55964
1 -3.76478 -0.980757
3 0.3 -1.5
3 -0.3 -1.5
3 -0.3 1.5
3 0.3 1.5
1 -4.7313 -10.0273
0 -5.6025 -10.6396
1 -4.9307 -13.0835
0 -5.78202 -13.7025
1 -5.03582 -16.2552
0 -6.0585 -16.838
1 -5.36602 -19.2959
0 -6.7076 -19.574
0 -6.12321 -21.9808
1 -5.51274 -24.5035
0 -6.36899 -25.1629
1 -5.9535 -27.7827
0 -6.89644 -28.3828
0 -11.3398 -75.788
0 -11.7444 -94.1816
990
0 -10.8007 -63.6863
0 -10.1527 -55.4411
0 -9.17315 -40.2729
0 -8.38443 -34.4755
0 -5.46832 -7.68349
1 -4.71782 -7.00223
0 -5.05417 -7.0745
1 -4.05483 -6.5429
0 -5.0026 -4.30037
1 -3.74728 -3.90039
0 -4.1828 1.60082
0 -4.6993 -1.55964
1 -3.76478 -0.980757
3 0.3 -1.5
3 -0.3 -1.5
3 -0.3 1.5
3 0.3 1.5
1 -4.7313 -10.0273
0 -5.6025 -10.6396
1 -4.9307 -13.0835
0 -5.78202 -13.7025
1 -5.03582 -16.2552
0 -6.0585 -16.838
1 -5.36602 -19.2959
0 -6.7076 -19.574
0 -6.12321 -21.9808
1 -5.51274 -24.5035
0 -6.36899 -25.1629
1 -5.9535 -27.7827
0 -6.89644 -28.3828
0 -11.3398 -75.788
0 -11.7444 -94.1816
994
0 -10.8007 -63.6863
0 -10.1527 -55.4411
0 -9.17315 -40.2729
0 -8.38443 -34.4755
0 -5.46832 -7.68349
1 -4.71782 -7.00223
0 -5.05417 -7.0745
1 -4.05483 -6.5429
0 -5.0026 -4.30037
1 -3.74728 -3.90039
0 -4.1828 1.60082
0 -4.6993 -1.55964
1 -3.76478 -0.980757
3 0.3 -1.5
3 -0.3 -1.5
3 -0.3 1.5
3 0.3 1.5
1 -4.7313 -10.0273
0 -5.6025 -10.6396
1 -4.9307 -13.0835
0 -5.78202 -13.7025
1 -5.03582 -16.2552
0 -6.0585 -16.838
1 -5.36602 -19.2959
0 -6.7076 -19.574
0 -6.12321 -21.9808
1 -5.51274 -24.5035
0 -6.36899 -25.1629
1 -5.9535 -27.7827
0 -6.89644 -28.3828
0 -11.3398 -75.788
0 -11.7444 -94.1816
998
0 -10.8007 -63.6863
0 -10.1527 -55.4411
0 -9.17315 -40.2729
0 -8.38443 -34.4755
0 -5.46832 -7.68349
1 -4.71782 -7.00223
0 -5.05417 -7.0745
1 -4.05483 -6.5429
0 -5.0026 -4.30037
1 -3.74728 -3.90039
0 -4.1828 1.60082
0 -4.6993 -1.55964
1 -3.76478 -0.980757
3 0.3 -1.5
3 -0.3 -1.5
3 -0.3 1.5
3 0.3 1.5
1 -4.7313 -10.0273
0 -5.6025 -10.6396
1 -4.9307 -13.0835
0 -5.78202 -13.7025
1 -5.03582 -16.2552
0 -6.0585 -16.838
1 -5.36602 -19.2959
0 -6.7076 -19.574
0 -6.12321 -21.9808
1 -5.51274 -24.5035
0 -6.36899 -25.1629
1 -5.9535 -27.7827
0 -6.89644 -28.3828
0 -11.3398 -75.788
0 -11.7444 -94.1816
