2
3 0.3 -1.5
3 -0.3 -1.5
3 -0.3 1.5
3 0.3 1.5
6
3 0.3 -1.5
3 -0.3 -1.5
3 -0.3 1.5
3 0.3 1.5
10
3 0.3 -1.5
3 -0.3 -1.5
3 -0.3 1.5
3 0.3 1.5
14
3 0.3 -1.5
3 -0.3 -1.5
3 -0.3 1.5
3 0.3 1.5
18
3 0.3 -1.5
3 -0.3 -1.5
3 -0.3 1.5
3 0.3 1.5
22
0 4.84206 2.06361
0 -0.942909 1.67373
0 -5.40556 1.57501
3 0.3 -1.5
3 -0.3 -1.5
3 -0.3 1.5
3 0.3 1.5
26
1 -0.874198 -5.63283
1 0.217601 -0.933088
1 -5.2456 -1.00915
0 4.84215 2.06328
0 -0.94278 1.6734
0 -5.40549 1.57496
3 0.3 -1.5
3 -0.3 -1.5
3 -0.3 1.5
3 0.3 1.5
30
1 4.86176 0.00288904
1 -0.863158 -5.6344
1 0.0939468 -0.915296
1 -5.25601 -1.00309
0 4.72567 2.04561
0 -0.812811 1.71077
0 -5.40653 1.57115
3 0.3 -1.5
3 -0.3 -1.5
3 -0.3 1.5
3 0.3 1.5
34
1 4.9771 -0.00799911
1 -0.782539 -5.70438
1 0.134804 -0.91487
1 -5.24026 -1.01408
0 4.85905 2.06186
0 -0.83981 1.69557
0 -5.41533 1.56845
3 0.3 -1.5
3 -0.3 -1.5
3 -0.3 1.5
3 0.3 1.5
38
1 5.02801 -0.00931875
1 -0.674868 -5.81662
1 0.247931 -0.931408
1 -5.2375 -1.01599
0 4.9325 2.07906
0 -0.774038 1.7175
0 -5.4252 1.56019
3 0.3 -1.5
3 -0.3 -1.5
3 -0.3 1.5
3 0.3 1.5
42
1 5.02733 -0.00901168
1 -0.675369 -5.81637
1 0.247353 -0.931127
1 -5.23817 -1.01568
0 4.75501 2.04608
0 -0.698571 1.73959
0 -5.40465 1.58093
3 0.3 -1.5
3 -0.3 -1.5
3 -0.3 1.5
3 0.3 1.5
46
1 5.08328 -0.0139433
1 -0.649203 -5.84472
1 0.184536 -0.916153
1 -5.23221 -1.02042
0 4.51869 2.00167
0 -0.654236 1.75369
0 -5.39565 1.58986
3 0.3 -1.5
3 -0.3 -1.5
3 -0.3 1.5
3 0.3 1.5
50
1 3.82025 -5.31971
1 4.83758 -0.0116917
1 -0.668335 -5.82458
1 0.18445 -0.91014
1 -5.21467 -1.03101
0 4.518 2.0008
0 -0.654737 1.75284
0 -5.39621 1.58906
3 0.3 -1.5
3 -0.3 -1.5
3 -0.3 1.5
3 0.3 1.5
54
1 3.82411 -5.32227
1 4.84125 -0.0140021
1 -0.66522 -5.82662
1 0.187545 -0.912206
1 -5.21157 -1.03301
0 4.63328 2.02132
0 -0.765088 1.72771
0 -5.41952 1.56663
3 0.3 -1.5
3 -0.3 -1.5
3 -0.3 1.5
3 0.3 1.5
58
1 3.82562 -5.32136
1 4.92605 -0.0130953
1 -0.791205 -5.70462
1 0.173294 -0.910287
1 -5.20796 -1.03628
0 4.63401 2.02209
0 -0.764138 1.7287
0 -5.41854 1.56762
3 0.3 -1.5
3 -0.3 -1.5
3 -0.3 1.5
3 0.3 1.5
62
1 3.81532 -5.32549
1 5.01781 -0.0166998
1 -0.770562 -5.72575
1 0.140882 -0.906063
1 -5.18925 -1.04832
0 4.68556 2.03311
0 -0.735785 1.73833
0 -5.42057 1.56644
3 0.3 -1.5
3 -0.3 -1.5
3 -0.3 1.5
3 0.3 1.5
66
3 0.3 1.5
3 -0.3 1.5
3 -0.3 -1.5
3 0.3 -1.5
0 -5.4215 1.56554
0 -0.747311 1.73564
0 4.58451 2.01513
1 -5.17435 -1.05818
1 0.0644677 -0.894319
1 -0.763962 -5.72704
1 5.03571 -0.0178239
1 3.86194 -5.3449
70
3 0.3 1.5
3 -0.3 1.5
3 -0.3 -1.5
3 0.3 -1.5
0 -5.42144 1.56555
0 -0.747289 1.73561
0 4.58453 2.01511
1 -5.17118 -1.06012
1 -0.047215 -0.880734
1 -0.766326 -5.72143
1 5.058 -0.018781
1 3.90483 -5.36713
74
3 0.3 1.5
3 -0.3 1.5
3 -0.3 -1.5
3 0.3 -1.5
0 -5.43715 1.54884
0 -0.810769 1.71934
0 4.55712 2.00829
1 -5.16845 -1.06164
1 -0.128014 -0.872309
1 -0.750512 -5.73816
1 5.135 -0.0213109
1 3.93496 -5.37377
78
3 0.3 1.5
3 -0.3 1.5
3 -0.3 -1.5
3 0.3 -1.5
0 -5.44423 1.54113
0 -0.830084 1.71368
0 4.45421 1.98905
1 -5.16758 -1.06203
1 -0.127262 -0.87257
1 -0.749853 -5.73846
1 5.13559 -0.0215636
1 3.93583 -5.37413
82
3 0.3 1.5
3 -0.3 1.5
3 -0.3 -1.5
3 0.3 -1.5
0 -5.43772 1.54796
0 -0.843919 1.71209
0 4.36113 1.97524
1 -5.15208 -1.07216
1 -0.131787 -0.871978
1 -0.732411 -5.75711
1 5.1352 -0.0235668
1 3.93572 -5.37227
86
3 0.3 1.5
3 -0.3 1.5
3 -0.3 -1.5
3 0.3 -1.5
0 -5.43271 1.55363
0 -0.80112 1.72256
0 4.35413 1.97515
1 -5.15273 -1.07183
1 -0.132364 -0.871724
1 -0.732929 -5.75684
1 5.1347 -0.0233102
1 3.93518 -5.37201
90
0 3.05913 -7.36313
3 0.3 1.5
3 -0.3 1.5
3 -0.3 -1.5
3 0.3 -1.5
0 -5.43191 1.55443
0 -0.800513 1.72329
0 4.35483 1.97584
1 -5.13608 -1.0824
1 -0.245711 -0.855693
1 -0.741216 -5.75166
1 5.14627 -0.0241587
1 3.98435 -5.40594
94
0 3.05735 -7.36343
3 0.3 1.5
3 -0.3 1.5
3 -0.3 -1.5
3 0.3 -1.5
0 -5.38822 1.60251
0 -0.770407 1.73358
0 4.22156 1.95079
1 -5.13908 -1.08125
1 -0.246728 -0.85586
1 -0.742236 -5.75166
1 5.14574 -0.024478
1 3.98323 -5.4062
98
0 3.05683 -7.36388
3 0.3 1.5
3 -0.3 1.5
3 -0.3 -1.5
3 0.3 -1.5
0 -5.38869 1.60203
0 -0.770663 1.73321
0 4.22118 1.95038
1 -5.1393 -1.08065
1 -0.304584 -0.851391
1 -0.751219 -5.74433
1 5.14788 -0.0252083
1 3.93088 -5.38131
102
0 3.05737 -7.3649
3 0.3 1.5
3 -0.3 1.5
3 -0.3 -1.5
3 0.3 -1.5
0 -5.35267 1.64219
0 -0.759958 1.73588
0 4.22091 1.95144
1 -5.14398 -1.07808
1 -0.273713 -0.857043
1 -0.717374 -5.77994
1 5.18823 -0.0245741
1 3.93631 -5.38619
106
0 3.05716 -7.366
3 0.3 1.5
3 -0.3 1.5
3 -0.3 -1.5
3 0.3 -1.5
0 -5.34518 1.65065
0 -0.782264 1.73001
0 4.22382 1.95143
1 -5.13214 -1.08549
1 -0.298144 -0.854332
1 -0.742232 -5.75749
1 5.22504 -0.0271673
1 3.9533 -5.40452
110
0 3.05888 -7.36759
3 0.3 1.5
3 -0.3 1.5
3 -0.3 -1.5
3 0.3 -1.5
0 -5.31577 1.68394
0 -0.741253 1.73893
0 4.22857 1.95239
1 -5.13345 -1.08502
1 -0.297098 -0.855504
1 -0.741397 -5.75846
1 5.22602 -0.0283152
1 3.95428 -5.40586
114
0 3.06077 -7.36824
3 0.3 1.5
3 -0.3 1.5
3 -0.3 -1.5
3 0.3 -1.5
0 -5.29715 1.70541
0 -0.730803 1.74095
0 4.22919 1.94995
1 -5.1184 -1.09414
1 -0.288382 -0.858448
1 -0.779162 -5.7246
1 5.21249 -0.0318711
1 3.95534 -5.40677
118
0 3.05036 -7.35104
3 0.3 1.5
3 -0.3 1.5
3 -0.3 -1.5
3 0.3 -1.5
0 -5.27008 1.73846
0 -0.741727 1.74012
0 4.272 1.95949
1 -5.10386 -1.10371
1 -0.260384 -0.863238
1 -0.758755 -5.74677
1 5.17596 -0.0327245
1 2.20312 -4.50912
1 3.95514 -5.40614
122
0 3.04758 -7.34812
3 0.3 1.5
3 -0.3 1.5
3 -0.3 -1.5
3 0.3 -1.5
0 -5.28191 1.72831
0 -0.694578 1.73327
0 4.26934 1.96162
1 -5.08351 -1.11639
1 -0.245183 -0.86299
1 -0.765542 -5.74001
1 5.13896 -0.0309927
1 2.20165 -4.50628
1 3.99762 -5.42766
126
0 3.04757 -7.34751
3 0.3 1.5
3 -0.3 1.5
3 -0.3 -1.5
3 0.3 -1.5
0 -5.28181 1.72847
0 -0.694828 1.73301
0 4.26959 1.96199
1 -5.06758 -1.12669
1 -0.270331 -0.857468
1 -0.749528 -5.75847
1 5.06887 -0.0310039
1 2.20153 -4.50621
1 3.97934 -5.41551
130
0 3.04775 -7.34771
3 0.3 1.5
3 -0.3 1.5
3 -0.3 -1.5
3 0.3 -1.5
0 -5.28088 1.72929
0 -0.712304 1.73475
0 4.37871 1.96536
1 -5.06779 -1.12659
1 -0.270217 -0.857714
1 -0.749362 -5.75866
1 5.06909 -0.0312924
1 2.20168 -4.50651
1 3.97945 -5.41571
134
0 3.02378 -7.33279
3 0.3 1.5
3 -0.3 1.5
3 -0.3 -1.5
3 0.3 -1.5
0 -5.27894 1.73091
0 -0.715238 1.7365
0 4.36985 1.96524
1 -5.06951 -1.12577
1 -0.282205 -0.854688
1 -0.742361 -5.76807
1 5.07363 -0.0336709
1 2.31785 -4.55193
1 3.97935 -5.41635
138
0 3.02384 -7.33266
3 0.3 1.5
3 -0.3 1.5
3 -0.3 -1.5
3 0.3 -1.5
0 -5.27912 1.73078
0 -0.715342 1.73665
0 4.36978 1.96539
1 -5.06928 -1.12587
1 -0.265351 -0.857199
1 -0.766253 -5.74493
1 5.10003 -0.034257
1 2.42103 -4.61122
1 3.97938 -5.41626
142
0 3.02423 -7.33393
3 0.3 1.5
3 -0.3 1.5
3 -0.3 -1.5
3 0.3 -1.5
0 -5.27673 1.73279
0 -0.726753 1.73808
0 4.36099 1.96647
1 -5.07038 -1.12534
1 -0.265224 -0.858486
1 -0.765908 -5.74572
1 5.10068 -0.0357285
1 2.42168 -4.6138
1 3.97951 -5.4169
146
0 3.02367 -7.33419
3 0.3 1.5
3 -0.3 1.5
3 -0.3 -1.5
3 0.3 -1.5
0 -5.27661 1.73285
0 -0.710945 1.74444
0 4.34665 1.96564
1 -5.07183 -1.12459
1 -0.240872 -0.864101
1 -0.814954 -5.69503
1 5.13828 -0.0368489
1 2.42072 -4.61439
1 4.00584 -5.43196
150
0 3.02375 -7.3347
3 0.3 1.5
3 -0.3 1.5
3 -0.3 -1.5
3 0.3 -1.5
0 -5.27566 1.73365
0 -0.703771 1.74881
0 4.34282 1.96592
1 -5.07243 -1.12429
1 -0.241006 -0.864808
1 -0.814857 -5.69545
1 5.1385 -0.0376554
1 2.42059 -4.61539
1 4.00561 -5.43231
154
0 3.16414 -7.44142
3 0.3 1.5
3 -0.3 1.5
3 -0.3 -1.5
3 0.3 -1.5
0 -5.27358 1.73545
0 -0.716776 1.74666
0 4.33876 1.9664
1 -5.07115 -1.12507
1 -0.329705 -0.853395
1 -0.831849 -5.68042
1 5.15448 -0.0391362
1 2.42244 -4.61671
1 4.0016 -5.42783
158
0 3.24763 -7.51257
3 0.3 1.5
3 -0.3 1.5
3 -0.3 -1.5
3 0.3 -1.5
0 -5.27264 1.73626
0 -0.708265 1.75064
0 4.36623 1.97068
1 -5.07037 -1.12558
1 -0.346899 -0.850343
1 -0.826884 -5.69014
1 5.17145 -0.0398849
1 2.5428 -4.66823
1 4.00205 -5.4282
162
0 3.22675 -7.47212
3 0.3 1.5
3 -0.3 1.5
3 -0.3 -1.5
3 0.3 -1.5
0 -5.27261 1.73626
0 -0.708147 1.75047
0 4.36627 1.97048
1 -5.07064 -1.12539
1 -0.304408 -0.855948
1 -0.876404 -5.64558
1 5.20213 -0.0373718
1 2.53458 -4.66411
1 4.0566 -5.45702
166
0 3.22723 -7.47336
3 0.3 1.5
3 -0.3 1.5
3 -0.3 -1.5
3 0.3 -1.5
0 -5.27193 1.73684
0 -0.712483 1.75095
0 4.38084 1.97418
1 -5.07058 -1.12544
1 -0.30454 -0.856838
1 -0.875852 -5.64628
1 5.20249 -0.0383682
1 2.53466 -4.66522
1 4.05668 -5.45765
170
0 3.22794 -7.47528
3 0.3 1.5
3 -0.3 1.5
3 -0.3 -1.5
3 0.3 -1.5
0 -5.27089 1.73773
0 -0.698334 1.7587
0 4.31915 1.96157
1 -5.07045 -1.12554
1 -0.304786 -0.858217
1 -0.875006 -5.64735
1 5.20302 -0.0399089
1 2.53467 -4.66696
1 4.05646 -5.4582
174
0 3.22757 -7.47552
3 0.3 1.5
3 -0.3 1.5
3 -0.3 -1.5
3 0.3 -1.5
0 -5.27076 1.73783
0 -0.688613 1.76311
0 4.28233 1.95493
1 -5.0705 -1.12551
1 -0.289762 -0.861305
1 -0.875155 -5.64736
1 5.20371 -0.0407633
1 2.53425 -4.66725
1 4.11133 -5.48553
178
0 3.22641 -7.47528
3 0.3 1.5
3 -0.3 1.5
3 -0.3 -1.5
3 0.3 -1.5
0 -5.27086 1.73772
0 -0.672942 1.76897
0 4.28204 1.95476
1 -5.07077 -1.12535
1 -0.265342 -0.865708
1 -0.875885 -5.64696
1 5.18334 -0.0403954
1 2.53328 -4.66722
1 4.16374 -5.51254
182
0 3.22677 -7.47619
3 0.3 1.5
3 -0.3 1.5
3 -0.3 -1.5
3 0.3 -1.5
0 -5.27037 1.73814
0 -0.671662 1.7706
0 4.29543 1.95911
1 -5.07071 -1.1254
1 -0.265765 -0.866626
1 -0.875472 -5.64748
1 5.18364 -0.041442
1 2.5333 -4.66804
1 4.16345 -5.51294
186
0 3.22966 -7.47726
3 0.3 1.5
3 -0.3 1.5
3 -0.3 -1.5
3 0.3 -1.5
0 -5.26977 1.73866
0 -0.669717 1.7706
0 4.29681 1.95903
1 -5.06988 -1.12591
1 -0.337473 -0.856311
1 -0.873512 -5.64872
1 5.15371 -0.0405003
1 2.53558 -4.66856
1 4.24923 -5.56134
190
0 3.23111 -7.4784
3 0.3 1.5
3 -0.3 1.5
3 -0.3 -1.5
3 0.3 -1.5
0 -5.26914 1.73921
0 -0.669603 1.77137
0 4.29772 1.96064
1 -5.06945 -1.12617
1 -0.343943 -0.856117
1 -0.872381 -5.64961
1 5.03952 -0.0406655
1 2.53652 -4.6694
1 4.24921 -5.5619
194
0 3.2308 -7.47863
3 0.3 1.5
3 -0.3 1.5
3 -0.3 -1.5
3 0.3 -1.5
0 -5.26898 1.73933
0 -0.649818 1.77852
0 4.29809 1.96008
1 -5.06957 -1.12611
1 -0.344834 -0.856802
1 -0.872523 -5.64965
1 5.03937 -0.0414428
1 2.53617 -4.66968
1 4.24806 -5.56193
198
0 6.47509 2.00517
0 3.31786 -7.53248
3 0.3 1.5
3 -0.3 1.5
3 -0.3 -1.5
3 0.3 -1.5
0 -5.26881 1.73948
0 -0.658021 1.77664
0 4.29857 1.95944
1 -5.0696 -1.12606
1 -0.353409 -0.855536
1 -0.87262 -5.64966
1 5.0676 -0.0425796
1 2.53583 -4.66996
1 4.23909 -5.55788
202
0 6.51832 1.99549
0 3.31862 -7.53205
3 0.3 1.5
3 -0.3 1.5
3 -0.3 -1.5
3 0.3 -1.5
0 -5.26842 1.73984
0 -0.687305 1.76913
0 4.32549 1.96457
1 -5.06903 -1.12638
1 -0.353321 -0.856056
1 -0.871369 -5.6505
1 5.08541 -0.0446392
1 2.53708 -4.6705
1 4.21388 -5.54397
206
0 6.34061 2.04082
0 3.31942 -7.5325
3 0.3 1.5
3 -0.3 1.5
3 -0.3 -1.5
3 0.3 -1.5
0 -5.26826 1.73998
0 -0.693053 1.76821
0 4.32633 1.96428
1 -5.06875 -1.12653
1 -0.35317 -0.856547
1 -0.87081 -5.65086
1 5.08595 -0.0451862
1 2.53766 -4.67068
1 4.21417 -5.54424
210
0 6.34158 2.03841
0 3.3093 -7.5069
3 0.3 1.5
3 -0.3 1.5
3 -0.3 -1.5
3 0.3 -1.5
0 -5.26792 1.74027
0 -0.69136 1.76778
0 4.32705 1.96375
1 -5.06849 -1.12677
1 -0.439487 -0.844684
1 -0.870485 -5.65122
1 5.05162 -0.0484463
1 2.63801 -4.6959
1 4.20732 -5.54125
214
0 6.33713 2.0337
0 3.41557 -7.58092
3 0.3 1.5
3 -0.3 1.5
3 -0.3 -1.5
3 0.3 -1.5
0 -5.26815 1.74007
0 -0.687464 1.76985
0 4.31138 1.96347
1 -5.06862 -1.12674
1 -0.424882 -0.847862
1 -0.871561 -5.65061
1 5.08256 -0.0524796
1 2.78639 -4.75542
1 4.20082 -5.53988
218
0 6.34925 2.06801
0 2.60865 1.65787
0 3.4203 -7.58355
3 0.3 1.5
3 -0.3 1.5
3 -0.3 -1.5
3 0.3 -1.5
0 -5.26779 1.7404
0 -0.713879 1.76378
0 4.31413 1.96295
1 -5.06776 -1.12722
1 -0.423248 -0.849276
1 -0.869777 -5.65166
1 5.08468 -0.0537565
1 2.78054 -4.75035
1 4.20394 -5.54104
222
0 6.34987 2.06494
0 2.60958 1.65728
0 3.41612 -7.58081
3 0.3 1.5
3 -0.3 1.5
3 -0.3 -1.5
3 0.3 -1.5
0 -5.26768 1.74048
0 -0.697894 1.76898
0 4.33357 1.96889
1 -5.06782 -1.12719
1 -0.424705 -0.850061
1 -0.869842 -5.6517
1 5.08439 -0.0545882
1 2.77792 -4.75006
1 4.20261 -5.54098
226
0 6.2234 2.083
0 2.60959 1.65466
0 3.41245 -7.57952
3 0.3 1.5
3 -0.3 1.5
3 -0.3 -1.5
3 0.3 -1.5
0 -5.2676 1.74053
0 -0.664214 1.77966
0 4.32438 1.96942
1 -5.06802 -1.1271
1 -0.427207 -0.850929
1 -0.870156 -5.65159
1 5.08364 -0.0555235
1 2.7732 -4.74922
1 4.20035 -5.54067
230
1 6.15074 -3.28043
0 6.2209 2.08196
0 2.60982 1.65512
0 3.41331 -7.57983
3 0.3 1.5
3 -0.3 1.5
3 -0.3 -1.5
3 0.3 -1.5
0 -5.2676 1.74054
0 -0.664464 1.77983
0 4.32437 1.96958
1 -5.06793 -1.12715
1 -0.424805 -0.851314
1 -0.87003 -5.65165
1 5.07047 -0.056764
1 2.77418 -4.74941
1 4.20092 -5.54076
234
1 6.78781 -3.27759
0 6.21919 2.08416
0 2.60869 1.6572
0 3.4666 -7.61842
3 0.3 1.5
3 -0.3 1.5
3 -0.3 -1.5
3 0.3 -1.5
0 -5.26775 1.74042
0 -0.668556 1.78195
0 4.3602 1.96233
1 -5.06778 -1.12721
1 -0.414385 -0.852416
1 -0.869909 -5.6516
1 5.04069 -0.0551657
1 2.77416 -4.74885
1 4.20697 -5.54457
238
1 6.90303 -3.44726
0 6.2205 2.08214
0 2.60975 1.65561
0 3.54395 -7.67715
3 0.3 1.5
3 -0.3 1.5
3 -0.3 -1.5
3 0.3 -1.5
0 -5.2676 1.74052
0 -0.658649 1.78506
0 4.36447 1.96519
1 -5.06767 -1.12731
1 -0.417038 -0.852034
1 -0.869732 -5.65177
1 5.05608 -0.0558963
1 2.77364 -4.749
1 4.21037 -5.55185
242
1 6.90058 -3.44793
0 6.21961 2.08213
0 2.6091 1.65566
0 3.51419 -7.64497
3 0.3 1.5
3 -0.3 1.5
3 -0.3 -1.5
3 0.3 -1.5
0 -5.26765 1.74048
0 -0.659374 1.785
0 4.36406 1.96519
1 -5.06768 -1.12729
1 -0.413543 -0.852305
1 -0.869855 -5.65167
1 5.07488 -0.0568237
1 2.77279 -4.7487
1 4.2179 -5.55869
246
1 6.90503 -3.45296
0 6.22441 2.07936
0 2.61278 1.6539
0 3.51699 -7.64701
3 0.3 1.5
3 -0.3 1.5
3 -0.3 -1.5
3 0.3 -1.5
0 -5.26742 1.74068
0 -0.655746 1.78671
0 4.3502 1.96624
1 -5.06728 -1.12752
1 -0.41401 -0.853648
1 -0.869095 -5.65215
1 5.07603 -0.0584106
1 2.7743 -4.74946
1 4.21809 -5.55908
250
1 6.90662 -3.45658
0 6.13886 2.03203
0 2.61456 1.65187
0 3.51682 -7.64757
3 0.3 1.5
3 -0.3 1.5
3 -0.3 -1.5
3 0.3 -1.5
0 -5.26721 1.74086
0 -0.651125 1.78725
0 4.33091 1.96462
1 -5.06731 -1.12752
1 -0.429849 -0.850562
1 -0.868898 -5.65238
1 5.07621 -0.0597435
1 2.7741 -4.74987
1 4.19394 -5.54815
254
0 8.65562 1.8605
1 6.91197 -3.4574
0 6.06721 1.99503
0 2.61726 1.65162
0 3.52311 -7.65088
3 0.3 1.5
3 -0.3 1.5
3 -0.3 -1.5
3 0.3 -1.5
0 -5.26712 1.74095
0 -0.679022 1.77868
0 4.34895 1.96926
1 -5.06695 -1.12771
1 -0.426854 -0.850956
1 -0.868255 -5.65273
1 5.07791 -0.0599591
1 2.77704 -4.75073
1 4.1987 -5.54987
258
0 8.70506 1.91722
1 6.81977 -3.55931
0 6.06492 1.97479
0 2.61611 1.65021
0 3.51855 -7.64889
3 0.3 1.5
3 -0.3 1.5
3 -0.3 -1.5
3 0.3 -1.5
0 -5.2672 1.74089
0 -0.675844 1.78016
0 4.34303 1.97091
1 -5.06682 -1.12783
1 -0.411331 -0.854756
1 -0.868557 -5.65258
1 5.0539 -0.0603419
1 2.91771 -4.80939
1 4.19447 -5.54875
262
0 8.70396 1.92015
1 6.80937 -3.55366
0 6.06431 1.97606
0 2.61615 1.65088
0 3.51924 -7.64896
3 0.3 1.5
3 -0.3 1.5
3 -0.3 -1.5
3 0.3 -1.5
0 -5.26726 1.74083
0 -0.677663 1.7803
0 4.34225 1.97141
1 -5.06666 -1.12793
1 -0.396761 -0.8573
1 -0.868404 -5.65263
1 5.06957 -0.0605944
1 2.91294 -4.80544
1 4.23662 -5.57319
266
0 8.70704 1.91925
1 6.69425 -3.59938
0 6.06618 1.9753
0 2.61683 1.65031
0 3.5203 -7.64965
3 0.3 1.5
3 -0.3 1.5
3 -0.3 -1.5
3 0.3 -1.5
0 -5.26724 1.74084
0 -0.671629 1.78303
0 4.34531 1.97497
1 -5.0665 -1.12801
1 -0.380109 -0.861386
1 -0.868264 -5.6527
1 5.07531 -0.0616451
1 2.91425 -4.80603
1 4.23604 -5.57241
270
0 8.70957 1.91757
1 6.68287 -3.59549
0 6.1583 1.96258
0 2.61788 1.64938
0 3.52142 -7.65045
3 0.3 1.5
3 -0.3 1.5
3 -0.3 -1.5
3 0.3 -1.5
0 -5.26715 1.74092
0 -0.672889 1.78272
0 4.36023 1.97979
1 -5.0664 -1.12807
1 -0.379895 -0.861938
1 -0.868081 -5.65284
1 5.07581 -0.0622564
1 2.91495 -4.8065
1 4.23679 -5.57292
274
0 4.88981 -8.97863
0 8.70632 1.91787
1 6.67961 -3.59459
0 6.15628 1.96316
0 2.61745 1.65019
0 3.52012 -7.64938
3 0.3 1.5
3 -0.3 1.5
3 -0.3 -1.5
3 0.3 -1.5
0 -5.26724 1.74083
0 -0.675949 1.78258
0 4.35873 1.98006
1 -5.06617 -1.1282
1 -0.347974 -0.867298
1 -0.867959 -5.65284
1 5.05275 -0.0601666
1 2.91313 -4.80547
1 4.2859 -5.60197
278
0 4.88882 -8.9816
0 8.70636 1.91508
1 6.6786 -3.59639
0 6.15695 1.96126
0 2.61793 1.64923
0 3.51918 -7.64918
3 0.3 1.5
3 -0.3 1.5
3 -0.3 -1.5
3 0.3 -1.5
0 -5.26714 1.7409
0 -0.65586 1.78907
0 4.35625 1.98196
1 -5.06617 -1.12821
1 -0.35145 -0.867995
1 -0.86792 -5.65291
1 5.05203 -0.0612572
1 2.91143 -4.80515
1 4.28434 -5.60209
282
0 4.88529 -8.98192
1 8.52972 -1.25053
0 8.70257 1.91367
1 6.59731 -3.63263
0 6.15403 1.96092
0 2.61675 1.64911
0 3.59678 -7.70167
3 0.3 1.5
3 -0.3 1.5
3 -0.3 -1.5
3 0.3 -1.5
0 -5.26723 1.74082
0 -0.661197 1.78797
0 4.35393 1.98191
1 -5.06615 -1.1282
1 -0.340064 -0.869112
1 -0.868106 -5.65275
1 5.05858 -0.0642609
1 2.90757 -4.80377
1 4.30979 -5.61694
286
0 4.8835 -8.98153
1 8.4665 -1.25367
0 8.7013 1.91401
1 6.59293 -3.67701
0 6.15302 1.961
0 2.61675 1.64911
0 3.59488 -7.70054
3 0.3 1.5
3 -0.3 1.5
3 -0.3 -1.5
3 0.3 -1.5
0 -5.26729 1.74076
0 -0.662393 1.78783
0 4.35326 1.98192
1 -5.06613 -1.12823
1 -0.325451 -0.87116
1 -0.868187 -5.65269
1 5.07686 -0.0632015
1 2.90673 -4.80344
1 4.32393 -5.62777
290
0 4.89061 -8.98659
1 8.47406 -1.26149
0 8.70711 1.91068
1 6.57738 -3.67292
0 6.15832 1.95887
0 2.61835 1.64832
0 3.59864 -7.7029
3 0.3 1.5
3 -0.3 1.5
3 -0.3 -1.5
3 0.3 -1.5
0 -5.26711 1.74091
0 -0.649843 1.79152
0 4.32851 1.98372
1 -5.06585 -1.12839
1 -0.327642 -0.872378
1 -0.867703 -5.653
1 5.07821 -0.0654899
1 2.90894 -4.80441
1 4.32548 -5.62882
294
1 8.12544 -4.58471
0 4.89076 -8.98807
1 8.47403 -1.26428
0 8.86803 1.97139
1 6.57565 -3.6739
0 6.15902 1.95804
0 2.61835 1.64832
0 3.59802 -7.70261
3 0.3 1.5
3 -0.3 1.5
3 -0.3 -1.5
3 0.3 -1.5
0 -5.26704 1.74096
0 -0.641297 1.79395
0 4.32147 1.98378
1 -5.06584 -1.12842
1 -0.335149 -0.870523
1 -0.867622 -5.6531
1 5.09583 -0.0682272
1 2.90866 -4.80442
1 4.33474 -5.63748
298
1 8.13401 -4.58812
0 4.89405 -8.98795
1 8.47785 -1.26511
0 8.98944 2.03186
1 6.57785 -3.67371
0 6.16049 1.95871
0 2.61835 1.64832
0 3.60099 -7.70421
3 0.3 1.5
3 -0.3 1.5
3 -0.3 -1.5
3 0.3 -1.5
0 -5.26707 1.74094
0 -0.65632 1.78894
0 4.33769 1.98774
1 -5.06577 -1.12845
1 -0.333536 -0.870439
1 -0.867526 -5.65312
1 5.09703 -0.068407
1 2.91075 -4.805
1 4.3389 -5.63902
302
1 8.16597 -4.63845
0 4.8899 -8.98608
1 8.68257 -1.24893
0 8.98581 2.06514
1 6.57133 -3.67164
0 5.97987 1.98219
0 2.61776 1.65057
0 3.59822 -7.70168
3 0.3 1.5
3 -0.3 1.5
3 -0.3 -1.5
3 0.3 -1.5
0 -5.26723 1.74084
0 -0.656173 1.79028
0 4.33666 1.988
1 -5.06535 -1.12868
1 -0.325674 -0.873017
1 -0.8674 -5.65305
1 5.09629 -0.0700153
1 3.17178 -4.93137
1 4.33164 -5.6354
306
1 8.16338 -4.64185
0 4.88945 -8.98723
1 8.68604 -1.25183
0 9.04856 2.08428
1 6.56876 -3.67197
0 5.90031 2.01168
0 2.61776 1.65057
0 3.59722 -7.70099
3 0.3 1.5
3 -0.3 1.5
3 -0.3 -1.5
3 0.3 -1.5
0 -5.26725 1.74081
0 -0.638762 1.7961
0 4.33797 1.98746
1 -5.06544 -1.12866
1 -0.331379 -0.872806
1 -0.867442 -5.65304
1 5.09497 -0.0708389
1 3.15288 -4.9189
1 4.32794 -5.63391
310
1 8.59 -4.64647
0 4.88578 -8.98665
1 8.73021 -1.40606
0 9.043 2.08401
1 6.56481 -3.67122
0 5.89107 2.00919
0 2.61677 1.65169
0 3.59416 -7.69891
3 0.3 1.5
3 -0.3 1.5
3 -0.3 -1.5
3 0.3 -1.5
0 -5.26736 1.74075
0 -0.645759 1.79477
0 4.33552 1.98758
1 -5.06524 -1.12878
1 -0.327166 -0.873665
1 -0.867457 -5.65296
1 5.1375 -0.0734573
1 3.34823 -5.01298
1 4.31904 -5.63026
314
1 8.8812 -4.57725
0 4.88675 -8.98628
1 8.77901 -1.50351
0 9.0433 2.08451
1 6.5661 -3.67094
0 5.89129 2.00945
0 2.61677 1.65169
0 3.59539 -7.69953
3 0.3 1.5
3 -0.3 1.5
3 -0.3 -1.5
3 0.3 -1.5
0 -5.26736 1.74074
0 -0.646256 1.79471
0 4.33561 1.98779
1 -5.06519 -1.12882
1 -0.319514 -0.874999
1 -0.867351 -5.65304
1 5.12969 -0.0726102
1 3.33629 -5.00418
1 4.31296 -5.62884
318
1 8.86742 -4.56759
0 4.88763 -8.9859
1 8.78557 -1.54012
0 8.80848 2.05386
1 6.56702 -3.67056
0 5.89365 2.00946
0 2.61677 1.65169
0 3.59644 -7.70004
3 0.3 1.5
3 -0.3 1.5
3 -0.3 -1.5
3 0.3 -1.5
0 -5.26739 1.74072
0 -0.657264 1.79063
0 4.35137 1.99353
1 -5.06514 -1.12885
1 -0.314621 -0.875057
1 -0.8673 -5.65305
1 5.11553 -0.074345
1 3.33945 -5.00554
1 4.32038 -5.63353
322
1 8.69671 -4.54108
0 4.88855 -8.9825
1 8.78197 -1.53103
0 8.80588 2.05839
1 6.56951 -3.66811
0 5.89248 2.01259
0 2.61728 1.65343
0 3.59947 -7.70113
3 0.3 1.5
3 -0.3 1.5
3 -0.3 -1.5
3 0.3 -1.5
0 -5.26748 1.74064
0 -0.665642 1.78958
0 4.34851 1.9952
1 -5.0649 -1.12898
1 -0.293948 -0.876405
1 -0.867009 -5.65313
1 5.10382 -0.0882902
1 3.34691 -5.00774
1 4.32053 -5.63314
326
1 8.70606 -4.54562
0 4.88966 -8.98332
1 8.78484 -1.53338
0 8.80839 2.05693
1 6.57094 -3.66907
0 6.03565 2.00635
0 2.61812 1.65238
0 3.60015 -7.70176
3 0.3 1.5
3 -0.3 1.5
3 -0.3 -1.5
3 0.3 -1.5
0 -5.26738 1.74072
0 -0.669957 1.78721
0 4.35953 2.00366
1 -5.06482 -1.12902
1 -0.292959 -0.87704
1 -0.86687 -5.65325
1 5.10426 -0.0893837
1 3.3485 -5.00874
1 4.32236 -5.63429
330
1 8.86233 -4.49871
0 4.88975 -8.98365
1 8.87207 -1.52362
0 8.80681 2.05524
1 6.57058 -3.66927
0 6.03722 2.00577
0 2.92791 1.72555
0 3.60006 -7.7016
3 0.3 1.5
3 -0.3 1.5
3 -0.3 -1.5
3 0.3 -1.5
0 -5.26735 1.74075
0 -0.662428 1.79022
0 4.36032 2.00292
1 -5.06474 -1.12907
1 -0.296505 -0.877187
1 -0.866699 -5.65334
1 5.11574 -0.0900116
1 3.34363 -5.00657
1 4.31017 -5.62741
334
1 8.7089 -4.44681
0 4.89032 -8.98258
1 8.95447 -1.50744
0 8.80699 2.05644
1 6.57169 -3.66861
0 6.03725 2.00645
0 2.93477 1.72766
0 3.6013 -7.70214
3 0.3 1.5
3 -0.3 1.5
3 -0.3 -1.5
3 0.3 -1.5
0 -5.26736 1.74075
0 -0.66351 1.79025
0 4.35998 2.00326
1 -5.06463 -1.12913
1 -0.2859 -0.879278
1 -0.866577 -5.6534
1 5.10632 -0.0896359
1 3.34533 -5.00702
1 4.29346 -5.61881
338
0 7.11182 -6.18463
1 8.71851 -4.4434
0 4.89213 -8.97939
1 8.83751 -1.4779
0 8.808 2.06141
1 6.58512 -3.6817
0 6.0367 2.00968
0 2.92731 1.73087
0 3.60493 -7.70362
3 0.3 1.5
3 -0.3 1.5
3 -0.3 -1.5
3 0.3 -1.5
0 -5.26743 1.74069
0 -0.670869 1.78916
0 4.35735 2.00506
1 -5.0643 -1.12929
1 -0.261572 -0.882851
1 -0.866233 -5.6535
1 5.08482 -0.0960859
1 3.3528 -5.00927
1 4.3024 -5.62316
342
0 10.6901 2.32522
0 7.11506 -6.1938
1 8.72112 -4.45155
0 4.89599 -8.98286
1 8.83919 -1.4872
0 8.81003 2.07657
1 6.57828 -3.68263
0 6.04284 2.00601
0 2.94271 1.72665
0 3.60683 -7.705
3 0.3 1.5
3 -0.3 1.5
3 -0.3 -1.5
3 0.3 -1.5
0 -5.26721 1.74087
0 -0.642576 1.79885
0 4.34248 2.00566
1 -5.06411 -1.12941
1 -0.268757 -0.883168
1 -0.865834 -5.6538
1 5.08161 -0.100965
1 3.35222 -5.00951
1 4.29859 -5.6221
346
0 10.6806 2.32353
0 7.10422 -6.18932
1 8.73422 -4.46435
0 4.8942 -8.98096
1 8.8335 -1.48509
0 8.80577 2.07776
1 6.56799 -3.67908
0 6.04034 2.00753
0 2.93806 1.72705
0 3.60621 -7.70431
3 0.3 1.5
3 -0.3 1.5
3 -0.3 -1.5
3 0.3 -1.5
0 -5.26735 1.74075
0 -0.652875 1.7964
0 4.33889 2.00607
1 -5.06382 -1.12961
1 -0.254839 -0.886951
1 -0.865799 -5.65377
1 5.09688 -0.100169
1 3.43119 -5.03531
1 4.29177 -5.61829
350
1 4.28871 -5.61733
1 3.42759 -5.03408
1 5.09355 -0.103864
1 -0.865511 -5.65398
1 -0.260838 -0.88696
1 -5.0637 -1.12969
0 4.32985 2.00533
0 -0.6309 1.80423
0 -5.26719 1.74088
3 0.3 -1.5
3 -0.3 -1.5
3 -0.3 1.5
3 0.3 1.5
0 3.60764 -7.70533
0 2.9479 1.72411
0 6.0446 2.00494
1 6.56372 -3.67985
0 8.80946 2.07287
1 8.95771 -1.47195
0 4.89709 -8.98351
1 8.70826 -4.49387
0 7.10579 -6.19511
0 10.5993 2.34015
1 9.98771 -3.3091
354
1 4.28844 -5.61735
1 3.42714 -5.03405
1 5.09265 -0.105313
1 -0.865361 -5.65409
1 -0.262015 -0.887116
1 -5.06362 -1.12973
0 4.30563 2.00419
0 -0.624617 1.80577
0 -5.26712 1.74094
3 0.3 -1.5
3 -0.3 -1.5
3 -0.3 1.5
3 0.3 1.5
0 3.60841 -7.70583
0 2.95195 1.72307
0 6.04637 2.00402
1 6.56263 -3.68018
0 8.81134 2.07101
1 8.95896 -1.47389
0 4.89828 -8.98433
1 8.70872 -4.49606
0 7.10705 -6.19741
0 10.5877 2.37013
1 9.98622 -3.3141
358
1 4.28682 -5.61679
1 3.42666 -5.03403
1 5.10832 -0.103762
1 -0.865404 -5.65407
1 -0.263069 -0.887294
1 -5.06364 -1.12972
0 4.30615 2.00403
0 -0.62313 1.80622
0 -5.26712 1.74094
3 0.3 -1.5
3 -0.3 -1.5
3 -0.3 1.5
3 0.3 1.5
0 3.60781 -7.70554
0 2.95325 1.72251
0 6.04631 2.00362
1 6.56177 -3.68039
0 8.81118 2.07036
1 8.95807 -1.44765
0 4.89784 -8.98462
1 8.60202 -4.50725
0 7.24447 -6.30515
0 10.5879 2.36876
1 10.0764 -3.54761
1 10.7515 -1.5528
362
1 4.28676 -5.61682
1 3.42691 -5.03423
1 5.0575 -0.101989
1 -0.865329 -5.65413
1 -0.263467 -0.887372
1 -5.06362 -1.12974
0 4.30812 2.00365
0 -0.619869 1.80708
0 -5.26706 1.74099
3 0.3 -1.5
3 -0.3 -1.5
3 -0.3 1.5
3 0.3 1.5
0 3.60827 -7.70584
0 2.95543 1.72194
0 6.04714 2.00322
1 6.56138 -3.68055
0 8.81214 2.06959
1 8.96711 -1.42704
0 4.89848 -8.98496
1 8.56731 -4.5143
0 7.24728 -6.30719
0 10.5896 2.36649
1 9.99752 -3.60493
1 10.7511 -1.55269
366
1 4.28631 -5.61673
1 3.42712 -5.03446
1 5.03804 -0.100027
1 -0.865312 -5.65415
1 -0.263608 -0.887624
1 -5.06362 -1.12974
0 4.30885 2.00351
0 -0.618207 1.80742
0 -5.26703 1.74101
3 0.3 -1.5
3 -0.3 -1.5
3 -0.3 1.5
3 0.3 1.5
0 3.6082 -7.70585
0 2.95671 1.72153
0 6.04755 2.00283
1 6.56132 -3.68085
0 8.81254 2.06898
1 8.96974 -1.42731
0 4.89862 -8.98534
1 8.5178 -4.50711
0 7.25163 -6.30902
0 10.5909 2.36624
1 9.84822 -3.6654
1 10.6676 -1.72097
370
1 4.28489 -5.61645
1 3.42586 -5.03428
1 5.03435 -0.103667
1 -0.865131 -5.65429
1 -0.266107 -0.887983
1 -5.06352 -1.1298
0 4.31109 2.0114
0 -0.609078 1.80942
0 -5.26692 1.7411
3 0.3 -1.5
3 -0.3 -1.5
3 -0.3 1.5
3 0.3 1.5
0 3.6089 -7.70642
0 2.96317 1.71962
0 6.05012 2.00111
1 6.55926 -3.68158
0 8.81511 2.06581
1 8.96977 -1.43247
0 4.90014 -8.98691
1 8.51567 -4.51153
0 7.2522 -6.31377
0 10.6006 2.31928
1 9.83596 -3.66781
1 10.6655 -1.732
374
1 4.28627 -5.61711
1 3.42713 -5.03489
1 5.02891 -0.103439
1 -0.864865 -5.65446
1 -0.264944 -0.888376
1 -5.06335 -1.1299
0 4.29223 2.0115
0 -0.606725 1.80957
0 -5.2668 1.74119
3 0.3 -1.5
3 -0.3 -1.5
3 -0.3 1.5
3 0.3 1.5
0 3.61004 -7.7071
0 2.96474 1.71902
0 6.18523 2.00866
1 6.56057 -3.68218
0 8.81661 2.06513
1 8.97104 -1.43333
0 4.90146 -8.9875
1 8.51653 -4.51227
0 7.25347 -6.31453
0 10.6024 2.31767
1 9.83737 -3.66938
1 10.6671 -1.73403
378
1 4.2861 -5.61719
1 3.42688 -5.03494
1 5.03877 -0.104969
1 -0.864749 -5.65455
1 -0.265645 -0.888618
1 -5.06328 -1.12994
0 4.27284 2.01156
0 -0.602196 1.81053
0 -5.26674 1.74124
3 0.3 -1.5
3 -0.3 -1.5
3 -0.3 1.5
3 0.3 1.5
0 3.61057 -7.70747
0 2.96775 1.7182
0 6.18749 2.00746
1 6.55999 -3.68258
0 8.81808 2.06361
1 8.94181 -1.44891
0 4.90243 -8.98834
1 8.62828 -4.5446
0 7.25394 -6.31676
0 10.5658 2.33281
1 9.86529 -3.68557
1 10.765 -1.80204
382
1 4.28967 -5.61848
1 3.43045 -5.03621
1 5.06625 -0.109454
1 -0.864617 -5.65459
1 -0.26175 -0.888854
1 -5.06319 -1.12998
0 4.25986 2.00962
0 -0.602477 1.81069
0 -5.26677 1.74122
3 0.3 -1.5
3 -0.3 -1.5
3 -0.3 1.5
3 0.3 1.5
0 3.61177 -7.70795
0 2.9671 1.71907
0 6.18662 2.00915
1 6.56299 -3.68246
0 8.81895 2.06491
1 8.94703 -1.4462
0 4.90322 -8.98768
1 8.63016 -4.55684
0 7.25856 -6.3157
0 10.5678 2.33923
1 10.0188 -3.69236
1 10.8841 -1.91569
386
1 4.2905 -5.61891
1 3.43133 -5.03671
1 5.06064 -0.113303
1 -0.864361 -5.65476
1 -0.262201 -0.889041
1 -5.06306 -1.13006
0 4.22528 2.0078
0 -0.593214 1.81321
0 -5.26667 1.74131
3 0.3 -1.5
3 -0.3 -1.5
3 -0.3 1.5
3 0.3 1.5
0 3.61336 -7.70887
0 2.97334 1.71773
0 6.19259 2.0068
1 6.56227 -3.68267
0 8.80747 2.0982
1 8.94664 -1.45083
0 4.90503 -8.98824
1 8.62802 -4.56055
0 7.2605 -6.31935
0 10.6721 2.30426
1 10.0293 -3.70363
1 10.8907 -1.93175
390
1 4.29049 -5.61895
1 3.43121 -5.03675
1 5.00738 -0.111583
1 -0.863863 -5.65511
1 -0.263509 -0.889202
1 -5.06299 -1.13009
0 4.2103 2.00647
0 -0.584726 1.81722
0 -5.26635 1.74159
3 0.3 -1.5
3 -0.3 -1.5
3 -0.3 1.5
3 0.3 1.5
0 3.61546 -7.71011
0 2.97756 1.71626
0 6.19758 2.00448
1 6.56186 -3.68331
0 8.82919 2.09757
1 9.05308 -1.45154
0 4.90751 -8.98944
1 8.62062 -4.56404
0 7.36412 -6.4016
0 10.6772 2.29493
1 9.92762 -3.71954
1 11.0673 -2.02985
394
1 4.2906 -5.61905
1 3.43135 -5.03687
1 5.00455 -0.113366
1 -0.863778 -5.65517
1 -0.26382 -0.889291
1 -5.06294 -1.13012
0 4.20615 2.00796
0 -0.581382 1.8181
0 -5.26631 1.74162
3 0.3 -1.5
3 -0.3 -1.5
3 -0.3 1.5
3 0.3 1.5
0 3.61594 -7.71041
0 2.97975 1.71574
0 6.19987 2.0035
1 6.56149 -3.68342
0 8.82387 2.10916
1 9.05192 -1.45358
0 4.90751 -8.98944
1 8.61861 -4.56554
0 7.36437 -6.40291
0 10.6802 2.28976
1 9.92885 -3.72373
1 11.0724 -2.03718
398
1 4.28939 -5.61854
1 3.4298 -5.03622
1 5.02256 -0.116079
1 -0.863762 -5.65519
1 -0.266005 -0.888929
1 -5.06294 -1.13013
0 4.21176 2.01134
0 -0.579744 1.81848
0 -5.26629 1.74163
3 0.3 -1.5
3 -0.3 -1.5
3 -0.3 1.5
3 0.3 1.5
0 3.61604 -7.71052
0 2.98119 1.71512
0 6.20098 2.00259
1 6.55973 -3.68325
0 8.82358 2.10558
1 9.10505 -1.44445
0 4.90751 -8.98944
1 8.69461 -4.59499
0 7.35889 -6.40232
0 10.6467 2.2623
1 9.8766 -3.74581
1 11.058 -2.09018
402
1 10.8105 -5.73408
0 12.2633 0.117568
1 4.29032 -5.61877
1 3.43048 -5.03633
1 5.01178 -0.116236
1 -0.863768 -5.65518
1 -0.265111 -0.888723
1 -5.06294 -1.13012
0 4.21295 2.00998
0 -0.581934 1.81805
0 -5.26631 1.74162
3 0.3 -1.5
3 -0.3 -1.5
3 -0.3 1.5
3 0.3 1.5
0 3.61628 -7.71058
0 2.97963 1.71567
0 6.20045 2.00289
1 6.56044 -3.68293
0 8.82019 2.10186
1 9.17332 -1.43477
0 4.90828 -8.98932
1 8.68297 -4.59152
0 7.3497 -6.39671
0 10.64 2.25741
1 9.99971 -3.75707
1 11.1228 -2.08764
406
1 10.8082 -5.73563
0 12.2184 0.122576
1 4.2911 -5.61911
1 3.43126 -5.03668
1 5.00787 -0.118332
1 -0.863643 -5.65526
1 -0.264815 -0.888827
1 -5.06287 -1.13016
0 4.19707 2.00923
0 -0.578273 1.81905
0 -5.26626 1.74165
3 0.3 -1.5
3 -0.3 -1.5
3 -0.3 1.5
3 0.3 1.5
0 3.6171 -7.71103
0 2.98198 1.71523
0 6.20289 2.0021
1 6.56054 -3.683
0 8.90676 2.12919
1 9.1712 -1.4371
0 4.90913 -8.98946
1 8.68211 -4.593
0 7.35056 -6.39813
0 10.6444 2.25139
1 10.0051 -3.7623
1 11.1254 -2.09466
410
1 10.5998 -5.58767
0 9.69357 -8.08884
0 12.2119 0.120179
1 4.29224 -5.61946
1 3.43219 -5.03693
1 5.00645 -0.11899
1 -0.863624 -5.65526
1 -0.263765 -0.888696
1 -5.06286 -1.13017
0 4.18732 2.00641
0 -0.57927 1.81897
0 -5.26628 1.74164
3 0.3 -1.5
3 -0.3 -1.5
3 -0.3 1.5
3 0.3 1.5
0 3.61744 -7.71115
0 2.98115 1.71565
0 6.2025 2.00247
1 6.56127 -3.68276
0 8.89208 2.12585
1 9.23594 -1.42873
0 4.90921 -8.989
1 8.64307 -4.58673
0 7.34554 -6.39449
0 10.6412 2.25054
1 10.1815 -3.79341
1 10.9912 -2.10969
414
1 11.0456 -5.57237
0 9.53311 -7.99701
0 12.0872 0.122078
1 4.29104 -5.61902
1 3.43095 -5.03649
1 4.9809 -0.118552
1 -0.863602 -5.65529
1 -0.265611 -0.888544
1 -5.06287 -1.13017
0 4.20151 2.00973
0 -0.576949 1.81949
0 -5.26624 1.74168
3 0.3 -1.5
3 -0.3 -1.5
3 -0.3 1.5
3 0.3 1.5
0 3.61751 -7.71127
0 2.98306 1.71494
0 6.2037 2.00165
1 6.55979 -3.68278
0 8.8874 2.1232
1 9.19327 -1.40357
0 4.90948 -8.98933
1 8.65969 -4.59617
0 7.34539 -6.39637
0 10.6746 2.2075
1 10.0681 -3.7856
1 10.991 -2.12635
418
1 11.0615 -5.57667
0 9.55088 -8.01591
0 12.0907 0.11916
1 4.29056 -5.61886
1 3.43053 -5.03636
1 4.9786 -0.119515
1 -0.863609 -5.65529
1 -0.266173 -0.888538
1 -5.06287 -1.13017
0 4.21768 2.01384
0 -0.576201 1.81969
0 -5.26623 1.74168
3 0.3 -1.5
3 -0.3 -1.5
3 -0.3 1.5
3 0.3 1.5
0 3.61741 -7.71124
0 2.9836 1.71471
0 6.2041 2.00135
1 6.55931 -3.6828
0 8.83183 2.12413
1 9.1848 -1.40347
0 4.90948 -8.98933
1 8.655 -4.595
0 7.3451 -6.39687
0 10.6755 2.20545
1 10.0763 -3.79111
1 11.0033 -2.13208
422
1 11.0576 -5.62563
0 9.61958 -7.9005
0 12.2964 0.236833
1 4.28993 -5.61857
1 3.42974 -5.03602
1 4.94235 -0.117208
1 -0.863618 -5.65529
1 -0.267349 -0.888271
1 -5.0629 -1.13015
0 4.22321 2.01281
0 -0.575599 1.81989
0 -5.26621 1.7417
3 0.3 -1.5
3 -0.3 -1.5
3 -0.3 1.5
3 0.3 1.5
0 3.61744 -7.71129
0 2.9841 1.71445
0 6.20474 2.00096
1 6.55831 -3.68264
0 8.83388 2.12157
1 9.23973 -1.38455
0 4.90948 -8.98933
1 8.62691 -4.59374
0 7.34305 -6.3968
0 10.6765 2.20213
1 9.93484 -3.77424
1 11.0862 -2.19833
426
1 11.0631 -5.63079
0 9.62508 -7.90534
0 12.283 0.236025
1 4.2904 -5.61881
1 3.43029 -5.0363
1 4.94112 -0.118516
1 -0.863548 -5.65534
1 -0.266988 -0.888436
1 -5.06286 -1.13018
0 4.21823 2.01375
0 -0.573708 1.82032
0 -5.26618 1.74172
3 0.3 -1.5
3 -0.3 -1.5
3 -0.3 1.5
3 0.3 1.5
0 3.61784 -7.71153
0 2.98532 1.7142
0 6.20589 2.00058
1 6.5586 -3.68283
0 8.83756 2.11943
1 9.2396 -1.38613
0 4.90948 -8.98933
1 8.62812 -4.59484
0 7.34502 -6.39808
0 10.6525 2.1955
1 9.93004 -3.77389
1 11.0886 -2.20193
430
1 11.0142 -5.60871
0 9.80049 -7.97126
0 12.2851 0.228558
1 4.2908 -5.61908
1 3.43084 -5.03664
1 4.8846 -0.115742
1 -0.863488 -5.65539
1 -0.266543 -0.88873
1 -5.06284 -1.13019
0 4.22546 2.01461
0 -0.57166 1.8207
0 -5.26613 1.74176
3 0.3 -1.5
3 -0.3 -1.5
3 -0.3 1.5
3 0.3 1.5
0 3.61814 -7.71175
0 2.98653 1.71389
0 6.20726 2.00001
1 6.55898 -3.68321
0 8.84163 2.11553
1 9.22334 -1.38625
0 4.90948 -8.98933
1 8.61111 -4.58844
0 7.34669 -6.39938
0 10.6698 2.21802
1 9.94417 -3.78441
1 11.1494 -2.20644
434
1 11.0292 -5.60712
0 9.80182 -7.95451
0 12.2785 0.231431
1 4.28894 -5.61865
1 3.4294 -5.03639
1 4.88764 -0.113137
1 -0.863372 -5.65548
1 -0.268624 -0.889244
1 -5.06275 -1.13024
0 4.20926 2.01573
0 -0.565979 1.82153
0 -5.26605 1.74183
3 0.3 -1.5
3 -0.3 -1.5
3 -0.3 1.5
3 0.3 1.5
0 3.61811 -7.71189
0 2.9911 1.7124
0 6.20961 1.99818
1 6.55759 -3.68417
0 8.97293 2.10461
1 9.10754 -1.39811
0 4.91148 -8.99194
1 8.61234 -4.59508
0 7.99035 -6.79293
0 10.7018 2.14134
1 9.75 -3.76695
1 11.2649 -2.22986
438
0 12.7693 2.17749
1 11.0373 -5.61151
0 9.81055 -7.95945
0 12.284 0.228458
1 4.29048 -5.61925
1 3.43092 -5.03698
1 4.88714 -0.114204
1 -0.863294 -5.65552
1 -0.267077 -0.889375
1 -5.0627 -1.13026
0 4.1907 2.01281
0 -0.565273 1.82177
0 -5.26604 1.74184
3 0.3 -1.5
3 -0.3 -1.5
3 -0.3 1.5
3 0.3 1.5
0 3.6187 -7.71218
0 2.99126 1.7126
0 6.21044 1.99831
1 6.55874 -3.68424
0 8.97989 2.10252
1 9.11171 -1.40014
0 4.91203 -8.99191
1 8.61499 -4.5957
0 7.963 -6.75683
0 10.6531 2.16413
1 9.73792 -3.76141
1 11.2713 -2.23385
442
0 12.7671 2.17278
1 10.9604 -5.59483
0 9.77141 -7.92808
0 12.3607 0.144724
1 4.29069 -5.61933
1 3.43121 -5.03711
1 4.89309 -0.115152
1 -0.86321 -5.65557
1 -0.267352 -0.889358
1 -5.06266 -1.13029
0 4.16667 2.00932
0 -0.562271 1.82262
0 -5.26601 1.74186
3 0.3 -1.5
3 -0.3 -1.5
3 -0.3 1.5
3 0.3 1.5
0 3.61926 -7.71248
0 2.99361 1.71214
0 6.21168 1.99784
1 6.55839 -3.68419
0 8.99087 2.11825
1 9.14404 -1.40398
0 4.91258 -8.99195
1 8.53141 -4.5621
0 7.9572 -6.75456
0 10.6175 2.06234
1 9.92097 -3.80034
1 11.2667 -2.23168
446
0 12.9691 2.11746
1 10.9646 -5.59998
0 9.77631 -7.93288
0 12.363 0.138494
1 4.29185 -5.61981
1 3.4324 -5.03761
1 4.88844 -0.116979
1 -0.863164 -5.65558
1 -0.266117 -0.889566
1 -5.06262 -1.13031
0 4.18663 2.01324
0 -0.561662 1.82295
0 -5.26602 1.74186
3 0.3 -1.5
3 -0.3 -1.5
3 -0.3 1.5
3 0.3 1.5
0 3.61964 -7.71265
0 2.99395 1.71227
0 6.21252 1.99782
1 6.55927 -3.68431
0 8.99753 2.11368
1 9.13556 -1.40437
0 4.913 -8.99201
1 8.53275 -4.56353
0 7.9582 -6.75515
0 10.5214 2.10289
1 9.92564 -3.80386
1 11.2673 -2.23674
450
0 12.9574 2.11355
1 11.4188 -5.72835
0 9.74841 -7.91901
0 12.3574 0.137297
1 4.29212 -5.61985
1 3.43245 -5.03754
1 4.89628 -0.117982
1 -0.86316 -5.65558
1 -0.266122 -0.889373
1 -5.06261 -1.13031
0 4.18181 2.01216
0 -0.562175 1.82291
0 -5.26603 1.74185
3 0.3 -1.5
3 -0.3 -1.5
3 -0.3 1.5
3 0.3 1.5
0 3.6198 -7.71271
0 2.99361 1.71242
0 6.21232 1.99798
1 6.55921 -3.68409
0 8.99384 2.1129
1 9.18097 -1.39942
0 4.91302 -8.99175
1 8.5644 -4.57875
0 7.94419 -6.74724
0 10.5143 2.09983
1 10.0045 -3.82773
1 11.248 -2.27057
454
0 13.0604 2.09412
1 11.3854 -5.70981
0 10.0614 -8.08491
0 12.4658 0.215198
1 4.29369 -5.62043
1 3.43408 -5.03815
1 4.8966 -0.119112
1 -0.863113 -5.6556
1 -0.264259 -0.889531
1 -5.06258 -1.13033
0 4.17297 2.01077
0 -0.562604 1.82288
0 -5.26604 1.74185
3 0.3 -1.5
3 -0.3 -1.5
3 -0.3 1.5
3 0.3 1.5
0 3.62022 -7.71288
0 2.99304 1.71283
0 6.21212 1.99856
1 6.56066 -3.6841
0 8.99296 2.11231
1 9.17295 -1.39829
0 4.91302 -8.99175
1 8.62263 -4.60728
0 7.93291 -6.73914
0 10.4656 2.11305
1 10.1025 -3.85931
1 11.2806 -2.26715
458
0 12.9566 2.06465
1 11.3867 -5.71106
0 10.0419 -8.06436
0 12.4654 0.212856
1 4.29395 -5.62055
1 3.4343 -5.03824
1 4.89454 -0.119649
1 -0.863108 -5.6556
1 -0.26391 -0.889574
1 -5.06257 -1.13033
0 4.17913 2.01231
0 -0.562854 1.82282
0 -5.26604 1.74184
3 0.3 -1.5
3 -0.3 -1.5
3 -0.3 1.5
3 0.3 1.5
0 3.62026 -7.7129
0 2.9927 1.71294
0 6.21214 1.9986
1 6.56094 -3.68413
0 8.99471 2.1114
1 9.17187 -1.39852
0 4.91331 -8.99148
1 8.62216 -4.6071
0 7.93395 -6.73967
0 10.4341 2.13028
1 10.1053 -3.86039
1 11.2804 -2.26874
462
0 12.9486 2.06143
1 11.3658 -5.62095
0 10.0329 -8.06215
0 12.4585 0.211242
1 4.2947 -5.62069
1 3.43471 -5.03823
1 4.90237 -0.121866
1 -0.863091 -5.6556
1 -0.263619 -0.889241
1 -5.06256 -1.13034
0 4.17575 2.01165
0 -0.56395 1.82269
0 -5.26605 1.74183
3 0.3 -1.5
3 -0.3 -1.5
3 -0.3 1.5
3 0.3 1.5
0 3.62066 -7.71306
0 2.99196 1.71324
0 6.21177 1.99902
1 6.56112 -3.68374
0 8.99182 2.1112
1 9.34772 -1.40382
0 4.91344 -8.99096
1 8.55378 -4.57688
0 7.92392 -6.73368
0 10.4285 2.12864
1 10.145 -3.88382
1 11.21 -2.27224
466
0 12.9813 2.05299
1 11.3685 -5.62375
0 10.0352 -8.06241
0 12.4599 0.210622
1 4.29492 -5.62076
1 3.43498 -5.03832
1 4.90135 -0.121965
1 -0.863087 -5.6556
1 -0.263222 -0.889289
1 -5.06256 -1.13034
0 4.17738 2.01186
0 -0.564319 1.82263
0 -5.26606 1.74183
3 0.3 -1.5
3 -0.3 -1.5
3 -0.3 1.5
3 0.3 1.5
0 3.62071 -7.71306
0 2.99157 1.71339
0 6.2117 1.99918
1 6.56145 -3.68372
0 8.99327 2.11129
1 9.33213 -1.39904
0 4.9134 -8.99081
1 8.55549 -4.57708
0 7.92639 -6.73468
0 10.3768 2.14342
1 10.1453 -3.88359
1 11.2106 -2.27262
470
0 13.0483 1.94413
1 11.2424 -5.56693
0 10.0269 -8.06267
0 12.4542 0.209682
1 4.29713 -5.62145
1 3.43669 -5.03878
1 4.90101 -0.125561
1 -0.862997 -5.65564
1 -0.261728 -0.888955
1 -5.0625 -1.13037
0 4.1627 2.0096
0 -0.564744 1.82275
0 -5.26606 1.74183
3 0.3 -1.5
3 -0.3 -1.5
3 -0.3 1.5
3 0.3 1.5
0 3.62174 -7.71353
0 2.99117 1.71385
0 6.21178 1.99968
1 6.5625 -3.68326
0 8.98982 2.11062
1 9.34614 -1.3729
0 4.91403 -8.9901
1 8.52302 -4.56807
0 8.46736 -7.05367
0 10.3547 2.13947
1 10.2322 -3.91825
1 11.1224 -2.29346
474
0 14.3379 0.310596
0 13.0336 1.94309
1 11.2755 -5.53536
0 10.0257 -8.0597
0 12.4536 0.211455
1 4.29835 -5.62189
1 3.43785 -5.03918
1 4.905 -0.127719
1 -0.862948 -5.65566
1 -0.260504 -0.888995
1 -5.06246 -1.13039
0 4.16015 2.01018
0 -0.564778 1.82282
0 -5.26606 1.74183
3 0.3 -1.5
3 -0.3 -1.5
3 -0.3 1.5
3 0.3 1.5
0 3.62219 -7.71373
0 2.99098 1.71409
0 6.21183 2.00004
1 6.56341 -3.6832
0 8.98983 2.11208
1 9.38421 -1.3738
0 4.91432 -8.98986
1 8.49883 -4.56124
0 8.41994 -7.00194
0 10.3537 2.14082
1 10.3443 -3.94618
1 11.1033 -2.28623
478
0 14.3264 0.314962
0 13.119 1.85811
1 11.466 -5.55202
0 10.4746 -8.35729
0 12.4539 0.211528
1 4.29798 -5.62185
1 3.43755 -5.03917
1 4.89929 -0.126293
1 -0.862915 -5.65569
1 -0.260852 -0.889204
1 -5.06245 -1.13039
0 4.15118 2.00923
0 -0.563723 1.8228
0 -5.26603 1.74185
3 0.3 -1.5
3 -0.3 -1.5
3 -0.3 1.5
3 0.3 1.5
0 3.62221 -7.71381
0 2.99179 1.71375
0 6.21249 1.99952
1 6.56334 -3.68359
0 9.06122 2.09114
1 9.4155 -1.37493
0 4.91472 -8.99052
1 8.48069 -4.55616
0 8.4141 -6.99862
0 10.3521 2.14089
1 10.2134 -3.91955
1 11.1224 -2.29058
482
0 14.3243 0.317217
0 13.2009 1.78796
1 11.4556 -5.53365
0 10.4226 -8.30481
0 12.3873 0.149439
1 4.29801 -5.62185
1 3.43758 -5.03918
1 4.89806 -0.126185
1 -0.862912 -5.65569
1 -0.260863 -0.889183
1 -5.06245 -1.1304
0 4.14916 2.00865
0 -0.563621 1.82285
0 -5.26603 1.74185
3 0.3 -1.5
3 -0.3 -1.5
3 -0.3 1.5
3 0.3 1.5
0 3.62224 -7.71382
0 2.99185 1.71374
0 6.21259 1.9995
1 6.56331 -3.68357
0 9.06029 2.09122
1 9.43304 -1.37415
0 4.91474 -8.99049
1 8.46155 -4.55043
0 8.41357 -6.9983
0 10.3519 2.14059
1 10.2609 -3.93405
1 11.1228 -2.28517
486
0 14.331 0.310123
0 13.1018 1.80929
1 11.457 -5.53619
0 10.4242 -8.30528
0 12.3878 0.147337
1 4.29808 -5.62186
1 3.43765 -5.03918
1 4.89295 -0.126832
1 -0.862935 -5.65568
1 -0.260719 -0.889128
1 -5.06246 -1.13039
0 4.1643 2.01138
0 -0.564182 1.82282
0 -5.26604 1.74184
3 0.3 -1.5
3 -0.3 -1.5
3 -0.3 1.5
3 0.3 1.5
0 3.62216 -7.71376
0 2.99133 1.71389
0 6.21234 1.99971
1 6.56335 -3.68345
0 9.00254 2.09644
1 9.42979 -1.37484
0 4.91452 -8.99025
1 8.46126 -4.55008
0 8.41624 -6.99978
0 10.3038 2.1556
1 10.2594 -3.93405
1 11.1215 -2.28648
490
0 14.3357 0.465676
0 13.1007 1.8067
1 11.4193 -5.50998
0 10.4225 -8.30178
0 12.3866 0.14736
1 4.29868 -5.62212
1 3.43837 -5.0395
1 4.87762 -0.127055
1 -0.862898 -5.6557
1 -0.26 -0.88928
1 -5.06244 -1.1304
0 4.16909 2.01287
0 -0.563596 1.82294
0 -5.26602 1.74185
3 0.3 -1.5
3 -0.3 -1.5
3 -0.3 1.5
3 0.3 1.5
0 3.6224 -7.7139
0 2.99164 1.71388
0 6.21261 1.99977
1 6.56394 -3.68358
0 9.00387 2.096
1 9.42605 -1.37441
0 4.91479 -8.99031
1 8.44108 -4.54291
0 8.41429 -6.99768
0 10.3048 2.15596
1 10.3047 -3.9516
1 11.1966 -2.28055
494
0 14.4026 0.569515
0 13.1032 1.81045
1 11.3552 -5.49086
0 10.425 -8.30142
0 12.3242 0.0498457
1 4.29897 -5.62227
1 3.43874 -5.03968
1 4.88484 -0.127417
1 -0.862876 -5.65571
1 -0.259593 -0.889404
1 -5.06242 -1.13041
0 4.16141 2.01195
0 -0.562964 1.82311
0 -5.26602 1.74186
3 0.3 -1.5
3 -0.3 -1.5
3 -0.3 1.5
3 0.3 1.5
0 3.6225 -7.71394
0 2.992 1.71387
0 6.21288 1.99973
1 6.56423 -3.68367
0 9.00239 2.09773
1 9.41835 -1.37926
0 4.9149 -8.99037
1 8.44233 -4.54675
0 8.41818 -6.99922
0 10.3051 2.15774
1 10.4237 -3.98455
1 11.2226 -2.27899
498
0 14.3701 0.48538
0 13.0264 1.81646
1 11.4001 -5.49217
0 10.7468 -8.49826
0 12.2982 0.0499201
1 4.2993 -5.62245
1 3.43923 -5.03994
1 4.86513 -0.128387
1 -0.862836 -5.65574
1 -0.25921 -0.88958
1 -5.0624 -1.13042
0 4.17863 2.01663
0 -0.561429 1.82351
0 -5.266 1.74188
3 0.3 -1.5
3 -0.3 -1.5
3 -0.3 1.5
3 0.3 1.5
0 3.62272 -7.71408
0 2.99295 1.71367
0 6.21357 1.99955