2
3 0.3 -1.5
3 -0.3 -1.5
3 -0.3 1.5
3 0.3 1.5
6
3 0.3 -1.5
3 -0.3 -1.5
3 -0.3 1.5
3 0.3 1.5
10
3 0.3 -1.5
3 -0.3 -1.5
3 -0.3 1.5
3 0.3 1.5
14
3 0.3 -1.5
3 -0.3 -1.5
3 -0.3 1.5
3 0.3 1.5
18
3 0.3 -1.5
3 -0.3 -1.5
3 -0.3 1.5
3 0.3 1.5
22
3 0.3 -1.5
3 -0.3 -1.5
3 -0.3 1.5
3 0.3 1.5
26
3 0.3 -1.5
3 -0.3 -1.5
3 -0.3 1.5
3 0.3 1.5
30
0 -4.60874 -1.6218
1 -3.88165 -0.931617
0 -4.13238 1.64147
3 0.3 -1.5
3 -0.3 -1.5
3 -0.3 1.5
3 0.3 1.5
34
0 -4.67182 -1.57744
1 -3.81179 -0.959625
0 -4.15571 1.62477
3 0.3 -1.5
3 -0.3 -1.5
3 -0.3 1.5
3 0.3 1.5
38
0 -4.6682 -1.5798
1 -3.75493 -0.978926
0 -4.12337 1.64365
3 0.3 -1.5
3 -0.3 -1.5
3 -0.3 1.5
3 0.3 1.5
42
0 -4.63972 -1.60102
1 -3.69988 -0.997923
0 -4.10494 1.65783
3 0.3 -1.5
3 -0.3 -1.5
3 -0.3 1.5
3 0.3 1.5
46
0 -4.63871 -1.59958
1 -3.70378 -1.0017
0 -4.10316 1.65995
3 0.3 -1.5
3 -0.3 -1.5
3 -0.3 1.5
3 0.3 1.5
50
0 -4.64842 -1.5919
1 -3.71921 -0.99381
0 -4.14305 1.63117
3 0.3 -1.5
3 -0.3 -1.5
3 -0.3 1.5
3 0.3 1.5
54
0 -4.66692 -1.58036
1 -3.71278 -0.994345
0 -4.12167 1.64338
3 0.3 -1.5
3 -0.3 -1.5
3 -0.3 1.5
3 0.3 1.5
58
0 -4.64535 -1.59656
1 -3.6933 -0.999251
0 -4.14415 1.6305
3 0.3 -1.5
3 -0.3 -1.5
3 -0.3 1.5
3 0.3 1.5
62
0 -4.63278 -1.60456
1 -3.70163 -0.998225
0 -4.14561 1.63064
3 0.3 -1.5
3 -0.3 -1.5
3 -0.3 1.5
3 0.3 1.5
66
0 -4.6235 -1.61262
1 -3.68409 -1.00367
0 -4.11846 1.64852
3 0.3 -1.5
3 -0.3 -1.5
3 -0.3 1.5
3 0.3 1.5
70
0 -4.64235 -1.59918
1 -3.69114 -0.999734
0 -4.13947 1.63369
3 0.3 -1.5
3 -0.3 -1.5
3 -0.3 1.5
3 0.3 1.5
74
0 -4.65145 -1.59372
1 -3.6795 -1.00275
0 -4.12452 1.64279
3 0.3 -1.5
3 -0.3 -1.5
3 -0.3 1.5
3 0.3 1.5
78
0 -4.66273 -1.58629
1 -3.66182 -1.00772
0 -4.12334 1.64341
3 0.3 -1.5
3 -0.3 -1.5
3 -0.3 1.5
3 0.3 1.5
82
0 -4.67022 -1.58114
1 -3.66849 -1.00476
0 -4.12706 1.64019
3 0.3 -1.5
3 -0.3 -1.5
3 -0.3 1.5
3 0.3 1.5
86
0 -4.6747 -1.57857
1 -3.68757 -0.998566
0 -4.09849 1.65709
3 0.3 -1.5
3 -0.3 -1.5
3 -0.3 1.5
3 0.3 1.5
90
0 -4.67219 -1.57921
1 -3.67983 -1.00272
0 -4.10425 1.65449
3 0.3 -1.5
3 -0.3 -1.5
3 -0.3 1.5
3 0.3 1.5
94
0 -4.69586 -1.56157
1 -3.70248 -0.994463
0 -4.12341 1.64022
3 0.3 -1.5
3 -0.3 -1.5
3 -0.3 1.5
3 0.3 1.5
98
0 -4.69571 -1.56008
1 -3.69764 -0.995421
0 -4.13441 1.63312
3 0.3 -1.5
3 -0.3 -1.5
3 -0.3 1.5
3 0.3 1.5
102
0 -4.68294 -1.56846
1 -3.69754 -0.996679
0 -4.14325 1.62864
3 0.3 -1.5
3 -0.3 -1.5
3 -0.3 1.5
3 0.3 1.5
106
0 -4.68805 -1.56489
1 -3.70721 -0.992232
0 -4.15876 1.61786
3 0.3 -1.5
3 -0.3 -1.5
3 -0.3 1.5
3 0.3 1.5
110
0 -4.68689 -1.5651
1 -3.7157 -0.990313
0 -4.15967 1.61733
3 0.3 -1.5
3 -0.3 -1.5
3 -0.3 1.5
3 0.3 1.5
114
0 -4.66896 -1.57776
1 -3.71282 -0.992016
0 -4.16357 1.61611
3 0.3 -1.5
3 -0.3 -1.5
3 -0.3 1.5
3 0.3 1.5
118
0 -4.67334 -1.57464
1 -3.72089 -0.989961
0 -4.14571 1.62695
3 0.3 -1.5
3 -0.3 -1.5
3 -0.3 1.5
3 0.3 1.5
122
0 -4.68132 -1.56942
1 -3.73147 -0.985676
0 -4.13674 1.63146
3 0.3 -1.5
3 -0.3 -1.5
3 -0.3 1.5
3 0.3 1.5
126
0 -4.66679 -1.57844
1 -3.71367 -0.994491
0 -4.13823 1.63299
3 0.3 -1.5
3 -0.3 -1.5
3 -0.3 1.5
3 0.3 1.5
130
0 -4.67499 -1.57284
1 -3.71734 -0.992785
0 -4.13279 1.63568
3 0.3 -1.5
3 -0.3 -1.5
3 -0.3 1.5
3 0.3 1.5
134
0 -4.68091 -1.56858
1 -3.70562 -0.996707
0 -4.13203 1.63638
3 0.3 -1.5
3 -0.3 -1.5
3 -0.3 1.5
3 0.3 1.5
138
0 -4.69279 -1.56091
1 -3.73742 -0.983945
0 -4.13217 1.63362
3 0.3 -1.5
3 -0.3 -1.5
3 -0.3 1.5
3 0.3 1.5
142
0 -4.68084 -1.5697
1 -3.72896 -0.987059
0 -4.12899 1.63662
3 0.3 -1.5
3 -0.3 -1.5
3 -0.3 1.5
3 0.3 1.5
146
0 -4.68168 -1.56906
1 -3.73623 -0.98478
0 -4.12488 1.6389
3 0.3 -1.5
3 -0.3 -1.5
3 -0.3 1.5
3 0.3 1.5
150
0 -4.68244 -1.56894
1 -3.73087 -0.986231
0 -4.11867 1.64284
3 0.3 -1.5
3 -0.3 -1.5
3 -0.3 1.5
3 0.3 1.5
154
0 -4.69077 -1.56353
1 -3.73954 -0.982538
0 -4.1091 1.64778
3 0.3 -1.5
3 -0.3 -1.5
3 -0.3 1.5
3 0.3 1.5
158
0 -4.6631 -1.58259
1 -3.71924 -0.991254
0 -4.11821 1.64493
3 0.3 -1.5
3 -0.3 -1.5
3 -0.3 1.5
3 0.3 1.5
162
0 -4.67811 -1.57202
1 -3.74529 -0.981516
0 -4.11722 1.64338
3 0.3 -1.5
3 -0.3 -1.5
3 -0.3 1.5
3 0.3 1.5
166
0 -4.66775 -1.57893
1 -3.7288 -0.988377
0 -4.11748 1.64488
3 0.3 -1.5
3 -0.3 -1.5
3 -0.3 1.5
3 0.3 1.5
170
0 -4.67613 -1.57379
1 -3.74627 -0.981134
0 -4.10783 1.64927
3 0.3 -1.5
3 -0.3 -1.5
3 -0.3 1.5
3 0.3 1.5
174
0 -4.66147 -1.58424
1 -3.75542 -0.978462
0 -4.10996 1.64837
3 0.3 -1.5
3 -0.3 -1.5
3 -0.3 1.5
3 0.3 1.5
178
0 -4.65933 -1.58545
1 -3.75464 -0.979503
0 -4.10644 1.65099
3 0.3 -1.5
3 -0.3 -1.5
3 -0.3 1.5
3 0.3 1.5
182
0 -4.64912 -1.59227
1 -3.75925 -0.978782
0 -4.11209 1.64803
3 0.3 -1.5
3 -0.3 -1.5
3 -0.3 1.5
3 0.3 1.5
186
0 -4.65151 -1.59032
1 -3.76496 -0.97707
0 -4.11279 1.64731
3 0.3 -1.5
3 -0.3 -1.5
3 -0.3 1.5
3 0.3 1.5
190
0 -4.65856 -1.58562
1 -3.77042 -0.974521
0 -4.10984 1.64833
3 0.3 -1.5
3 -0.3 -1.5
3 -0.3 1.5
3 0.3 1.5
194
0 -4.6459 -1.59491
1 -3.77127 -0.974383
0 -4.10801 1.65008
3 0.3 -1.5
3 -0.3 -1.5
3 -0.3 1.5
3 0.3 1.5
198
0 -4.63943 -1.59974
1 -3.76925 -0.975073
0 -4.10666 1.65131
3 0.3 -1.5
3 -0.3 -1.5
3 -0.3 1.5
3 0.3 1.5
202
0 -4.64065 -1.59887
1 -3.75559 -0.979727
0 -4.10688 1.65173
3 0.3 -1.5
3 -0.3 -1.5
3 -0.3 1.5
3 0.3 1.5
206
0 -4.65824 -1.58543
1 -3.72124 -0.992702
0 -4.09985 1.6573
3 0.3 -1.5
3 -0.3 -1.5
3 -0.3 1.5
3 0.3 1.5
210
0 -4.63646 -1.60149
1 -3.7447 -0.984481
0 -4.10221 1.6557
3 0.3 -1.5
3 -0.3 -1.5
3 -0.3 1.5
3 0.3 1.5
214
0 -4.63906 -1.59931
1 -3.75735 -0.980453
0 -4.10396 1.65402
3 0.3 -1.5
3 -0.3 -1.5
3 -0.3 1.5
3 0.3 1.5
218
0 -4.64156 -1.59798
1 -3.76894 -0.975565
0 -4.10506 1.65237
3 0.3 -1.5
3 -0.3 -1.5
3 -0.3 1.5
3 0.3 1.5
222
0 -4.63293 -1.60435
1 -3.7604 -0.97854
0 -4.10402 1.65382
3 0.3 -1.5
3 -0.3 -1.5
3 -0.3 1.5
3 0.3 1.5
226
0 -4.63081 -1.6056
1 -3.7604 -0.978982
0 -4.10548 1.65317
3 0.3 -1.5
3 -0.3 -1.5
3 -0.3 1.5
3 0.3 1.5
230
0 -4.65087 -1.5904
1 -3.72808 -0.99114
0 -4.09916 1.65804
3 0.3 -1.5
3 -0.3 -1.5
3 -0.3 1.5
3 0.3 1.5
234
0 -4.62568 -1.60886
1 -3.74868 -0.98425
0 -4.09831 1.65887
3 0.3 -1.5
3 -0.3 -1.5
3 -0.3 1.5
3 0.3 1.5
238
0 -4.62961 -1.60595
1 -3.75646 -0.981671
0 -4.09662 1.65942
3 0.3 -1.5
3 -0.3 -1.5
3 -0.3 1.5
3 0.3 1.5
242
0 -4.63271 -1.60414
1 -3.76864 -0.976746
0 -4.09539 1.65921
3 0.3 -1.5
3 -0.3 -1.5
3 -0.3 1.5
3 0.3 1.5
246
0 -4.63126 -1.60475
1 -3.73172 -0.99011
0 -4.09808 1.65954
3 0.3 -1.5
3 -0.3 -1.5
3 -0.3 1.5
3 0.3 1.5
250
0 -4.64841 -1.59263
1 -3.70301 -0.999289
0 -4.0956 1.66136
3 0.3 -1.5
3 -0.3 -1.5
3 -0.3 1.5
3 0.3 1.5
254
0 -4.63369 -1.60365
1 -3.74595 -0.984149
0 -4.09656 1.65934
3 0.3 -1.5
3 -0.3 -1.5
3 -0.3 1.5
3 0.3 1.5
258
0 -4.6448 -1.5951
1 -3.73751 -0.987412
0 -4.10124 1.65641
3 0.3 -1.5
3 -0.3 -1.5
3 -0.3 1.5
3 0.3 1.5
262
0 -4.64382 -1.59608
1 -3.75002 -0.982258
0 -4.10951 1.65042
3 0.3 -1.5
3 -0.3 -1.5
3 -0.3 1.5
3 0.3 1.5
266
0 -4.64329 -1.59601
1 -3.75406 -0.981524
0 -4.11114 1.64947
3 0.3 -1.5
3 -0.3 -1.5
3 -0.3 1.5
3 0.3 1.5
270
0 -4.6436 -1.59592
1 -3.75877 -0.979657
0 -4.11144 1.64897
3 0.3 -1.5
3 -0.3 -1.5
3 -0.3 1.5
3 0.3 1.5
274
0 -4.66309 -1.58113
1 -3.74388 -0.98535
0 -4.11397 1.64738
3 0.3 -1.5
3 -0.3 -1.5
3 -0.3 1.5
3 0.3 1.5
278
0 -4.66915 -1.57666
1 -3.74988 -0.983307
0 -4.11346 1.64714
3 0.3 -1.5
3 -0.3 -1.5
3 -0.3 1.5
3 0.3 1.5
282
0 -4.67183 -1.57471
1 -3.74974 -0.983319
0 -4.11323 1.64716
3 0.3 -1.5
3 -0.3 -1.5
3 -0.3 1.5
3 0.3 1.5
286
0 -4.66791 -1.5775
1 -3.75002 -0.983365
0 -4.1137 1.64709
3 0.3 -1.5
3 -0.3 -1.5
3 -0.3 1.5
3 0.3 1.5
290
0 -4.65235 -4.68096
1 -3.62491 -4.04786
0 -4.66679 -1.5783
1 -3.7501 -0.983373
0 -4.11382 1.64707
3 0.3 -1.5
3 -0.3 -1.5
3 -0.3 1.5
3 0.3 1.5
294
0 -4.53264 -4.70412
1 -3.35642 -4.11162
0 -4.66809 -1.57737
1 -3.75001 -0.983366
0 -4.11368 1.64709
3 0.3 -1.5
3 -0.3 -1.5
3 -0.3 1.5
3 0.3 1.5
298
0 -4.67566 -4.68228
1 -3.68411 -4.07836
0 -4.66642 -1.57856
1 -3.75013 -0.983378
0 -4.11387 1.64706
3 0.3 -1.5
3 -0.3 -1.5
3 -0.3 1.5
3 0.3 1.5
302
0 -4.80824 -4.66953
1 -3.95755 -4.01497
0 -4.66479 -1.57974
1 -3.75024 -0.983388
0 -4.11404 1.64704
3 0.3 -1.5
3 -0.3 -1.5
3 -0.3 1.5
3 0.3 1.5
306
0 -4.84878 -4.74953
1 -3.98128 -4.09043
0 -4.66304 -1.58098
1 -3.75036 -0.983408
0 -4.11425 1.64701
3 0.3 -1.5
3 -0.3 -1.5
3 -0.3 1.5
3 0.3 1.5
310
0 -4.86018 -4.76118
1 -3.98188 -4.10273
0 -4.66285 -1.58111
1 -3.75038 -0.983412
0 -4.11427 1.647
3 0.3 -1.5
3 -0.3 -1.5
3 -0.3 1.5
3 0.3 1.5
314
0 -4.92637 -4.72359
1 -4.08057 -4.0691
0 -4.6625 -1.58137
1 -3.7504 -0.98341
0 -4.11431 1.647
3 0.3 -1.5
3 -0.3 -1.5
3 -0.3 1.5
3 0.3 1.5
318
0 -4.96949 -4.66317
1 -4.01217 -4.07991
0 -4.66259 -1.58131
1 -3.75039 -0.983405
0 -4.11429 1.64701
3 0.3 -1.5
3 -0.3 -1.5
3 -0.3 1.5
3 0.3 1.5
322
0 -5.02451 -4.61697
1 -4.04881 -4.06412
0 -4.6625 -1.58137
1 -3.75039 -0.983403
0 -4.11429 1.64701
3 0.3 -1.5
3 -0.3 -1.5
3 -0.3 1.5
3 0.3 1.5
326
0 -4.99906 -4.63642
1 -4.04751 -4.06384
0 -4.66256 -1.58133
1 -3.75039 -0.983404
0 -4.11429 1.64701
3 0.3 -1.5
3 -0.3 -1.5
3 -0.3 1.5
3 0.3 1.5
330
0 -4.99154 -4.64134
1 -4.04735 -4.06391
0 -4.66258 -1.58131
1 -3.75039 -0.983404
0 -4.11429 1.64701
3 0.3 -1.5
3 -0.3 -1.5
3 -0.3 1.5
3 0.3 1.5
334
0 -4.98811 -4.6437
1 -4.0473 -4.06392
0 -4.66259 -1.58131
1 -3.75039 -0.983404
0 -4.11429 1.64701
3 0.3 -1.5
3 -0.3 -1.5
3 -0.3 1.5
3 0.3 1.5
338
0 -5.40976 -7.37408
1 -4.22577 -7.01049
0 -4.987 -4.64453
1 -4.0473 -4.06392
0 -4.66259 -1.58131
1 -3.75039 -0.983404
0 -4.11429 1.64701
3 0.3 -1.5
3 -0.3 -1.5
3 -0.3 1.5
3 0.3 1.5
342
0 -5.65719 -7.19757
1 -4.3737 -6.95787
0 -4.9844 -4.64637
1 -4.04727 -4.06392
0 -4.66259 -1.5813
1 -3.75039 -0.983404
0 -4.11429 1.64701
3 0.3 -1.5
3 -0.3 -1.5
3 -0.3 1.5
3 0.3 1.5
346
3 0.3 1.5
3 -0.3 1.5
3 -0.3 -1.5
3 0.3 -1.5
0 -4.11429 1.64701
1 -3.75039 -0.983404
0 -4.66259 -1.5813
1 -4.04727 -4.06391
0 -4.98419 -4.64654
1 -4.39018 -6.95361
0 -5.68897 -7.17615
350
3 0.3 1.5
3 -0.3 1.5
3 -0.3 -1.5
3 0.3 -1.5
0 -4.11429 1.64701
1 -3.75039 -0.983404
0 -4.66259 -1.5813
1 -4.04727 -4.06391
0 -4.98419 -4.64654
1 -4.39018 -6.95361
0 -5.68897 -7.17615
354
3 0.3 1.5
3 -0.3 1.5
3 -0.3 -1.5
3 0.3 -1.5
0 -4.11429 1.64701
1 -3.75039 -0.983404
0 -4.66259 -1.5813
1 -4.04727 -4.06391
0 -4.98419 -4.64654
1 -4.39018 -6.95361
0 -5.68897 -7.17615
0 -5.18867 -9.29266
358
0 -5.0759 -12.4054
1 -3.93431 -11.7692
3 0.3 1.5
3 -0.3 1.5
3 -0.3 -1.5
3 0.3 -1.5
0 -4.11429 1.64701
1 -3.75039 -0.983404
0 -4.66259 -1.5813
1 -4.04727 -4.06391
0 -4.98419 -4.64654
1 -4.39018 -6.95361
0 -5.68897 -7.17615
0 -5.22448 -9.26767
362
0 -5.46625 -12.2068
1 -4.42525 -11.6743
3 0.3 1.5
3 -0.3 1.5
3 -0.3 -1.5
3 0.3 -1.5
0 -4.11429 1.64701
1 -3.75039 -0.983404
0 -4.66259 -1.5813
1 -4.04727 -4.06391
0 -4.98419 -4.64654
1 -4.39018 -6.95361
0 -5.68897 -7.17615
0 -5.18974 -9.29124
366
0 -5.43989 -12.2275
1 -4.42789 -11.6775
3 0.3 1.5
3 -0.3 1.5
3 -0.3 -1.5
3 0.3 -1.5
0 -4.11429 1.64701
1 -3.75039 -0.983404
0 -4.66259 -1.5813
1 -4.04727 -4.06391
0 -4.98419 -4.64654
1 -4.39018 -6.95361
0 -5.68897 -7.17615
0 -5.18703 -9.29299
370
0 -5.46362 -12.2108
1 -4.4279 -11.6779
3 0.3 1.5
3 -0.3 1.5
3 -0.3 -1.5
3 0.3 -1.5
0 -4.11429 1.64701
1 -3.75039 -0.983404
0 -4.66259 -1.5813
1 -4.04727 -4.06391
0 -4.98419 -4.64654
1 -4.39018 -6.95361
0 -5.68897 -7.17615
0 -5.18602 -9.29371
374
0 -5.43845 -12.2276
1 -4.42764 -11.6777
3 0.3 1.5
3 -0.3 1.5
3 -0.3 -1.5
3 0.3 -1.5
0 -4.11429 1.64701
1 -3.75039 -0.983404
0 -4.66259 -1.5813
1 -4.04727 -4.06391
0 -4.98419 -4.64654
1 -4.39018 -6.95361
0 -5.68897 -7.17615
0 -5.18727 -9.29282
378
0 -5.44102 -15.4674
1 -4.44409 -14.8297
0 -5.42617 -12.2359
1 -4.42754 -11.6776
3 0.3 1.5
3 -0.3 1.5
3 -0.3 -1.5
3 0.3 -1.5
0 -4.11429 1.64701
1 -3.75039 -0.983404
0 -4.66259 -1.5813
1 -4.04727 -4.06391
0 -4.98419 -4.64654
1 -4.39018 -6.95361
0 -5.68897 -7.17615
0 -5.18786 -9.2924
382
0 -5.46074 -15.4537
1 -4.51222 -14.789
0 -5.4269 -12.2354
1 -4.42756 -11.6776
3 0.3 1.5
3 -0.3 1.5
3 -0.3 -1.5
3 0.3 -1.5
0 -4.11429 1.64701
1 -3.75039 -0.983404
0 -4.66259 -1.5813
1 -4.04727 -4.06391
0 -4.98419 -4.64654
1 -4.39018 -6.95361
0 -5.68897 -7.17615
0 -5.18782 -9.29243
386
0 -5.58812 -15.2599
1 -4.57461 -14.6965
0 -5.43321 -12.2315
1 -4.4277 -11.6776
3 0.3 1.5
3 -0.3 1.5
3 -0.3 -1.5
3 0.3 -1.5
0 -4.11429 1.64701
1 -3.75039 -0.983404
0 -4.66259 -1.5813
1 -4.04727 -4.06391
0 -4.98419 -4.64654
1 -4.39018 -6.95361
0 -5.68897 -7.17615
0 -5.18745 -9.2927
390
0 -5.63902 -15.2496
1 -4.60013 -14.7074
0 -5.43062 -12.2332
1 -4.4277 -11.6776
3 0.3 1.5
3 -0.3 1.5
3 -0.3 -1.5
3 0.3 -1.5
0 -4.11429 1.64701
1 -3.75039 -0.983404
0 -4.66259 -1.5813
1 -4.04727 -4.06391
0 -4.98419 -4.64654
1 -4.39018 -6.95361
0 -5.68897 -7.17615
0 -5.18759 -9.2926
394
0 -5.59092 -15.2797
1 -4.60046 -14.7071
0 -5.4315 -12.2325
1 -4.4277 -11.6776
3 0.3 1.5
3 -0.3 1.5
3 -0.3 -1.5
3 0.3 -1.5
0 -4.11429 1.64701
1 -3.75039 -0.983404
0 -4.66259 -1.5813
1 -4.04727 -4.06391
0 -4.98419 -4.64654
1 -4.39018 -6.95361
0 -5.68897 -7.17615
0 -5.18755 -9.29262
398
0 -5.58652 -15.2822
1 -4.60051 -14.7071
0 -5.4316 -12.2325
1 -4.4277 -11.6776
3 0.3 1.5
3 -0.3 1.5
3 -0.3 -1.5
3 0.3 -1.5
0 -4.11429 1.64701
1 -3.75039 -0.983404
0 -4.66259 -1.5813
1 -4.04727 -4.06391
0 -4.98419 -4.64654
1 -4.39018 -6.95361
0 -5.68897 -7.17615
0 -5.18755 -9.29262
402
0 -5.58608 -15.2828
1 -4.60048 -14.707
0 -5.43158 -12.2325
1 -4.4277 -11.6776
3 0.3 1.5
3 -0.3 1.5
3 -0.3 -1.5
3 0.3 -1.5
0 -4.11429 1.64701
1 -3.75039 -0.983404
0 -4.66259 -1.5813
1 -4.04727 -4.06391
0 -4.98419 -4.64654
1 -4.39018 -6.95361
0 -5.68897 -7.17615
0 -5.18755 -9.29262
406
0 -5.73924 -18.5695
1 -5.11399 -17.8083
0 -5.58073 -15.2859
1 -4.60054 -14.707
0 -5.4317 -12.2324
1 -4.4277 -11.6776
3 0.3 1.5
3 -0.3 1.5
3 -0.3 -1.5
3 0.3 -1.5
0 -4.11429 1.64701
1 -3.75039 -0.983404
0 -4.66259 -1.5813
1 -4.04727 -4.06391
0 -4.98419 -4.64654
1 -4.39018 -6.95361
0 -5.68897 -7.17615
0 -5.18755 -9.29262
410
0 -5.75914 -18.5177
1 -4.98752 -17.8227
0 -5.58488 -15.2834
1 -4.60051 -14.7071
0 -5.43162 -12.2325
1 -4.4277 -11.6776
3 0.3 1.5
3 -0.3 1.5
3 -0.3 -1.5
3 0.3 -1.5
0 -4.11429 1.64701
1 -3.75039 -0.983404
0 -4.66259 -1.5813
1 -4.04727 -4.06391
0 -4.98419 -4.64654
1 -4.39018 -6.95361
0 -5.68897 -7.17615
0 -5.18755 -9.29262
414
0 -5.82296 -18.4569
1 -5.08064 -17.7845
0 -5.58443 -15.2837
1 -4.60051 -14.7071
0 -5.43161 -12.2325
1 -4.4277 -11.6776
3 0.3 1.5
3 -0.3 1.5
3 -0.3 -1.5
3 0.3 -1.5
0 -4.11429 1.64701
1 -3.75039 -0.983404
0 -4.66259 -1.5813
1 -4.04727 -4.06391
0 -4.98419 -4.64654
1 -4.39018 -6.95361
0 -5.68897 -7.17615
0 -5.18755 -9.29262
418
0 -5.84269 -18.4439
1 -5.08039 -17.7846
0 -5.58408 -15.284
1 -4.60051 -14.7071
0 -5.43162 -12.2324
1 -4.4277 -11.6776
3 0.3 1.5
3 -0.3 1.5
3 -0.3 -1.5
3 0.3 -1.5
0 -4.11429 1.64701
1 -3.75039 -0.983404
0 -4.66259 -1.5813
1 -4.04727 -4.06391
0 -4.98419 -4.64654
1 -4.39018 -6.95361
0 -5.68897 -7.17615
0 -5.18755 -9.29262
422
0 -5.82735 -18.4537
1 -5.08064 -17.7846
0 -5.58438 -15.2838
1 -4.60051 -14.7071
0 -5.43162 -12.2325
1 -4.4277 -11.6776
3 0.3 1.5
3 -0.3 1.5
3 -0.3 -1.5
3 0.3 -1.5
0 -4.11429 1.64701
1 -3.75039 -0.983404
0 -4.66259 -1.5813
1 -4.04727 -4.06391
0 -4.98419 -4.64654
1 -4.39018 -6.95361
0 -5.68897 -7.17615
0 -5.18755 -9.29262
426
0 -6.06321 -21.6361
1 -4.99454 -21.0415
0 -5.83118 -18.4512
1 -5.08058 -17.7846
0 -5.58431 -15.2838
1 -4.60051 -14.7071
0 -5.43162 -12.2325
1 -4.4277 -11.6776
3 0.3 1.5
3 -0.3 1.5
3 -0.3 -1.5
3 0.3 -1.5
0 -4.11429 1.64701
1 -3.75039 -0.983404
0 -4.66259 -1.5813
1 -4.04727 -4.06391
0 -4.98419 -4.64654
1 -4.39018 -6.95361
0 -5.68897 -7.17615
0 -5.18755 -9.29262
430
0 -6.07307 -21.5375
1 -5.16287 -20.906
0 -5.8371 -18.4477
1 -5.08044 -17.7845
0 -5.58417 -15.2839
1 -4.60051 -14.7071
0 -5.43162 -12.2325
1 -4.4277 -11.6776
3 0.3 1.5
3 -0.3 1.5
3 -0.3 -1.5
3 0.3 -1.5
0 -4.11429 1.64701
1 -3.75039 -0.983404
0 -4.66259 -1.5813
1 -4.04727 -4.06391
0 -4.98419 -4.64654
1 -4.39018 -6.95361
0 -5.68897 -7.17615
0 -5.18755 -9.29262
434
0 -6.0877 -21.5398
1 -5.20954 -20.9064
0 -5.83661 -18.448
1 -5.08044 -17.7845
0 -5.58418 -15.2839
1 -4.60051 -14.7071
0 -5.43162 -12.2325
1 -4.4277 -11.6776
3 0.3 1.5
3 -0.3 1.5
3 -0.3 -1.5
3 0.3 -1.5
0 -4.11429 1.64701
1 -3.75039 -0.983404
0 -4.66259 -1.5813
1 -4.04727 -4.06391
0 -4.98419 -4.64654
1 -4.39018 -6.95361
0 -5.68897 -7.17615
0 -5.18755 -9.29262
438
0 -6.12156 -21.5174
1 -5.20904 -20.9065
0 -5.83614 -18.4483
1 -5.08044 -17.7845
0 -5.58419 -15.2839
1 -4.60051 -14.7071
0 -5.43162 -12.2325
1 -4.4277 -11.6776
3 0.3 1.5
3 -0.3 1.5
3 -0.3 -1.5
3 0.3 -1.5
0 -4.11429 1.64701
1 -3.75039 -0.983404
0 -4.66259 -1.5813
1 -4.04727 -4.06391
0 -4.98419 -4.64654
1 -4.39018 -6.95361
0 -5.68897 -7.17615
0 -5.18755 -9.29262
442
0 -6.10471 -21.5284
1 -5.20933 -20.9065
0 -5.83639 -18.4481
1 -5.08044 -17.7845
0 -5.58419 -15.2839
1 -4.60051 -14.7071
0 -5.43162 -12.2325
1 -4.4277 -11.6776
3 0.3 1.5
3 -0.3 1.5
3 -0.3 -1.5
3 0.3 -1.5
0 -4.11429 1.64701
1 -3.75039 -0.983404
0 -4.66259 -1.5813
1 -4.04727 -4.06391
0 -4.98419 -4.64654
1 -4.39018 -6.95361
0 -5.68897 -7.17615
0 -5.18755 -9.29262
446
0 -6.13329 -21.5106
1 -5.20865 -20.9064
0 -5.83589 -18.4485
1 -5.08044 -17.7845
0 -5.58419 -15.2839
1 -4.60051 -14.7071
0 -5.43162 -12.2325
1 -4.4277 -11.6776
3 0.3 1.5
3 -0.3 1.5
3 -0.3 -1.5
3 0.3 -1.5
0 -4.11429 1.64701
1 -3.75039 -0.983404
0 -4.66259 -1.5813
1 -4.04727 -4.06391
0 -4.98419 -4.64654
1 -4.39018 -6.95361
0 -5.68897 -7.17615
0 -5.18755 -9.29262
450
0 -6.13994 -21.5075
1 -5.20827 -20.9063
0 -5.83569 -18.4486
1 -5.08044 -17.7845
0 -5.58419 -15.2839
1 -4.60051 -14.7071
0 -5.43162 -12.2325
1 -4.4277 -11.6776
3 0.3 1.5
3 -0.3 1.5
3 -0.3 -1.5
3 0.3 -1.5
0 -4.11429 1.64701
1 -3.75039 -0.983404
0 -4.66259 -1.5813
1 -4.04727 -4.06391
0 -4.98419 -4.64654
1 -4.39018 -6.95361
0 -5.68897 -7.17615
0 -5.18755 -9.29262
454
0 -7.24447 -23.7166
0 -6.12557 -21.5162
1 -5.20867 -20.9064
0 -5.83596 -18.4484
1 -5.08044 -17.7845
0 -5.58419 -15.2839
1 -4.60051 -14.7071
0 -5.43162 -12.2325
1 -4.4277 -11.6776
3 0.3 1.5
3 -0.3 1.5
3 -0.3 -1.5
3 0.3 -1.5
0 -4.11429 1.64701
1 -3.75039 -0.983404
0 -4.66259 -1.5813
1 -4.04727 -4.06391
0 -4.98419 -4.64654
1 -4.39018 -6.95361
0 -5.68897 -7.17615
0 -5.18755 -9.29262
458
0 -7.31544 -23.7176
0 -6.11684 -21.5217
1 -5.20884 -20.9064
0 -5.8361 -18.4483
1 -5.08044 -17.7845
0 -5.58419 -15.2839
1 -4.60051 -14.7071
0 -5.43162 -12.2325
1 -4.4277 -11.6776
3 0.3 1.5
3 -0.3 1.5
3 -0.3 -1.5
3 0.3 -1.5
0 -4.11429 1.64701
1 -3.75039 -0.983404
0 -4.66259 -1.5813
1 -4.04727 -4.06391
0 -4.98419 -4.64654
1 -4.39018 -6.95361
0 -5.68897 -7.17615
0 -5.18755 -9.29262
462
0 -6.5599 -26.0829
0 -7.3082 -23.6953
0 -6.12157 -21.5187
1 -5.20875 -20.9064
0 -5.83603 -18.4484
1 -5.08044 -17.7845
0 -5.58419 -15.2839
1 -4.60051 -14.7071
0 -5.43162 -12.2325
1 -4.4277 -11.6776
3 0.3 1.5
3 -0.3 1.5
3 -0.3 -1.5
3 0.3 -1.5
0 -4.11429 1.64701
1 -3.75039 -0.983404
0 -4.66259 -1.5813
1 -4.04727 -4.06391
0 -4.98419 -4.64654
1 -4.39018 -6.95361
0 -5.68897 -7.17615
0 -5.18755 -9.29262
466
0 -6.50352 -26.0909
0 -7.3205 -23.6926
0 -6.12085 -21.5192
1 -5.20877 -20.9064
0 -5.83604 -18.4484
1 -5.08044 -17.7845
0 -5.58419 -15.2839
1 -4.60051 -14.7071
0 -5.43162 -12.2325
1 -4.4277 -11.6776
3 0.3 1.5
3 -0.3 1.5
3 -0.3 -1.5
3 0.3 -1.5
0 -4.11429 1.64701
1 -3.75039 -0.983404
0 -4.66259 -1.5813
1 -4.04727 -4.06391
0 -4.98419 -4.64654
1 -4.39018 -6.95361
0 -5.68897 -7.17615
0 -5.18755 -9.29262
470
0 -6.34739 -29.6469
0 -6.49969 -26.0938
0 -7.32107 -23.6923
0 -6.12084 -21.5192
1 -5.20877 -20.9064
0 -5.83604 -18.4484
1 -5.08044 -17.7845
0 -5.58419 -15.2839
1 -4.60051 -14.7071
0 -5.43162 -12.2325
1 -4.4277 -11.6776
3 0.3 1.5
3 -0.3 1.5
3 -0.3 -1.5
3 0.3 -1.5
0 -4.11429 1.64701
1 -3.75039 -0.983404
0 -4.66259 -1.5813
1 -4.04727 -4.06391
0 -4.98419 -4.64654
1 -4.39018 -6.95361
0 -5.68897 -7.17615
0 -5.18755 -9.29262
474
0 -6.60731 -29.4743
0 -6.49348 -26.0984
0 -7.32204 -23.6917
0 -6.12081 -21.5192
1 -5.20877 -20.9064
0 -5.83604 -18.4484
1 -5.08044 -17.7845
0 -5.58419 -15.2839
1 -4.60051 -14.7071
0 -5.43162 -12.2325
1 -4.4277 -11.6776
3 0.3 1.5
3 -0.3 1.5
3 -0.3 -1.5
3 0.3 -1.5
0 -4.11429 1.64701
1 -3.75039 -0.983404
0 -4.66259 -1.5813
1 -4.04727 -4.06391
0 -4.98419 -4.64654
1 -4.39018 -6.95361
0 -5.68897 -7.17615
0 -5.18755 -9.29262
478
0 -6.85428 -29.2541
0 -6.49222 -26.0994
0 -7.32222 -23.6916
0 -6.12081 -21.5192
1 -5.20877 -20.9064
0 -5.83604 -18.4484
1 -5.08044 -17.7845
0 -5.58419 -15.2839
1 -4.60051 -14.7071
0 -5.43162 -12.2325
1 -4.4277 -11.6776
3 0.3 1.5
3 -0.3 1.5
3 -0.3 -1.5
3 0.3 -1.5
0 -4.11429 1.64701
1 -3.75039 -0.983404
0 -4.66259 -1.5813
1 -4.04727 -4.06391
0 -4.98419 -4.64654
1 -4.39018 -6.95361
0 -5.68897 -7.17615
0 -5.18755 -9.29262
482
0 -5.18755 -9.29262
0 -5.68897 -7.17615
1 -4.39018 -6.95361
0 -4.98419 -4.64654
1 -4.04727 -4.06391
0 -4.66259 -1.5813
1 -3.75039 -0.983404
0 -4.11429 1.64701
3 0.3 -1.5
3 -0.3 -1.5
3 -0.3 1.5
3 0.3 1.5
1 -4.4277 -11.6776
0 -5.43162 -12.2325
1 -4.60051 -14.7071
0 -5.58419 -15.2839
1 -5.08044 -17.7845
0 -5.83604 -18.4484
1 -5.20877 -20.9064
0 -6.12081 -21.5192
0 -7.32198 -23.6917
0 -6.49377 -26.0983
0 -6.81664 -29.2791
486
0 -5.18755 -9.29262
0 -5.68897 -7.17615
1 -4.39018 -6.95361
0 -4.98419 -4.64654
1 -4.04727 -4.06391
0 -4.66259 -1.5813
1 -3.75039 -0.983404
0 -4.11429 1.64701
3 0.3 -1.5
3 -0.3 -1.5
3 -0.3 1.5
3 0.3 1.5
1 -4.4277 -11.6776
0 -5.43162 -12.2325
1 -4.60051 -14.7071
0 -5.58419 -15.2839
1 -5.08044 -17.7845
0 -5.83604 -18.4484
1 -5.20877 -20.9064
0 -6.12081 -21.5192
0 -7.32159 -23.692
0 -6.49627 -26.0965
0 -6.77101 -29.2949
490
0 -5.18755 -9.29262
0 -5.68897 -7.17615
1 -4.39018 -6.95361
0 -4.98419 -4.64654
1 -4.04727 -4.06391
0 -4.66259 -1.5813
1 -3.75039 -0.983404
0 -4.11429 1.64701
3 0.3 -1.5
3 -0.3 -1.5
3 -0.3 1.5
3 0.3 1.5
1 -4.4277 -11.6776
0 -5.43162 -12.2325
1 -4.60051 -14.7071
0 -5.58419 -15.2839
1 -5.08044 -17.7845
0 -5.83604 -18.4484
1 -5.20877 -20.9064
0 -6.12081 -21.5192
0 -7.32169 -23.6919
0 -6.49562 -26.097
0 -6.79759 -29.2772
494
0 -6.82144 -32.6694
1 -5.7071 -32.0465
0 -5.18755 -9.29262
0 -5.68897 -7.17615
1 -4.39018 -6.95361
0 -4.98419 -4.64654
1 -4.04727 -4.06391
0 -4.66259 -1.5813
1 -3.75039 -0.983404
0 -4.11429 1.64701
3 0.3 -1.5
3 -0.3 -1.5
3 -0.3 1.5
3 0.3 1.5
1 -4.4277 -11.6776
0 -5.43162 -12.2325
1 -4.60051 -14.7071
0 -5.58419 -15.2839
1 -5.08044 -17.7845
0 -5.83604 -18.4484
1 -5.20877 -20.9064
0 -6.12081 -21.5192
0 -7.32169 -23.6919
0 -6.49574 -26.0969
0 -6.79282 -29.2804
498
0 -6.91115 -32.5551
1 -5.83015 -31.9724
0 -5.18755 -9.29262
0 -5.68897 -7.17615
1 -4.39018 -6.95361
0 -4.98419 -4.64654
1 -4.04727 -4.06391
0 -4.66259 -1.5813
1 -3.75039 -0.983404
0 -4.11429 1.64701
3 0.3 -1.5
3 -0.3 -1.5
3 -0.3 1.5
3 0.3 1.5
1 -4.4277 -11.6776
0 -5.43162 -12.2325
1 -4.60051 -14.7071
0 -5.58419 -15.2839
1 -5.08044 -17.7845
0 -5.83604 -18.4484
1 -5.20877 -20.9064
0 -6.12081 -21.5192
0 -7.32169 -23.6919
0 -6.4957 -26.0969
0 -6.79375 -29.2799
502
0 -7.06847 -32.4986
1 -6.26294 -31.8351
0 -5.18755 -9.29262
0 -5.68897 -7.17615
1 -4.39018 -6.95361
0 -4.98419 -4.64654
1 -4.04727 -4.06391
0 -4.66259 -1.5813
1 -3.75039 -0.983404
0 -4.11429 1.64701
3 0.3 -1.5
3 -0.3 -1.5
3 -0.3 1.5
3 0.3 1.5
1 -4.4277 -11.6776
0 -5.43162 -12.2325
1 -4.60051 -14.7071
0 -5.58419 -15.2839
1 -5.08044 -17.7845
0 -5.83604 -18.4484
1 -5.20877 -20.9064
0 -6.12081 -21.5192
0 -7.32169 -23.6919
0 -6.49588 -26.0968
0 -6.78595 -29.2852
506
0 -7.01801 -32.531
1 -6.25816 -31.836
0 -5.18755 -9.29262
0 -5.68897 -7.17615
1 -4.39018 -6.95361
0 -4.98419 -4.64654
1 -4.04727 -4.06391
0 -4.66259 -1.5813
1 -3.75039 -0.983404
0 -4.11429 1.64701
3 0.3 -1.5
3 -0.3 -1.5
3 -0.3 1.5
3 0.3 1.5
1 -4.4277 -11.6776
0 -5.43162 -12.2325
1 -4.60051 -14.7071
0 -5.58419 -15.2839
1 -5.08044 -17.7845
0 -5.83604 -18.4484
1 -5.20877 -20.9064
0 -6.12081 -21.5192
0 -7.32169 -23.6919
0 -6.49587 -26.0968
0 -6.78651 -29.2848
510
0 -6.98882 -32.5504
1 -6.25747 -31.8358
0 -5.18755 -9.29262
0 -5.68897 -7.17615
1 -4.39018 -6.95361
0 -4.98419 -4.64654
1 -4.04727 -4.06391
0 -4.66259 -1.5813
1 -3.75039 -0.983404
0 -4.11429 1.64701
3 0.3 -1.5
3 -0.3 -1.5
3 -0.3 1.5
3 0.3 1.5
1 -4.4277 -11.6776
0 -5.43162 -12.2325
1 -4.60051 -14.7071
0 -5.58419 -15.2839
1 -5.08044 -17.7845
0 -5.83604 -18.4484
1 -5.20877 -20.9064
0 -6.12081 -21.5192
0 -7.32169 -23.6919
0 -6.49586 -26.0968
0 -6.78696 -29.2845
514
0 -7.92629 -35.2676
0 -6.99887 -32.5439
1 -6.25779 -31.8358
0 -5.18755 -9.29262
0 -5.68897 -7.17615
1 -4.39018 -6.95361
0 -4.98419 -4.64654
1 -4.04727 -4.06391
0 -4.66259 -1.5813
1 -3.75039 -0.983404
0 -4.11429 1.64701
3 0.3 -1.5
3 -0.3 -1.5
3 -0.3 1.5
3 0.3 1.5
1 -4.4277 -11.6776
0 -5.43162 -12.2325
1 -4.60051 -14.7071
0 -5.58419 -15.2839
1 -5.08044 -17.7845
0 -5.83604 -18.4484
1 -5.20877 -20.9064
0 -6.12081 -21.5192
0 -7.32169 -23.6919
0 -6.49586 -26.0968
0 -6.78679 -29.2846
518
0 -8.03289 -35.2097
0 -6.99816 -32.5443
1 -6.25779 -31.8358
0 -5.18755 -9.29262
0 -5.68897 -7.17615
1 -4.39018 -6.95361
0 -4.98419 -4.64654
1 -4.04727 -4.06391
0 -4.66259 -1.5813
1 -3.75039 -0.983404
0 -4.11429 1.64701
3 0.3 -1.5
3 -0.3 -1.5
3 -0.3 1.5
3 0.3 1.5
1 -4.4277 -11.6776
0 -5.43162 -12.2325
1 -4.60051 -14.7071
0 -5.58419 -15.2839
1 -5.08044 -17.7845
0 -5.83604 -18.4484
1 -5.20877 -20.9064
0 -6.12081 -21.5192
0 -7.32169 -23.6919
0 -6.49586 -26.0968
0 -6.78679 -29.2846
522
0 -8.04949 -35.1898
0 -6.99723 -32.5449
1 -6.25779 -31.8358
0 -5.18755 -9.29262
0 -5.68897 -7.17615
1 -4.39018 -6.95361
0 -4.98419 -4.64654
1 -4.04727 -4.06391
0 -4.66259 -1.5813
1 -3.75039 -0.983404
0 -4.11429 1.64701
3 0.3 -1.5
3 -0.3 -1.5
3 -0.3 1.5
3 0.3 1.5
1 -4.4277 -11.6776
0 -5.43162 -12.2325
1 -4.60051 -14.7071
0 -5.58419 -15.2839
1 -5.08044 -17.7845
0 -5.83604 -18.4484
1 -5.20877 -20.9064
0 -6.12081 -21.5192
0 -7.32169 -23.6919
0 -6.49586 -26.0968
0 -6.78679 -29.2846
526
0 -8.04268 -35.195
0 -6.99731 -32.5449
1 -6.25779 -31.8358
0 -5.18755 -9.29262
0 -5.68897 -7.17615
1 -4.39018 -6.95361
0 -4.98419 -4.64654
1 -4.04727 -4.06391
0 -4.66259 -1.5813
1 -3.75039 -0.983404
0 -4.11429 1.64701
3 0.3 -1.5
3 -0.3 -1.5
3 -0.3 1.5
3 0.3 1.5
1 -4.4277 -11.6776
0 -5.43162 -12.2325
1 -4.60051 -14.7071
0 -5.58419 -15.2839
1 -5.08044 -17.7845
0 -5.83604 -18.4484
1 -5.20877 -20.9064
0 -6.12081 -21.5192
0 -7.32169 -23.6919
0 -6.49586 -26.0968
0 -6.78679 -29.2846
530
0 -8.04268 -35.195
0 -6.99731 -32.5449
1 -6.25779 -31.8358
0 -5.18755 -9.29262
0 -5.68897 -7.17615
1 -4.39018 -6.95361
0 -4.98419 -4.64654
1 -4.04727 -4.06391
0 -4.66259 -1.5813
1 -3.75039 -0.983404
0 -4.11429 1.64701
3 0.3 -1.5
3 -0.3 -1.5
3 -0.3 1.5
3 0.3 1.5
1 -4.4277 -11.6776
0 -5.43162 -12.2325
1 -4.60051 -14.7071
0 -5.58419 -15.2839
1 -5.08044 -17.7845
0 -5.83604 -18.4484
1 -5.20877 -20.9064
0 -6.12081 -21.5192
0 -7.32169 -23.6919
0 -6.49586 -26.0968
0 -6.78679 -29.2846
534
0 -8.04268 -35.195
0 -6.99731 -32.5449
1 -6.25779 -31.8358
0 -5.18755 -9.29262
0 -5.68897 -7.17615
1 -4.39018 -6.95361
0 -4.98419 -4.64654
1 -4.04727 -4.06391
0 -4.66259 -1.5813
1 -3.75039 -0.983404
0 -4.11429 1.64701
3 0.3 -1.5
3 -0.3 -1.5
3 -0.3 1.5
3 0.3 1.5
1 -4.4277 -11.6776
0 -5.43162 -12.2325
1 -4.60051 -14.7071
0 -5.58419 -15.2839
1 -5.08044 -17.7845
0 -5.83604 -18.4484
1 -5.20877 -20.9064
0 -6.12081 -21.5192
0 -7.32169 -23.6919
0 -6.49586 -26.0968
0 -6.78679 -29.2846
538
0 -8.04268 -35.195
0 -6.99731 -32.5449
1 -6.25779 -31.8358
0 -5.18755 -9.29262
0 -5.68897 -7.17615
1 -4.39018 -6.95361
0 -4.98419 -4.64654
1 -4.04727 -4.06391
0 -4.66259 -1.5813
1 -3.75039 -0.983404
0 -4.11429 1.64701
3 0.3 -1.5
3 -0.3 -1.5
3 -0.3 1.5
3 0.3 1.5
1 -4.4277 -11.6776
0 -5.43162 -12.2325
1 -4.60051 -14.7071
0 -5.58419 -15.2839
1 -5.08044 -17.7845
0 -5.83604 -18.4484
1 -5.20877 -20.9064
0 -6.12081 -21.5192
0 -7.32169 -23.6919
0 -6.49586 -26.0968
0 -6.78679 -29.2846
542
0 -8.34203 -43.5029
0 -8.04268 -35.195
0 -6.99731 -32.5449
1 -6.25779 -31.8358
0 -5.18755 -9.29262
0 -5.68897 -7.17615
1 -4.39018 -6.95361
0 -4.98419 -4.64654
1 -4.04727 -4.06391
0 -4.66259 -1.5813
1 -3.75039 -0.983404
0 -4.11429 1.64701
3 0.3 -1.5
3 -0.3 -1.5
3 -0.3 1.5
3 0.3 1.5
1 -4.4277 -11.6776
0 -5.43162 -12.2325
1 -4.60051 -14.7071
0 -5.58419 -15.2839
1 -5.08044 -17.7845
0 -5.83604 -18.4484
1 -5.20877 -20.9064
0 -6.12081 -21.5192
0 -7.32169 -23.6919
0 -6.49586 -26.0968
0 -6.78679 -29.2846
546
0 -8.5895 -43.3529
0 -8.04268 -35.195
0 -6.99731 -32.5449
1 -6.25779 -31.8358
0 -5.18755 -9.29262
0 -5.68897 -7.17615
1 -4.39018 -6.95361
0 -4.98419 -4.64654
1 -4.04727 -4.06391
0 -4.66259 -1.5813
1 -3.75039 -0.983404
0 -4.11429 1.64701
3 0.3 -1.5
3 -0.3 -1.5
3 -0.3 1.5
3 0.3 1.5
1 -4.4277 -11.6776
0 -5.43162 -12.2325
1 -4.60051 -14.7071
0 -5.58419 -15.2839
1 -5.08044 -17.7845
0 -5.83604 -18.4484
1 -5.20877 -20.9064
0 -6.12081 -21.5192
0 -7.32169 -23.6919
0 -6.49586 -26.0968
0 -6.78679 -29.2846
550
0 -7.93162 -46.3921
0 -8.58313 -43.3468
0 -8.04268 -35.195
0 -6.99731 -32.5449
1 -6.25779 -31.8358
0 -5.18755 -9.29262
0 -5.68897 -7.17615
1 -4.39018 -6.95361
0 -4.98419 -4.64654
1 -4.04727 -4.06391
0 -4.66259 -1.5813
1 -3.75039 -0.983404
0 -4.11429 1.64701
3 0.3 -1.5
3 -0.3 -1.5
3 -0.3 1.5
3 0.3 1.5
1 -4.4277 -11.6776
0 -5.43162 -12.2325
1 -4.60051 -14.7071
0 -5.58419 -15.2839
1 -5.08044 -17.7845
0 -5.83604 -18.4484
1 -5.20877 -20.9064
0 -6.12081 -21.5192
0 -7.32169 -23.6919
0 -6.49586 -26.0968
0 -6.78679 -29.2846
554
0 -8.00912 -46.3364
0 -8.58208 -43.3475
0 -8.04268 -35.195
0 -6.99731 -32.5449
1 -6.25779 -31.8358
0 -5.18755 -9.29262
0 -5.68897 -7.17615
1 -4.39018 -6.95361
0 -4.98419 -4.64654
1 -4.04727 -4.06391
0 -4.66259 -1.5813
1 -3.75039 -0.983404
0 -4.11429 1.64701
3 0.3 -1.5
3 -0.3 -1.5
3 -0.3 1.5
3 0.3 1.5
1 -4.4277 -11.6776
0 -5.43162 -12.2325
1 -4.60051 -14.7071
0 -5.58419 -15.2839
1 -5.08044 -17.7845
0 -5.83604 -18.4484
1 -5.20877 -20.9064
0 -6.12081 -21.5192
0 -7.32169 -23.6919
0 -6.49586 -26.0968
0 -6.78679 -29.2846
558
0 -7.96257 -46.3654
0 -8.58289 -43.3469
0 -8.04268 -35.195
0 -6.99731 -32.5449
1 -6.25779 -31.8358
0 -5.18755 -9.29262
0 -5.68897 -7.17615
1 -4.39018 -6.95361
0 -4.98419 -4.64654
1 -4.04727 -4.06391
0 -4.66259 -1.5813
1 -3.75039 -0.983404
0 -4.11429 1.64701
3 0.3 -1.5
3 -0.3 -1.5
3 -0.3 1.5
3 0.3 1.5
1 -4.4277 -11.6776
0 -5.43162 -12.2325
1 -4.60051 -14.7071
0 -5.58419 -15.2839
1 -5.08044 -17.7845
0 -5.83604 -18.4484
1 -5.20877 -20.9064
0 -6.12081 -21.5192
0 -7.32169 -23.6919
0 -6.49586 -26.0968
0 -6.78679 -29.2846
562
0 -8.57033 -49.6488
0 -7.97816 -46.3557
0 -8.5826 -43.3471
0 -8.04268 -35.195
0 -6.99731 -32.5449
1 -6.25779 -31.8358
0 -5.18755 -9.29262
0 -5.68897 -7.17615
1 -4.39018 -6.95361
0 -4.98419 -4.64654
1 -4.04727 -4.06391
0 -4.66259 -1.5813
1 -3.75039 -0.983404
0 -4.11429 1.64701
3 0.3 -1.5
3 -0.3 -1.5
3 -0.3 1.5
3 0.3 1.5
1 -4.4277 -11.6776
0 -5.43162 -12.2325
1 -4.60051 -14.7071
0 -5.58419 -15.2839
1 -5.08044 -17.7845
0 -5.83604 -18.4484
1 -5.20877 -20.9064
0 -6.12081 -21.5192
0 -7.32169 -23.6919
0 -6.49586 -26.0968
0 -6.78679 -29.2846
566
0 -8.78196 -49.4295
0 -7.97923 -46.3558
0 -8.5826 -43.3471
0 -8.04268 -35.195
0 -6.99731 -32.5449
1 -6.25779 -31.8358
0 -5.18755 -9.29262
0 -5.68897 -7.17615
1 -4.39018 -6.95361
0 -4.98419 -4.64654
1 -4.04727 -4.06391
0 -4.66259 -1.5813
1 -3.75039 -0.983404
0 -4.11429 1.64701
3 0.3 -1.5
3 -0.3 -1.5
3 -0.3 1.5
3 0.3 1.5
1 -4.4277 -11.6776
0 -5.43162 -12.2325
1 -4.60051 -14.7071
0 -5.58419 -15.2839
1 -5.08044 -17.7845
0 -5.83604 -18.4484
1 -5.20877 -20.9064
0 -6.12081 -21.5192
0 -7.32169 -23.6919
0 -6.49586 -26.0968
0 -6.78679 -29.2846
570
0 -8.78224 -49.4281
0 -7.97916 -46.3557
0 -8.5826 -43.3471
0 -8.04268 -35.195
0 -6.99731 -32.5449
1 -6.25779 -31.8358
0 -5.18755 -9.29262
0 -5.68897 -7.17615
1 -4.39018 -6.95361
0 -4.98419 -4.64654
1 -4.04727 -4.06391
0 -4.66259 -1.5813
1 -3.75039 -0.983404
0 -4.11429 1.64701
3 0.3 -1.5
3 -0.3 -1.5
3 -0.3 1.5
3 0.3 1.5
1 -4.4277 -11.6776
0 -5.43162 -12.2325
1 -4.60051 -14.7071
0 -5.58419 -15.2839
1 -5.08044 -17.7845
0 -5.83604 -18.4484
1 -5.20877 -20.9064
0 -6.12081 -21.5192
0 -7.32169 -23.6919
0 -6.49586 -26.0968
0 -6.78679 -29.2846
574
0 -8.78224 -49.4281
0 -7.97916 -46.3557
0 -8.5826 -43.3471
0 -8.04268 -35.195
0 -6.99731 -32.5449
1 -6.25779 -31.8358
0 -5.18755 -9.29262
0 -5.68897 -7.17615
1 -4.39018 -6.95361
0 -4.98419 -4.64654
1 -4.04727 -4.06391
0 -4.66259 -1.5813
1 -3.75039 -0.983404
0 -4.11429 1.64701
3 0.3 -1.5
3 -0.3 -1.5
3 -0.3 1.5
3 0.3 1.5
1 -4.4277 -11.6776
0 -5.43162 -12.2325
1 -4.60051 -14.7071
0 -5.58419 -15.2839
1 -5.08044 -17.7845
0 -5.83604 -18.4484
1 -5.20877 -20.9064
0 -6.12081 -21.5192
0 -7.32169 -23.6919
0 -6.49586 -26.0968
0 -6.78679 -29.2846
578
0 -8.78224 -49.4281
0 -7.97916 -46.3557
0 -8.5826 -43.3471
0 -8.04268 -35.195
0 -6.99731 -32.5449
1 -6.25779 -31.8358
0 -5.18755 -9.29262
0 -5.68897 -7.17615
1 -4.39018 -6.95361
0 -4.98419 -4.64654
1 -4.04727 -4.06391
0 -4.66259 -1.5813
1 -3.75039 -0.983404
0 -4.11429 1.64701
3 0.3 -1.5
3 -0.3 -1.5
3 -0.3 1.5
3 0.3 1.5
1 -4.4277 -11.6776
0 -5.43162 -12.2325
1 -4.60051 -14.7071
0 -5.58419 -15.2839
1 -5.08044 -17.7845
0 -5.83604 -18.4484
1 -5.20877 -20.9064
0 -6.12081 -21.5192
0 -7.32169 -23.6919
0 -6.49586 -26.0968
0 -6.78679 -29.2846
582
0 -8.78224 -49.4281
0 -7.97916 -46.3557
0 -8.5826 -43.3471
0 -8.04268 -35.195
0 -6.99731 -32.5449
1 -6.25779 -31.8358
0 -5.18755 -9.29262
0 -5.68897 -7.17615
1 -4.39018 -6.95361
0 -4.98419 -4.64654
1 -4.04727 -4.06391
0 -4.66259 -1.5813
1 -3.75039 -0.983404
0 -4.11429 1.64701
3 0.3 -1.5
3 -0.3 -1.5
3 -0.3 1.5
3 0.3 1.5
1 -4.4277 -11.6776
0 -5.43162 -12.2325
1 -4.60051 -14.7071
0 -5.58419 -15.2839
1 -5.08044 -17.7845
0 -5.83604 -18.4484
1 -5.20877 -20.9064
0 -6.12081 -21.5192
0 -7.32169 -23.6919
0 -6.49586 -26.0968
0 -6.78679 -29.2846
586
0 -8.78224 -49.4281
0 -7.97916 -46.3557
0 -8.5826 -43.3471
0 -8.04268 -35.195
0 -6.99731 -32.5449
1 -6.25779 -31.8358
0 -5.18755 -9.29262
0 -5.68897 -7.17615
1 -4.39018 -6.95361
0 -4.98419 -4.64654
1 -4.04727 -4.06391
0 -4.66259 -1.5813
1 -3.75039 -0.983404
0 -4.11429 1.64701
3 0.3 -1.5
3 -0.3 -1.5
3 -0.3 1.5
3 0.3 1.5
1 -4.4277 -11.6776
0 -5.43162 -12.2325
1 -4.60051 -14.7071
0 -5.58419 -15.2839
1 -5.08044 -17.7845
0 -5.83604 -18.4484
1 -5.20877 -20.9064
0 -6.12081 -21.5192
0 -7.32169 -23.6919
0 -6.49586 -26.0968
0 -6.78679 -29.2846
590
0 -8.00387 -61.209
0 -8.78224 -49.4281
0 -7.97916 -46.3557
0 -8.5826 -43.3471
0 -8.04268 -35.195
0 -6.99731 -32.5449
1 -6.25779 -31.8358
0 -5.18755 -9.29262
0 -5.68897 -7.17615
1 -4.39018 -6.95361
0 -4.98419 -4.64654
1 -4.04727 -4.06391
0 -4.66259 -1.5813
1 -3.75039 -0.983404
0 -4.11429 1.64701
3 0.3 -1.5
3 -0.3 -1.5
3 -0.3 1.5
3 0.3 1.5
1 -4.4277 -11.6776
0 -5.43162 -12.2325
1 -4.60051 -14.7071
0 -5.58419 -15.2839
1 -5.08044 -17.7845
0 -5.83604 -18.4484
1 -5.20877 -20.9064
0 -6.12081 -21.5192
0 -7.32169 -23.6919
0 -6.49586 -26.0968
0 -6.78679 -29.2846
594
0 -8.24751 -61.0548
0 -8.78224 -49.4281
0 -7.97916 -46.3557
0 -8.5826 -43.3471
0 -8.04268 -35.195
0 -6.99731 -32.5449
1 -6.25779 -31.8358
0 -5.18755 -9.29262
0 -5.68897 -7.17615
1 -4.39018 -6.95361
0 -4.98419 -4.64654
1 -4.04727 -4.06391
0 -4.66259 -1.5813
1 -3.75039 -0.983404
0 -4.11429 1.64701
3 0.3 -1.5
3 -0.3 -1.5
3 -0.3 1.5
3 0.3 1.5
1 -4.4277 -11.6776
0 -5.43162 -12.2325
1 -4.60051 -14.7071
0 -5.58419 -15.2839
1 -5.08044 -17.7845
0 -5.83604 -18.4484
1 -5.20877 -20.9064
0 -6.12081 -21.5192
0 -7.32169 -23.6919
0 -6.49586 -26.0968
0 -6.78679 -29.2846
598
0 -8.22848 -61.0633
0 -8.78224 -49.4281
0 -7.97916 -46.3557
0 -8.5826 -43.3471
0 -8.04268 -35.195
0 -6.99731 -32.5449
1 -6.25779 -31.8358
0 -5.18755 -9.29262
0 -5.68897 -7.17615
1 -4.39018 -6.95361
0 -4.98419 -4.64654
1 -4.04727 -4.06391
0 -4.66259 -1.5813
1 -3.75039 -0.983404
0 -4.11429 1.64701
3 0.3 -1.5
3 -0.3 -1.5
3 -0.3 1.5
3 0.3 1.5
1 -4.4277 -11.6776
0 -5.43162 -12.2325
1 -4.60051 -14.7071
0 -5.58419 -15.2839
1 -5.08044 -17.7845
0 -5.83604 -18.4484
1 -5.20877 -20.9064
0 -6.12081 -21.5192
0 -7.32169 -23.6919
0 -6.49586 -26.0968
0 -6.78679 -29.2846
602
0 -8.20181 -61.0792
0 -8.78224 -49.4281
0 -7.97916 -46.3557
0 -8.5826 -43.3471
0 -8.04268 -35.195
0 -6.99731 -32.5449
1 -6.25779 -31.8358
0 -5.18755 -9.29262
0 -5.68897 -7.17615
1 -4.39018 -6.95361
0 -4.98419 -4.64654
1 -4.04727 -4.06391
0 -4.66259 -1.5813
1 -3.75039 -0.983404
0 -4.11429 1.64701
3 0.3 -1.5
3 -0.3 -1.5
3 -0.3 1.5
3 0.3 1.5
1 -4.4277 -11.6776
0 -5.43162 -12.2325
1 -4.60051 -14.7071
0 -5.58419 -15.2839
1 -5.08044 -17.7845
0 -5.83604 -18.4484
1 -5.20877 -20.9064
0 -6.12081 -21.5192
0 -7.32169 -23.6919
0 -6.49586 -26.0968
0 -6.78679 -29.2846
606
0 -8.2167 -61.0704
0 -8.78224 -49.4281
0 -7.97916 -46.3557
0 -8.5826 -43.3471
0 -8.04268 -35.195
0 -6.99731 -32.5449
1 -6.25779 -31.8358
0 -5.18755 -9.29262
0 -5.68897 -7.17615
1 -4.39018 -6.95361
0 -4.98419 -4.64654
1 -4.04727 -4.06391
0 -4.66259 -1.5813
1 -3.75039 -0.983404
0 -4.11429 1.64701
3 0.3 -1.5
3 -0.3 -1.5
3 -0.3 1.5
3 0.3 1.5
1 -4.4277 -11.6776
0 -5.43162 -12.2325
1 -4.60051 -14.7071
0 -5.58419 -15.2839
1 -5.08044 -17.7845
0 -5.83604 -18.4484
1 -5.20877 -20.9064
0 -6.12081 -21.5192
0 -7.32169 -23.6919
0 -6.49586 -26.0968
0 -6.78679 -29.2846
610
0 -6.78679 -29.2846
0 -6.49586 -26.0968
0 -7.32169 -23.6919
0 -6.12081 -21.5192
1 -5.20877 -20.9064
0 -5.83604 -18.4484
1 -5.08044 -17.7845
0 -5.58419 -15.2839
1 -4.60051 -14.7071
0 -5.43162 -12.2325
1 -4.4277 -11.6776
3 0.3 1.5
3 -0.3 1.5
3 -0.3 -1.5
3 0.3 -1.5
0 -4.11429 1.64701
1 -3.75039 -0.983404
0 -4.66259 -1.5813
1 -4.04727 -4.06391
0 -4.98419 -4.64654
1 -4.39018 -6.95361
0 -5.68897 -7.17615
0 -5.18755 -9.29262
1 -6.25779 -31.8358
0 -6.99731 -32.5449
0 -8.04268 -35.195
0 -8.5826 -43.3471
0 -7.97916 -46.3557
0 -8.78224 -49.4281
0 -8.2167 -61.0704
614
0 -6.78679 -29.2846
0 -6.49586 -26.0968
0 -7.32169 -23.6919
0 -6.12081 -21.5192
1 -5.20877 -20.9064
0 -5.83604 -18.4484
1 -5.08044 -17.7845
0 -5.58419 -15.2839
1 -4.60051 -14.7071
0 -5.43162 -12.2325
1 -4.4277 -11.6776
3 0.3 1.5
3 -0.3 1.5
3 -0.3 -1.5
3 0.3 -1.5
0 -4.11429 1.64701
1 -3.75039 -0.983404
0 -4.66259 -1.5813
1 -4.04727 -4.06391
0 -4.98419 -4.64654
1 -4.39018 -6.95361
0 -5.68897 -7.17615
0 -5.18755 -9.29262
1 -6.25779 -31.8358
0 -6.99731 -32.5449
0 -8.04268 -35.195
0 -8.5826 -43.3471
0 -7.97916 -46.3557
0 -8.78224 -49.4281
0 -8.2167 -61.0704
618
0 -6.78679 -29.2846
0 -6.49586 -26.0968
0 -7.32169 -23.6919
0 -6.12081 -21.5192
1 -5.20877 -20.9064
0 -5.83604 -18.4484
1 -5.08044 -17.7845
0 -5.58419 -15.2839
1 -4.60051 -14.7071
0 -5.43162 -12.2325
1 -4.4277 -11.6776
3 0.3 1.5
3 -0.3 1.5
3 -0.3 -1.5
3 0.3 -1.5
0 -4.11429 1.64701
1 -3.75039 -0.983404
0 -4.66259 -1.5813
1 -4.04727 -4.06391
0 -4.98419 -4.64654
1 -4.39018 -6.95361
0 -5.68897 -7.17615
0 -5.18755 -9.29262
1 -6.25779 -31.8358
0 -6.99731 -32.5449
0 -8.04268 -35.195
0 -8.5826 -43.3471
0 -7.97916 -46.3557
0 -8.78224 -49.4281
0 -8.2167 -61.0704
622
0 -6.78679 -29.2846
0 -6.49586 -26.0968
0 -7.32169 -23.6919
0 -6.12081 -21.5192
1 -5.20877 -20.9064
0 -5.83604 -18.4484
1 -5.08044 -17.7845
0 -5.58419 -15.2839
1 -4.60051 -14.7071
0 -5.43162 -12.2325
1 -4.4277 -11.6776
3 0.3 1.5
3 -0.3 1.5
3 -0.3 -1.5
3 0.3 -1.5
0 -4.11429 1.64701
1 -3.75039 -0.983404
0 -4.66259 -1.5813
1 -4.04727 -4.06391
0 -4.98419 -4.64654
1 -4.39018 -6.95361
0 -5.68897 -7.17615
0 -5.18755 -9.29262
1 -6.25779 -31.8358
0 -6.99731 -32.5449
0 -8.04268 -35.195
0 -8.5826 -43.3471
0 -7.97916 -46.3557
0 -8.78224 -49.4281
0 -8.2167 -61.0704
626
0 -6.78679 -29.2846
0 -6.49586 -26.0968
0 -7.32169 -23.6919
0 -6.12081 -21.5192
1 -5.20877 -20.9064
0 -5.83604 -18.4484
1 -5.08044 -17.7845
0 -5.58419 -15.2839
1 -4.60051 -14.7071
0 -5.43162 -12.2325
1 -4.4277 -11.6776
3 0.3 1.5
3 -0.3 1.5
3 -0.3 -1.5
3 0.3 -1.5
0 -4.11429 1.64701
1 -3.75039 -0.983404
0 -4.66259 -1.5813
1 -4.04727 -4.06391
0 -4.98419 -4.64654
1 -4.39018 -6.95361
0 -5.68897 -7.17615
0 -5.18755 -9.29262
1 -6.25779 -31.8358
0 -6.99731 -32.5449
0 -8.04268 -35.195
0 -8.5826 -43.3471
0 -7.97916 -46.3557
0 -8.78224 -49.4281
0 -8.2167 -61.0704
630
0 -6.78679 -29.2846
0 -6.49586 -26.0968
0 -7.32169 -23.6919
0 -6.12081 -21.5192
1 -5.20877 -20.9064
0 -5.83604 -18.4484
1 -5.08044 -17.7845
0 -5.58419 -15.2839
1 -4.60051 -14.7071
0 -5.43162 -12.2325
1 -4.4277 -11.6776
3 0.3 1.5
3 -0.3 1.5
3 -0.3 -1.5
3 0.3 -1.5
0 -4.11429 1.64701
1 -3.75039 -0.983404
0 -4.66259 -1.5813
1 -4.04727 -4.06391
0 -4.98419 -4.64654
1 -4.39018 -6.95361
0 -5.68897 -7.17615
0 -5.18755 -9.29262
1 -6.25779 -31.8358
0 -6.99731 -32.5449
0 -8.04268 -35.195
0 -8.5826 -43.3471
0 -7.97916 -46.3557
0 -8.78224 -49.4281
0 -8.2167 -61.0704
634
0 -6.78679 -29.2846
0 -6.49586 -26.0968
0 -7.32169 -23.6919
0 -6.12081 -21.5192
1 -5.20877 -20.9064
0 -5.83604 -18.4484
1 -5.08044 -17.7845
0 -5.58419 -15.2839
1 -4.60051 -14.7071
0 -5.43162 -12.2325
1 -4.4277 -11.6776
3 0.3 1.5
3 -0.3 1.5
3 -0.3 -1.5
3 0.3 -1.5
0 -4.11429 1.64701
1 -3.75039 -0.983404
0 -4.66259 -1.5813
1 -4.04727 -4.06391
0 -4.98419 -4.64654
1 -4.39018 -6.95361
0 -5.68897 -7.17615
0 -5.18755 -9.29262
1 -6.25779 -31.8358
0 -6.99731 -32.5449
0 -8.04268 -35.195
0 -8.5826 -43.3471
0 -7.97916 -46.3557
0 -8.78224 -49.4281
0 -8.2167 -61.0704
638
0 -6.78679 -29.2846
0 -6.49586 -26.0968
0 -7.32169 -23.6919
0 -6.12081 -21.5192
1 -5.20877 -20.9064
0 -5.83604 -18.4484
1 -5.08044 -17.7845
0 -5.58419 -15.2839
1 -4.60051 -14.7071
0 -5.43162 -12.2325
1 -4.4277 -11.6776
3 0.3 1.5
3 -0.3 1.5
3 -0.3 -1.5
3 0.3 -1.5
0 -4.11429 1.64701
1 -3.75039 -0.983404
0 -4.66259 -1.5813
1 -4.04727 -4.06391
0 -4.98419 -4.64654
1 -4.39018 -6.95361
0 -5.68897 -7.17615
0 -5.18755 -9.29262
1 -6.25779 -31.8358
0 -6.99731 -32.5449
0 -8.04268 -35.195
0 -8.5826 -43.3471
0 -7.97916 -46.3557
0 -8.78224 -49.4281
0 -8.2167 -61.0704
642
0 -6.78679 -29.2846
0 -6.49586 -26.0968
0 -7.32169 -23.6919
0 -6.12081 -21.5192
1 -5.20877 -20.9064
0 -5.83604 -18.4484
1 -5.08044 -17.7845
0 -5.58419 -15.2839
1 -4.60051 -14.7071
0 -5.43162 -12.2325
1 -4.4277 -11.6776
3 0.3 1.5
3 -0.3 1.5
3 -0.3 -1.5
3 0.3 -1.5
0 -4.11429 1.64701
1 -3.75039 -0.983404
0 -4.66259 -1.5813
1 -4.04727 -4.06391
0 -4.98419 -4.64654
1 -4.39018 -6.95361
0 -5.68897 -7.17615
0 -5.18755 -9.29262
1 -6.25779 -31.8358
0 -6.99731 -32.5449
0 -8.04268 -35.195
0 -8.5826 -43.3471
0 -7.97916 -46.3557
0 -8.78224 -49.4281
0 -8.2167 -61.0704
646
0 -6.78679 -29.2846
0 -6.49586 -26.0968
0 -7.32169 -23.6919
0 -6.12081 -21.5192
1 -5.20877 -20.9064
0 -5.83604 -18.4484
1 -5.08044 -17.7845
0 -5.58419 -15.2839
1 -4.60051 -14.7071
0 -5.43162 -12.2325
1 -4.4277 -11.6776
3 0.3 1.5
3 -0.3 1.5
3 -0.3 -1.5
3 0.3 -1.5
0 -4.11429 1.64701
1 -3.75039 -0.983404
0 -4.66259 -1.5813
1 -4.04727 -4.06391
0 -4.98419 -4.64654
1 -4.39018 -6.95361
0 -5.68897 -7.17615
0 -5.18755 -9.29262
1 -6.25779 -31.8358
0 -6.99731 -32.5449
0 -8.04268 -35.195
0 -8.5826 -43.3471
0 -7.97916 -46.3557
0 -8.78224 -49.4281
0 -8.2167 -61.0704
650
0 -6.78679 -29.2846
0 -6.49586 -26.0968
0 -7.32169 -23.6919
0 -6.12081 -21.5192
1 -5.20877 -20.9064
0 -5.83604 -18.4484
1 -5.08044 -17.7845
0 -5.58419 -15.2839
1 -4.60051 -14.7071
0 -5.43162 -12.2325
1 -4.4277 -11.6776
3 0.3 1.5
3 -0.3 1.5
3 -0.3 -1.5
3 0.3 -1.5
0 -4.11429 1.64701
1 -3.75039 -0.983404
0 -4.66259 -1.5813
1 -4.04727 -4.06391
0 -4.98419 -4.64654
1 -4.39018 -6.95361
0 -5.68897 -7.17615
0 -5.18755 -9.29262
1 -6.25779 -31.8358
0 -6.99731 -32.5449
0 -8.04268 -35.195
0 -8.5826 -43.3471
0 -7.97916 -46.3557
0 -8.78224 -49.4281
0 -8.2167 -61.0704
654
0 -6.78679 -29.2846
0 -6.49586 -26.0968
0 -7.32169 -23.6919
0 -6.12081 -21.5192
1 -5.20877 -20.9064
0 -5.83604 -18.4484
1 -5.08044 -17.7845
0 -5.58419 -15.2839
1 -4.60051 -14.7071
0 -5.43162 -12.2325
1 -4.4277 -11.6776
3 0.3 1.5
3 -0.3 1.5
3 -0.3 -1.5
3 0.3 -1.5
0 -4.11429 1.64701
1 -3.75039 -0.983404
0 -4.66259 -1.5813
1 -4.04727 -4.06391
0 -4.98419 -4.64654
1 -4.39018 -6.95361
0 -5.68897 -7.17615
0 -5.18755 -9.29262
1 -6.25779 -31.8358
0 -6.99731 -32.5449
0 -8.04268 -35.195
0 -8.5826 -43.3471
0 -7.97916 -46.3557
0 -8.78224 -49.4281
0 -8.2167 -61.0704
658
0 -6.78679 -29.2846
0 -6.49586 -26.0968
0 -7.32169 -23.6919
0 -6.12081 -21.5192
1 -5.20877 -20.9064
0 -5.83604 -18.4484
1 -5.08044 -17.7845
0 -5.58419 -15.2839
1 -4.60051 -14.7071
0 -5.43162 -12.2325
1 -4.4277 -11.6776
3 0.3 1.5
3 -0.3 1.5
3 -0.3 -1.5
3 0.3 -1.5
0 -4.11429 1.64701
1 -3.75039 -0.983404
0 -4.66259 -1.5813
1 -4.04727 -4.06391
0 -4.98419 -4.64654
1 -4.39018 -6.95361
0 -5.68897 -7.17615
0 -5.18755 -9.29262
1 -6.25779 -31.8358
0 -6.99731 -32.5449
0 -8.04268 -35.195
0 -8.5826 -43.3471
0 -7.97916 -46.3557
0 -8.78224 -49.4281
0 -8.2167 -61.0704
662
0 -6.78679 -29.2846
0 -6.49586 -26.0968
0 -7.32169 -23.6919
0 -6.12081 -21.5192
1 -5.20877 -20.9064
0 -5.83604 -18.4484
1 -5.08044 -17.7845
0 -5.58419 -15.2839
1 -4.60051 -14.7071
0 -5.43162 -12.2325
1 -4.4277 -11.6776
3 0.3 1.5
3 -0.3 1.5
3 -0.3 -1.5
3 0.3 -1.5
0 -4.11429 1.64701
1 -3.75039 -0.983404
0 -4.66259 -1.5813
1 -4.04727 -4.06391
0 -4.98419 -4.64654
1 -4.39018 -6.95361
0 -5.68897 -7.17615
0 -5.18755 -9.29262
1 -6.25779 -31.8358
0 -6.99731 -32.5449
0 -8.04268 -35.195
0 -8.5826 -43.3471
0 -7.97916 -46.3557
0 -8.78224 -49.4281
0 -8.2167 -61.0704
666
0 -6.78679 -29.2846
0 -6.49586 -26.0968
0 -7.32169 -23.6919
0 -6.12081 -21.5192
1 -5.20877 -20.9064
0 -5.83604 -18.4484
1 -5.08044 -17.7845
0 -5.58419 -15.2839
1 -4.60051 -14.7071
0 -5.43162 -12.2325
1 -4.4277 -11.6776
3 0.3 1.5
3 -0.3 1.5
3 -0.3 -1.5
3 0.3 -1.5
0 -4.11429 1.64701
1 -3.75039 -0.983404
0 -4.66259 -1.5813
1 -4.04727 -4.06391
0 -4.98419 -4.64654
1 -4.39018 -6.95361
0 -5.68897 -7.17615
0 -5.18755 -9.29262
1 -6.25779 -31.8358
0 -6.99731 -32.5449
0 -8.04268 -35.195
0 -8.5826 -43.3471
0 -7.97916 -46.3557
0 -8.78224 -49.4281
0 -8.2167 -61.0704
670
0 -6.78679 -29.2846
0 -6.49586 -26.0968
0 -7.32169 -23.6919
0 -6.12081 -21.5192
1 -5.20877 -20.9064
0 -5.83604 -18.4484
1 -5.08044 -17.7845
0 -5.58419 -15.2839
1 -4.60051 -14.7071
0 -5.43162 -12.2325
1 -4.4277 -11.6776
3 0.3 1.5
3 -0.3 1.5
3 -0.3 -1.5
3 0.3 -1.5
0 -4.11429 1.64701
1 -3.75039 -0.983404
0 -4.66259 -1.5813
1 -4.04727 -4.06391
0 -4.98419 -4.64654
1 -4.39018 -6.95361
0 -5.68897 -7.17615
0 -5.18755 -9.29262
1 -6.25779 -31.8358
0 -6.99731 -32.5449
0 -8.04268 -35.195
0 -8.5826 -43.3471
0 -7.97916 -46.3557
0 -8.78224 -49.4281
0 -8.2167 -61.0704
674
0 -6.78679 -29.2846
0 -6.49586 -26.0968
0 -7.32169 -23.6919
0 -6.12081 -21.5192
1 -5.20877 -20.9064
0 -5.83604 -18.4484
1 -5.08044 -17.7845
0 -5.58419 -15.2839
1 -4.60051 -14.7071
0 -5.43162 -12.2325
1 -4.4277 -11.6776
3 0.3 1.5
3 -0.3 1.5
3 -0.3 -1.5
3 0.3 -1.5
0 -4.11429 1.64701
1 -3.75039 -0.983404
0 -4.66259 -1.5813
1 -4.04727 -4.06391
0 -4.98419 -4.64654
1 -4.39018 -6.95361
0 -5.68897 -7.17615
0 -5.18755 -9.29262
1 -6.25779 -31.8358
0 -6.99731 -32.5449
0 -8.04268 -35.195
0 -8.5826 -43.3471
0 -7.97916 -46.3557
0 -8.78224 -49.4281
0 -8.2167 -61.0704
678
0 -6.78679 -29.2846
0 -6.49586 -26.0968
0 -7.32169 -23.6919
0 -6.12081 -21.5192
1 -5.20877 -20.9064
0 -5.83604 -18.4484
1 -5.08044 -17.7845
0 -5.58419 -15.2839
1 -4.60051 -14.7071
0 -5.43162 -12.2325
1 -4.4277 -11.6776
3 0.3 1.5
3 -0.3 1.5
3 -0.3 -1.5
3 0.3 -1.5
0 -4.11429 1.64701
1 -3.75039 -0.983404
0 -4.66259 -1.5813
1 -4.04727 -4.06391
0 -4.98419 -4.64654
1 -4.39018 -6.95361
0 -5.68897 -7.17615
0 -5.18755 -9.29262
1 -6.25779 -31.8358
0 -6.99731 -32.5449
0 -8.04268 -35.195
0 -8.5826 -43.3471
0 -7.97916 -46.3557
0 -8.78224 -49.4281
0 -8.2167 -61.0704
682
0 -6.78679 -29.2846
0 -6.49586 -26.0968
0 -7.32169 -23.6919
0 -6.12081 -21.5192
1 -5.20877 -20.9064
0 -5.83604 -18.4484
1 -5.08044 -17.7845
0 -5.58419 -15.2839
1 -4.60051 -14.7071
0 -5.43162 -12.2325
1 -4.4277 -11.6776
3 0.3 1.5
3 -0.3 1.5
3 -0.3 -1.5
3 0.3 -1.5
0 -4.11429 1.64701
1 -3.75039 -0.983404
0 -4.66259 -1.5813
1 -4.04727 -4.06391
0 -4.98419 -4.64654
1 -4.39018 -6.95361
0 -5.68897 -7.17615
0 -5.18755 -9.29262
1 -6.25779 -31.8358
0 -6.99731 -32.5449
0 -8.04268 -35.195
0 -8.5826 -43.3471
0 -7.97916 -46.3557
0 -8.78224 -49.4281
0 -8.2167 -61.0704
686
0 -6.78679 -29.2846
0 -6.49586 -26.0968
0 -7.32169 -23.6919
0 -6.12081 -21.5192
1 -5.20877 -20.9064
0 -5.83604 -18.4484
1 -5.08044 -17.7845
0 -5.58419 -15.2839
1 -4.60051 -14.7071
0 -5.43162 -12.2325
1 -4.4277 -11.6776
3 0.3 1.5
3 -0.3 1.5
3 -0.3 -1.5
3 0.3 -1.5
0 -4.11429 1.64701
1 -3.75039 -0.983404
0 -4.66259 -1.5813
1 -4.04727 -4.06391
0 -4.98419 -4.64654
1 -4.39018 -6.95361
0 -5.68897 -7.17615
0 -5.18755 -9.29262
1 -6.25779 -31.8358
0 -6.99731 -32.5449
0 -8.04268 -35.195
0 -8.5826 -43.3471
0 -7.97916 -46.3557
0 -8.78224 -49.4281
0 -8.2167 -61.0704
690
0 -6.78679 -29.2846
0 -6.49586 -26.0968
0 -7.32169 -23.6919
0 -6.12081 -21.5192
1 -5.20877 -20.9064
0 -5.83604 -18.4484
1 -5.08044 -17.7845
0 -5.58419 -15.2839
1 -4.60051 -14.7071
0 -5.43162 -12.2325
1 -4.4277 -11.6776
3 0.3 1.5
3 -0.3 1.5
3 -0.3 -1.5
3 0.3 -1.5
0 -4.11429 1.64701
1 -3.75039 -0.983404
0 -4.66259 -1.5813
1 -4.04727 -4.06391
0 -4.98419 -4.64654
1 -4.39018 -6.95361
0 -5.68897 -7.17615
0 -5.18755 -9.29262
1 -6.25779 -31.8358
0 -6.99731 -32.5449
0 -8.04268 -35.195
0 -8.5826 -43.3471
0 -7.97916 -46.3557
0 -8.78224 -49.4281
0 -8.2167 -61.0704
694
0 -6.78679 -29.2846
0 -6.49586 -26.0968
0 -7.32169 -23.6919
0 -6.12081 -21.5192
1 -5.20877 -20.9064
0 -5.83604 -18.4484
1 -5.08044 -17.7845
0 -5.58419 -15.2839
1 -4.60051 -14.7071
0 -5.43162 -12.2325
1 -4.4277 -11.6776
3 0.3 1.5
3 -0.3 1.5
3 -0.3 -1.5
3 0.3 -1.5
0 -4.11429 1.64701
1 -3.75039 -0.983404
0 -4.66259 -1.5813
1 -4.04727 -4.06391
0 -4.98419 -4.64654
1 -4.39018 -6.95361
0 -5.68897 -7.17615
0 -5.18755 -9.29262
1 -6.25779 -31.8358
0 -6.99731 -32.5449
0 -8.04268 -35.195
0 -8.5826 -43.3471
0 -7.97916 -46.3557
0 -8.78224 -49.4281
0 -8.2167 -61.0704
698
0 -6.78679 -29.2846
0 -6.49586 -26.0968
0 -7.32169 -23.6919
0 -6.12081 -21.5192
1 -5.20877 -20.9064
0 -5.83604 -18.4484
1 -5.08044 -17.7845
0 -5.58419 -15.2839
1 -4.60051 -14.7071
0 -5.43162 -12.2325
1 -4.4277 -11.6776
3 0.3 1.5
3 -0.3 1.5
3 -0.3 -1.5
3 0.3 -1.5
0 -4.11429 1.64701
1 -3.75039 -0.983404
0 -4.66259 -1.5813
1 -4.04727 -4.06391
0 -4.98419 -4.64654
1 -4.39018 -6.95361
0 -5.68897 -7.17615
0 -5.18755 -9.29262
1 -6.25779 -31.8358
0 -6.99731 -32.5449
0 -8.04268 -35.195
0 -8.5826 -43.3471
0 -7.97916 -46.3557
0 -8.78224 -49.4281
0 -8.2167 -61.0704
702
0 -6.78679 -29.2846
0 -6.49586 -26.0968
0 -7.32169 -23.6919
0 -6.12081 -21.5192
1 -5.20877 -20.9064
0 -5.83604 -18.4484
1 -5.08044 -17.7845
0 -5.58419 -15.2839
1 -4.60051 -14.7071
0 -5.43162 -12.2325
1 -4.4277 -11.6776
3 0.3 1.5
3 -0.3 1.5
3 -0.3 -1.5
3 0.3 -1.5
0 -4.11429 1.64701
1 -3.75039 -0.983404
0 -4.66259 -1.5813
1 -4.04727 -4.06391
0 -4.98419 -4.64654
1 -4.39018 -6.95361
0 -5.68897 -7.17615
0 -5.18755 -9.29262
1 -6.25779 -31.8358
0 -6.99731 -32.5449
0 -8.04268 -35.195
0 -8.5826 -43.3471
0 -7.97916 -46.3557
0 -8.78224 -49.4281
0 -8.2167 -61.0704
706
0 -6.78679 -29.2846
0 -6.49586 -26.0968
0 -7.32169 -23.6919
0 -6.12081 -21.5192
1 -5.20877 -20.9064
0 -5.83604 -18.4484
1 -5.08044 -17.7845
0 -5.58419 -15.2839
1 -4.60051 -14.7071
0 -5.43162 -12.2325
1 -4.4277 -11.6776
3 0.3 1.5
3 -0.3 1.5
3 -0.3 -1.5
3 0.3 -1.5
0 -4.11429 1.64701
1 -3.75039 -0.983404
0 -4.66259 -1.5813
1 -4.04727 -4.06391
0 -4.98419 -4.64654
1 -4.39018 -6.95361
0 -5.68897 -7.17615
0 -5.18755 -9.29262
1 -6.25779 -31.8358
0 -6.99731 -32.5449
0 -8.04268 -35.195
0 -8.5826 -43.3471
0 -7.97916 -46.3557
0 -8.78224 -49.4281
0 -8.2167 -61.0704
710
0 -6.78679 -29.2846
0 -6.49586 -26.0968
0 -7.32169 -23.6919
0 -6.12081 -21.5192
1 -5.20877 -20.9064
0 -5.83604 -18.4484
1 -5.08044 -17.7845
0 -5.58419 -15.2839
1 -4.60051 -14.7071
0 -5.43162 -12.2325
1 -4.4277 -11.6776
3 0.3 1.5
3 -0.3 1.5
3 -0.3 -1.5
3 0.3 -1.5
0 -4.11429 1.64701
1 -3.75039 -0.983404
0 -4.66259 -1.5813
1 -4.04727 -4.06391
0 -4.98419 -4.64654
1 -4.39018 -6.95361
0 -5.68897 -7.17615
0 -5.18755 -9.29262
1 -6.25779 -31.8358
0 -6.99731 -32.5449
0 -8.04268 -35.195
0 -8.5826 -43.3471
0 -7.97916 -46.3557
0 -8.78224 -49.4281
0 -8.2167 -61.0704
714
0 -6.78679 -29.2846
0 -6.49586 -26.0968
0 -7.32169 -23.6919
0 -6.12081 -21.5192
1 -5.20877 -20.9064
0 -5.83604 -18.4484
1 -5.08044 -17.7845
0 -5.58419 -15.2839
1 -4.60051 -14.7071
0 -5.43162 -12.2325
1 -4.4277 -11.6776
3 0.3 1.5
3 -0.3 1.5
3 -0.3 -1.5
3 0.3 -1.5
0 -4.11429 1.64701
1 -3.75039 -0.983404
0 -4.66259 -1.5813
1 -4.04727 -4.06391
0 -4.98419 -4.64654
1 -4.39018 -6.95361
0 -5.68897 -7.17615
0 -5.18755 -9.29262
1 -6.25779 -31.8358
0 -6.99731 -32.5449
0 -8.04268 -35.195
0 -8.5826 -43.3471
0 -7.97916 -46.3557
0 -8.78224 -49.4281
0 -8.2167 -61.0704
718
0 -6.78679 -29.2846
0 -6.49586 -26.0968
0 -7.32169 -23.6919
0 -6.12081 -21.5192
1 -5.20877 -20.9064
0 -5.83604 -18.4484
1 -5.08044 -17.7845
0 -5.58419 -15.2839
1 -4.60051 -14.7071
0 -5.43162 -12.2325
1 -4.4277 -11.6776
3 0.3 1.5
3 -0.3 1.5
3 -0.3 -1.5
3 0.3 -1.5
0 -4.11429 1.64701
1 -3.75039 -0.983404
0 -4.66259 -1.5813
1 -4.04727 -4.06391
0 -4.98419 -4.64654
1 -4.39018 -6.95361
0 -5.68897 -7.17615
0 -5.18755 -9.29262
1 -6.25779 -31.8358
0 -6.99731 -32.5449
0 -8.04268 -35.195
0 -8.5826 -43.3471
0 -7.97916 -46.3557
0 -8.78224 -49.4281
0 -8.2167 -61.0704
722
0 -6.78679 -29.2846
0 -6.49586 -26.0968
0 -7.32169 -23.6919
0 -6.12081 -21.5192
1 -5.20877 -20.9064
0 -5.83604 -18.4484
1 -5.08044 -17.7845
0 -5.58419 -15.2839
1 -4.60051 -14.7071
0 -5.43162 -12.2325
1 -4.4277 -11.6776
3 0.3 1.5
3 -0.3 1.5
3 -0.3 -1.5
3 0.3 -1.5
0 -4.11429 1.64701
1 -3.75039 -0.983404
0 -4.66259 -1.5813
1 -4.04727 -4.06391
0 -4.98419 -4.64654
1 -4.39018 -6.95361
0 -5.68897 -7.17615
0 -5.18755 -9.29262
1 -6.25779 -31.8358
0 -6.99731 -32.5449
0 -8.04268 -35.195
0 -8.5826 -43.3471
0 -7.97916 -46.3557
0 -8.78224 -49.4281
0 -8.2167 -61.0704
726
0 -6.78679 -29.2846
0 -6.49586 -26.0968
0 -7.32169 -23.6919
0 -6.12081 -21.5192
1 -5.20877 -20.9064
0 -5.83604 -18.4484
1 -5.08044 -17.7845
0 -5.58419 -15.2839
1 -4.60051 -14.7071
0 -5.43162 -12.2325
1 -4.4277 -11.6776
3 0.3 1.5
3 -0.3 1.5
3 -0.3 -1.5
3 0.3 -1.5
0 -4.11429 1.64701
1 -3.75039 -0.983404
0 -4.66259 -1.5813
1 -4.04727 -4.06391
0 -4.98419 -4.64654
1 -4.39018 -6.95361
0 -5.68897 -7.17615
0 -5.18755 -9.29262
1 -6.25779 -31.8358
0 -6.99731 -32.5449
0 -8.04268 -35.195
0 -8.5826 -43.3471
0 -7.97916 -46.3557
0 -8.78224 -49.4281
0 -8.2167 -61.0704
730
0 -6.78679 -29.2846
0 -6.49586 -26.0968
0 -7.32169 -23.6919
0 -6.12081 -21.5192
1 -5.20877 -20.9064
0 -5.83604 -18.4484
1 -5.08044 -17.7845
0 -5.58419 -15.2839
1 -4.60051 -14.7071
0 -5.43162 -12.2325
1 -4.4277 -11.6776
3 0.3 1.5
3 -0.3 1.5
3 -0.3 -1.5
3 0.3 -1.5
0 -4.11429 1.64701
1 -3.75039 -0.983404
0 -4.66259 -1.5813
1 -4.04727 -4.06391
0 -4.98419 -4.64654
1 -4.39018 -6.95361
0 -5.68897 -7.17615
0 -5.18755 -9.29262
1 -6.25779 -31.8358
0 -6.99731 -32.5449
0 -8.04268 -35.195
0 -8.5826 -43.3471
0 -7.97916 -46.3557
0 -8.78224 -49.4281
0 -8.2167 -61.0704
734
0 -6.78679 -29.2846
0 -6.49586 -26.0968
0 -7.32169 -23.6919
0 -6.12081 -21.5192
1 -5.20877 -20.9064
0 -5.83604 -18.4484
1 -5.08044 -17.7845
0 -5.58419 -15.2839
1 -4.60051 -14.7071
0 -5.43162 -12.2325
1 -4.4277 -11.6776
3 0.3 1.5
3 -0.3 1.5
3 -0.3 -1.5
3 0.3 -1.5
0 -4.11429 1.64701
1 -3.75039 -0.983404
0 -4.66259 -1.5813
1 -4.04727 -4.06391
0 -4.98419 -4.64654
1 -4.39018 -6.95361
0 -5.68897 -7.17615
0 -5.18755 -9.29262
1 -6.25779 -31.8358
0 -6.99731 -32.5449
0 -8.04268 -35.195
0 -8.5826 -43.3471
0 -7.97916 -46.3557
0 -8.78224 -49.4281
0 -8.2167 -61.0704
738
0 -6.78679 -29.2846
0 -6.49586 -26.0968
0 -7.32169 -23.6919
0 -6.12081 -21.5192
1 -5.20877 -20.9064
0 -5.83604 -18.4484
1 -5.08044 -17.7845
0 -5.58419 -15.2839
1 -4.60051 -14.7071
0 -5.43162 -12.2325
1 -4.4277 -11.6776
3 0.3 1.5
3 -0.3 1.5
3 -0.3 -1.5
3 0.3 -1.5
0 -4.11429 1.64701
1 -3.75039 -0.983404
0 -4.66259 -1.5813
1 -4.04727 -4.06391
0 -4.98419 -4.64654
1 -4.39018 -6.95361
0 -5.68897 -7.17615
0 -5.18755 -9.29262
1 -6.25779 -31.8358
0 -6.99731 -32.5449
0 -8.04268 -35.195
0 -8.5826 -43.3471
0 -7.97916 -46.3557
0 -8.78224 -49.4281
0 -8.2167 -61.0704
742
0 -6.78679 -29.2846
0 -6.49586 -26.0968
0 -7.32169 -23.6919
0 -6.12081 -21.5192
1 -5.20877 -20.9064
0 -5.83604 -18.4484
1 -5.08044 -17.7845
0 -5.58419 -15.2839
1 -4.60051 -14.7071
0 -5.43162 -12.2325
1 -4.4277 -11.6776
3 0.3 1.5
3 -0.3 1.5
3 -0.3 -1.5
3 0.3 -1.5
0 -4.11429 1.64701
1 -3.75039 -0.983404
0 -4.66259 -1.5813
1 -4.04727 -4.06391
0 -4.98419 -4.64654
1 -4.39018 -6.95361
0 -5.68897 -7.17615
0 -5.18755 -9.29262
1 -6.25779 -31.8358
0 -6.99731 -32.5449
0 -8.04268 -35.195
0 -8.5826 -43.3471
0 -7.97916 -46.3557
0 -8.78224 -49.4281
0 -8.2167 -61.0704
