2
3 0.3 -1.5
3 -0.3 -1.5
3 -0.3 1.5
3 0.3 1.5
6
3 0.3 -1.5
3 -0.3 -1.5
3 -0.3 1.5
3 0.3 1.5
10
3 0.3 -1.5
3 -0.3 -1.5
3 -0.3 1.5
3 0.3 1.5
14
3 0.3 -1.5
3 -0.3 -1.5
3 -0.3 1.5
3 0.3 1.5
18
3 0.3 -1.5
3 -0.3 -1.5
3 -0.3 1.5
3 0.3 1.5
22
3 0.3 -1.5
3 -0.3 -1.5
3 -0.3 1.5
3 0.3 1.5
26
3 0.3 -1.5
3 -0.3 -1.5
3 -0.3 1.5
3 0.3 1.5
30
0 -4.05188 1.71986
1 -3.88615 -0.924611
3 0.3 -1.5
3 -0.3 -1.5
3 -0.3 1.5
3 0.3 1.5
34
0 -3.98871 1.75103
1 -3.92018 -0.921697
3 0.3 -1.5
3 -0.3 -1.5
3 -0.3 1.5
3 0.3 1.5
38
0 -4.82404 -1.51297
0 -4.001 1.74109
1 -3.93111 -0.920814
3 0.3 -1.5
3 -0.3 -1.5
3 -0.3 1.5
3 0.3 1.5
42
0 -4.8714 -1.4801
0 -3.97916 1.75159
1 -3.92864 -0.921118
3 0.3 -1.5
3 -0.3 -1.5
3 -0.3 1.5
3 0.3 1.5
46
0 -4.82009 -1.51316
0 -3.99945 1.74043
1 -3.92075 -0.925815
3 0.3 -1.5
3 -0.3 -1.5
3 -0.3 1.5
3 0.3 1.5
50
0 -4.82281 -1.51141
0 -4.0149 1.72887
1 -3.92874 -0.921862
3 0.3 -1.5
3 -0.3 -1.5
3 -0.3 1.5
3 0.3 1.5
54
0 -4.82956 -1.50669
0 -4.01289 1.7296
1 -3.93509 -0.91972
3 0.3 -1.5
3 -0.3 -1.5
3 -0.3 1.5
3 0.3 1.5
58
0 -4.81832 -1.51778
0 -4.01182 1.73134
1 -3.88798 -0.933871
3 0.3 -1.5
3 -0.3 -1.5
3 -0.3 1.5
3 0.3 1.5
62
0 -4.85584 -1.4904
0 -4.01678 1.72905
1 -3.8455 -0.947231
3 0.3 -1.5
3 -0.3 -1.5
3 -0.3 1.5
3 0.3 1.5
66
0 -4.89319 -1.46526
0 -4.0004 1.73771
1 -3.84259 -0.946883
3 0.3 -1.5
3 -0.3 -1.5
3 -0.3 1.5
3 0.3 1.5
70
0 -4.89436 -1.46325
0 -4.00251 1.73779
1 -3.82365 -0.953855
3 0.3 -1.5
3 -0.3 -1.5
3 -0.3 1.5
3 0.3 1.5
74
0 -4.8949 -1.46291
0 -4.01147 1.73261
1 -3.80848 -0.958498
3 0.3 -1.5
3 -0.3 -1.5
3 -0.3 1.5
3 0.3 1.5
78
0 -4.89061 -1.46501
0 -4.01708 1.73013
1 -3.79666 -0.962942
3 0.3 -1.5
3 -0.3 -1.5
3 -0.3 1.5
3 0.3 1.5
82
0 -4.88695 -1.46838
0 -3.99941 1.741
1 -3.80627 -0.96012
3 0.3 -1.5
3 -0.3 -1.5
3 -0.3 1.5
3 0.3 1.5
86
0 -4.89927 -1.45988
0 -3.99999 1.74027
1 -3.80093 -0.961352
3 0.3 -1.5
3 -0.3 -1.5
3 -0.3 1.5
3 0.3 1.5
90
0 -4.91148 -1.45236
0 -3.99347 1.74284
1 -3.8142 -0.95608
3 0.3 -1.5
3 -0.3 -1.5
3 -0.3 1.5
3 0.3 1.5
94
0 -4.92004 -1.4484
0 -3.97642 1.75233
1 -3.82225 -0.952563
3 0.3 -1.5
3 -0.3 -1.5
3 -0.3 1.5
3 0.3 1.5
98
0 -4.91754 -1.44973
0 -3.98523 1.74785
1 -3.80368 -0.958791
3 0.3 -1.5
3 -0.3 -1.5
3 -0.3 1.5
3 0.3 1.5
102
0 -4.93557 -1.43606
0 -4.01091 1.73193
1 -3.78001 -0.965609
3 0.3 -1.5
3 -0.3 -1.5
3 -0.3 1.5
3 0.3 1.5
106
0 -4.92225 -1.44364
0 -4.0055 1.73628
1 -3.78873 -0.965689
3 0.3 -1.5
3 -0.3 -1.5
3 -0.3 1.5
3 0.3 1.5
110
0 -4.92634 -1.44097
0 -4.00294 1.73745
1 -3.79302 -0.964044
3 0.3 -1.5
3 -0.3 -1.5
3 -0.3 1.5
3 0.3 1.5
114
0 -4.914 -1.44845
0 -4.01029 1.73549
1 -3.75906 -0.9766
3 0.3 -1.5
3 -0.3 -1.5
3 -0.3 1.5
3 0.3 1.5
118
0 -4.89591 -1.45992
0 -4.00916 1.73656
1 -3.77762 -0.971809
3 0.3 -1.5
3 -0.3 -1.5
3 -0.3 1.5
3 0.3 1.5
122
0 -4.9021 -1.4565
0 -4.00406 1.73824
1 -3.79639 -0.964772
3 0.3 -1.5
3 -0.3 -1.5
3 -0.3 1.5
3 0.3 1.5
126
0 -4.88796 -1.46763
0 -3.99929 1.74217
1 -3.78409 -0.969002
3 0.3 -1.5
3 -0.3 -1.5
3 -0.3 1.5
3 0.3 1.5
130
0 -4.89643 -1.46192
0 -3.99091 1.74676
1 -3.79159 -0.966328
3 0.3 -1.5
3 -0.3 -1.5
3 -0.3 1.5
3 0.3 1.5
134
0 -4.89608 -1.46246
0 -3.99397 1.74471
1 -3.79081 -0.966277
3 0.3 -1.5
3 -0.3 -1.5
3 -0.3 1.5
3 0.3 1.5
138
0 -4.90303 -1.45563
0 -3.99814 1.74424
1 -3.75692 -0.978676
3 0.3 -1.5
3 -0.3 -1.5
3 -0.3 1.5
3 0.3 1.5
142
0 -4.91183 -1.45012
0 -3.99361 1.74464
1 -3.79254 -0.965893
3 0.3 -1.5
3 -0.3 -1.5
3 -0.3 1.5
3 0.3 1.5
146
0 -4.91392 -1.449
0 -3.99142 1.74579
1 -3.7934 -0.965395
3 0.3 -1.5
3 -0.3 -1.5
3 -0.3 1.5
3 0.3 1.5
150
0 -4.92314 -1.44294
0 -3.98529 1.74879
1 -3.80113 -0.962394
3 0.3 -1.5
3 -0.3 -1.5
3 -0.3 1.5
3 0.3 1.5
154
0 -4.9194 -1.44411
0 -3.99271 1.74558
1 -3.78454 -0.968827
3 0.3 -1.5
3 -0.3 -1.5
3 -0.3 1.5
3 0.3 1.5
158
0 -4.92762 -1.43942
0 -3.99309 1.74353
1 -3.80326 -0.961363
3 0.3 -1.5
3 -0.3 -1.5
3 -0.3 1.5
3 0.3 1.5
162
0 -4.91556 -1.44829
0 -3.99689 1.74407
1 -3.75398 -0.978303
3 0.3 -1.5
3 -0.3 -1.5
3 -0.3 1.5
3 0.3 1.5
166
0 -4.93652 -1.43313
0 -3.99453 1.74278
1 -3.79242 -0.964681
3 0.3 -1.5
3 -0.3 -1.5
3 -0.3 1.5
3 0.3 1.5
170
0 -4.94159 -1.42934
0 -3.99262 1.74457
1 -3.77945 -0.969157
3 0.3 -1.5
3 -0.3 -1.5
3 -0.3 1.5
3 0.3 1.5
174
0 -4.94184 -1.42922
0 -3.99199 1.74506
1 -3.77742 -0.96984
3 0.3 -1.5
3 -0.3 -1.5
3 -0.3 1.5
3 0.3 1.5
178
0 -4.93033 -1.43674
0 -3.99685 1.74334
1 -3.76427 -0.974942
3 0.3 -1.5
3 -0.3 -1.5
3 -0.3 1.5
3 0.3 1.5
182
0 -4.94011 -1.43076
0 -3.9915 1.74511
1 -3.78155 -0.968304
3 0.3 -1.5
3 -0.3 -1.5
3 -0.3 1.5
3 0.3 1.5
186
0 -4.91055 -1.45238
0 -3.99534 1.74559
1 -3.74433 -0.981519
3 0.3 -1.5
3 -0.3 -1.5
3 -0.3 1.5
3 0.3 1.5
190
0 -4.93525 -1.43437
0 -3.99054 1.74606
1 -3.77807 -0.969607
3 0.3 -1.5
3 -0.3 -1.5
3 -0.3 1.5
3 0.3 1.5
194
0 -4.93558 -1.43431
0 -3.98764 1.74799
1 -3.77601 -0.970329
3 0.3 -1.5
3 -0.3 -1.5
3 -0.3 1.5
3 0.3 1.5
198
0 -4.93479 -1.43494
0 -3.98943 1.7467
1 -3.77842 -0.969408
3 0.3 -1.5
3 -0.3 -1.5
3 -0.3 1.5
3 0.3 1.5
202
0 -4.94463 -1.42818
0 -3.98832 1.74647
1 -3.78687 -0.96607
3 0.3 -1.5
3 -0.3 -1.5
3 -0.3 1.5
3 0.3 1.5
206
0 -4.92259 -1.44417
0 -3.99225 1.74667
1 -3.74981 -0.979137
3 0.3 -1.5
3 -0.3 -1.5
3 -0.3 1.5
3 0.3 1.5
210
0 -4.9436 -1.42912
0 -3.99042 1.74485
1 -3.79067 -0.964567
3 0.3 -1.5
3 -0.3 -1.5
3 -0.3 1.5
3 0.3 1.5
214
0 -4.94234 -1.43015
0 -3.98997 1.74534
1 -3.78696 -0.965813
3 0.3 -1.5
3 -0.3 -1.5
3 -0.3 1.5
3 0.3 1.5
218
0 -4.95052 -1.42425
0 -3.98614 1.74766
1 -3.78454 -0.966595
3 0.3 -1.5
3 -0.3 -1.5
3 -0.3 1.5
3 0.3 1.5
222
0 -4.9521 -1.42316
0 -3.98972 1.74555
1 -3.77872 -0.968349
3 0.3 -1.5
3 -0.3 -1.5
3 -0.3 1.5
3 0.3 1.5
226
0 -4.96078 -1.41716
0 -3.98831 1.74553
1 -3.78826 -0.964739
3 0.3 -1.5
3 -0.3 -1.5
3 -0.3 1.5
3 0.3 1.5
230
0 -4.9363 -1.43549
0 -3.99252 1.74506
1 -3.75805 -0.975142
3 0.3 -1.5
3 -0.3 -1.5
3 -0.3 1.5
3 0.3 1.5
234
0 -4.94782 -1.42623
0 -3.99105 1.74492
1 -3.77748 -0.968844
3 0.3 -1.5
3 -0.3 -1.5
3 -0.3 1.5
3 0.3 1.5
238
0 -4.95701 -1.41928
0 -3.99332 1.74241
1 -3.79258 -0.96351
3 0.3 -1.5
3 -0.3 -1.5
3 -0.3 1.5
3 0.3 1.5
242
0 -4.95209 -1.42324
0 -3.99026 1.74505
1 -3.78112 -0.967456
3 0.3 -1.5
3 -0.3 -1.5
3 -0.3 1.5
3 0.3 1.5
246
0 -4.95172 -1.42362
0 -3.99041 1.74479
1 -3.7834 -0.966604
3 0.3 -1.5
3 -0.3 -1.5
3 -0.3 1.5
3 0.3 1.5
250
0 -4.96351 -1.41519
0 -3.99207 1.74276
1 -3.79228 -0.963107
3 0.3 -1.5
3 -0.3 -1.5
3 -0.3 1.5
3 0.3 1.5
254
0 -4.97115 -1.40783
0 -3.99434 1.74208
1 -3.78553 -0.966295
3 0.3 -1.5
3 -0.3 -1.5
3 -0.3 1.5
3 0.3 1.5
258
0 -4.98556 -1.39678
0 -3.99419 1.74155
1 -3.792 -0.964106
3 0.3 -1.5
3 -0.3 -1.5
3 -0.3 1.5
3 0.3 1.5
262
0 -4.9758 -1.40388
0 -3.99481 1.74146
1 -3.79249 -0.964143
3 0.3 -1.5
3 -0.3 -1.5
3 -0.3 1.5
3 0.3 1.5
266
0 -4.97818 -1.40215
0 -3.99466 1.74148
1 -3.79237 -0.964135
3 0.3 -1.5
3 -0.3 -1.5
3 -0.3 1.5
3 0.3 1.5
270
0 -5.04066 -4.20228
1 -3.82418 -3.73631
0 -4.97308 -1.40584
0 -3.995 1.74143
1 -3.79264 -0.964161
3 0.3 -1.5
3 -0.3 -1.5
3 -0.3 1.5
3 0.3 1.5
274
0 -5.37471 -4.29803
1 -4.29343 -3.78723
0 -4.96506 -1.41164
0 -3.99554 1.74136
1 -3.79307 -0.964202
3 0.3 -1.5
3 -0.3 -1.5
3 -0.3 1.5
3 0.3 1.5
278
0 -5.13529 -4.45004
1 -4.182 -3.82235
0 -4.96673 -1.41041
0 -3.99545 1.74137
1 -3.79299 -0.964202
3 0.3 -1.5
3 -0.3 -1.5
3 -0.3 1.5
3 0.3 1.5
282
0 -5.28403 -4.34731
1 -4.24751 -3.79808
0 -4.96639 -1.41066
0 -3.99547 1.74137
1 -3.79301 -0.964201
3 0.3 -1.5
3 -0.3 -1.5
3 -0.3 1.5
3 0.3 1.5
286
0 -5.43278 -4.34032
1 -4.28387 -3.86287
0 -4.96407 -1.41234
0 -3.99563 1.74134
1 -3.79313 -0.964215
3 0.3 -1.5
3 -0.3 -1.5
3 -0.3 1.5
3 0.3 1.5
290
0 -5.45797 -4.35934
1 -4.30776 -3.8824
0 -4.96299 -1.41312
0 -3.9957 1.74133
1 -3.79319 -0.96422
3 0.3 -1.5
3 -0.3 -1.5
3 -0.3 1.5
3 0.3 1.5
294
0 -5.49998 -4.38422
1 -4.3387 -3.91349
0 -4.96187 -1.41392
0 -3.99578 1.74132
1 -3.79325 -0.964227
3 0.3 -1.5
3 -0.3 -1.5
3 -0.3 1.5
3 0.3 1.5
298
0 -5.21071 -4.5685
1 -4.40659 -3.8706
0 -4.96332 -1.41286
0 -3.9957 1.74133
1 -3.79319 -0.964225
3 0.3 -1.5
3 -0.3 -1.5
3 -0.3 1.5
3 0.3 1.5
302
0 -5.40659 -4.49021
1 -4.45448 -3.88553
0 -4.96194 -1.41386
0 -3.99579 1.74132
1 -3.79326 -0.96423
3 0.3 -1.5
3 -0.3 -1.5
3 -0.3 1.5
3 0.3 1.5
306
0 -5.62113 -4.3563
1 -4.48587 -3.89763
0 -4.96053 -1.41489
0 -3.99587 1.74131
1 -3.79332 -0.964234
3 0.3 -1.5
3 -0.3 -1.5
3 -0.3 1.5
3 0.3 1.5
310
0 -5.5972 -4.41727
1 -4.50582 -3.91785
0 -4.95966 -1.41552
0 -3.99593 1.7413
1 -3.79337 -0.96424
3 0.3 -1.5
3 -0.3 -1.5
3 -0.3 1.5
3 0.3 1.5
314
1 -4.2061 -4.0628
0 -5.50335 -4.46337
1 -4.48509 -3.90792
0 -4.96038 -1.41499
0 -3.99589 1.7413
1 -3.79333 -0.964237
3 0.3 -1.5
3 -0.3 -1.5
3 -0.3 1.5
3 0.3 1.5
318
1 -4.27671 -4.04161
0 -5.54446 -4.46128
1 -4.50742 -3.92086
0 -4.95977 -1.41543
0 -3.99593 1.7413
1 -3.79337 -0.96424
3 0.3 -1.5
3 -0.3 -1.5
3 -0.3 1.5
3 0.3 1.5
322
1 -4.5058 -3.96437
0 -5.60707 -4.4383
1 -4.52633 -3.93155
0 -4.95907 -1.41594
0 -3.99597 1.74129
1 -3.7934 -0.964243
3 0.3 -1.5
3 -0.3 -1.5
3 -0.3 1.5
3 0.3 1.5
326
1 -4.50928 -3.96106
0 -5.6314 -4.41367
1 -4.5231 -3.92785
0 -4.95896 -1.41603
0 -3.99598 1.74129
1 -3.79341 -0.964242
3 0.3 -1.5
3 -0.3 -1.5
3 -0.3 1.5
3 0.3 1.5
330
1 -4.51108 -3.96185
0 -5.62249 -4.41967
1 -4.52208 -3.92754
0 -4.95901 -1.41599
0 -3.99597 1.74129
1 -3.7934 -0.964242
3 0.3 -1.5
3 -0.3 -1.5
3 -0.3 1.5
3 0.3 1.5
334
1 -4.51198 -3.96215
0 -5.61717 -4.42339
1 -4.52156 -3.92741
0 -4.95903 -1.41598
0 -3.99597 1.74129
1 -3.7934 -0.964242
3 0.3 -1.5
3 -0.3 -1.5
3 -0.3 1.5
3 0.3 1.5
338
0 -5.63345 -7.50234
1 -4.62521 -6.87389
1 -4.51116 -3.96199
0 -5.62285 -4.41929
1 -4.52203 -3.92749
0 -4.95901 -1.41599
0 -3.99597 1.74129
1 -3.7934 -0.964242
3 0.3 -1.5
3 -0.3 -1.5
3 -0.3 1.5
3 0.3 1.5
342
0 -5.82428 -7.49057
1 -4.77957 -6.91451
1 -4.51222 -3.96223
0 -5.61568 -4.42444
1 -4.52142 -3.92738
0 -4.95904 -1.41597
0 -3.99597 1.74129
1 -3.7934 -0.964242
3 0.3 -1.5
3 -0.3 -1.5
3 -0.3 1.5
3 0.3 1.5
346
0 -6.10928 -7.34926
1 -5.08467 -6.84698
1 -4.513 -3.96233
0 -5.60977 -4.42876
1 -4.52097 -3.92733
0 -4.95906 -1.41595
0 -3.99597 1.74129
1 -3.7934 -0.964242
3 0.3 -1.5
3 -0.3 -1.5
3 -0.3 1.5
3 0.3 1.5
350
3 0.3 1.5
3 -0.3 1.5
3 -0.3 -1.5
3 0.3 -1.5
1 -3.7934 -0.964242
0 -3.99597 1.74129
0 -4.95907 -1.41595
1 -4.52092 -3.92732
0 -5.60907 -4.42927
1 -4.51309 -3.96234
1 -5.08189 -6.84812
0 -6.12819 -7.33621
354
3 0.3 1.5
3 -0.3 1.5
3 -0.3 -1.5
3 0.3 -1.5
1 -3.7934 -0.964242
0 -3.99597 1.74129
0 -4.95906 -1.41595
1 -4.52097 -3.92732
0 -5.60973 -4.42879
1 -4.51301 -3.96233
1 -5.07979 -6.84812
0 -6.0653 -7.37927
358
3 0.3 1.5
3 -0.3 1.5
3 -0.3 -1.5
3 0.3 -1.5
1 -3.7934 -0.964242
0 -3.99597 1.74129
0 -4.95906 -1.41595
1 -4.52097 -3.92732
0 -5.60983 -4.42871
1 -4.51301 -3.96233
1 -5.07945 -6.84812
0 -6.05541 -7.38602
362
0 -6.34043 -10.422
3 0.3 1.5
3 -0.3 1.5
3 -0.3 -1.5
3 0.3 -1.5
1 -3.7934 -0.964242
0 -3.99597 1.74129
0 -4.95906 -1.41595
1 -4.52097 -3.92732
0 -5.60992 -4.42865
1 -4.51301 -3.96233
1 -5.07916 -6.84814
0 -6.04754 -7.39133
1 -4.97635 -9.9685
366
0 -6.4709 -10.2163
3 0.3 1.5
3 -0.3 1.5
3 -0.3 -1.5
3 0.3 -1.5
1 -3.7934 -0.964242
0 -3.99597 1.74129
0 -4.95906 -1.41595
1 -4.52097 -3.92732
0 -5.60983 -4.42871
1 -4.51301 -3.96233
1 -5.07949 -6.84807
0 -6.05441 -7.38691
1 -5.02026 -9.87252
370
0 -6.52906 -10.1901
3 0.3 1.5
3 -0.3 1.5
3 -0.3 -1.5
3 0.3 -1.5
1 -3.7934 -0.964242
0 -3.99597 1.74129
0 -4.95906 -1.41595
1 -4.52097 -3.92732
0 -5.60986 -4.42869
1 -4.51301 -3.96233
1 -5.07941 -6.84808
0 -6.05214 -7.38844
1 -5.04694 -9.8781
374
0 -6.48116 -10.224
3 0.3 1.5
3 -0.3 1.5
3 -0.3 -1.5
3 0.3 -1.5
1 -3.7934 -0.964242
0 -3.99597 1.74129
0 -4.95906 -1.41595
1 -4.52097 -3.92732
0 -5.60985 -4.4287
1 -4.51301 -3.96233
1 -5.07943 -6.84808
0 -6.05302 -7.38782
1 -5.04727 -9.87982
378
0 -6.45905 -10.2395
3 0.3 1.5
3 -0.3 1.5
3 -0.3 -1.5
3 0.3 -1.5
1 -3.7934 -0.964242
0 -3.99597 1.74129
0 -4.95906 -1.41595
1 -4.52097 -3.92732
0 -5.60985 -4.4287
1 -4.51301 -3.96233
1 -5.07944 -6.84808
0 -6.0534 -7.38755
1 -5.04755 -9.88013
382
0 -6.44533 -10.2493
3 0.3 1.5
3 -0.3 1.5
3 -0.3 -1.5
3 0.3 -1.5
1 -3.7934 -0.964242
0 -3.99597 1.74129
0 -4.95906 -1.41595
1 -4.52097 -3.92732
0 -5.60985 -4.4287
1 -4.51301 -3.96233
1 -5.07944 -6.84808
0 -6.05363 -7.38739
1 -5.04772 -9.88029
386
0 -7.19301 -12.9951
1 -5.74942 -12.7217
0 -6.45202 -10.2446
3 0.3 1.5
3 -0.3 1.5
3 -0.3 -1.5
3 0.3 -1.5
1 -3.7934 -0.964242
0 -3.99597 1.74129
0 -4.95906 -1.41595
1 -4.52097 -3.92732
0 -5.60985 -4.4287
1 -4.51301 -3.96233
1 -5.07944 -6.84808
0 -6.05351 -7.38747
1 -5.04763 -9.88019
390
0 -7.40028 -12.8098
1 -5.86782 -12.6734
0 -6.45043 -10.2459
3 0.3 1.5
3 -0.3 1.5
3 -0.3 -1.5
3 0.3 -1.5
1 -3.7934 -0.964242
0 -3.99597 1.74129
0 -4.95906 -1.41595
1 -4.52097 -3.92732
0 -5.60985 -4.4287
1 -4.51301 -3.96233
1 -5.07944 -6.84808
0 -6.05352 -7.38746
1 -5.04763 -9.88019
394
0 -7.40767 -12.8075
1 -5.8659 -12.6736
0 -6.45027 -10.246
3 0.3 1.5
3 -0.3 1.5
3 -0.3 -1.5
3 0.3 -1.5
1 -3.7934 -0.964242
0 -3.99597 1.74129
0 -4.95906 -1.41595
1 -4.52097 -3.92732
0 -5.60985 -4.4287
1 -4.51301 -3.96233
1 -5.07944 -6.84808
0 -6.05352 -7.38746
1 -5.04763 -9.88019
398
0 -7.40767 -12.8075
1 -5.8659 -12.6736
0 -6.45027 -10.246
3 0.3 1.5
3 -0.3 1.5
3 -0.3 -1.5
3 0.3 -1.5
1 -3.7934 -0.964242
0 -3.99597 1.74129
0 -4.95906 -1.41595
1 -4.52097 -3.92732
0 -5.60985 -4.4287
1 -4.51301 -3.96233
1 -5.07944 -6.84808
0 -6.05352 -7.38746
1 -5.04763 -9.88019
402
0 -6.77712 -15.1111
0 -7.40767 -12.8075
1 -5.8659 -12.6736
0 -6.45027 -10.246
3 0.3 1.5
3 -0.3 1.5
3 -0.3 -1.5
3 0.3 -1.5
1 -3.7934 -0.964242
0 -3.99597 1.74129
0 -4.95906 -1.41595
1 -4.52097 -3.92732
0 -5.60985 -4.4287
1 -4.51301 -3.96233
1 -5.07944 -6.84808
0 -6.05352 -7.38746
1 -5.04763 -9.88019
406
0 -7.38225 -18.1159
1 -5.96086 -17.7515
0 -6.75159 -15.1254
0 -7.40767 -12.8075
1 -5.8659 -12.6736
0 -6.45027 -10.246
3 0.3 1.5
3 -0.3 1.5
3 -0.3 -1.5
3 0.3 -1.5
1 -3.7934 -0.964242
0 -3.99597 1.74129
0 -4.95906 -1.41595
1 -4.52097 -3.92732
0 -5.60985 -4.4287
1 -4.51301 -3.96233
1 -5.07944 -6.84808
0 -6.05352 -7.38746
1 -5.04763 -9.88019
410
0 -7.41755 -18.1677
1 -6.23195 -17.7118
0 -6.73153 -15.1378
0 -7.40767 -12.8075
1 -5.8659 -12.6736
0 -6.45027 -10.246
3 0.3 1.5
3 -0.3 1.5
3 -0.3 -1.5
3 0.3 -1.5
1 -3.7934 -0.964242
0 -3.99597 1.74129
0 -4.95906 -1.41595
1 -4.52097 -3.92732
0 -5.60985 -4.4287
1 -4.51301 -3.96233
1 -5.07944 -6.84808
0 -6.05352 -7.38746
1 -5.04763 -9.88019
414
0 -7.24883 -18.2482
1 -6.08167 -17.7291
0 -6.74673 -15.128
0 -7.40767 -12.8075
1 -5.8659 -12.6736
0 -6.45027 -10.246
3 0.3 1.5
3 -0.3 1.5
3 -0.3 -1.5
3 0.3 -1.5
1 -3.7934 -0.964242
0 -3.99597 1.74129
0 -4.95906 -1.41595
1 -4.52097 -3.92732
0 -5.60985 -4.4287
1 -4.51301 -3.96233
1 -5.07944 -6.84808
0 -6.05352 -7.38746
1 -5.04763 -9.88019
418
0 -7.39486 -18.1187
1 -6.15402 -17.6923
0 -6.7458 -15.1294
0 -7.40767 -12.8075
1 -5.8659 -12.6736
0 -6.45027 -10.246
3 0.3 1.5
3 -0.3 1.5
3 -0.3 -1.5
3 0.3 -1.5
1 -3.7934 -0.964242
0 -3.99597 1.74129
0 -4.95906 -1.41595
1 -4.52097 -3.92732
0 -5.60985 -4.4287
1 -4.51301 -3.96233
1 -5.07944 -6.84808
0 -6.05352 -7.38746
1 -5.04763 -9.88019
422
0 -7.3477 -18.1534
1 -6.15496 -17.6917
0 -6.74695 -15.1285
0 -7.40767 -12.8075
1 -5.8659 -12.6736
0 -6.45027 -10.246
3 0.3 1.5
3 -0.3 1.5
3 -0.3 -1.5
3 0.3 -1.5
1 -3.7934 -0.964242
0 -3.99597 1.74129
0 -4.95906 -1.41595
1 -4.52097 -3.92732
0 -5.60985 -4.4287
1 -4.51301 -3.96233
1 -5.07944 -6.84808
0 -6.05352 -7.38746
1 -5.04763 -9.88019
426
0 -7.34483 -18.1554
1 -6.15512 -17.6917
0 -6.74708 -15.1284
0 -7.40767 -12.8075
1 -5.8659 -12.6736
0 -6.45027 -10.246
3 0.3 1.5
3 -0.3 1.5
3 -0.3 -1.5
3 0.3 -1.5
1 -3.7934 -0.964242
0 -3.99597 1.74129
0 -4.95906 -1.41595
1 -4.52097 -3.92732
0 -5.60985 -4.4287
1 -4.51301 -3.96233
1 -5.07944 -6.84808
0 -6.05352 -7.38746
1 -5.04763 -9.88019
430
0 -7.801 -21.3472
1 -6.69568 -20.7752
0 -7.34085 -18.1581
1 -6.15531 -17.6916
0 -6.74723 -15.1283
0 -7.40767 -12.8075
1 -5.8659 -12.6736
0 -6.45027 -10.246
3 0.3 1.5
3 -0.3 1.5
3 -0.3 -1.5
3 0.3 -1.5
1 -3.7934 -0.964242
0 -3.99597 1.74129
0 -4.95906 -1.41595
1 -4.52097 -3.92732
0 -5.60985 -4.4287
1 -4.51301 -3.96233
1 -5.07944 -6.84808
0 -6.05352 -7.38746
1 -5.04763 -9.88019
434
0 -7.86672 -21.1803
1 -6.8363 -20.6401
0 -7.34716 -18.1539
1 -6.15495 -17.6917
0 -6.74695 -15.1285
0 -7.40767 -12.8075
1 -5.8659 -12.6736
0 -6.45027 -10.246
3 0.3 1.5
3 -0.3 1.5
3 -0.3 -1.5
3 0.3 -1.5
1 -3.7934 -0.964242
0 -3.99597 1.74129
0 -4.95906 -1.41595
1 -4.52097 -3.92732
0 -5.60985 -4.4287
1 -4.51301 -3.96233
1 -5.07944 -6.84808
0 -6.05352 -7.38746
1 -5.04763 -9.88019
438
0 -7.9109 -21.1751
1 -6.86475 -20.6454
0 -7.34474 -18.1556
1 -6.15495 -17.6917
0 -6.74704 -15.1284
0 -7.40767 -12.8075
1 -5.8659 -12.6736
0 -6.45027 -10.246
3 0.3 1.5
3 -0.3 1.5
3 -0.3 -1.5
3 0.3 -1.5
1 -3.7934 -0.964242
0 -3.99597 1.74129
0 -4.95906 -1.41595
1 -4.52097 -3.92732
0 -5.60985 -4.4287
1 -4.51301 -3.96233
1 -5.07944 -6.84808
0 -6.05352 -7.38746
1 -5.04763 -9.88019
442
0 -7.85464 -21.2126
1 -6.86531 -20.6452
0 -7.34566 -18.1549
1 -6.15495 -17.6917
0 -6.74701 -15.1284
0 -7.40767 -12.8075
1 -5.8659 -12.6736
0 -6.45027 -10.246
3 0.3 1.5
3 -0.3 1.5
3 -0.3 -1.5
3 0.3 -1.5
1 -3.7934 -0.964242
0 -3.99597 1.74129
0 -4.95906 -1.41595
1 -4.52097 -3.92732
0 -5.60985 -4.4287
1 -4.51301 -3.96233
1 -5.07944 -6.84808
0 -6.05352 -7.38746
1 -5.04763 -9.88019
446
0 -7.85554 -21.212
1 -6.86531 -20.6452
0 -7.34566 -18.1549
1 -6.15495 -17.6917
0 -6.74701 -15.1284
0 -7.40767 -12.8075
1 -5.8659 -12.6736
0 -6.45027 -10.246
3 0.3 1.5
3 -0.3 1.5
3 -0.3 -1.5
3 0.3 -1.5
1 -3.7934 -0.964242
0 -3.99597 1.74129
0 -4.95906 -1.41595
1 -4.52097 -3.92732
0 -5.60985 -4.4287
1 -4.51301 -3.96233
1 -5.07944 -6.84808
0 -6.05352 -7.38746
1 -5.04763 -9.88019
450
0 -8.1367 -24.4654
1 -6.98427 -23.8934
0 -7.85202 -21.2142
1 -6.86531 -20.6452
0 -7.34572 -18.1549
1 -6.15495 -17.6917
0 -6.74701 -15.1284
0 -7.40767 -12.8075
1 -5.8659 -12.6736
0 -6.45027 -10.246
3 0.3 1.5
3 -0.3 1.5
3 -0.3 -1.5
3 0.3 -1.5
1 -3.7934 -0.964242
0 -3.99597 1.74129
0 -4.95906 -1.41595
1 -4.52097 -3.92732
0 -5.60985 -4.4287
1 -4.51301 -3.96233
1 -5.07944 -6.84808
0 -6.05352 -7.38746
1 -5.04763 -9.88019
454
0 -8.0957 -24.415
1 -6.87513 -23.8631
0 -7.86016 -21.209
1 -6.86525 -20.6453
0 -7.34557 -18.155
1 -6.15495 -17.6917
0 -6.74701 -15.1284
0 -7.40767 -12.8075
1 -5.8659 -12.6736
0 -6.45027 -10.246
3 0.3 1.5
3 -0.3 1.5
3 -0.3 -1.5
3 0.3 -1.5
1 -3.7934 -0.964242
0 -3.99597 1.74129
0 -4.95906 -1.41595
1 -4.52097 -3.92732
0 -5.60985 -4.4287
1 -4.51301 -3.96233
1 -5.07944 -6.84808
0 -6.05352 -7.38746
1 -5.04763 -9.88019
458
0 -8.31794 -24.3083
1 -7.24652 -23.77
0 -7.84951 -21.2162
1 -6.86535 -20.6452
0 -7.34574 -18.1549
1 -6.15495 -17.6917
0 -6.74701 -15.1284
0 -7.40767 -12.8075
1 -5.8659 -12.6736
0 -6.45027 -10.246
3 0.3 1.5
3 -0.3 1.5
3 -0.3 -1.5
3 0.3 -1.5
1 -3.7934 -0.964242
0 -3.99597 1.74129
0 -4.95906 -1.41595
1 -4.52097 -3.92732
0 -5.60985 -4.4287
1 -4.51301 -3.96233
1 -5.07944 -6.84808
0 -6.05352 -7.38746
1 -5.04763 -9.88019
462
0 -8.31682 -24.3044
1 -7.24184 -23.7695
0 -7.84891 -21.2166
1 -6.86535 -20.6452
0 -7.34575 -18.1549
1 -6.15495 -17.6917
0 -6.74701 -15.1284
0 -7.40767 -12.8075
1 -5.8659 -12.6736
0 -6.45027 -10.246
3 0.3 1.5
3 -0.3 1.5
3 -0.3 -1.5
3 0.3 -1.5
1 -3.7934 -0.964242
0 -3.99597 1.74129
0 -4.95906 -1.41595
1 -4.52097 -3.92732
0 -5.60985 -4.4287
1 -4.51301 -3.96233
1 -5.07944 -6.84808
0 -6.05352 -7.38746
1 -5.04763 -9.88019
466
0 -8.26907 -24.3372
1 -7.24205 -23.769
0 -7.84985 -21.2159
1 -6.86535 -20.6452
0 -7.34574 -18.1549
1 -6.15495 -17.6917
0 -6.74701 -15.1284
0 -7.40767 -12.8075
1 -5.8659 -12.6736
0 -6.45027 -10.246
3 0.3 1.5
3 -0.3 1.5
3 -0.3 -1.5
3 0.3 -1.5
1 -3.7934 -0.964242
0 -3.99597 1.74129
0 -4.95906 -1.41595
1 -4.52097 -3.92732
0 -5.60985 -4.4287
1 -4.51301 -3.96233
1 -5.07944 -6.84808
0 -6.05352 -7.38746
1 -5.04763 -9.88019
470
0 -8.26513 -24.3396
1 -7.24209 -23.769
0 -7.84996 -21.2158
1 -6.86535 -20.6452
0 -7.34574 -18.1549
1 -6.15495 -17.6917
0 -6.74701 -15.1284
0 -7.40767 -12.8075
1 -5.8659 -12.6736
0 -6.45027 -10.246
3 0.3 1.5
3 -0.3 1.5
3 -0.3 -1.5
3 0.3 -1.5
1 -3.7934 -0.964242
0 -3.99597 1.74129
0 -4.95906 -1.41595
1 -4.52097 -3.92732
0 -5.60985 -4.4287
1 -4.51301 -3.96233
1 -5.07944 -6.84808
0 -6.05352 -7.38746
1 -5.04763 -9.88019
474
0 -8.7336 -27.5848
1 -7.71044 -27.0127
0 -8.26176 -24.342
1 -7.24209 -23.769
0 -7.85002 -21.2158
1 -6.86535 -20.6452
0 -7.34574 -18.1549
1 -6.15495 -17.6917
0 -6.74701 -15.1284
0 -7.40767 -12.8075
1 -5.8659 -12.6736
0 -6.45027 -10.246
3 0.3 1.5
3 -0.3 1.5
3 -0.3 -1.5
3 0.3 -1.5
1 -3.7934 -0.964242
0 -3.99597 1.74129
0 -4.95906 -1.41595
1 -4.52097 -3.92732
0 -5.60985 -4.4287
1 -4.51301 -3.96233
1 -5.07944 -6.84808
0 -6.05352 -7.38746
1 -5.04763 -9.88019
478
0 -8.94809 -27.4255
1 -8.00599 -26.9018
0 -8.25668 -24.3457
1 -7.24209 -23.769
0 -7.8501 -21.2157
1 -6.86535 -20.6452
0 -7.34574 -18.1549
1 -6.15495 -17.6917
0 -6.74701 -15.1284
0 -7.40767 -12.8075
1 -5.8659 -12.6736
0 -6.45027 -10.246
3 0.3 1.5
3 -0.3 1.5
3 -0.3 -1.5
3 0.3 -1.5
1 -3.7934 -0.964242
0 -3.99597 1.74129
0 -4.95906 -1.41595
1 -4.52097 -3.92732
0 -5.60985 -4.4287
1 -4.51301 -3.96233
1 -5.07944 -6.84808
0 -6.05352 -7.38746
1 -5.04763 -9.88019
482
0 -8.71586 -27.5541
1 -7.83502 -26.9387
0 -8.264 -24.3406
1 -7.24208 -23.769
0 -7.84996 -21.2158
1 -6.86535 -20.6452
0 -7.34574 -18.1549
1 -6.15495 -17.6917
0 -6.74701 -15.1284
0 -7.40767 -12.8075
1 -5.8659 -12.6736
0 -6.45027 -10.246
3 0.3 1.5
3 -0.3 1.5
3 -0.3 -1.5
3 0.3 -1.5
1 -3.7934 -0.964242
0 -3.99597 1.74129
0 -4.95906 -1.41595
1 -4.52097 -3.92732
0 -5.60985 -4.4287
1 -4.51301 -3.96233
1 -5.07944 -6.84808
0 -6.05352 -7.38746
1 -5.04763 -9.88019
486
0 -8.85616 -27.4339
1 -7.92906 -26.8897
0 -8.26274 -24.3416
1 -7.24208 -23.769
0 -7.84997 -21.2158
1 -6.86535 -20.6452
0 -7.34574 -18.1549
1 -6.15495 -17.6917
0 -6.74701 -15.1284
0 -7.40767 -12.8075
1 -5.8659 -12.6736
0 -6.45027 -10.246
3 0.3 1.5
3 -0.3 1.5
3 -0.3 -1.5
3 0.3 -1.5
1 -3.7934 -0.964242
0 -3.99597 1.74129
0 -4.95906 -1.41595
1 -4.52097 -3.92732
0 -5.60985 -4.4287
1 -4.51301 -3.96233
1 -5.07944 -6.84808
0 -6.05352 -7.38746
1 -5.04763 -9.88019
490
0 -8.81684 -27.4617
1 -7.92996 -26.8898
0 -8.26324 -24.3412
1 -7.24208 -23.769
0 -7.84997 -21.2158
1 -6.86535 -20.6452
0 -7.34574 -18.1549
1 -6.15495 -17.6917
0 -6.74701 -15.1284
0 -7.40767 -12.8075
1 -5.8659 -12.6736
0 -6.45027 -10.246
3 0.3 1.5
3 -0.3 1.5
3 -0.3 -1.5
3 0.3 -1.5
1 -3.7934 -0.964242
0 -3.99597 1.74129
0 -4.95906 -1.41595
1 -4.52097 -3.92732
0 -5.60985 -4.4287
1 -4.51301 -3.96233
1 -5.07944 -6.84808
0 -6.05352 -7.38746
1 -5.04763 -9.88019
494
0 -8.79446 -27.477
1 -7.93067 -26.89
0 -8.26357 -24.341
1 -7.24208 -23.769
0 -7.84996 -21.2158
1 -6.86535 -20.6452
0 -7.34574 -18.1549
1 -6.15495 -17.6917
0 -6.74701 -15.1284
0 -7.40767 -12.8075
1 -5.8659 -12.6736
0 -6.45027 -10.246
3 0.3 1.5
3 -0.3 1.5
3 -0.3 -1.5
3 0.3 -1.5
1 -3.7934 -0.964242
0 -3.99597 1.74129
0 -4.95906 -1.41595
1 -4.52097 -3.92732
0 -5.60985 -4.4287
1 -4.51301 -3.96233
1 -5.07944 -6.84808
0 -6.05352 -7.38746
1 -5.04763 -9.88019
498
0 -9.70678 -30.3749
0 -8.80256 -27.4719
1 -7.9303 -26.8899
0 -8.26342 -24.3411
1 -7.24208 -23.769
0 -7.84996 -21.2158
1 -6.86535 -20.6452
0 -7.34574 -18.1549
1 -6.15495 -17.6917
0 -6.74701 -15.1284
0 -7.40767 -12.8075
1 -5.8659 -12.6736
0 -6.45027 -10.246
3 0.3 1.5
3 -0.3 1.5
3 -0.3 -1.5
3 0.3 -1.5
1 -3.7934 -0.964242
0 -3.99597 1.74129
0 -4.95906 -1.41595
1 -4.52097 -3.92732
0 -5.60985 -4.4287
1 -4.51301 -3.96233
1 -5.07944 -6.84808
0 -6.05352 -7.38746
1 -5.04763 -9.88019
502
1 -5.04763 -9.88019
0 -6.05352 -7.38746
1 -5.07944 -6.84808
1 -4.51301 -3.96233
0 -5.60985 -4.4287
1 -4.52097 -3.92732
0 -4.95906 -1.41595
0 -3.99597 1.74129
1 -3.7934 -0.964242
3 0.3 -1.5
3 -0.3 -1.5
3 -0.3 1.5
3 0.3 1.5
0 -6.45027 -10.246
1 -5.8659 -12.6736
0 -7.40767 -12.8075
0 -6.74701 -15.1284
1 -6.15495 -17.6917
0 -7.34574 -18.1549
1 -6.86535 -20.6452
0 -7.84996 -21.2158
1 -7.24208 -23.769
0 -8.26343 -24.3411
1 -7.93033 -26.8899
0 -8.80166 -27.4725
0 -9.80749 -30.3082
506
1 -5.04763 -9.88019
0 -6.05352 -7.38746
1 -5.07944 -6.84808
1 -4.51301 -3.96233
0 -5.60985 -4.4287
1 -4.52097 -3.92732
0 -4.95906 -1.41595
0 -3.99597 1.74129
1 -3.7934 -0.964242
3 0.3 -1.5
3 -0.3 -1.5
3 -0.3 1.5
3 0.3 1.5
0 -6.45027 -10.246
1 -5.8659 -12.6736
0 -7.40767 -12.8075
0 -6.74701 -15.1284
1 -6.15495 -17.6917
0 -7.34574 -18.1549
1 -6.86535 -20.6452
0 -7.84996 -21.2158
1 -7.24208 -23.769
0 -8.26344 -24.3411
1 -7.93035 -26.8899
0 -8.8007 -27.4732
0 -9.85513 -30.2726
510
0 -9.39444 -33.1151
1 -5.04763 -9.88019
0 -6.05352 -7.38746
1 -5.07944 -6.84808
1 -4.51301 -3.96233
0 -5.60985 -4.4287
1 -4.52097 -3.92732
0 -4.95906 -1.41595
0 -3.99597 1.74129
1 -3.7934 -0.964242
3 0.3 -1.5
3 -0.3 -1.5
3 -0.3 1.5
3 0.3 1.5
0 -6.45027 -10.246
1 -5.8659 -12.6736
0 -7.40767 -12.8075
0 -6.74701 -15.1284
1 -6.15495 -17.6917
0 -7.34574 -18.1549
1 -6.86535 -20.6452
0 -7.84996 -21.2158
1 -7.24208 -23.769
0 -8.26344 -24.3411
1 -7.93035 -26.8899
0 -8.80071 -27.4732
0 -9.85248 -30.2746
514
0 -9.41844 -33.0905
1 -5.04763 -9.88019
0 -6.05352 -7.38746
1 -5.07944 -6.84808
1 -4.51301 -3.96233
0 -5.60985 -4.4287
1 -4.52097 -3.92732
0 -4.95906 -1.41595
0 -3.99597 1.74129
1 -3.7934 -0.964242
3 0.3 -1.5
3 -0.3 -1.5
3 -0.3 1.5
3 0.3 1.5
0 -6.45027 -10.246
1 -5.8659 -12.6736
0 -7.40767 -12.8075
0 -6.74701 -15.1284
1 -6.15495 -17.6917
0 -7.34574 -18.1549
1 -6.86535 -20.6452
0 -7.84996 -21.2158
1 -7.24208 -23.769
0 -8.26344 -24.3411
1 -7.93035 -26.8899
0 -8.80073 -27.4732
0 -9.85031 -30.276
518
0 -9.37473 -33.1206
1 -5.04763 -9.88019
0 -6.05352 -7.38746
1 -5.07944 -6.84808
1 -4.51301 -3.96233
0 -5.60985 -4.4287
1 -4.52097 -3.92732
0 -4.95906 -1.41595
0 -3.99597 1.74129
1 -3.7934 -0.964242
3 0.3 -1.5
3 -0.3 -1.5
3 -0.3 1.5
3 0.3 1.5
0 -6.45027 -10.246
1 -5.8659 -12.6736
0 -7.40767 -12.8075
0 -6.74701 -15.1284
1 -6.15495 -17.6917
0 -7.34574 -18.1549
1 -6.86535 -20.6452
0 -7.84996 -21.2158
1 -7.24208 -23.769
0 -8.26344 -24.3411
1 -7.93035 -26.8899
0 -8.80073 -27.4732
0 -9.85104 -30.2755
522
0 -9.40645 -33.0988
1 -5.04763 -9.88019
0 -6.05352 -7.38746
1 -5.07944 -6.84808
1 -4.51301 -3.96233
0 -5.60985 -4.4287
1 -4.52097 -3.92732
0 -4.95906 -1.41595
0 -3.99597 1.74129
1 -3.7934 -0.964242
3 0.3 -1.5
3 -0.3 -1.5
3 -0.3 1.5
3 0.3 1.5
0 -6.45027 -10.246
1 -5.8659 -12.6736
0 -7.40767 -12.8075
0 -6.74701 -15.1284
1 -6.15495 -17.6917
0 -7.34574 -18.1549
1 -6.86535 -20.6452
0 -7.84996 -21.2158
1 -7.24208 -23.769
0 -8.26344 -24.3411
1 -7.93035 -26.8899
0 -8.80073 -27.4732
0 -9.85051 -30.2759
526
0 -9.3834 -33.1147
1 -5.04763 -9.88019
0 -6.05352 -7.38746
1 -5.07944 -6.84808
1 -4.51301 -3.96233
0 -5.60985 -4.4287
1 -4.52097 -3.92732
0 -4.95906 -1.41595
0 -3.99597 1.74129
1 -3.7934 -0.964242
3 0.3 -1.5
3 -0.3 -1.5
3 -0.3 1.5
3 0.3 1.5
0 -6.45027 -10.246
1 -5.8659 -12.6736
0 -7.40767 -12.8075
0 -6.74701 -15.1284
1 -6.15495 -17.6917
0 -7.34574 -18.1549
1 -6.86535 -20.6452
0 -7.84996 -21.2158
1 -7.24208 -23.769
0 -8.26344 -24.3411
1 -7.93035 -26.8899
0 -8.80073 -27.4732
0 -9.85089 -30.2756
530
0 -9.41322 -33.095
1 -5.04763 -9.88019
0 -6.05352 -7.38746
1 -5.07944 -6.84808
1 -4.51301 -3.96233
0 -5.60985 -4.4287
1 -4.52097 -3.92732
0 -4.95906 -1.41595
0 -3.99597 1.74129
1 -3.7934 -0.964242
3 0.3 -1.5
3 -0.3 -1.5
3 -0.3 1.5
3 0.3 1.5
0 -6.45027 -10.246
1 -5.8659 -12.6736
0 -7.40767 -12.8075
0 -6.74701 -15.1284
1 -6.15495 -17.6917
0 -7.34574 -18.1549
1 -6.86535 -20.6452
0 -7.84996 -21.2158
1 -7.24208 -23.769
0 -8.26344 -24.3411
1 -7.93035 -26.8899
0 -8.80073 -27.4732
0 -9.85033 -30.276
534
0 -9.4138 -33.0945
1 -5.04763 -9.88019
0 -6.05352 -7.38746
1 -5.07944 -6.84808
1 -4.51301 -3.96233
0 -5.60985 -4.4287
1 -4.52097 -3.92732
0 -4.95906 -1.41595
0 -3.99597 1.74129
1 -3.7934 -0.964242
3 0.3 -1.5
3 -0.3 -1.5
3 -0.3 1.5
3 0.3 1.5
0 -6.45027 -10.246
1 -5.8659 -12.6736
0 -7.40767 -12.8075
0 -6.74701 -15.1284
1 -6.15495 -17.6917
0 -7.34574 -18.1549
1 -6.86535 -20.6452
0 -7.84996 -21.2158
1 -7.24208 -23.769
0 -8.26344 -24.3411
1 -7.93035 -26.8899
0 -8.80073 -27.4732
0 -9.85033 -30.276
538
0 -10.2047 -36.9065
0 -9.4138 -33.0945
1 -5.04763 -9.88019
0 -6.05352 -7.38746
1 -5.07944 -6.84808
1 -4.51301 -3.96233
0 -5.60985 -4.4287
1 -4.52097 -3.92732
0 -4.95906 -1.41595
0 -3.99597 1.74129
1 -3.7934 -0.964242
3 0.3 -1.5
3 -0.3 -1.5
3 -0.3 1.5
3 0.3 1.5
0 -6.45027 -10.246
1 -5.8659 -12.6736
0 -7.40767 -12.8075
0 -6.74701 -15.1284
1 -6.15495 -17.6917
0 -7.34574 -18.1549
1 -6.86535 -20.6452
0 -7.84996 -21.2158
1 -7.24208 -23.769
0 -8.26344 -24.3411
1 -7.93035 -26.8899
0 -8.80073 -27.4732
0 -9.85033 -30.276
542
0 -10.1393 -36.9441
0 -9.4138 -33.0945
1 -5.04763 -9.88019
0 -6.05352 -7.38746
1 -5.07944 -6.84808
1 -4.51301 -3.96233
0 -5.60985 -4.4287
1 -4.52097 -3.92732
0 -4.95906 -1.41595
0 -3.99597 1.74129
1 -3.7934 -0.964242
3 0.3 -1.5
3 -0.3 -1.5
3 -0.3 1.5
3 0.3 1.5
0 -6.45027 -10.246
1 -5.8659 -12.6736
0 -7.40767 -12.8075
0 -6.74701 -15.1284
1 -6.15495 -17.6917
0 -7.34574 -18.1549
1 -6.86535 -20.6452
0 -7.84996 -21.2158
1 -7.24208 -23.769
0 -8.26344 -24.3411
1 -7.93035 -26.8899
0 -8.80073 -27.4732
0 -9.85033 -30.276
546
0 -11.434 -39.1234
0 -10.2497 -36.8888
0 -9.4138 -33.0945
1 -5.04763 -9.88019
0 -6.05352 -7.38746
1 -5.07944 -6.84808
1 -4.51301 -3.96233
0 -5.60985 -4.4287
1 -4.52097 -3.92732
0 -4.95906 -1.41595
0 -3.99597 1.74129
1 -3.7934 -0.964242
3 0.3 -1.5
3 -0.3 -1.5
3 -0.3 1.5
3 0.3 1.5
0 -6.45027 -10.246
1 -5.8659 -12.6736
0 -7.40767 -12.8075
0 -6.74701 -15.1284
1 -6.15495 -17.6917
0 -7.34574 -18.1549
1 -6.86535 -20.6452
0 -7.84996 -21.2158
1 -7.24208 -23.769
0 -8.26344 -24.3411
1 -7.93035 -26.8899
0 -8.80073 -27.4732
0 -9.85033 -30.276
550
0 -11.0325 -41.7926
0 -11.6864 -39.3003
0 -10.1802 -36.9254
0 -9.4138 -33.0945
1 -5.04763 -9.88019
0 -6.05352 -7.38746
1 -5.07944 -6.84808
1 -4.51301 -3.96233
0 -5.60985 -4.4287
1 -4.52097 -3.92732
0 -4.95906 -1.41595
0 -3.99597 1.74129
1 -3.7934 -0.964242
3 0.3 -1.5
3 -0.3 -1.5
3 -0.3 1.5
3 0.3 1.5
0 -6.45027 -10.246
1 -5.8659 -12.6736
0 -7.40767 -12.8075
0 -6.74701 -15.1284
1 -6.15495 -17.6917
0 -7.34574 -18.1549
1 -6.86535 -20.6452
0 -7.84996 -21.2158
1 -7.24208 -23.769
0 -8.26344 -24.3411
1 -7.93035 -26.8899
0 -8.80073 -27.4732
0 -9.85033 -30.276
554
0 -11.1296 -41.7124
0 -11.7355 -39.2488
0 -10.1799 -36.9261
0 -9.4138 -33.0945
1 -5.04763 -9.88019
0 -6.05352 -7.38746
1 -5.07944 -6.84808
1 -4.51301 -3.96233
0 -5.60985 -4.4287
1 -4.52097 -3.92732
0 -4.95906 -1.41595
0 -3.99597 1.74129
1 -3.7934 -0.964242
3 0.3 -1.5
3 -0.3 -1.5
3 -0.3 1.5
3 0.3 1.5
0 -6.45027 -10.246
1 -5.8659 -12.6736
0 -7.40767 -12.8075
0 -6.74701 -15.1284
1 -6.15495 -17.6917
0 -7.34574 -18.1549
1 -6.86535 -20.6452
0 -7.84996 -21.2158
1 -7.24208 -23.769
0 -8.26344 -24.3411
1 -7.93035 -26.8899
0 -8.80073 -27.4732
0 -9.85033 -30.276
558
0 -11.1783 -41.6711
0 -11.7429 -39.2428
0 -10.1799 -36.9262
0 -9.4138 -33.0945
1 -5.04763 -9.88019
0 -6.05352 -7.38746
1 -5.07944 -6.84808
1 -4.51301 -3.96233
0 -5.60985 -4.4287
1 -4.52097 -3.92732
0 -4.95906 -1.41595
0 -3.99597 1.74129
1 -3.7934 -0.964242
3 0.3 -1.5
3 -0.3 -1.5
3 -0.3 1.5
3 0.3 1.5
0 -6.45027 -10.246
1 -5.8659 -12.6736
0 -7.40767 -12.8075
0 -6.74701 -15.1284
1 -6.15495 -17.6917
0 -7.34574 -18.1549
1 -6.86535 -20.6452
0 -7.84996 -21.2158
1 -7.24208 -23.769
0 -8.26344 -24.3411
1 -7.93035 -26.8899
0 -8.80073 -27.4732
0 -9.85033 -30.276
562
0 -11.1356 -41.7014
0 -11.7495 -39.2384
0 -10.1796 -36.9263
0 -9.4138 -33.0945
1 -5.04763 -9.88019
0 -6.05352 -7.38746
1 -5.07944 -6.84808
1 -4.51301 -3.96233
0 -5.60985 -4.4287
1 -4.52097 -3.92732
0 -4.95906 -1.41595
0 -3.99597 1.74129
1 -3.7934 -0.964242
3 0.3 -1.5
3 -0.3 -1.5
3 -0.3 1.5
3 0.3 1.5
0 -6.45027 -10.246
1 -5.8659 -12.6736
0 -7.40767 -12.8075
0 -6.74701 -15.1284
1 -6.15495 -17.6917
0 -7.34574 -18.1549
1 -6.86535 -20.6452
0 -7.84996 -21.2158
1 -7.24208 -23.769
0 -8.26344 -24.3411
1 -7.93035 -26.8899
0 -8.80073 -27.4732
0 -9.85033 -30.276
566
0 -11.8556 -44.8807
0 -11.1514 -41.6898
0 -11.7468 -39.2401
0 -10.1797 -36.9263
0 -9.4138 -33.0945
1 -5.04763 -9.88019
0 -6.05352 -7.38746
1 -5.07944 -6.84808
1 -4.51301 -3.96233
0 -5.60985 -4.4287
1 -4.52097 -3.92732
0 -4.95906 -1.41595
0 -3.99597 1.74129
1 -3.7934 -0.964242
3 0.3 -1.5
3 -0.3 -1.5
3 -0.3 1.5
3 0.3 1.5
0 -6.45027 -10.246
1 -5.8659 -12.6736
0 -7.40767 -12.8075
0 -6.74701 -15.1284
1 -6.15495 -17.6917
0 -7.34574 -18.1549
1 -6.86535 -20.6452
0 -7.84996 -21.2158
1 -7.24208 -23.769
0 -8.26344 -24.3411
1 -7.93035 -26.8899
0 -8.80073 -27.4732
0 -9.85033 -30.276
570
0 -12.0845 -44.6408
0 -11.1549 -41.6875
0 -11.7461 -39.2406
0 -10.1798 -36.9262
0 -9.4138 -33.0945
1 -5.04763 -9.88019
0 -6.05352 -7.38746
1 -5.07944 -6.84808
1 -4.51301 -3.96233
0 -5.60985 -4.4287
1 -4.52097 -3.92732
0 -4.95906 -1.41595
0 -3.99597 1.74129
1 -3.7934 -0.964242
3 0.3 -1.5
3 -0.3 -1.5
3 -0.3 1.5
3 0.3 1.5
0 -6.45027 -10.246
1 -5.8659 -12.6736
0 -7.40767 -12.8075
0 -6.74701 -15.1284
1 -6.15495 -17.6917
0 -7.34574 -18.1549
1 -6.86535 -20.6452
0 -7.84996 -21.2158
1 -7.24208 -23.769
0 -8.26344 -24.3411
1 -7.93035 -26.8899
0 -8.80073 -27.4732
0 -9.85033 -30.276
574
0 -12.0934 -44.634
0 -11.153 -41.6889
0 -11.7464 -39.2404
0 -10.1797 -36.9263
0 -9.4138 -33.0945
1 -5.04763 -9.88019
0 -6.05352 -7.38746
1 -5.07944 -6.84808
1 -4.51301 -3.96233
0 -5.60985 -4.4287
1 -4.52097 -3.92732
0 -4.95906 -1.41595
0 -3.99597 1.74129
1 -3.7934 -0.964242
3 0.3 -1.5
3 -0.3 -1.5
3 -0.3 1.5
3 0.3 1.5
0 -6.45027 -10.246
1 -5.8659 -12.6736
0 -7.40767 -12.8075
0 -6.74701 -15.1284
1 -6.15495 -17.6917
0 -7.34574 -18.1549
1 -6.86535 -20.6452
0 -7.84996 -21.2158
1 -7.24208 -23.769
0 -8.26344 -24.3411
1 -7.93035 -26.8899
0 -8.80073 -27.4732
0 -9.85033 -30.276
578
0 -12.0887 -44.6376
0 -11.153 -41.6888
0 -11.7464 -39.2404
0 -10.1797 -36.9263
0 -9.4138 -33.0945
1 -5.04763 -9.88019
0 -6.05352 -7.38746
1 -5.07944 -6.84808
1 -4.51301 -3.96233
0 -5.60985 -4.4287
1 -4.52097 -3.92732
0 -4.95906 -1.41595
0 -3.99597 1.74129
1 -3.7934 -0.964242
3 0.3 -1.5
3 -0.3 -1.5
3 -0.3 1.5
3 0.3 1.5
0 -6.45027 -10.246
1 -5.8659 -12.6736
0 -7.40767 -12.8075
0 -6.74701 -15.1284
1 -6.15495 -17.6917
0 -7.34574 -18.1549
1 -6.86535 -20.6452
0 -7.84996 -21.2158
1 -7.24208 -23.769
0 -8.26344 -24.3411
1 -7.93035 -26.8899
0 -8.80073 -27.4732
0 -9.85033 -30.276
582
0 -12.0859 -44.6395
0 -11.1531 -41.6888
0 -11.7464 -39.2404
0 -10.1797 -36.9263
0 -9.4138 -33.0945
1 -5.04763 -9.88019
0 -6.05352 -7.38746
1 -5.07944 -6.84808
1 -4.51301 -3.96233
0 -5.60985 -4.4287
1 -4.52097 -3.92732
0 -4.95906 -1.41595
0 -3.99597 1.74129
1 -3.7934 -0.964242
3 0.3 -1.5
3 -0.3 -1.5
3 -0.3 1.5
3 0.3 1.5
0 -6.45027 -10.246
1 -5.8659 -12.6736
0 -7.40767 -12.8075
0 -6.74701 -15.1284
1 -6.15495 -17.6917
0 -7.34574 -18.1549
1 -6.86535 -20.6452
0 -7.84996 -21.2158
1 -7.24208 -23.769
0 -8.26344 -24.3411
1 -7.93035 -26.8899
0 -8.80073 -27.4732
0 -9.85033 -30.276
586
0 -12.0859 -44.6395
0 -11.1531 -41.6888
0 -11.7464 -39.2404
0 -10.1797 -36.9263
0 -9.4138 -33.0945
1 -5.04763 -9.88019
0 -6.05352 -7.38746
1 -5.07944 -6.84808
1 -4.51301 -3.96233
0 -5.60985 -4.4287
1 -4.52097 -3.92732
0 -4.95906 -1.41595
0 -3.99597 1.74129
1 -3.7934 -0.964242
3 0.3 -1.5
3 -0.3 -1.5
3 -0.3 1.5
3 0.3 1.5
0 -6.45027 -10.246
1 -5.8659 -12.6736
0 -7.40767 -12.8075
0 -6.74701 -15.1284
1 -6.15495 -17.6917
0 -7.34574 -18.1549
1 -6.86535 -20.6452
0 -7.84996 -21.2158
1 -7.24208 -23.769
0 -8.26344 -24.3411
1 -7.93035 -26.8899
0 -8.80073 -27.4732
0 -9.85033 -30.276
590
0 -12.3966 -53.0407
0 -12.0859 -44.6395
0 -11.1531 -41.6888
0 -11.7464 -39.2404
0 -10.1797 -36.9263
0 -9.4138 -33.0945
1 -5.04763 -9.88019
0 -6.05352 -7.38746
1 -5.07944 -6.84808
1 -4.51301 -3.96233
0 -5.60985 -4.4287
1 -4.52097 -3.92732
0 -4.95906 -1.41595
0 -3.99597 1.74129
1 -3.7934 -0.964242
3 0.3 -1.5
3 -0.3 -1.5
3 -0.3 1.5
3 0.3 1.5
0 -6.45027 -10.246
1 -5.8659 -12.6736
0 -7.40767 -12.8075
0 -6.74701 -15.1284
1 -6.15495 -17.6917
0 -7.34574 -18.1549
1 -6.86535 -20.6452
0 -7.84996 -21.2158
1 -7.24208 -23.769
0 -8.26344 -24.3411
1 -7.93035 -26.8899
0 -8.80073 -27.4732
0 -9.85033 -30.276
594
0 -12.4022 -53.0351
0 -12.0859 -44.6395
0 -11.1531 -41.6888
0 -11.7464 -39.2404
0 -10.1797 -36.9263
0 -9.4138 -33.0945
1 -5.04763 -9.88019
0 -6.05352 -7.38746
1 -5.07944 -6.84808
1 -4.51301 -3.96233
0 -5.60985 -4.4287
1 -4.52097 -3.92732
0 -4.95906 -1.41595
0 -3.99597 1.74129
1 -3.7934 -0.964242
3 0.3 -1.5
3 -0.3 -1.5
3 -0.3 1.5
3 0.3 1.5
0 -6.45027 -10.246
1 -5.8659 -12.6736
0 -7.40767 -12.8075
0 -6.74701 -15.1284
1 -6.15495 -17.6917
0 -7.34574 -18.1549
1 -6.86535 -20.6452
0 -7.84996 -21.2158
1 -7.24208 -23.769
0 -8.26344 -24.3411
1 -7.93035 -26.8899
0 -8.80073 -27.4732
0 -9.85033 -30.276
598
0 -12.3987 -53.0376
0 -12.0859 -44.6395
0 -11.1531 -41.6888
0 -11.7464 -39.2404
0 -10.1797 -36.9263
0 -9.4138 -33.0945
1 -5.04763 -9.88019
0 -6.05352 -7.38746
1 -5.07944 -6.84808
1 -4.51301 -3.96233
0 -5.60985 -4.4287
1 -4.52097 -3.92732
0 -4.95906 -1.41595
0 -3.99597 1.74129
1 -3.7934 -0.964242
3 0.3 -1.5
3 -0.3 -1.5
3 -0.3 1.5
3 0.3 1.5
0 -6.45027 -10.246
1 -5.8659 -12.6736
0 -7.40767 -12.8075
0 -6.74701 -15.1284
1 -6.15495 -17.6917
0 -7.34574 -18.1549
1 -6.86535 -20.6452
0 -7.84996 -21.2158
1 -7.24208 -23.769
0 -8.26344 -24.3411
1 -7.93035 -26.8899
0 -8.80073 -27.4732
0 -9.85033 -30.276
602
0 -12.4022 -53.0353
0 -12.0859 -44.6395
0 -11.1531 -41.6888
0 -11.7464 -39.2404
0 -10.1797 -36.9263
0 -9.4138 -33.0945
1 -5.04763 -9.88019
0 -6.05352 -7.38746
1 -5.07944 -6.84808
1 -4.51301 -3.96233
0 -5.60985 -4.4287
1 -4.52097 -3.92732
0 -4.95906 -1.41595
0 -3.99597 1.74129
1 -3.7934 -0.964242
3 0.3 -1.5
3 -0.3 -1.5
3 -0.3 1.5
3 0.3 1.5
0 -6.45027 -10.246
1 -5.8659 -12.6736
0 -7.40767 -12.8075
0 -6.74701 -15.1284
1 -6.15495 -17.6917
0 -7.34574 -18.1549
1 -6.86535 -20.6452
0 -7.84996 -21.2158
1 -7.24208 -23.769
0 -8.26344 -24.3411
1 -7.93035 -26.8899
0 -8.80073 -27.4732
0 -9.85033 -30.276
606
0 -12.6033 -58.5475
0 -12.4022 -53.0353
0 -12.0859 -44.6395
0 -11.1531 -41.6888
0 -11.7464 -39.2404
0 -10.1797 -36.9263
0 -9.4138 -33.0945
1 -5.04763 -9.88019
0 -6.05352 -7.38746
1 -5.07944 -6.84808
1 -4.51301 -3.96233
0 -5.60985 -4.4287
1 -4.52097 -3.92732
0 -4.95906 -1.41595
0 -3.99597 1.74129
1 -3.7934 -0.964242
3 0.3 -1.5
3 -0.3 -1.5
3 -0.3 1.5
3 0.3 1.5
0 -6.45027 -10.246
1 -5.8659 -12.6736
0 -7.40767 -12.8075
0 -6.74701 -15.1284
1 -6.15495 -17.6917
0 -7.34574 -18.1549
1 -6.86535 -20.6452
0 -7.84996 -21.2158
1 -7.24208 -23.769
0 -8.26344 -24.3411
1 -7.93035 -26.8899
0 -8.80073 -27.4732
0 -9.85033 -30.276
610
0 -12.7325 -58.4573
0 -12.4022 -53.0353
0 -12.0859 -44.6395
0 -11.1531 -41.6888
0 -11.7464 -39.2404
0 -10.1797 -36.9263
0 -9.4138 -33.0945
1 -5.04763 -9.88019
0 -6.05352 -7.38746
1 -5.07944 -6.84808
1 -4.51301 -3.96233
0 -5.60985 -4.4287
1 -4.52097 -3.92732
0 -4.95906 -1.41595
0 -3.99597 1.74129
1 -3.7934 -0.964242
3 0.3 -1.5
3 -0.3 -1.5
3 -0.3 1.5
3 0.3 1.5
0 -6.45027 -10.246
1 -5.8659 -12.6736
0 -7.40767 -12.8075
0 -6.74701 -15.1284
1 -6.15495 -17.6917
0 -7.34574 -18.1549
1 -6.86535 -20.6452
0 -7.84996 -21.2158
1 -7.24208 -23.769
0 -8.26344 -24.3411
1 -7.93035 -26.8899
0 -8.80073 -27.4732
0 -9.85033 -30.276
614
0 -12.7774 -58.4269
0 -12.4022 -53.0353
0 -12.0859 -44.6395
0 -11.1531 -41.6888
0 -11.7464 -39.2404
0 -10.1797 -36.9263
0 -9.4138 -33.0945
1 -5.04763 -9.88019
0 -6.05352 -7.38746
1 -5.07944 -6.84808
1 -4.51301 -3.96233
0 -5.60985 -4.4287
1 -4.52097 -3.92732
0 -4.95906 -1.41595
0 -3.99597 1.74129
1 -3.7934 -0.964242
3 0.3 -1.5
3 -0.3 -1.5
3 -0.3 1.5
3 0.3 1.5
0 -6.45027 -10.246
1 -5.8659 -12.6736
0 -7.40767 -12.8075
0 -6.74701 -15.1284
1 -6.15495 -17.6917
0 -7.34574 -18.1549
1 -6.86535 -20.6452
0 -7.84996 -21.2158
1 -7.24208 -23.769
0 -8.26344 -24.3411
1 -7.93035 -26.8899
0 -8.80073 -27.4732
0 -9.85033 -30.276
618
0 -12.7151 -58.4659
0 -12.4022 -53.0353
0 -12.0859 -44.6395
0 -11.1531 -41.6888
0 -11.7464 -39.2404
0 -10.1797 -36.9263
0 -9.4138 -33.0945
1 -5.04763 -9.88019
0 -6.05352 -7.38746
1 -5.07944 -6.84808
1 -4.51301 -3.96233
0 -5.60985 -4.4287
1 -4.52097 -3.92732
0 -4.95906 -1.41595
0 -3.99597 1.74129
1 -3.7934 -0.964242
3 0.3 -1.5
3 -0.3 -1.5
3 -0.3 1.5
3 0.3 1.5
0 -6.45027 -10.246
1 -5.8659 -12.6736
0 -7.40767 -12.8075
0 -6.74701 -15.1284
1 -6.15495 -17.6917
0 -7.34574 -18.1549
1 -6.86535 -20.6452
0 -7.84996 -21.2158
1 -7.24208 -23.769
0 -8.26344 -24.3411
1 -7.93035 -26.8899
0 -8.80073 -27.4732
0 -9.85033 -30.276
622
0 -12.7369 -58.4502
0 -12.4022 -53.0353
0 -12.0859 -44.6395
0 -11.1531 -41.6888
0 -11.7464 -39.2404
0 -10.1797 -36.9263
0 -9.4138 -33.0945
1 -5.04763 -9.88019
0 -6.05352 -7.38746
1 -5.07944 -6.84808
1 -4.51301 -3.96233
0 -5.60985 -4.4287
1 -4.52097 -3.92732
0 -4.95906 -1.41595
0 -3.99597 1.74129
1 -3.7934 -0.964242
3 0.3 -1.5
3 -0.3 -1.5
3 -0.3 1.5
3 0.3 1.5
0 -6.45027 -10.246
1 -5.8659 -12.6736
0 -7.40767 -12.8075
0 -6.74701 -15.1284
1 -6.15495 -17.6917
0 -7.34574 -18.1549
1 -6.86535 -20.6452
0 -7.84996 -21.2158
1 -7.24208 -23.769
0 -8.26344 -24.3411
1 -7.93035 -26.8899
0 -8.80073 -27.4732
0 -9.85033 -30.276
626
0 -12.7372 -58.45
0 -12.4022 -53.0353
0 -12.0859 -44.6395
0 -11.1531 -41.6888
0 -11.7464 -39.2404
0 -10.1797 -36.9263
0 -9.4138 -33.0945
1 -5.04763 -9.88019
0 -6.05352 -7.38746
1 -5.07944 -6.84808
1 -4.51301 -3.96233
0 -5.60985 -4.4287
1 -4.52097 -3.92732
0 -4.95906 -1.41595
0 -3.99597 1.74129
1 -3.7934 -0.964242
3 0.3 -1.5
3 -0.3 -1.5
3 -0.3 1.5
3 0.3 1.5
0 -6.45027 -10.246
1 -5.8659 -12.6736
0 -7.40767 -12.8075
0 -6.74701 -15.1284
1 -6.15495 -17.6917
0 -7.34574 -18.1549
1 -6.86535 -20.6452
0 -7.84996 -21.2158
1 -7.24208 -23.769
0 -8.26344 -24.3411
1 -7.93035 -26.8899
0 -8.80073 -27.4732
0 -9.85033 -30.276
630
0 -12.7372 -58.45
0 -12.4022 -53.0353
0 -12.0859 -44.6395
0 -11.1531 -41.6888
0 -11.7464 -39.2404
0 -10.1797 -36.9263
0 -9.4138 -33.0945
1 -5.04763 -9.88019
0 -6.05352 -7.38746
1 -5.07944 -6.84808
1 -4.51301 -3.96233
0 -5.60985 -4.4287
1 -4.52097 -3.92732
0 -4.95906 -1.41595
0 -3.99597 1.74129
1 -3.7934 -0.964242
3 0.3 -1.5
3 -0.3 -1.5
3 -0.3 1.5
3 0.3 1.5
0 -6.45027 -10.246
1 -5.8659 -12.6736
0 -7.40767 -12.8075
0 -6.74701 -15.1284
1 -6.15495 -17.6917
0 -7.34574 -18.1549
1 -6.86535 -20.6452
0 -7.84996 -21.2158
1 -7.24208 -23.769
0 -8.26344 -24.3411
1 -7.93035 -26.8899
0 -8.80073 -27.4732
0 -9.85033 -30.276
634
0 -12.7372 -58.45
0 -12.4022 -53.0353
0 -12.0859 -44.6395
0 -11.1531 -41.6888
0 -11.7464 -39.2404
0 -10.1797 -36.9263
0 -9.4138 -33.0945
1 -5.04763 -9.88019
0 -6.05352 -7.38746
1 -5.07944 -6.84808
1 -4.51301 -3.96233
0 -5.60985 -4.4287
1 -4.52097 -3.92732
0 -4.95906 -1.41595
0 -3.99597 1.74129
1 -3.7934 -0.964242
3 0.3 -1.5
3 -0.3 -1.5
3 -0.3 1.5
3 0.3 1.5
0 -6.45027 -10.246
1 -5.8659 -12.6736
0 -7.40767 -12.8075
0 -6.74701 -15.1284
1 -6.15495 -17.6917
0 -7.34574 -18.1549
1 -6.86535 -20.6452
0 -7.84996 -21.2158
1 -7.24208 -23.769
0 -8.26344 -24.3411
1 -7.93035 -26.8899
0 -8.80073 -27.4732
0 -9.85033 -30.276
638
0 -9.85033 -30.276
0 -8.80073 -27.4732
1 -7.93035 -26.8899
0 -8.26344 -24.3411
1 -7.24208 -23.769
0 -7.84996 -21.2158
1 -6.86535 -20.6452
0 -7.34574 -18.1549
1 -6.15495 -17.6917
0 -6.74701 -15.1284
0 -7.40767 -12.8075
1 -5.8659 -12.6736
0 -6.45027 -10.246
3 0.3 1.5
3 -0.3 1.5
3 -0.3 -1.5
3 0.3 -1.5
1 -3.7934 -0.964242
0 -3.99597 1.74129
0 -4.95906 -1.41595
1 -4.52097 -3.92732
0 -5.60985 -4.4287
1 -4.51301 -3.96233
1 -5.07944 -6.84808
0 -6.05352 -7.38746
1 -5.04763 -9.88019
0 -9.4138 -33.0945
0 -10.1797 -36.9263
0 -11.7464 -39.2404
0 -11.1531 -41.6888
0 -12.0859 -44.6395
0 -12.4022 -53.0353
0 -12.7372 -58.45
642
0 -9.85033 -30.276
0 -8.80073 -27.4732
1 -7.93035 -26.8899
0 -8.26344 -24.3411
1 -7.24208 -23.769
0 -7.84996 -21.2158
1 -6.86535 -20.6452
0 -7.34574 -18.1549
1 -6.15495 -17.6917
0 -6.74701 -15.1284
0 -7.40767 -12.8075
1 -5.8659 -12.6736
0 -6.45027 -10.246
3 0.3 1.5
3 -0.3 1.5
3 -0.3 -1.5
3 0.3 -1.5
1 -3.7934 -0.964242
0 -3.99597 1.74129
0 -4.95906 -1.41595
1 -4.52097 -3.92732
0 -5.60985 -4.4287
1 -4.51301 -3.96233
1 -5.07944 -6.84808
0 -6.05352 -7.38746
1 -5.04763 -9.88019
0 -9.4138 -33.0945
0 -10.1797 -36.9263
0 -11.7464 -39.2404
0 -11.1531 -41.6888
0 -12.0859 -44.6395
0 -12.4022 -53.0353
0 -12.7372 -58.45
646
0 -9.85033 -30.276
0 -8.80073 -27.4732
1 -7.93035 -26.8899
0 -8.26344 -24.3411
1 -7.24208 -23.769
0 -7.84996 -21.2158
1 -6.86535 -20.6452
0 -7.34574 -18.1549
1 -6.15495 -17.6917
0 -6.74701 -15.1284
0 -7.40767 -12.8075
1 -5.8659 -12.6736
0 -6.45027 -10.246
3 0.3 1.5
3 -0.3 1.5
3 -0.3 -1.5
3 0.3 -1.5
1 -3.7934 -0.964242
0 -3.99597 1.74129
0 -4.95906 -1.41595
1 -4.52097 -3.92732
0 -5.60985 -4.4287
1 -4.51301 -3.96233
1 -5.07944 -6.84808
0 -6.05352 -7.38746
1 -5.04763 -9.88019
0 -9.4138 -33.0945
0 -10.1797 -36.9263
0 -11.7464 -39.2404
0 -11.1531 -41.6888
0 -12.0859 -44.6395
0 -12.4022 -53.0353
0 -12.7372 -58.45
650
0 -9.85033 -30.276
0 -8.80073 -27.4732
1 -7.93035 -26.8899
0 -8.26344 -24.3411
1 -7.24208 -23.769
0 -7.84996 -21.2158
1 -6.86535 -20.6452
0 -7.34574 -18.1549
1 -6.15495 -17.6917
0 -6.74701 -15.1284
0 -7.40767 -12.8075
1 -5.8659 -12.6736
0 -6.45027 -10.246
3 0.3 1.5
3 -0.3 1.5
3 -0.3 -1.5
3 0.3 -1.5
1 -3.7934 -0.964242
0 -3.99597 1.74129
0 -4.95906 -1.41595
1 -4.52097 -3.92732
0 -5.60985 -4.4287
1 -4.51301 -3.96233
1 -5.07944 -6.84808
0 -6.05352 -7.38746
1 -5.04763 -9.88019
0 -9.4138 -33.0945
0 -10.1797 -36.9263
0 -11.7464 -39.2404
0 -11.1531 -41.6888
0 -12.0859 -44.6395
0 -12.4022 -53.0353
0 -12.7372 -58.45
654
0 -9.85033 -30.276
0 -8.80073 -27.4732
1 -7.93035 -26.8899
0 -8.26344 -24.3411
1 -7.24208 -23.769
0 -7.84996 -21.2158
1 -6.86535 -20.6452
0 -7.34574 -18.1549
1 -6.15495 -17.6917
0 -6.74701 -15.1284
0 -7.40767 -12.8075
1 -5.8659 -12.6736
0 -6.45027 -10.246
3 0.3 1.5
3 -0.3 1.5
3 -0.3 -1.5
3 0.3 -1.5
1 -3.7934 -0.964242
0 -3.99597 1.74129
0 -4.95906 -1.41595
1 -4.52097 -3.92732
0 -5.60985 -4.4287
1 -4.51301 -3.96233
1 -5.07944 -6.84808
0 -6.05352 -7.38746
1 -5.04763 -9.88019
0 -9.4138 -33.0945
0 -10.1797 -36.9263
0 -11.7464 -39.2404
0 -11.1531 -41.6888
0 -12.0859 -44.6395
0 -12.4022 -53.0353
0 -12.7372 -58.45
658
0 -9.85033 -30.276
0 -8.80073 -27.4732
1 -7.93035 -26.8899
0 -8.26344 -24.3411
1 -7.24208 -23.769
0 -7.84996 -21.2158
1 -6.86535 -20.6452
0 -7.34574 -18.1549
1 -6.15495 -17.6917
0 -6.74701 -15.1284
0 -7.40767 -12.8075
1 -5.8659 -12.6736
0 -6.45027 -10.246
3 0.3 1.5
3 -0.3 1.5
3 -0.3 -1.5
3 0.3 -1.5
1 -3.7934 -0.964242
0 -3.99597 1.74129
0 -4.95906 -1.41595
1 -4.52097 -3.92732
0 -5.60985 -4.4287
1 -4.51301 -3.96233
1 -5.07944 -6.84808
0 -6.05352 -7.38746
1 -5.04763 -9.88019
0 -9.4138 -33.0945
0 -10.1797 -36.9263
0 -11.7464 -39.2404
0 -11.1531 -41.6888
0 -12.0859 -44.6395
0 -12.4022 -53.0353
0 -12.7372 -58.45
662
0 -9.85033 -30.276
0 -8.80073 -27.4732
1 -7.93035 -26.8899
0 -8.26344 -24.3411
1 -7.24208 -23.769
0 -7.84996 -21.2158
1 -6.86535 -20.6452
0 -7.34574 -18.1549
1 -6.15495 -17.6917
0 -6.74701 -15.1284
0 -7.40767 -12.8075
1 -5.8659 -12.6736
0 -6.45027 -10.246
3 0.3 1.5
3 -0.3 1.5
3 -0.3 -1.5
3 0.3 -1.5
1 -3.7934 -0.964242
0 -3.99597 1.74129
0 -4.95906 -1.41595
1 -4.52097 -3.92732
0 -5.60985 -4.4287
1 -4.51301 -3.96233
1 -5.07944 -6.84808
0 -6.05352 -7.38746
1 -5.04763 -9.88019
0 -9.4138 -33.0945
0 -10.1797 -36.9263
0 -11.7464 -39.2404
0 -11.1531 -41.6888
0 -12.0859 -44.6395
0 -12.4022 -53.0353
0 -12.7372 -58.45
666
0 -9.85033 -30.276
0 -8.80073 -27.4732
1 -7.93035 -26.8899
0 -8.26344 -24.3411
1 -7.24208 -23.769
0 -7.84996 -21.2158
1 -6.86535 -20.6452
0 -7.34574 -18.1549
1 -6.15495 -17.6917
0 -6.74701 -15.1284
0 -7.40767 -12.8075
1 -5.8659 -12.6736
0 -6.45027 -10.246
3 0.3 1.5
3 -0.3 1.5
3 -0.3 -1.5
3 0.3 -1.5
1 -3.7934 -0.964242
0 -3.99597 1.74129
0 -4.95906 -1.41595
1 -4.52097 -3.92732
0 -5.60985 -4.4287
1 -4.51301 -3.96233
1 -5.07944 -6.84808
0 -6.05352 -7.38746
1 -5.04763 -9.88019
0 -9.4138 -33.0945
0 -10.1797 -36.9263
0 -11.7464 -39.2404
0 -11.1531 -41.6888
0 -12.0859 -44.6395
0 -12.4022 -53.0353
0 -12.7372 -58.45
670
0 -9.85033 -30.276
0 -8.80073 -27.4732
1 -7.93035 -26.8899
0 -8.26344 -24.3411
1 -7.24208 -23.769
0 -7.84996 -21.2158
1 -6.86535 -20.6452
0 -7.34574 -18.1549
1 -6.15495 -17.6917
0 -6.74701 -15.1284
0 -7.40767 -12.8075
1 -5.8659 -12.6736
0 -6.45027 -10.246
3 0.3 1.5
3 -0.3 1.5
3 -0.3 -1.5
3 0.3 -1.5
1 -3.7934 -0.964242
0 -3.99597 1.74129
0 -4.95906 -1.41595
1 -4.52097 -3.92732
0 -5.60985 -4.4287
1 -4.51301 -3.96233
1 -5.07944 -6.84808
0 -6.05352 -7.38746
1 -5.04763 -9.88019
0 -9.4138 -33.0945
0 -10.1797 -36.9263
0 -11.7464 -39.2404
0 -11.1531 -41.6888
0 -12.0859 -44.6395
0 -12.4022 -53.0353
0 -12.7372 -58.45
674
0 -9.85033 -30.276
0 -8.80073 -27.4732
1 -7.93035 -26.8899
0 -8.26344 -24.3411
1 -7.24208 -23.769
0 -7.84996 -21.2158
1 -6.86535 -20.6452
0 -7.34574 -18.1549
1 -6.15495 -17.6917
0 -6.74701 -15.1284
0 -7.40767 -12.8075
1 -5.8659 -12.6736
0 -6.45027 -10.246
3 0.3 1.5
3 -0.3 1.5
3 -0.3 -1.5
3 0.3 -1.5
1 -3.7934 -0.964242
0 -3.99597 1.74129
0 -4.95906 -1.41595
1 -4.52097 -3.92732
0 -5.60985 -4.4287
1 -4.51301 -3.96233
1 -5.07944 -6.84808
0 -6.05352 -7.38746
1 -5.04763 -9.88019
0 -9.4138 -33.0945
0 -10.1797 -36.9263
0 -11.7464 -39.2404
0 -11.1531 -41.6888
0 -12.0859 -44.6395
0 -12.4022 -53.0353
0 -12.7372 -58.45
678
0 -9.85033 -30.276
0 -8.80073 -27.4732
1 -7.93035 -26.8899
0 -8.26344 -24.3411
1 -7.24208 -23.769
0 -7.84996 -21.2158
1 -6.86535 -20.6452
0 -7.34574 -18.1549
1 -6.15495 -17.6917
0 -6.74701 -15.1284
0 -7.40767 -12.8075
1 -5.8659 -12.6736
0 -6.45027 -10.246
3 0.3 1.5
3 -0.3 1.5
3 -0.3 -1.5
3 0.3 -1.5
1 -3.7934 -0.964242
0 -3.99597 1.74129
0 -4.95906 -1.41595
1 -4.52097 -3.92732
0 -5.60985 -4.4287
1 -4.51301 -3.96233
1 -5.07944 -6.84808
0 -6.05352 -7.38746
1 -5.04763 -9.88019
0 -9.4138 -33.0945
0 -10.1797 -36.9263
0 -11.7464 -39.2404
0 -11.1531 -41.6888
0 -12.0859 -44.6395
0 -12.4022 -53.0353
0 -12.7372 -58.45
682
0 -9.85033 -30.276
0 -8.80073 -27.4732
1 -7.93035 -26.8899
0 -8.26344 -24.3411
1 -7.24208 -23.769
0 -7.84996 -21.2158
1 -6.86535 -20.6452
0 -7.34574 -18.1549
1 -6.15495 -17.6917
0 -6.74701 -15.1284
0 -7.40767 -12.8075
1 -5.8659 -12.6736
0 -6.45027 -10.246
3 0.3 1.5
3 -0.3 1.5
3 -0.3 -1.5
3 0.3 -1.5
1 -3.7934 -0.964242
0 -3.99597 1.74129
0 -4.95906 -1.41595
1 -4.52097 -3.92732
0 -5.60985 -4.4287
1 -4.51301 -3.96233
1 -5.07944 -6.84808
0 -6.05352 -7.38746
1 -5.04763 -9.88019
0 -9.4138 -33.0945
0 -10.1797 -36.9263
0 -11.7464 -39.2404
0 -11.1531 -41.6888
0 -12.0859 -44.6395
0 -12.4022 -53.0353
0 -12.7372 -58.45
686
0 -9.85033 -30.276
0 -8.80073 -27.4732
1 -7.93035 -26.8899
0 -8.26344 -24.3411
1 -7.24208 -23.769
0 -7.84996 -21.2158
1 -6.86535 -20.6452
0 -7.34574 -18.1549
1 -6.15495 -17.6917
0 -6.74701 -15.1284
0 -7.40767 -12.8075
1 -5.8659 -12.6736
0 -6.45027 -10.246
3 0.3 1.5
3 -0.3 1.5
3 -0.3 -1.5
3 0.3 -1.5
1 -3.7934 -0.964242
0 -3.99597 1.74129
0 -4.95906 -1.41595
1 -4.52097 -3.92732
0 -5.60985 -4.4287
1 -4.51301 -3.96233
1 -5.07944 -6.84808
0 -6.05352 -7.38746
1 -5.04763 -9.88019
0 -9.4138 -33.0945
0 -10.1797 -36.9263
0 -11.7464 -39.2404
0 -11.1531 -41.6888
0 -12.0859 -44.6395
0 -12.4022 -53.0353
0 -12.7372 -58.45
690
0 -9.85033 -30.276
0 -8.80073 -27.4732
1 -7.93035 -26.8899
0 -8.26344 -24.3411
1 -7.24208 -23.769
0 -7.84996 -21.2158
1 -6.86535 -20.6452
0 -7.34574 -18.1549
1 -6.15495 -17.6917
0 -6.74701 -15.1284
0 -7.40767 -12.8075
1 -5.8659 -12.6736
0 -6.45027 -10.246
3 0.3 1.5
3 -0.3 1.5
3 -0.3 -1.5
3 0.3 -1.5
1 -3.7934 -0.964242
0 -3.99597 1.74129
0 -4.95906 -1.41595
1 -4.52097 -3.92732
0 -5.60985 -4.4287
1 -4.51301 -3.96233
1 -5.07944 -6.84808
0 -6.05352 -7.38746
1 -5.04763 -9.88019
0 -9.4138 -33.0945
0 -10.1797 -36.9263
0 -11.7464 -39.2404
0 -11.1531 -41.6888
0 -12.0859 -44.6395
0 -12.4022 -53.0353
0 -12.7372 -58.45
694
0 -9.85033 -30.276
0 -8.80073 -27.4732
1 -7.93035 -26.8899
0 -8.26344 -24.3411
1 -7.24208 -23.769
0 -7.84996 -21.2158
1 -6.86535 -20.6452
0 -7.34574 -18.1549
1 -6.15495 -17.6917
0 -6.74701 -15.1284
0 -7.40767 -12.8075
1 -5.8659 -12.6736
0 -6.45027 -10.246
3 0.3 1.5
3 -0.3 1.5
3 -0.3 -1.5
3 0.3 -1.5
1 -3.7934 -0.964242
0 -3.99597 1.74129
0 -4.95906 -1.41595
1 -4.52097 -3.92732
0 -5.60985 -4.4287
1 -4.51301 -3.96233
1 -5.07944 -6.84808
0 -6.05352 -7.38746
1 -5.04763 -9.88019
0 -9.4138 -33.0945
0 -10.1797 -36.9263
0 -11.7464 -39.2404
0 -11.1531 -41.6888
0 -12.0859 -44.6395
0 -12.4022 -53.0353
0 -12.7372 -58.45
698
0 -9.85033 -30.276
0 -8.80073 -27.4732
1 -7.93035 -26.8899
0 -8.26344 -24.3411
1 -7.24208 -23.769
0 -7.84996 -21.2158
1 -6.86535 -20.6452
0 -7.34574 -18.1549
1 -6.15495 -17.6917
0 -6.74701 -15.1284
0 -7.40767 -12.8075
1 -5.8659 -12.6736
0 -6.45027 -10.246
3 0.3 1.5
3 -0.3 1.5
3 -0.3 -1.5
3 0.3 -1.5
1 -3.7934 -0.964242
0 -3.99597 1.74129
0 -4.95906 -1.41595
1 -4.52097 -3.92732
0 -5.60985 -4.4287
1 -4.51301 -3.96233
1 -5.07944 -6.84808
0 -6.05352 -7.38746
1 -5.04763 -9.88019
0 -9.4138 -33.0945
0 -10.1797 -36.9263
0 -11.7464 -39.2404
0 -11.1531 -41.6888
0 -12.0859 -44.6395
0 -12.4022 -53.0353
0 -12.7372 -58.45
702
0 -9.85033 -30.276
0 -8.80073 -27.4732
1 -7.93035 -26.8899
0 -8.26344 -24.3411
1 -7.24208 -23.769
0 -7.84996 -21.2158
1 -6.86535 -20.6452
0 -7.34574 -18.1549
1 -6.15495 -17.6917
0 -6.74701 -15.1284
0 -7.40767 -12.8075
1 -5.8659 -12.6736
0 -6.45027 -10.246
3 0.3 1.5
3 -0.3 1.5
3 -0.3 -1.5
3 0.3 -1.5
1 -3.7934 -0.964242
0 -3.99597 1.74129
0 -4.95906 -1.41595
1 -4.52097 -3.92732
0 -5.60985 -4.4287
1 -4.51301 -3.96233
1 -5.07944 -6.84808
0 -6.05352 -7.38746
1 -5.04763 -9.88019
0 -9.4138 -33.0945
0 -10.1797 -36.9263
0 -11.7464 -39.2404
0 -11.1531 -41.6888
0 -12.0859 -44.6395
0 -12.4022 -53.0353
0 -12.7372 -58.45
706
0 -9.85033 -30.276
0 -8.80073 -27.4732
1 -7.93035 -26.8899
0 -8.26344 -24.3411
1 -7.24208 -23.769
0 -7.84996 -21.2158
1 -6.86535 -20.6452
0 -7.34574 -18.1549
1 -6.15495 -17.6917
0 -6.74701 -15.1284
0 -7.40767 -12.8075
1 -5.8659 -12.6736
0 -6.45027 -10.246
3 0.3 1.5
3 -0.3 1.5
3 -0.3 -1.5
3 0.3 -1.5
1 -3.7934 -0.964242
0 -3.99597 1.74129
0 -4.95906 -1.41595
1 -4.52097 -3.92732
0 -5.60985 -4.4287
1 -4.51301 -3.96233
1 -5.07944 -6.84808
0 -6.05352 -7.38746
1 -5.04763 -9.88019
0 -9.4138 -33.0945
0 -10.1797 -36.9263
0 -11.7464 -39.2404
0 -11.1531 -41.6888
0 -12.0859 -44.6395
0 -12.4022 -53.0353
0 -12.7372 -58.45
710
0 -9.85033 -30.276
0 -8.80073 -27.4732
1 -7.93035 -26.8899
0 -8.26344 -24.3411
1 -7.24208 -23.769
0 -7.84996 -21.2158
1 -6.86535 -20.6452
0 -7.34574 -18.1549
1 -6.15495 -17.6917
0 -6.74701 -15.1284
0 -7.40767 -12.8075
1 -5.8659 -12.6736
0 -6.45027 -10.246
3 0.3 1.5
3 -0.3 1.5
3 -0.3 -1.5
3 0.3 -1.5
1 -3.7934 -0.964242
0 -3.99597 1.74129
0 -4.95906 -1.41595
1 -4.52097 -3.92732
0 -5.60985 -4.4287
1 -4.51301 -3.96233
1 -5.07944 -6.84808
0 -6.05352 -7.38746
1 -5.04763 -9.88019
0 -9.4138 -33.0945
0 -10.1797 -36.9263
0 -11.7464 -39.2404
0 -11.1531 -41.6888
0 -12.0859 -44.6395
0 -12.4022 -53.0353
0 -12.7372 -58.45
714
0 -9.85033 -30.276
0 -8.80073 -27.4732
1 -7.93035 -26.8899
0 -8.26344 -24.3411
1 -7.24208 -23.769
0 -7.84996 -21.2158
1 -6.86535 -20.6452
0 -7.34574 -18.1549
1 -6.15495 -17.6917
0 -6.74701 -15.1284
0 -7.40767 -12.8075
1 -5.8659 -12.6736
0 -6.45027 -10.246
3 0.3 1.5
3 -0.3 1.5
3 -0.3 -1.5
3 0.3 -1.5
1 -3.7934 -0.964242
0 -3.99597 1.74129
0 -4.95906 -1.41595
1 -4.52097 -3.92732
0 -5.60985 -4.4287
1 -4.51301 -3.96233
1 -5.07944 -6.84808
0 -6.05352 -7.38746
1 -5.04763 -9.88019
0 -9.4138 -33.0945
0 -10.1797 -36.9263
0 -11.7464 -39.2404
0 -11.1531 -41.6888
0 -12.0859 -44.6395
0 -12.4022 -53.0353
0 -12.7372 -58.45
718
0 -9.85033 -30.276
0 -8.80073 -27.4732
1 -7.93035 -26.8899
0 -8.26344 -24.3411
1 -7.24208 -23.769
0 -7.84996 -21.2158
1 -6.86535 -20.6452
0 -7.34574 -18.1549
1 -6.15495 -17.6917
0 -6.74701 -15.1284
0 -7.40767 -12.8075
1 -5.8659 -12.6736
0 -6.45027 -10.246
3 0.3 1.5
3 -0.3 1.5
3 -0.3 -1.5
3 0.3 -1.5
1 -3.7934 -0.964242
0 -3.99597 1.74129
0 -4.95906 -1.41595
1 -4.52097 -3.92732
0 -5.60985 -4.4287
1 -4.51301 -3.96233
1 -5.07944 -6.84808
0 -6.05352 -7.38746
1 -5.04763 -9.88019
0 -9.4138 -33.0945
0 -10.1797 -36.9263
0 -11.7464 -39.2404
0 -11.1531 -41.6888
0 -12.0859 -44.6395
0 -12.4022 -53.0353
0 -12.7372 -58.45
722
0 -9.85033 -30.276
0 -8.80073 -27.4732
1 -7.93035 -26.8899
0 -8.26344 -24.3411
1 -7.24208 -23.769
0 -7.84996 -21.2158
1 -6.86535 -20.6452
0 -7.34574 -18.1549
1 -6.15495 -17.6917
0 -6.74701 -15.1284
0 -7.40767 -12.8075
1 -5.8659 -12.6736
0 -6.45027 -10.246
3 0.3 1.5
3 -0.3 1.5
3 -0.3 -1.5
3 0.3 -1.5
1 -3.7934 -0.964242
0 -3.99597 1.74129
0 -4.95906 -1.41595
1 -4.52097 -3.92732
0 -5.60985 -4.4287
1 -4.51301 -3.96233
1 -5.07944 -6.84808
0 -6.05352 -7.38746
1 -5.04763 -9.88019
0 -9.4138 -33.0945
0 -10.1797 -36.9263
0 -11.7464 -39.2404
0 -11.1531 -41.6888
0 -12.0859 -44.6395
0 -12.4022 -53.0353
0 -12.7372 -58.45
726
0 -9.85033 -30.276
0 -8.80073 -27.4732
1 -7.93035 -26.8899
0 -8.26344 -24.3411
1 -7.24208 -23.769
0 -7.84996 -21.2158
1 -6.86535 -20.6452
0 -7.34574 -18.1549
1 -6.15495 -17.6917
0 -6.74701 -15.1284
0 -7.40767 -12.8075
1 -5.8659 -12.6736
0 -6.45027 -10.246
3 0.3 1.5
3 -0.3 1.5
3 -0.3 -1.5
3 0.3 -1.5
1 -3.7934 -0.964242
0 -3.99597 1.74129
0 -4.95906 -1.41595
1 -4.52097 -3.92732
0 -5.60985 -4.4287
1 -4.51301 -3.96233
1 -5.07944 -6.84808
0 -6.05352 -7.38746
1 -5.04763 -9.88019
0 -9.4138 -33.0945
0 -10.1797 -36.9263
0 -11.7464 -39.2404
0 -11.1531 -41.6888
0 -12.0859 -44.6395
0 -12.4022 -53.0353
0 -12.7372 -58.45
730
0 -9.85033 -30.276
0 -8.80073 -27.4732
1 -7.93035 -26.8899
0 -8.26344 -24.3411
1 -7.24208 -23.769
0 -7.84996 -21.2158
1 -6.86535 -20.6452
0 -7.34574 -18.1549
1 -6.15495 -17.6917
0 -6.74701 -15.1284
0 -7.40767 -12.8075
1 -5.8659 -12.6736
0 -6.45027 -10.246
3 0.3 1.5
3 -0.3 1.5
3 -0.3 -1.5
3 0.3 -1.5
1 -3.7934 -0.964242
0 -3.99597 1.74129
0 -4.95906 -1.41595
1 -4.52097 -3.92732
0 -5.60985 -4.4287
1 -4.51301 -3.96233
1 -5.07944 -6.84808
0 -6.05352 -7.38746
1 -5.04763 -9.88019
0 -9.4138 -33.0945
0 -10.1797 -36.9263
0 -11.7464 -39.2404
0 -11.1531 -41.6888
0 -12.0859 -44.6395
0 -12.4022 -53.0353
0 -12.7372 -58.45
734
0 -9.85033 -30.276
0 -8.80073 -27.4732
1 -7.93035 -26.8899
0 -8.26344 -24.3411
1 -7.24208 -23.769
0 -7.84996 -21.2158
1 -6.86535 -20.6452
0 -7.34574 -18.1549
1 -6.15495 -17.6917
0 -6.74701 -15.1284
0 -7.40767 -12.8075
1 -5.8659 -12.6736
0 -6.45027 -10.246
3 0.3 1.5
3 -0.3 1.5
3 -0.3 -1.5
3 0.3 -1.5
1 -3.7934 -0.964242
0 -3.99597 1.74129
0 -4.95906 -1.41595
1 -4.52097 -3.92732
0 -5.60985 -4.4287
1 -4.51301 -3.96233
1 -5.07944 -6.84808
0 -6.05352 -7.38746
1 -5.04763 -9.88019
0 -9.4138 -33.0945
0 -10.1797 -36.9263
0 -11.7464 -39.2404
0 -11.1531 -41.6888
0 -12.0859 -44.6395
0 -12.4022 -53.0353
0 -12.7372 -58.45
738
0 -9.85033 -30.276
0 -8.80073 -27.4732
1 -7.93035 -26.8899
0 -8.26344 -24.3411
1 -7.24208 -23.769
0 -7.84996 -21.2158
1 -6.86535 -20.6452
0 -7.34574 -18.1549
1 -6.15495 -17.6917
0 -6.74701 -15.1284
0 -7.40767 -12.8075
1 -5.8659 -12.6736
0 -6.45027 -10.246
3 0.3 1.5
3 -0.3 1.5
3 -0.3 -1.5
3 0.3 -1.5
1 -3.7934 -0.964242
0 -3.99597 1.74129
0 -4.95906 -1.41595
1 -4.52097 -3.92732
0 -5.60985 -4.4287
1 -4.51301 -3.96233
1 -5.07944 -6.84808
0 -6.05352 -7.38746
1 -5.04763 -9.88019
0 -9.4138 -33.0945
0 -10.1797 -36.9263
0 -11.7464 -39.2404
0 -11.1531 -41.6888
0 -12.0859 -44.6395
0 -12.4022 -53.0353
0 -12.7372 -58.45
742
0 -9.85033 -30.276
0 -8.80073 -27.4732
1 -7.93035 -26.8899
0 -8.26344 -24.3411
1 -7.24208 -23.769
0 -7.84996 -21.2158
1 -6.86535 -20.6452
0 -7.34574 -18.1549
1 -6.15495 -17.6917
0 -6.74701 -15.1284
0 -7.40767 -12.8075
1 -5.8659 -12.6736
0 -6.45027 -10.246
3 0.3 1.5
3 -0.3 1.5
3 -0.3 -1.5
3 0.3 -1.5
1 -3.7934 -0.964242
0 -3.99597 1.74129
0 -4.95906 -1.41595
1 -4.52097 -3.92732
0 -5.60985 -4.4287
1 -4.51301 -3.96233
1 -5.07944 -6.84808
0 -6.05352 -7.38746
1 -5.04763 -9.88019
0 -9.4138 -33.0945
0 -10.1797 -36.9263
0 -11.7464 -39.2404
0 -11.1531 -41.6888
0 -12.0859 -44.6395
0 -12.4022 -53.0353
0 -12.7372 -58.45
746
0 -9.85033 -30.276
0 -8.80073 -27.4732
1 -7.93035 -26.8899
0 -8.26344 -24.3411
1 -7.24208 -23.769
0 -7.84996 -21.2158
1 -6.86535 -20.6452
0 -7.34574 -18.1549
1 -6.15495 -17.6917
0 -6.74701 -15.1284
0 -7.40767 -12.8075
1 -5.8659 -12.6736
0 -6.45027 -10.246
3 0.3 1.5
3 -0.3 1.5
3 -0.3 -1.5
3 0.3 -1.5
1 -3.7934 -0.964242
0 -3.99597 1.74129
0 -4.95906 -1.41595
1 -4.52097 -3.92732
0 -5.60985 -4.4287
1 -4.51301 -3.96233
1 -5.07944 -6.84808
0 -6.05352 -7.38746
1 -5.04763 -9.88019
0 -9.4138 -33.0945
0 -10.1797 -36.9263
0 -11.7464 -39.2404
0 -11.1531 -41.6888
0 -12.0859 -44.6395
0 -12.4022 -53.0353
0 -12.7372 -58.45
750
0 -9.85033 -30.276
0 -8.80073 -27.4732
1 -7.93035 -26.8899
0 -8.26344 -24.3411
1 -7.24208 -23.769
0 -7.84996 -21.2158
1 -6.86535 -20.6452
0 -7.34574 -18.1549
1 -6.15495 -17.6917
0 -6.74701 -15.1284
0 -7.40767 -12.8075
1 -5.8659 -12.6736
0 -6.45027 -10.246
3 0.3 1.5
3 -0.3 1.5
3 -0.3 -1.5
3 0.3 -1.5
1 -3.7934 -0.964242
0 -3.99597 1.74129
0 -4.95906 -1.41595
1 -4.52097 -3.92732
0 -5.60985 -4.4287
1 -4.51301 -3.96233
1 -5.07944 -6.84808
0 -6.05352 -7.38746
1 -5.04763 -9.88019
0 -9.4138 -33.0945
0 -10.1797 -36.9263
0 -11.7464 -39.2404
0 -11.1531 -41.6888
0 -12.0859 -44.6395
0 -12.4022 -53.0353
0 -12.7372 -58.45
754
0 -9.85033 -30.276
0 -8.80073 -27.4732
1 -7.93035 -26.8899
0 -8.26344 -24.3411
1 -7.24208 -23.769
0 -7.84996 -21.2158
1 -6.86535 -20.6452
0 -7.34574 -18.1549
1 -6.15495 -17.6917
0 -6.74701 -15.1284
0 -7.40767 -12.8075
1 -5.8659 -12.6736
0 -6.45027 -10.246
3 0.3 1.5
3 -0.3 1.5
3 -0.3 -1.5
3 0.3 -1.5
1 -3.7934 -0.964242
0 -3.99597 1.74129
0 -4.95906 -1.41595
1 -4.52097 -3.92732
0 -5.60985 -4.4287
1 -4.51301 -3.96233
1 -5.07944 -6.84808
0 -6.05352 -7.38746
1 -5.04763 -9.88019
0 -9.4138 -33.0945
0 -10.1797 -36.9263
0 -11.7464 -39.2404
0 -11.1531 -41.6888
0 -12.0859 -44.6395
0 -12.4022 -53.0353
0 -12.7372 -58.45
758
0 -9.85033 -30.276
0 -8.80073 -27.4732
1 -7.93035 -26.8899
0 -8.26344 -24.3411
1 -7.24208 -23.769
0 -7.84996 -21.2158
1 -6.86535 -20.6452
0 -7.34574 -18.1549
1 -6.15495 -17.6917
0 -6.74701 -15.1284
0 -7.40767 -12.8075
1 -5.8659 -12.6736
0 -6.45027 -10.246
3 0.3 1.5
3 -0.3 1.5
3 -0.3 -1.5
3 0.3 -1.5
1 -3.7934 -0.964242
0 -3.99597 1.74129
0 -4.95906 -1.41595
1 -4.52097 -3.92732
0 -5.60985 -4.4287
1 -4.51301 -3.96233
1 -5.07944 -6.84808
0 -6.05352 -7.38746
1 -5.04763 -9.88019
0 -9.4138 -33.0945
0 -10.1797 -36.9263
0 -11.7464 -39.2404
0 -11.1531 -41.6888
0 -12.0859 -44.6395
0 -12.4022 -53.0353
0 -12.7372 -58.45
762
0 -9.85033 -30.276
0 -8.80073 -27.4732
1 -7.93035 -26.8899
0 -8.26344 -24.3411
1 -7.24208 -23.769
0 -7.84996 -21.2158
1 -6.86535 -20.6452
0 -7.34574 -18.1549
1 -6.15495 -17.6917
0 -6.74701 -15.1284
0 -7.40767 -12.8075
1 -5.8659 -12.6736
0 -6.45027 -10.246
3 0.3 1.5
3 -0.3 1.5
3 -0.3 -1.5
3 0.3 -1.5
1 -3.7934 -0.964242
0 -3.99597 1.74129
0 -4.95906 -1.41595
1 -4.52097 -3.92732
0 -5.60985 -4.4287
1 -4.51301 -3.96233
1 -5.07944 -6.84808
0 -6.05352 -7.38746
1 -5.04763 -9.88019
0 -9.4138 -33.0945
0 -10.1797 -36.9263
0 -11.7464 -39.2404
0 -11.1531 -41.6888
0 -12.0859 -44.6395
0 -12.4022 -53.0353
0 -12.7372 -58.45
766
0 -9.85033 -30.276
0 -8.80073 -27.4732
1 -7.93035 -26.8899
0 -8.26344 -24.3411
1 -7.24208 -23.769
0 -7.84996 -21.2158
1 -6.86535 -20.6452
0 -7.34574 -18.1549
1 -6.15495 -17.6917
0 -6.74701 -15.1284
0 -7.40767 -12.8075
1 -5.8659 -12.6736
0 -6.45027 -10.246
3 0.3 1.5
3 -0.3 1.5
3 -0.3 -1.5
3 0.3 -1.5
1 -3.7934 -0.964242
0 -3.99597 1.74129
0 -4.95906 -1.41595
1 -4.52097 -3.92732
0 -5.60985 -4.4287
1 -4.51301 -3.96233
1 -5.07944 -6.84808
0 -6.05352 -7.38746
1 -5.04763 -9.88019
0 -9.4138 -33.0945
0 -10.1797 -36.9263
0 -11.7464 -39.2404
0 -11.1531 -41.6888
0 -12.0859 -44.6395
0 -12.4022 -53.0353
0 -12.7372 -58.45
770
0 -9.85033 -30.276
0 -8.80073 -27.4732
1 -7.93035 -26.8899
0 -8.26344 -24.3411
1 -7.24208 -23.769
0 -7.84996 -21.2158
1 -6.86535 -20.6452
0 -7.34574 -18.1549
1 -6.15495 -17.6917
0 -6.74701 -15.1284
0 -7.40767 -12.8075
1 -5.8659 -12.6736
0 -6.45027 -10.246
3 0.3 1.5
3 -0.3 1.5
3 -0.3 -1.5
3 0.3 -1.5
1 -3.7934 -0.964242
0 -3.99597 1.74129
0 -4.95906 -1.41595
1 -4.52097 -3.92732
0 -5.60985 -4.4287
1 -4.51301 -3.96233
1 -5.07944 -6.84808
0 -6.05352 -7.38746
1 -5.04763 -9.88019
0 -9.4138 -33.0945
0 -10.1797 -36.9263
0 -11.7464 -39.2404
0 -11.1531 -41.6888
0 -12.0859 -44.6395
0 -12.4022 -53.0353
0 -12.7372 -58.45
774
0 -9.85033 -30.276
0 -8.80073 -27.4732
1 -7.93035 -26.8899
0 -8.26344 -24.3411
1 -7.24208 -23.769
0 -7.84996 -21.2158
1 -6.86535 -20.6452
0 -7.34574 -18.1549
1 -6.15495 -17.6917
0 -6.74701 -15.1284
0 -7.40767 -12.8075
1 -5.8659 -12.6736
0 -6.45027 -10.246
3 0.3 1.5
3 -0.3 1.5
3 -0.3 -1.5
3 0.3 -1.5
1 -3.7934 -0.964242
0 -3.99597 1.74129
0 -4.95906 -1.41595
1 -4.52097 -3.92732
0 -5.60985 -4.4287
1 -4.51301 -3.96233
1 -5.07944 -6.84808
0 -6.05352 -7.38746
1 -5.04763 -9.88019
0 -9.4138 -33.0945
0 -10.1797 -36.9263
0 -11.7464 -39.2404
0 -11.1531 -41.6888
0 -12.0859 -44.6395
0 -12.4022 -53.0353
0 -12.7372 -58.45
778
0 -9.85033 -30.276
0 -8.80073 -27.4732
1 -7.93035 -26.8899
0 -8.26344 -24.3411
1 -7.24208 -23.769
0 -7.84996 -21.2158
1 -6.86535 -20.6452
0 -7.34574 -18.1549
1 -6.15495 -17.6917
0 -6.74701 -15.1284
0 -7.40767 -12.8075
1 -5.8659 -12.6736
0 -6.45027 -10.246
3 0.3 1.5
3 -0.3 1.5
3 -0.3 -1.5
3 0.3 -1.5
1 -3.7934 -0.964242
0 -3.99597 1.74129
0 -4.95906 -1.41595
1 -4.52097 -3.92732
0 -5.60985 -4.4287
1 -4.51301 -3.96233
1 -5.07944 -6.84808
0 -6.05352 -7.38746
1 -5.04763 -9.88019
0 -9.4138 -33.0945
0 -10.1797 -36.9263
0 -11.7464 -39.2404
0 -11.1531 -41.6888
0 -12.0859 -44.6395
0 -12.4022 -53.0353
0 -12.7372 -58.45
782
0 -9.85033 -30.276
0 -8.80073 -27.4732
1 -7.93035 -26.8899
0 -8.26344 -24.3411
1 -7.24208 -23.769
0 -7.84996 -21.2158
1 -6.86535 -20.6452
0 -7.34574 -18.1549
1 -6.15495 -17.6917
0 -6.74701 -15.1284
0 -7.40767 -12.8075
1 -5.8659 -12.6736
0 -6.45027 -10.246
3 0.3 1.5
3 -0.3 1.5
3 -0.3 -1.5
3 0.3 -1.5
1 -3.7934 -0.964242
0 -3.99597 1.74129
0 -4.95906 -1.41595
1 -4.52097 -3.92732
0 -5.60985 -4.4287
1 -4.51301 -3.96233
1 -5.07944 -6.84808
0 -6.05352 -7.38746
1 -5.04763 -9.88019
0 -9.4138 -33.0945
0 -10.1797 -36.9263
0 -11.7464 -39.2404
0 -11.1531 -41.6888
0 -12.0859 -44.6395
0 -12.4022 -53.0353
0 -12.7372 -58.45
786
0 -9.85033 -30.276
0 -8.80073 -27.4732
1 -7.93035 -26.8899
0 -8.26344 -24.3411
1 -7.24208 -23.769
0 -7.84996 -21.2158
1 -6.86535 -20.6452
0 -7.34574 -18.1549
1 -6.15495 -17.6917
0 -6.74701 -15.1284
0 -7.40767 -12.8075
1 -5.8659 -12.6736
0 -6.45027 -10.246
3 0.3 1.5
3 -0.3 1.5
3 -0.3 -1.5
3 0.3 -1.5
1 -3.7934 -0.964242
0 -3.99597 1.74129
0 -4.95906 -1.41595
1 -4.52097 -3.92732
0 -5.60985 -4.4287
1 -4.51301 -3.96233
1 -5.07944 -6.84808
0 -6.05352 -7.38746
1 -5.04763 -9.88019
0 -9.4138 -33.0945
0 -10.1797 -36.9263
0 -11.7464 -39.2404
0 -11.1531 -41.6888
0 -12.0859 -44.6395
0 -12.4022 -53.0353
0 -12.7372 -58.45
790
0 -9.85033 -30.276
0 -8.80073 -27.4732
1 -7.93035 -26.8899
0 -8.26344 -24.3411
1 -7.24208 -23.769
0 -7.84996 -21.2158
1 -6.86535 -20.6452
0 -7.34574 -18.1549
1 -6.15495 -17.6917
0 -6.74701 -15.1284
0 -7.40767 -12.8075
1 -5.8659 -12.6736
0 -6.45027 -10.246
3 0.3 1.5
3 -0.3 1.5
3 -0.3 -1.5
3 0.3 -1.5
1 -3.7934 -0.964242
0 -3.99597 1.74129
0 -4.95906 -1.41595
1 -4.52097 -3.92732
0 -5.60985 -4.4287
1 -4.51301 -3.96233
1 -5.07944 -6.84808
0 -6.05352 -7.38746
1 -5.04763 -9.88019
0 -9.4138 -33.0945
0 -10.1797 -36.9263
0 -11.7464 -39.2404
0 -11.1531 -41.6888
0 -12.0859 -44.6395
0 -12.4022 -53.0353
0 -12.7372 -58.45
794
0 -9.85033 -30.276
0 -8.80073 -27.4732
1 -7.93035 -26.8899
0 -8.26344 -24.3411
1 -7.24208 -23.769
0 -7.84996 -21.2158
1 -6.86535 -20.6452
0 -7.34574 -18.1549
1 -6.15495 -17.6917
0 -6.74701 -15.1284
0 -7.40767 -12.8075
1 -5.8659 -12.6736
0 -6.45027 -10.246
3 0.3 1.5
3 -0.3 1.5
3 -0.3 -1.5
3 0.3 -1.5
1 -3.7934 -0.964242
0 -3.99597 1.74129
0 -4.95906 -1.41595
1 -4.52097 -3.92732
0 -5.60985 -4.4287
1 -4.51301 -3.96233
1 -5.07944 -6.84808
0 -6.05352 -7.38746
1 -5.04763 -9.88019
0 -9.4138 -33.0945
0 -10.1797 -36.9263
0 -11.7464 -39.2404
0 -11.1531 -41.6888
0 -12.0859 -44.6395
0 -12.4022 -53.0353
0 -12.7372 -58.45
798
0 -9.85033 -30.276
0 -8.80073 -27.4732
1 -7.93035 -26.8899
0 -8.26344 -24.3411
1 -7.24208 -23.769
0 -7.84996 -21.2158
1 -6.86535 -20.6452
0 -7.34574 -18.1549
1 -6.15495 -17.6917
0 -6.74701 -15.1284
0 -7.40767 -12.8075
1 -5.8659 -12.6736
0 -6.45027 -10.246
3 0.3 1.5
3 -0.3 1.5
3 -0.3 -1.5
3 0.3 -1.5
1 -3.7934 -0.964242
0 -3.99597 1.74129
0 -4.95906 -1.41595
1 -4.52097 -3.92732
0 -5.60985 -4.4287
1 -4.51301 -3.96233
1 -5.07944 -6.84808
0 -6.05352 -7.38746
1 -5.04763 -9.88019
0 -9.4138 -33.0945
0 -10.1797 -36.9263
0 -11.7464 -39.2404
0 -11.1531 -41.6888
0 -12.0859 -44.6395
0 -12.4022 -53.0353
0 -12.7372 -58.45
802
0 -9.85033 -30.276
0 -8.80073 -27.4732
1 -7.93035 -26.8899
0 -8.26344 -24.3411
1 -7.24208 -23.769
0 -7.84996 -21.2158
1 -6.86535 -20.6452
0 -7.34574 -18.1549
1 -6.15495 -17.6917
0 -6.74701 -15.1284
0 -7.40767 -12.8075
1 -5.8659 -12.6736
0 -6.45027 -10.246
3 0.3 1.5
3 -0.3 1.5
3 -0.3 -1.5
3 0.3 -1.5
1 -3.7934 -0.964242
0 -3.99597 1.74129
0 -4.95906 -1.41595
1 -4.52097 -3.92732
0 -5.60985 -4.4287
1 -4.51301 -3.96233
1 -5.07944 -6.84808
0 -6.05352 -7.38746
1 -5.04763 -9.88019
0 -9.4138 -33.0945
0 -10.1797 -36.9263
0 -11.7464 -39.2404
0 -11.1531 -41.6888
0 -12.0859 -44.6395
0 -12.4022 -53.0353
0 -12.7372 -58.45
806
0 -9.85033 -30.276
0 -8.80073 -27.4732
1 -7.93035 -26.8899
0 -8.26344 -24.3411
1 -7.24208 -23.769
0 -7.84996 -21.2158
1 -6.86535 -20.6452
0 -7.34574 -18.1549
1 -6.15495 -17.6917
0 -6.74701 -15.1284
0 -7.40767 -12.8075
1 -5.8659 -12.6736
0 -6.45027 -10.246
3 0.3 1.5
3 -0.3 1.5
3 -0.3 -1.5
3 0.3 -1.5
1 -3.7934 -0.964242
0 -3.99597 1.74129
0 -4.95906 -1.41595
1 -4.52097 -3.92732
0 -5.60985 -4.4287
1 -4.51301 -3.96233
1 -5.07944 -6.84808
0 -6.05352 -7.38746
1 -5.04763 -9.88019
0 -9.4138 -33.0945
0 -10.1797 -36.9263
0 -11.7464 -39.2404
0 -11.1531 -41.6888
0 -12.0859 -44.6395
0 -12.4022 -53.0353
0 -12.7372 -58.45
810
0 -12.7372 -58.45
0 -12.4022 -53.0353
0 -12.0859 -44.6395
0 -11.1531 -41.6888
0 -11.7464 -39.2404
0 -10.1797 -36.9263
0 -9.4138 -33.0945
1 -5.04763 -9.88019
0 -6.05352 -7.38746
1 -5.07944 -6.84808
1 -4.51301 -3.96233
0 -5.60985 -4.4287
1 -4.52097 -3.92732
0 -4.95906 -1.41595
0 -3.99597 1.74129
1 -3.7934 -0.964242
3 0.3 -1.5
3 -0.3 -1.5
3 -0.3 1.5
3 0.3 1.5
0 -6.45027 -10.246
1 -5.8659 -12.6736
0 -7.40767 -12.8075
0 -6.74701 -15.1284
1 -6.15495 -17.6917
0 -7.34574 -18.1549
1 -6.86535 -20.6452
0 -7.84996 -21.2158
1 -7.24208 -23.769
0 -8.26344 -24.3411
1 -7.93035 -26.8899
0 -8.80073 -27.4732
0 -9.85033 -30.276
814
0 -12.7372 -58.45
0 -12.4022 -53.0353
0 -12.0859 -44.6395
0 -11.1531 -41.6888
0 -11.7464 -39.2404
0 -10.1797 -36.9263
0 -9.4138 -33.0945
1 -5.04763 -9.88019
0 -6.05352 -7.38746
1 -5.07944 -6.84808
1 -4.51301 -3.96233
0 -5.60985 -4.4287
1 -4.52097 -3.92732
0 -4.95906 -1.41595
0 -3.99597 1.74129
1 -3.7934 -0.964242
3 0.3 -1.5
3 -0.3 -1.5
3 -0.3 1.5
3 0.3 1.5
0 -6.45027 -10.246
1 -5.8659 -12.6736
0 -7.40767 -12.8075
0 -6.74701 -15.1284
1 -6.15495 -17.6917
0 -7.34574 -18.1549
1 -6.86535 -20.6452
0 -7.84996 -21.2158
1 -7.24208 -23.769
0 -8.26344 -24.3411
1 -7.93035 -26.8899
0 -8.80073 -27.4732
0 -9.85033 -30.276
818
0 -12.7372 -58.45
0 -12.4022 -53.0353
0 -12.0859 -44.6395
0 -11.1531 -41.6888
0 -11.7464 -39.2404
0 -10.1797 -36.9263
0 -9.4138 -33.0945
1 -5.04763 -9.88019
0 -6.05352 -7.38746
1 -5.07944 -6.84808
1 -4.51301 -3.96233
0 -5.60985 -4.4287
1 -4.52097 -3.92732
0 -4.95906 -1.41595
0 -3.99597 1.74129
1 -3.7934 -0.964242
3 0.3 -1.5
3 -0.3 -1.5
3 -0.3 1.5
3 0.3 1.5
0 -6.45027 -10.246
1 -5.8659 -12.6736
0 -7.40767 -12.8075
0 -6.74701 -15.1284
1 -6.15495 -17.6917
0 -7.34574 -18.1549
1 -6.86535 -20.6452
0 -7.84996 -21.2158
1 -7.24208 -23.769
0 -8.26344 -24.3411
1 -7.93035 -26.8899
0 -8.80073 -27.4732
0 -9.85033 -30.276
822
0 -12.7372 -58.45
0 -12.4022 -53.0353
0 -12.0859 -44.6395
0 -11.1531 -41.6888
0 -11.7464 -39.2404
0 -10.1797 -36.9263
0 -9.4138 -33.0945
1 -5.04763 -9.88019
0 -6.05352 -7.38746
1 -5.07944 -6.84808
1 -4.51301 -3.96233
0 -5.60985 -4.4287
1 -4.52097 -3.92732
0 -4.95906 -1.41595
0 -3.99597 1.74129
1 -3.7934 -0.964242
3 0.3 -1.5
3 -0.3 -1.5
3 -0.3 1.5
3 0.3 1.5
0 -6.45027 -10.246
1 -5.8659 -12.6736
0 -7.40767 -12.8075
0 -6.74701 -15.1284
1 -6.15495 -17.6917
0 -7.34574 -18.1549
1 -6.86535 -20.6452
0 -7.84996 -21.2158
1 -7.24208 -23.769
0 -8.26344 -24.3411
1 -7.93035 -26.8899
0 -8.80073 -27.4732
0 -9.85033 -30.276
826
0 -12.7372 -58.45
0 -12.4022 -53.0353
0 -12.0859 -44.6395
0 -11.1531 -41.6888
0 -11.7464 -39.2404
0 -10.1797 -36.9263
0 -9.4138 -33.0945
1 -5.04763 -9.88019
0 -6.05352 -7.38746
1 -5.07944 -6.84808
1 -4.51301 -3.96233
0 -5.60985 -4.4287
1 -4.52097 -3.92732
0 -4.95906 -1.41595
0 -3.99597 1.74129
1 -3.7934 -0.964242
3 0.3 -1.5
3 -0.3 -1.5
3 -0.3 1.5
3 0.3 1.5
0 -6.45027 -10.246
1 -5.8659 -12.6736
0 -7.40767 -12.8075
0 -6.74701 -15.1284
1 -6.15495 -17.6917
0 -7.34574 -18.1549
1 -6.86535 -20.6452
0 -7.84996 -21.2158
1 -7.24208 -23.769
0 -8.26344 -24.3411
1 -7.93035 -26.8899
0 -8.80073 -27.4732
0 -9.85033 -30.276
830
0 -12.7372 -58.45
0 -12.4022 -53.0353
0 -12.0859 -44.6395
0 -11.1531 -41.6888
0 -11.7464 -39.2404
0 -10.1797 -36.9263
0 -9.4138 -33.0945
1 -5.04763 -9.88019
0 -6.05352 -7.38746
1 -5.07944 -6.84808
1 -4.51301 -3.96233
0 -5.60985 -4.4287
1 -4.52097 -3.92732
0 -4.95906 -1.41595
0 -3.99597 1.74129
1 -3.7934 -0.964242
3 0.3 -1.5
3 -0.3 -1.5
3 -0.3 1.5
3 0.3 1.5
0 -6.45027 -10.246
1 -5.8659 -12.6736
0 -7.40767 -12.8075
0 -6.74701 -15.1284
1 -6.15495 -17.6917
0 -7.34574 -18.1549
1 -6.86535 -20.6452
0 -7.84996 -21.2158
1 -7.24208 -23.769
0 -8.26344 -24.3411
1 -7.93035 -26.8899
0 -8.80073 -27.4732
0 -9.85033 -30.276
834
0 -12.7372 -58.45
0 -12.4022 -53.0353
0 -12.0859 -44.6395
0 -11.1531 -41.6888
0 -11.7464 -39.2404
0 -10.1797 -36.9263
0 -9.4138 -33.0945
1 -5.04763 -9.88019
0 -6.05352 -7.38746
1 -5.07944 -6.84808
1 -4.51301 -3.96233
0 -5.60985 -4.4287
1 -4.52097 -3.92732
0 -4.95906 -1.41595
0 -3.99597 1.74129
1 -3.7934 -0.964242
3 0.3 -1.5
3 -0.3 -1.5
3 -0.3 1.5
3 0.3 1.5
0 -6.45027 -10.246
1 -5.8659 -12.6736
0 -7.40767 -12.8075
0 -6.74701 -15.1284
1 -6.15495 -17.6917
0 -7.34574 -18.1549
1 -6.86535 -20.6452
0 -7.84996 -21.2158
1 -7.24208 -23.769
0 -8.26344 -24.3411
1 -7.93035 -26.8899
0 -8.80073 -27.4732
0 -9.85033 -30.276
838
0 -12.7372 -58.45
0 -12.4022 -53.0353
0 -12.0859 -44.6395
0 -11.1531 -41.6888
0 -11.7464 -39.2404
0 -10.1797 -36.9263
0 -9.4138 -33.0945
1 -5.04763 -9.88019
0 -6.05352 -7.38746
1 -5.07944 -6.84808
1 -4.51301 -3.96233
0 -5.60985 -4.4287
1 -4.52097 -3.92732
0 -4.95906 -1.41595
0 -3.99597 1.74129
1 -3.7934 -0.964242
3 0.3 -1.5
3 -0.3 -1.5
3 -0.3 1.5
3 0.3 1.5
0 -6.45027 -10.246
1 -5.8659 -12.6736
0 -7.40767 -12.8075
0 -6.74701 -15.1284
1 -6.15495 -17.6917
0 -7.34574 -18.1549
1 -6.86535 -20.6452
0 -7.84996 -21.2158
1 -7.24208 -23.769
0 -8.26344 -24.3411
1 -7.93035 -26.8899
0 -8.80073 -27.4732
0 -9.85033 -30.276
842
0 -12.7372 -58.45
0 -12.4022 -53.0353
0 -12.0859 -44.6395
0 -11.1531 -41.6888
0 -11.7464 -39.2404
0 -10.1797 -36.9263
0 -9.4138 -33.0945
1 -5.04763 -9.88019
0 -6.05352 -7.38746
1 -5.07944 -6.84808
1 -4.51301 -3.96233
0 -5.60985 -4.4287
1 -4.52097 -3.92732
0 -4.95906 -1.41595
0 -3.99597 1.74129
1 -3.7934 -0.964242
3 0.3 -1.5
3 -0.3 -1.5
3 -0.3 1.5
3 0.3 1.5
0 -6.45027 -10.246
1 -5.8659 -12.6736
0 -7.40767 -12.8075
0 -6.74701 -15.1284
1 -6.15495 -17.6917
0 -7.34574 -18.1549
1 -6.86535 -20.6452
0 -7.84996 -21.2158
1 -7.24208 -23.769
0 -8.26344 -24.3411
1 -7.93035 -26.8899
0 -8.80073 -27.4732
0 -9.85033 -30.276
846
0 -12.7372 -58.45
0 -12.4022 -53.0353
0 -12.0859 -44.6395
0 -11.1531 -41.6888
0 -11.7464 -39.2404
0 -10.1797 -36.9263
0 -9.4138 -33.0945
1 -5.04763 -9.88019
0 -6.05352 -7.38746
1 -5.07944 -6.84808
1 -4.51301 -3.96233
0 -5.60985 -4.4287
1 -4.52097 -3.92732
0 -4.95906 -1.41595
0 -3.99597 1.74129
1 -3.7934 -0.964242
3 0.3 -1.5
3 -0.3 -1.5
3 -0.3 1.5
3 0.3 1.5
0 -6.45027 -10.246
1 -5.8659 -12.6736
0 -7.40767 -12.8075
0 -6.74701 -15.1284
1 -6.15495 -17.6917
0 -7.34574 -18.1549
1 -6.86535 -20.6452
0 -7.84996 -21.2158
1 -7.24208 -23.769
0 -8.26344 -24.3411
1 -7.93035 -26.8899
0 -8.80073 -27.4732
0 -9.85033 -30.276
850
0 -12.7372 -58.45
0 -12.4022 -53.0353
0 -12.0859 -44.6395
0 -11.1531 -41.6888
0 -11.7464 -39.2404
0 -10.1797 -36.9263
0 -9.4138 -33.0945
1 -5.04763 -9.88019
0 -6.05352 -7.38746
1 -5.07944 -6.84808
1 -4.51301 -3.96233
0 -5.60985 -4.4287
1 -4.52097 -3.92732
0 -4.95906 -1.41595
0 -3.99597 1.74129
1 -3.7934 -0.964242
3 0.3 -1.5
3 -0.3 -1.5
3 -0.3 1.5
3 0.3 1.5
0 -6.45027 -10.246
1 -5.8659 -12.6736
0 -7.40767 -12.8075
0 -6.74701 -15.1284
1 -6.15495 -17.6917
0 -7.34574 -18.1549
1 -6.86535 -20.6452
0 -7.84996 -21.2158
1 -7.24208 -23.769
0 -8.26344 -24.3411
1 -7.93035 -26.8899
0 -8.80073 -27.4732
0 -9.85033 -30.276
854
0 -12.7372 -58.45
0 -12.4022 -53.0353
0 -12.0859 -44.6395
0 -11.1531 -41.6888
0 -11.7464 -39.2404
0 -10.1797 -36.9263
0 -9.4138 -33.0945
1 -5.04763 -9.88019
0 -6.05352 -7.38746
1 -5.07944 -6.84808
1 -4.51301 -3.96233
0 -5.60985 -4.4287
1 -4.52097 -3.92732
0 -4.95906 -1.41595
0 -3.99597 1.74129
1 -3.7934 -0.964242
3 0.3 -1.5
3 -0.3 -1.5
3 -0.3 1.5
3 0.3 1.5
0 -6.45027 -10.246
1 -5.8659 -12.6736
0 -7.40767 -12.8075
0 -6.74701 -15.1284
1 -6.15495 -17.6917
0 -7.34574 -18.1549
1 -6.86535 -20.6452
0 -7.84996 -21.2158
1 -7.24208 -23.769
0 -8.26344 -24.3411
1 -7.93035 -26.8899
0 -8.80073 -27.4732
0 -9.85033 -30.276
858
0 -12.7372 -58.45
0 -12.4022 -53.0353
0 -12.0859 -44.6395
0 -11.1531 -41.6888
0 -11.7464 -39.2404
0 -10.1797 -36.9263
0 -9.4138 -33.0945
1 -5.04763 -9.88019
0 -6.05352 -7.38746
1 -5.07944 -6.84808
1 -4.51301 -3.96233
0 -5.60985 -4.4287
1 -4.52097 -3.92732
0 -4.95906 -1.41595
0 -3.99597 1.74129
1 -3.7934 -0.964242
3 0.3 -1.5
3 -0.3 -1.5
3 -0.3 1.5
3 0.3 1.5
0 -6.45027 -10.246
1 -5.8659 -12.6736
0 -7.40767 -12.8075
0 -6.74701 -15.1284
1 -6.15495 -17.6917
0 -7.34574 -18.1549
1 -6.86535 -20.6452
0 -7.84996 -21.2158
1 -7.24208 -23.769
0 -8.26344 -24.3411
1 -7.93035 -26.8899
0 -8.80073 -27.4732
0 -9.85033 -30.276
862
0 -12.7372 -58.45
0 -12.4022 -53.0353
0 -12.0859 -44.6395
0 -11.1531 -41.6888
0 -11.7464 -39.2404
0 -10.1797 -36.9263
0 -9.4138 -33.0945
1 -5.04763 -9.88019
0 -6.05352 -7.38746
1 -5.07944 -6.84808
1 -4.51301 -3.96233
0 -5.60985 -4.4287
1 -4.52097 -3.92732
0 -4.95906 -1.41595
0 -3.99597 1.74129
1 -3.7934 -0.964242
3 0.3 -1.5
3 -0.3 -1.5
3 -0.3 1.5
3 0.3 1.5
0 -6.45027 -10.246
1 -5.8659 -12.6736
0 -7.40767 -12.8075
0 -6.74701 -15.1284
1 -6.15495 -17.6917
0 -7.34574 -18.1549
1 -6.86535 -20.6452
0 -7.84996 -21.2158
1 -7.24208 -23.769
0 -8.26344 -24.3411
1 -7.93035 -26.8899
0 -8.80073 -27.4732
0 -9.85033 -30.276
866
0 -12.7372 -58.45
0 -12.4022 -53.0353
0 -12.0859 -44.6395
0 -11.1531 -41.6888
0 -11.7464 -39.2404
0 -10.1797 -36.9263
0 -9.4138 -33.0945
1 -5.04763 -9.88019
0 -6.05352 -7.38746
1 -5.07944 -6.84808
1 -4.51301 -3.96233
0 -5.60985 -4.4287
1 -4.52097 -3.92732
0 -4.95906 -1.41595
0 -3.99597 1.74129
1 -3.7934 -0.964242
3 0.3 -1.5
3 -0.3 -1.5
3 -0.3 1.5
3 0.3 1.5
0 -6.45027 -10.246
1 -5.8659 -12.6736
0 -7.40767 -12.8075
0 -6.74701 -15.1284
1 -6.15495 -17.6917
0 -7.34574 -18.1549
1 -6.86535 -20.6452
0 -7.84996 -21.2158
1 -7.24208 -23.769
0 -8.26344 -24.3411
1 -7.93035 -26.8899
0 -8.80073 -27.4732
0 -9.85033 -30.276
870
0 -12.7372 -58.45
0 -12.4022 -53.0353
0 -12.0859 -44.6395
0 -11.1531 -41.6888
0 -11.7464 -39.2404
0 -10.1797 -36.9263
0 -9.4138 -33.0945
1 -5.04763 -9.88019
0 -6.05352 -7.38746
1 -5.07944 -6.84808
1 -4.51301 -3.96233
0 -5.60985 -4.4287
1 -4.52097 -3.92732
0 -4.95906 -1.41595
0 -3.99597 1.74129
1 -3.7934 -0.964242
3 0.3 -1.5
3 -0.3 -1.5
3 -0.3 1.5
3 0.3 1.5
0 -6.45027 -10.246
1 -5.8659 -12.6736
0 -7.40767 -12.8075
0 -6.74701 -15.1284
1 -6.15495 -17.6917
0 -7.34574 -18.1549
1 -6.86535 -20.6452
0 -7.84996 -21.2158
1 -7.24208 -23.769
0 -8.26344 -24.3411
1 -7.93035 -26.8899
0 -8.80073 -27.4732
0 -9.85033 -30.276
874
0 -12.7372 -58.45
0 -12.4022 -53.0353
0 -12.0859 -44.6395
0 -11.1531 -41.6888
0 -11.7464 -39.2404
0 -10.1797 -36.9263
0 -9.4138 -33.0945
1 -5.04763 -9.88019
0 -6.05352 -7.38746
1 -5.07944 -6.84808
1 -4.51301 -3.96233
0 -5.60985 -4.4287
1 -4.52097 -3.92732
0 -4.95906 -1.41595
0 -3.99597 1.74129
1 -3.7934 -0.964242
3 0.3 -1.5
3 -0.3 -1.5
3 -0.3 1.5
3 0.3 1.5
0 -6.45027 -10.246
1 -5.8659 -12.6736
0 -7.40767 -12.8075
0 -6.74701 -15.1284
1 -6.15495 -17.6917
0 -7.34574 -18.1549
1 -6.86535 -20.6452
0 -7.84996 -21.2158
1 -7.24208 -23.769
0 -8.26344 -24.3411
1 -7.93035 -26.8899
0 -8.80073 -27.4732
0 -9.85033 -30.276
878
0 -12.7372 -58.45
0 -12.4022 -53.0353
0 -12.0859 -44.6395
0 -11.1531 -41.6888
0 -11.7464 -39.2404
0 -10.1797 -36.9263
0 -9.4138 -33.0945
1 -5.04763 -9.88019
0 -6.05352 -7.38746
1 -5.07944 -6.84808
1 -4.51301 -3.96233
0 -5.60985 -4.4287
1 -4.52097 -3.92732
0 -4.95906 -1.41595
0 -3.99597 1.74129
1 -3.7934 -0.964242
3 0.3 -1.5
3 -0.3 -1.5
3 -0.3 1.5
3 0.3 1.5
0 -6.45027 -10.246
1 -5.8659 -12.6736
0 -7.40767 -12.8075
0 -6.74701 -15.1284
1 -6.15495 -17.6917
0 -7.34574 -18.1549
1 -6.86535 -20.6452
0 -7.84996 -21.2158
1 -7.24208 -23.769
0 -8.26344 -24.3411
1 -7.93035 -26.8899
0 -8.80073 -27.4732
0 -9.85033 -30.276
882
0 -12.7372 -58.45
0 -12.4022 -53.0353
0 -12.0859 -44.6395
0 -11.1531 -41.6888
0 -11.7464 -39.2404
0 -10.1797 -36.9263
0 -9.4138 -33.0945
1 -5.04763 -9.88019
0 -6.05352 -7.38746
1 -5.07944 -6.84808
1 -4.51301 -3.96233
0 -5.60985 -4.4287
1 -4.52097 -3.92732
0 -4.95906 -1.41595
0 -3.99597 1.74129
1 -3.7934 -0.964242
3 0.3 -1.5
3 -0.3 -1.5
3 -0.3 1.5
3 0.3 1.5
0 -6.45027 -10.246
1 -5.8659 -12.6736
0 -7.40767 -12.8075
0 -6.74701 -15.1284
1 -6.15495 -17.6917
0 -7.34574 -18.1549
1 -6.86535 -20.6452
0 -7.84996 -21.2158
1 -7.24208 -23.769
0 -8.26344 -24.3411
1 -7.93035 -26.8899
0 -8.80073 -27.4732
0 -9.85033 -30.276
886
0 -12.7372 -58.45
0 -12.4022 -53.0353
0 -12.0859 -44.6395
0 -11.1531 -41.6888
0 -11.7464 -39.2404
0 -10.1797 -36.9263
0 -9.4138 -33.0945
1 -5.04763 -9.88019
0 -6.05352 -7.38746
1 -5.07944 -6.84808
1 -4.51301 -3.96233
0 -5.60985 -4.4287
1 -4.52097 -3.92732
0 -4.95906 -1.41595
0 -3.99597 1.74129
1 -3.7934 -0.964242
3 0.3 -1.5
3 -0.3 -1.5
3 -0.3 1.5
3 0.3 1.5
0 -6.45027 -10.246
1 -5.8659 -12.6736
0 -7.40767 -12.8075
0 -6.74701 -15.1284
1 -6.15495 -17.6917
0 -7.34574 -18.1549
1 -6.86535 -20.6452
0 -7.84996 -21.2158
1 -7.24208 -23.769
0 -8.26344 -24.3411
1 -7.93035 -26.8899
0 -8.80073 -27.4732
0 -9.85033 -30.276
