0
0 
3.35983 
0.544356 
0
1 0 
3.30025 2.36559 
-0.296899 -0.648274 
4
0 
3.2623 
0.553162 
4
1 0 
3.27276 2.89202 
-0.316705 -0.62663 
8
0 
3.16739 
0.55151 
8
1 0 
3.22009 2.83734 
-0.303061 -0.628106 
12
0 
3.41622 
0.54096 
12
1 0 
3.34818 2.91547 
-0.303022 -0.623284 
16
0 
3.33643 
0.555157 
16
1 0 
3.28604 2.16013 
-0.307182 -0.650142 
20
1 0 
3.27886 2.54571 
-0.294668 -0.626941 
20
0 
3.1222 
0.553173 
24
1 0 
3.36285 2.36827 
-0.304066 -0.642774 
24
0 
3.18523 
0.55988 
28
1 0 
3.04137 2.19335 
-0.305342 -0.636487 
28
0 
3.25903 
0.55646 
32
1 0 
3.14378 2.58567 
-0.302768 -0.639953 
32
0 
3.22691 
0.550888 
36
1 0 
2.64497 2.84864 
-0.29719 -0.622405 
36
0 
3.08434 
0.553552 
40
0 
3.33558 
0.544055 
40
1 0 
3.23753 2.15172 
-0.305705 -0.645196 
44
0 
3.33889 
0.545645 
44
1 0 
3.27701 2.50008 
-0.311159 -0.640052 
52
0 
3.49124 
0.549166 
52
1 0 
3.2335 2.3604 
-0.307209 -0.643682 
56
0 
2.93645 
0.558041 
56
1 0 
3.11181 2.43008 
-0.300327 -0.634954 
60
0 
3.61595 
0.5367 
60
1 0 
3.35527 2.83262 
-0.309104 -0.614409 
64
1 0 
3.41166 2.43896 
-0.304358 -0.644829 
64
0 
3.33874 
0.544925 
68
0 
3.09315 
0.553706 
68
1 0 
3.26815 2.66226 
-0.307737 -0.619573 
76
0 
3.46582 
0.548307 
76
1 0 
2.7792 3.04903 
-0.304591 -0.625912 
80
1 0 
3.51529 2.15588 
-0.312683 -0.644586 
80
0 
3.37855 
0.55121 
84
1 0 
3.37888 3.19724 
-0.310795 -0.627491 
84
0 
3.26855 
0.547198 
88
0 
3.45856 
0.542346 
88
1 0 
3.33228 2.08851 
-0.302157 -0.642578 
92
1 0 
3.60719 2.38575 
-0.309182 -0.644775 
92
0 
3.53259 
0.538292 
100
0 
3.45158 
0.541601 
100
1 0 
3.59039 2.34761 
-0.308439 -0.640025 
104
0 
3.48352 
0.551193 
104
1 0 
3.14487 2.23872 
-0.307887 -0.640791 
108
0 
3.15156 
0.559367 
108
1 0 
2.98723 2.27951 
-0.30245 -0.644189 
112
0 
3.40646 
0.542283 
112
1 0 
2.75017 2.96351 
-0.30051 -0.623617 
116
0 
3.32231 
0.552988 
116
1 0 
3.00612 2.444 
-0.303046 -0.639027 
124
0 
3.32231 
0.547214 
124
1 0 
3.6429 2.14659 
-0.302556 -0.643441 
128
0 
3.49203 
0.541542 
128
1 0 
3.15387 2.76168 
-0.298999 -0.61576 
132
0 
3.54708 
0.546225 
132
1 0 
3.1143 2.66642 
-0.301515 -0.637127 
136
1 0 
3.10934 2.49808 
-0.304033 -0.638255 
136
0 
3.42742 
0.551878 
144
1 0 
3.34262 2.22047 
-0.304109 -0.645397 
144
0 
3.55666 
0.545882 
148
0 
2.92019 
0.561272 
148
1 0 
3.65181 2.33455 
-0.315848 -0.640399 
152
1 0 
3.68792 2.38937 
-0.306961 -0.641683 
152
0 
3.33678 
0.553904 
156
1 0 
3.36452 2.28993 
-0.303628 -0.641791 
156
0 
3.45382 
0.541855 
160
1 0 
3.37147 2.41867 
-0.308289 -0.637007 
160
0 
3.88772 
0.539701 
168
1 0 
3.25872 2.27205 
-0.305783 -0.647686 
168
0 
3.48536 
0.539939 
172
1 0 
3.36519 2.21156 
-0.304597 -0.640169 
172
0 
3.69839 
0.536707 
176
1 0 
3.6008 2.40594 
-0.307385 -0.641941 
176
0 
3.25385 
0.549442 
180
1 0 
2.75 2.45335 
-0.300745 -0.642027 
180
0 
3.17008 
0.551411 
184
0 
3.42221 
0.542712 
184
1 0 
3.3349 2.18408 
-0.302799 -0.647752 
192
0 
3.5685 
0.537783 
192
1 0 
3.23596 2.20537 
-0.306088 -0.644911 
196
0 
3.31048 
0.543392 
196
1 0 
3.08297 2.28265 
-0.303461 -0.639589 
200
0 
3.27519 
0.545664 
200
1 0 
3.10964 1.99806 
-0.304041 -0.649233 
204
1 0 
2.92843 2.16767 
-0.301051 -0.647333 
204
0 
3.25907 
0.547617 
212
1 0 
3.11418 2.81074 
-0.307688 -0.621787 
212
0 
3.03259 
0.556661 
216
0 
3.44809 
0.550067 
216
1 0 
3.46313 2.25717 
-0.307762 -0.641294 
220
0 
3.24954 
0.549881 
220
1 0 
3.34174 2.36146 
-0.30967 -0.642396 
224
0 
3.20583 
0.547277 
224
1 0 
3.35419 2.93395 
-0.304262 -0.62252 
228
0 
3.24637 
0.547716 
228
1 0 
3.55736 2.18064 
-0.298444 -0.637386 
236
0 
3.2612 
0.546553 
236
1 0 
3.49512 2.22954 
-0.306326 -0.6423 
240
0 
3.10593 
0.562148 
240
1 0 
3.64028 2.80713 
-0.303207 -0.618583 
244
0 
3.17828 
0.551085 
244
1 0 
3.0255 2.50469 
-0.306064 -0.639156 
248
0 
3.42901 
0.551544 
248
1 0 
3.13052 2.46952 
-0.30362 -0.625498 
252
0 
3.50996 
0.540112 
252
1 0 
3.12249 2.14701 
-0.303324 -0.649903 
260
0 
3.30983 
0.546017 
260
1 0 
3.07153 2.32628 
-0.304347 -0.641473 
264
0 
3.20355 
0.547592 
264
1 0 
3.2097 2.18694 
-0.30541 -0.644629 
268
0 
3.39323 
0.551445 
268
1 0 
3.19744 2.43822 
-0.304758 -0.634583 
272
0 
3.16104 
0.549068 
272
1 0 
3.16913 2.45507 
-0.314786 -0.638759 
276
0 
3.21454 
0.550588 
276
1 0 
3.39165 2.19205 
-0.299594 -0.643673 
284
0 
3.29275 
0.545216 
284
1 0 
3.03841 2.8449 
-0.301712 -0.622681 
288
0 
3.29259 
0.552305 
288
1 0 
3.29517 2.41429 
-0.305744 -0.638856 
292
0 
3.11755 
0.549292 
292
1 0 
2.86661 2.42173 
-0.304795 -0.636942 
296
0 
3.15005 
0.551667 
296
1 0 
3.64193 2.42097 
-0.307522 -0.641569 
300
0 
3.14427 
0.550541 
304
1 0 
3.79931 2.7811 
-0.306826 -0.622882 
308
0 
3.49054 
0.548476 
308
1 0 
3.25338 2.34179 
-0.304763 -0.642476 
312
0 
3.2839 
0.555214 
312
1 0 
3.5038 2.69947 
-0.297211 -0.641909 
316
0 
3.2106 
0.548466 
316
1 0 
3.12709 2.51225 
-0.303571 -0.643261 
320
0 
3.46879 
0.550114 
320
1 0 
2.96647 2.58563 
-0.300913 -0.641204 
324
0 
3.70695 
0.543108 
328
1 0 
3.06333 2.47199 
-0.307744 -0.643392 
332
0 
3.25999 
0.554381 
332
1 0 
3.31441 2.82035 
-0.307723 -0.615424 
336
0 
3.42544 
0.542075 
336
1 0 
3.06191 2.15323 
-0.300753 -0.645826 
340
0 
3.26295 
0.548286 
340
1 0 
3.09407 2.17208 
-0.3075 -0.640871 
344
0 
3.28525 
0.554051 
344
1 0 
3.49048 2.60625 
-0.309191 -0.634704 
348
0 
3.49939 
0.54985 
352
1 0 
3.20637 2.70703 
-0.306632 -0.620798 
356
0 
3.56138 
0.537659 
356
1 0 
3.49476 2.35276 
-0.307085 -0.637406 
360
0 
3.18095 
0.550285 
360
1 0 
3.39319 2.05111 
-0.315616 -0.647165 
364
0 
3.54628 
0.546111 
364
1 0 
3.09287 2.77344 
-0.300431 -0.629445 
368
0 
3.08035 
0.554437 
368
1 0 
3.10452 2.32539 
-0.302399 -0.642166 
372
0 
3.14429 
0.553887 
376
1 0 
3.23402 2.13681 
-0.303507 -0.640246 
380
0 
3.35747 
0.546528 
380
1 0 
3.35013 2.25712 
-0.302718 -0.640545 
384
0 
3.24618 
0.557091 
384
1 0 
3.43587 2.0996 
-0.305064 -0.646322 
388
0 
3.462 
0.541338 
388
1 0 
3.02471 2.35421 
-0.302144 -0.643985 
392
0 
3.36512 
0.543862 
392
1 0 
3.21577 2.31699 
-0.303062 -0.641368 
396
0 
3.51569 
0.548638 
400
1 0 
3.01514 2.04803 
-0.300365 -0.651721 
404
0 
3.29874 
0.544522 
404
1 0 
3.42528 2.17157 
-0.304079 -0.643252 
408
0 
3.23286 
0.55097 
408
1 0 
3.64805 2.3819 
-0.306235 -0.640264 
412
0 
3.30759 
0.553374 
412
1 0 
3.30202 2.01286 
-0.306848 -0.64922 
416
0 
3.6262 
0.545019 
416
1 0 
3.14784 2.61422 
-0.305169 -0.619008 
420
0 
3.05579 
0.555613 
424
1 0 
3.20987 2.48682 
-0.303626 -0.636737 
428
0 
3.23945 
0.54703 
428
1 0 
3.50038 2.19466 
-0.308043 -0.636908 
432
0 
3.03968 
0.554888 
432
1 0 
3.22025 2.877 
-0.314241 -0.6248 
436
0 
3.35442 
0.547581 
436
1 0 
3.16521 2.44839 
-0.301515 -0.639977 
440
0 
3.32979 
0.553499 
440
1 0 
3.34984 2.1742 
-0.304564 -0.643636 
444
0 
3.4128 
0.542013 
448
1 0 
3.45184 2.11231 
-0.305301 -0.648082 
452
0 
3.5439 
0.547139 
452
1 0 
3.02333 2.20733 
-0.303459 -0.647286 
456
0 
3.66457 
0.54233 
456
1 0 
3.03629 2.06761 
-0.301194 -0.648037 
460
0 
3.49401 
0.544601 
460
1 0 
3.81609 2.2248 
-0.305687 -0.6427 
464
0 
3.39658 
0.551192 
464
1 0 
3.50523 2.292 
-0.294607 -0.64166 
468
0 
3.15766 
0.556917 
472
1 0 
3.23377 2.06063 
-0.304366 -0.647271 
476
0 
3.41356 
0.547666 
476
1 0 
3.15991 2.13265 
-0.30976 -0.648042 
480
0 
3.3008 
0.55352 
480
1 0 
3.22913 2.66606 
-0.314029 -0.619872 
484
0 
3.37071 
0.54363 
484
1 0 
3.49756 2.40025 
-0.307734 -0.643654 
488
0 
3.52204 
0.549171 
488
1 0 
3.19004 2.33079 
-0.3132 -0.639814 
492
0 
3.26654 
0.546452 
496
1 0 
3.29269 2.39627 
-0.305078 -0.646454 
500
0 
3.36456 
0.543665 
500
1 0 
3.09809 2.12716 
-0.303585 -0.642029 
504
0 
3.61352 
0.54417 
504
1 0 
3.03903 2.17679 
-0.302597 -0.646719 
508
0 
3.46196 
0.548721 
508
1 0 
3.30227 2.43165 
-0.304841 -0.641296 
512
0 
3.19672 
0.54952 
512
1 0 
3.38783 2.3106 
-0.313168 -0.639847 
516
0 
3.07463 
0.562684 
520
1 0 
3.24834 2.82887 
-0.308399 -0.623416 
524
0 
3.23154 
0.548498 
524
1 0 
3.09569 2.28256 
-0.301445 -0.64427 
528
0 
3.64462 
0.543462 
528
1 0 
3.09779 2.95963 
-0.307864 -0.627838 
532
0 
3.38907 
0.541991 
532
1 0 
3.15799 2.81072 
-0.303149 -0.622603 
536
0 
3.35204 
0.554554 
536
1 0 
3.51806 2.18909 
-0.306882 -0.648785 
540
0 
3.28487 
0.552323 
544
1 0 
3.36837 2.43719 
-0.316664 -0.643643 
548
0 
3.32642 
0.546116 
548
1 0 
3.48645 2.47224 
-0.306088 -0.642504 
552
0 
2.99248 
0.556581 
552
1 0 
3.2092 2.16217 
-0.302433 -0.640812 
556
0 
3.35086 
0.552743 
556
1 0 
3.06758 2.38826 
-0.31418 -0.638413 
560
0 
3.26853 
0.547757 
564
1 0 
3.2613 2.22416 
-0.303051 -0.642039 
564
0 
3.09419 
0.554024 
568
1 0 
3.19853 2.265 
-0.303184 -0.647944 
572
0 
3.31953 
0.542158 
572
1 0 
3.20529 2.81693 
-0.305946 -0.621575 
576
0 
3.38477 
0.551862 
576
1 0 
3.49087 2.94736 
-0.299683 -0.625795 
580
0 
3.48377 
0.548646 
580
1 0 
3.40304 2.15095 
-0.303303 -0.648813 
584
0 
3.46257 
0.547965 
584
1 0 
3.0755 2.56844 
-0.300073 -0.629618 
588
0 
3.02206 
0.552671 
592
1 0 
3.68487 2.60897 
-0.302228 -0.639877 
596
0 
3.55513 
0.546423 
596
1 0 
3.64482 2.81486 
-0.307042 -0.619431 
600
0 
3.46516 
0.55016 
600
1 0 
3.39233 2.34201 
-0.308397 -0.640523 
604
0 
3.10399 
0.552221 
604
1 0 
3.21318 2.32572 
-0.306853 -0.643575 
608
0 
3.27431 
0.546944 
612
1 0 
3.28781 2.2895 
-0.301162 -0.641781 
612
0 
2.99698 
0.556427 
616
1 0 
3.88804 2.35569 
-0.301415 -0.640231 
620
0 
3.34572 
0.549622 
620
1 0 
3.18874 2.62043 
-0.303196 -0.639242 
624
0 
3.51351 
0.539728 
624
1 0 
3.51175 2.42154 
-0.317313 -0.63655 
628
0 
3.05582 
0.560583 
628
1 0 
3.18354 2.11823 
-0.305392 -0.648314 
632
0 
3.3269 
0.545423 
636
1 0 
2.89232 2.1556 
-0.300206 -0.645733 
636
0 
3.61756 
0.545129 
644
0 
3.68299 
0.540964 
640
1 0 
3.46459 2.08898 
-0.303991 -0.650199 
644
1 0 
3.13051 2.77485 
-0.306913 -0.623264 
648
0 
3.31484 
0.555474 
648
1 0 
2.87424 2.18521 
-0.300048 -0.643822 
652
0 
3.50072 
0.541912 
652
1 0 
3.07801 2.71195 
-0.307404 -0.621018 
656
0 
3.63368 
0.536365 
660
1 0 
3.50627 2.11099 
-0.304776 -0.647105 
660
0 
3.15692 
0.551066 
664
1 0 
3.34993 1.97179 
-0.303374 -0.645376 
668
0 
3.44004 
0.542328 
668
1 0 
3.18644 2.57648 
-0.305387 -0.637033 
672
0 
3.02706 
0.555602 
672
1 0 
3.14242 2.30921 
-0.306723 -0.644623 
676
0 
3.20332 
0.54873 
676
1 0 
3.11996 2.40051 
-0.303391 -0.641332 
680
0 
3.41731 
0.541924 
684
1 0 
3.40315 2.78296 
-0.309417 -0.630363 
684
0 
3.07833 
0.55194 
688
1 0 
3.35588 2.20946 
-0.305236 -0.640153 
692
0 
3.3181 
0.54399 
692
1 0 
3.24104 2.53864 
-0.305811 -0.64177 
696
0 
3.26286 
0.555979 
696
1 0 
3.00988 2.6339 
-0.301042 -0.625278 
700
0 
3.17375 
0.551757 
704
1 0 
2.71353 2.21957 
-0.301825 -0.644932 
704
0 
3.37205 
0.552276 
708
1 0 
2.88733 2.25871 
-0.302413 -0.638721 
708
0 
3.24778 
0.548516 
712
1 0 
3.46575 2.67226 
-0.297485 -0.63457 
716
0 
3.28361 
0.555035 
716
1 0 
3.2164 2.11798 
-0.303562 -0.647081 
720
0 
3.406 
0.548882 
720
1 0 
3.57458 2.87691 
-0.303726 -0.62408 
724
0 
3.55269 
0.544593 
728
1 0 
3.21449 2.63308 
-0.303412 -0.619979 
728
0 
2.90635 
0.564921 
732
1 0 
3.42254 2.82137 
-0.308316 -0.623143 
732
0 
3.27084 
0.546963 
736
1 0 
3.43879 2.12532 
-0.314428 -0.651455 
740
0 
3.3229 
0.544082 
740
1 0 
3.34667 2.5452 
-0.304862 -0.636533 
744
0 
3.33304 
0.545577 
744
1 0 
3.31491 2.37009 
-0.303588 -0.64355 
748
0 
3.3064 
0.554836 
752
1 0 
3.33454 2.69494 
-0.31022 -0.634133 
752
0 
3.3405 
0.544321 
756
1 0 
3.10215 2.22417 
-0.303185 -0.643636 
756
0 
3.19404 
0.557798 
760
1 0 
3.52552 2.11846 
-0.305751 -0.638911 
764
0 
3.27347 
0.54795 
764
1 0 
3.04598 2.56464 
-0.301435 -0.644556 
768
0 
3.41054 
0.550931 
768
1 0 
3.05425 2.42154 
-0.30359 -0.647315 
772
0 
3.34211 
0.545091 
776
1 0 
2.92641 2.76069 
-0.304705 -0.632959 
776
0 
3.56917 
0.546405 
780
1 0 
3.07443 2.28635 
-0.301486 -0.645338 
784
0 
3.06708 
0.552919 
784
1 0 
3.17431 2.76893 
-0.306797 -0.632579 
788
0 
3.4224 
0.543784 
788
1 0 
3.53283 2.26617 
-0.304156 -0.64507 
792
0 
3.21174 
0.548981 
796
1 0 
3.26167 2.15569 
-0.305066 -0.646454 
796
0 
3.15395 
0.550053 
800
1 0 
3.50053 2.31368 
-0.296391 -0.647031 
800
0 
3.44977 
0.546585 
804
1 0 
3.19531 2.11931 
-0.30036 -0.647022 
808
0 
3.52115 
0.545727 
808
1 0 
3.14267 2.56067 
-0.30243 -0.641284 
812
0 
3.37975 
0.544388 
812
1 0 
3.10297 2.3902 
-0.305239 -0.639559 
816
0 
3.20914 
0.557624 
820
1 0 
3.25924 2.95261 
-0.302306 -0.623596 
820
0 
3.1246 
0.551045 
824
1 0 
3.44362 2.37252 
-0.305467 -0.645823 
824
0 
2.98429 
0.556162 
828
1 0 
3.19218 2.90601 
-0.310138 -0.6392 
832
0 
3.15879 
0.549875 
832
1 0 
3.44902 2.30516 
-0.305417 -0.64164 
836
0 
3.27201 
0.548989 
836
1 0 
3.12903 2.29354 
-0.305593 -0.645944 
840
0 
3.38412 
0.551134 
844
1 0 
3.40022 2.02589 
-0.306461 -0.638927 
844
0 
3.05445 
0.554634 
848
1 0 
2.89109 2.76844 
-0.299171 -0.620429 
848
0 
3.64509 
0.536085 
852
1 0 
3.28725 2.00388 
-0.299803 -0.64214 
856
0 
3.64863 
0.544279 
856
1 0 
3.04393 2.21471 
-0.299637 -0.64629 
860
0 
3.25844 
0.555043 
860
1 0 
3.1305 2.22444 
-0.304207 -0.646561 
864
0 
3.16267 
0.550042 
868
1 0 
3.38949 2.1937 
-0.311602 -0.634963 
868
0 
3.44145 
0.543255 
872
1 0 
3.60034 2.64562 
-0.305361 -0.63151 
872
0 
3.23502 
0.548426 
876
1 0 
3.27064 2.78302 
-0.300859 -0.623718 
880
0 
2.88047 
0.562089 
880
1 0 
3.02522 2.2064 
-0.304269 -0.643592 
884
0 
3.493 
0.544818 
884
1 0 
2.94809 2.26459 
-0.300779 -0.647032 
888
0 
3.33785 
0.544378 
892
1 0 
3.14387 2.22187 
-0.301813 -0.648209 
892
0 
2.98745 
0.558011 
896
1 0 
3.39405 2.37246 
-0.307216 -0.64072 
900
0 
3.30583 
0.546176 
900
1 0 
2.92236 2.55914 
-0.30108 -0.63911 
904
0 
3.22969 
0.548887 
904
1 0 
3.07849 2.10349 
-0.299204 -0.64048 
908
0 
3.30164 
0.546705 
912
1 0 
3.05234 2.39269 
-0.300303 -0.638397 
912
0 
3.44448 
0.543064 
916
1 0 
3.25505 2.51364 
-0.304257 -0.640127 
916
0 
3.24982 
0.558239 
920
1 0 
2.93934 2.10231 
-0.300219 -0.639996 
924
0 
3.81603 
0.537679 
924
1 0 
3.04644 2.6383 
-0.302536 -0.619379 
928
0 
3.437 
0.547731 
928
1 0 
3.49512 2.00478 
-0.306495 -0.650059 
932
0 
3.21507 
0.547843 
936
1 0 
3.22637 2.8985 
-0.301053 -0.625188 
936
0 
2.97199 
0.555684 
940
1 0 
3.37259 2.78323 
-0.305051 -0.622953 
944
0 
3.05815 
0.552645 
944
1 0 
3.14155 2.81064 
-0.308313 -0.622856 
948
0 
3.3168 
0.549343 
948
1 0 
3.01266 2.28375 
-0.298646 -0.643838 
952
0 
3.21135 
0.548551 
956
1 0 
2.87657 2.22907 
-0.300168 -0.644278 
956
0 
3.26007 
0.547173 
960
1 0 
2.97204 2.48583 
-0.304294 -0.63458 
960
0 
3.18885 
0.55022 
964
1 0 
3.02951 2.91478 
-0.302786 -0.623364 
968
0 
3.12261 
0.553105 
968
1 0 
3.38853 2.64323 
-0.30473 -0.619292 
972
0 
3.29809 
0.545326 
972
1 0 
3.43925 2.24596 
-0.30811 -0.641981 
976
0 
3.28546 
0.545766 
980
1 0 
3.02343 2.31435 
-0.302552 -0.643046 
980
0 
3.35066 
0.551574 
984
1 0 
3.06211 2.58212 
-0.306362 -0.613958 
984
0 
3.23113 
0.548161 
988
1 0 
2.97081 2.72868 
-0.29973 -0.624024 
992
0 
3.27725 
0.545869 
992
1 0 
3.49868 2.32542 
-0.312677 -0.636961 
996
0 
3.39634 
0.551893 
996
1 0 
3.51505 2.94652 
-0.306044 -0.622069 
1000
0 
3.45168 
0.549402 
1004
1 0 
3.31303 2.32972 
-0.309256 -0.651913 
1004
0 
3.14266 
0.560208 
1008
1 0 
3.57872 2.06864 
-0.29878 -0.653274 
1008
0 
3.64241 
0.536825 
1012
1 0 
3.1199 2.84669 
-0.302754 -0.623387 
1016
0 
3.27017 
0.552147 
1016
1 0 
3.6293 2.46684 
-0.308888 -0.636652 
1020
0 
3.13569 
0.551791 
1020
1 0 
3.66912 2.75113 
-0.306086 -0.622934 
1024
0 
3.47263 
0.540825 
1028
1 0 
3.02083 2.17834 
-0.299618 -0.641591 
1028
0 
3.40369 
0.550379 
1032
1 0 
3.15964 2.40722 
-0.305641 -0.640303 
1032
0 
3.42365 
0.542669 
1036
1 0 
2.99144 2.37867 
-0.300477 -0.64238 
1040
0 
3.36723 
0.543511 
1040
1 0 
3.38565 2.36533 
-0.304349 -0.644778 
1044
0 
3.10613 
0.551528 
1048
1 0 
3.28761 2.41552 
-0.30883 -0.647451 
1048
0 
3.66364 
0.545281 
1052
1 0 
3.19499 1.94538 
-0.307641 -0.649613 
1052
0 
3.10553 
0.550626 
1056
1 0 
3.44905 2.18797 
-0.306704 -0.649738 
1060
0 
3.37471 
0.55254 
1060
1 0 
3.55701 2.32287 
-0.305944 -0.636947 
1064
0 
3.17841 
0.555462 
1064
1 0 
2.8962 2.41973 
-0.300825 -0.642935 
1068
0 
3.02867 
0.555211 
1072
1 0 
3.49624 2.48228 
-0.299228 -0.644285 
1072
0 
3.0974 
0.551437 
1076
1 0 
3.05043 2.12245 
-0.302786 -0.645499 
1076
0 
3.26455 
0.548792 
1080
1 0 
3.00642 2.8264 
-0.300339 -0.619621 
1084
0 
3.34104 
0.553184 
1084
1 0 
3.31506 2.49171 
-0.30594 -0.636621 
1088
0 
3.17243 
0.549983 
1088
1 0 
3.13803 2.40931 
-0.300485 -0.632524 
1092
0 
3.3492 
0.541497 
1096
1 0 
3.11869 2.11958 
-0.303571 -0.647953 
1096
0 
3.42811 
0.55183 
1100
1 0 
3.42361 2.34307 
-0.30455 -0.643492 
1100
0 
2.92876 
0.560764 
1104
1 0 
3.36496 2.38123 
-0.302584 -0.640596 
1108
0 
3.35324 
0.544979 
1108
1 0 
3.06126 2.50307 
-0.302619 -0.631503 
1112
0 
3.25001 
0.549487 
1112
1 0 
3.294 2.81323 
-0.30431 -0.62324 
1116
0 
3.35448 
0.551357 
1120
1 0 
3.48495 2.29587 
-0.305081 -0.644305 
1120
0 
3.25419 
0.550093 
1124
1 0 
3.2664 2.78664 
-0.302231 -0.62145 
1124
0 
3.40387 
0.54202 
