0
0 0 0 
4.99297 9.61225 13.4054 
0.33875 0.179663 0.126366 
0
1 1 1 1 0 
5.25323 10.8818 12.4944 17.3485 12.6581 
-0.165581 -0.075076 -0.546519 -0.00872059 -0.739587 
4
1 1 1 1 0 
5.74424 11.9736 9.3693 15.5121 13.0577 
-0.166767 -0.0788156 -0.551859 -0.00872475 -0.739649 
4
0 0 0 
5.11873 10.5181 12.7697 
0.337832 0.181372 0.128728 
8
0 0 0 
4.65572 10.947 11.8131 
0.345006 0.179971 0.130639 
8
1 1 1 1 0 
5.70489 10.7863 10.5791 16.9981 13.3156 
-0.166238 -0.0769222 -0.54447 -0.0111446 -0.736699 
12
0 0 0 
5.84806 10.8459 14.1211 
0.334093 0.17602 0.127419 
12
1 1 1 1 0 
5.68888 10.9969 11.245 16.7348 13.1757 
-0.171317 -0.0772833 -0.546008 -0.0094023 -0.736444 
16
1 1 1 1 0 
5.7854 11.7935 10.9913 18.0639 11.8139 
-0.166059 -0.0805301 -0.545589 -0.00853998 -0.740529 
20
1 1 1 1 0 
5.95964 11.678 9.42327 18.7958 13.3422 
-0.166988 -0.0784198 -0.543673 -0.00927207 -0.740285 
16
0 0 0 
5.16671 9.71777 12.1953 
0.338195 0.178015 0.129596 
20
0 0 0 
5.28932 11.5161 13.0135 
0.339801 0.174068 0.127521 
24
1 1 1 1 0 
5.34345 9.35391 11.4656 14.1743 13.2263 
-0.166093 -0.0751889 -0.545745 -0.00773889 -0.740125 
24
0 0 0 
5.15564 9.80847 12.4923 
0.336475 0.181556 0.129026 
28
0 0 0 
5.31176 10.231 12.4834 
0.335607 0.177136 0.129356 
28
1 1 1 1 0 
5.72727 10.5176 11.4414 13.8544 13.6803 
-0.167715 -0.077834 -0.545378 -0.00271729 -0.736929 
32
1 1 1 1 0 
5.49166 11.7652 11.9429 16.1655 13.4925 
-0.167768 -0.0781761 -0.545781 -0.0111312 -0.736186 
32
0 0 0 
5.09048 10.3383 12.5854 
0.339618 0.178149 0.128438 
36
1 1 1 1 0 
6.08293 11.9822 10.2329 15.2938 14.7378 
-0.17082 -0.0787174 -0.544996 -0.00848955 -0.74041 
36
0 0 0 
5.33999 11.2498 13.4692 
0.334254 0.175036 0.127652 
40
1 1 1 1 0 
5.4543 11.4807 10.6393 18.2948 13.4127 
-0.16528 -0.0780508 -0.544708 -0.00870623 -0.740127 
40
0 0 0 
5.46997 10.6414 13.6389 
0.333831 0.176498 0.126797 
44
0 0 0 
5.43415 11.5356 14.7087 
0.332351 0.179564 0.126903 
48
0 0 0 
5.2615 10.1779 13.2141 
0.337504 0.181325 0.127401 
44
1 1 1 1 0 
5.55279 11.3502 16.5189 10.2474 15.2091 
-0.165748 -0.0805459 -0.00760792 -0.543816 -0.740787 
48
1 1 1 1 0 
5.54978 11.684 11.354 17.9032 14.1973 
-0.170581 -0.0775952 -0.545518 -0.00805329 -0.73979 
52
0 0 0 
5.08513 10.4046 12.5241 
0.338243 0.17684 0.128837 
52
1 1 1 1 0 
5.69831 10.1131 16.5841 11.2862 12.8029 
-0.166289 -0.0771243 -0.00955067 -0.545012 -0.736723 
56
1 1 1 1 0 
5.79913 11.1366 15.1265 10.7064 12.3217 
-0.168142 -0.0783038 -0.0102914 -0.544821 -0.736649 
60
1 1 1 1 0 
5.62703 11.598 15.371 11.1614 14.7063 
-0.167113 -0.0777478 -0.0100902 -0.546289 -0.742228 
56
0 0 0 
5.01819 9.98059 13.4555 
0.338174 0.182766 0.127292 
60
0 0 0 
5.10407 10.3058 13.1721 
0.339051 0.177011 0.127594 
64
0 0 0 
5.20203 11.2856 12.4952 
0.336157 0.179764 0.129403 
64
1 1 1 1 0 
5.52582 12.1987 10.2132 18.2857 11.7569 
-0.166708 -0.079297 -0.549442 -0.00928649 -0.740746 
68
0 0 0 
5.19112 9.98597 12.1554 
0.33828 0.17953 0.129709 
68
1 1 1 1 0 
5.74482 12.756 12.1193 17.6107 14.2774 
-0.170996 -0.0782131 -0.547299 -0.00877472 -0.742449 
72
0 0 0 
5.11072 11.2304 11.9988 
0.338175 0.174363 0.130106 
72
1 1 1 1 0 
5.48031 11.4769 17.1345 11.5739 13.6284 
-0.165868 -0.0771828 -0.0107858 -0.545599 -0.739702 
76
0 0 0 
4.99697 10.5848 12.6207 
0.338343 0.175561 0.12875 
76
1 1 1 1 0 
5.60776 10.9637 11.4014 17.8564 14.3681 
-0.168343 -0.0810138 -0.545393 -0.0107414 -0.739946 
80
0 0 0 
5.09288 10.3947 12.075 
0.337664 0.177641 0.130164 
80
1 1 1 1 0 
6.23731 11.2388 17.9384 11.5428 13.795 
-0.167698 -0.0778482 -0.00903034 -0.546344 -0.74022 
84
1 1 1 1 0 
5.61001 10.6208 11.1496 15.9898 15.5798 
-0.166205 -0.0747577 -0.545923 -0.00873564 -0.742074 
84
0 0 0 
5.21732 10.3209 13.7722 
0.337835 0.177223 0.127192 
88
0 0 0 
5.19464 11.0863 13.1701 
0.336072 0.179146 0.128101 
88
1 1 1 1 0 
5.48133 9.87335 10.2047 17.3591 11.247 
-0.165619 -0.0768674 -0.543817 -0.00571768 -0.740147 
92
0 0 0 
5.42854 8.44876 11.8955 
0.33445 0.186931 0.129364 
92
1 1 1 1 0 
5.95342 12.0535 11.5443 17.9878 12.2777 
-0.167118 -0.08065 -0.5471 -0.00550316 -0.740602 
96
0 0 0 
5.11433 11.6621 11.7574 
0.338872 0.173288 0.131491 
96
1 1 1 1 0 
5.64429 11.6794 10.9552 13.5583 12.0406 
-0.166468 -0.0783748 -0.544286 -0.00294163 -0.740592 
100
1 1 1 1 0 
5.29827 11.744 11.4954 16.978 13.9438 
-0.164745 -0.0791419 -0.546476 -0.0104908 -0.735633 
100
0 0 0 
5.33314 10.2792 13.2738 
0.339107 0.177969 0.129182 
104
1 1 1 1 0 
5.53107 10.3407 10.9337 16.9379 15.7065 
-0.168966 -0.0769462 -0.545317 -0.00935446 -0.741923 
104
0 0 0 
5.12214 10.8777 13.3618 
0.337873 0.175689 0.127424 
108
0 0 0 
5.25609 10.1457 12.6834 
0.337177 0.181541 0.129998 
108
1 1 1 1 0 
5.56819 11.8818 9.44306 16.3343 12.4403 
-0.165572 -0.0773294 -0.550497 -0.00975561 -0.739127 
112
0 0 0 
5.18078 10.3592 13.4236 
0.339598 0.177244 0.127435 
112
1 1 1 1 0 
11.0803 5.65179 8.19772 16.234 13.2752 
-0.0775893 -0.166075 -0.543155 -0.00861168 -0.739358 
116
0 0 0 
5.53246 10.8272 11.4165 
0.334491 0.175333 0.132759 
116
1 1 1 1 0 
6.06228 9.82414 10.5617 13.1092 13.476 
-0.168258 -0.0804101 -0.546642 -0.0128915 -0.740483 
120
1 1 1 1 0 
5.3563 11.1699 12.5138 14.3899 13.0474 
-0.165485 -0.0779386 -0.550764 -0.00846218 -0.736125 
120
0 0 0 
5.10562 10.6688 12.6755 
0.342733 0.180045 0.129173 
124
1 1 1 1 0 
6.1424 11.2912 10.5377 16.4269 13.7983 
-0.168185 -0.0791776 -0.54534 -0.00967825 -0.740395 
124
0 0 0 
5.19449 7.91621 14.1011 
0.338114 0.19139 0.126728 
128
0 0 0 
5.56695 10.8248 13.3869 
0.333922 0.181187 0.127745 
132
0 0 0 
5.28149 10.038 13.5819 
0.337171 0.177674 0.126583 
128
1 1 1 1 0 
5.41632 10.2414 10.9809 19.2812 12.9378 
-0.165937 -0.0804391 -0.546237 -0.00940471 -0.739721 
132
1 1 1 1 0 
5.29397 11.5669 10.8396 15.4951 13.3091 
-0.170566 -0.0784013 -0.545224 -0.010278 -0.740155 
136
0 0 0 
5.10108 11.3555 13.5922 
0.339641 0.174184 0.127405 
136
1 1 1 1 0 
5.44316 11.6598 11.4868 15.4284 13.6646 
-0.164375 -0.0780215 -0.545937 -0.00881261 -0.735732 
140
1 1 1 1 0 
5.33428 10.0879 10.788 14.6444 12.0952 
-0.164521 -0.0746289 -0.544895 -0.0034238 -0.740668 
140
0 0 0 
5.06172 11.0314 12.2538 
0.339003 0.175508 0.129134 
144
0 0 0 
6.00983 10.4061 13.4806 
0.328981 0.177157 0.127325 
144
1 1 1 1 0 
5.75296 11.6478 16.8316 10.2602 13.2978 
-0.172283 -0.0807149 -0.00951304 -0.544669 -0.740358 
148
1 1 1 1 0 
6.64335 11.3657 8.17039 15.9618 13.5409 
-0.169731 -0.0779791 -0.54206 -0.0100462 -0.737055 
148
0 0 0 
5.89932 10.9203 13.0898 
0.330232 0.176554 0.128705 
152
1 1 1 1 0 
5.15178 9.98536 11.0748 17.357 15.3167 
-0.169129 -0.0750535 -0.552395 -0.0107474 -0.741909 
152
0 0 0 
5.15779 9.23282 13.4893 
0.339259 0.183774 0.128168 
156
1 1 1 1 0 
5.65245 10.9389 9.86266 16.354 13.445 
-0.166183 -0.0774569 -0.54406 -0.0102703 -0.739569 
156
0 0 0 
5.23962 10.5026 12.4807 
0.336045 0.17649 0.128343 
160
1 1 1 1 0 
5.50926 11.3322 9.20739 17.054 13.4267 
-0.166777 -0.0785796 -0.544178 -0.00570524 -0.740227 
160
0 0 0 
4.9677 8.46568 13.5422 
0.340544 0.188424 0.127048 
164
0 0 0 
6.22992 10.5323 13.3863 
0.328774 0.177077 0.127582 
164
1 1 1 1 0 
6.11561 11.4079 11.2703 15.4925 14.8299 
-0.166623 -0.0777709 -0.545096 -0.00895066 -0.742811 
168
1 1 1 1 0 
5.13946 10.739 10.5055 17.8818 13.6039 
-0.169085 -0.0802649 -0.54543 -0.010172 -0.740127 
168
0 0 0 
5.14135 10.1487 12.5854 
0.341675 0.182489 0.12867 
172
0 0 0 
5.30481 11.5863 12.4222 
0.338654 0.173777 0.12969 
172
1 1 1 1 0 
5.83451 10.9603 11.1237 12.8455 12.5737 
-0.167971 -0.0795079 -0.546043 -0.0122206 -0.73704 
176
1 1 1 1 0 
4.87789 11.9521 14.5289 11.5286 14.3663 
-0.16485 -0.0783007 -0.00824765 -0.546153 -0.74038 
176
0 0 0 
5.48431 9.10759 13.8244 
0.333908 0.181943 0.126978 
180
1 1 1 1 0 
5.41823 11.0828 11.3165 16.9774 13.2769 
-0.169909 -0.0771339 -0.545604 -0.00819534 -0.740201 
180
0 0 0 
5.53893 9.25476 11.6869 
0.335003 0.181324 0.130721 
184
0 0 0 
5.32696 10.793 13.7176 
0.337955 0.175512 0.126571 
188
0 0 0 
5.30191 11.0301 11.9066 
0.335541 0.175355 0.129592 
184
1 1 1 1 0 
5.52886 10.8543 11.1316 17.1509 12.4493 
-0.166435 -0.0776857 -0.545947 -0.0107403 -0.735837 
188
1 1 1 1 0 
6.04964 10.835 11.4124 17.7396 13.3106 
-0.167712 -0.0775058 -0.54588 -0.0085742 -0.740145 
192
0 0 0 
5.26082 11.4556 12.4211 
0.336821 0.17425 0.12923 
192
1 1 1 1 0 
5.62377 10.8824 11.3241 17.9277 12.1621 
-0.170219 -0.0795907 -0.546573 -0.00841019 -0.734492 
196
1 1 1 1 0 
5.73533 11.8777 11.0447 17.1875 14.2507 
-0.168812 -0.0783189 -0.545559 -0.0106788 -0.73681 
196
0 0 0 
5.44257 11.4562 13.4472 
0.334462 0.174167 0.128074 
200
0 0 0 
5.06483 10.8078 12.4887 
0.338171 0.176426 0.128859 
200
1 1 1 1 0 
5.72562 11.329 10.8969 12.7387 13.0438 
-0.166552 -0.0782587 -0.54521 -0.00275483 -0.737327 
204
1 1 1 1 0 
5.64602 11.7033 12.0362 16.1021 13.6758 
-0.171192 -0.0777864 -0.550976 -0.00908656 -0.740297 
204
0 0 0 
5.53739 10.6228 13.648 
0.334104 0.176264 0.126708 
208
1 1 1 1 0 
5.69141 11.0019 12.0713 16.7078 13.0817 
-0.168242 -0.0781996 -0.546405 -0.00903481 -0.74014 
208
0 0 0 
5.28871 11.265 13.1683 
0.337408 0.178346 0.127293 
212
0 0 0 
5.74139 10.4561 12.8443 
0.331348 0.176309 0.129111 
212
1 1 1 1 0 
5.55655 11.3819 11.3687 16.0094 13.0573 
-0.170574 -0.0772887 -0.550573 -0.0105135 -0.736102 
216
1 1 1 1 0 
5.80877 10.4969 11.3953 15.7022 12.8014 
-0.166502 -0.07614 -0.551121 -0.0104343 -0.739615 
216
0 0 0 
5.3311 9.75786 13.2787 
0.336334 0.178756 0.127023 
220
0 0 0 
5.4786 9.80893 11.9312 
0.334408 0.179489 0.130321 
220
1 1 1 1 0 
6.11463 12.11 11.4277 15.7403 13.4212 
-0.167547 -0.0788557 -0.547011 -0.00833162 -0.736943 
224
0 0 0 
5.60515 9.64799 13.007 
0.33199 0.177635 0.128693 
224
1 1 1 1 0 
6.16909 10.8219 11.931 17.7172 11.5975 
-0.167602 -0.080965 -0.545812 -0.00928488 -0.736005 
228
1 1 1 1 0 
5.51418 11.7608 16.2414 10.4952 13.7494 
-0.170382 -0.0780389 -0.00899871 -0.544867 -0.740399 
228
0 0 0 
4.86321 10.1486 13.4436 
0.341776 0.178019 0.126903 
232
1 1 1 1 0 
5.81604 10.6344 10.8292 17.7981 13.0427 
-0.165806 -0.0814008 -0.551643 -0.00595057 -0.739728 
236
1 1 1 1 0 
5.47823 10.5616 13.0931 15.9932 12.2554 
-0.167644 -0.0807649 -0.547757 -0.0089524 -0.736382 
236
0 0 0 
5.31044 9.66231 12.8873 
0.337593 0.178958 0.128288 
240
0 0 0 
5.11909 11.3746 13.77 
0.33823 0.174724 0.12656 
244
1 1 1 1 0 1 
5.3978 9.71648 8.19831 16.6862 14.3317 16.3582 
-0.165081 -0.071333 -0.55138 -0.00631058 -0.742672 -0.373229 
244
0 0 0 
5.1203 10.1622 14.6533 
0.337368 0.176203 0.124052 
248
0 0 0 
4.77573 11.0798 12.9528 
0.342703 0.174383 0.127311 
252
0 0 0 
5.37609 11.8768 15.0828 
0.338067 0.17546 0.118848 
248
1 1 1 1 0 1 
5.72515 11.2685 12.1307 10.8853 13.4233 13.6623 
-0.168109 -0.075819 -0.54795 -0.0170815 -0.740236 -0.374046 
252
1 1 1 1 1 0 
5.54555 9.27914 12.215 15.8062 13.6404 11.4326 
-0.161685 -0.071734 -0.547408 -0.0087583 -0.370227 -0.741659 
256
0 0 0 
5.08647 10.8123 14.8544 
0.341182 0.174666 0.119496 
256
1 1 1 1 0 1 
5.26697 10.6253 12.5707 17.5199 10.3063 11.6064 
-0.172909 -0.0785409 -0.548963 -0.00827043 -0.739759 -0.363578 
260
1 1 1 1 1 0 
5.53048 11.1043 13.0361 14.7385 13.1234 9.34822 
-0.166385 -0.0794804 -0.549106 -0.00593442 -0.36568 -0.739149 
264
1 1 1 1 0 1 
6.01064 9.33443 11.4785 16.5214 14.4419 16.9598 
-0.167746 -0.0719778 -0.546061 -0.00801111 -0.743191 -0.372926 
268
1 1 1 1 1 0 
4.98219 10.5375 9.91638 15.6826 13.3364 10.9443 
-0.166745 -0.0760639 -0.554083 -0.00822282 -0.371136 -0.742235 
264
0 0 0 
5.7246 9.95321 14.1369 
0.335254 0.179677 0.128562 
268
0 0 0 
5.28819 10.3781 14.8175 
0.33828 0.175623 0.119109 
272
1 1 1 1 1 0 
5.4423 9.38323 10.3105 13.8173 14.1031 9.47889 
-0.172175 -0.0732208 -0.553534 -0.00895976 -0.373963 -0.743938 
272
0 0 0 
5.52558 10.4014 15.7452 
0.337019 0.179324 0.12632 
276
1 1 1 1 1 0 
6.06058 9.45771 11.2075 15.4719 14.8566 13.1301 
-0.171321 -0.0735205 -0.554223 -0.00728465 -0.373641 -0.737209 
276
0 0 0 
4.86156 9.27034 14.4537 
0.344042 0.171983 0.12906 
280
0 0 0 
5.16483 8.52802 14.4232 
0.3398 0.181113 0.128322 
280
1 1 1 1 1 0 
5.51637 10.4039 10.9041 15.9307 14.8642 14.3705 
-0.16767 -0.0738119 -0.547598 -0.00943623 -0.372971 -0.747536 
284
0 0 0 
4.88602 8.42605 14.4793 
0.344431 0.173483 0.12742 
288
0 0 0 
5.39679 10.7051 13.8732 
0.338317 0.174359 0.127673 
284
1 1 1 1 1 0 
5.93792 10.7031 11.2338 15.362 17.3807 13.4692 
-0.166549 -0.0793084 -0.547714 -0.0092994 -0.374084 -0.73868 
292
1 1 1 1 1 1 0 
4.70544 10.1595 9.63242 9.51505 15.6126 14.6496 12.0382 
-0.166155 -0.079546 -0.551788 -0.38273 -0.00545516 -0.369909 -0.740797 
296
1 1 1 0 1 1 1 
4.85297 8.81478 8.89878 12.8934 16.4349 12.2776 11.5846 
-0.166573 -0.0837319 -0.55517 -0.750859 -0.00928496 -0.37029 -0.380635 
292
0 0 0 
5.37789 9.96686 15.0596 
0.339838 0.175108 0.125929 
296
0 0 0 
4.58649 10.0278 13.9278 
0.348877 0.174453 0.121313 
300
0 0 0 
5.06802 8.99619 14.7747 
0.345039 0.171581 0.127393 
300
1 1 1 0 1 1 
5.34585 11.3678 11.3043 8.37115 12.6581 16.4777 
-0.172861 -0.0830179 -0.557696 -0.760477 -0.381081 -0.00876105 
304
0 0 0 
5.28362 9.82747 13.396 
0.348691 0.170406 0.129846 
308
0 0 0 
5.22633 10.1451 15.1148 
0.350059 0.18592 0.127084 
304
1 1 1 1 0 1 0 
5.47839 8.91367 10.9993 15.1726 13.2035 16.4652 13.3331 
-0.180659 -0.072224 -0.562994 -0.0097666 -0.754152 -0.378781 -0.401422 
308
1 1 1 1 1 0 
4.9456 10.9391 10.4475 15.5742 15.6214 14.4707 
-0.17992 -0.0808188 -0.554686 -0.00873806 -0.377609 -0.75361 
312
0 0 0 
4.70051 9.46753 15.5681 
0.364436 0.181607 0.121974 
312
1 1 0 1 1 1 1 
4.9591 11.5892 13.1179 9.99686 17.7058 11.0086 14.4045 
-0.178893 -0.0819036 -0.759249 -0.562227 -0.00821017 -0.383291 -0.372296 
316
1 1 1 1 0 1 
5.16695 10.0063 16.5591 9.08487 13.2377 11.5644 
-0.179042 -0.0798447 -0.00965802 -0.561498 -0.756868 -0.382587 
320
0 0 0 
4.81503 9.78406 14.6549 
0.35943 0.181614 0.131557 
320
1 1 1 0 1 1 
5.46309 8.98775 10.5218 12.0217 16.85 12.621 
-0.186233 -0.084966 -0.569324 -0.756968 -0.00780572 -0.380802 
324
0 0 0 
4.6827 10.4933 16.9291 
0.367531 0.180552 0.124389 
324
1 1 1 1 0 1 
4.73408 9.72568 7.85589 16.0144 9.33748 13.5137 
-0.188033 -0.0820294 -0.562255 -0.00825645 -0.759475 -0.379882 
328
1 1 1 1 1 0 
5.37796 11.0282 10.7998 16.5835 14.8533 10.3312 
-0.188601 -0.0798691 -0.570907 -0.00802641 -0.379564 -0.758487 
328
0 0 0 
4.78343 8.41725 13.4823 
0.372986 0.185197 0.129686 
332
1 1 1 1 1 
4.58756 9.14927 8.35115 14.7016 14.4721 
-0.186892 -0.0866322 -0.565396 -0.00819716 -0.385337 
336
1 1 1 1 0 1 
4.90303 7.29231 11.4386 15.6987 10.7463 17.1101 
-0.186283 -0.0927975 -0.575065 -0.00912866 -0.763311 -0.385041 
336
0 0 0 
4.94193 8.61938 12.6056 
0.377685 0.198189 0.134656 
340
0 0 0 
4.39719 9.4984 12.8297 
0.386086 0.199911 0.136155 
344
0 0 0 
4.73441 9.01175 9.86891 
0.392886 0.193001 0.126291 
340
1 1 1 1 1 0 
4.67322 10.3397 7.49723 14.6062 16.2418 9.94147 
-0.194435 -0.572327 -0.0914844 -0.00808117 -0.384464 -0.766132 
344
1 1 1 0 1 1 
3.82129 7.82218 9.65826 12.1364 17.252 13.5584 
-0.187611 -0.080564 -0.582899 -0.768147 -0.383432 -0.00898729 
348
1 1 1 1 1 0 
4.76191 8.5721 20.6043 9.56763 14.0852 15.0559 
-0.198024 -0.0810538 -0.38338 -0.585656 -0.00941773 -0.777708 
352
1 1 1 1 1 0 
4.14509 9.62605 11.7565 15.1309 12.2268 17.4597 
-0.200626 -0.0825892 -0.585012 -0.383623 -0.00807484 -0.781592 
348
0 0 0 
4.76314 9.72026 14.9362 
0.389478 0.200717 0.128663 
356
1 1 1 1 1 0 0 
3.92423 8.11701 10.9075 15.7975 11.8823 16.1653 8.02933 
-0.198486 -0.0829214 -0.591448 -0.38324 -0.00336666 -0.785803 -0.781235 
356
0 0 0 
4.75459 9.3416 12.1884 
0.402195 0.204038 0.131782 
360
1 1 1 1 0 1 
4.79839 9.22157 11.2271 12.3848 13.1158 18.9988 
-0.203479 -0.0858995 -0.589656 0.00113052 -0.782856 -0.384823 
360
0 0 0 
4.34267 8.57653 16.7238 
0.405278 0.205777 0.129543 
364
1 1 1 1 1 0 
4.47617 9.61461 9.84315 15.8752 12.8724 14.9164 
-0.214326 -0.0885047 -0.60038 -0.390925 -0.00242335 -0.7907 
364
0 0 0 
7.4883 4.25289 16.4258 
0.203902 0.419765 0.131128 
368
0 0 0 
3.99946 9.37985 16.4363 
0.426997 0.203933 0.129993 
372
0 0 0 
3.76273 7.28858 16.5214 
0.428932 0.214463 0.130387 
368
1 1 1 0 1 1 
4.50293 10.0823 8.50971 12.9088 14.1365 13.2271 
-0.216065 -0.603485 -0.085544 -0.794276 -0.395825 -0.00363078 
376
1 1 1 1 1 0 
3.7073 9.9911 10.2396 15.9762 14.074 13.3916 
-0.207399 -0.0912128 -0.608253 -0.399555 -0.0105322 -0.802677 
376
0 0 0 
3.79576 7.29603 18.5147 
0.438758 0.217344 0.130817 
380
1 1 1 1 0 
3.92202