0
1 1 1 0 1 1 1 1 0 
3.3893 6.81482 9.39315 14.0988 11.105 14.1211 15.6669 20.499 19.0686 
-0.394605 -0.110367 -0.689274 -0.885363 -0.0490131 -0.44244 -0.0085235 -0.306877 -0.621891 
4
1 1 1 0 1 1 1 1 0 
3.44345 8.53937 15.2627 13.3161 10.567 9.47246 14.8569 21.6806 15.0281 
-0.394848 -0.11429 -0.437393 -0.883143 -0.0458564 -0.682758 -0.0201573 -0.305991 -0.617957 
0
0 0 0 0 
3.23068 7.74408 8.86119 17.3152 
0.539116 0.223307 0.140026 0.113106 
4
0 0 0 
3.26946 8.18844 8.12722 
0.532624 0.223747 0.140927 
8
1 1 1 1 1 0 1 1 0 
3.4845 7.41203 11.2975 7.73903 10.0519 12.1405 18.5493 20.0909 11.9389 
-0.396194 -0.110008 -0.0475231 -0.679252 -0.4411 -0.882569 -0.0101064 -0.306149 -0.616579 
8
0 0 0 0 0 
3.22496 7.38589 9.59066 14.1286 9.97384 
0.537681 0.218485 0.138046 0.115297 0.156044 
12
0 0 0 0 0 
3.15487 6.84462 9.46968 10.695 14.2856 
0.538605 0.23219 0.13805 0.155267 0.114232 
12
1 1 1 1 0 1 1 0 1 1 
3.37108 7.39745 11.7628 9.78665 14.8618 14.4959 18.8717 13.7109 21.2062 30.4025 
-0.39687 -0.111018 -0.0482285 -0.684416 -0.889166 -0.435998 -0.00966847 -0.618661 -0.306946 -0.178348 
16
0 0 0 0 
3.1571 7.44354 8.5138 16.8945 
0.540436 0.22713 0.14018 0.113787 
16
1 1 1 0 1 1 1 1 0 
3.25689 9.06936 8.51481 13.8324 13.0761 14.8656 21.9632 15.7116 16.6786 
-0.389982 -0.115931 -0.689261 -0.883229 -0.0427415 -0.43724 -0.306494 -0.00851993 -0.617761 
20
1 1 1 1 0 1 1 0 1 
2.8157 8.55811 9.42785 12.264 11.5198 15.9446 16.7765 14.9355 21.1653 
-0.388594 -0.114037 -0.684442 -0.0495345 -0.882117 -0.437476 -0.00868003 -0.620008 -0.306201 
20
0 0 0 0 0 
3.60434 8.2594 9.11289 15.7292 12.2256 
0.522799 0.222154 0.137657 0.115121 0.149958 
24
0 0 0 0 0 
3.54063 7.77731 9.74255 13.051 17.7225 
0.526142 0.225838 0.138264 0.15015 0.113169 
24
1 1 1 0 1 1 1 1 0 1 
3.41142 8.27827 10.1248 12.7932 12.0791 11.4399 22.3223 13.397 13.1986 12.0623 
-0.395482 -0.116764 -0.689374 -0.884588 -0.0471422 -0.442726 -0.306296 -0.021677 -0.618269 -0.433345 
28
0 0 0 
3.21756 8.59142 15.0643 
0.535563 0.222112 0.113684 
28
1 1 1 0 1 1 1 0 1 
3.45713 8.26975 10.1869 11.2838 13.9572 14.5789 16.4414 16.5233 19.1589 
-0.396972 -0.113325 -0.684711 -0.887092 -0.0431731 -0.436452 -0.0100409 -0.620374 -0.305662 
32
0 0 0 0 0 
3.22256 8.43194 8.9329 17.7119 14.5756 
0.536946 0.222327 0.140676 0.114369 0.14525 
32
1 1 1 0 1 1 0 1 1 
3.26612 8.17984 9.22659 12.042 13.3638 16.1421 12.098 14.6765 22.4658 
-0.395924 -0.117332 -0.683252 -0.883157 -0.0418593 -0.0093609 -0.61746 -0.436181 -0.306713 
36
0 0 0 0 0 
3.15849 8.08222 9.76389 11.8731 17.5066 
0.539514 0.220601 0.137435 0.151166 0.113244 
36
1 1 1 0 1 1 0 1 1 
3.33379 7.01767 10.0986 12.5647 13.969 12.507 15.7238 18.1251 19.0427 
-0.394385 -0.120205 -0.684633 -0.888601 -0.0426475 -0.434811 -0.620589 -0.0100438 -0.30629 
40
0 0 0 0 0 
3.21613 8.06475 9.46035 12.5382 16.07 
0.537011 0.220004 0.138975 0.150333 0.114704 
44
0 0 0 0 0 
3.35185 8.35908 10.3435 12.665 18.4597 
0.531016 0.223169 0.137759 0.1507 0.109618 
40
1 1 1 0 1 1 1 0 1 
3.44554 9.1153 7.46869 13.6647 11.3683 20.8869 15.467 19.1565 16.2149 
-0.391423 -0.115682 -0.687018 -0.884386 -0.0466948 -0.306103 -0.437367 -0.622311 -0.00929684 
44
1 1 0 1 1 1 1 1 0 1 
2.82861 8.88941 12.0077 8.11679 13.8094 12.6926 16.7229 20.9967 17.4626 27.8713 
-0.385696 -0.114826 -0.88218 -0.684425 -0.0482397 -0.436525 -0.00860594 -0.306061 -0.622332 -0.179699 
48
0 0 0 0 
3.66866 6.11633 13.7964 15.4771 
0.522715 0.237234 0.114976 0.144497 
48
1 1 1 1 1 0 1 0 1 
3.2466 7.33048 13.2563 8.48326 14.629 11.9279 15.7049 15.8923 20.4592 
-0.392518 -0.114864 -0.0421236 -0.693581 -0.436023 -0.882317 -0.00803849 -0.620657 -0.305667 
52
0 0 0 0 0 
3.1663 7.96084 8.17752 14.4875 11.8097 
0.535781 0.216359 0.141456 0.113801 0.147141 
52
1 1 1 0 1 1 0 1 1 
3.13188 8.67481 9.74252 12.8651 12.8095 13.5147 13.3638 15.9953 20.2807 
-0.389243 -0.117478 -0.688722 -0.883644 -0.0413368 -0.442832 -0.618208 -0.0100834 -0.305448 
56
1 1 1 0 1 0 1 1 1 
2.9295 8.89861 7.84074 12.7459 11.9585 19.3872 13.0832 18.4578 22.093 
-0.386428 -0.114755 -0.687596 -0.882584 -0.0461919 -0.621236 -0.441858 -0.009079 -0.307307 
56
0 0 0 0 0 
3.44443 7.65843 9.70911 12.7341 17.5263 
0.528233 0.22701 0.138689 0.148292 0.113716 
60
0 0 0 0 0 
3.17235 7.71814 8.77177 11.4499 17.5577 
0.5386 0.216066 0.139296 0.152931 0.113729 
64
0 0 0 0 0 
3.20237 8.38266 8.81647 12.1621 19.9936 
0.536555 0.223319 0.138742 0.150886 0.107681 
60
1 1 1 0 1 1 0 1 1 
2.62593 7.80297 7.89024 12.2143 10.8342 10.93 17.1139 16.3269 22.9393 
-0.388144 -0.112726 -0.688066 -0.882112 -0.0453942 -0.441583 -0.621038 -0.0088498 -0.306494 
64
1 1 1 0 1 1 1 1 0 1 
3.41915 7.60991 9.93361 13.0418 13.1719 20.4455 11.8749 18.1819 11.4458 16.5041 
-0.39719 -0.11912 -0.688655 -0.883608 -0.0418543 -0.305391 -0.435367 -0.0137158 -0.61793 -0.173348 
68
1 1 1 1 0 1 0 1 1 
3.32049 8.19851 8.48316 12.7618 11.7156 15.8422 18.0647 20.3435 16.72 
-0.394069 -0.121605 -0.684886 -0.0427388 -0.88172 -0.436327 -0.621375 -0.305713 -0.00950354 
68
0 0 0 0 0 
3.10744 8.17831 10.0751 15.4232 13.0389 
0.541963 0.22089 0.13844 0.113207 0.14475 
72
0 0 0 0 0 
3.44194 6.67949 9.51774 13.3035 14.2021 
0.530632 0.228668 0.137579 0.148805 0.114528 
72
1 1 1 0 1 1 0 1 1 
2.95193 9.41635 9.47412 11.9024 12.8212 12.4819 18.5329 16.4897 20.5818 
-0.38667 -0.114926 -0.693154 -0.882784 -0.0483583 -0.441343 -0.621438 -0.00932067 -0.30568 
76
1 1 1 0 1 1 0 1 1 
2.86344 8.71104 9.58871 11.2089 11.055 15.4756 19.5828 16.9189 19.2899 
-0.386614 -0.115177 -0.688843 -0.882516 -0.054213 -0.43653 -0.621507 -0.00949109 -0.305122 
76
0 0 0 0 0 
3.2662 6.54372 9.3526 12.6313 18.421 
0.535675 0.229313 0.138201 0.150455 0.112942 
80
0 0 0 0 0 
3.36408 6.96334 9.77714 14.4305 15.3091 
0.531575 0.226049 0.138549 0.146441 0.114254 
80
1 1 1 0 1 1 0 1 1 1 
3.23623 8.13224 9.60596 12.6712 14.5246 13.7904 17.8605 21.2854 18.9599 11.6301 
-0.393435 -0.11644 -0.684492 -0.882578 -0.0429707 -0.441389 -0.621406 -0.305869 -0.00900648 -0.231583 
84
1 1 1 0 1 1 0 1 1 1 1 
3.35151 8.173 9.65181 12.4479 12.9292 12.2641 19.4084 10.8777 16.0127 20.8419 29.137 
-0.394495 -0.113818 -0.692781 -0.882321 -0.0519112 -0.435609 -0.62162 -0.0407992 -0.0194585 -0.305579 -0.177952 
84
0 0 0 0 0 
3.31684 6.69793 9.32668 12.3324 17.3313 
0.533361 0.231659 0.1385 0.150946 0.112011 
88
1 1 1 0 1 1 0 1 1 
3.07542 7.60208 9.3864 12.4492 13.099 16.0211 18.8416 16.2895 19.9851 
-0.385671 -0.111797 -0.683963 -0.88183 -0.0426724 -0.43728 -0.621568 -0.00905779 -0.305662 
92
1 1 1 1 0 1 1 1 0 1 
3.4437 5.58435 8.96264 14.9015 12.0806 12.7019 20.4783 18.0208 16.4789 32.6887 
-0.389792 -0.680041 -0.118531 -0.435875 -0.882045 -0.0496684 -0.305496 -0.0102125 -0.620682 -0.17674 
88
0 0 0 0 0 
3.15604 6.50522 8.59927 16.4243 15.7825 
0.539784 0.224131 0.137082 0.113602 0.144476 
96
0 0 0 0 0 
2.99157 8.46629 8.56278 13.9956 16.7757 
0.544988 0.223063 0.138736 0.147612 0.114233 
100
0 0 0 0 0 
3.27801 8.54908 9.21245 15.9469 14.1629 
0.534828 0.221759 0.135619 0.114705 0.144954 
104
0 0 0 0 0 
3.10902 6.74182 9.02025 11.5024 15.1705 
0.539765 0.23049 0.138305 0.152865 0.113548 
100
1 1 1 0 1 1 0 1 1 
2.9258 7.77588 8.79405 11.607 14.1646 14.6097 15.8304 17.5009 21.339 
-0.38576 -0.114691 -0.687983 -0.881686 -0.0449422 -0.436848 -0.620435 -0.0192515 -0.30646 
104
1 1 1 1 1 0 0 1 1 
3.11616 8.54638 9.86193 13.0482 15.0937 12.001 18.1865 22.6027 16.6727 
-0.390631 -0.113412 -0.688537 -0.0423457 -0.437005 -0.882045 -0.621263 -0.306023 -0.0105177 
108
1 1 1 0 1 0 1 1 
3.03142 7.68958 8.23044 13.6293 13.6336 13.9075 13.1521 21.9054 
-0.387514 -0.121971 -0.681536 -0.884057 -0.0433106 -0.615728 -0.441452 -0.305865 
108
0 0 0 0 0 
2.88698 6.9083 9.27406 13.1902 14.4516 
0.549239 0.227624 0.137724 0.148922 0.1143 
112
0 0 0 0 0 
3.35947 7.25296 11.4748 16.8222 16.8533 
0.526097 0.223048 0.13667 0.114275 0.143721 
116
1 1 1 1 1 0 0 1 1 
3.32178 10.1961 8.58562 13.5058 12.8905 14.2046 14.1079 14.1159 20.9559 
-0.393995 -0.689422 -0.114799 -0.042797 -0.442045 -0.887052 -0.621435 -0.0208456 -0.306581 
116
0 0 0 0 0 
3.44369 6.68514 9.41873 12.5614 14.8269 
0.527462 0.232183 0.137346 0.150172 0.113928 
120
0 0 0 0 0 
3.46676 8.49197 9.33072 13.6863 19.0488 
0.529873 0.223571 0.139847 0.148399 0.108454 
124
1 1 1 1 0 1 0 1 1 
3.2509 8.29499 9.99252 12.0568 12.1687 14.9836 18.6638 14.91 21.3534 
-0.393725 -0.116097 -0.689199 -0.0466133 -0.889307 -0.436692 -0.621238 -0.0201181 -0.306017 
124
0 0 0 0 0 
3.41991 6.45413 8.77038 11.6947 17.1198 
0.530265 0.233686 0.140085 0.15216 0.109556 
128
1 1 1 0 1 0 1 1 1 
2.95909 8.17036 8.50458 11.9509 11.8488 14.9387 15.8368 18.5661 18.8154 
-0.387715 -0.117612 -0.681653 -0.88238 -0.0467298 -0.617414 -0.43635 -0.0149237 -0.304697 
128
0 0 0 0 0 
3.22005 6.83812 8.11054 12.1508 15.7197 
0.537648 0.230706 0.140757 0.150872 0.114333 
132
1 1 1 0 1 1 0 1 1 
3.45491 7.65478 8.42913 12.4024 13.8928 14.8609 12.4595 21.0893 16.7065 
-0.39719 -0.115667 -0.688836 -0.883194 -0.0447526 -0.43654 -0.6194 -0.305059 -0.0191955 
136
1 1 1 1 1 0 0 1 1 
3.3795 8.62149 10.2673 14.6245 15.2389 11.5384 18.4744 17.5472 22.0087 
-0.394256 -0.113884 -0.684432 -0.0435932 -0.437039 -0.880811 -0.621055 -0.00919598 -0.305794 
136
0 0 0 0 0 
3.51086 6.96297 13.8796 8.92044 17.4501 
0.527185 0.219798 0.14379 0.137481 0.109456 
140
1 1 1 1 0 0 1 1 1 
3.27736 8.54451 9.13457 13.5309 12.7936 16.0546 12.2848 21.7229 15.3216 
-0.392579 -0.117369 -0.687663 -0.0428665 -0.882749 -0.620397 -0.440551 -0.306015 -0.0202581 
144
0 0 0 0 0 
3.46222 8.05866 8.77831 15.1756 12.9665 
0.529698 0.219811 0.140067 0.113372 0.143115 
144
1 1 1 1 1 0 0 1 1 1 
3.26313 8.50909 9.90452 15.4274 10.9845 14.6333 16.3985 15.8886 20.6788 31.7412 
-0.391008 -0.114963 -0.68927 -0.436624 -0.0457374 -0.886656 -0.620778 -0.0206191 -0.306023 -0.178407 
148
1 1 1 1 0 1 0 1 1 
3.19423 8.22456 8.51298 14.1589 13.358 12.6943 18.6125 19.9965 20.4048 
-0.392484 -0.113064 -0.688121 -0.0453577 -0.882462 -0.440557 -0.62155 -0.00846806 -0.305615 
148
0 0 0 0 
3.07935 7.26205 11.4806 16.3309 
0.544358 0.227166 0.132961 0.113908 
152
0 0 0 0 0 
3.21628 6.89161 9.27593 12.1022 18.6493 
0.536816 0.22132 0.138636 0.150721 0.108832 
152
1 1 1 1 0 1 1 0 1 1 
3.21812 7.67836 9.43336 13.7255 14.5054 12.6687 18.5243 15.9882 21.4003 33.8693 
-0.391162 -0.120513 -0.68792 -0.0424099 -0.888583 -0.435052 -0.00996354 -0.620186 -0.306772 -0.178369 
156
0 0 0 0 0 
3.61661 7.41081 8.86018 21.9745 14.4055 
0.521851 0.227014 0.139004 0.107486 0.14458 
160
0 0 0 0 0 
2.91818 7.74596 11.2655 10.1583 13.2213 
0.549879 0.222721 0.152515 0.139632 0.114923 
160
1 1 1 1 1 0 0 1 1 1 
2.81629 7.98856 8.80477 15.2471 13.8187 13.1643 18.5868 14.966 22.3789 29.9836 
-0.382516 -0.116513 -0.681161 -0.436381 -0.045424 -0.882875 -0.621857 -0.0220449 -0.305975 -0.178013 
164
0 0 0 0 0 
3.25678 7.98313 10.6374 13.3672 13.3569 
0.537077 0.222933 0.136778 0.148152 0.116128 
164
1 1 1 1 1 0 0 1 1 
3.1475 8.12716 7.87817 13.743 15.4132 14.9252 15.1882 19.9548 19.9985 
-0.388772 -0.11726 -0.687863 -0.0419452 -0.436985 -0.886766 -0.620339 -0.00955654 -0.306243 
168
1 1 1 1 0 1 0 1 1 1 0 
2.94511 8.26832 9.9934 14.4322 12.9383 14.779 18.7583 16.3194 20.0229 30.3447 22.5086 
-0.384041 -0.113448 -0.692087 -0.435326 -0.884221 -0.0524831 -0.621253 -0.00740607 -0.305485 -0.177939 -0.353782 
172
0 0 0 0 0 
3.4675 6.44028 8.78019 15.6859 12.4635 
0.52769 0.233463 0.141336 0.113547 0.139645 
172
1 1 1 1 0 1 0 1 1 
3.19137 8.87998 8.12338 15.5768 12.934 11.2351 18.2073 19.7143 20.4515 
-0.392896 -0.113302 -0.68377 -0.436948 -0.883931 -0.047586 -0.622124 -0.0105639 -0.305319 
176
1 1 1 1 1 0 1 0 1 1 
2.71563 8.89228 7.97341 12.6865 11.1083 13.1037 19.9057 17.1768 21.5723 30.2319 
-0.388058 -0.117711 -0.687602 -0.44122 -0.0461738 -0.886688 -0.0105603 -0.620994 -0.306273 -0.176801 
180
0 0 0 0 0 
3.40959 6.95624 12.9066 12.8463 15.0137 
0.531255 0.22082 0.131439 0.150282 0.11399 
180
1 1 1 0 1 1 0 1 1 
3.22767 8.02138 9.33639 12.0416 13.1035 14.6816 11.88 15.7775 21.8774 
-0.392161 -0.112056 -0.688405 -0.883409 -0.0515908 -0.436485 -0.619567 -0.0189452 -0.306282 
184
1 1 1 0 1 1 0 1 1 0 
2.86219 10.3019 8.52361 15.188 10.9997 13.8447 18.1585 14.6747 23.6416 14.5405 
-0.385375 -0.685783 -0.120087 -0.883817 -0.0506816 -0.435333 -0.621369 -0.0214715 -0.306592 -0.46414 
184
0 0 0 0 0 
3.28928 6.71977 9.48265 17.6598 11.8335 
0.533854 0.233222 0.139131 0.112681 0.144697 
188
0 0 0 0 0 
3.2545 7.83883 9.41933 14.0383 12.9577 
0.537332 0.225893 0.137147 0.146791 0.115661 
192
0 0 0 0 0 
3.30231 6.92583 10.1311 16.3529 14.5702 
0.535765 0.226213 0.137835 0.112924 0.144322 
192
1 1 1 0 1 1 0 1 1 1 
3.41494 8.33212 9.72983 11.9369 12.7988 12.8246 12.0748 20.4965 20.0787 35.6175 
-0.395009 -0.113726 -0.688026 -0.881885 -0.0478075 -0.440295 -0.619534 -0.0132595 -0.305467 -0.178536 
196
1 1 1 1 1 0 0 1 1 1 
3.3247 7.86229 9.47958 11.6444 15.528 14.545 14.1368 16.3711 21.7343 29.9474 
-0.394332 -0.120239 -0.688953 -0.0473247 -0.436379 -0.884429 -0.617304 -0.00898165 -0.306296 -0.17832 
200
0 0 0 0 0 
3.09389 6.44784 10.0588 16.386 12.5293 
0.542808 0.222244 0.1364 0.112274 0.144826 
200
1 1 1 0 1 1 0 1 1 
2.91154 9.12751 9.58831 12.0382 11.0987 15.2697 15.6523 18.378 21.3639 
-0.385374 -0.11516 -0.693553 -0.885009 -0.0497143 -0.436756 -0.620571 -0.00875986 -0.306076 
204
1 1 1 1 0 1 1 0 1 1 
3.28087 8.64451 10.3041 11.2293 13.3801 14.6581 16.0749 14.4846 21.1604 21.693 
-0.391353 -0.11715 -0.683511 -0.0487238 -0.884528 -0.436288 -0.00918236 -0.616725 -0.306001 -0.176312 
208
1 1 1 0 1 1 0 1 1 
3.27065 8.29037 9.56161 14.4112 11.3728 15.5007 14.8006 16.9037 21.0031 
-0.394603 -0.113703 -0.688451 -0.884063 -0.0463818 -0.437422 -0.617442 -0.00872059 -0.306343 
208
0 0 0 0 0 
3.18292 8.20018 8.58033 16.9548 14.015 
0.537923 0.223696 0.140228 0.113735 0.14386 
212
0 0 0 0 0 
3.44817 6.67058 8.96849 12.9455 13.7867 
0.529278 0.23135 0.138892 0.147188 0.115308 
212
1 1 1 0 1 1 1 0 1 1 
3.39232 8.63714 10.0774 13.2909 11.2133 15.4227 16.4233 11.8963 22.4187 30.5581 
-0.395875 -0.113966 -0.688767 -0.883425 -0.047715 -0.436894 -0.00898855 -0.620621 -0.306249 -0.178214 
216
0 0 0 0 0 
3.30799 6.18741 8.51212 15.2775 14.4245 
0.533491 0.225444 0.13914 0.113546 0.143339 
220
1 1 1 0 1 1 0 1 1 
2.89973 7.72691 8.32013 11.9702 10.4523 14.6554 17.9325 19.892 20.7069 
-0.385297 -0.116198 -0.688275 -0.884155 -0.053709 -0.435639 -0.620931 -0.0111632 -0.307176 
220
0 0 0 0 0 
2.62492 7.66867 10.6966 9.28679 14.3096 
0.556585 0.21736 0.147259 0.136256 0.114387 
224
0 0 0 0 0 
2.99236 6.84079 9.30816 13.0557 15.5613 
0.545505 0.226284 0.136636 0.149043 0.113271 
224
1 1 1 1 1 0 1 0 1 1 
3.3041 7.999 9.56944 11.2593 15.6874 13.6177 22.9426 18.6895 23.6096 30.5014 
-0.395218 -0.112801 -0.684469 -0.049861 -0.43736 -0.883891 -0.0111232 -0.620911 -0.307051 -0.178096 
228
1 1 1 1 0 1 0 1 1 
2.95063 8.42246 8.09176 9.67012 12.7795 11.6301 18.1076 19.5843 22.5244 
-0.395046 -0.114096 -0.687284 -0.44154 -0.883286 -0.0481512 -0.621685 -0.0105776 -0.306172 
232
1 1 1 1 1 1 0 0 1 1 
3.02166 7.53659 10.2513 13.4948 12.2763 20.5658 12.774 16.0459 11.8533 17.3137 
-0.384846 -0.111339 -0.688128 -0.0426196 -0.442712 -0.305782 -0.882698 -0.621005 -0.432914 -0.00939846 
232
0 0 0 0 0 
3.08428 6.50384 8.66795 14.1887 12.8824 
0.543016 0.233055 0.139098 0.114492 0.140957 
236
1 1 1 0 1 1 1 0 1 1 1 
3.32689 9.3159 10.9907 12.9715 10.3665 17.0712 19.123 10.6468 19.767 17.592 29.5407 
-0.394876 -0.114974 -0.683515 -0.882345 -0.0504621 -0.437335 -0.305534 -0.618856 -0.00940561 -0.22127 -0.17806 
236
0 0 0 0 
3.51129 6.58512 10.11 13.577 
0.527109 0.228228 0.140224 0.115219 
240
1 1 1 1 1 0 0 1 1 1 0 
3.31159 7.84794 10.1633 12.0777 15.231 12.6152 16.2442 16.7301 20.6943 31.5583 27.5015 
-0.39404 -0.112382 -0.688962 -0.047271 -0.436869 -0.884168 -0.62094 -0.0103558 -0.306896 -0.178174 -0.354553 
244
0 0 0 0 0 
3.25673 6.82222 8.18595 12.448 13.5963 
0.537845 0.221486 0.139934 0.150691 0.114217 
248
0 0 0 0 0 
3.28186 9.14506 8.50347 11.2597 14.5991 
0.536144 0.220763 0.13888 0.153882 0.114938 
244
1 1 1 1 0 0 1 1 
3.05825 8.19048 9.85973 14.6625 13.0488 18.8106 20.0946 23.6078 
-0.390589 -0.117573 -0.688756 -0.43613 -0.884394 -0.62164 -0.0161191 -0.307044 
252
1 1 1 1 0 1 1 1 0 
3.39003 8.68404 10.0381 11.4499 13.9716 20.1968 20.0036 16.8554 11.2997 
-0.395925 -0.121824 -0.687776 -0.0488883 -0.88409 -0.0161563 -0.305736 -0.436761 -0.618607 
256
0 0 0 0 
3.01444 8.46227 10.7449 17.5161 
0.543487 0.213584 0.142309 0.113315 
256
1 1 1 0 1 1 1 0 1 
2.90611 8.18661 9.45233 12.2737 13.9417 14.3798 20.6656 15.3403 25.0186 
-0.385711 -0.116574 -0.687358 -0.884362 -0.0442584 -0.435462 -0.0104787 -0.619759 -0.306751 
260
1 1 1 0 1 1 1 1 0 
3.24644 7.83375 9.72807 12.8357 10.8764 14.7574 18.7049 20.7044 10.7808 
-0.389473 -0.110704 -0.688405 -0.88338 -0.0487818 -0.436606 -0.00892418 -0.305894 -0.619411 
264
0 0 0 0 
3.19476 7.5871 11.7922 19.488 
0.539966 0.225683 0.140876 0.112575 
264
1 1 1 0 1 1 0 1 
2.92686 8.12567 10.0104 13.2808 10.854 14.6871 17.9602 21.5517 
-0.391413 -0.11718 -0.684414 -0.883424 -0.0474842 -0.436345 -0.621091 -0.306441 
268
0 0 0 0 
3.23955 8.89971 11.4406 20.4159 
0.539357 0.213015 0.142224 0.112122 
272
0 0 0 0 
3.24615 8.71184 10.5566 17.1542 
0.532233 0.212021 0.153783 0.112523 
272
1 1 1 1 1 0 0 1 1 
2.85712 9.25537 9.71495 9.92402 18.8197 13.4223 17.8844 15.4043 20.3824 
-0.381717 -0.113457 -0.688635 -0.0555749 -0.016511 -0.882727 -0.62131 -0.436232 -0.306225 
276
1 1 1 1 0 1 0 1 1 1 
2.69766 8.68243 9.55573 11.1537 13.7921 14.7396 16.7812 16.9767 22.4499 31.4658 
-0.378101 -0.114235 -0.688169 -0.0496429 -0.883031 -0.436919 -0.620741 -0.0113794 -0.306215 -0.17916 
280
1 1 1 0 1 1 1 0 1 
3.20474 7.13054 9.26137 15.6678 13.3951 11.0436 19.7186 12.0236 23.851 
-0.392057 -0.110036 -0.687952 -0.883504 -0.0534413 -0.434913 -0.0100848 -0.618855 -0.305982 
280
0 0 0 0 
3.14822 7.2887 12.6957 16.3556 
0.540735 0.228026 0.14453 0.113509 
284
1 1 1 1 0 1 0 1 1 
3.12615 8.00904 9.76077 11.3989 12.8948 10.5878 18.3677 21.5125 22.7408 
-0.392742 -0.115949 -0.689293 -0.0462494 -0.884935 -0.44075 -0.621246 -0.306314 -0.0169013 
288
1 1 1 0 1 1 0 1 1 
3.24303 8.16711 10.0779 11.9708 9.86911 14.8771 18.203 18.2444 23.3829 
-0.393335 -0.117918 -0.688499 -0.88279 -0.0540866 -0.435967 -0.621858 -0.0109577 -0.306459 
284
0 0 0 0 
3.11941 5.20149 10.4191 17.3415 
0.542993 0.246985 0.155564 0.113611 
292
1 1 1 0 1 1 0 1 1 
3.13148 8.03055 9.38711 12.1733 11.6227 12.8095 17.409 21.3571 19.1634 
-0.390294 -0.111897 -0.683973 -0.882253 -0.0466454 -0.440232 -0.620778 -0.306087 -0.0176423 
296
1 1 1 1 0 1 0 1 1 1 1 
3.50208 7.75644 10.0639 14.8154 12.6415 14.6207 17.1817 24.3303 21.1696 35.9532 17.4826 
-0.396418 -0.11139 -0.688921 -0.042315 -0.882786 -0.436173 -0.620134 -0.0110792 -0.306053 -0.178585 -0.222155 
296
0 0 0 0 
3.2187 8.19419 11.28 16.9032 
0.536459 0.219485 0.14073 0.113994 
300
0 0 0 0 
3.26438 7.22899 11.2652 17.6101 
0.538493 0.224348 0.14124 0.11279 
300
1 1 1 1 0 1 1 0 1 
2.92996 8.08232 8.44685 12.5816 12.6061 12.4759 14.8923 15.4409 21.2619 
-0.383755 -0.116003 -0.687398 -0.0415272 -0.882851 -0.440351 -0.00788405 -0.619418 -0.305698 
304
1 1 1 1 1 1 0 1 0 
3.19799 7.89304 9.23556 13.9088 14.4876 23.2204 13.2139 19.7607 17.7243 
-0.393622 -0.111671 -0.689715 -0.042349 -0.435757 -0.0138569 -0.883015 -0.306385 -0.620672 
308
1 1 1 1 1 0 1 0 1 0 
3.32091 8.18326 8.99675 15.5732 16.3669 14.0316 19.0539 12.2999 23.22 29.5625 
-0.393707 -0.116047 -0.68439 -0.0463518 -0.436522 -0.882285 -0.00927043 -0.618954 -0.306622 -0.353921 
308
0 0 0 0 
3.12351 7.81877 12.5347 17.1505 
0.540074 0.215312 0.145124 0.114859 
312
0 0 0 0 
3.15817 6.60803 11.8518 15.0072 
0.543913 0.230898 0.146633 0.114046 
316
1 1 1 1 0 1 1 0 1 
3.43545 9.85134 8.77886 16.5072 11.0297 11.544 26.0912 11.1516 23.0381 
-0.39631 -0.115888 -0.688918 -0.436599 -0.888542 -0.0461887 -0.0150081 -0.619701 -0.306901 
320
1 1 1 0 1 1 0 1 1 
3.11019 8.40865 8.43933 14.2323 10.8466 11.9895 11.8596 19.4139 23.218 
-0.391563 -0.117555 -0.688818 -0.886367 -0.0485125 -0.43595 -0.619971 -0.016098 -0.306437 
324
1 1 1 0 1 1 1 1 0 
3.38679 7.86886 8.61598 11.5493 11.6915 15.2527 18.5419 22.1466 17.2306 
-0.389093 -0.112799 -0.68807 -0.887015 -0.0461836 -0.436262 -0.0101922 -0.305458 -0.620561 
320
0 0 0 0 
3.17909 7.35465 10.3788 17.8784 
0.537667 0.228354 0.14304 0.113271 
324
0 0 0 0 
3.21805 8.78812 12.0597 15.2252 
0.536429 0.22094 0.130319 0.112922 
328
0 0 0 0 
3.44072 7.2862 11.8213 17.4031 
0.530016 0.229215 0.14114 0.113447 
332
0 0 0 0 0 
3.06865 6.57389 8.6537 14.0002 14.8241 
0.542867 0.23242 0.139646 0.142852 0.114229 
332
1 1 1 1 1 0 1 0 1 
3.5518 8.47788 9.4684 12.5009 13.3107 13.6176 15.5735 11.1 20.3935 
-0.396334 -0.116677 -0.68786 -0.441954 -0.0515597 -0.88542 -0.00829949 -0.619403 -0.305404 
336
1 1 1 0 1 1 1 0 1 
3.27126 8.52306 9.52979 13.5332 11.0985 16.0533 18.8261 17.1053 21.174 
-0.392209 -0.116614 -0.688002 -0.883288 -0.046811 -0.43657 -0.00928624 -0.621263 -0.305369 
336
0 0 0 0 0 
3.25313 7.93527 13.7897 13.438 17.6274 
0.532807 0.219398 0.131866 0.148812 0.112122 
340
0 0 0 0 0 
3.28572 8.01618 8.56898 15.6692 14.0527 
0.53523 0.214221 0.137695 0.113544 0.140219 
344
0 0 0 0 0 
3.20781 8.10801 9.71787 16.9211 14.3987 
0.532678 0.215154 0.135465 0.109178 0.142955 
344
1 1 1 1 0 1 1 0 1 
2.83356 7.9401 10.494 10.485 11.2343 14.902 18.1223 15.03 18.7442 
-0.383684 -0.115337 -0.689135 -0.0513638 -0.882157 -0.435764 -0.00979301 -0.617441 -0.304565 
348
1 1 1 1 0 1 1 1 0 1 
3.34081 9.16303 9.41737 13.9125 13.335 15.7987 20.2647 22.6519 11.5954 14.2148 
-0.394374 -0.118483 -0.6885 -0.0424555 -0.884001 -0.436936 -0.0164989 -0.306369 -0.620001 -0.22034 
348
0 0 0 0 
3.14198 8.20729 11.175 17.279 
0.537145 0.223328 0.142332 0.113737 
352
1 1 1 0 1 1 0 1 1 
3.4467 7.94216 11.2421 8.64065 11.9093 15.5351 18.9314 12.2591 22.0522 
-0.395577 -0.11807 -0.686298 -0.884707 -0.0415136 -0.437775 -0.622831 -0.00760183 -0.307256 
356
1 1 1 1 0 1 1 1 0 
2.90142 8.63097 10.0149 13.5827 11.1547 20.8737 14.3045 21.6923 15.3118 
-0.390628 -0.115058 -0.691263 -0.0438352 -0.887877 -0.308065 -0.437687 -0.0167054 -0.62273 
360
1 1 1 1 1 0 1 1 0 
3.37954 7.39767 9.22718 14.946 12.8656 12.7495 25.2549 20.7998 15.153 
-0.390045 -0.119204 -0.681471 -0.439502 -0.0433658 -0.880447 -0.0166126 -0.308195 -0.622751 
356
0 0 0 0 
3.09364 5.69043 13.7414 18.8524 
0.544592 0.239492 0.142879 0.110806 
360
0 0 0 0 0 
3.10293 8.18927 8.09389 8.49986 18.446 
0.537024 0.223282 0.142849 0.156244 0.11057 
364
0 0 0 0 
3.35082 6.63142 15.0794 18.2 
0.532675 0.226592 0.135715 0.111086 
368
1 1 1 1 1 1 0 1 0 
2.71491 8.66686 8.6576 15.0117 20.9138 12.3105 13.3128 18.6596 13.8499 
-0.383317 -0.11655 -0.689732 -0.0414434 -0.0169093 -0.439172 -0.88756 -0.308953 -0.623696 
368
0 0 0 0 
3.3375 6.84679 8.62674 17.0977 
0.530335 0.224422 0.142561 0.115497 
372
0 0 0 0 
3.11198 7.67086 12.7317 10.2247 
0.537925 0.223957 0.141936 0.149029 
372
1 1 1 1 1 0 1 1 0 
3.33674 8.26195 9.44775 13.5886 11.5501 13.5707 19.1092 22.3261 14.9808 
-0.394409 -0.114619 -0.695087 -0.438617 -0.050036 -0.889495 -0.308529 -0.0162299 -0.623143 
376
0 0 0 0 
3.22461 6.24042 9.04482 16.6289 
0.53591 0.232889 0.140639 0.115246 
376
1 1 1 1 0 1 1 1 0 
2.86248 8.44615 9.69494 10.9748 12.6109 11.896 18.7526 19.7933 15.1298 
-0.386152 -0.120009 -0.682181 -0.042984 -0.882853 -0.438833 -0.0138729 -0.308175 -0.624585 
380
1 1 1 1 0 1 1 1 0 
2.78044 8.74253 8.95627 11.0692 12.8572 12.8605 18.9314 18.8006 15.6 
-0.383283 -0.117334 -0.6808 -0.0549117 -0.89046 -0.439024 -0.0146497 -0.308561 -0.623528 
380
0 0 0 0 
3.07165 7.68092 8.96799 15.8484 
0.538951 0.22286 0.141648 0.11536 
384
0 0 0 
3.17465 6.81046 14.7391 
0.538868 0.229051 0.115423 
384
1 1 1 1 1 0 1 1 0 
3.46602 8.28198 7.59907 11.2555 13.7942 13.4917 19.5253 19.7326 17.6846 
-0.393198 -0.115596 -0.679038 -0.0491359 -0.438258 -0.891371 -0.0142111 -0.309891 -0.623844 
392
0 0 
3.17378 7.57462 
0.538846 0.223511 
392
1 1 1 1 0 1 1 1 0 
2.83026 8.2867 10.9655 11.5323 13.1144 11.8844 19.1725 21.0411 14.5936 
-0.38841 -0.116005 -0.68253 -0.0544059 -0.889433 -0.439485 -0.308834 -0.0163692 -0.622763 
396
0 0 0 0 
2.9324 7.77511 11.8776 15.8129 
0.546622 0.222172 0.143524 0.114165 
396
1 1 1 1 0 1 1 1 0 
2.77143 8.08687 10.7456 12.7033 14.4916 18.7605 12.0657 20.3416 15.9792 
-0.385232 -0.11511 -0.686642 -0.0401384 -0.88081 -0.308729 -0.439654 -0.0169054 -0.623326 
400
1 1 1 1 1 1 1 0 0 1 
3.17642 7.36061 9.66556 11.9032 13.5436 19.5291 19.2803 12.9263 14.4865 15.3629 
-0.395669 -0.115195 -0.691497 -0.440085 -0.0439924 -0.309498 -0.0167009 -0.890748 -0.622907 0.0118176 
408
1 1 1 1 0 1 1 0 
2.84327 8.10869 9.03463 11.475 12.5704 18.3451 17.7234 16.4886 
-0.388116 -0.116049 -0.69045 -0.440403 -0.88677 -0.0174696 -0.309266 -0.624069 
400
0 0 0 
3.02528 8.70658 13.2387 
0.53542 0.221701 0.145883 
404
0 0 0 
3.34684 8.58059 13.4928 
0.530655 0.223167 0.144914 
408
0 0 0 
3.33233 8.56243 13.6621 
0.533297 0.223556 0.143622 
412
1 1 1 1 1 0 1 1 0 
2.96448 8.68789 8.15762 13.5251 14.0797 14.0566 18.6258 16.3216 12.767 
-0.387984 -0.690928 -0.11606 -0.440127 -0.0418931 -0.886051 -0.304265 -0.0198629 -0.622793 
412
0 0 0 0 
3.21341 8.89351 12.1206 17.1595 
0.538358 0.222488 0.143258 0.113734 
416
0 0 0 
3.11523 8.87439 11.8594 
0.540653 0.220575 0.143394 
420
1 1 1 1 0 1 1 1 0 
3.03294 8.61177 8.93804 14.6115 15.1785 9.91946 18.3488 16.4051 16.252 
-0.389353 -0.691449 -0.116785 -0.442314 -0.887687 -0.0529171 -0.0170299 -0.308735 -0.62323 
420
0 0 0 0 
2.9408 7.68513 12.9747 16.2887 
0.553626 0.226171 0.146232 0.114496 
424
1 1 1 1 1 1 0 1 0 1 
2.86937 8.38227 6.81617 15.0058 11.6465 18.358 14.1371 18.7172 14.5629 23.0851 
-0.384104 -0.691599 -0.112071 -0.439635 -0.0447126 -0.309719 -0.886397 -0.0115684 -0.622897 0.00442302 
428
0 0 0 0 
2.96054 8.33736 12.4649 17.3558 
0.551322 0.223877 0.14199 0.11431 
432
0 0 0 0 
2.92246 8.13406 12.5167 15.8916 
0.553026 0.221795 0.141498 0.114507 
436
0 0 0 0 
3.11235 8.63305 12.5887 15.178 
0.54269 0.223126 0.146829 0.114877 
428
1 1 1 1 1 0 1 1 0 
2.95123 6.20957 9.11188 14.6166 11.1583 14.3774 21.5741 18.4183 14.5585 
-0.385741 -0.10794 -0.692136 -0.439362 -0.0474911 -0.885098 -0.304201 -0.0170146 -0.623389 
432
1 1 1 1 1 1 1 0 0 
2.85002 7.72706 6.75009 11.2001 13.3884 18.9701 23.2968 15.5447 14.6049 
-0.387805 -0.691519 -0.113198 -0.439605 -0.0415788 -0.0166302 -0.304638 -0.886287 -0.625574 
436
1 1 1 1 1 0 1 1 0 1 
2.80811 9.8355 8.20138 11.2314 13.1746 14.8098 22.4057 19.0119 13.5006 16.0903 
-0.384417 -0.118568 -0.691315 -0.440203 -0.0416239 -0.886559 -0.304722 -0.0164968 -0.622509 0.0113136 
440
0 0 0 0 
3.17007 9.05386 12.3385 16.4584 
0.539675 0.218293 0.142912 0.113437 
444
1 1 1 1 1 1 0 0 1 
3.24351 7.8736 8.62951 11.8312 21.1529 17.1716 14.0769 14.8073 20.295 
-0.389718 -0.691205 -0.115613 -0.440586 -0.304797 -0.0174815 -0.887797 -0.620172 0.0090147 
444
0 0 0 0 
3.24374 7.39856 12.1231 16.5833 
0.536469 0.228453 0.141546 0.114721 
448
0 0 0 0 
2.9082 8.58714 10.1567 8.00513 
0.549451 0.223653 0.152871 0.14444 
448
1 1 1 1 0 1 1 1 1 0 
2.78092 8.204 9.61362 11.7936 14.0251 11.815 25.4009 21.9945 10.6978 16.1908 
-0.382881 -0.115732 -0.692051 -0.441715 -0.885697 -0.0521929 -0.0138491 -0.305832 -0.0389388 -0.624258 
452
1 1 1 1 0 1 1 0 1 
2.84469 7.63722 8.99966 13.065 15.3714 13.0281 21.4731 15.6855 20.2621 
-0.387225 -0.117245 -0.691728 -0.436648 -0.887833 -0.042631 -0.0137305 -0.62193 -0.305686 
456
0 0 0 0 
3.05232 7.08968 13.9824 18.7604 
0.541828 0.228329 0.141955 0.115972 
456
1 1 1 1 0 1 1 1 0 
2.94056 7.48133 8.37319 12.8367 12.8401 12.2645 18.9142 19.1032 14.8145 
-0.388214 -0.117936 -0.692615 -0.437037 -0.891416 -0.0431572 -0.0129647 -0.306553 -0.622068 
460
1 1 1 1 1 0 1 1 0 1 
3.19959 7.81465 12.2302 13.5371 8.88125 13.6137 21.1318 17.2407 16.9243 22.3801 
-0.39556 -0.117903 -0.0496018 -0.437037 -0.692528 -0.890578 -0.0143996 -0.306346 -0.622277 0.0047861 
464
0 0 0 
3.28097 7.88177 13.1209 
0.543008 0.229753 0.143075 
464
1 1 1 1 1 0 1 1 0 
3.08764 7.30713 8.90511 10.6856 13.3511 12.9603 21.0173 18.7686 16.004 
-0.392348 -0.116747 -0.698897 -0.0505886 -0.436985 -0.893963 -0.0148701 -0.30611 -0.628397 
468
0 0 0 
3.05739 6.32846 14.2751 
0.550135 0.233919 0.141321 
468
1 1 1 1 1 0 1 1 0 1 
3.29758 9.13254 9.83046 13.49 12.5326 14.1375 20.2319 19.5726 15.6361 18.6055 
-0.402617 -0.118533 -0.687554 -0.438275 -0.0426148 -0.891037 -0.0138834 -0.305624 -0.62679 0.00260501 
472
1 1 1 1 1 1 0 1 0 
3.31084 8.00333 8.63949 11.6738 12.8827 19.5447 9.32983 21.8991 16.3975 
-0.401564 -0.121978 -0.690495 -0.0498505 -0.441151 -0.0151685 -0.900024 -0.307236 -0.621843 
476
1 1 1 1 1 0 0 1 1 
3.31712 8.26257 9.98326 13.3592 13.0027 16.1202 10.6481 19.0452 20.8691 
-0.407838 -0.116518 -0.690218 -0.440849 -0.0430787 -0.625914 -0.898556 -0.306061 -0.0154821 
476
0 0 0 0 
3.01342 6.86292 12.2812 18.1705 
0.555999 0.230689 0.145349 0.112355 
480
1 1 1 1 1 1 0 0 1 
3.10799 8.33496 9.89983 16.8974 12.8755 14.6756 13.5858 14.4539 22.9468 
-0.4149 -0.118264 -0.694125 -0.054739 -0.440431 -0.31267 -0.898191 -0.624911 -0.0147328 
484
1 1 1 1 1 1 0 1 0 1 
3.25324 8.18837 8.59346 13.8039 13.3952 15.7565 12.005 18.4803 14.3725 18.9584 
-0.411951 -0.120394 -0.697701 -0.313146 -0.0487673 -0.44219 -0.891673 -0.0150329 -0.626806 0.00504069 
484
0 0 0 0 
2.95283 12.7623 8.23944 19.1284 
0.567374 0.144407 0.229416 0.115505 
488
0 0 0 0 
2.69543 12.1045 7.82282 19.2571 
0.575471 0.14503 0.230025 0.114698 
488
1 1 1 1 0 1 1 0 1 
3.05979 7.82261 10.2822 13.5395 10.3653 13.6392 11.6736 13.5728 15.2865 
-0.415851 -0.124261 -0.695085 -0.0481029 -0.89302 -0.0214697 -0.445094 -0.629187 -0.31235 
492
1 1 1 1 0 1 1 0 
3.21021 9.28859 8.96899 14.774 9.62523 21.7961 11.3462 14.4618 
-0.42081 -0.704076 -0.120397 -0.0483139 -0.899876 -0.311609 -0.0214539 -0.629695 
496
1 1 1 1 1 0 1 1 0 
2.57251 8.40826 9.46458 10.9872 12.3108 13.6047 20.4644 14.0991 10.7942 
-0.421807 -0.121032 -0.701751 -0.449848 -0.0464996 -0.628868 -0.311527 -0.0202648 -0.901084 
496
0 0 0 0 
2.81032 6.58351 11.766 17.5592 
0.575047 0.239581 0.146422 0.116434 
500
1 1 1 1 1 1 0 1 0 
3.10258 8.448 9.62178 10.699 21.8368 14.0536 14.4112 10.086 9.09465 
-0.423703 -0.124818 -0.706541 -0.0516395 -0.311734 -0.0209868 -0.629416 -0.457257 -0.905752 
504
0 0 0 0 
2.66369 5.71392 9.85017 18.8501 
0.591502 0.244704 0.144277 0.111669 
504
1 1 1 1 1 1 1 0 1 1 0 
2.86302 8.19971 11.0213 9.32005 10.5268 10.9939 20.2384 15.3896 20.2961 13.1708 7.07676 
-0.434159 -0.124751 -0.454011 -0.705529 -0.44094 -0.0497678 -0.0155039 -0.633223 -0.310539 -0.237684 -0.913252 
508
1 1 1 1 1 1 1 0 1 
2.76137 8.06525 13.0463 8.99411 11.2083 11.2318 16.3423 15.5716 11.5329 
-0.428773 -0.118254 -0.045941 -0.705052 -0.437541 -0.0212238 -0.315396 -0.632781 -0.241285 
512
1 1 1 1 1 1 1 0 1 
3.15414 7.5432 10.0314 12.7568 12.1077 16.7065 21.9341 13.2044 15.8962 
-0.433816 -0.120928 -0.710445 -0.453127 -0.0511667 -0.0156388 -0.311379 -0.634909 -0.236776 
508
0 0 0 
2.79509 6.7674 10.3229 
0.589052 0.239644 0.143914 
512
0 0 0 0 
2.8415 7.7943 9.74576 17.1332 
0.591702 0.230542 0.143103 0.113382 
516
0 0 0 0 
2.5698 7.36988 10.5081 19.6617 
0.617221 0.227099 0.142986 0.112301 
520
0 0 0 
2.76224 7.20425 9.14994 
0.600343 0.231801 0.145359 
520
1 1 1 1 1 0 1 1 
2.79178 7.9442 12.3244 9.80069 12.2889 12.6145 17.2405 20.0801 
-0.438002 -0.121203 -0.454919 -0.709932 -0.0447381 -0.635283 -0.0158766 -0.311275 
524
1 1 1 1 1 1 1 0 1 
2.71021 7.77729 11.7129 9.51632 12.6836 21.358 19.3479 14.8932 16.3817 
-0.444919 -0.125516 -0.455832 -0.713616 -0.0461202 -0.0179463 -0.310621 -0.637543 -0.236173 
524
0 0 0 
2.7916 7.33534 11.7216 
0.604022 0.2365 0.147447 
528
0 0 0 
2.93059 6.74831 9.3998 
0.601155 0.226745 0.145497 
532
1 1 1 1 1 0 1 1 
2.887 7.65824 11.2023 8.74588 13.5703 14.6852 13.6699 18.659 
-0.446005 -0.127358 -0.455228 -0.713277 -0.0476319 -0.638618 -0.0201374 -0.310477 
532
0 0 0 0 
3.07425 7.04431 12.616 19.2295 
0.59328 0.233459 0.145964 0.111378 
536
0 0 0 
2.89197 7.01332 13.0792 
0.605814 0.231437 0.144985 
536
1 1 1 1 1 0 1 1 
2.69168 7.71658 13.0725 9.03776 11.968 12.6341 12.7251 18.2406 
-0.448694 -0.123284 -0.450068 -0.712217 -0.0453425 -0.633551 -0.0199056 -0.311896 
540
0 0 0 0 
2.75873 6.60443 13.3495 18.1717 
0.617573 0.237953 0.148125 0.112669 
540
1 1 1 1 1 1 0 1 
2.73359 6.91612 14.1092 8.22816 12.1235 12.8566 15.3774 16.021 
-0.446605 -0.124565 -0.450235 -0.716179 -0.0452196 -0.0189632 -0.63761 -0.311502 
544
0 0 0 0 
2.50445 5.8455 11.111 18.2775 
0.636807 0.228403 0.147587 0.112251 
544
1 1 1 1 1 1 0 1 
2.7851 7.69772 9.19131 13.9295 14.2477 12.511 14.6628 16.0578 
-0.455602 -0.126196 -0.717777 -0.450553 -0.0207315 -0.0463663 -0.637277 -0.311512 
548
1 1 1 1 1 1 1 0 
2.96133 8.44068 6.48783 12.8905 11.7562 14.5046 21.4712 13.8666 
-0.457645 -0.723541 -0.125241 -0.453411 -0.0510548 -0.0190346 -0.315963 -0.639949 
548
0 0 0 0 
2.57476 6.28573 14.0447 20.2276 
0.628869 0.238785 0.147901 0.111958 
560
1 1 1 1 1 1 1 0 1 
2.43855 6.59295 8.78977 13.1336 13.5757 20.6515 22.9014 14.8909 21.3111 
-0.464161 -0.12553 -0.728291 -0.456742 -0.0471976 -0.315188 -0.0176051 -0.643971 -0.233947 
564
1 1 1 1 1 1 1 0 
2.61202 7.471 9.25353 12.312 17.7442 11.0247 21.4465 14.4941 
-0.470459 -0.127504 -0.728818 -0.0453613 -0.0177767 -0.449964 -0.315032 -0.644686 
552
0 0 
2.55345 7.38728 
0.631574 0.233955 
556
0 0 0 0 
2.46654 7.72232 11.4095 18.2958 
0.634557 0.232 0.1475 0.112928 
560
0 0 0 
2.47479 5.7144 11.4726 
0.635951 0.231138 0.148447 
568
0 0 0 
2.5166 8.16166 11.1311 
0.64852 0.233712 0.147554 
572
0 0 0 0 
2.56317 10.467 7.75487 20.847 
0.649589 0.146794 0.234117 0.110516 
568
1 1 1 1 1 0 1 1 1 1 
2.41577 6.74262 8.3805 14.2492 13.3015 13.8345 15.255 12.1984 12.558 25.0841 
-0.47589 -0.120715 -0.722891 -0.046936 -0.458037 -0.644093 -0.0223439 -0.308548 -0.318946 -0.23589 
572
1 1 1 1 1 0 1 1 1 
2.53361 7.36231 9.28201 11.9581 12.3302 15.0919 18.6332 19.617 28.473 
-0.484628 -0.121034 -0.728383 -0.0451402 -0.457116 -0.644165 -0.0197875 -0.314987 -0.235996 
576
0 0 0 0 
2.45595 6.7239 10.6125 17.1873 
0.658858 0.237957 0.148165 0.113877 
576
1 1 1 1 1 1 1 0 0 
2.64373 7.56373 9.44651 13.2777 11.8819 23.493 21.1949 12.3188 10.5743 
-0.488077 -0.129967 -0.732169 -0.0515719 -0.463385 -0.0199403 -0.319333 -0.643861 -0.658218 
580
0 0 0 0 
2.58626 5.91483 10.3196 18.7466 
0.65198 0.239711 0.14925 0.112147 
584
0 0 0 0 
2.4049 7.28201 9.93614 19.2961 
0.676178 0.240692 0.14899 0.111775 
580
1 1 1 1 1 1 1 0 1 
2.42671 7.09397 9.43297 11.9752 13.0134 18.1356 12.1451 15.1022 20.4386 
-0.48616 -0.124174 -0.735763 -0.0475482 -0.464403 -0.319527 -0.0259224 -0.648928 -0.230202 
588
0 0 0 0 
2.52721 6.59444 10.2227 18.3162 
0.684175 0.23785 0.148683 0.112731 
588
1 1 1 1 1 1 0 1 
2.36459 6.8516 13.5605 8.76781 10.7876 12.6187 12.6797 17.3388 
-0.503255 -0.132365 -0.0237899 -0.739356 -0.0576828 -0.461328 -0.651276 -0.325548 
592
1 1 1 1 1 1 1 0 
2.39574 7.42541 11.0313 9.54168 16.0419 12.1183 21.2857 16.2576 
-0.523024 -0.132551 -0.0553733 -0.739666 -0.0235113 -0.466349 -0.324292 -0.657552 
596
0 0 0 0 
2.69893 7.4061 12.4597 15.8525 
0.687265 0.243863 0.151708 0.119465 
596
1 1 1 1 1 0 1 1 
2.03683 7.75752 8.52596 12.6697 13.3327 13.6006 12.8647 18.5313 
-0.522664 -0.132698 -0.743385 -0.0591625 -0.0240807 -0.65585 -0.47083 -0.323549 
600
0 0 0 0 
2.59608 7.38341 11.6797 18.3158 
0.703558 0.245448 0.154168 0.112593 
604
0 0 0 0 
2.25508 7.19742 11.4906 18.3546 
0.7345 0.247579 0.155274 0.113462 
600
1 1 1 1 1 0 1 1 
2.19463 8.72259 7.52879 13.2901 18.2286 15.1638 20.3602 10.5259 
-0.542029 -0.758213 -0.146027 -0.0541466 -0.0224721 -0.659405 -0.328228 -0.470151 
604
1 1 1 0 1 1 1 1 1 
2.15024 9.49188 7.94611 17.1679 12.4182 14.1943 17.238 21.3975 17.2646 
-0.545994 -0.75608 -0.139224 -0.663947 -0.0576198 -0.472983 -0.0215027 -0.328274 -0.238667 
608
0 0 0 0 
2.25826 7.12114 11.74 18.0883 
0.740508 0.247359 0.145457 0.114655 
612
0 0 0 0 
2.41199 7.90341 11.9015 19.0544 
0.746508 0.250774 0.154358 0.113249 
608
1 1 1 1 1 1 1 0 1 
2.08823 7.18286 9.06009 21.7463 12.6774 8.56255 11.9738 17.2404 27.2537 
-0.5543 -0.145164 -0.766241 -0.32838 -0.0294217 -0.480053 -0.0611696 -0.661753 -0.242026 
616
1 1 1 1 1 0 1 1 1 
2.19675 7.05632 9.03814 11.4318 9.88645 14.4735 13.4205 18.76 14.5059 
-0.584982 -0.145033 -0.774242 -0.0588311 -0.472036 -0.670345 -0.0293123 -0.335335 -0.237699 
616
0 0 0 0 
2.18475 6.10578 12.5134 18.2879 
0.77263 0.257976 0.151613 0.114605 
620
1 1 1 1 0 1 1 1 
2.26872 5.11912 8.83303 10.7028 14.0611 14.9655 16.4573 16.9995 
-0.609113 -0.145557 -0.777111 -0.051823 -0.674964 -0.480178 -0.0278238 -0.334366 
624
1 1 1 1 1 0 1 1 1 
2.19255 7.19701 9.32895 10.6871 14.486 11.6161 12.0182 13.222 15.1113 
-0.618139 -0.154997 -0.784578 -0.0619685 -0.0272364 -0.672189 -0.482981 -0.341589 -0.24339 
624
0 0 0 0 
1.80496 6.13397 11.1442 19.2376 
0.840166 0.253979 0.152775 0.113643 
628
0 0 0 0 
2.21847 5.4148 11.4176 18.3089 
0.812053 0.265284 0.153337 0.114587 
632
1 1 1 1 1 1 1 0 1 
2.31833 5.85174 10.4186 12.3067 21.3128 18.5615 14.5496 14.3286 26.9429 
-0.654227 -0.148391 -0.792609 -0.0606753 -0.023326 -0.339169 -0.488701 -0.677962 -0.247473 
632
0 0 0 0 
2.06859 6.84951 11.253 20.2986 
0.847186 0.26092 0.148571 0.114502 
636
0 0 0 0 
2.0349 6.50473 11.3264 17.1328 
0.869613 0.265277 0.149681 0.112218 
636
1 1 1 1 1 1 0 1 0 1 
2.19497 6.14445 9.24718 11.0959 17.6604 11.2268 14.381 14.5013 14.2877 20.2814 
-0.673931 -0.158531 -0.797753 -0.0614153 -0.0274077 -0.491853 -0.685066 -0.34084 -0.681835 -0.244494 
640
1 1 1 1 0 0 1 1 1 
1.95212 6.28498 9.12388 13.1156 13.2474 26.0514 16.9005 19.205 10.4934 
-0.695136 -0.153554 -0.804629 -0.0616078 -0.68636 -0.681332 -0.0256788 -0.34274 -0.503482 
644
1 1 1 1 1 1 0 1 
2.13229 6.28187 9.05108 13.3951 10.8074 15.0855 11.0056 17.0746 
-0.717863 -0.159058 -0.808642 -0.494081 -0.0644162 -0.341512 -0.68804 -0.0268557 
644
0 0 0 0 
6.01116 1.71823 10.04 18.3278 
0.266243 0.932101 0.15921 0.111526 
648
0 0 0 0 
1.97012 6.42302 12.406 12.3772 
0.931702 0.268839 0.149457 0.125927 
648
1 1 1 1 1 1 1 0 1 
1.93518 6.40223 8.4615 9.45391 12.4991 15.0373 18.3593 17.3094 23.005 
-0.737997 -0.15785 -0.810101 -0.0680048 -0.499847 -0.347841 -0.0290502 -0.695963 -0.00336931 
652
0 0 0 0 
6.03252 3.02447 11.5323 17.2233 
0.269843 0.91334 0.150657 0.112174 
656
0 0 0 0 
6.42152 11.0513 2.90189 14.708 
0.272714 0.156719 0.95725 0.115499 
660
0 0 0 0 
5.72129 10.2105 2.67731 16.4891 
0.280019 0.169142 0.993533 0.116967 
652
1 1 1 1 1 0 1 1 0 1 
1.69878 5.78464 8.74717 14.3712 15.8702 15.8481 13.2033 15.9801 12.6321 14.2211 
-0.754698 -0.163512 -0.822264 -0.0615771 -0.346346 -0.69303 -0.504778 -0.0277389 -0.700384 -0.253665 
656
1 1 1 1 0 1 1 0 1 1 
1.95291 7.04359 9.10927 12.7057 11.9182 17.6479 12.5396 14.2464 20.9624 22.5926 
-0.781976 -0.16938 -0.82944 -0.0639429 -0.695782 -0.0263411 -0.353265 -0.703555 -0.254928 -0.00630771 
664
1 1 1 1 1 1 1 0 
6.10628 12.7955 7.9466 14.3278 10.7732 13.7933 22.5213 14.9371 
-0.176631 -0.0640685 -0.837807 -0.0244395 -0.509473 -0.350483 -0.00706069 -0.713256 
664
0 0 0 0 
6.67307 10.3131 2.80204 12.4744 
0.275088 0.160052 0.963334 0.125057 
668
0 0 0 
6.16921 12.4118 12.6064 
0.283784 0.158383 0.123399 
668
1 1 1 1 1 1 0 1 1 1 
6.26223 6.68846 2.24184 12.3631 15.574 15.848 12.7045 12.7212 20.2682 12.9294 
-0.176392 -0.845036 -0.862203 -0.0679963 -0.0286006 -0.354262 -0.71829 -0.515683 -0.00599829 -0.265563 
672
1 1 1 1 1 1 1 0 1 1 
6.1057 8.72733 11.99 17.219 10.65 3.72318 14.875 12.2065 13.738 20.3989 
-0.179151 -0.854072 -0.0708903 -0.031737 -0.523564 -0.920912 -0.350584 -0.716185 -0.271272 -0.00685601 
676
0 0 0 
5.54467 12.6169 13.5604 
0.289715 0.158756 0.11973 
676
1 1 1 1 1 1 0 1 1 
6.52377 7.70553 10.4107 15.402 14.7997 11.4655 13.5908 11.9535 23.6472 
-0.180211 -0.854905 -0.0689736 -0.031751 -0.353457 -0.528878 -0.72098 -0.269732 -0.0083146 
680
0 0 0 0 
4.59896 9.51633 13.4696 21.536 
0.302617 0.167245 0.12736 0.0906317 
680
1 1 1 1 0 1 1 1 1 
6.62655 7.15242 11.1184 11.9027 13.8587 10.7628 14.9771 28.1321 23.3677 
-0.180089 -0.869491 -0.0682647 -0.357329 -0.724452 -0.527396 -0.0281433 -0.259905 -0.00744163 
684
0 0 0 0 
5.50511 11.5179 12.9922 21.1796 
0.298097 0.163671 0.126943 0.0900006 
684
1 1 1 1 1 0 1 1 
5.17904 8.11547 12.721 17.3103 11.6569 11.9771 17.5168 23.1861 
-0.188295 -0.881737 -0.0696295 -0.0326594 -0.531654 -0.733638 -0.36405 -0.00899201 
688
1 1 1 1 0 1 1 1 1 
5.96916 8.11267 14.9775 11.2573 11.6846 9.34522 13.5627 20.7274 16.3223 
-0.192418 -0.890678 -0.0274222 -0.0738738 -0.734201 -0.543647 -0.356512 -0.0115106 -0.260332 
692
0 0 0 
10.9184 14.1468 22.3308 
0.164751 0.125713 0.0898353 
692
1 1 1 1 1 0 1 1 
5.89762 13.006 8.10108 10.1916 11.2038 12.675 12.6415 16.589 
-0.188373 -0.031885 -0.905195 -0.0701771 -0.539521 -0.742287 -0.371369 -0.26659 
696
0 0 0 
5.42178 10.5551 12.6143 
0.307091 0.167211 0.128677 
696
1 1 1 1 0 1 1 1 
5.35843 14.5297 10.8936 11.0677 14.4104 12.6363 13.1854 17.1717 
-0.187542 -0.0282475 -0.542685 -0.0709107 -0.74781 -0.374474 -0.263796 -0.362929 
700
1 1 1 1 0 1 1 
5.64887 11.9271 12.1333 9.20275 14.876 14.9574 19.3563 
-0.199005 -0.0310326 -0.547644 -0.0728906 -0.746387 -0.370505 -0.265552 
700
0 0 
5.69247 10.8216 
0.320467 0.167414 
704
0 0 0 0 
4.76591 10.8205 15.1808 23.72 
0.328111 0.171585 0.130088 0.0901268 
704
1 1 0 1 1 1 1 
4.62002 17.8565 12.8604 9.77549 10.5608 10.0477 12.0495 
-0.210725 -0.0321003 -0.749408 -0.0759596 -0.555254 -0.382686 -0.373089 
712
0 0 0 0 
4.62161 9.73785 11.06 16.4316 
0.328078 0.169285 0.137716 0.0884996 
716
0 0 0 
4.86908 9.73882 15.9827 
0.344125 0.176629 0.123423 
720
0 0 0 0 
4.80559 9.93127 15.3001 21.2292 
0.354293 0.181717 0.125808 0.0906885 
712
1 1 1 1 0 1 1 0 
4.93057 9.61738 11.1215 15.0809 11.5295 12.9696 10.0664 20.2618 
-0.209283 -0.0811194 -0.563163 -0.0310705 -0.755247 -0.376534 -0.379622 -0.545802 
724
0 0 0 
4.80777 10.4798 15.3846 
0.352967 0.182062 0.133965 
716
1 1 1 0 1 1 
4.78913 9.70788 9.9151 14.0492 15.3719 14.1947 
-0.216802 -0.0831793 -0.562389 -0.763923 -0.0327829 -0.383915 
720
1 1 1 1 0 1 1 
5.23025 9.96075 10.1162 17.942 14.6207 11.8748 15.3686 
-0.213548 -0.0826686 -0.577182 -0.0317242 -0.767876 -0.375261 -0.0169084 
728
0 0 0 
4.03131 9.83335 12.9192 
0.372706 0.184072 0.127755 
728
1 1 1 1 0 1 0 1 
4.49881 9.74409 14.7314 9.53498 12.1847 13.4721 16.5163 15.9165 
-0.232456 -0.582117 -0.0325433 -0.0826205 -0.781564 -0.385825 -0.548875 -0.27198 
732
0 0 0 
4.6437 10.9339 10.8517 
0.364768 0.182819 0.127961 
732
1 1 0 1 1 1 
4.26513 8.85709 11.0675 13.7838 11.3075 19.775 
-0.23646 -0.0870716 -0.779373 -0.0312821 -0.586766 -0.279138 
736
0 0 0 
3.86249 9.14758 12.481 
0.384272 0.182664 0.126093 
740
0 0 0 
3.87305 9.58656 15.8531 
0.395864 0.188069 0.136015 
740
1 1 1 1 0 1 0 1 1 1 
4.16255 8.55411 9.20988 14.8046 13.3754 17.7546 15.4161 14.784 20.9161 11.2848 
-0.250995 -0.0827506 -0.594592 -0.0366448 -0.795576 -0.281535 -0.564778 -0.383631 -0.00969848 -0.399253 
744
0 0 0 
3.8077 9.49256 12.3875 
0.396234 0.192896 0.141715 
748
1 1 1 1 1 0 1 
3.84998 9.98486 11.3577 16.0043 12.6983 14.0864 19.2312 
-0.259519 -0.0871044 -0.60236 -0.036236 -0.390482 -0.805041 -0.0135104 
748
0 0 0 
3.91186 6.99246 14.6506 
0.405583 0.193459 0.138432 
752
0 0 0 
3.65798 9.26114 13.5232 
0.415717 0.195787 0.141022 
756
1 1 1 1 1 1 0 1 
3.6319 8.68824 8.62626 14.6259 13.3387 16.4497 15.9934 18.1258 
-0.274627 -0.0932519 -0.611928 -0.0321256 -0.403048 -0.284229 -0.574414 -0.0156705 
756
0 0 0 
4.16025 8.41883 15.4258 
0.412522 0.199908 0.134786 
760
1 1 1 1 1 0 1 
3.93781 9.09621 12.3816 10.9481 15.6364 14.2028 14.8068 
-0.276468 -0.092003 -0.0365934 -0.622087 -0.286322 -0.831025 -0.402615 
760
0 0 0 
3.70487 8.76194 12.6656 
0.432247 0.203453 0.142343 
764
0 0 0 0 
3.97964 8.74505 13.783 9.6121 
0.439045 0.205348 0.131478 0.14299 
768
0 0 0 0 0 
3.98092 9.05683 14.6443 9.60642 18.5583 
0.431483 0.203732 0.135622 0.140635 0.10416 
768
1 1 1 1 0 1 1 0 1 
3.78986 10.422 8.90709 14.4884 12.173 15.6076 16.1025 14.733 18.4377 
-0.293518 -0.635373 -0.0919504 -0.0421843 -0.835429 -0.41804 -0.297784 -0.5854 -0.0188696 
772
1 0 1 1 1 1 1 0 
3.75225 11.2653 7.9276 9.15949 13.0879 13.1265 15.6979 11.2708 
-0.298177 -0.841105 -0.0946037 -0.635332 -0.0385071 -0.408424 -0.296537 -0.585446 
772
0 0 0 0 0 
3.69785 8.77607 13.0297 13.336 14.8846 
0.449065 0.206824 0.14173 0.135879 0.10879 
776
1 1 1 1 1 0 1 1 0 
3.45087 7.85803 9.7121 15.5568 11.6937 13.1904 19.2555 17.8117 16.0421 
-0.307708 -0.0978955 -0.652688 -0.041093 -0.423402 -0.846058 -0.0161966 -0.297213 -0.593901 
776
0 0 0 0 
3.38791 10.0592 9.82395 11.8614 
0.470731 0.204007 0.139875 0.142647 
780
1 1 1 1 0 1 1 1 0 
3.30705 9.22223 10.6697 14.1341 10.2342 11.5816 20.0263 14.3624 16.2252 
-0.319134 -0.647384 -0.0988668 -0.0426402 -0.855693 -0.423516 -0.294722 -0.0165709 -0.603042 
784
0 0 0 0 0 
2.96395 9.51761 7.86441 18.7956 14.3671 
0.50555 0.211734 0.142005 0.10563 0.140163 
784
1 1 1 1 0 0 1 1 1 
3.0342 6.93206 16.8398 9.53788 12.8476 11.9149 20.1794 20.0763 14.904 
-0.333017 -0.09644 -0.0406157 -0.662233 -0.863341 -0.604254 -0.300179 -0.016579 -0.421625 
788
1 1 1 0 1 1 1 0 1 
3.12869 9.80294 9.44328 12.3461 12.9594 13.4287 18.1279 12.8487 16.7238 
-0.336055 -0.664333 -0.100672 -0.869199 -0.0423798 -0.425143 -0.299013 -0.610888 -0.0170471 
788
0 0 0 0 
3.08814 9.25456 12.9417 17.2689 
0.519946 0.209755 0.145231 0.107227 
792
1 1 1 1 0 1 1 1 0 
3.62047 8.84999 10.2069 11.6333 11.3156 12.6307 18.1569 16.0396 11.7409 
-0.349062 -0.10281 -0.670318 -0.0371524 -0.87 -0.429547 -0.304687 -0.0123262 -0.618253 
792
0 0 0 0 
3.43976 8.34422 13.8185 18.3374 
0.518278 0.218896 0.145523 0.107274 
796
1 1 1 0 1 1 1 0 
3.26904 7.88691 10.2771 13.6789 13.3546 13.5451 16.2974 18.2198 
-0.367438 -0.108478 -0.678303 -0.880979 -0.0396091 -0.433007 -0.018896 -0.613776 
800
1 1 1 0 1 0 1 1 1 
3.26867 7.42897 14.0487 13.1745 14.6137 14.227 8.5399 14.6645 13.7216 
-0.373027 -0.105226 -0.0399728 -0.89092 -0.436745 -0.614839 -0.684971 -0.0178889 -0.305661 
800
0 0 0 0 
3.07256 7.77365 12.3603 15.154 
0.553132 0.224569 0.147504 0.104848 
804
0 0 0 0 
2.91451 6.62673 11.6262 14.2547 
0.571719 0.235755 0.14938 0.106489 
808
0 0 0 0 
2.99423 6.24121 11.2749 18.8824 
0.575564 0.237005 0.15004 0.106415 
804
1 1 1 1 1 0 1 1 0 
3.03314 7.36607 8.01913 9.9831 12.1036 12.9726 19.4567 11.9192 13.0123 
-0.384687 -0.110936 -0.688656 -0.432641 -0.0412818 -0.894096 -0.312589 -0.0182887 -0.614797 
812
1 1 1 1 1 1 0 1 
2.58162 13.2415 7.79636 13.0238 7.95198 11.6841 13.0819 20.9752 
-0.417847 -0.45644 -0.118484 -0.0449305 -0.712031 -0.441449 -0.626918 -0.315479 
816
1 1 1 1 1 1 0 
2.71956 6.49482 9.24074 11.9091 17.1069 12.0811 16.3066 
-0.424338 -0.110904 -0.714447 -0.0441406 -0.315489 -0.452428 -0.635625 
812
0 0 0 
2.77032 6.87138 11.9279 
0.596951 0.232516 0.145664 
816
0 0 0 0 
3.11612 7.06705 10.8189 16.9691 
0.614385 0.23799 0.157741 0.103722 
820
0 0 0 0 
2.81023 6.46597 10.4257 16.2054 
0.629148 0.239093 0.158853 0.106518 
820
1 1 1 1 0 1 1 1 
3.06216 7.27818 9.96478 11.1025 15.134 20.8708 14.9075 12.8811 
-0.451483 -0.121529 -0.721783 -0.047853 -0.638542 -0.318149 -0.452713 -0.025036 
824
1 1 1 1 1 0 1 1 
2.44741 7.01432 9.11832 12.6533 12.6869 14.0362 15.867 14.8734 
-0.466339 -0.115869 -0.725861 -0.0469047 -0.458873 -0.639832 -0.323085 -0.024309 
824
0 0 0 0 
2.85147 7.65027 12.1022 14.6442 
0.641878 0.235558 0.155055 0.107201 
828
0 0 0 0 
2.28631 6.99412 11.0895 17.0477 
0.699004 0.243514 0.152781 0.105795 
832
1 1 1 1 1 1 0 1 1 
2.32131 7.75102 12.5998 8.99966 13.4217 14.998 14.1067 12.243 20.6924 
-0.498025 -0.121965 -0.0506718 -0.739986 -0.0238162 -0.462212 -0.65255 -0.331864 -0.242786 
836
0 0 0 0 
2.58802 7.06756 10.5174 15.6296 
0.720182 0.246543 0.161011 0.107285 
840
0 0 0 0 
2.04781 6.75442 12.8152 14.808 
0.77776 0.255126 0.156461 0.107498 
836
1 1 1 1 1 1 1 1 
2.18777 8.47384 7.90087 12.2377 14.0314 12.6938 18.7218 22.2686 
-0.523834 -0.751411 -0.130522 -0.0559375 -0.0238478 -0.470492 -0.324298 -0.242971 
840
1 1 1 1 1 0 1 1 
8.06373 2.01933 8.72519 11.2946 19.1823 15.1049 16.7385 11.183 
-0.126716 -0.536102 -0.759224 -0.0589626 -0.0230683 -0.662617 -0.321283 -0.470614 
844
0 0 0 0 
2.14741 5.98767 12.2445 15.6528 
0.792739 0.266222 0.157483 0.106529 
848
1 1 1 1 1 1 1 
1.72533 5.93998 8.31706 11.6213 16.0925 10.6286 12.0829 
-0.583856 -0.125444 -0.77011 -0.0537178 -0.0226163 -0.474117 -0.339649 
848
0 0 0 0 
2.16 6.45482 11.1152 18.3878 
0.812599 0.262671 0.156699 0.11116 
852
1 1 1 1 1 1 0 1 
2.09838 5.81709 8.8678 11.6958 15.1583 17.9494 16.6336 9.00208 
-0.619037 -0.138349 -0.780358 -0.0578982 -0.0281392 -0.336634 -0.674315 -0.477048 
852
0 0 0 0 
1.85638 7.74092 12.5516 17.0413 
0.864656 0.256058 0.154848 0.11276 
856
1 1 1 1 1 1 0 1 
1.97323 5.65616 8.90078 13.4667 11.1249 18.5472 12.6173 11.6919 
-0.653273 -0.140509 -0.792177 -0.0286398 -0.0566577 -0.335967 -0.676637 -0.492881 
860
0 0 0 0 
2.16947 6.28488 13.4572 16.9876 
0.895968 0.26607 0.154376 0.113084 
860
1 1 1 1 1 1 1 0 1 
1.91994 5.68199 7.39225 12.1941 15.508 11.6387 13.6489 15.0384 18.0655 
-0.681567 -0.139263 -0.795848 -0.0582934 -0.0293175 -0.493107 -0.342965 -0.680643