0
1 
2.97759 
-0.298524 
4
1 
3.14211 
-0.302721 
0
0 
2.99842 
0.560894 
4
0 
3.44259 
0.546671 
8
1 0 
3.1669 2.38136 
-0.307102 -0.654111 
8
0 
3.44332 
0.544724 
12
1 0 
3.1306 2.0965 
-0.300667 -0.644526 
12
0 
3.58639 
0.539335 
16
1 0 
2.94521 2.82582 
-0.313435 -0.627752 
16
0 
3.28854 
0.546196 
20
1 0 
3.00485 2.79185 
-0.301701 -0.624726 
20
0 
3.49785 
0.542281 
24
1 0 
3.06772 2.19908 
-0.303241 -0.643911 
24
0 
3.21868 
0.551184 
28
1 0 
3.09739 2.8354 
-0.301882 -0.624404 
28
0 
3.22912 
0.548912 
32
1 0 
2.96773 2.41973 
-0.304219 -0.644825 
32
0 
3.31638 
0.551332 
36
1 0 
3.70501 2.66772 
-0.299307 -0.635884 
36
0 
3.35392 
0.544194 
40
1 0 
3.66742 2.12744 
-0.306091 -0.637244 
40
0 
3.27339 
0.549327 
44
1 0 
3.24166 1.9692 
-0.303096 -0.650127 
44
0 
3.54562 
0.539732 
48
1 0 
3.32056 2.39879 
-0.308975 -0.645868 
52
0 
3.15462 
0.550408 
56
1 0 
3.20083 2.30593 
-0.306707 -0.643261 
56
0 
3.26966 
0.553738 
60
1 0 
3.5161 2.59213 
-0.305683 -0.635228 
60
0 
3.66366 
0.55548 
64
1 0 
3.00402 2.38988 
-0.300929 -0.646506 
64
0 
3.31071 
0.547161 
68
1 0 
3.26622 2.2632 
-0.303661 -0.642286 
68
0 
3.47715 
0.545402 
72
1 0 
3.09464 2.21287 
-0.302902 -0.643506 
76
0 
3.54275 
0.538484 
80
1 0 
3.40954 2.27734 
-0.305666 -0.643072 
80
0 
3.35416 
0.545989 
84
1 0 
3.84062 2.03414 
-0.306145 -0.64998 
84
0 
2.80517 
0.559424 
88
1 0 
2.96518 2.77177 
-0.300083 -0.623601 
88
0 
3.44879 
0.560889 
92
1 0 
3.13514 2.14815 
-0.305883 -0.647266 
92
0 
3.31497 
0.542925 
100
1 0 
3.54397 2.70277 
-0.305237 -0.624373 
100
0 
3.37456 
0.556289 
104
1 0 
2.98459 2.97322 
-0.304759 -0.616775 
104
0 
3.53596 
0.539807 
108
1 0 
3.42254 2.62462 
-0.305577 -0.639819 
108
0 
3.46803 
0.546963 
112
1 0 
3.1166 2.20349 
-0.302206 -0.64341 
112
0 
3.52329 
0.54013 
116
1 0 
3.24698 2.49039 
-0.301589 -0.640001 
116
0 
3.29129 
0.54654 
124
1 0 
3.25206 2.11548 
-0.316857 -0.646652 
124
0 
3.4041 
0.543979 
128
1 0 
3.05168 2.08605 
-0.302913 -0.649135 
128
0 
3.21571 
0.548116 
132
0 
3.54698 
0.538279 
132
1 0 
3.02477 2.0213 
-0.303669 -0.652239 
136
1 0 
3.37308 2.66223 
-0.304045 -0.619623 
136
0 
3.39118 
0.543591 
140
0 
3.26552 
0.544466 
140
1 0 
3.3432 2.31086 
-0.295723 -0.64355 
148
1 0 
3.35782 2.06425 
-0.311594 -0.648098 
148
0 
3.38727 
0.541467 
152
0 
3.25999 
0.548859 
152
1 0 
3.39214 1.98846 
-0.308279 -0.635911 
156
1 0 
3.36712 2.26381 
-0.307394 -0.642953 
156
0 
3.36998 
0.546833 
160
1 0 
3.47308 2.88196 
-0.303055 -0.623232 
160
0 
3.3289 
0.542066 
164
0 
3.57825 
0.543979 
164
1 0 
3.27282 2.19375 
-0.30413 -0.643508 
172
1 0 
3.2327 2.64792 
-0.304964 -0.644684 
172
0 
3.55965 
0.541639 
176
1 0 
3.09575 2.1678 
-0.302498 -0.642117 
176
0 
3.20183 
0.550607 
180
0 
3.24589 
0.547498 
180
1 0 
3.10495 2.35639 
-0.302308 -0.643932 
184
0 
3.52745 
0.546644 
184
1 0 
3.04011 2.13923 
-0.304451 -0.654381 
192
1 0 
3.18703 2.58758 
-0.304391 -0.637837 
192
0 
3.27481 
0.547285 
196
0 
3.39549 
0.542825 
196
1 0 
3.17026 1.98556 
-0.30224 -0.654554 
200
0 
3.27762 
0.546968 
200
1 0 
3.14594 2.08056 
-0.304394 -0.644035 
204
0 
3.24438 
0.546214 
204
1 0 
3.44517 2.20767 
-0.304355 -0.640127 
208
0 
3.52471 
0.538634 
208
1 0 
2.9136 2.16168 
-0.300816 -0.64665 
216
1 0 
3.33536 1.95179 
-0.303297 -0.647362 
216
0 
3.41508 
0.539304 
220
1 0 
3.11155 3.10682 
-0.305319 -0.626132 
220
0 
3.21171 
0.547377 
224
0 
3.35872 
0.543331 
224
1 0 
3.41545 2.31734 
-0.308017 -0.639443 
228
0 
3.30653 
0.547388 
228
1 0 
3.1579 2.14201 
-0.30336 -0.647594 
232
0 
3.29398 
0.547152 
232
1 0 
3.08844 3.04895 
-0.311731 -0.630894 
240
0 
3.25452 
0.547552 
240
1 0 
3.22115 2.79542 
-0.305064 -0.63055 
244
1 0 
3.21125 2.19137 
-0.305747 -0.63934 
244
0 
3.42418 
0.541751 
248
1 0 
3.29594 2.00836 
-0.304469 -0.640906 
248
0 
3.63653 
0.537482 
252
1 0 
3.00671 2.49112 
-0.302428 -0.63715 
252
0 
3.31159 
0.548018 
260
0 
3.57505 
0.536661 
260
1 0 
3.02371 2.67392 
-0.307374 -0.63447 
264
0 
3.41832 
0.542273 
264
1 0 
3.24305 2.19508 
-0.307601 -0.644545 
268
1 0 
3.37999 2.02498 
-0.304084 -0.640837 
268
0 
3.50965 
0.553486 
272
1 0 
3.09351 2.06397 
-0.303186 -0.654455 
272
0 
3.17554 
0.552601 
276
1 0 
3.12743 2.78236 
-0.304063 -0.623509 
276
0 
3.71184 
0.540861 
284
1 0 
3.57364 2.21374 
-0.302992 -0.647632 
284
0 
3.43835 
0.541065 
288
1 0 
3.16578 2.29115 
-0.304498 -0.643557 
288
0 
3.38806 
0.543127 
292
1 0 
2.93443 2.78042 
-0.299924 -0.623417 
292
0 
3.31452 
0.554025 
296
1 0 
3.094 2.46363 
-0.301164 -0.641123 
296
0 
3.37997 
0.547638 
300
1 0 
3.21575 2.48386 
-0.303526 -0.639309 
300
0 
3.34159 
0.543995 
308
1 0 
3.13717 2.49772 
-0.304052 -0.640074 
308
0 
3.51357 
0.54397 
312
0 
3.5907 
0.536323 
312
1 0 
3.0234 2.81163 
-0.302446 -0.621108 
316
1 0 
2.98551 2.02376 
-0.306748 -0.645137 
316
0 
3.3592 
0.543149 
320
1 0 
3.43384 2.96249 
-0.306234 -0.629472 
320
0 
3.48498 
0.54067 
324
1 0 
2.96464 2.36514 
-0.303508 -0.641105 
324
0 
3.20253 
0.552806 
332
0 
2.65591 
0.573749 
332
1 0 
3.67064 2.58589 
-0.308112 -0.640276 
336
0 
3.67102 
0.557416 
336
1 0 
3.15462 2.11811 
-0.306923 -0.647607 
340
0 
3.19033 
0.552827 
340
1 0 
3.20584 2.25328 
-0.315253 -0.64324 
344
0 
3.33289 
0.550209 
344
1 0 
3.97045 1.91586 
-0.306868 -0.646836 
352
0 
3.40186 
0.543194 
352
1 0 
3.03999 2.28025 
-0.302167 -0.647602 
356
1 0 
3.43197 2.0504 
-0.30435 -0.641079 
356
0 
3.46412 
0.543766 
360
0 
3.23119 
0.553776 
360
1 0 
2.92712 2.40211 
-0.314418 -0.647177 
364
0 
3.32745 
0.54658 
364
1 0 
3.18441 2.77591 
-0.30411 -0.622125 
368
0 
2.73781 
0.565411 
368
1 0 
3.15559 2.27534 
-0.30382 -0.64669 
376
1 0 
3.00729 2.17585 
-0.301266 -0.646147 
376
0 
3.29002 
0.546924 
380
1 0 
3.08352 2.19442 
-0.306639 -0.646643 
380
0 
3.60982 
0.542584 
384
1 0 
3.4547 2.297 
-0.313212 -0.643997 
384
0 
3.49879 
0.540605 
388
0 
3.39865 
0.55227 
388
1 0 
3.43287 2.62037 
-0.304984 -0.613436 
392
0 
3.52459 
0.542378 
392
1 0 
3.65899 2.25269 
-0.304543 -0.643536 
400
1 0 
3.09389 2.75766 
-0.303239 -0.642084 
400
0 
3.37767 
0.541154 
404
0 
3.53435 
0.540439 
404
1 0 
3.122 2.12914 
-0.303677 -0.641347 
408
0 
3.43782 
0.549131 
408
1 0 
3.37157 2.20078 
-0.306317 -0.638499 
412
0 
3.24756 
0.547982 
412
1 0 
3.0289 2.35224 
-0.299545 -0.643656 
420
0 
3.16459 
0.552535 
420
1 0 
3.32134 2.57773 
-0.303387 -0.643405 
424
1 0 
3.40846 2.60299 
-0.307305 -0.639126 
424
0 
3.37563 
0.544485 
428
0 
3.16771 
0.551185 
428
1 0 
2.96378 2.85389 
-0.305302 -0.62325 
432
0 
3.26178 
0.54809 
432
1 0 
3.52071 2.29985 
-0.306261 -0.640466 
436
1 0 
3.26343 2.19581 
-0.311251 -0.63935 
436
0 
3.21949 
0.550708 
444
0 
3.0882 
0.554025 
444
1 0 
2.97542 2.75215 
-0.301967 -0.622534 
448
1 0 
3.09576 2.25963 
-0.303439 -0.6295 
448
0 
3.58114 
0.55496 
452
0 
3.56431 
0.550418 
452
1 0 
3.04962 2.30247 
-0.306979 -0.631983 
456
1 0 
3.18021 2.35127 
-0.303534 -0.610143 
456
0 
3.31575 
0.54871 
460
0 
3.37853 
0.544604 
460
1 0 
3.20088 2.15937 
-0.301363 -0.633612 
468
0 
3.26719 
0.549945 
468
1 0 
3.25182 2.74224 
-0.302265 -0.622594 
472
1 0 
3.0087 2.04773 
-0.302618 -0.637755 
472
0 
3.67206 
0.548387 
476
1 0 
3.16885 1.91385 
-0.302165 -0.64987 
476
0 
3.63779 
0.547747 
480
0 
3.32488 
0.545705 
480
1 0 
3.49951 2.38048 
-0.30594 -0.65081 
484
0 
3.12576 
0.553747 
484
1 0 
3.07323 2.74646 
-0.300771 -0.626781 
492
0 
3.44285 
0.547796 
492
1 0 
3.21867 2.89832 
-0.305031 -0.622965 
496
0 
2.92049 
0.559429 
496
1 0 
3.15495 2.5885 
-0.311168 -0.635877 
500
0 
3.30702 
0.544162 
500
1 0 
3.13262 2.92709 
-0.303929 -0.61716 
504
1 0 
3.72684 2.36781 
-0.299475 -0.63595 
504
0 
3.26281 
0.55103 
512
0 
3.36825 
0.542092 
512
1 0 
3.05236 2.3838 
-0.304208 -0.636941 
516
0 
3.32692 
0.546153 
516
1 0 
3.49672 2.95843 
-0.305567 -0.626801 
520
1 0 
3.4197 2.19353 
-0.304664 -0.650066 
520
0 
3.44125 
0.543533 
524
1 0 
3.26754 2.25168 
-0.307686 -0.637462 
524
0 
2.73301 
0.566388 
528
0 
2.97671 
0.558202 
528
1 0 
3.42153 2.76829 
-0.316157 -0.628655 
536
0 
3.02506 
0.556902 
536
1 0 
3.43137 2.28591 
-0.306401 -0.641579 
540
0 
3.56676 
0.5603 
540
1 0 
3.29174 2.39592 
-0.29863 -0.643461 
544
0 
3.59062 
0.539361 
544
1 0 
3.50257 2.19518 
-0.305499 -0.646649 
548
0 
3.38555 
0.543414 
548
1 0 
3.43084 2.19593 
-0.305216 -0.639874 
552
0 
3.47623 
0.545088 
552
1 0 
3.17885 2.29293 
-0.302314 -0.642908 
560
0 
3.36181 
0.550236 
560
1 0 
2.98861 2.38671 
-0.299185 -0.642536 
564
0 
3.08701 
0.563493 
564
1 0 
3.21318 2.30907 
-0.303149 -0.638848 
568
1 0 
3.8937 2.30268 
-0.308628 -0.645806 
568
0 
3.11326 
0.552271 
572
1 0 
2.96193 2.60434 
-0.301466 -0.641774 
572
0 
3.0962 
0.552094 
580
0 
3.34765 
0.543923 
580
1 0 
3.29972 2.53387 
-0.294735 -0.640952 
584
1 0 
3.20487 2.28186 
-0.303997 -0.639133 
584
0 
3.20168 
0.550225 
588
0 
3.15938 
0.550422 
588
1 0 
3.2822 2.17842 
-0.305038 -0.648039 
592
1 0 
3.38206 2.70259 
-0.312862 -0.639172 
592
0 
3.4884 
0.539067 
596
1 0 
3.27987 2.40327 
-0.303559 -0.643052 
596
0 
3.00785 
0.556287 
604
0 
3.26912 
0.546761 
604
1 0 
3.09857 2.30007 
-0.30121 -0.649413 
608
1 0 
3.49887 2.59609 
-0.309262 -0.640595 
608
0 
3.27022 
0.547867 
612
1 0 
3.13174 2.9851 
-0.304201 -0.624328 
612
0 
3.49017 
0.539769 
616
1 0 
3.14802 2.14883 
-0.302723 -0.648815 
616
0 
3.36536 
0.543732 
620
0 
3.21449 
0.549838 
620
1 0 
3.24074 2.79119 
-0.306477 -0.631305 
628
1 0 
3.2099 2.41232 
-0.305922 -0.642665 
628
0 
3.54814 
0.538641 
632
0 
3.33648 
0.550566 
632
1 0 
3.09462 2.6345 
-0.306182 -0.625866 
636
1 0 
3.17056 2.77156 
-0.304022 -0.62136 
636
0 
3.00915 
0.557579 
640
0 
3.31153 
0.54371 
640
1 0 
3.46831 2.23717 
-0.303355 -0.645555 
644
0 
3.30906 
0.548568 
644
1 0 
3.43541 2.05502 
-0.310632 -0.645899 
652
0 
3.44089 
0.541473 
652
1 0 
3.00806 2.42922 
-0.301175 -0.634119 
656
0 
3.44148 
0.540722 
656
1 0 
3.42772 2.24823 
-0.306139 -0.644919 
660
0 
3.35849 
0.547381 
660
1 0 
3.34238 2.78916 
-0.309775 -0.621045 
664
0 
3.30075 
0.550149 
664
1 0 
3.397 2.41861 
-0.30969 -0.637946 
668
0 
3.19831 
0.549982 
668
1 0 
2.96539 2.77532 
-0.305521 -0.617408 
676
1 0 
3.14644 2.36247 
-0.306046 -0.638189 
676
0 
3.5562 
0.540296 
680
0 
3.27056 
0.547091 
680
1 0 
3.28456 2.04374 
-0.300689 -0.648643 
684
1 0 
3.71951 2.84218 
-0.306231 -0.630334 
684
0 
3.43125 
0.542061 
688
1 0 
3.44102 2.64629 
-0.302705 -0.634536 
688
0 
3.34112 
0.544448 
696
0 
3.30858 
0.546736 
696
1 0 
3.59889 2.9365 
-0.308259 -0.627243 
700
0 
3.3006 
0.546182 
700
1 0 
3.03084 2.42671 
-0.299894 -0.640107 
704
1 0 
2.99745 2.83883 
-0.301354 -0.629509 
704
0 
3.36681 
0.544526 
708
0 
3.48312 
0.539242 
708
1 0 
3.4921 2.47426 
-0.307334 -0.640262 
712
1 0 
3.53182 2.37227 
-0.305774 -0.636845 
712
0 
3.38043 
0.545476 
720
1 0 
3.41636 2.08997 
-0.30415 -0.647232 
720
0 
3.50592 
0.540637 
724
0 
3.2709 
0.548816 
724
1 0 
3.11194 2.08387 
-0.313851 -0.648695 
728
0 
3.47688 
0.554619 
728
1 0 
3.38793 2.26864 
-0.309195 -0.644513 
732
1 0 
3.14318 2.74146 
-0.303665 -0.623158 
732
0 
3.16355 
0.551598 
736
1 0 
3.81988 2.78002 
-0.305307 -0.624552 
736
0 
2.94622 
0.559187 
744
0 
3.0221 
0.558168 
744
1 0 
3.09998 2.24225 
-0.303055 -0.651234 
748
0 
2.5763 
0.577345 
748
1 0 
2.98117 2.40444 
-0.302405 -0.644094 
752
0 
3.22189 
0.548466 
752
1 0 
3.10803 2.03655 
-0.307388 -0.650591 
756
1 0 
3.14583 2.45287 
-0.31129 -0.642619 
756
0 
3.31881 
0.541791 
764
1 0 
3.59909 2.22233 
-0.305534 -0.645357 
764
0 
3.22546 
0.54812 
768
1 0 
2.95543 2.97445 
-0.300931 -0.628084 
768
0 
3.39269 
0.544397 
772
1 0 
3.28912 2.22461 
-0.305857 -0.643568 
772
0 
3.69175 
0.533732 
776
1 0 
3.04092 2.34991 
-0.30109 -0.638048 
776
0 
3.48756 
0.540438 
780
1 0 
3.11708 2.73471 
-0.304965 -0.635902 
780
0 
3.01272 
0.555564 
788
0 
3.12114 
0.550023 
788
1 0 
3.07915 2.43853 
-0.302877 -0.647001 
792
1 0 
3.26113 2.49696 
-0.304786 -0.636806 
792
0 
3.92842 
0.540283 
796
1 0 
3.335 2.59855 
-0.30402 -0.637545 
796
0 
3.53411 
0.550254 
800
1 0 
2.80702 2.42714 
-0.298188 -0.638447 
800
0 
3.2163 
0.552238 
804
0 
3.32995 
0.545405 
804
1 0 
3.02764 2.02747 
-0.30034 -0.649045 
812
0 
3.38471 
0.543224 
812
1 0 
3.39113 2.43739 
-0.305455 -0.640921 
816
1 0 
3.04631 2.19029 
-0.313266 -0.643929 
816
0 
3.39815 
0.546596 
820
1 0 
3.52288 2.88574 
-0.315322 -0.628198 
820
0 
3.44371 
0.550912 
824
0 
3.59024 
0.542619 
824
1 0 
2.98988 2.74467 
-0.301475 -0.641022 
828
0 
3.68293 
0.545516 
828
1 0 
3.40545 2.4696 
-0.310005 -0.640095 
836
0 
3.4717 
0.553266 
836
1 0 
3.33655 2.58076 
-0.302872 -0.640312 
840
1 0 
3.23286 2.38865 
-0.304309 -0.616109 
840
0 
3.3465 
0.549696 
844
1 0 
3.18564 2.29454 
-0.303798 -0.642739 
844
0 
3.31761 
0.54704 
848
1 0 
3.34835 2.65602 
-0.304638 -0.626535 
848
0 
3.27877 
0.547639 
852
1 0 
3.44433 2.12016 
-0.305285 -0.645696 
852
0 
3.48093 
0.549351 
860
1 0 
2.71245 2.56606 
-0.298103 -0.642795 
860
0 
3.51446 
0.547246 
864
0 
3.14682 
0.552396 
864
1 0 
3.525 2.61347 
-0.305977 -0.632051 
868
0 
3.33988 
0.544459 
868
1 0 
2.82855 2.46686 
-0.298321 -0.639602 
