0
0 
3.24854 
0.551045 
0
1 0 
3.32203 2.28366 
-0.296944 -0.642035 
4
0 
3.67029 
0.535974 
4
1 0 
3.21097 2.7753 
-0.304637 -0.624544 
8
1 0 
2.96961 2.23636 
-0.300924 -0.64436 
8
0 
3.32934 
0.545002 
12
1 0 
3.13914 2.01989 
-0.308059 -0.651275 
12
0 
3.1362 
0.550559 
16
1 0 
3.39204 2.7568 
-0.304725 -0.630332 
16
0 
3.34931 
0.545871 
20
1 0 
3.06311 2.07161 
-0.314135 -0.649728 
20
0 
3.33416 
0.545134 
24
1 0 
3.18887 2.13236 
-0.30328 -0.643092 
24
0 
2.75619 
0.562526 
28
1 0 
3.39255 2.14887 
-0.306169 -0.64409 
28
0 
3.22006 
0.550325 
32
1 0 
3.24054 1.92938 
-0.304577 -0.642617 
32
0 
3.60949 
0.535831 
36
1 0 
2.95945 2.33255 
-0.311723 -0.643636 
36
0 
3.26446 
0.546771 
40
1 0 
2.93554 2.53327 
-0.300754 -0.63463 
40
0 
3.38391 
0.545249 
44
1 0 
3.21696 2.38767 
-0.306649 -0.640417 
44
0 
3.74806 
0.540508 
48
1 0 
2.9793 2.55641 
-0.299233 -0.640743 
52
0 
3.29395 
0.551584 
56
1 0 
3.81108 2.44118 
-0.302214 -0.641921 
56
0 
3.38869 
0.542854 
60
1 0 
3.40585 2.7894 
-0.305096 -0.621202 
60
0 
3.28149 
0.549303 
64
1 0 
3.10298 2.28688 
-0.303575 -0.632117 
64
0 
3.5073 
0.541988 
68
1 0 
3.0075 2.21009 
-0.304818 -0.643963 
68
0 
3.47624 
0.545272 
76
1 0 
3.30479 2.35894 
-0.313876 -0.644946 
76
0 
2.57924 
0.570944 
80
1 0 
2.96002 2.30098 
-0.299201 -0.635012 
80
0 
3.37669 
0.544049 
84
1 0 
3.51244 2.44995 
-0.305129 -0.640874 
84
0 
3.06802 
0.554109 
88
1 0 
3.21754 2.6683 
-0.303361 -0.63907 
88
0 
3.10339 
0.553667 
92
1 0 
3.33987 1.95414 
-0.303894 -0.644123 
92
0 
3.17479 
0.549891 
100
1 0 
3.06872 2.07165 
-0.300263 -0.650108 
100
0 
3.15061 
0.550996 
104
0 
3.56154 
0.542094 
104
1 0 
3.03303 2.16467 
-0.300874 -0.636039 
108
1 0 
3.27058 2.77185 
-0.310276 -0.621447 
108
0 
3.29989 
0.545769 
112
1 0 
3.65612 2.32343 
-0.307345 -0.635218 
112
0 
3.10179 
0.561901 
116
1 0 
3.42337 2.47802 
-0.305003 -0.637293 
116
0 
2.92548 
0.562882 
124
1 0 
3.56123 2.80293 
-0.301582 -0.62304 
124
0 
3.0126 
0.554647 
128
1 0 
3.22075 2.71183 
-0.302563 -0.620093 
128
0 
3.40542 
0.544547 
132
1 0 
3.72262 2.13218 
-0.302833 -0.645522 
132
0 
2.82387 
0.561445 
136
1 0 
3.2137 2.17258 
-0.305505 -0.641324 
136
0 
3.26884 
0.548905 
140
0 
3.67515 
0.534814 
140
1 0 
3.07329 2.60719 
-0.304321 -0.638739 
148
1 0 
3.09886 1.97394 
-0.303092 -0.646639 
148
0 
3.29305 
0.548244 
152
1 0 
3.45874 2.92821 
-0.311253 -0.627239 
152
0 
3.34209 
0.545117 
156
0 
3.06049 
0.558889 
156
1 0 
3.51854 2.23401 
-0.306518 -0.643176 
160
1 0 
3.25225 2.22837 
-0.307536 -0.649742 
160
0 
3.44913 
0.55147 
168
0 
3.34052 
0.545146 
168
1 0 
2.90104 2.6568 
-0.302011 -0.622392 
172
0 
3.20707 
0.554516 
172
1 0 
3.08666 2.5497 
-0.307861 -0.639651 
176
0 
3.11974 
0.554206 
176
1 0 
3.42466 2.05665 
-0.304318 -0.648531 
180
0 
3.37094 
0.551067 
180
1 0 
3.18265 2.18476 
-0.304308 -0.645321 
184
1 0 
2.92403 2.50378 
-0.302371 -0.619089 
184
0 
3.42221 
0.543658 
192
1 0 
3.62862 2.33217 
-0.308642 -0.645131 
192
0 
3.64883 
0.541907 
196
1 0 
3.21063 2.48629 
-0.302025 -0.640095 
196
0 
3.3925 
0.544035 
200
0 
3.37748 
0.552637 
200
1 0 
3.53367 2.33668 
-0.296403 -0.643406 
204
0 
3.36006 
0.540292 
204
1 0 
3.00018 2.22901 
-0.301272 -0.645786 
208
0 
3.4124 
0.54716 
208
1 0 
3.41934 2.29246 
-0.296004 -0.640648 
216
0 
3.51078 
0.549834 
216
1 0 
3.16876 2.29533 
-0.303733 -0.646137 
220
0 
3.42578 
0.551517 
220
1 0 
3.22151 2.8196 
-0.316823 -0.621151 
224
1 0 
3.17138 2.54113 
-0.302966 -0.643659 
224
0 
3.58277 
0.536538 
228
1 0 
3.47077 2.97303 
-0.305434 -0.62303 
228
0 
3.34614 
0.543499 
232
1 0 
3.24084 2.4552 
-0.30307 -0.642266 
232
0 
2.77002 
0.561161 
240
1 0 
3.13098 2.25439 
-0.301706 -0.645039 
240
0 
3.78015 
0.544606 
244
1 0 
3.1039 2.05781 
-0.302758 -0.651539 
244
0 
3.57557 
0.538969 
248
1 0 
3.39069 2.11164 
-0.312415 -0.648274 
248
0 
3.38463 
0.54274 
252
1 0 
3.2877 2.30818 
-0.307116 -0.646746 
252
0 
3.06158 
0.556007 
256
1 0 
2.88144 2.79446 
-0.299287 -0.620335 
256
0 
3.44133 
0.541296 
264
1 0 
3.1846 2.41797 
-0.311182 -0.642011 
264
0 
3.19855 
0.549387 
268
1 0 
3.0345 2.63911 
-0.302096 -0.618614 
268
0 
3.38512 
0.55153 
272
1 0 
3.34978 2.13106 
-0.302751 -0.650254 
272
0 
3.04228 
0.564197 
276
0 
3.59281 
0.537561 
276
1 0 
3.16471 2.43808 
-0.306538 -0.637639 
280
1 0 
3.21698 2.14477 
-0.303294 -0.649326 
280
0 
3.39884 
0.549903 
288
0 
3.33005 
0.543536 
288
1 0 
3.07756 2.00156 
-0.300612 -0.649937 
292
0 
3.1812 
0.548488 
292
1 0 
3.63394 2.69802 
-0.306587 -0.621883 
296
1 0 
3.19804 2.04283 
-0.308504 -0.651134 
296
0 
3.50839 
0.551183 
300
1 0 
3.23983 2.43429 
-0.301823 -0.641123 
300
0 
3.13668 
0.552268 
304
0 
3.14786 
0.552298 
304
1 0 
3.33299 2.5358 
-0.302845 -0.635547 
312
0 
3.2532 
0.552714 
312
1 0 
3.5293 2.2448 
-0.305845 -0.640288 
316
1 0 
3.27922 2.40641 
-0.300557 -0.644721 
316
0 
3.42865 
0.55008 
320
1 0 
3.32047 2.84019 
-0.311071 -0.622661 
320
0 
3.3974 
0.543662 
324
0 
3.3147 
0.546465 
324
1 0 
3.51708 2.80526 
-0.306592 -0.623603 
328
0 
3.27057 
0.553447 
332
1 0 
2.91678 3.00664 
-0.300573 -0.624555 
336
0 
3.55796 
0.550724 
336
1 0 
3.25106 2.22555 
-0.29699 -0.640625 
340
0 
3.07767 
0.554782 
340
1 0 
3.15627 2.69186 
-0.302446 -0.619419 
344
1 0 
3.11339 2.77155 
-0.301113 -0.626203 
344
0 
3.32351 
0.546729 
348
1 0 
3.09959 2.28608 
-0.301987 -0.650152 
348
0 
3.56591 
0.538014 
356
0 
3.19112 
0.550937 
356
1 0 
3.3014 1.90469 
-0.301773 -0.652561 
360
1 0 
3.10878 2.4927 
-0.302191 -0.637362 
360
0 
3.71259 
0.541137 
364
1 0 
3.24727 2.43193 
-0.30392 -0.638374 
364
0 
3.39577 
0.549269 
368
1 0 
3.46833 3.15871 
-0.303571 -0.62609 
368
0 
3.40264 
0.541557 
372
1 0 
3.23206 2.62059 
-0.304497 -0.642357 
372
0 
3.30834 
0.553163 
380
1 0 
3.17435 3.20641 
-0.302932 -0.620529 
380
0 
3.35299 
0.545779 
384
1 0 
3.22073 2.40917 
-0.305112 -0.64129 
384
0 
3.10143 
0.552593 
388
1 0 
3.42493 2.08473 
-0.298913 -0.64847 
388
0 
3.68161 
0.553583 
392
1 0 
3.1022 2.39036 
-0.30172 -0.642371 
392
0 
2.91787 
0.566781 
400
1 0 
3.45266 2.89753 
-0.303294 -0.616166 
400
0 
3.39337 
0.548469 
404
1 0 
3.56993 2.12583 
-0.303777 -0.647562 
404
0 
3.02441 
0.560498 
408
1 0 
3.10452 2.27269 
-0.303198 -0.644114 
408
0 
3.22517 
0.549805 
412
0 
3.41963 
0.541797 
412
1 0 
3.1088 2.46704 
-0.301443 -0.639189 
416
1 0 
3.22058 2.49622 
-0.304209 -0.643025 
416
0 
3.12379 
0.552289 
424
1 0 
3.00244 2.21825 
-0.31275 -0.643636 
424
0 
3.28326 
0.549985 
428
1 0 
3.04563 2.13229 
-0.304407 -0.646951 
428
0 
3.366 
0.546068 
432
0 
3.3362 
0.546384 
432
1 0 
3.30647 2.39287 
-0.302819 -0.647544 
436
1 0 
3.18735 2.38415 
-0.303361 -0.646606 
436
0 
3.20368 
0.551626 
440
1 0 
3.21881 2.29191 
-0.302934 -0.643469 
440
0 
3.15881 
0.551047 
448
0 
3.45751 
0.546762 
448
1 0 
2.97652 2.69409 
-0.31674 -0.640172 
452
0 
2.9318 
0.555394 
452
1 0 
3.15299 2.41175 
-0.302154 -0.64226 
456
1 0 
2.89227 2.35466 
-0.299662 -0.641508 
456
0 
3.24285 
0.548002 
460
0 
3.3426 
0.545063 
460
1 0 
3.50898 2.47353 
-0.306188 -0.620435 
464
0 
3.93084 
0.540015 
464
1 0 
3.26048 2.38645 
-0.304202 -0.636206 
472
1 0 
3.14668 2.67455 
-0.304596 -0.620811 
472
0 
3.36985 
0.542143 
476
0 
2.9401 
0.555269 
476
1 0 
3.02734 2.25356 
-0.300929 -0.644569 
480
1 0 
3.11268 2.69107 
-0.302337 -0.636851 
480
0 
3.04446 
0.557294 
484
0 
3.21993 
0.547675 
484
1 0 
3.35028 2.22906 
-0.304106 -0.645027 
488
1 0 
3.02946 2.0549 
-0.305125 -0.644412 
488
0 
3.39172 
0.54209 
496
1 0 
2.99573 2.89471 
-0.301671 -0.623352 
496
0 
3.4475 
0.54259 
500
1 0 
3.54589 2.33556 
-0.307715 -0.644146 
500
0 
3.32918 
0.545255 
504
1 0 
3.66089 2.45742 
-0.313682 -0.637166 
504
0 
3.49454 
0.541218 
508
0 
3.16965 
0.550883 
508
1 0 
3.38572 2.60006 
-0.309276 -0.640481 
516
0 
3.03158 
0.553359 
516
1 0 
3.22255 2.48382 
-0.305542 -0.639376 
520
1 0 
3.13183 2.73259 
-0.303795 -0.621357 
