0
0 0 0 0 0 0 
2.323 5.44829 8.13278 9.78233 14.5402 14.2932 
0.725021 0.3253 0.202384 0.156177 0.123036 0.105397 
0
1 1 1 1 1 
2.42481 4.57845 6.74589 10.0197 14.0845 
-0.599818 -0.243462 -0.148074 -0.0819567 -0.0558338 
8
0 0 0 0 0 0 
2.35915 5.40644 7.3909 11.0208 14.6374 18.6236 
0.72657 0.324826 0.2072 0.15247 0.123421 0.0996099 
20
0 0 0 0 0 0 
2.27671 4.69227 9.82664 8.00307 17.0478 17.5864 
0.725914 0.335648 0.156267 0.203086 0.120936 0.0998716 
16
1 1 1 1 1 
2.21956 4.82244 7.71712 9.51287 12.1384 
-0.582664 -0.245219 -0.145037 -0.0903507 -0.0609041 
36
0 0 0 0 0 0 
2.36965 4.87616 7.2086 9.34606 15.6012 12.9615 
0.719228 0.332007 0.207138 0.158048 0.121621 0.106064 
48
0 0 0 0 0 0 
2.09293 5.61167 8.74008 8.7157 15.0775 12.4807 
0.734929 0.323165 0.200959 0.146854 0.122291 0.106606 
40
1 1 1 1 1 
2.23296 6.24237 4.92706 10.9234 11.4029 
-0.599565 -0.145769 -0.24709 -0.0824016 -0.0616814 
64
0 0 0 0 0 0 
2.22265 5.48519 8.71588 9.0992 17.9535 17.0375 
0.728636 0.32635 0.198623 0.158201 0.120391 0.0996537 
68
1 1 1 1 1 
1.97708 4.31103 8.16757 9.03697 13.4295 
-0.572827 -0.236708 -0.14297 -0.0875565 -0.0535074 
80
0 0 0 0 0 0 
2.2154 5.08282 6.3095 9.76197 14.9118 17.2092 
0.728657 0.330695 0.212406 0.158736 0.123416 0.104474 
96
0 0 0 0 0 
2.12619 5.49157 7.50533 8.94963 14.7012 
0.738363 0.324655 0.206145 0.147293 0.123103 
92
1 1 1 1 1 
2.21084 5.52189 7.51181 10.1037 11.0475 
-0.58077 -0.247207 -0.144729 -0.0924164 -0.0554724 
112
0 0 0 0 0 
2.18078 4.878 7.85706 9.39584 14.8137 
0.733735 0.331577 0.203953 0.159209 0.122793 
128
0 0 0 0 0 
2.23734 5.0932 7.36598 11.0582 15.7163 
0.730457 0.330754 0.207762 0.15219 0.121626 
120
1 1 1 1 1 
2.0093 5.43289 6.57827 8.98629 14.4 
-0.573688 -0.243065 -0.138297 -0.0924239 -0.0550821 
144
0 0 0 0 0 
2.18936 5.29332 10.0007 8.0553 16.1019 
0.727642 0.325866 0.155758 0.203038 0.121924 
160
0 0 0 0 0 
2.22227 4.98589 10.3214 6.884 16.7811 
0.727399 0.33177 0.154607 0.211339 0.119692 
148
1 1 1 1 1 
2.3322 4.36969 6.44704 9.42115 12.9719 
-0.5859 -0.243999 -0.140483 -0.0911805 -0.0527177 
176
0 0 0 0 0 
2.33347 5.31578 9.70527 9.20721 17.567 
0.72307 0.326374 0.156248 0.201016 0.119671 
176
1 1 1 1 1 
2.2756 7.87972 4.95023 11.756 12.8232 
-0.584962 -0.145359 -0.253995 -0.091369 -0.0589521 
192
0 0 0 0 0 
2.42152 5.38183 7.65538 9.89112 17.8751 
0.720476 0.326387 0.205434 0.15607 0.120212 
208
0 0 0 0 0 0 
2.10251 4.89408 6.74382 9.61006 16.0079 16.1505 
0.738755 0.331523 0.209714 0.157938 0.121916 0.10409 
204
1 1 1 1 1 
2.2181 8.3125 5.28463 10.0647 13.292 
-0.580434 -0.146583 -0.242551 -0.0888611 -0.0526788 
224
0 0 0 0 0 
2.05858 5.38038 8.86047 10.1962 18.316 
0.734441 0.325478 0.200544 0.156375 0.118753 
244
0 0 0 0 0 
2.1414 4.99349 10.0811 8.05922 17.299 
0.732319 0.330169 0.154531 0.201521 0.120438 
232
1 1 1 1 1 
2.26947 4.81561 8.44187 8.8466 14.2373 
-0.599654 -0.245552 -0.145041 -0.0909038 -0.05791 
260
0 0 0 0 0 0 
2.10006 4.79709 8.98624 10.0319 17.3944 16.4242 
0.73862 0.334638 0.202265 0.156361 0.12055 0.109998 
264
1 1 1 1 1 
2.45716 7.88868 4.92398 8.1596 15.0441 
-0.600743 -0.143542 -0.240318 -0.0920451 -0.0546405 
276
0 0 0 0 0 
2.28378 5.47037 7.87682 9.20854 16.5504 
0.726941 0.323419 0.203538 0.15782 0.120198 
296
0 0 0 0 0 0 
2.52201 5.27324 10.5163 8.14763 14.0928 15.0262 
0.719429 0.326181 0.153277 0.205221 0.122662 0.107995 
292
1 1 1 1 1 
2.27906 7.33074 4.446 9.93398 11.8407 
-0.591725 -0.136589 -0.242801 -0.0898335 -0.0626342 
312
0 0 0 0 0 
2.1101 6.02795 6.65152 10.7918 15.3348 
0.749245 0.322156 0.216295 0.152492 0.122758 
328
0 0 0 0 0 0 
2.27319 4.86507 7.42353 10.1089 16.4985 17.7611 
0.740795 0.331376 0.210082 0.150832 0.12035 0.103286 
320
1 1 1 1 1 
2.03282 7.28199 4.7786 11.5027 13.3464 
-0.602223 -0.140728 -0.248038 -0.0934404 -0.0550962 
348
0 0 0 0 0 0 
2.16216 5.16293 7.11267 11.8639 15.5411 22.3524 
0.758515 0.328466 0.211604 0.146666 0.120075 0.0856343 
352
1 1 1 1 1 
1.91285 5.24025 7.92501 11.5927 15.3554 
-0.63137 -0.26183 -0.14123 -0.0897398 -0.0586122 
364
0 0 0 0 0 
2.40581 4.7897 6.64133 9.57474 15.5026 
0.773903 0.338692 0.221685 0.151895 0.121048 
380
0 0 0 0 0 
1.97293 5.18182 6.35253 8.89979 12.8826 
0.843132 0.345424 0.214105 0.165081 0.123885 
380
1 1 1 1 1 1 
7.83772 1.65873 4.71291 10.5255 13.059 18.2792 
-0.150924 -0.676353 -0.271796 -0.0885312 -0.0617135 -0.042239 
400
0 0 0 0 0 
4.67848 7.13596 10.7652 14.3502 13.9176 
0.353561 0.214149 0.155579 0.119739 0.100931 
416
0 0 0 0 0 
4.59444 6.84629 9.49837 12.799 15.8144 
0.36625 0.21196 0.16548 0.116185 0.101622 
412
1 1 1 1 
6.6688 11.5515 9.22222 15.2599 
-0.160504 -0.0659823 -0.0972953 -0.0447259 
432
0 0 0 0 
4.30746 7.1537 9.87425 13.2422 
0.387722 0.218288 0.161461 0.127706 
452
0 0 0 0 0 
3.27173 7.98103 10.6375 14.4553 16.5102 
0.42399 0.223804 0.16353 0.126622 0.106232 
440
1 1 1 1 
6.98195 9.94208 13.0299 9.63787 
-0.179977 -0.10371 -0.0713193 -0.0564001 
468
0 0 0 0 0 
3.83121 6.25744 9.35822 12.3641 18.6509 
0.443501 0.242276 0.165523 0.130712 0.107056 
468
1 1 1 1 
6.43659 9.54486 11.7799 12.5456 
-0.196758 -0.10956 -0.07445 -0.0530027 
484
0 0 0 0 0 
2.93942 6.6742 9.23629 11.2349 16.3915 
0.504188 0.26024 0.182546 0.140617 0.111187 
504
0 0 0 0 0 
6.76842 9.49142 2.92161 11.6117 13.9226 
0.269122 0.182108 0.54664 0.140564 0.117381 
500
1 1 1 1 1 
11.9419 3.93479 7.82837 14.3782 17.2427 
-0.0735606 -0.211558 -0.111993 -0.0483572 -0.027658 
520
0 0 0 0 
5.87972 8.61639 13.0655 12.6686 
0.290605 0.188745 0.119041 0.149541 
536
0 0 0 0 
5.74433 8.5484 10.92 14.4599 
0.305384 0.206654 0.152064 0.123743 
528
1 1 1 1 
3.58258 6.51315 9.96918 13.3528 
-0.233715 -0.125614 -0.0834334 -0.0569887 
556
0 0 0 0 
5.24779 7.38581 10.2497 12.201 
0.327899 0.208461 0.159688 0.122172 
556
1 1 1 
3.37404 5.32167 11.016 
-0.294354 -0.149375 -0.0977738 
572
0 0 0 0 
5.20959 11.6474 6.385 12.8852 
0.339375 0.150526 0.220851 0.119964 
592
0 0 0 0 
7.41162 9.85102 4.2418 12.9947 
0.223738 0.171489 0.37853 0.134228 
588
1 1 1 1 
6.64677 3.28534 10.6175 14.0737 
-0.157212 -0.328836 -0.101055 -0.0646873 
608
0 0 0 0 0 
4.27701 7.33678 12.6421 10.4299 17.2558 
0.399075 0.231562 0.136091 0.169293 0.0934543 
624
0 0 0 0 0 
7.49152 4.06999 9.88193 13.3095 16.6674 
0.244062 0.439665 0.180648 0.140973 0.104706 
616
1 1 1 1 1 
2.76895 9.37554 4.15516 12.5248 16.706 
-0.387312 -0.105257 -0.179688 -0.0658547 -0.047684 
644
0 0 0 0 0 
5.63028 10.3921 3.06414 10.5721 15.3213 
0.271306 0.184568 0.502618 0.142883 0.110304 
644
1 1 1 1 1 1 
5.15793 8.57948 2.51138 11.4024 16.1519 10.7689 
-0.192854 -0.111409 -0.469995 -0.0689242 -0.047243 -0.0571894 
660
0 0 0 
5.99449 10.8237 10.402 
0.286174 0.150348 0.188321 
676
0 0 0 0 
5.15764 6.58461 11.6612 20.424 
0.295711 0.198769 0.153019 0.104375 
676
1 1 1 
6.94762 3.14086 9.53288 
-0.125914 -0.231385 -0.0810271 
696
0 0 0 0 
7.02748 4.5781 10.666 13.2572 
0.21037 0.324601 0.153214 0.118451 
712
0 0 0 0 
4.88223 8.36755 8.62671 15.244 
0.33314 0.212727 0.170206 0.112505 
704
1 1 1 1 
2.82676 6.76428 11.116 14.371 
-0.281364 -0.146897 -0.0987219 -0.0664035 
728
0 0 0 0 
7.42467 11.2023 4.16767 14.405 
0.226491 0.163476 0.360328 0.113537 
732
1 1 1 
5.41165 5.98753 2.08226 
-0.156019 -0.104215 -0.340874 
748
0 0 0 0 
6.17235 3.82964 9.3213 13.9711 
0.235708 0.394973 0.168522 0.11259 
764
0 0 0 0 0 
6.66219 3.69554 9.49501 13.0871 18.4009 
0.232112 0.425753 0.164527 0.107096 0.08862 
764
1 1 1 
9.10352 5.66706 14.3414 
-0.120577 -0.201499 -0.0858552 
780
0 0 0 0 
3.59866 6.28148 9.50524 12.5827 
0.466154 0.256619 0.177814 0.116735 
800
0 0 0 0 0 
4.727 8.13498 2.98915 11.0214 14.7054 
0.283893 0.182744 0.533415 0.121704 0.0972687 
792
1 1 
9.02246 5.27673 
-0.128453 -0.21823 
816
0 0 0 0 0 
2.44307 5.65701 8.2708 13.7078 16.0511 
0.591409 0.276829 0.18458 0.125824 0.0964212 
832
0 0 0 0 0 
5.20159 7.64136 12.6435 2.41553 12.1465 
0.30216 0.191415 0.125552 0.653139 0.0996611 
824
1 1 1 1 
4.32458 8.27713 9.64363 16.0429 
-0.242072 -0.139814 -0.0931159 -0.0789743 
852
0 0 0 0 0 
7.90233 5.093 13.1254 15.1616 2.46849 
0.202034 0.317987 0.13128 0.0990879 0.702208 
852
1 1 1 1 
4.15491 8.85179 10.8948 16.4724 
-0.27804 -0.159344 -0.0992452 -0.08285 
868
0 0 0 0 0 
4.42369 7.54179 9.02607 10.5197 16.7063 
0.339601 0.213058 0.13631 0.137858 0.103396 
888
0 0 0 0 
3.70393 7.72007 8.35768 10.867 
0.383123 0.224703 0.150524 0.111433 
880
1 1 1 1 
2.45338 5.88131 11.7694 14.3469 
-0.325619 -0.153308 -0.104525 -0.0821625 
904
0 0 0 0 
3.63422 5.97701 9.16418 12.6289 
0.409692 0.249806 0.158145 0.116481 
920
0 0 0 0 
3.60301 6.08536 7.96087 13.0253 
0.435052 0.255327 0.15235 0.117678 
912
1 1 1 1 
5.10477 3.26921 8.1848 9.59178 
-0.18381 -0.381526 -0.114142 -0.0872885 
940
0 0 0 0 0 
3.056 5.57195 8.99211 12.285 14.66 
0.484587 0.26352 0.157807 0.116905 0.0796002 
940
1 1 1 1 1 
3.90698 8.86295 11.2894 2.58359 17.1732 
-0.217178 -0.131526 -0.0960081 -0.462134 -0.0744944 
956
0 0 0 0 
5.38882 10.0237 3.19263 12.2091 
0.279773 0.159103 0.521127 0.119276 
972
0 0 0 0 0 
4.91205 2.29307 9.02325 11.0398 14.0806 
0.292509 0.624375 0.167335 0.127335 0.0849881 
968
1 1 1 1 1 
4.72172 7.06142 9.69523 12.35 14.2577 
-0.245397 -0.146578 -0.106483 -0.0784442 -0.0704345 
992
0 0 0 0 
4.98453 6.96588 11.12 1.9759 
0.312479 0.182092 0.125374 0.701557 
1008
0 0 0 0 
4.3623 7.43758 11.3456 14.0723 
0.3466 0.184425 0.131609 0.0935276 
1000
1 1 1 1 1 
4.13078 6.05488 8.97131 11.9197 19.0469 
-0.292647 -0.161055 -0.113054 -0.0936599 -0.0687677 
1024
0 0 0 0 
3.98163 8.13331 11.0052 11.3606 
0.356979 0.18626 0.133466 0.0954537 
1028
1 1 1 1 
6.13882 2.25984 13.5518 9.53056 
-0.184147 -0.364245 -0.0928784 -0.126682 
1044
0 0 0 0 
3.88356 7.43851 13.4348 9.7504 
0.381386 0.202944 0.0924468 0.136806 
1060
0 0 0 0 0 
3.94447 7.36635 8.74819 12.3811 16.5385 
0.415248 0.21193 0.145283 0.097474 0.0772794 
1056
1 1 1 1 1 
3.47082 5.83546 8.70077 10.6601 16.8384 
-0.400905 -0.19621 -0.132212 -0.100034 -0.0782623 
1076
0 0 0 0 
3.41003 5.74827 9.84334 14.819 
0.460546 0.231635 0.149914 0.0964726 
1096
0 0 0 0 
5.50915 3.00522 7.83158 11.8702 
0.247384 0.514438 0.163238 0.107091 
1088
1 1 1 1 1 
6.26933 3.12492 9.43476 11.5002 20.2526 
-0.221506 -0.473947 -0.150448 -0.106431 -0.0814978 
1112
0 0 0 0 
4.58371 2.27975 9.14479 10.3635 
0.2688 0.595295 0.165881 0.118002 
1116
1 1 1 1 
4.77725 7.46233 10.8573 12.8852 
-0.243037 -0.152939 -0.107096 -0.0884108 
1132
0 0 0 0 
5.21745 7.80485 2.47973 12.2435 
0.27729 0.177815 0.655154 0.109175 
1148
0 0 0 0 0 
4.7038 7.42132 12.4727 2.09848 13.8356 
0.298748 0.185924 0.113124 0.761332 0.0891651 
1144
1 1 1 1 
4.19597 8.14029 10.8188 11.8582 
-0.284533 -0.172126 -0.120708 -0.0960335 
1168
0 0 0 0 0 
1.77153 4.56811 7.1622 10.2696 13.678 
0.837755 0.305917 0.190477 0.119232 0.0902984 
1184
0 0 0 0 
1.89261 4.55187 7.07096 12.6314 
0.852878 0.314165 0.194864 0.117017 
1176
1 1 1 1 
4.17279 5.17468 10.6915 14.4714 
-0.296787 -0.171485 -0.121579 -0.101733 
1204
0 0 0 0 
2.04717 3.71772 7.68282 12.1785 
0.840325 0.325444 0.190595 0.11794 
1204
1 1 1 1 
4.89646 7.31151 8.75096 12.5644 
-0.296761 -0.178686 -0.12497 -0.0987054 
1224
0 0 0 0 
4.34701 2.1803 6.98409 10.3996 
0.312702 0.822573 0.195451 0.120824 
1244
0 0 0 0 0 
4.22164 1.93813 6.73663 11.5935 12.5099 
0.31325 0.83816 0.196632 0.121969 0.0906256 
1236
1 1 1 1 
4.3183 7.15528 8.81697 13.4903 
-0.297397 -0.178488 -0.125234 -0.0983725 
1264
0 0 0 0 0 
2.07432 4.13043 5.84954 10.1303 10.9934 
0.835996 0.31575 0.200537 0.121432 0.100624 
1264
1 1 1 1 
4.53831 8.01794 10.2476 13.078 
-0.299459 -0.179761 -0.119704 -0.100811 
1280
0 0 0 0 
4.20662 1.98062 6.55336 11.5678 
0.318952 0.840167 0.197964 0.118848 
1304
0 0 0 0 0 
4.33632 1.8241 6.66196 10.6224 15.4893 
0.312417 0.852107 0.197272 0.119538 0.0883029 
1292
1 1 1 1 
3.90671 6.94829 8.85805 11.9489 
-0.293781 -0.176356 -0.11845 -0.100263 
1324
0 0 0 0 0 
4.05995 2.09725 7.60141 10.7855 13.6874 
0.318096 0.835777 0.189295 0.118957 0.090693 
