0
0 
3.43904 
0.552309 
0
1 0 
3.17975 2.8314 
-0.310847 -0.625326 
4
0 
3.05377 
0.553701 
4
1 0 
3.25865 2.272 
-0.30361 -0.646417 
8
1 0 
3.13368 2.60777 
-0.302399 -0.638144 
8
0 
3.31674 
0.545386 
12
0 
3.1414 
0.553964 
12
1 0 
3.17456 2.74984 
-0.305517 -0.639464 
16
1 0 
3.40317 2.22198 
-0.304802 -0.647472 
16
0 
2.88309 
0.562406 
20
0 
3.48839 
0.541189 
20
1 0 
3.52002 2.2735 
-0.306461 -0.640155 
24
1 0 
3.23105 2.5777 
-0.303549 -0.642599 
24
0 
3.46918 
0.542686 
28
1 0 
3.31269 2.43604 
-0.295743 -0.641167 
28
0 
3.42161 
0.545434 
32
1 0 
3.15562 3.06785 
-0.305014 -0.626251 
32
0 
3.87987 
0.543079 
36
0 
3.38319 
0.542593 
36
1 0 
2.97547 2.44056 
-0.301571 -0.644225 
40
0 
3.38038 
0.545514 
40
1 0 
3.19728 2.08526 
-0.301891 -0.640386 
44
0 
3.80255 
0.538755 
44
1 0 
3.07344 1.8621 
-0.301989 -0.65282 
48
1 0 
3.01527 2.74959 
-0.300541 -0.622487 
48
0 
3.17157 
0.550476 
56
0 
3.14961 
0.549708 
56
1 0 
3.16066 2.39654 
-0.301359 -0.63796 
60
0 
3.28799 
0.549602 
60
1 0 
3.08616 2.74533 
-0.30283 -0.633433 
64
1 0 
3.12644 2.58745 
-0.304392 -0.637745 
64
0 
3.1954 
0.549775 
68
1 0 
3.08216 2.55283 
-0.316567 -0.638998 
68
0 
3.04979 
0.559271 
76
0 
3.48391 
0.543345 
76
1 0 
3.10071 2.09307 
-0.302271 -0.646664 
80
0 
3.44231 
0.548659 
80
1 0 
3.0904 2.19075 
-0.302976 -0.642472 
84
0 
3.25073 
0.547012 
84
1 0 
3.04505 2.49257 
-0.307721 -0.640777 
88
0 
3.41569 
0.542607 
88
1 0 
3.35221 2.24532 
-0.303633 -0.644394 
92
0 
3.41175 
0.543009 
92
1 0 
3.28762 2.30688 
-0.304895 -0.640292 
100
0 
3.50827 
0.544536 
100
1 0 
3.35699 2.60883 
-0.29471 -0.616174 
104
0 
3.5169 
0.5398 
104
1 0 
3.54816 2.41824 
-0.30739 -0.639463 
108
0 
3.54663 
0.546885 
108
1 0 
3.00914 2.39926 
-0.300078 -0.645238 
112
0 
3.6449 
0.542176 
112
1 0 
3.4631 2.36927 
-0.309634 -0.645627 
116
1 0 
3.4781 2.87381 
-0.309773 -0.636793 
116
0 
3.48481 
0.548115 
124
0 
3.40409 
0.552333 
124
1 0 
3.37154 2.37371 
-0.306044 -0.636403 
128
0 
3.49127 
0.546177 
128
1 0 
3.16675 2.16258 
-0.30549 -0.647145 
132
0 
3.36597 
0.544152 
132
1 0 
3.17061 3.1051 
-0.304049 -0.623579 
136
0 
3.21339 
0.56191 
136
1 0 
2.91996 2.11954 
-0.303948 -0.638973 
144
0 
2.72797 
0.571192 
144
1 0 
3.01796 2.28711 
-0.301645 -0.645319 
148
0 
3.39285 
0.549574 
148
1 0 
3.60886 2.20839 
-0.306373 -0.64318 
152
0 
3.15214 
0.570936 
152
1 0 
3.40254 2.14807 
-0.310775 -0.647037 
156
0 
3.38247 
0.545679 
156
1 0 
3.52666 2.22178 
-0.304635 -0.641828 
160
1 0 
3.18675 2.62583 
-0.304331 -0.636545 
160
0 
3.31181 
0.54924 
168
1 0 
3.36443 2.20136 
-0.305118 -0.637893 
168
0 
3.4705 
0.540893 
172
0 
3.81885 
0.543298 
172
1 0 
3.34821 2.68095 
-0.303372 -0.636197 
176
1 0 
3.05998 2.25296 
-0.305998 -0.644416 
176
0 
3.34068 
0.546688 
180
1 0 
3.23135 2.73927 
-0.294965 -0.639773 
180
0 
3.1989 
0.549041 
184
1 0 
3.26299 2.16841 
-0.305665 -0.640738 
184
0 
3.65257 
0.540408 
192
1 0 
2.97034 2.26423 
-0.30081 -0.643839 
192
0 
3.61107 
0.538744 
196
1 0 
3.60801 2.08545 
-0.307861 -0.646197 
196
0 
3.17803 
0.549725 
200
1 0 
3.51016 2.00843 
-0.305327 -0.647183 
200
0 
3.62837 
0.549211 
204
1 0 
3.46339 2.52443 
-0.307383 -0.636574 
204
0 
3.47556 
0.542576 
208
1 0 
3.28835 2.25494 
-0.30341 -0.646816 
208
0 
3.20507 
0.549252 
216
1 0 
3.24397 2.94497 
-0.30716 -0.613779 
216
0 
3.31508 
0.547593 
220
0 
3.27645 
0.550574 
220
1 0 
3.35794 2.51956 
-0.303672 -0.637228 
224
1 0 
3.19621 2.76003 
-0.3002 -0.620767 
224
0 
3.40848 
0.54427 
228
0 
3.20847 
0.56374 
228
1 0 
3.11986 2.26496 
-0.303178 -0.639375 
232
0 
3.23555 
0.555706 
232
1 0 
3.43853 1.98332 
-0.310948 -0.65095 
240
0 
3.50155 
0.544136 
240
1 0 
3.35451 2.32237 
-0.307602 -0.646348 
244
0 
3.14771 
0.550695 
244
1 0 
3.16631 2.17684 
-0.306074 -0.641902 
248
1 0 
3.04767 2.52417 
-0.301167 -0.639975 
248
0 
3.47371 
0.542655 
252
1 0 
3.17208 2.65491 
-0.306347 -0.642718 
252
0 
3.38499 
0.548788 
256
0 
3.40241 
0.542671 
256
1 0 
3.12521 2.16106 
-0.302045 -0.64749 
264
1 0 
3.53244 2.08103 
-0.306118 -0.647628 
264
0 
3.36089 
0.545735 
268
0 
3.02634 
0.557015 
268
1 0 
3.26969 2.05707 
-0.304929 -0.646675 
272
0 
3.15972 
0.551949 
272
1 0 
2.9482 2.53409 
-0.301624 -0.640603 
276
0 
3.3453 
0.545602 
276
1 0 
3.25802 2.22851 
-0.304817 -0.646536 
280
0 
3.22839 
0.557749 
280
1 0 
3.0768 2.78258 
-0.302995 -0.61487 
288
0 
3.43139 
0.546593 
288
1 0 
2.92196 2.22264 
-0.307136 -0.642978 
292
0 
3.56954 
0.539667 
292
1 0 
3.38186 2.32766 
-0.304252 -0.645884 
296
0 
3.11535 
0.549392 
296
1 0 
3.8824 2.10179 
-0.308719 -0.64739 
300
0 
3.1699 
0.558558 
300
1 0 
3.06267 2.27301 
-0.302766 -0.649275 
304
0 
3.40672 
0.544122 
304
1 0 
3.08699 2.67538 
-0.312869 -0.626028 
312
0 
3.36582 
0.545314 
312
1 0 
3.4169 2.9662 
-0.306784 -0.6228 
316
0 
3.45111 
0.542221 
316
1 0 
3.29557 2.35339 
-0.302808 -0.643759 
320
0 
3.54147 
0.550726 
320
1 0 
3.24458 2.05971 
-0.306692 -0.651229 
324
1 0 
3.7387 2.2194 
-0.305708 -0.644847 
324
0 
3.40427 
0.541632 
328
0 
3.35506 
0.543491 
328
1 0 
3.39099 2.13159 
-0.304828 -0.645216 
336
1 0 
3.2205 1.92613 
-0.303755 -0.639608 
336
0 
3.32045 
0.547389 
340
1 0 
3.43414 2.53114 
-0.308371 -0.617673 
340
0 
3.56091 
0.546089 
344
0 
3.1884 
0.549352 
344
1 0 
3.40193 2.745 
-0.302152 -0.624289 
348
0 
3.57391 
0.548717 
348
1 0 
3.31766 2.74208 
-0.303379 -0.637977 
352
1 0 
3.16589 3.13353 
-0.315233 -0.619041 
352
0 
3.48391 
0.542676 
360
0 
3.3938 
0.543397 
360
1 0 
3.46097 2.32342 
-0.305618 -0.639635 
364
0 
3.08452 
0.552082 
364
1 0 
3.39901 2.89418 
-0.303777 -0.624811 
368
1 0 
3.26844 2.39696 
-0.301661 -0.639065 
368
0 
3.57466 
0.541 
372
0 
3.31237 
0.547243 
372
1 0 
3.19162 2.51204 
-0.304022 -0.639639 
380
0 
3.11206 
0.553083 
380
1 0 
3.20327 2.24867 
-0.304075 -0.639619 
384
0 
3.41377 
0.541835 
384
1 0 
3.23097 2.89239 
-0.301033 -0.623388 
388
0 
3.42732 
0.541348 
388
1 0 
3.49221 2.22762 
-0.300769 -0.646092 
392
0 
3.07126 
0.55394 
392
1 0 
3.49924 2.29782 
-0.295215 -0.64659 
396
1 0 
3.00888 2.5983 
-0.300278 -0.635446 
396
0 
3.52121 
0.540551 
404
1 0 
3.22239 2.60324 
-0.304299 -0.634268 
404
0 
3.47002 
0.545973 
408
0 
3.29004 
0.544793 
408
1 0 
3.43129 2.25365 
-0.311902 -0.64304 
412
0 
3.58471 
0.537966 
412
1 0 
2.9964 2.3255 
-0.3035 -0.64382 
416
1 0 
3.11125 2.05439 
-0.308126 -0.644582 
416
0 
3.34248 
0.542208 
420
0 
3.01088 
0.556196 
420
1 0 
3.44191 2.13578 
-0.304642 -0.650043 
428
0 
3.27757 
0.546317 
428
1 0 
3.34409 1.89362 
-0.302667 -0.639226 
432
1 0 
3.14866 2.43954 
-0.308384 -0.639836 
432
0 
3.46266 
0.541934 
436
0 
3.36269 
0.54332 
436
1 0 
2.98699 2.52975 
-0.302154 -0.639996 
440
0 
3.40167 
0.545449 
440
1 0 
3.46903 2.01107 
-0.29687 -0.643914 
444
0 
3.49722 
0.538445 
444
1 0 
3.2295 2.48225 
-0.316116 -0.637864 
452
1 0 
3.03181 2.16672 
-0.293743 -0.648364 
452
0 
3.25773 
0.5493 
456
1 0 
3.17239 2.46307 
-0.303915 -0.640332 
456
0 
3.55871 
0.53794 
460
1 0 
3.03292 2.48667 
-0.305421 -0.636972 
460
0 
3.68985 
0.54804 
464
1 0 
3.3721 2.72346 
-0.314749 -0.621522 
464
0 
3.47338 
0.543233 
468
0 
3.30902 
0.544395 
468
1 0 
3.59738 2.16291 
-0.297731 -0.646212 
476
0 
3.4153 
0.544483 
476
1 0 
3.05747 2.26306 
-0.30307 -0.644419 
480
0 
3.0903 
0.553514 
480
1 0 
3.11243 2.28245 
-0.300622 -0.640795 
484
0 
3.48978 
0.540224 
484
1 0 
3.58321 2.0414 
-0.297095 -0.644345 
488
0 
3.29437 
0.545694 
488
1 0 
3.03564 2.12385 
-0.30054 -0.646586 
492
0 
3.18895 
0.556739 
496
1 0 
3.16662 2.07729 
-0.308671 -0.648414 
500
0 
3.66208 
0.546696 
500
1 0 
3.15742 1.96513 
-0.30344 -0.653546 
504
0 
3.40268 
0.542327 
504
1 0 
3.34156 1.99946 
-0.303344 -0.645909 
508
1 0 
3.26464 2.31885 
-0.305583 -0.636675 
508
0 
3.28079 
0.548347 
512
1 0 
3.05313 2.87498 
-0.295781 -0.629998 
512
0 
3.293 
0.54675 
520
0 
3.05974 
0.556668 
520
1 0 
3.18111 2.83133 
-0.303819 -0.621436 
524
0 
3.79645 
0.54425 
524
1 0 
3.00088 2.808 
-0.302554 -0.61982 
528
0 
3.24796 
0.548469 
528
1 0 
3.71095 2.62986 
-0.308233 -0.637595 
532
0 
3.39301 
0.542143 
532
1 0 
3.14224 2.15476 
-0.307678 -0.648525 
536
1 0 
3.21499 2.19047 
-0.302529 -0.636032 
536
0 
3.28646 
0.549266 
544
0 
3.46775 
0.540975 
544
1 0 
3.31219 2.46128 
-0.303814 -0.641336 
548
0 
3.30929 
0.549574 
548
1 0 
3.59633 2.26047 
-0.299716 -0.638538 
552
0 
3.31808 
0.553028 
552
1 0 
3.32696 2.1224 
-0.311183 -0.650031 
556
0 
3.07038 
0.553477 
556
1 0 
3.39931 2.15339 
-0.305196 -0.645898 
560
0 
3.193 
0.547347 
560
1 0 
3.08654 2.17106 
-0.303627 -0.647969 
568
1 0 
3.37567 2.63533 
-0.303995 -0.632348 
568
0 
3.46879 
0.541313 
572
0 
3.38386 
0.543521 
572
1 0 
3.70485 2.00166 
-0.307539 -0.646478 
576
1 0 
3.08454 2.13197 
-0.303666 -0.648991 
576
0 
3.3758 
0.542919 
580
0 
3.37004 
0.555475 
580
1 0 
3.35729 1.94473 
-0.303896 -0.648814 
584
0 
3.56872 
0.540213 
584
1 0 
3.44564 2.16506 
-0.303542 -0.646471 
592
0 
3.57174 
0.539772 
592
1 0 
2.82996 2.75443 
-0.299674 -0.635228 
596
1 0 
2.92354 2.266 
-0.300196 -0.642472 
596
0 
3.39643 
0.54515 
600
1 0 
3.37948 2.87393 
-0.303228 -0.625102 
600
0 
3.15137 
0.550203 
604
1 0 
3.49899 2.13349 
-0.304322 -0.646951 
604
0 
3.32072 
0.559117 
612
1 0 
3.24364 2.14673 
-0.302948 -0.64145 
612
0 
3.17511 
0.547772 
616
1 0 
3.23181 2.26744 
-0.294979 -0.640952 
616
0 
3.21509 
0.54982 
620
0 
3.22913 
0.547346 
620
1 0 
2.85981 2.73688 
-0.297573 -0.621967 
624
0 
3.29921 
0.555415 
624
1 0 
3.20151 2.25744 
-0.308947 -0.644418 
628
1 0 
3.11377 1.98633 
-0.302302 -0.653131 
628
0 
2.76996 
0.567916 
636
0 
3.33224 
0.541665 
636
1 0 
3.46225 2.21194 
-0.298379 -0.647004 
640
1 0 
3.10862 2.4567 
-0.289133 -0.645184 
640
0 
2.78513 
0.561987 
644
1 0 
3.59309 2.76419 
-0.311303 -0.615371 
644
0 
3.42161 
0.551941 
648
1 0 
3.36107 3.26807 
-0.314019 -0.624377 
648
0 
3.0398 
0.556767 
652
1 0 
3.71277 2.20698 
-0.307924 -0.644532 
652
0 
3.4957 
0.553005 
660
1 0 
3.73241 2.99183 
-0.305219 -0.624637 
660
0 
3.36965 
0.548218 
664
1 0 
3.41928 2.13268 
-0.313188 -0.639581 
664
0 
3.38215 
0.545693 
668
1 0 
4.06653 2.81662 
-0.309099 -0.622289 
668
0 
3.48393 
0.540671 
672
1 0 
3.00765 2.53877 
-0.305012 -0.639852 
672
0 
2.80234 
0.568947 
676
1 0 
3.18529 2.48642 
-0.301526 -0.639444 
680
0 
3.22853 
0.549654 
684
1 0 
3.42445 2.79675 
-0.302875 -0.621998 
684
0 
3.23402 
0.555997 
688
1 0 
2.9211 2.88596 
-0.311863 -0.6244 
688
0 
3.68051 
0.547381 
692
1 0 
3.15944 2.66086 
-0.301921 -0.619368 
692
0 
3.51963 
0.537581 
696
1 0 
3.38939 2.25276 
-0.303799 -0.647229 
696
0 
3.42043 
0.542181 
700
1 0 
3.25663 2.4723 
-0.303866 -0.639336 
704
0 
3.38151 
0.541756 
708
1 0 
2.96376 2.2055 
-0.300602 -0.641851 
708
0 
3.28718 
0.545375 
712
1 0 
3.18863 2.60426 
-0.313679 -0.640315 
712
0 
3.40765 
0.542912 
716
1 0 
3.03694 2.20253 
-0.303565 -0.646619 
716
0 
3.41283 
0.544828 
720
0 
3.24138 
0.549896 
720
1 0 
3.01647 2.28341 
-0.313242 -0.64573 
728
0 
3.42993 
0.546066 
728
1 0 
3.26488 2.3758 
-0.308426 -0.641685 
732
1 0 
3.03466 2.38269 
-0.301563 -0.640445 
732
0 
3.33731 
0.555142 
736
1 0 
3.47338 2.19671 
-0.307788 -0.645261 
736
0 
3.2506 
0.548882 
740
0 
2.66532 
0.56825 
740
1 0 
3.2038 2.09567 
-0.304096 -0.647726 
744
1 0 
3.32974 1.81926 
-0.307098 -0.657651 
744
0 
3.40944 
0.54337 
752
0 
3.07048 
0.553927 
752
1 0 
3.14815 2.57837 
-0.303093 -0.641996 
756
1 0 
2.9039 2.50251 
-0.301981 -0.6402 
756
0 
3.43132 
0.540888 
760
0 
3.31218 
0.54756 
760
1 0 
3.21338 2.23573 
-0.305195 -0.644402 
764
0 
3.32333 
0.549796 
764
1 0 
3.37592 2.20962 
-0.302071 -0.641946 
768
1 0 
3.45672 2.37237 
-0.305359 -0.644913 
768
0 
2.76033 
0.560958 
776
1 0 
3.2715 2.15108 
-0.301254 -0.650104 
776
0 
3.37457 
0.54432 
780
1 0 
3.34991 2.96193 
-0.313004 -0.623801 
780
0 
3.32038 
0.546983 
784
0 
3.462 
0.541836 
784
1 0 
3.40112 2.32249 
-0.31582 -0.642112 
788
1 0 
3.02384 2.78626 
-0.303399 -0.620065 
788
0 
3.20778 
0.548205 
792
0 
3.3079 
0.547537 
792
1 0 
3.07835 2.59467 
-0.302577 -0.619579 
800
0 
2.98531 
0.556308 
800
1 0 
3.26998 2.80393 
-0.305163 -0.620482 
804
0 
3.53038 
0.543503 
804
1 0 
3.53948 2.83827 
-0.304574 -0.63155 
808
0 
3.36875 
0.545069 
808
1 0 
3.43683 2.80926 
-0.305202 -0.616263 
812
0 
3.4346 
0.544129 
812
1 0 
3.48245 2.13526 
-0.305187 -0.643926 
816
0 
3.25404 
0.545955 
816
1 0 
3.18027 2.1894 
-0.303774 -0.642791 
824
1 0 
3.6824 2.77908 
-0.30787 -0.623764 
824
0 
3.31108 
0.54433 
828
1 0 
3.28454 2.15417 
-0.305667 -0.645959 
828
0 
3.446 
0.541635 
832
0 
3.41456 
0.54402 
832
1 0 
3.41762 2.10863 
-0.304649 -0.64821 
836
1 0 
3.12366 2.25917 
-0.303461 -0.647444 
836
0 
2.78266 
0.563399 
844
0 
3.36517 
0.544043 
844
1 0 
3.65653 2.41619 
-0.303753 -0.640556 
848
1 0 
3.13962 2.10477 
-0.302709 -0.647323 
848
0 
3.21338 
0.549069 
852
1 0 
3.05149 2.19872 
-0.31403 -0.633855 
852
0 
3.23475 
0.547249 
856
1 0 
3.23607 2.41968 
-0.306553 -0.641329 
856
0 
3.36958 
0.542177 
860
1 0 
3.58598 2.70436 
-0.306757 -0.628772 
860
0 
3.23156 
0.550321 
868
0 
3.23116 
0.551454 
868
1 0 
3.04596 3.01614 
-0.306265 -0.623805 
872
0 
3.31788 
0.545877 
872
1 0 
3.06328 2.39725 
-0.305454 -0.639501 
876
0 
3.19208 
0.549513 
876
1 0 
3.13059 2.53795 
-0.303373 -0.640077 
880
0 
3.4907 
0.551079 
880
1 0 
3.14337 1.97346 
-0.30275 -0.649685 
888
0 
3.48808 
0.546522 
888
1 0 
3.3521 2.14927 
-0.305004 -0.647535 
892
0 
3.4326 
0.542866 
892
1 0 
3.47074 1.84187 
-0.306287 -0.646758 
896
0 
3.61241 
0.55775 
896
1 0 
3.36665 2.72408 
-0.301202 -0.629587 
900
0 
3.44413 
0.540284 
900
1 0 
3.2944 2.10136 
-0.303949 -0.645656 
904
1 0 
3.079 2.23899 
-0.3021 -0.639641 
904
0 
3.3108 
0.543604 
912
1 0 
3.36933 2.67356 
-0.304814 -0.637861 
912
0 
2.94727 
0.557046 
916
1 0 
3.28972 2.15083 
-0.306867 -0.643056 
916
0 
3.39918 
0.543355 
920
0 
3.53342 
0.542086 
920
1 0 
2.95796 3.13804 
-0.305859 -0.626653 
924
0 
3.60633 
0.55186 
924
1 0 
3.18251 2.42344 
-0.302859 -0.635714 
932
0 
3.2443 
0.555454 
932
1 0 
3.00053 2.4382 
-0.301299 -0.637196 
936
0 
3.36218 
0.544849 
936
1 0 
3.35495 2.37975 
-0.303513 -0.634833 
940
0 
3.24388 
0.547502 
940
1 0 
3.04811 2.07724 
-0.300865 -0.648303 
944
0 
3.47275 
0.539454 
944
1 0 
3.34998 2.88232 
-0.30447 -0.636488 
948
0 
3.35706 
0.54255 
948
1 0 
3.92766 2.5998 
-0.306573 -0.616073 
956
0 
3.3137 
0.547043 
956
1 0 
3.3233 2.64315 
-0.302611 -0.632784 
960
0 
3.26166 
0.549419 
960
1 0 
3.41857 2.10243 
-0.302893 -0.645905 
964
0 
3.32567 
0.550101 
964
1 0 
3.47799 2.7465 
-0.304499 -0.618768 
968
1 0 
3.04175 2.27888 
-0.300879 -0.64625 
968
0 
3.36284 
0.546078 
972
1 0 
2.94716 2.27913 
-0.302727 -0.644879 
972
0 
3.39952 
0.55123 
980
1 0 
3.32015 2.25613 
-0.298339 -0.647399 
980
0 
3.25074 
0.568399 
984
0 
3.14285 
0.552514 
984
1 0 
2.90724 2.61075 
-0.298912 -0.642139 
988
1 0 
3.6302 2.70256 
-0.304997 -0.637457 
988
0 
3.15879 
0.548381 
992
0 
3.32739 
0.542657 
992
1 0 
2.95683 2.07696 
-0.302499 -0.647647 
996
1 0 
3.58143 2.46729 
-0.2966 -0.638525 
996
0 
3.22337 
0.557266 
1004
0 
3.4339 
0.541867 
1004
1 0 
3.17605 2.49602 
-0.292637 -0.639955 
1008
1 0 
3.54344 2.30321 
-0.298464 -0.648702 
1008
0 
3.21731 
0.547983 
1012
0 
3.11549 
0.555095 
1012
1 0 
3.4013 2.48511 
-0.305548 -0.639869 
1016
0 
3.21222 
0.550376 
1016
1 0 
3.17369 2.38204 
-0.30559 -0.643248 
1024
0 
3.55502 
0.551416 
1024
1 0 
3.72397 2.19841 
-0.303404 -0.640926 
1028
0 
3.32451 
0.554196 
1028
1 0 
3.53397 1.96002 
-0.30544 -0.653956 
1032
0 
3.50049 
0.542077 
1032
1 0 
3.23536 2.24064 
-0.295311 -0.647452 
1036
0 
3.23476 
0.551985 
1036
1 0 
3.05518 2.41196 
-0.301561 -0.641953 
1040
0 
3.37708 
0.549964 
1040
1 0 
2.98451 2.4583 
-0.300322 -0.643453 
1048
0 
3.359 
0.547273 
1048
1 0 
3.10319 2.39511 
-0.307476 -0.641894 
1052
0 
3.5758 
0.544485 
1052
1 0 
3.16551 2.31023 
-0.302297 -0.64373 
1056
0 
3.52134 
0.547822 
1056
1 0 
3.39062 2.99703 
-0.305912 -0.625437 
1060
0 
3.42051 
0.562578 
1060
1 0 
3.15965 2.10287 
-0.3044 -0.650582 
1064
1 0 
3.05591 1.89634 
-0.300291 -0.647258 
1064
0 
3.11087 
0.553672 
1072
1 0 
3.24973 2.18559 
-0.304806 -0.646726 
1072
0 
3.44132 
0.547186 
1076
1 0 
3.11661 2.90592 
-0.300955 -0.619996 
1076
0 
3.44682 
0.551551 
1080
1 0 
3.97011 2.21959 
-0.30819 -0.648033 
1080
0 
3.38777 
0.54305 
1084
1 0 
3.15524 2.29966 
-0.299991 -0.64895 
1084
0 
3.12262 
0.550805 
1088
1 0 
3.57605 2.60906 
-0.2968 -0.641666 
1088
0 
3.30196 
0.5503 
1096
0 
3.58396 
0.542539 
1096
1 0 
3.30443 2.04785 
-0.301831 -0.642584 
1100
0 
3.27356 
0.544143 
1100
1 0 
3.47941 2.01626 
-0.30634 -0.649219 
1104
0 
3.60514 
0.544487 
1104
1 0 
3.44372 2.4708 
-0.309191 -0.641763 
1108
0 
3.27563 
0.546606 
1108
1 0 
3.38075 2.38641 
-0.295953 -0.637393 
1112
0 
3.33424 
0.544445 
1112
1 0 
3.25545 2.09032 
-0.309087 -0.64738 
1120
1 0 
3.22104 2.62499 
-0.316115 -0.640969 
1120
0 
3.33615 
0.550605 
1124
0 
3.35947 
0.54724 
1124
1 0 
2.94611 2.01605 
-0.300945 -0.640973 
1128
1 0 
3.29158 2.12795 
-0.302162 -0.641143 
1128
0 
3.32192 
0.545551 
1132
1 0 
3.35172 2.41366 
-0.312302 -0.64042 
1132
0 
3.3103 
0.545204 
1140
0 
3.34532 
0.545797 
1140
1 0 
3.09904 2.34996 
-0.304479 -0.649677 
1144
0 
3.51402 
0.54057 
1144
1 0 
3.34876 2.32298 
-0.302854 -0.643726 
1148
0 
3.54293 
0.547216 
1148
1 0 
3.17815 2.85054 
-0.303513 -0.6269 
1152
0 
3.48927 
0.54493 
1152
1 0 
3.34265 2.06262 
-0.308425 -0.652355 
1156
0 
3.48297 
0.544828 
1156
1 0 
3.17955 2.30131 
-0.302101 -0.649037 
1164
0 
3.01467 
0.566897 
1164
1 0 
3.49768 2.45813 
-0.305581 -0.637305 
1168
0 
3.33567 
0.553952 
1168
1 0 
3.37981 2.09554 
-0.308544 -0.640817 
1172
0 
3.15142 
0.551051 
1172
1 0 
3.03288 2.36048 
-0.303237 -0.645953 
1176
0 
3.39723 
0.553719 
1176
1 0 
2.95867 2.99058 
-0.306896 -0.625826 
1180
0 
3.46062 
0.541641 
1180
1 0 
3.74635 2.74112 
-0.306429 -0.621134 
1188
1 0 
3.63147 2.17867 
-0.300858 -0.647529 
1188
0 
2.62687 
0.570025 
1192
1 0 
3.46963 2.81712 
-0.305279 -0.632312 
1192
0 
3.23098 
0.548405 
1196
1 0 
3.58953 2.12897 
-0.305322 -0.64557 
1196
0 
3.2992 
0.545126 
1200
0 
3.37214 
0.548428 
1200
1 0 
3.38776 2.32802 
-0.304591 -0.641916 
1204
0 
3.50123 
0.542842 
1204
1 0 
3.63914 1.93032 
-0.299115 -0.65188 
1212
1 0 
3.11484 2.02168 
-0.301782 -0.650109 
1212
0 
3.73477 
0.541623 
1216
1 0 
3.15277 2.62323 
-0.308041 -0.631581 
1216
0 
3.14264 
0.550969 
1220
0 
3.07603 
0.559389 
1220
1 0 
2.9654 2.87679 
-0.300981 -0.622924 
1224
0 
3.1277 
0.552896 
1224
1 0 
3.49756 2.25376 
-0.304823 -0.642738 
1232
0 
3.49357 
0.54115 
1232
1 0 
3.09577 2.31043 
-0.302806 -0.642712 
1236
0 
3.52805 
0.53844 
1236
1 0 
3.12686 2.09716 
-0.311895 -0.640317 
1240
1 0 
3.06622 2.32757 
-0.302448 -0.638175 
1240
0 
3.51681 
0.551526 
1244
0 
3.37964 
0.545216 
1244
1 0 
3.54207 2.27902 
-0.296431 -0.642878 
1248
1 0 
3.14666 2.24192 
-0.307923 -0.640227 
1248
0 
3.45281 
0.541441 
1256
0 
3.41205 
0.547218 
1256
1 0 
3.43007 2.31928 
-0.2992 -0.640396 
1260
0 
3.35518 
0.547775 
1260
1 0 
3.17518 1.98971 
-0.303851 -0.647783 
1264
0 
3.46272 
0.539417 
1264
1 0 
3.04448 2.228 
-0.307662 -0.644919 
1268
1 0 
3.59836 2.1236 
-0.304263 -0.647068 
1268
0 
3.58806 
0.543251 
1272
0 
3.48385 
0.546814 
1272
1 0 
2.86926 2.19664 
-0.297207 -0.646328 
1280
1 0 
3.23413 2.14704 
-0.30504 -0.644846 
1280
0 
3.45916 
0.541346 
1284
0 
3.36521 
0.545124 
1284
1 0 
3.35874 1.99654 
-0.307382 -0.652642 
1288
1 0 
2.79497 2.11175 
-0.31342 -0.642904 
1288
0 
3.74624 
0.552051 
1292
0 
3.36308 
0.542862 
1292
1 0 
3.63688 2.8637 
-0.305839 -0.625075 
1296
1 0 
3.31316 2.29537 
-0.304873 -0.649401 
1296
0 
3.70039 
0.546196 
1304
1 0 
3.22925 2.1906 
-0.302467 -0.642745 
1304
0 
3.54706 
0.547725 
1308
1 0 
3.88142 2.59687 
-0.306493 -0.619671 
1308
0 
3.53514 
0.537984 
1312
1 0 
3.59566 2.02816 
-0.307412 -0.649336 
1312
0 
3.43336 
0.542186 
1316
1 0 
3.13609 2.26103 
-0.307749 -0.639954 
1316
0 
3.03131 
0.554248 
1324
0 
3.222 
0.546607 
1324
1 0 
2.98411 2.919 
-0.302136 -0.62558 
1328
1 0 
3.17388 2.28038 
-0.305845 -0.650903 
1328
0 
3.57543 
0.53559 
1332
0 
3.2886 
0.548978 
1332
1 0 
3.67202 2.25597 
-0.307068 -0.644745 
1336
0 
3.0091 
0.55493 
1336
1 0 
3.48716 2.75633 
-0.306309 -0.62349 
1340
0 
3.43171 
0.542791 
1340
1 0 
3.10851 2.62078 
-0.301103 -0.622587 
1348
0 
3.44998 
0.542908 
1348
1 0 
3.21658 2.22541 
-0.306437 -0.637933 
1352
1 0 
3.2711 2.22603 
-0.302937 -0.644578 
1352
0 
3.56822 
0.551048 
1356
1 0 
3.50494 2.6687 
-0.311014 -0.622541 
1356
0 
3.50476 
0.540945 
1360
0 
3.22661 
0.548807 
1360
1 0 
3.24596 1.96752 
-0.303651 -0.648366 
1364
1 0 
3.25618 2.02553 
-0.301 -0.649651 
1364
0 
3.19536 
0.54956 
1372
0 
3.39067 
0.543964 
1372
1 0 
3.58254 2.09266 
-0.302454 -0.647677 
1376
0 
3.3675 
0.542612 
1376
1 0 
3.13713 2.77637 
-0.291069 -0.625389 
1380
1 0 
3.07971 2.69935 
-0.301612 -0.620082 
1380
0 
3.51538 
0.54737 
1384
0 
3.24017 
0.547337 
1384
1 0 
3.38952 2.7508 
-0.304141 -0.621814 
1388
0 
3.29017 
0.546545 
1388
1 0 
3.24462 2.36582 
-0.306561 -0.640333 
1396
1 0 
3.4013 2.44554 
-0.306425 -0.640626 
1396
0 
3.36926 
0.548783 
1400
0 
3.33273 
0.546153 
1400
1 0 
3.01694 2.84144 
-0.301687 -0.63496 
1404
1 0 
3.20173 2.29529 
-0.305495 -0.643463 
1404
0 
3.30234 
0.547062 
1408
1 0 
3.15974 2.37106 
-0.302713 -0.645727 
1408
0 
3.31459 
0.545625 
1416
1 0 
3.09083 2.23826 
-0.301933 -0.645855 
1416
0 
3.67838 
0.535944 
1420
1 0 
3.409 2.50242 
-0.302011 -0.642669 
1420
0 
3.47111 
0.540724 
1424
1 0 
3.52322 2.23725 
-0.305795 -0.644894 
1424
0 
3.26982 
0.54609 
1428
0 
3.40445 
0.545432 
1428
1 0 
3.21678 2.73753 
-0.292244 -0.615256 
1432
0 
3.57816 
0.538822 
1432
1 0 
3.2178 2.1153 
-0.305108 -0.644012 
1440
0 
3.43236 
0.542287 
1440
1 0 
3.26034 2.37485 
-0.303313 -0.644037 
1444
1 0 
2.99196 2.56529 
-0.302608 -0.620794 
1444
0 
3.45563 
0.543063 
1448
1 0 
3.18468 2.22033 
-0.292478 -0.640159 
1448
0 
3.21089 
0.550693 
1452
0 
3.50513 
0.545383 
1452
1 0 
3.21623 2.19825 
-0.306968 -0.647555 
1456
0 
3.48881 
0.539909 
1456
1 0 
3.28195 2.08524 
-0.303453 -0.643357 
1464
1 0 
3.45784 2.62959 
-0.305156 -0.64303 
1464
0 
3.56358 
0.542045 
1468
0 
3.47224 
0.549829 
1468
1 0 
2.99258 2.57827 
-0.301074 -0.619128 
1472
0 
2.64092 
0.569107 
1472
1 0 
3.23614 2.34951 
-0.305685 -0.643051 
1476
1 0 
3.33693 2.41221 
-0.304544 -0.638159 
1476
0 
3.38466 
0.543749 
1480
1 0 
3.36522 2.5877 
-0.304062 -0.610904 
1484
0 
3.26208 
0.548989 
1488
0 
3.18702 
0.551641 
1488
1 0 
3.05786 2.27235 
-0.30018 -0.644708 
1492
1 0 
3.26042 2.12384 
-0.303566 -0.648671 
1492
0 
3.35165 
0.558584 
1496
1 0 
3.68325 2.8257 
-0.305459 -0.631992 
1496
0 
3.24424 
0.548174 
1500
1 0 
3.54473 2.17193 
-0.306656 -0.645204 
1500
0 
3.16334 
0.552129 
1508
0 
2.91905 
0.560405 
1508
1 0 
3.15266 2.19413 
-0.303858 -0.648342 
1512
1 0 
3.18011 3.13458 
-0.302694 -0.628845 
1512
0 
3.18851 
0.549836 
1516
1 0 
3.11194 2.2245 
-0.303658 -0.644613 
1516
0 
3.17444 
0.552278 
1520
1 0 
3.1492 2.48513 
-0.301779 -0.639111 
1520
0 
3.41201 
0.541759 
1524
0 
3.63494 
0.546351 
1524
1 0 
3.07027 2.66111 
-0.302145 -0.620875 
1532
0 
3.24347 
0.549533 
1532
1 0 
3.10261 2.50749 
-0.301167 -0.641958 
1536
0 
2.81072 
0.560732 
1536
1 0 
2.98478 2.02097 
-0.303771 -0.645723 
1540
1 0 
3.65105 2.88734 
-0.299556 -0.623707 
1540
0 
3.34295 
0.542452 
1544
0 
3.444 
0.543149 
1544
1 0 
3.16185 2.04162 
-0.304236 -0.650186 
1552
1 0 
3.27232 2.93233 
-0.302136 -0.622936 
1552
0 
3.30288 
0.548729 
1556
0 
3.21928 
0.557466 
1556
1 0 
3.308 2.50069 
-0.304043 -0.639956 
1560
0 
3.32822 
0.544998 
1560
1 0 
3.35309 2.75481 
-0.30624 -0.630437 
1564
1 0 
3.42912 2.14929 
-0.305809 -0.650915 
1564
0 
3.27974 
0.548492 
1568
1 0 
3.39477 2.14877 
-0.303607 -0.643804 
1568
0 
2.83089 
0.562627 
1576
1 0 
3.27717 2.9164 
-0.308831 -0.616204 
1576
0 
3.23503 
0.547757 
1580
1 0 
3.32848 2.11691 
-0.304747 -0.647932 
1580
0 
3.42582 
0.542179 
1584
1 0 
3.5883 2.3765 
-0.308288 -0.640811 
1584
0 
3.62711 
0.543061 
1588
1 0 
3.0864 2.27598 
-0.306174 -0.638657 
1588
0 
3.6861 
0.548232 
1592
1 0 
3.37952 2.29812 
-0.304918 -0.643503 
1592
0 
3.26816 
0.548188 
1600
1 0 
3.56935 2.77822 
-0.307963 -0.621008 
1600
0 
3.15965 
0.552734 
1604
1 0 
2.99706 2.10238 
-0.30305 -0.637673 
1604
0 
3.38751 
0.544994 
1608
1 0 
3.62233 2.19931 
-0.308237 -0.645893 
1608
0 
3.52848 
0.541025 
1612
1 0 
3.2738 2.2174 
-0.306367 -0.645743 
1612
0 
3.41497 
0.544815 
1616
1 0 
3.31596 2.37738 
-0.304899 -0.644573 
1616
0 
3.34896 
0.545107 
1624
1 0 
3.59607 2.06377