0
0 0 0 0 
2.17556 6.59134 12.4242 18.3282 
0.827044 0.267131 0.177204 0.130074 
0
1 1 1 1 1 
2.05123 7.07253 8.57829 12.4634 13.224 
-0.56029 -0.133343 -0.755659 -0.000154493 -0.462753 
4
0 0 0 0 
2.23692 6.16765 11.0918 13.9367 
0.825933 0.282393 0.175047 0.131372 
4
1 1 1 1 1 
1.87498 7.09569 7.68889 12.1278 10.0838 
-0.559923 -0.13108 -0.755621 0.000475203 -0.456711 
8
1 1 1 1 1 
1.8607 8.01725 7.22656 11.8025 12.1258 
-0.569608 -0.755253 -0.131081 -0.000664441 -0.463706 
8
0 0 0 
2.07367 6.91635 11.5419 
0.829141 0.274097 0.174258 
12
0 0 0 
2.0368 5.43795 12.78 
0.84484 0.281977 0.172315 
12
1 1 1 1 1 1 0 
1.74347 7.08968 8.79301 11.5059 13.6086 16.9488 14.2753 
-0.566113 -0.130451 -0.760471 -0.463781 -0.00193156 -0.188424 -0.636534 
16
1 1 1 1 1 
1.81212 6.5776 8.23627 10.7705 10.2398 
-0.570302 -0.131173 -0.754362 0.000792487 -0.457741 
16
0 0 0 
2.09813 7.02854 11.3133 
0.833357 0.277328 0.175974 
20
1 1 1 1 1 
1.95941 7.21906 8.96052 12.3037 13.7467 
-0.575785 -0.126896 -0.755638 -0.00456351 -0.46381 
20
0 0 0 
2.07544 6.06776 12.6477 
0.856647 0.27123 0.171733 
24
1 1 1 1 1 0 
1.87627 8.12045 9.93461 12.0898 12.8701 14.2413 
-0.57726 -0.132452 -0.765807 -0.00142717 -0.463658 -0.638121 
24
0 0 0 
2.01178 6.77938 12.4126 
0.856484 0.28117 0.177507 
28
0 0 0 
2.28066 7.09161 10.7569 
0.846996 0.278298 0.173874 
28
1 1 1 1 
1.92091 6.65999 8.77245 12.2287 
-0.586215 -0.125307 -0.764157 -0.0044567 
32
0 0 0 
2.18577 6.79945 10.1482 
0.853636 0.279711 0.172667 
32
1 1 1 1 
1.8636 6.83433 8.32218 11.3439 
-0.583344 -0.124461 -0.761599 -0.00116836 
36
1 1 1 1 1 
1.99177 7.19886 8.32139 10.552 11.3161 
-0.58517 -0.129176 -0.76277 -0.00021655 -0.466688 
36
0 0 0 
1.96784 5.52504 12.9247 
0.881625 0.286971 0.177536 
40
0 0 0 
1.91359 6.27142 13.166 
0.889021 0.289493 0.177162 
40
1 1 1 1 1 1 1 
1.91215 6.81761 7.13266 11.8111 12.5535 13.5045 20.356 
-0.607222 -0.132229 -0.765277 -0.467478 -0.00119504 -0.0617643 -0.192722 
44
1 1 1 1 1 
2.05762 6.59 11.7464 8.58324 12.8492 
-0.605465 -0.131405 -0.472734 -0.77037 -0.00436094 
44
0 0 0 
2.03559 6.57322 12.142 
0.896373 0.28756 0.178433 
48
1 1 1 1 1 0 0 
2.04786 6.14962 8.26869 12.1227 11.9061 12.2566 11.9402 
-0.61403 -0.129625 -0.765128 -0.468151 -0.00285504 -0.642633 -0.655112 
48
0 0 0 
1.99937 6.0516 10.5661 
0.898712 0.286261 0.176739 
52
1 1 1 1 1 0 
1.85987 5.78228 8.11806 12.1994 11.9849 15.1679 
-0.617822 -0.135269 -0.767884 -0.471206 -0.00291629 -0.648574 
52
0 0 0 
1.68708 5.49755 11.0575 
0.926444 0.292907 0.175999 
56
1 1 1 1 1 0 1 1 
1.82133 5.79645 8.52525 12.0338 12.9548 14.8075 20.56 18.3537 
-0.634881 -0.134976 -0.779124 -0.467147 -0.00420974 -0.648318 -0.19456 -0.0657223 
56
0 0 0 
1.9316 5.58822 10.4552 
0.927114 0.292885 0.178048 
60
0 0 0 
1.80816 6.35303 10.9173 
0.934889 0.286634 0.176325 
60
1 1 1 1 1 1 1 0 
2.10662 6.45977 8.67693 11.7188 13.7125 21.2642 16.1168 12.2063 
-0.647912 -0.137899 -0.782199 -0.00714495 -0.471469 -0.198756 -0.16113 -0.655195 
64
0 0 0 
1.9398 5.79004 10.0762 
0.93028 0.291448 0.178873 
68
0 0 0 0 
1.98535 7.06595 10.9705 16.6379 
0.948028 0.283773 0.178346 0.13092 
64
1 1 1 1 1 1 0 1 
1.96566 5.75353 12.2326 7.75726 14.3636 21.3702 12.2433 17.869 
-0.657972 -0.137431 -0.480006 -0.782971 -0.00822268 -0.160555 -0.652803 -0.196528 
68
1 1 1 1 1 1 0 
1.90417 5.75683 8.59428 11.8343 12.0262 18.9039 18.1502 
-0.662185 -0.135635 -0.788728 -0.00615896 -0.479789 -0.196041 -0.6545 
72
0 0 0 0 
2.29759 6.23303 11.3279 15.0531 
0.952406 0.294926 0.176559 0.130801 
76
0 0 0 
6.32197 2.40174 9.23803 
0.291076 0.960571 0.175433 
72
1 1 1 1 1 0 1 
1.62227 5.59836 11.6838 7.95727 11.2053 14.7158 18.4674 
-0.668324 -0.147157 -0.00578964 -0.789215 -0.480071 -0.655696 -0.195978 
76
1 1 1 1 1 0 
1.64079 6.9854 12.416 9.59169 11.8067 13.913 
-0.6905 -0.144527 -0.0040541 -0.796064 -0.482737 -0.662209 
80
0 0 0 
6.14197 2.77 10.8373 
0.291559 0.964965 0.179099 
84
0 0 0 
5.54208 2.21815 10.8652 
0.299418 0.996344 0.178145 
84
1 1 1 1 1 0 1 
1.55213 5.80386 7.56981 12.352 12.0853 14.8319 17.8248 
-0.699306 -0.143149 -0.799943 -0.00951847 -0.493866 -0.669308 -0.330404 
88
0 0 0 
7.25829 10.8379 2.88471 
0.288688 0.179382 1.00538 
92
0 0 0 
6.03771 2.71223 10.6841 
0.297506 1.03129 0.174642 
88
1 1 1 1 1 0 1 1 
1.71621 6.28455 7.28807 11.3261 9.29799 14.2507 20.0796 13.6367 
-0.718428 -0.149725 -0.809663 -0.012344 -0.497258 -0.666853 -0.075997 -0.158295 
96
1 1 1 1 1 1 0 1 
6.86023 1.92381 8.96992 10.828 10.181 11.5179 11.7768 20.2483 
-0.15771 -0.762484 -0.818886 -0.0133006 -0.501308 -0.0114201 -0.673244 -0.205553 
96
0 0 0 
5.63226 11.9949 2.61397 
0.298848 0.176889 1.003 
100
1 1 1 1 1 0 
6.41833 1.83387 7.81404 10.77 12.3798 14.0404 
-0.154123 -0.785484 -0.81924 -0.0139362 -0.497955 -0.675131 
100
0 0 0 
5.73455 7.03529 17.0973 
0.308136 0.183932 0.133719 
104
1 1 1 1 1 0 1 
5.55837 8.86023 10.1504 11.2185 1.89836 13.2819 13.8703 
-0.150878 -0.830018 -0.0129921 -0.495809 -0.80348 -0.678136 -0.200863 
104
0 0 0 
5.52364 11.8366 13.0179 
0.310429 0.17472 0.130382 
108
0 0 0 
5.63669 10.94 12.3361 
0.306725 0.180228 0.134658 
112
0 0 
5.61181 10.4275 
0.314451 0.181258 
112
1 1 1 1 0 1 
5.61428 8.2993 11.2471 9.98264 11.6083 16.6285 
-0.154431 -0.840257 -0.0170679 -0.503017 -0.689394 -0.333007 
116
1 1 1 1 1 0 
6.24598 7.23507 11.7986 10.3573 18.9615 14.6906 
-0.166815 -0.844239 -0.017064 -0.515544 -0.167259 -0.688809 
116
0 0 0 
10.3395 5.38064 16.8907 
0.181211 0.316334 0.134402 
120
0 0 0 
5.51957 10.5079 15.1455 
0.315994 0.178922 0.136293 
124
0 0 0 
6.03439 10.0891 15.9019 
0.314596 0.180378 0.128785 
124
1 1 1 1 0 1 0 
6.51342 6.54362 12.1155 11.8476 14.9555 14.0161 17.9095 
-0.178832 -0.852023 -0.0194247 -0.517472 -0.697155 -0.0859983 -0.48705 
128
0 0 0 0 
5.66548 10.249 13.1155 20.8902 
0.32304 0.179978 0.130577 0.0874301 
128
1 1 1 1 0 
4.56883 7.2154 11.3569 11.0783 12.9583 
-0.176278 -0.870965 -0.0202785 -0.516421 -0.704769 
132
0 0 0 
5.05672 10.1412 15.005 
0.327869 0.18258 0.128459 
136
0 0 0 
5.5459 11.157 14.7243 
0.325247 0.175587 0.129636 
136
1 1 1 1 0 1 
5.10256 8.31872 11.2856 10.1595 12.6962 18.3703 
-0.178506 -0.893103 -0.0221719 -0.527654 -0.717895 -0.0896484 
140
1 1 1 1 0 1 
6.09282 8.45899 11.3072 12.458 12.1209 14.1426 
-0.18482 -0.897698 -0.0211928 -0.532552 -0.711217 -0.351036 
144
1 1 1 1 0 0 1 1 
5.76589 11.0361 6.21515 9.32904 9.42073 10.6796 16.3443 15.6381 
-0.189906 -0.0203157 -0.906297 -0.544689 -0.730095 -0.719748 -0.230749 -0.187458 
140
0 0 0 0 
5.13326 10.6458 16.5436 19.9297 
0.33137 0.181193 0.129739 0.0802291 
144
0 0 
5.56589 8.78644 
0.332544 0.176314 
148
0 0 
5.22392 8.11082 
0.339752 0.178943 
148
1 1 1 0 1 1 1 
5.68577 10.702 12.295 14.3572 4.37536 17.9551 13.9986 
-0.1961 -0.0267658 -0.538264 -0.723613 -0.923705 -0.227361 -0.094966 
152
0 0 0 
5.38773 9.03222 15.6292 
0.336554 0.175956 0.127276 
152
1 1 1 0 
6.05781 10.1249 12.3857 13.5116 
-0.201277 -0.0265535 -0.544089 -0.734546 
156
0 0 0 
5.59574 8.22656 12.3511 
0.334413 0.174471 0.124784 
160
0 0 0 
4.98985 10.1985 12.052 
0.346793 0.181796 0.125173 
160
1 1 1 0 1 1 1 1 
4.17288 9.87347 12.6982 14.4393 15.4239 18.2032 15.8512 13.4273 
-0.210038 -0.0278715 -0.560213 -0.743918 -0.124201 -0.0990629 -0.367115 -0.24473 
164
1 1 1 0 1 1 1 
4.84388 10.1218 11.9154 13.8934 14.0908 11.9204 16.9414 
-0.224867 -0.0402989 -0.567752 -0.751251 -0.375906 -0.250399 -0.196523 
172
1 1 0 1 1 1 1 1 1 
4.6116 8.28217 13.1212 21.2689 16.0984 15.3536 15.5534 17.4987 19.9598 
-0.233879 -0.0427938 -0.766612 -0.113508 -0.248174 -0.38347 -0.202745 -0.162858 -0.207674 
164
0 0 0 
4.83703 9.67566 13.3084 
0.347832 0.179487 0.131834 
168
0 0 0 
5.68938 7.35196 13.0333 
0.346953 0.174166 0.132219 
176
1 1 1 0 1 1 1 1 
4.47706 10.6075 10.9161 11.5826 16.2289 15.0019 14.0822 16.4762 
-0.235117 -0.584981 -0.0451297 -0.76863 -0.207341 -0.385119 -0.296876 -0.247797 
172
0 0 0 
4.50846 11.0516 11.7835 
0.351304 0.175918 0.130901 
180
1 1 1 0 1 1 1 
4.52834 10.4172 10.1187 14.1849 17.8557 18.1086 14.5934 
-0.243765 -0.04889 -0.589756 -0.780728 -0.207166 -0.256661 -0.295661 
180
0 0 0 
3.99335 10.2441 11.6401 
0.371046 0.172843 0.132899 
184
0 0 0 
4.2743 10.6149 13.8578 
0.368887 0.173736 0.12564 
184
1 1 1 0 1 1 1 1 
3.52141 10.4409 9.05126 15.1113 15.1314 16.8287 14.8106 15.4155 
-0.259044 -0.596306 -0.055723 -0.784097 -0.20826 -0.256248 -0.38957 -0.296658 
188
1 1 1 1 0 1 1 1 0 
4.12084 8.47131 7.60133 11.9645 13.5133 9.71259 17.0541 16.3766 10.2519 
-0.261582 -0.597306 -0.0397036 -0.392277 -0.782741 -0.404461 -0.251613 -0.210627 -0.784159 
196
1 1 1 0 1 1 
4.5358 10.8257 9.15285 11.9535 13.9667 15.8155 
-0.263205 -0.0563929 -0.604192 -0.791642 -0.401243 -0.20964 
188
0 0 0 
4.49559 8.84472 14.8815 
0.374853 0.183127 0.123601 
192
0 0 0 0 
3.62478 7.90457 14.738 13.5396 
0.396332 0.195281 0.128985 0.0704231 
196
0 0 0 
4.34225 10.0614 12.7799 
0.394243 0.18612 0.131974 
200
0 0 0 
4.58586 9.61563 14.0525 
0.400119 0.189956 0.127213 
204
0 0 0 
4.55906 10.068 14.0388 
0.401794 0.184809 0.123754 
208
0 0 0 
4.39997 8.57418 13.6306 
0.415564 0.194565 0.133075 
204
1 1 1 0 1 0 0 1 0 1 1 
4.00727 9.04936 14.773 13.0319 15.3763 15.0867 16.6394 13.3996 17.922 16.5892 17.8151 
-0.280821 -0.0523798 -0.617588 -0.805098 -0.266473 -0.574968 -0.55595 -0.403711 -0.0470417 -0.307116 -0.214191 
208
1 1 1 0 1 1 1 1 0 
4.10948 8.57632 10.3879 11.4637 11.6612 20.7046 11.9167 17.1807 14.3641 
-0.287484 -0.0470452 -0.625286 -0.816011 -0.408553 -0.121437 -0.218208 -0.306534 -0.499648 
212
0 0 0 
3.94526 8.32772 9.46392 
0.432552 0.193163 0.127973 
216
0 0 0 
4.01881 8.77036 13.9488 
0.434402 0.19652 0.133483 
216
1 1 1 0 1 1 1 0 1 1 
3.62856 9.4814 10.8535 11.9404 15.9419 12.9402 14.3675 16.0522 18.5927 16.1413 
-0.299769 -0.0497777 -0.643559 -0.825242 -0.412511 -0.390483 -0.306444 -0.514583 -0.118999 -0.268759 
220
1 1 1 0 1 0 1 1 1 
3.67691 9.58607 10.5299 9.99944 14.5886 14.2096 14.8918 15.2802 14.7473 
-0.309457 -0.0536988 -0.645119 -0.83246 -0.410901 -0.507477 -0.316202 -0.123217 -0.385094 
220
0 0 0 0 
3.78665 8.77166 12.1684 17.817 
0.451337 0.198219 0.131332 0.0718357 
224
0 0 0 0 
3.60369 7.90832 14.4941 12.9761 
0.463454 0.203489 0.131686 0.0876681 
228
1 1 1 0 1 1 1 0 
3.08011 11.1342 9.46495 12.5538 10.1424 18.2523 13.5931 17.5934 
-0.319109 -0.0526309 -0.655008 -0.840563 -0.428675 -0.125644 -0.312495 -0.0523552 
228
0 0 0 0 0 
3.57641 7.86798 13.2065 9.3235 16.8606 
0.474899 0.210162 0.131933 0.142451 0.0837963 
232
0 0 0 0 0 
2.84632 8.76196 12.8062 9.18019 12.0657 
0.505161 0.206539 0.142212 0.144243 0.0856488 
232
1 1 1 0 1 1 1 0 0 1 1 1 1 
3.72952 8.17051 8.28203 12.9124 11.758 19.6684 16.0505 17.0277 14.8363 15.5256 13.9599 15.4256 15.6462 
-0.334192 -0.0507477 -0.661102 -0.846962 -0.416526 -0.125707 -0.27155 -0.517539 -0.60278 -0.226942 -0.317319 -0.18127 -0.144468 
236
0 0 0 0 0 
3.45424 8.07239 9.57632 12.5814 14.6352 
0.496645 0.212397 0.144036 0.132879 0.0789209 
236
1 1 1 0 1 1 1 0 1 1 1 1 1 
3.60036 9.02509 11.4729 11.7788 12.2051 14.826 12.8043 17.2609 15.7865 13.7872 16.3529 15.0285 13.0082 
-0.349656 -0.0549868 -0.665719 -0.854961 -0.119151 -0.179931 -0.426136 -0.52267 -0.320503 -0.226602 -0.271556 -0.14683 -0.388678 
244
0 0 0 0 
3.37638 8.11555 17.0725 16.3116 
0.522223 0.212777 0.132798 0.0752632 
244
1 1 1 0 1 1 1 0 1 1 
3.53796 9.40099 8.53648 14.1704 11.0869 17.1546 15.3356 16.4305 16.5329 14.0067 
-0.379266 -0.681347 -0.0620107 -0.870624 -0.429493 -0.281261 -0.406863 -0.589668 -0.231812 -0.130689 
248
0 0 0 0 
3.06633 8.422 10.1811 20.4989 
0.535165 0.20938 0.12724 0.0734645 
248
1 1 1 0 1 1 1 1 1 1 0 1 0 
3.29611 8.36375 11.0053 12.3436 17.0767 13.6061 18.5325 14.2079 16.0232 15.0482 16.439 16.2131 17.5845 
-0.383019 -0.0636724 -0.68908 -0.876482 -0.334351 -0.439063 -0.236917 -0.165084 -0.133973 -0.285142 -0.620697 -0.194139 -0.0578161 
252
1 1 1 0 0 1 0 1 1 0 0 1 1 0 
3.38384 7.63369 9.92943 12.4603 15.3336 13.0546 15.5801 17.016 12.5854 16.6505 18.2777 13.6374 14.8902 13.9246 
-0.407147 -0.0641517 -0.701922 -0.892995 -0.5387 -0.452963 -0.626747 -0.247876 -0.131554 -0.601083 -0.0615777 -0.337341 -0.200326 0.021356 
256
0 0 0 
3.45751 7.71733 13.4845 
0.54227 0.207937 0.121192 
256
1 1 1 1 1 1 1 1 0 0 1 0 0 0 
2.99836 8.47772 9.55494 18.8021 14.9846 13.1299 10.9521 13.3829 19.2537 18.9125 16.3886 10.2219 18.079 16.5474 
-0.421566 -0.0797332 -0.712088 -0.205448 -0.34642 -0.1435 -0.453894 -0.249416 -0.549281 -0.0697863 -0.171191 -0.898579 0.0168418 -0.635296 
260
1 1 1 1 1 1 1 1 1 1 0 0 0 1 
2.83305 7.96587 9.91664 15.1218 11.9762 13.2173 12.5399 14.3556 12.7207 17.5214 18.2634 18.929 21.9429 14.0719 
-0.443747 -0.0892403 -0.719876 -0.439631 -0.261734 -0.146627 -0.463474 -0.300191 -0.220761 -0.179315 -0.558082 -0.0790179 0.0129395 -0.349734 
264
1 1 1 1 1 0 1 0 0 1 0 1 1 1 1 
2.96058 8.4575 10.468 11.2389 16.1744 20.5752 16.0713 13.1146 17.4029 14.3979 16.7471 11.7129 19.5515 16.0256 14.8351 
-0.455905 -0.0830813 -0.738009 -0.469875 -0.353579 0.0103428 -0.161676 -0.65309 -0.0785654 -0.220543 -0.569917 -0.435142 -0.310038 -0.264326 -0.181323 
264
0 0 0 0 
2.91029 8.08072 14.2052 17.9014 
0.57524 0.204412 0.119518 0.0604271 
268
0 0 0 0 
2.80521 6.69599 13.7576 16.4831 
0.584017 0.206168 0.11725 0.055003 
272
0 0 0 0 
2.71587 7.10586 13.1847 12.5518 
0.59355 0.194034 0.0523079 0.104213 
272
1 1 1 1 1 1 0 1 1 1 0 1 
2.22518 8.38199 10.2794 13.0135 15.8555 11.2998 18.4236 16.041 14.0519 14.8419 17.8145 13.8615 
-0.508395 -0.10642 -0.763774 -0.168552 -0.324155 -0.485618 -0.0895485 -0.196867 -0.456361 -0.374043 -0.000310874 -0.230092 
276
0 0 0 0 
2.12397 7.58455 12.4752 16.0568 
0.639793 0.187839 0.108777 0.0428273 
280
0 0 0 0 
2.34796 7.96015 11.6561 16.4525 
0.633827 0.185826 0.106364 0.040324 
280
1 1 1 1 1 0 1 0 0 0 0 1 1 1 
2.90452 8.01107 7.67946 12.1007 16.1885 16.6141 13.3963 13.8975 14.7736 10.705 18.5684 12.0081 14.7168 14.0757 
-0.561533 -0.792317 -0.119719 -0.508775 -0.243801 -0.664023 -0.385444 -0.687317 -0.604483 -0.684639 -0.0108726 -0.185447 -0.340831 -0.29077 
284
0 0 0 0 
2.61343 8.2184 12.0468 19.9734 
0.639603 0.183508 0.093368 0.0308597 
284
1 1 1 0 1 1 1 1 1 0 0 1 1 
2.37757 8.53358 9.00461 13.9032 13.0152 11.6583 13.5859 15.0487 14.4782 14.8766 15.1956 11.1081 12.4706 
-0.584842 -0.122046 -0.796984 -0.69356 -0.517122 -0.193554 -0.29748 -0.347614 -0.218564 -0.676731 -0.0130972 -0.245167 -0.395559 
288
1 1 1 1 1 0 0 1 1 1 0 1 1 
2.29904 7.97999 8.07349 11.3545 12.3446 17.375 17.0673 15.2462 11.1561 13.1224 13.6315 12.1759 15.2169 
-0.617438 -0.131194 -0.808892 -0.266949 -0.531142 -0.684109 -0.615973 -0.35222 -0.192682 -0.496171 -0.710855 -0.304249 -0.227337 
292
1 1 1 1 1 1 0 0 1 1 1 0 1 0 1 
2.34482 7.11253 9.27092 13.1207 10.7359 11.7974 11.319 11.1692 16.4562 11.9635 12.3764 17.0964 12.7041 17.3183 13.7057 
-0.647935 -0.132536 -0.82948 -0.202994 -0.24072 -0.531776 -0.716751 -0.630263 -0.413816 -0.264149 -0.367016 -0.0270671 -0.311587 -0.11923 -0.503123 
296
0 0 0 
1.93657 7.24421 9.81492 
0.731473 0.177742 0.0748726 
296
1 1 1 0 1 1 1 0 1 1 0 1 0 1 1 
1.9095 6.95364 9.09246 13.8939 13.1921 11.5091 10.2424 17.4355 13.3828 15.5015 17.3841 12.2197 14.8227 13.4066 13.3872 
-0.681506 -0.148973 -0.837472 -0.725518 -0.545645 -0.27794 -0.312804 -0.636981 -0.370487 -0.422725 -0.125969 -0.215785 -0.699511 -0.509177 -0.235405 
300
1 1 1 1 1 0 1 0 0 1 1 0 
1.97332 6.83583 8.96244 11.1275 16.555 13.0388 14.3344 14.3645 14.8811 8.45586 15.2196 16.4741 
-0.713707 -0.154516 -0.856778 -0.554823 -0.28084 -0.641865 -0.324303 -0.74244 -0.0350126 -0.225544 -0.430882 -0.129383 
300
0 0 0 
1.77361 6.85363 9.415 
0.76391 0.177083 0.0766537 
304
0 0 0 0 
1.99061 6.83761 12.8001 15.0267 
0.758166 0.177087 0.0755606 0.00840003 
308
0 0 0 0 
1.98857 5.41693 12.9791 12.5505 
0.786283 0.182865 0.0760487 0.00930782 
308
1 1 1 1 1 1 0 0 1 0 0 1 1 1 
1.99867 7.28391 8.33697 14.1126 11.7863 15.7021 13.5292 13.0229 12.2307 15.5877 13.9298 10.8561 14.5968 11.8573 
-0.79277 -0.161098 -0.87342 -0.567608 -0.234481 -0.33135 -0.724651 -0.750271 -0.382525 -0.0440083 -0.719018 -0.432246 -0.287237 -0.533915 
312
1 1 1 0 1 0 0 1 1 1 1 1 0 
1.98403 6.62547 8.56855 17.0019 14.1918 15.2631 13.507 11.5008 13.3646 10.438 12.4948 11.9563 14.2862 
-0.821953 -0.170468 -0.892882 -0.665735 -0.572695 -0.758497 -0.731643 -0.231436 -0.294902 -0.546095 -0.339885 -0.439286 -0.0440842 
316
1 1 1 1 1 0 1 1 1 1 1 0 0 1 0 1 
1.97506 6.09599 8.98154 14.6095 14.3946 16.2213 9.74288 8.09886 13.4163 13.7207 15.059 12.4987 16.1124 13.861 18.8231 9.25353 
-0.853673 -0.172432 -0.898187 -0.541679 -0.454348 -0.662197 -0.568922 -0.226071 -0.389294 -0.29445 -0.343264 -0.75812 -0.0452506 -0.255263 -0.138798 -0.274472 
316
0 0 0 0 
1.68788 5.97292 12.124 13.4764 
0.898899 0.181694 0.0770478 0.00971772 
320
0 0 0 0 
2.40532 6.18863 10.4748 17.0474 
0.877011 0.179242 0.0781943 0.00793176 
320
1 1 1 0 0 1 1 1 1 1 0 1 1 1 
1.97381 7.19601 6.53567 15.4073 15.0216 16.2089 13.7886 11.9144 14.2544 14.6743 17.1579 12.5962 12.6136 14.4999 
-0.868323 -0.17267 -0.907829 -0.765122 -0.662396 -0.3981 -0.453132 -0.546294 -0.294317 -0.342296 -0.0440646 -0.239193 -0.251027 -0.49778 
324
0 0 0 0 
5.86671 2.35236 11.8796 15.5773 
0.190756 0.937017 0.0757691 0.0094907 
324
1 1 1 1 0 1 0 1 0 1 1 1 0 
6.53749 12.4357 13.2075 10.6857 15.0458 14.1133 16.8138 13.0424 18.5429 5.16035 11.2428 12.7791 17.4515 
-0.1777 -0.581893 -0.34014 -0.232472 -0.767548 -0.392508 -0.67149 -0.292068 -0.0410312 -0.923759 -0.255287 -0.451299 -0.74967 
332
0 0 0 
5.50302 11.9135 14.3701 
0.202563 0.0819449 0.0145971 
332
1 0 1 1 1 1 1 0 0 1 0 0 1 1 0 1 
6.75346 15.0108 12.4818 14.2666 11.6995 11.7876 13.0167 10.5317 19.4079 13.8736 12.3064 15.7739 10.1401 12.3915 12.7509 9.68782 
-0.177618 -0.675079 -0.598558 -0.343883 -0.393896 -0.464232 -0.555399 -0.756568 -0.0417131 -0.300927 -0.779193 -0.743573 -0.23399 -0.504149 -0.134862 -0.275222 
336
1 0 1 1 0 1 1 0 1 1 1 0 1 
6.13029 17.0729 10.4605 11.4711 13.3969 11.349 12.3094 17.3021 12.2789 12.5365 13.7968 16.3219 12.8888 
-0.178959 -0.677184 -0.596201 -0.238564 -0.781889 -0.558495 -0.457121 -0.0390247 -0.346026 -0.299234 -0.272479 -0.751504 -0.507964 
340
1 1 1 1 1 0 0 1 0 1 1 1 1 0 
5.26217 13.6858 11.4912 9.42444 15.9939 12.7743 16.0901 13.1769 13.3962 11.9456 13.9935 14.7164 14.6882 18.56 
-0.187862 -0.303372 -0.603836 -0.238746 -0.41349 -0.792505 -0.684686 -0.35236 -0.757564 -0.51048 -0.563466 -0.269089 -0.467028 -0.14663 
348
1 1 1 0 1 1 1 0 1 1 0 1 1 0 0 
5.40856 12.3129 12.1896 15.7569 10.654 10.9192 12.5797 15.3164 13.8891 11.1309 12.8881 13.8966 14.5364 15.0383 13.3459 
-0.203995 -0.321312 -0.572851 -0.698999 -0.618186 -0.256453 -0.357864 -0.773553 -0.279776 -0.472084 -0.806071 -0.42391 -0.527986 -0.565334 -0.0570512 
344
0 0 0 
5.70029 10.8846 12.4888 
0.202911 0.0791233 0.00593716 
348
0 0 0 
5.49521 11.6771 14.612 
0.208242 0.0788032 0.0114106 
352
0 0 0 
5.05679 7.9353 14.4346 
0.204832 0.0890419 0.00196896 
352
1 1 0 0 1 1 1 1 0 0 1 0 1 1 
5.98212 11.2409 16.6068 14.5253 9.94901 10.7008 14.2342 11.7257 17.4471 14.6503 10.103 12.8786 12.7784 13.6594 
-0.212389 -0.628552 -0.704916 -0.815005 -0.264843 -0.542759 -0.438757 -0.484226 -0.0601016 -0.790175 -0.382383 -0.165328 -0.327896 -0.292554 
356
0 0 0 
4.9373 11.0212 14.0162 
0.211104 0.0688314 -0.00456313 
356
1 1 0 1 0 1 1 0 1 1 1 1 0 0 1 
5.9238 13.2652 15.4464 11.9624 14.6617 14.259 12.8776 13.0835 12.1851 15.178 12.5045 7.07397 13.6085 14.0662 12.0081 
-0.225906 -0.592408 -0.718191 -0.642134 -0.794836 -0.503548 -0.387925 -0.825122 -0.335503 -0.548847 -0.443501 -0.261699 -0.166008 -0.0655493 -0.304224 
360
0 0 0 
4.56622 12.6301 13.626 
0.212375 0.0666682 -0.00579223 
364
0 0 0 
4.87826 9.22788 10.9379 
0.204586 0.0763181 -0.0132978 
364
1 1 1 0 1 1 1 1 0 0 1 0 1 0 0 0 1 
4.57838 14.1655 9.75289 14.0534 11.2638 11.3673 12.7905 10.4441 13.2205 11.2937 12.3775 14.5236 13.0113 11.9763 18.659 8.76928 12.9852 
-0.233506 -0.511287 -0.654873 -0.726067 -0.562193 -0.618939 -0.395703 -0.28176 -0.809986 -0.850186 -0.346189 -0.0689785 -0.445677 -0.16851 -0.590345 0.0323757 -0.316686 
368
0 0 0 
4.5141 10.0212 14.2854 
0.224859 0.068604 -0.00867418 
372
0 0 0 
4.58566 9.00704 13.2921 
0.226401 0.0726192 -0.00364158 
376
0 0 0 
4.71056 11.245 10.1386 
0.229594 0.0778124 -0.00317756 
372
1 1 0 1 0 1 0 1 1 1 1 0 0 1 
5.79023 12.4489 14.15 9.03842 12.4364 12.4334 17.4578 11.5566 11.1603 12.4467 10.6053 14.9814 15.2041 13.7156 
-0.249391 -0.671161 -0.823699 -0.284317 -0.857168 -0.520597 -0.745177 -0.397142 -0.621872 -0.348621 -0.562754 -0.0679884 -0.17316 -0.452842 
380
1 1 1 1 1 0 0 0 1 1 1 0 1 0 1 0 
4.90284 11.0142 11.8926 13.4913 12.64 13.2429 15.1965 12.5135 12.7587 9.29377 13.3698 15.3069 12.1273 13.9359 11.1394 15.6833 
-0.257469 -0.467659 -0.677719 -0.400725 -0.57185 -0.864185 -0.746893 -0.0726176 -0.630686 -0.283094 -0.523735 -0.171256 -0.350079 -0.823088 -0.31326 -0.595337 
380
0 0 0 
4.13261 9.5454 12.8008 
0.232171 0.0789824 0.00286978 
384
0 0 0 
4.30231 9.09596 13.1068 
0.251038 0.0761218 0.00137539 
388
1 1 0 0 1 1 0 1 1 0 1 1 1 0 1 
4.87487 10.8611 14.3601 17.8768 13.8293 11.1849 11.927 11.4979 10.9681 12.0345 10.6831 13.1786 8.42338 15.0876 9.95767 
-0.263832 -0.680761 -0.835912 -0.172255 -0.577124 -0.632776 -0.742632 -0.464549 -0.354699 -0.872761 -0.403838 -0.529669 -0.287127 -0.0651003 -0.321492 
392
0 0 0 
4.41777 11.7196 10.5771 
0.253672 0.0856968 0.00738006 
392
1 1 0 1 1 0 0 1 1 1 1 0 1 1 0 
4.24517 9.40289 12.8251 11.8924 12.6584 14.3089 16.0809 11.1138 7.64785 10.9913 13.087 13.3025 10.6283 10.7581 13.3141 
-0.265618 -0.684639 -0.876485 -0.35511 -0.528005 -0.839016 -0.171909 -0.578582 -0.283631 -0.408969 -0.468133 -0.753904 -0.640021 -0.317286 -0.0635944 
396
0 0 0 
4.34777 8.02846 13.095 
0.260564 0.0936729 0.0121849 
396
1 1 1 1 1 0 0 1 1 0 1 0 1 0 1 1 0 
4.54551 10.5461 12.017 12.3015 7.71689 12.3594 15.2397 10.8832 10.4415 15.2503 11.611 16.3101 10.3251 11.4297 15.4189 11.2708 15.998 
-0.273657 -0.691926 -0.640587 -0.402572 -0.283543 -0.165191 -0.879197 -0.357203 -0.318439 -0.841939 -0.525537 -0.756174 -0.577126 -0.0559444 -0.473672 -0.422836 -0.597361 
400
1 1 1 0 1 1 1 0 0 1 0 1 1 0 1 
3.81838 12.4493 11.4454 15.6757 12.3716 12.799 10.8713 11.3042 11.463 11.9549 12.8399 9.68209 9.51422 14.5211 10.2033 
-0.269317 -0.411058 -0.356617 -0.168327 -0.698805 -0.582573 -0.643709 -0.851236 -0.764654 -0.32087 -0.88624 -0.527807 -0.294352 -0.0598432 -0.466075 
404
0 0 0 
3.76736 9.917 9.81802 
0.29713 0.106602 0.016416 
404
1 1 1 0 0 0 1 0 1 1 1 0 1 1 
3.48179 8.68551 10.2007 12.7525 13.4372 12.1009 11.944 16.9117 10.6258 13.0979 13.073 14.0112 9.91452 11.9526 
-0.27598 -0.713782 -0.647038 -0.758344 -0.851351 -0.893538 -0.415641 -0.168361 -0.357383 -0.477289 -0.53933 -0.0596898 -0.327212 -0.296818 
408
0 0 0 
3.74825 9.91276 12.1817 
0.306754 0.103048 0.0178932 
412
0 0 0 
3.54832 8.80701 8.75057 
0.319099 0.108744 0.0222025 
412
1 1 1 0 1 1 0 1 1 1 0 0 1 1 0 0 
9.93454 3.6461 9.49897 9.52474 10.5895 9.06271 17.6476 11.2624 11.5595 10.7006 14.2783 10.6979 10.6434 12.3053 9.17707 13.083 
-0.712174 -0.286032 -0.603943 -0.0547829 -0.658701 -0.426177 -0.167057 -0.365277 -0.474025 -0.541709 -0.772143 -0.856925 -0.298984 -0.324805 -0.907363 -0.617463 
416
0 0 0 
3.13983 9.20892 12.3725 
0.341866 0.115521 0.0242162 
420
0 0 0 
3.06599 8.09279 9.25611 
0.351783 0.117584 0.0284718 
420
1 1 1 1 1 1 1 0 1 1 0 1 0 0 
3.79494 8.39419 9.3064 13.2084 10.6155 11.0716 10.2554 13.0324 11.5384 9.5865 12.2285 8.56059 8.89912 11.6661 
-0.307483 -0.731128 -0.54422 -0.608159 -0.423845 -0.365045 -0.487045 -0.777295 -0.673535 -0.308068 -0.169219 -0.336155 -0.0563953 -0.874697 
424
0 0 0 
3.55759 8.77725 11.7739 
0.35227 0.114961 0.0299084 
428
0 0 0 
3.19207 8.76715 12.2124 
0.371741 0.127279 0.027461 
424
1 0 1 1 1 1 1 1 0 1 1 0 1 0 1 
3.88245 13.7194 8.74977 11.9851 10.0089 10.0582 10.3886 10.7444 15.4147 12.7689 7.90856 16.3238 11.4339 12.0966 10.7007 
-0.313681 -0.0521955 -0.68733 -0.425041 -0.732463 -0.606835 -0.490901 -0.372259 -0.168916 -0.556176 -0.307469 -0.781034 -0.48368 -0.88367 -0.331817 
428
1 1 1 1 0 1 1 1 1 1 0 1 0 0 
3.77985 10.1243 9.81526 9.82785 10.3329 10.339 11.1797 10.8907 9.54234 10.1052 12.6047 11.4351 15.3509 12.0815 
-0.321172 -0.742286 -0.310876 -0.678483 -0.0397174 -0.487613 -0.425862 -0.560733 -0.373285 -0.61008 -0.783037 -0.329809 -0.881274 -0.166194 
432
0 0 0 
2.87685 8.52736 12.2098 
0.393119 0.121528 0.0313364 
436
0 0 0 
2.95039 8.45654 10.7869 
0.407631 0.131598 0.0362203 
436
1 1 1 1 1 1 1 1 1 0 0 1 0 
3.21429 8.11192 10.111 10.3628 10.1823 9.44287 10.1294 11.3582 8.0482 13.2509 13.0023 10.2174 17.8288 
-0.337046 -0.74853