0
0 0 0 
5.73407 12.197 19.8775 
0.295331 0.17675 0.139139 
4
0 0 0 
4.43411 11.4204 12.211 
0.300043 0.178704 0.152431 
8
0 0 0 
5.74196 8.69101 17.4048 
0.295661 0.184601 0.140671 
12
0 0 0 
5.83881 11.0423 11.2148 
0.293581 0.179323 0.138463 
0
1 1 1 1 1 0 1 
5.82527 9.55087 8.97886 13.4833 16.1239 21.9509 13.0911 
-0.182018 -0.861908 -0.0680563 -0.52172 -0.0185749 -0.699693 -0.349361 
4
1 1 1 1 0 1 1 1 
5.44004 9.07907 7.72191 12.9341 11.6911 14.0638 23.9882 11.7578 
-0.181501 -0.0696717 -0.856218 -0.521714 -0.695577 -0.0155288 -0.253485 -0.346091 
8
1 1 1 1 1 0 1 
5.89705 9.17082 11.0693 13.1565 15.2099 10.9436 16.0583 
-0.183146 -0.862874 -0.061161 -0.520636 -0.0161018 -0.694047 -0.343048 
12
1 1 1 1 1 0 1 1 
5.73877 9.2728 7.01258 12.5459 13.1712 13.0366 15.2188 15.8897 
-0.182652 -0.0545717 -0.860713 -0.525055 -0.0159843 -0.69629 -0.349971 -0.254786 
16
1 1 1 0 1 1 1 1 
5.24187 8.34889 7.85036 13.859 11.7346 17.6045 12.9874 16.0843 
-0.186601 -0.069796 -0.855864 -0.697179 -0.523848 -0.0176807 -0.345459 -0.244986 
16
0 0 0 
5.59113 9.76385 19.3428 
0.295625 0.187231 0.139026 
20
0 0 0 
5.06194 11.0212 10.8914 
0.294208 0.178881 0.154733 
24
0 0 0 
5.769 9.15807 17.2338 
0.294657 0.190302 0.141121 
28
0 0 0 
4.98722 12.1009 8.4733 
0.301199 0.177194 0.149824 
20
1 1 1 1 0 1 1 
6.2974 9.39306 11.6044 9.7362 12.6298 12.6495 14.405 
-0.185097 -0.862572 -0.0635177 -0.51715 -0.695587 -0.345962 -0.0159359 
24
1 1 1 0 1 1 1 1 
5.14658 8.68741 8.39001 13.77 11.5993 17.0118 13.4564 13.9144 
-0.183478 -0.0687972 -0.861822 -0.696958 -0.519945 -0.0168021 -0.345265 -0.240902 
28
1 0 1 1 1 1 1 
5.43771 16.3884 8.68958 11.1677 12.8857 13.9711 12.1625 
-0.181122 -0.705389 -0.861037 -0.0612885 -0.521489 -0.0152567 -0.349315 
32
1 1 1 1 0 1 1 1 
5.7621 7.96732 8.20237 11.5252 12.5593 16.5718 14.6635 17.365 
-0.182732 -0.861147 -0.0693444 -0.519542 -0.695975 -0.017134 -0.350133 -0.245616 
32
0 0 0 
5.62136 12.7316 11.6486 
0.295488 0.178945 0.139595 
36
1 1 1 0 1 1 1 1 
5.5979 9.58212 9.64759 13.6357 10.9051 13.8093 15.53 14.9445 
-0.183426 -0.861298 -0.0687076 -0.696186 -0.518328 -0.014442 -0.350343 -0.258209 
36
0 0 0 
6.12692 11.5133 9.86904 
0.290923 0.176772 0.147023 
40
0 0 0 
4.81026 13.7982 10.539 
0.30443 0.173669 0.157405 
40
1 1 1 1 0 1 1 
6.11132 8.41335 11.7878 14.7785 14.2128 12.8963 13.0839 
-0.1852 -0.861229 -0.0619705 -0.0155259 -0.695602 -0.520615 -0.346533 
44
1 1 1 0 1 1 1 
5.41036 8.85406 8.26191 13.2759 11.6092 17.9885 16.7037 
-0.181118 -0.862111 -0.069934 -0.696577 -0.524409 -0.343243 -0.0182629 
44
0 0 0 
4.98232 11.1107 17.759 
0.300839 0.179578 0.140412 
48
0 0 0 
4.12808 11.0998 11.7575 
0.306867 0.178476 0.139598 
48
1 1 1 1 0 1 1 1 1 
5.76219 9.68722 12.3022 12.8338 12.6932 15.0604 12.2114 15.3069 21.6561 
-0.183464 -0.862416 -0.0637211 -0.520655 -0.69581 -0.0157227 -0.348922 -0.257602 -0.251327 
52
0 0 0 
5.74399 11.7929 21.3977 
0.290114 0.176392 0.13758 
52
1 1 1 1 0 1 1 1 
5.87271 7.18474 11.726 11.6424 11.3098 14.8641 16.7576 16.159 
-0.182561 -0.857377 -0.524667 -0.0563101 -0.693964 -0.0164021 -0.245461 -0.345798 
56
1 1 1 0 1 1 1 
5.04271 8.58639 8.67378 19.1217 12.5591 15.2794 19.3576 
-0.177378 -0.0688776 -0.863726 -0.698456 -0.524992 -0.0157922 -0.343083 
60
0 0 0 
4.69804 11.2116 21.3396 
0.30406 0.178207 0.138375 
60
1 1 1 1 0 1 1 1 
5.79163 8.68883 7.68719 11.541 17.7955 14.9563 20.4732 17.9427 
-0.189337 -0.0691864 -0.862853 -0.523854 -0.697468 -0.0160197 -0.34242 -0.246734 
64
1 1 1 0 1 1 1 
5.7254 8.81955 9.14391 12.7225 11.5559 14.4443 13.2989 
-0.182357 -0.862544 -0.0682026 -0.695672 -0.524386 -0.0152529 -0.34863 
64
0 0 0 
5.31575 10.4367 11.4608 
0.298533 0.1803 0.155098 
68
1 1 1 0 1 1 1 
5.22591 9.56692 9.30201 17.6494 11.3341 14.7162 13.8826 
-0.180899 -0.862975 -0.0684108 -0.69811 -0.518812 -0.0160637 -0.34371 
68
0 0 0 
5.77085 11.7958 10.2622 
0.294199 0.18168 0.141073 
72
0 0 0 
5.16004 11.4779 19.2655 
0.296019 0.177435 0.138956 
72
1 1 1 0 1 1 1 1 
5.36352 11.6909 8.49603 13.3119 12.5385 15.3992 21.0505 15.6068 
-0.180367 -0.0620852 -0.861719 -0.697322 -0.52506 -0.0166873 -0.343646 -0.244087 
76
1 1 1 1 0 1 1 
5.55518 7.87134 8.49051 12.0423 18.0566 14.3582 12.8607 
-0.181583 -0.861288 -0.0692412 -0.524345 -0.698914 -0.01604 -0.349006 
76
0 0 0 
5.40337 7.73602 20.2538 
0.296185 0.175488 0.138633 
80
0 0 0 
5.52109 11.0421 10.8717 
0.292116 0.178288 0.156982 
80
1 1 1 1 1 0 1 1 
5.51667 8.72589 8.6373 11.2949 15.6862 18.4688 12.2754 13.8512 
-0.182757 -0.0691696 -0.862062 -0.519655 -0.0169479 -0.698167 -0.351021 -0.243049 
84
0 0 0 
5.71114 9.57042 11.9923 
0.293843 0.184536 0.152839 
88
1 1 1 0 1 1 1 1 
5.54447 7.97296 9.25633 17.1835 11.5477 17.0876 20.4164 16.4947 
-0.191648 -0.861324 -0.069045 -0.700207 -0.519179 -0.0179199 -0.343552 -0.245417 
88
0 0 0 
5.39408 11.4416 18.724 
0.298751 0.178296 0.14007 
92
0 0 0 
6.0218 11.2299 19.7055 
0.291708 0.177522 0.138985 
96
0 0 0 
6.3363 11.7627 16.1581 
0.29096 0.176461 0.141427 
92
1 1 1 1 0 1 1 1 
6.12034 7.34193 10.2318 11.526 18.6878 15.5032 15.5054 16.0344 
-0.185559 -0.863556 -0.522904 -0.0621135 -0.698605 -0.0167947 -0.34826 -0.255394 
100
1 1 1 1 1 0 1 
5.43891 9.27173 10.5859 8.76753 15.4622 21.3769 18.5746 
-0.181749 -0.863258 -0.523666 -0.0684769 -0.017063 -0.700114 -0.342758 
104
0 0 0 
4.85349 11.4392 18.5916 
0.302543 0.178114 0.139892 
104
1 1 1 0 1 1 1 1 
5.92503 8.8521 8.12037 11.6493 13.129 17.0458 11.7895 16.7392 
-0.183435 -0.0684687 -0.862222 -0.695471 -0.520648 -0.0169625 -0.350348 -0.247283 
108
0 0 0 
5.70245 11.3895 17.2645 
0.295299 0.177703 0.141337 
108
1 1 1 0 1 1 1 1 
5.70158 9.37919 11.7063 13.3067 11.7725 13.9344 20.2329 15.3627 
-0.187583 -0.861794 -0.0621371 -0.696356 -0.524654 -0.0155648 -0.342639 -0.243582 
112
1 1 1 1 0 1 1 
6.03166 7.73123 10.8548 10.8816 21.5929 15.0331 12.5581 
-0.184456 -0.861554 -0.0612677 -0.519229 -0.699859 -0.0164458 -0.351621 
116
0 0 0 
5.53053 10.6671 11.9977 
0.297572 0.179442 0.155055 
116
1 1 1 0 1 1 1 
5.79026 8.42748 8.38489 14.7982 12.2644 14.3883 11.907 
-0.183684 -0.861925 -0.0682609 -0.698305 -0.520389 -0.020653 -0.351808 
120
0 0 0 
5.7447 11.9845 12.0741 
0.291222 0.176894 0.152897 
120
1 1 1 0 1 1 1 
6.1073 10.2014 8.98633 12.5176 12.0181 17.1408 13.5182 
-0.194412 -0.0665759 -0.862037 -0.695179 -0.519502 -0.0182085 -0.347669 
124
0 0 0 
5.23843 11.0547 11.4327 
0.300063 0.178624 0.156138 
124
1 1 1 1 0 1 1 1 
5.35731 9.90248 6.98367 12.1533 14.0763 15.0193 15.3443 14.0049 
-0.181504 -0.0692271 -0.865571 -0.520275 -0.696913 -0.0174175 -0.347752 -0.242119 
128
0 0 0 
5.69081 8.89365 10.5377 
0.294707 0.187278 0.141729 
132
1 1 1 1 0 1 1 1 
5.50935 9.37382 8.5876 11.8822 13.6414 13.8214 15.7629 15.0289 
-0.181902 -0.0683352 -0.861802 -0.524379 -0.696917 -0.344836 -0.0189201 -0.243091 
132
0 0 0 0 
5.83997 11.8791 7.6792 16.2746 
0.290924 0.177061 0.151422 0.144204 
136
1 1 1 1 0 1 1 
5.61116 7.90892 8.52092 12.1903 17.5814 15.7703 18.1539 
-0.183249 -0.863581 -0.0692178 -0.518844 -0.697394 -0.0170046 -0.34258 
140
0 0 0 
5.33707 10.9088 17.3262 
0.29964 0.182613 0.141264 
140
1 1 1 1 0 1 1 1 
5.88391 8.2015 11.6871 8.10369 12.5453 12.7085 14.658 15.3098 
-0.184042 -0.861439 -0.52499 -0.0692931 -0.695142 -0.0121428 -0.346479 -0.241285 
144
0 0 0 
6.15972 11.0202 20.6444 
0.286295 0.179246 0.138759 
148
0 0 0 0 
5.4843 10.9999 10.8317 16.8899 
0.289087 0.179053 0.139017 0.144875 
144
1 1 1 0 1 1 1 1 
5.87955 8.68552 8.97836 20.5321 13.6908 14.0356 16.6106 14.3525 
-0.183841 -0.0699405 -0.861501 -0.699634 -0.526701 -0.0152435 -0.34193 -0.243974 
148
1 1 1 0 1 1 1 
5.36224 9.06138 11.9329 17.0485 13.1276 14.2236 11.6455 
-0.179529 -0.861875 -0.0624444 -0.698706 -0.521079 -0.0159427 -0.351542 
152
0 0 0 
6.3822 11.9831 18.7148 
0.288489 0.176691 0.139858 
156
0 0 0 
5.24478 9.32689 10.6588 
0.295685 0.187624 0.141034 
156
1 1 1 1 0 1 1 1 
6.26601 8.98992 9.00102 12.1873 13.7165 18.1049 19.9404 13.7902 
-0.190923 -0.0692769 -0.858282 -0.528029 -0.697769 -0.0180864 -0.343505 -0.239978 
160
0 0 0 
4.44752 8.99558 11.2151 
0.309014 0.179677 0.155494 
164
1 1 1 1 0 1 1 1 0 
5.16532 12.2817 9.01115 9.32315 10.6744 14.1987 15.7029 17.1477 14.6012 
-0.179097 -0.525281 -0.0697029 -0.861942 -0.694045 -0.0153859 -0.350696 -0.256947 -0.496826 
164
0 0 0 
4.952 11.5273 9.09968 
0.30217 0.177325 0.142891 
168
1 1 1 1 0 1 1 1 
5.72707 11.4696 8.55608 9.0063 19.9237 14.0227 13.3191 25.0361 
-0.183857 -0.524296 -0.067974 -0.86194 -0.698814 -0.0136489 -0.345323 -0.253027 
168
0 0 0 
4.7913 12.6778 9.96148 
0.30416 0.175612 0.146005 
172
0 0 0 
5.77916 11.8002 11.4475 
0.291171 0.177895 0.155388 
172
1 1 1 1 0 1 1 
5.13522 8.54363 12.1775 9.43224 19.0369 15.8207 15.1192 
-0.178715 -0.864953 -0.524656 -0.0688299 -0.699177 -0.016893 -0.348717 
176
1 1 1 1 0 1 1 
5.72182 9.53235 11.7977 10.3901 12.0819 14.2736 14.0344 
-0.18254 -0.861515 -0.0621631 -0.518227 -0.695385 -0.0155537 -0.3483 
176
0 0 0 
5.77169 10.5589 13.6784 
0.291662 0.179839 0.151249 
180
0 0 0 0 
5.25432 11.5156 11.5355 16.8806 
0.300181 0.177539 0.140995 0.144211 
180
1 1 1 1 1 1 0 1 
5.97448 11.9754 10.0112 7.81873 14.0493 15.0255 12.0138 15.2853 
-0.183389 -0.524618 -0.862229 -0.0694267 -0.0157063 -0.349045 -0.695267 -0.245088 
184
0 0 0 
5.7334 9.37424 12.9072 
0.294874 0.189632 0.151643 
188
1 1 1 1 0 1 1 1 
5.44781 9.2051 13.306 10.6178 17.0565 16.4933 15.709 13.6387 
-0.180379 -0.86305 -0.521327 -0.0562158 -0.698404 -0.0181022 -0.349513 -0.243013 
188
0 0 0 
5.07385 7.589 9.46117 
0.299461 0.196293 0.147173 
192
1 1 1 1 0 1 1 
5.13074 9.00281 11.9142 11.6149 16.6654 13.8912 13.9311 
-0.179357 -0.860937 -0.0621314 -0.519661 -0.697625 -0.0151395 -0.348294 
196
1 1 1 1 0 1 1 1 
5.76723 9.69855 12.9401 11.527 11.6842 15.9819 13.4993 18.6884 
-0.184284 -0.861951 -0.52509 -0.0628605 -0.695616 -0.0167144 -0.348819 -0.253804 
196
0 0 0 
5.60828 9.08065 10.993 
0.297016 0.189676 0.155883 
200
0 0 0 
5.54344 12.4554 9.63277 
0.29365 0.176478 0.142898 
204
1 1 1 1 0 1 1 1 
5.50467 8.82649 8.46909 12.6824 12.4505 15.5051 13.2528 15.5326 
-0.180868 -0.0693413 -0.863028 -0.521217 -0.695839 -0.0165442 -0.344003 -0.245147 
204
0 0 0 
5.58551 11.2299 11.0541 
0.293866 0.178553 0.155954 
208
0 0 0 
5.23049 12.0346 9.37591 
0.300178 0.176766 0.149345 
212
0 0 0 
4.15583 7.842 11.8647 
0.307112 0.194601 0.138994 
208
1 1 1 1 0 1 1 
5.52487 8.78502 8.15201 11.7066 13.1609 14.571 13.01 
-0.181666 -0.864578 -0.0693659 -0.520199 -0.695559 -0.015982 -0.348036 
216
0 0 0 
5.68047 11.7441 13.0402 
0.296812 0.178208 0.150227 
216
1 1 1 1 0 1 1 1 
5.25601 9.32429 10.1265 10.8222 17.246 14.6122 10.6889 14.4874 
-0.1821 -0.0684249 -0.86234 -0.517923 -0.705213 -0.0162424 -0.353109 -0.251656 
220
0 0 0 
4.85208 12.2827 11.8481 
0.303122 0.179246 0.152773 
220
1 1 1 1 0 1 1 
6.29223 9.00692 8.64137 11.4036 12.4198 14.6569 11.8839 
-0.185246 -0.068219 -0.863346 -0.519224 -0.694999 -0.0161144 -0.343327 
224
0 0 0 
5.99536 11.3275 9.87799 
0.293159 0.177756 0.142593 
228
0 0 0 
5.28035 8.75942 11.8084 
0.298266 0.174974 0.154329 
228
1 1 1 1 1 0 1 
5.39563 11.9666 11.7421 10.4629 13.9242 12.1607 15.0169 
-0.181227 -0.519686 -0.0621943 -0.861655 -0.351481 -0.695715 -0.0155807 
232
0 0 0 
4.47337 9.50347 13.2213 
0.301618 0.188237 0.151358 
232
1 1 1 1 0 1 1 1 
6.14747 7.55456 10.389 8.47661 13.9727 14.7712 14.2264 15.21 
-0.185157 -0.860098 -0.517834 -0.0685581 -0.697509 -0.0173289 -0.34907 -0.257419 
236
1 1 1 1 0 1 1 1 0 
6.08417 9.95494 8.84214 13.2609 14.242 14.625 13.3093 20.0157 14.1259 
-0.185159 -0.860982 -0.0548645 -0.52574 -0.695615 -0.0181209 -0.351903 -0.247705 -0.48797 
236
0 0 0 
5.83469 10.2749 9.66923 
0.292399 0.179028 0.158453 
240
0 0 0 
6.52831 10.9123 10.4207 
0.290667 0.177852 0.153885 
244
1 1 1 1 1 1 0 1 0 
5.68471 13.9308 9.75084 12.8481 15.1808 13.0607 11.3415 16.6178 15.9567 
-0.183741 -0.0620531 -0.861217 -0.525483 -0.0175847 -0.351405 -0.694106 -0.244841 -0.490072 
244
0 0 0 
5.50479 8.03534 9.45078 
0.298072 0.185432 0.159342 
248
0 0 0 
4.98376 11.3786 9.55354 
0.307428 0.176917 0.157763 
248
1 1 1 1 1 0 1 1 0 
5.80692 9.24587 10.2277 11.9451 15.1496 11.757 17.343 17.7684 15.6461 
-0.184211 -0.862678 -0.0568828 -0.519753 -0.0189412 -0.696414 -0.346492 -0.253093 -0.497943 
252
0 0 0 
5.15179 9.95987 10.32 
0.30451 0.179872 0.140217 
252
1 1 1 1 1 0 1 1 
5.53585 7.85271 9.37345 12.6322 15.1839 11.8447 19.1448 13.2114 
-0.183783 -0.86126 -0.0550537 -0.525062 -0.0172343 -0.694654 -0.248771 -0.346575 
256
1 1 1 1 1 0 1 1 
5.86311 8.90879 8.39988 12.5598 14.846 14.0535 12.5849 17.7136 
-0.184592 -0.85953 -0.068987 -0.525612 -0.0179532 -0.69265 -0.348105 -0.250335 
260
1 1 1 1 0 1 1 1 0 
5.26319 10.0566 9.8434 11.8963 17.3198 16.0381 16.2822 15.8032 15.731 
-0.181278 -0.860929 -0.0558549 -0.524524 -0.703577 -0.0194686 -0.349606 -0.245563 -0.489264 
260
0 0 
5.19956 9.90359 
0.292425 0.180627 
264
0 0 0 
5.94361 10.1581 9.38055 
0.29008 0.179435 0.160463 
264
1 1 1 1 0 1 1 1 0 
5.28624 9.77366 11.7417 9.75417 17.1404 15.7903 13.2778 17.6167 16.3891 
-0.181687 -0.860011 -0.524809 -0.0552419 -0.699078 -0.0179072 -0.347961 -0.25021 -0.498504 
268
1 1 1 1 0 1 1 1 0 
5.90031 8.11477 7.68973 12.0416 18.3677 16.2845 14.5878 20.4361 12.9244 
-0.184491 -0.861573 -0.0712189 -0.52481 -0.705246 -0.0196036 -0.346803 -0.246534 -0.489584 
272
1 1 1 1 1 0 1 1 
6.17418 10.2142 11.8942 12.3533 14.9695 14.2094 14.7243 20.2151 
-0.189761 -0.860936 -0.0589116 -0.525439 -0.0177507 -0.696373 -0.348855 -0.247449 
272
0 0 0 
6.05018 11.0142 9.52004 
0.290126 0.181313 0.158904 
276
0 0 0 
4.69915 10.2001 9.6843 
0.294456 0.177992 0.15912 
276
1 1 1 1 1 0 1 1 0 
5.98158 8.26334 12.48 9.2589 14.2705 13.6309 14.2308 17.2476 13.8011 
-0.185126 -0.86052 -0.525234 -0.0551527 -0.0165965 -0.697053 -0.348267 -0.245567 -0.486908 
280
0 0 0 
5.30027 11.2938 10.9917 
0.301375 0.177258 0.154196 
280
1 1 1 1 0 1 1 1 
5.47278 8.98821 11.1887 11.6024 18.4641 17.1787 13.8809 19.1959 
-0.183005 -0.860393 -0.0580633 -0.524469 -0.704495 -0.0186593 -0.348152 -0.247307 
284
0 0 0 
4.85532 10.7912 10.4178 
0.308129 0.178653 0.142337 
284
1 1 1 0 1 1 1 1 0 
5.52488 10.7896 9.35199 12.5093 11.3944 13.0062 14.4533 14.5003 12.4331 
-0.182549 -0.861054 -0.055694 -0.694578 -0.519806 -0.0177621 -0.348347 -0.245238 -0.487761 
288
0 0 
5.76921 9.57472 
0.291925 0.183874 
292
1 1 1 1 1 0 1 1 0 
5.6512 9.18987 12.2871 8.53489 15.7247 14.5022 14.8576 18.2629 14.348 
-0.18351 -0.861467 -0.525299 -0.0546415 -0.0179472 -0.694899 -0.348691 -0.246934 -0.497222 
292
0 0 
6.38169 11.4076 
0.291374 0.176923 
296
1 1 1 1 1 1 0 1 
5.93091 10.7125 12.0959 8.92783 13.298 13.972 14.8484 22.2216 
-0.184627 -0.860959 -0.525403 -0.0542992 -0.0164173 -0.346467 -0.697172 -0.247046 
300
0 0 
4.90792 9.92989 
0.307496 0.176534 
304
0 0 
5.84166 11.4113 
0.295266 0.17772 
308
0 0 0 
5.18151 10.0456 11.0147 
0.303143 0.179617 0.155454 
304
1 1 1 1 1 0 1 0 1 
4.83616 9.23903 12.5476 13.0899 15.1751 11.8467 13.1399 15.2737 17.0377 
-0.174337 -0.860317 -0.525216 -0.0593757 -0.0189027 -0.696904 -0.350401 -0.489315 -0.252588 
308
1 1 1 1 0 1 1 1 
5.11489 7.90448 14.1434 13.8135 20.0213 16.4932 12.5538 18.4803 
-0.179836 -0.859679 -0.0601566 -0.521471 -0.698664 -0.0177418 -0.350719 -0.25121 
312
0 0 0 
4.5867 10.5597 15.1712 
0.310087 0.178544 0.145135 
312
1 1 1 1 1 0 1 1 
5.82874 13.2759 7.88272 15.0538 13.3916 16.7897 13.825 21.6101 
-0.184777 -0.059917 -0.861439 -0.0175819 -0.520555 -0.702524 -0.350984 -0.247218 
316
1 1 1 1 1 0 1 1 
5.17424 8.79533 12.2914 8.93053 15.6939 19.1996 12.9423 18.7439 
-0.181063 -0.8608 -0.525186 -0.0558732 -0.0182047 -0.698777 -0.346691 -0.245236 
320
1 1 1 1 1 0 1 1 
5.33789 9.03155 12.7799 12.6759 15.1032 17.2043 15.3793 15.567 
-0.182962 -0.860833 -0.0586202 -0.525417 -0.0172313 -0.697883 -0.350141 -0.249434 
320
0 0 
5.76843 10.4754 
0.288586 0.17774 
324
0 0 0 
5.18253 11.5653 10.1294 
0.303835 0.177103 0.143822 
328
0 0 0 
6.66412 12.0698 9.80973 
0.282133 0.175608 0.145689 
328
1 1 1 1 1 0 1 1 0 
5.3492 9.65437 8.48279 12.5881 14.965 13.3692 15.6108 20.6034 12.6552 
-0.182718 -0.861148 -0.0695815 -0.525347 -0.0179416 -0.695658 -0.348425 -0.249814 -0.486028 
332
0 0 0 
6.05299 9.5606 11.7775 
0.294136 0.180395 0.152998 
332
1 1 1 1 0 1 1 0 
6.0968 8.43768 11.9087 8.38159 11.3489 16.1293 14.3227 16.7302 
-0.185281 -0.862145 -0.524471 -0.0689957 -0.694387 -0.0179874 -0.347503 -0.490955 
336
0 0 
4.98504 11.5515 
0.305677 0.180598 
336
1 1 1 1 1 0 1 1 
5.36896 10.3521 12.049 9.17147 15.6339 14.4673 14.0408 23.5067 
-0.181146 -0.862431 -0.524999 -0.0570385 -0.0201041 -0.695296 -0.35096 -0.247811 
340
1 1 0 1 1 1 1 1 
5.71479 10.6621 19.7482 9.26098 11.9748 14.8517 12.5577 19.5094 
-0.195175 -0.860621 -0.703748 -0.0550474 -0.525421 -0.0185096 -0.346813 -0.24632 
344
0 0 
5.68558 10.722 
0.297372 0.178175 
344
1 1 1 1 0 1 1 1 0 
6.37647 9.86337 14.3454 12.2294 12.0373 21.4837 22.6251 16.202 13.5787 
-0.187838 -0.860833 -0.0607095 -0.520669 -0.694788 -0.0153693 -0.24699 -0.350165 -0.491094 
348
0 0 0 
5.64487 9.8551 14.0765 
0.297024 0.183421 0.147332 
348
1 1 0 1 1 1 1 1 
5.40996 9.44363 10.7886 8.69377 16.1865 11.9411 15.1557 23.5481 
-0.190348 -0.861796 -0.695357 -0.0557113 -0.0183284 -0.524935 -0.346353 -0.248713 
352
1 1 1 1 1 0 1 1 0 
5.63639 9.20259 8.68586 11.7347 11.1328 12.0329 14.0314 18.5782 14.769 
-0.183977 -0.860265 -0.054902 -0.0183349 -0.518708 -0.695475 -0.349417 -0.252446 -0.497454 
356
0 0 
5.60938 11.0837 
0.292571 0.177072 
356
1 1 1 1 1 0 1 1 1 
5.24801 7.87533 9.36142 12.7712 15.7345 13.9122 12.9546 21.3812 14.5671 
-0.181354 -0.86101 -0.0557236 -0.525211 -0.0182316 -0.697803 -0.346674 -0.248569 -0.257606 
360
1 1 1 1 1 1 0 1 0 
4.59879 9.14116 9.04524 13.1036 14.489 16.349 11.6576 21.0558 14.5494 
-0.173039 -0.860049 -0.0540808 -0.52169 -0.0196356 -0.346418 -0.694542 -0.247102 -0.498786 
360
0 0 
4.67954 11.2323 
0.306899 0.177037 
364
1 1 1 1 1 1 0 1 0 
5.19477 9.51137 8.6826 12.6232 16.8383 15.137 12.5038 18.8671 16.534 
-0.179326 -0.860698 -0.0693847 -0.525603 -0.018322 -0.348725 -0.695404 -0.251098 -0.491048 
368
1 1 1 1 0 1 1 1 
5.2572 9.59107 9.79618 11.9776 10.8857 16.3242 17.2061 21.8262 
-0.181493 -0.859369 -0.0681455 -0.519878 -0.694473 -0.0200425 -0.349867 -0.246543 
368
0 0 0 
5.89276 10.7456 9.0636 
0.291799 0.1791 0.161342 
372
1 1 1 1 1 0 1 1 0 
5.43778 9.71712 12.6039 12.8527 14.6649 13.0584 12.5366 22.5196 16.907 
-0.182772 -0.861873 -0.52485 -0.0605642 -0.0183579 -0.698314 -0.349245 -0.249469 -0.490888 
376
1 1 1 1 1 0 1 1 
6.71039 7.84443 15.2578 8.43966 12.173 11.2448 11.6902 22.5414 
-0.187955 -0.85992 -0.0181055 -0.0667978 -0.519629 -0.695209 -0.348631 -0.249109 
376
0 0 0 
5.60129 10.7186 10.4242 
0.295382 0.178297 0.155609 
380
1 1 1 1 1 0 1 1 
5.7597 9.14672 11.6313 12.3031 15.2241 11.4611 13.859 16.6411 
-0.184568 -0.860666 -0.0585891 -0.52514 -0.0177257 -0.695527 -0.35231 -0.255917 
380
0 0 
5.44755 10.934 
0.295211 0.177198 
384
0 0 
5.48768 11.5628 
0.293307 0.1769 
388
1 1 1 1 1 0 1 1 0 
5.46126 11.6812 8.11168 8.74098 13.7097 12.6224 17.073 26.4966 15.1675 
-0.182101 -0.519842 -0.860383 -0.0677667 -0.0182589 -0.694316 -0.347193 -0.249035 -0.49346 
388
0 0 
4.82849 10.9367 
0.301637 0.178107 
392
0 0 
5.20473 10.8566 
0.29707 0.177774 
392
1 1 1 1 1 0 1 1 
5.42841 13.3789 9.55751 12.2125 15.3594 15.8904 13.4435 20.444 
-0.195559 -0.0589665 -0.860726 -0.525509 -0.0180539 -0.701975 -0.348403 -0.247305 
396
0 0 0 
5.43136 10.9087 9.57555 
0.295455 0.177834 0.159595 
400
0 0 0 
5.69051 11.3123 9.97581 
0.291888 0.178246 0.157726 
400
1 1 1 1 0 1 1 1 
5.96692 10.9558 8.4892 12.8285 10.823 16.9009 13.6119 21.968 
-0.184505 -0.860354 -0.0691798 -0.524723 -0.693992 -0.0178153 -0.350955 -0.25519 
404
1 1 1 1 1 0 1 1 
5.31957 9.58899 13.0807 10.1195 16.2359 11.1396 12.8896 21.9715 
-0.181387 -0.860777 -0.525546 -0.0571823 -0.0177615 -0.694155 -0.352595 -0.248392 
404
0 0 0 
5.60029 10.0053 9.40151 
0.298283 0.182019 0.161472 
408
0 0 
5.51351 10.4957 
0.295792 0.179463 
412
1 1 1 1 1 0 1 1 
5.32522 9.63645 11.9069 12.2257 16.853 12.784 14.7287 20.7824 
-0.180332 -0.861293 -0.057365 -0.524795 -0.0184643 -0.696273 -0.350961 -0.247171 
412
0 0 
5.68786 11.5952 
0.297115 0.177297 
416
1 1 1 1 1 0 1 1 
6.0756 8.14446 9.89154 12.4113 15.6128 11.1075 21.3013 13.5768 
-0.185969 -0.0690065 -0.860907 -0.525772 -0.0172763 -0.694264 -0.247944 -0.348849 
420
1 1 1 1 1 0 1 
5.39582 9.7183 14.0866 12.0648 14.7919 14.0507 13.3329 
-0.18079 -0.860584 -0.0588826 -0.524475 -0.0182005 -0.696391 -0.345661 
420
0 0 
4.69137 10.8245 
0.304493 0.179225 
424
1 1 1 1 0 1 1 1 
6.30664 10.2466 12.1398 10.1466 17.9743 15.1582 18.6338 13.4602 
-0.192072 -0.860739 -0.524611 -0.0695376 -0.70368 -0.0169689 -0.249408 -0.348221 
428
1 1 1 1 0 1 1 1 
6.20994 8.35921 10.8703 12.5628 12.1933 14.4519 18.6807 16.446 
-0.185742 -0.861328 -0.0687853 -0.525304 -0.694571 -0.0176894 -0.349574 -0.245738 
424
0 0 
4.48237 8.63354 
0.303539 0.173982 
432
0 0 0 
5.25658 10.1968 13.9225 
0.299143 0.179915 0.149208 
432
1 1 1 1 0 1 1 1 1 
5.58891 8.66318 10.2011 10.4452 10.7425 15.4015 13.7392 25.756 19.9088 
-0.181576 -0.0708029 -0.860537 -0.518187 -0.693548 -0.0169975 -0.348359 -0.25314 -0.254554 
436
1 1 1 0 1 1 1 1 
5.63742 8.17396 9.2916 11.1175 12.5284 14.6745 17.6092 15.6842 
-0.183207 -0.859723 -0.0544173 -0.694422 -0.52057 -0.0171619 -0.245819 -0.349772 
436
0 0 0 
5.51363 11.4475 10.2732 
0.295407 0.176109 0.157757 
440
0 0 
5.90638 10.3945 
0.29155 0.180568 
440
1 1 1 1 0 1 1 1 
6.03063 9.59883 9.4472 11.5541 13.2233 15.8513 18.1528 15.7197 
-0.184141 -0.859931 -0.0647856 -0.519261 -0.693067 -0.0178762 -0.253175 -0.349404 
444
0 0 0 
5.85427 10.8231 11.3404 
0.291695 0.178664 0.153589 
448
1 1 1 1 0 1 1 1 
5.57544 12.5339 8.38686 11.612 12.7222 13.9789 15.8494 19.6029 
-0.18649 -0.0655532 -0.860608 -0.524382 -0.694768 -0.0192481 -0.3423 -0.249198 
448
0 0 0 
5.50127 9.83656 14.9084 
0.293978 0.177199 0.146144 
452
1 1 1 0 1 1 1 1 1 
6.34651 9.41001 8.87074 12.1492 11.196 16.1172 12.8685 21.1044 21.3667 
-0.186611 -0.860009 -0.054551 -0.695978 -0.52363 -0.0176867 -0.351277 -0.251036 -0.254887 
456
0 0 0 
5.5214 10.9026 16.5741 
0.295915 0.178799 0.142444 
456
1 1 1 0 1 1 1 1 
5.85936 8.70395 16.0668 13.3873 12.0349 13.5112 13.0579 22.5143 
-0.188792 -0.860435 -0.059968 -0.696434 -0.525023 -0.0174035 -0.347869 -0.255168 
460
1 1 1 0 1 1 1 1 1 
6.06966 7.79787 10.8458 19.2231 11.7339 15.6577 16.3593 13.5102 20.5585 
-0.184739 -0.86021 -0.0555241 -0.704213 -0.523799 -0.0176072 -0.246065 -0.347795 -0.255053 
460
0 0 0 
5.76944 13.3587 17.0662 
0.292166 0.170592 0.141253 
464
0 0 0 
5.07773 9.434 17.2114 
0.297723 0.171991 0.144631 
468
0 0 0 
4.59526 11.2373 15.6807 
0.302001 0.177434 0.143958 
468
1 1 1 0 1 1 1 1 
5.81244 9.52179 12.6327 12.5689 12.0659 13.8582 18.8684 19.9999 
-0.183363 -0.861224 -0.0589783 -0.695191 -0.524407 -0.0180511 -0.342291 -0.248283 
472
0 0 0 
5.18679 10.3535 15.4421 
0.299154 0.180184 0.14049 
472
1 1 1 1 1 0 1 1 1 
5.74108 9.56662 11.6648 12.5034 15.5649 12.1995 17.9739 18.51 18.1256 
-0.184106 -0.86004 -0.523581 -0.0586487 -0.018127 -0.695745 -0.348809 -0.249061 -0.255727 
476
1 1 1 1 0 1 1 1 
6.60468 9.86078 12.8206 14.8306 12.3705 13.4393 26.2644 17.8544 
-0.190204 -0.860083 -0.524437 -0.0608221 -0.695583 -0.014776 -0.248477 -0.343364 
480
1 1 1 0 1 1 1 1 
5.92102 10.4586 8.8903 10.2432 11.9724 16.71 19.1709 12.0394 
-0.183409 -0.860016 -0.0656874 -0.693681 -0.524337 -0.0172619 -0.245823 -0.344492 
480
0 0 0 
5.1045 10.7482 11.9913 
0.300668 0.179428 0.153036 
484
1 1 1 1 1 0 1 
5.97456 10.2045 10.0262 12.243 13.7817 11.9401 11.7031 
-0.184403 -0.861171 -0.0670008 -0.524868 -0.0207291 -0.695236 -0.352265 
484
0 0 0 
5.53381 11.5735 11.5945 
0.294862 0.177366 0.152316 
488
0 0 0 
5.32799 12.2453 17.2125 
0.294372 0.175903 0.139932 
492
1 1 1 1 1 0 1 1 
5.89728 8.36734 8.94059 15.9261 12.4962 11.1703 15.3169 20.1834 
-0.184029 -0.860742 -0.0643182 -0.0177651 -0.519798 -0.694183 -0.350253 -0.246778 
492
0 0 0 
5.2777 11.7655 11.2845 
0.294642 0.176564 0.153186 
496
1 1 1 1 1 0 1 1 
5.72389 9.87867 13.3114 13.2002 16.3665 10.7906 13.9309 15.3845 
-0.183848 -0.861234 -0.0599699 -0.525012 -0.0177873 -0.693805 -0.351539 -0.249098 
496
0 0 0 
5.5015 11.788 11.4775 
0.295319 0.177474 0.152707 
500
0 0 0 
4.58214 9.04272 12.3382 
0.306232 0.173344 0.152339 
500
1 1 1 0 1 1 1 1 
5.465 9.01786 7.46352 11.6543 17.1496 12.6015 21.3217 13.2136 
-0.182602 -0.0697162 -0.859147 -0.693713 -0.0177332 -0.525117 -0.344551 -0.247098 
504
1 1 0 1 1 1 1 1 1 
6.15224 10.3469 16.7192 10.6105 15.4586 11.4535 24.5084 24.4666 16.9502 
-0.186956 -0.86116 -0.698041 -0.0567096 -0.0168597 -0.519238 -0.343633 -0.253132 -0.254119 
504
0 0 
5.61622 11.7282 
0.297581 0.17649 
508
0 0 0 
5.52277 10.2997 10.7989 
0.298808 0.171432 0.155931 
512
1 1 1 1 1 0 1 1 
6.33253 9.02636 12.0103 12.9929 17.4753 11.4021 12.995 25.0931 
-0.193948 -0.86064 -0.0569118 -0.525222 -0.0177773 -0.694934 -0.350048 -0.248716 
512
0 0 0 
4.88719 9.8085 16.6053 
0.300075 0.178232 0.146622 
516
1 1 1 1 1 0 1 
6.19509 10.6133 11.2923 16.1081 10.8486 10.2137 15.1824 
-0.185113 -0.862172 -0.0582604 -0.0179819 -0.518375 -0.693622 -0.351264 
516
0 0 0 
5.58683 12.2969 12.3767 
0.294069 0.17635 0.152691 
520
0 0 0 
5.88716 11.391 8.50603 
0.297305 0.172464 0.160849 
524
0 0 0 
5.7779 9.92803 14.1168 
0.298696 0.177508 0.148928 
524
1 1 1 0 1 1 1 
5.50433 7.3516 8.91881 15.2938 10.9014 15.6143 19.9525 
-0.181067 -0.859578 -0.06513 -0.696153 -0.517958 -0.0160403 -0.343149 
528
1 1 1 1 1 0 1 1 0 
5.96278 10.4621 9.10353 12.1796 15.347 12.7755 21.0219 19.8878 19.0479 
-0.185006 -0.86083 -0.0537794 -0.524673 -0.0200244 -0.695693 -0.343346 -0.245764 -0.490504 
532
0 0 0 
4.7688 12.0996 12.3725 
0.30106 0.178403 0.153253 
532
1 1 1 1 1 0 1 1 
5.87923 9.27241 8.9831 12.3088 15.4378 12.7538 21.623 14.5157 
-0.183179 -0.86123 -0.0546759 -0.524829 -0.0180139 -0.696633 -0.344526 -0.24428 
536
1 1 1 0 1 1 1 1 
6.13996 9.69418 9.58968 13.4369 11.9981 15.9687 14.1614 14.6159 
-0.184744 -0.860289 -0.0659785 -0.695558 -0.524318 -0.0183864 -0.350466 -0.253529 
536
0 0 
5.02386 10.9716 
0.299452 0.178262 
540
0 0 0 
5.42718 9.42604 13.0149 
0.29487 0.172794 0.152102 
540
1 1 1 1 1 0 1 1 
5.99168 8.63916 11.4345 16.9453 12.902 13.2021 17.049 15.0417 
-0.18481 -0.860771 -0.0562793 -0.0175585 -0.52575 -0.695021 -0.34907 -0.244083 
544
0 0 0 
5.6827 10.5447 12.3288 
0.300003 0.178897 0.152961 
548
0 0 0 
5.55171 10.7462 11.3018 
0.298179 0.178138 0.155926 
548
1 1 1 1 0 1 1 1 
5.82628 9.62694 13.0155 9.74408 11.5392 13.8444 21.8435 14.9928 
-0.184474 -0.859854 -0.525806 -0.0645199 -0.695353 -0.0178193 -0.247459 -0.350137 
552
0 0 0 
5.48193 10.4269 11.6532 
0.293319 0.179886 0.154432 
552
1 1 1 0 1 1 1 1 
5.27749 8.53129 8.90287 15.1505 11.9099 16.3779 13.4114 20.1068 
-0.181156 -0.860672 -0.0543638 -0.69708 -0.524243 -0.0181387 -0.350164 -0.248205 
556
0 0 
5.39907 10.432 
0.300336 0.178651 
560
1 1 1 1 0 1 1 1 
5.21177 8.48859 13.1744 13.0935 10.94 14.9479 12.3169 23.3663 
-0.180652 -0.860572 -0.0587527 -0.525479 -0.694277 -0.0161581 -0.345268 -0.249399 
564
1 1 1 1 1 0 1 1 
5.64264 8.82181 8.92395 12.0068 15.6764 11.0345 14.2003 14.4725 
-0.183449 -0.861134 -0.054013 -0.524998 -0.0201308 -0.693536 -0.35183 -0.247825 
564
0 0 0 
5.73011 10.8312 11.3793 
0.291525 0.17866 0.153137 
568
1 1 1 1 0 1 1 1 
6.06959 9.8314 11.9022 8.61581 11.5979 15.3948 17.7139 17.446 
-0.184555 -0.860642 -0.5243 -0.0699672 -0.694784 -0.018054 -0.34677 -0.25521 
568
0 0 0 
6.05348 11.1792 10.7354 
0.29439 0.178744 0.155162 
572
0 0 
5.51592 11.8167 
0.293967 0.176995 
576
1 1 1 1 0 1 1 1 
5.69216 9.71362 12.581 9.58856 12.4302 15.7205 16.6705 13.7961 
-0.18393 -0.860153 -0.524703 -0.055443 -0.696142 -0.017203 -0.244644 -0.350432 
576
0 0 
5.75444 11.5699 
0.298272 0.177186 
580
0 0 0 
5.35768 10.1199 10.3844 
0.294548 0.172658 0.158742 
580
1 1 1 1 0 1 1 1 
5.50658 10.0023 12.4313 9.6206 13.7833 15.6399 16.8803 12.0167 
-0.191505 -0.86055 -0.525085 -0.0553788 -0.696808 -0.0171948 -0.246169 -0.35128 
584
1 1 1 1 0 1 1 1 
6.69707 10.4001 11.774 9.98953 11.4444 15.0974 18.8333 19.5713 
-0.187421 -0.859809 -0.524648 -0.0558499 -0.693953 -0.0198345 -0.344196 -0.247972 
588
1 1 1 1 1 0 1 1 
6.45288 8.06804 14.455 11.8705 16.2595 14.4569 13.9051 16.3069 
-0.185994 -0.861142 -0.0600296 -0.52504 -0.0177867 -0.697212 -0.243683 -0.349164 
588
0 0 
5.32401 12.0342 
0.297427 0.176853 
592
1 1 1 1 0 1 1 1 
6.58641 10.283 12.5678 10.3198 11.3231 14.2866 17.294 16.2156 
-0.190044 -0.860485 -0.525546 -0.0575392 -0.695175 -0.0176515 -0.343007 -0.247041 
592
0 0 0 
6.06827 11.109 11.8207 
0.29129 0.178433 0.153975 
596
1 1 1 1 0 1 1 1 
5.15273 9.44124 11.2974 15.0137 11.8305 16.7879 13.1804 19.8649 
-0.179204 -0.861021 -0.518946 -0.0597814 -0.694791 -0.0184007 -0.351529 -0.246676 
600
1 1 1 1 1 0 1 1 
6.10501 9.89777 12.6735 15.2231 16.4861 10.7543 16.7632 16.6404 
-0.185714 -0.860332 -0.521276 -0.0605976 -0.0177664 -0.693411 -0.349696 -0.246192 
600
0 0 0 
5.37173 8.90388 11.1171 
0.297155 0.180682 0.155188 
604
1 1 1 1 0 1 1 1 
5.72353 10.6065 10.0117 12.273 10.5604 13.9567 12.9303 17.0487 
-0.184122 -0.86135 -0.0554583 -0.51993 -0.693822 -0.0198691 -0.350337 -0.248428 
604
0 0 0 
4.9395 10.7302 11.0323 
0.300038 0.178432 0.15636 
608
1 1 1 1 0 1 1 1 
5.54054 10.5856 11.8618 13.0801 12.8419 15.2018 20.8441 19.0768 
-0.181783 -0.860483 -0.524191 -0.0591989 -0.693991 -0.0182499 -0.248542 -0.343142 
612
1 1 1 1 1 0 1 
6.04126 10.0357 9.8631 11.3094 14.834 13.3204 14.8112 
-0.185015 -0.860956 -0.0551625 -0.518127 -0.019898 -0.696109 -0.350414 
612
0 0 0 
4.46218 10.6616 11.9724 
0.308178 0.178577 0.153134 
616
0 0 0 
5.18569 11.9075 11.3828 
0.296586 0.176133 0.154784 
616
1 1 1 1 0 1 1 1 
5.95431 10.4656 10.0036 11.509 14.0089 14.591 14.7632 15.7638 
-0.184848 -0.860053 -0.0554347 -0.524354 -0.696351 -0.346109 -0.0194685 -0.244427 
620
1 1 1 1 1 0 1 1 
5.7891 9.92961 13.5994 11.6794 15.818 10.6594 15.7419 15.5228 
-0.184288 -0.860327 -0.521576 -0.05792 -0.0172377 -0.692316 -0.350373 -0.244855 
620
0 0 0 
5.12524 10.2771 10.4331 
0.297105 0.179433 0.15761 
624
1 1 1 1 1 0 1 1 
5.56691 7.92157 14.0753 12.0562 15.4182 11.478 13.0489 25.9184 
-0.183307 -0.86108 -0.0607288 -0.520307 -0.0166416 -0.694902 -0.347169 -0.249714 
624
0 0 0 
5.07433 10.6114 11.9505 
0.305972 0.17882 0.154075 
628
0 0 
5.73935 11.667 
0.297248 0.175626 
632
1 1 1 1 1 0 1 1 
5.58812 9.66255 9.78693 12.3234 15.9365 11.371 15.6296 14.9583 
-0.183213 -0.860065 -0.0545755 -0.521239 -0.0175737 -0.694369 -0.34677 -0.24604 
636
1 1 1 1 0 1 1 1 
6.37368 8.72295 9.83648 12.2154 10.9927 14.9001 16.5881 14.2487 
-0.189424 -0.0688257 -0.86081 -0.524967 -0.694459 -0.0164686 -0.245506 -0.347022 
632
0 0 0 
5.72202 10.5972 13.6045 
0.298689 0.177241 0.150659 
640
0 0 0 
5.48887 10.1838 12.1144 
0.295185 0.180887 0.15394 
640
1 1 1 1 0 1 1 1 
6.7811 9.1553 11.9797 9.56225 10.4386 14.8525 13.9901 14.0476 
-0.186263 -0.860118 -0.52527 -0.0640271 -0.694133 -0.0163581 -0.345912 -0.24457 
644
1 1 1 1 1 0 1 1 
5.50873 9.71137 15.1441 11.3646 16.1775 14.0587 19.3389 16.7604 
-0.181501 -0.860654 -0.0623592 -0.518854 -0.0187413 -0.696308 -0.343504 -0.252676 
648
0 0 0 
6.07881 8.86446 10.6035 
0.294835 0.1788 0.156493 
648
1 1 1 1 1 0 1 1 
5.87939 9.96208 13.5445 14.3087 16.1557 14.7285 14.3061 15.469 
-0.184319 -0.860209 -0.059977 -0.520926 -0.0179 -0.696972 -0.350852 -0.248133 
652
0 0 
5.64605 9.83079 
0.297516 0.177203 
652
1 1 1 1 0 1 1 1 
5.2733 9.18565 9.31835 12.3817 14.8912 15.6061 13.9886 13.7398 
-0.181824 -0.861924 -0.0553315 -0.525077 -0.697537 -0.0180911 -0.3476 -0.243953 
656
0 0 0 
5.66532 10.3295 11.5941 
0.297785 0.178939 0.155824 
656
1 1 1 1 1 0 1 1 
6.02589 10.0371 11.4143 9.85401 16.7784 15.9484 15.2107 17.2983 
-0.184118 -0.861458 -0.524009 -0.0547961 -0.346545 -0.695814 -0.0172901 -0.248485 
660
0 0 0 
4.31176 11.2829 11.4965 
0.309688 0.176909 0.141961 
664
0 0 0 
5.23176 11.3548 12.7007 
0.29742 0.178086 0.152407 
664
1 1 1 1 0 1 1 1 
5.87202 8.93682 12.2476 12.4331 15.5341 14.9927 13.6384 14.997 
-0.183859 -0.859838 -0.524612 -0.0580447 -0.697599 -0.346296 -0.0195502 -0.247161 
668
0 0 0 
5.25071 11.2979 13.5779 
0.301656 0.176534 0.151092 
672
0 0 0 
5.69843 10.7906 12.3519 
0.296887 0.178264 0.138454 
672
1 1 1 1 1 0 1 1 
6.53721 8.86507 8.8064 11.8542 14.3529 10.9177 14.4175 12.5139 
-0.186749 -0.860937 -0.0697717 -0.519118 -0.0169809 -0.694861 -0.345234 -0.242129 
676
0 0 0 
5.6536 10.6864 11.5984 
0.292535 0.17679 0.153554 
676
1 1 1 0 1 1 1 1 
5.25596 10.2948 7.97174 17.0393 11.3842 14.7851 15.7677 16.6215 
-0.182837 -0.860853 -0.0682008 -0.697754 -0.519199 -0.0180356 -0.345898 -0.249439 
680
0 0 0 
5.19208 10.0349 10.4612 
0.301994 0.177839 0.156365 
684
0 0 0 
5.28674 10.6897 15.1322 
0.296948 0.178084 0.148884 
684
1 1 1 1 0 1 1 1 
6.25354 7.94713 10.038 11.6884 11.4675 16.8501 19.1659 16.17 
-0.185761 -0.0691398 -0.861327 -0.524025 -0.694452 -0.0175854 -0.342781 -0.254701 
688
0 0 0 
5.18307 11.1435 10.7064 
0.302903 0.177431 0.140711 
688
1 1 1 1 1 0 1 1 
5.46077 9.91508 11.593 12.9254 14.1543 20.2859 16.1171 12.815 
-0.181365 -0.861789 -0.0582525 -0.524829 -0.0180285 -0.702212 -0.245318 -0.346969 
692
0 0 0 
5.55975 11.0449 17.0059 
0.296575 0.178322 0.144575 
692
1 1 1 1 1 0 1 1 
6.16693 7.99099 13.105 11.952 15.0011 16.9698 18.5022 16.2797 
-0.19138 -0.861056 -0.526091 -0.0624226 -0.0179328 -0.698124 -0.342707 -0.246418 
696
0 0 0 
5.49662 11.5703 15.1793 
0.294829 0.175487 0.148872 
696
1 1 1 1 1 0 1 1 1 
6.00487 7.75039 9.59599 12.4563 15.0094 12.9564 14.9821 15.0874 18.4751 
-0.18457 -0.860635 -0.0551624 -0.51962 -0.0170562 -0.695218 -0.345181 -0.247209 -0.255387 
700
0 0 0 
5.96035 10.0373 12.6996 
0.289878 0.181388 0.151606 
704
1 1 1 0 1 1 1 1 
5.83904 8.93259 10.2562 11.7117 10.7508 14.628 14.4674 18.4931 
-0.1844 -0.860528 -0.0651775 -0.694032 -0.518687 -0.018026 -0.349513 -0.249914 
704
0 0 0 
6.02933 10.3318 14.8166 
0.289772 0.179384 0.148075 
708
1 1 1 1 1 0 1 1 
6.25019 9.28499 14.4006 13.0268 14.9572 11.3112 15.7125 12.9783 
-0.185821 -0.860365 -0.060907 -0.525559 -0.344833 -0.694554 -0.0175296 -0.243188 
712
1 1 1 1 1 0 1 0 1 
5.53861 8.95685 12.2544 8.92667 15.9887 17.0958 18.6984 15.073 13.8349 
-0.182352 -0.860196 -0.524611 -0.0540101 -0.0172763 -0.697895 -0.342638 -0.492108 -0.244564 
712
0 0 0 
4.41661 10.0287 11.5124 
0.3018 0.177836 0.153877 
716
0 0 0 
5.25584 11.305 12.6399 
0.301123 0.177757 0.151952 
716
1 1 1 1 1 1 0 1 
5.676 8.03834 8.49951 12.6176 15.5227 13.9384 11.4615 14.2924 
-0.182209 -0.861154 -0.0539296 -0.524881 -0.345837 -0.0209166 -0.69449 -0.243481 
720
1 1 1 1 0 1 1 1 
6.33743 9.42731 8.25052 12.5243 17.84 16.3248 24.9265 15.915 
-0.186334 -0.860631 -0.0689217 -0.525172 -0.698399 -0.0177657 -0.248473 -0.349887 
724
1 1 1 1 1 0 1 1 
5.91751 9.6432 11.8229 12.2346 15.4001 11.8249 14.2775 16.6802 
-0.185783 -0.861387 -0.0556404 -0.524561 -0.017015 -0.695324 -0.348039 -0.249113 
724
0 0 0 
5.85675 9.58337 15.5894 
0.291832 0.177503 0.146867 
728
0 0 0 
5.57632 10.4093 12.3584 
0.290899 0.178682 0.15415 
728
1 1 1 1 1 0 1 1 1 
6.02583 9.89881 14.0614 12.3821 13.9977 11.7678 23.6142 16.2545 16.6627 
-0.185116 -0.860168 -0.0593787 -0.524702 -0.018921 -0.695254 -0.343682 -0.254281 -0.247819 
732
1 1 1 1 1 0 1 1 
6.14416 9.04704 7.94444 12.1777 16.3805 11.9318 15.3024 15.1375 
-0.191111 -0.861404 -0.068818 -0.520081 -0.349343 -0.694486 -0.0177654 -0.24489 
736
0 0 0 
4.94922 9.81759 12.6694 
0.299665 0.177517 0.149386 
736
1 1 1 1 0 1 1 
6.15414 8.04512 9.99399 14.3959 11.7492 11.722 15.8343 
-0.183495 -0.861794 -0.0669734 -0.0158478 -0.694991 -0.524359 -0.347515 
740
1 1 1 0 1 1 1 1 
5.72433 8.58493 12.3586 11.1302 12.2582 16.6422 14.9846 15.0377 
-0.183127 -0.861157 -0.0588448 -0.694599 -0.51978 -0.0173629 -0.349018 -0.24539 
740
0 0 
5.41206 11.7034 
0.300857 0.177666 
744
1 1 1 1 1 0 1 1 0 
5.75294 9.41102 12.7208 8.2621 18.0645 11.5767 14.7062 16.3893 16.1083 
-0.18349 -0.861098 -0.525691 -0.0702872 -0.0187695 -0.695191 -0.350215 -0.245758 -0.498328 
748
1 1 1 1 0 1 1 
5.83081 9.3198 9.01962 11.9032 16.6787 15.2339 16.7491 
-0.18358 -0.860967 -0.0541614 -0.520075 -0.697982 -0.0190098 -0.343416 
748
0 0 0 
5.40695 11.1099 10.739 
0.299852 0.178301 0.156084 
752
0 0 
5.6316 10.7321 
0.298279 0.178856 
752
1 1 1 1 0 1 1 1 0 
5.84475 7.70022 11.7374 9.17549 11.9773 16.31 14.1331 19.3844 15.6653 
-0.184073 -0.860481 -0.525445 -0.0561724 -0.695547 -0.0174379 -0.346796 -0.247057 -0.497977 
756
1 1 1 1 0 1 1 1 
5.81212 9.44385 11.5597 11.1238 13.6671 15.7333 15.5955 16.0907 
-0.185046 -0.861406 -0.0578858 -0.519161 -0.69528 -0.0182502 -0.346965 -0.245102 
760
0 0 0 
6.21966 10.1661 11.7238 
0.293897 0.18019 0.154071 
760
1 1 1 1 0 1 1 1 
6.06651 8.48667 9.57847 12.0125 10.8187 17.224 17.7068 12.0113 
-0.183995 -0.861062 -0.0556209 -0.519921 -0.693707 -0.0182906 -0.249306 -0.346746 
764
0 0 0 
5.78629 10.8062 10.5134 
0.29499 0.178856 0.155349 
764
1 1 1 0 1 1 1 1 
5.07025 9.59567 10.7951 14.7224 10.8951 15.1652 14.347 16.4473 
-0.179011 -0.860865 -0.0662301 -0.696197 -0.518076 -0.0167207 -0.351483 -0.245022 
768
1 1 1 0 1 1 1 
5.48336 9.42876 8.956 12.177 12.2294 14.7607 13.3435 
-0.185849 -0.860417 -0.0692367 -0.695974 -0.520209 -0.0203023 -0.35291 
772
0 0 0 
6.03373 12.4005 10.9518 
0.296135 0.177987 0.15578 
772
1 1 1 0 1 1 1 1 0 
5.75417 10.1267 13.4502 13.6614 13.3971 16.7228 16.3455 12.5563 15.4604 
-0.182985 -0.860267 -0.0585856 -0.697261 -0.525919 -0.0181842 -0.246702 -0.345144 -0.497908 
776
0 0 0 
5.06106 10.6398 11.3542 
0.304455 0.17876 0.154309 
776
1 1 1 1 1 0 1 1 
5.60043 10.1121 12.8855 13.1361 14.7223 13.098 16.8256 15.665 
-0.182943 -0.860767 -0.0593413 -0.520905 -0.0175461 -0.696463 -0.248808 -0.342658 
780
0 0 0 
5.39311 11.2226 15.6808 
0.301122 0.177818 0.145485 
784
1 1 0 1 1 1 1 1 
5.94983 7.52291 12.0432 14.8446 12.137 14.0579 13.1943 15.9813 
-0.184471 -0.86 -0.696087 -0.0615664 -0.524751 -0.0175917 -0.345379 -0.245783 
784
0 0 0 
5.21347 9.81947 15.6773 
0.303283 0.178305 0.146763 
788
1 1 1 0 1 1 1 1 
6.1568 9.57385 14.9901 15.6738 12.4897 17.0186 16.7454 13.2541 
-0.185567 -0.860955 -0.0616129 -0.696639 -0.52515 -0.0179237 -0.346395 -0.246571 
788
0 0 0 
5.10667 10.6656 12.7758 
0.298368 0.179173 0.151282 
792
1 1 1 1 1 0 1 1 
5.56583 9.88547 13.3205 11.7334 13.7668 10.869 13.5718 18.327 
-0.19048 -0.860659 -0.0589833 -0.524176 -0.0174082 -0.694489 -0.346083 -0.250149 
796
0 0 0 
5.95372 9.31034 15.8412 
0.292008 0.187023 0.143869 
796
1 1 1 1 1 0 1 1 
5.98375 8.56664 10.33 13.3144 15.5605 11.3072 13.3294 15.3401 
-0.18637 -0.0695621 -0.859953 -0.525382 -0.0173159 -0.694666 -0.348865 -0.243621 
800
0 0 0 
6.00873 9.93656 16.214 
0.295089 0.180557 0.146407 
800
1 1 1 0 1 1 1 1 
5.92529 10.3564 9.68989 13.9482 14.8226 13.1905 11.8061 16.7219 
-0.184387 -0.860966 -0.0559154 -0.695474 -0.525946 -0.0174592 -0.346677 -0.245796 
804
0 0 0 
5.47793 11.3139 14.8048 
0.29595 0.177207 0.14524 
804
1 1 1 1 0 1 1 1 1 
6.33667 10.5744 7.40554 12.6261 11.6107 13.9862 18.8046 24.0424 13.6589 
-0.1862 -0.0676052 -0.859753 -0.520201 -0.694747 -0.0158001 -0.254901 -0.252694 -0.348051 
808
1 1 1 1 0 1 1 1 
5.89501 9.88595 13.023 12.1397 14.1515 13.7034 14.5427 16.3973 
-0.183734 -0.860451 -0.0601216 -0.519526 -0.693977 -0.0202029 -0.347621 -0.246619 
812
0 0 0 
5.64531 11.302 16.2292 
0.295976 0.171015 0.144878 
812
1 1 1 1 1 0 1 1 
5.28641 9.73135 13.129 12.7823 15.1516 13.7291 18.31 14.3864 
-0.179986 -0.860471 -0.0602869 -0.519886 -0.0170212 -0.695305 -0.246931 -0.346865 
816
0 0 0 
5.67552 11.9041 20.2011 
0.299792 0.177076 0.140867 
816
1 1 1 0 1 1 1 1 
5.42467 8.84477 8.99243 10.3726 15.9289 11.1882 18.0492 15.569 
-0.180338 -0.861361 -0.0686506 -0.69362 -0.0172412 -0.518296 -0.342523 -0.246949 
820
1 1 1 0 1 1 1 
6.2546 9.7573 9.99505 11.6269 12.6199 14.5401 14.3879 
-0.185878 -0.0697479 -0.860562 -0.693847 -0.524986 -0.0158046 -0.349205 
820
0 0 0 
5.52885 10.9806 15.0626 
0.300232 0.178034 0.145871 
824
1 1 1 0 1 1 1 1 
5.78285 9.6444 10.1774 11.8134 12.7217 15.249 11.7702 19.0487 
-0.182446 -0.069458 -0.861337 -0.695409 -0.525229 -0.0169679 -0.350577 -0.255035 
828
0 0 0 
5.54995 11.3067 11.9685 
0.295122 0.177655 0.138198 
832
0 0 0 
4.69441 10.9738 19.6368 
0.305395 0.17709 0.141507 
832
1 1 1 0 1 1 1 1 1 
5.84387 9.87037 10.0945 11.3765 12.1208 18.876 12.093 20.2401 19.49 
-0.183826 -0.860742 -0.0558427 -0.694185 -0.525261 -0.342137 -0.0213157 -0.251008 -0.254986 
836
1 1 1 0 1 1 1 
5.52726 7.45525 11.6061 13.1816 12.263 11.9909 11.7107 
-0.18071 -0.860091 -0.0569234 -0.695049 -0.524912 -0.0196092 -0.348154 
836
0 0 0 
5.75868 10.5993 17.8529 
0.292677 0.178775 0.144108 
840
0 0 0 
5.17184 11.3846 14.987 
0.29986 0.176609 0.147735 
840
1 1 1 1 1 1 1 1 
5.93947 7.99828 9.22907 12.9199 12.0135 14.4778 26.6382 19.0059 
-0.184655 -0.861092 -0.0548005 -0.524818 -0.351326 -0.0170528 -0.252504 -0.254899 
844
1 1 1 0 1 1 1 1 
5.88636 9.62442 11.8873 11.2086 11.8333 14.742 15.6726 14.5305 
-0.183696 -0.860475 -0.0617342 -0.695042 -0.524412 -0.0162636 -0.248302 -0.34844 
848
0 0 0 
5.03065 11.9486 18.3506 
0.300405 0.17592 0.144097 
848
1 1 1 0 1 1 1 1 
5.58981 7.50426 12.3242 12.2862 11.3009 11.5458 14.4991 14.8987 
-0.181738 -0.85962 -0.059716 -0.69347 -0.518351 -0.023918 -0.344026 -0.246614 
852
0 0 0 
5.30089 9.64018 16.957 
0.296726 0.187155 0.14713 
856
1 1 1 0 1 1 1 0 
6.30331 10.0438 9.41749 12.1287 11.5786 16.8972 13.5099 9.72248 
-0.185572 -0.861158 -0.0685518 -0.694649 -0.523815 -0.0171643 -0.342658 -0.502217 
856
0 0 0 
6.12402 11.3966 11.4982 
0.287414 0.175954 0.134278 
860
0 0 0 
5.52501 10.3914 12.1165 
0.292295 0.185742 0.136048 
860
1 1 1 1 1 0 1 1 0 
5.93787 9.37559 8.46345 12.3135 16.0992 13.8465 11.8553 16.075 11.9849 
-0.184244 -0.860714 -0.068581 -0.524518 -0.0156918 -0.694374 -0.256373 -0.346458 -0.491401 
864
0 0 0 
5.36273 12.0879 11.4905 
0.297686 0.174407 0.135222 
864
1 1 1 1 0 1 1 1 
6.28436 9.31316 8.84845 15.7494 12.8285 12.4215 13.0505 25.8293 
-0.189403 -0.860874 -0.0699534 -0.0178639 -0.695366 -0.524864 -0.348499 -0.251948 
868
0 0 0 
5.26214 11.4119 17.7007 
0.298387 0.177285 0.145558 
872
0 0 0 
5.66385 10.4181 12.2424 
0.294171 0.177651 0.132833 
872
1 1 1 0 1 1 1 1 
5.65018 8.77751 8.3527 11.2012 11.0845 14.0528 14.9403 18.1275 
-0.184594 -0.858253 -0.0686013 -0.694952 -0.530021 -0.0142232 -0.344644 -0.249497 
876
0 0 0 
5.55825 10.7948 14.7799 
0.295953 0.178611 0.14775 
876
1 1 1 1 0 1 1 1 1 
5.78968 7.73271 15.6637 15.7633 16.4501 12.6565 14.6837 19.7222 27.6491 
-0.18339 -0.859878 -0.0600656 -0.0178962 -0.697839 -0.520902 -0.344166 -0.251007 -0.252453 
880
1 1 1 0 1 1 1 
5.93894 9.35623 12.5962 10.9491 17.2228 15.1094 12.9714 
-0.184291 -0.859873 -0.0555986 -0.694844 -0.0174198 -0.343836 -0.525158 
884
1 1 1 1 0 1 1 1 
5.9229 9.61988 13.0112 16.5676 12.7288 12.1567 17.1707 14.8406 
-0.183589 -0.86124 -0.0606256 -0.0170953 -0.693797 -0.524732 -0.346202 -0.257529 
884
0 0 0 
5.45639 10.8809 13.8175 
0.302388 0.177743 0.13254 
888
0 0 0 
5.53246 11.7649 12.7064 
0.295573 0.177404 0.153193 
892
0 0 0 
5.48269 11.9597 15.1762 
0.295329 0.17692 0.147558 
892
1 1 1 1 1 1 0 1 
5.46147 9.4942 13.771 17.5914 11.9347 16.9468 12.0358 13.9784 
-0.181213 -0.860894 -0.0591173 -0.345217 -0.524214 -0.0167854 -0.695108 -0.257356 
896
0 0 0 
5.79488 10.8746 11.6685 
0.293251 0.17795 0.134642 
896
1 1 1 1 0 1 1 1 1 
6.36388 8.42102 8.55704 10.1798 12.3893 16.244 14.2359 16.656 28.4724 
-0.18617 -0.85998 -0.0687342 -0.522083 -0.692633 -0.345736 -0.0144917 -0.253162 -0.252687 
900
1 1 1 0 1 1 1 1 
5.53148 8.00988 8.22855 11.0395 12.9729 17.1408 16.2521 17.382 
-0.183115 -0.859716 -0.0705208 -0.69424 -0.525581 -0.344734 -0.0168266 -0.248053 
904
0 0 0 
5.40799 11.6779 12.0584 
0.296959 0.176961 0.132585 
904
1 1 1 0 1 1 1 
5.9694 9.33742 9.18643 11.2452 13.9229 12.041 17.3738 
-0.184203 -0.86074 -0.0697713 -0.694667 -0.526022 -0.349144 -0.24713 
908
0 0 0 
6.94169 12.144 12.806 
0.287042 0.175667 0.151172 
908
1 1 1 0 1 1 1 1 1 
5.83277 9.04882 8.71814 12.2621 12.4682 16.3118 12.3581 12.8917 35.2936 
-0.184641 -0.861608 -0.0682634 -0.695132 -0.524691 -0.017847 -0.350392 -0.25807 -0.252024 
912
0 0 0 
5.7246 10.5728 13.1041 
0.291907 0.178747 0.130411 
916
0 0 
5.59234 12.2923 
0.293842 0.175092 
916
1 1 1 1 1 0 1 1 
5.57087 10.0693 10.9877 11.8485 16.1697 12.0043 12.4526 15.9075 
-0.182793 -0.861149 -0.0613435 -0.524053 -0.0160897 -0.695731 -0.349387 -0.246122 
920
0 0 0 
5.71017 10.4816 16.0643 
0.294992 0.179179 0.141371 
920
1 1 0 1 1 1 1 
6.58403 9.29985 13.0291 13.2708 9.62479 16.253 12.2308 
-0.185481 -0.861056 -0.694693 -0.525035 -0.0543637 -0.0161515 -0.341586 
924
1 1 1 1 1 1 0 1 
6.12372 10.5026 12.6137 12.1617 16.0609 15.4374 10.7889 13.4615 
-0.184405 -0.861367 -0.0575083 -0.524569 -0.0168969 -0.348354 -0.694556 -0.258739 
924
0 0 0 
4.9531 11.3628 15.0211 
0.299805 0.177911 0.148416 
928
1 1 1 0 1 1 1 1 
6.06321 8.20293 9.48168 12.9631 12.4784 18.8151 14.8193 14.2007 
-0.184775 -0.861058 -0.0679772 -0.69428 -0.524994 -0.0190189 -0.347642 -0.243551 
932
0 0 0 
5.41756 11.7947 13.6002 
0.293202 0.176863 0.150782 
932
1 1 1 0 1 1 1 1 
6.09797 8.74841 9.31851 12.4131 12.1232 14.7594 12.8552 16.392 
-0.185517 -0.861842 -0.0694962 -0.695268 -0.524186 -0.0166614 -0.350523 -0.247074 
936
0 0 0 
5.36948 11.7038 11.6138 
0.298142 0.177248 0.136454 
936
1 1 1 1 0 1 1 
6.05987 8.35027 8.87308 12.402 12.1035 17.1681 16.1624 
-0.185623 -0.862096 -0.0705914 -0.524947 -0.694088 -0.345291 -0.0178978 
940
1 1 1 0 1 1 1 1 
5.67294 8.03832 15.6215 12.9486 12.2923 14.6536 16.6985 13.2026 
-0.183868 -0.860603 -0.0579896 -0.694823 -0.524882 -0.0172199 -0.348544 -0.257813 
940
0 0 0 
4.80087 11.3624 12.5783 
0.303108 0.177552 0.134522 
944
0 0 0 
4.97881 11.6944 13.0074 
0.300064 0.176973 0.134966 
948
1 1 1 1 1 0 1 1 
6.01732 8.84247 9.60875 13.0857 15.4185 12.2914 18.1193 16.0537 
-0.18355 -0.0700465 -0.860535 -0.525216 -0.0175178 -0.695951 -0.34674 -0.246192 
952
1 1 1 0 1 1 1 1 
5.94034 8.14986 9.7966 12.2189 12.3347 16.6055 14.4203 14.6526 
-0.184773 -0.8603 -0.0553892 -0.695322 -0.521149 -0.0173698 -0.349361 -0.257857 
952
0 0 0 
5.3175 10.2194 13.7862 
0.296846 0.180661 0.149606 
956
0 0 0 
5.49971 11.6113 17.0637 
0.295249 0.177083 0.146752 
960
0 0 0 
4.67152 11.283 11.237 
0.303481 0.178693 0.136827 
964
0 0 0 
5.62381 10.5399 17.8969 
0.295143 0.179136 0.144854 
956
1 1 1 1 0 1 1 
6.23231 7.7173 14.9185 12.6669 13.2026 15.9226 12.6566 
-0.185914 -0.860208 -0.0586862 -0.524729 -0.695596 -0.0177125 -0.348648 
960
1 1 1 1 1 1 0 
5.7788 8.03045 12.428 11.8368 15.3158 12.9097 11.3276 
-0.187904 -0.859608 -0.063663 -0.524585 -0.0171601 -0.348973 -0.694491 
968
0 0 0 
5.80285 10.9221 11.7456 
0.291407 0.177676 0.154127 
968
1 1 1 0 1 1 1 1 
5.77317 8.91628 9.96111 13.3539 12.8929 14.3653 12.8667 14.7397 
-0.183127 -0.860485 -0.0553705 -0.696 -0.519633 -0.0205597 -0.35034 -0.246161 
972
1 1 1 0 1 1 1 1 
5.95503 8.41312 15.135 10.7131 11.8616 13.961 14.4546 12.7852 
-0.184746 -0.85618 -0.0605102 -0.694489 -0.524552 -0.0172128 -0.249603 -0.350352 
972
0 0 0 
5.3435 10.7718 16.3372 
0.297202 0.178239 0.146174 
976
0 0 0 
5.3628 11.3329 17.1494 
0.294758 0.177534 0.145176 
980
0 0 0 
5.49587 10.599 10.7166 
0.29603 0.178994 0.138695 
980
1 1 1 0 1 1 1 1 
5.15774 7.90192 12.6953 11.0672 13.3155 15.2629 19.6376 13.5408 
-0.179851 -0.859787 -0.0578426 -0.693609 -0.525286 -0.0173965 -0.342312 -0.244334 
984
1 1 1 0 1 1 1 1 1 
5.89597 9.31668 8.45831 11.3576 12.8086 14.5262 13.4531 18.4063 19.4437 
-0.187339 -0.860654 -0.0708522 -0.694672 -0.525005 -0.0173528 -0.348694 -0.248825 -0.254969 
988
1 1 1 1 0 1 1 
6.17411 10.0938 8.09501 11.7244 11.1892 15.6626 13.4327 
-0.191059 -0.860999 -0.0689342 -0.523871 -0.694343 -0.0178602 -0.348731 
988
0 0 0 
5.36632 11.4221 14.1805 
0.296557 0.176827 0.14906 
992
0 0 0 
4.63017 11.11 18.4366 
0.305675 0.171693 0.143362 
992
1 1 1 0 1 1 1 1 
5.86714 8.74532 11.0521 11.8197 11.7945 15.1516 15.8177 16.0387 
-0.184533 -0.862922 -0.0618621 -0.693405 -0.524371 -0.0148271 -0.348334 -0.246159 
996
0 0 0 
6.01554 10.2312 17.1787 
0.289357 0.1795 0.146339 
1000
0 0 0 
5.69787 10.3185 21.4913 
0.293261 0.17791 0.140875 
1000
1 1 1 1 1 0 1 1 
6.06795 8.42765 15.8137 12.2718 19.0865 11.3801 16.427 15.0541 
-0.184687 -0.86004 -0.0602588 -0.524737 -0.0177375 -0.693686 -0.342663 -0.255699 
1004
1 1 1 1 0 1 1 1 
9.60871 6.22141 12.0485 9.05267 11.4449 14.7474 13.0106 16.2865 
-0.860831 -0.18501 -0.525329 -0.06877 -0.69342 -0.0162253 -0.342776 -0.248766 
1004
0 0 0 
5.69332 12.1475 12.111 
0.293654 0.176541 0.136939 
1008
1 1 1 0 1 1 1 1 
6.52646 8.95232 8.5856 13.0445 12.2525 12.7493 18.5057 16.248 
-0.186584 -0.861025 -0.0693401 -0.694899 -0.524289 -0.0176419 -0.341659 -0.248555 
1012
1 1 1 0 1 1 1 
5.4938 8.24155 10.5866 10.7606 12.4377 15.1505 12.7874 
-0.181147 -0.862025 -0.0671817 -0.694457 -0.525285 -0.0165557 -0.349506 
1012
0 0 0 
5.41389 11.4937 18.0818 
0.299975 0.1776 0.142905 
1016
0 0 0 
5.61251 11.606 16.2203 
0.293631 0.176917 0.145927 
1016
1 1 1 1 0 1 1 1 
6.13306 7.64478 16.347 11.5187 12.0803 13.2547 16.6737 16.9075 
-0.18482 -0.859942 -0.0597887 -0.524042 -0.695922 -0.0165726 -0.348477 -0.246709 
1020
0 0 0 
5.04631 10.9776 20.2636 
0.300524 0.177664 0.142117 
1020
1 1 1 0 1 1 1 1 
6.36593 9.80223 12.0487 12.706 10.5583 15.6816 13.6305 26.8818 
-0.186578 -0.860454 -0.0559956 -0.695038 -0.529925 -0.0165425 -0.347706 -0.252977 
1024
1 1 1 0 1 1 1 1 1 
5.3358 8.25245 13.266 12.0943 10.5779 13.7174 13.5251 14.9772 27.1187 
-0.18033 -0.861182 -0.0597953 -0.693143 -0.529311 -0.0195561 -0.348235 -0.2585 -0.252486 
1028
1 1 1 1 0 1 1 1 
6.44383 8.02438 10.7926 15.4989 13.1583 12.8668 13.1853 28.1618 
-0.191412 -0.861622 -0.0565413 -0.0168287 -0.695604 -0.525266 -0.344589 -0.252582 
1032
0 0 0 
5.28641 11.3282 15.9328 
0.302531 0.178039 0.147213 
1032
1 1 1 0 1 1 1 
6.18387 8.04243 13.9473 12.0088 12.0959 14.3856 13.6047 
-0.185851 -0.860074 -0.0590687 -0.693796 -0.524606 -0.0169964 -0.347843 
1036
1 1 1 1 0 1 1 1 
6.11294 8.46177 9.5283 12.9422 11.0855 14.8284 12.932 15.4379 
-0.185958 -0.86286 -0.0650965 -0.525684 -0.695607 -0.0162406 -0.345328 -0.247944 
1036
0 0 0 
5.39988 10.2053 12.7182 
0.298066 0.188109 0.150985 
1040
1 1 1 0 1 1 1 1 
6.3853 9.20101 13.4512 11.7358 13.7941 11.0162 12.9716 15.8664 
-0.186182 -0.861925 -0.0581543 -0.695527 -0.0148832 -0.529522 -0.348417 -0.247435 
1044
1 1 1 1 1 0 1 1 
6.45906 7.92033 9.11586 13.1507 14.646 11.9277 15.1228 15.5694 
-0.185372 -0.861181 -0.0688664 -0.526111 -0.0165293 -0.695173 -0.345597 -0.255846 
1044
0 0 0 
5.53641 9.86279 14.5396 
0.295733 0.178409 0.146466 
1048
1 1 1 0 1 1 1 1 
6.15993 7.98659 14.7316 10.8476 10.3856 15.022 14.5118 21.127 
-0.184732 -0.860248 -0.0609548 -0.69378 -0.529789 -0.0168145 -0.345969 -0.249507 
1048
0 0 0 
5.06675 9.93456 17.7688 
0.300257 0.172759 0.144512 
1052
1 1 1 0 1 1 1 
6.00685 9.54334 9.00336 13.0646 14.781 13.3492 17.8862 
-0.184268 -0.860111 -0.0686926 -0.694322 -0.526051 -0.0201696 -0.342732 
1056
1 1 1 1 0 1 1 1 
5.93066 10.4548 10.2106 12.0563 11.4253 13.6549 11.5718 14.9521 
-0.185554 -0.860652 -0.0563351 -0.52545 -0.695371 -0.0171063 -0.352596 -0.246028 
1056
0 0 0 
5.76942 12.4079 16.6223 
0.298363 0.176259 0.146056 
1060
1 1 1 0 1 1 1 
6.12434 7.74913 12.5189 14.75 12.043 15.3221 13.7136 
-0.184742 -0.858372 -0.0574895 -0.695024 -0.524357 -0.348704 -0.019537 
1060
0 0 0 
5.33819 11.1835 17.7243 
0.295839 0.176867 0.144945 
1064
1 1 1 0 1 1 1 1 
5.80702 9.00472 12.4024 12.6846 12.7427 15.6789 17.2303 18.4842 
-0.182903 -0.859856 -0.0575903 -0.695529 -0.525184 -0.0177509 -0.342425 -0.249484 
1068
1 1 1 1 1 0 1 
5.42799 9.4451 8.31457 13.1926 16.4783 13.1359 14.5491 
-0.180407 -0.861226 -0.0684034 -0.525869 -0.0175795 -0.69533 -0.347195 
1072
1 1 1 0 1 1 1 1 
6.91511 9.11384 13.4204 12.1455 12.1369 16.8078 14.5445 17.9258 
-0.191888 -0.86221 -0.0576282 -0.696926 -0.524624 -0.0177689 -0.350094 -0.254088 
1072
0 0 0 
5.98509 11.6124 14.4608 
0.290042 0.177198 0.147851 
1076
1 1 0 1 1 1 1 1 
5.74301 8.50319 12.1463 9.86915 11.5569 12.6012 19.0957 25.5762 
-0.18383 -0.856505 -0.694988 -0.0668213 -0.524073 -0.0150011 -0.342919 -0.255722 
1076
0 0 0 
5.49292 10.522 17.489 
0.294708 0.179086 0.145542 
1080
1 1 1 0 1 1 1 1 
5.24022 7.72558 6.07048 11.9955 11.6688 13.2604 22.0688 15.5088 
-0.179501 -0.860774 -0.0706975 -0.693874 -0.524322 -0.0156942 -0.344052 -0.253989 
1080
0 0 0 
5.29271 9.86538 10.9402 
0.297638 0.178178 0.140628 
1084
0 0 0 
4.79232 12.3877 16.1259 
0.29992 0.175839 0.147636 
1088
1 1 1 0 1 1 1 1 
6.84062 8.16149 11.8135 11.7423 11.4184 13.5541 13.2774 21.0133 
-0.189935 -0.861118 -0.0622096 -0.695786 -0.52432 -0.0159586 -0.349369 -0.250778 
1088
0 0 0 
5.40401 11.9879 12.6409 
0.300892 0.176383 0.135017 
1092
1 1 1 0 1 1 1 1 
6.24381 10.0898 12.067 10.6638 12.2072 13.4344 22.4983 20.5504 
-0.192527 -0.861126 -0.0561052 -0.694745 -0.524529 -0.0158445 -0.343666 -0.2493 
1096
0 0 0 
6.04261 10.4464 14.9033 
0.290629 0.179716 0.148088 
1096
1 1 1 0 1 1 1 
5.3851 9.59395 8.11669 12.0244 13.8824 12.7452 19.8146 
-0.189163 -0.0675352 -0.861281 -0.694189 -0.0163037 -0.524776 -0.342748 
1100
1 1 1 0 1 1 1 
5.86971 8.56032 10.6011 14.5089 12.1679 13.9755 16.4439 
-0.183376 -0.86036 -0.0549911 -0.697112 -0.528382 -0.0169271 -0.349429 
1104
1 1 1 0 1 1 1 1 
5.68076 9.49054 8.73438 13.9664 14.1761 11.7434 13.0874 18.0303 
-0.182636 -0.861862 -0.0700332 -0.696681 -0.0177724 -0.529998 -0.345142 -0.248257 
1104
0 0 0 
5.57605 11.6777 16.1192 
0.295974 0.175684 0.145998 
1108
1 1 0 1 1 1 1 1 
5.90784 8.09042 13.3434 9.35575 15.2027 12.0574 15.002 14.0698 
-0.182606 -0.862897 -0.691992 -0.0622754 -0.0166351 -0.528486 -0.34653 -0.258009 
1108
0 0 0 
5.83364 12.1447 15.2281 
0.291796 0.176148 0.141659 
1112
1 1 1 1 1 0 1 1 
5.98915 9.23219 12.4135 14.1385 11.4708 12.3607 15.1174 14.0442 
-0.184192 -0.859849 -0.0567695 -0.0171482 -0.519222 -0.695767 -0.350857 -0.25676 
1116
1 1 1 0 1 1 1 1 
5.93963 7.63709 9.08687 11.6995 11.5449 15.2335 12.5252 26.8727 
-0.184026 -0.859933 -0.068899 -0.695331 -0.523645 -0.0162294 -0.348499 -0.25226 
1116
0 0 0 
5.66299 12.397 15.3553 
0.294695 0.175673 0.147711 
1120
0 0 0 
6.11785 11.1933 13.2638 
0.284265 0.176567 0.149494 
1120
1 1 1 0 1 1 1 1 
6.18822 8.51314 8.74078 12.2341 14.1315 9.85195 11.6131 17.8187 
-0.185299 -0.861996 -0.0698353 -0.695473 -0.016229 -0.516121 -0.346275 -0.249087 
1124
1 1 1 1 1 0 1 1 
5.82485 7.80278 12.2058 16.2694 14.6396 12.878 11.2905 15.1815 
-0.182741 -0.860957 -0.0619391 -0.0173243 -0.34561 -0.695405 -0.530279 -0.255737 
1124
0 0 0 
5.71626 10.5606 17.8075 
0.293344 0.179318 0.144251 
1128
1 1 1 1 0 1 1 
6.19732 8.78582 14.0899 14.0107 11.8677 15.7999 12.1718 
-0.190461 -0.860811 -0.0623842 -0.0178769 -0.695501 -0.347667 -0.524496 
1132
0 0 0 
5.78038 10.7344 16.6561 
0.297964 0.178683 0.145815 
1132
1 1 1 1 1 0 1 
5.97262 8.38716 11.6182 11.8941 16.1983 10.463 12.3647 
-0.184482 -0.859953 -0.0614331 -0.52427 -0.0179429 -0.693627 -0.352096 
1136
0 0 0 
5.30403 10.8204 20.7999 
0.296394 0.178241 0.141457 
1140
0 0 0 
5.44849 11.2586 14.0519 
0.296292 0.178038 0.149584 
1144
0 0 0 
5.62077 11.6119 16.493 
0.293977 0.176822 0.147118 
1140
1 1 1 0 1 1 1 1 
5.45292 9.07266 9.17523 14.6207 15.2112 12.4529 14.3045 15.1393 
-0.181821 -0.861533 -0.0682515 -0.695455 -0.346058 -0.524773 -0.0166421 -0.246143 
1144
1 1 1 0 1 1 1 1 
6.09718 9.65618 13.9684 13.9238 15.6656 10.8056 14.7539 25.1472 
-0.183741 -0.860358 -0.0576082 -0.69837 -0.0170056 -0.519646 -0.346034 -0.253016 
1148
1 1 1 0 1 1 1 
5.60967 8.15896 9.83963 12.0855 14.562 12.343 14.0937 
-0.184961 -0.862628 -0.0552112 -0.696934 -0.0170822 -0.524368 -0.35081 
1148
0 0 0 
5.00617 10.9245 14.961 
0.300645 0.178018 0.147908 
1152
0 0 0 
5.38088 11.3165 15.6243 
0.295898 0.177225 0.148502 
1152
1 1 1 0 1 1 1 1 
5.92824 7.79368 12.7264 15.5148 14.7145 12.2492 15.4433 16.1097 
-0.1849 -0.860367 -0.0561489 -0.697632 -0.0177215 -0.520301 -0.347386 -0.247509 
1156
1 1 1 1 0 1 1 1 
6.06176 8.22875 12.9707 15.6416 12.6965 12.3421 12.7784 17.3433 
-0.190388 -0.862958 -0.0609133 -0.0170332 -0.695086 -0.525003 -0.348384 -0.255503 
1160
1 1 0 1 1 1 1 
6.17612 8.05085 16.8507 12.8839 10.2631 13.7749 18.765 
-0.184977 -0.860292 -0.698754 -0.525639 -0.0560842 -0.0179904 -0.342559 
1160
0 0 0 
4.99202 11.1548 19.1288 
0.297539 0.179243 0.143341 
1164
1 1 1 0 1 1 1 1 
5.78963 7.44488 8.69859 11.2024 11.2662 13.9411 13.2525 19.8642 
-0.182525 -0.859586 -0.0691544 -0.694588 -0.529671 -0.0167353 -0.346929 -0.248065 
1168
1 1 1 1 0 1 1 1 1 
6.31471 7.6815 15.2069 10.7457 12.9007 15.7033 17.0222 19.9558 15.9296 
-0.185389 -0.860114 -0.0607684 -0.529514 -0.696911 -0.0178595 -0.342796 -0.255521 -0.247546 
1168
0 0 0 
5.62569 10.7899 15.2098 
0.293801 0.178523 0.146882 
1172
1 1 1 1 1 0 1 
5.94094 8.24508 8.98761 13.6869 14.1999 13.6136 12.7839 
-0.183155 -0.860203 -0.0693217 -0.0183049 -0.520696 -0.695799 -0.349113 
1176
1 1 1 0 1 1 1 1 1 
5.59238 8.75973 8.3201 11.1013 16.5067 13.4046 13.7669 18.7795 23.2727 
-0.182136 -0.85994 -0.0690521 -0.695418 -0.0169704 -0.525339 -0.342525 -0.247995 -0.252656 
1172
0 0 0 
5.77918 10.6135 16.0708 
0.289135 0.178194 0.146755 
1180
1 1 1 0 1 1 1 
6.24934 7.69862 16.392 12.5473 14.4724 11.8751 15.2356 
-0.184713 -0.859737 -0.0598457 -0.695573 -0.346741 -0.524202 -0.0171792 
1180
0 0 0 
5.63881 11.8615 15.5796 
0.290737 0.176784 0.14709 
1184
1 1 1 0 1 1 1 1 
5.44236 7.62043 10.0093 12.9447 11.1626 14.2054 23.538 14.9639 
-0.185839 -0.859472 -0.0660128 -0.696478 -0.517625 -0.0187538 -0.343443 -0.258015 
1184
0 0 0 
5.51432 10.5662 15.59 
0.296773 0.1787 0.148245 
1188
0 0 0 
5.70541 12.1332 16.3766 
0.294542 0.17669 0.147543 
1192
0 0 0 
4.79052 11.7752 14.5866 
0.301457 0.176824 0.148849 
1192
1 1 1 0 1 1 1 1 1 
6.29208 10.0276 10.2566 12.4157 12.2683 14.366 13.7592 20.3212 19.5493 
-0.185373 -0.860599 -0.0562252 -0.695031 -0.524679 -0.0166652 -0.347305 -0.251634 -0.254954 
1196
0 0 0 
4.73505 9.54968 17.3755 
0.29598 0.18067 0.145377 
1196
1 1 1 1 0 1 1 
5.92733 10.0304 8.79116 15.5314 11.0336 11.5236 10.5421 
-0.18308 -0.86082 -0.0548944 -0.0175972 -0.694631 -0.519227 -0.352037 
1200
0 0 0 
4.75198 11.2393 14.1148 
0.299786 0.178085 0.149901 
1200
1 1 1 1 0 1 1 1 1 
6.5261 9.69181 10.3958 13.5436 17.3213 10.4085 15.2221 12.1765 25.3182 
-0.192663 -0.860075 -0.0566022 -0.351144 -0.698119 -0.518149 -0.0173051 -0.245917 -0.252988 
1204
0 0 0 
6.5117 10.2738 13.3281 
0.290131 0.176446 0.134992 
1208
0 0 0 
5.62701 12.8279 17.1055 
0.29219 0.174599 0.145164 
1208
1 1 1 0 1 1 1 
6.24937 10.0335 11.7866 12.089 11.5719 13.271 12.825 
-0.189356 -0.860259 -0.061359 -0.695947 -0.524332 -0.0157056 -0.351131 
1212
1 1 1 0 1 1 1 1 
6.01625 8.25973 9.38202 12.5445 15.2566 11.0104 13.035 16.6313 
-0.184868 -0.860568 -0.0690703 -0.694861 -0.0171223 -0.519097 -0.343934 -0.250677 
1212
0 0 0 
5.46 11.9153 14.785 
0.296175 0.175651 0.149512 
1216
1 1 1 0 1 1 1 1 
6.17188 8.87604 9.77139 10.6906 14.7593 12.8444 11.9231 15.811 
-0.185503 -0.859686 -0.0547609 -0.694941 -0.0167563 -0.52066 -0.350628 -0.245023 
1220
1 1 1 0 1 1 1 
5.82092 9.43203 9.95902 11.7814 12.4676 14.5395 12.281 
-0.184055 -0.860608 -0.0660272 -0.695046 -0.524728 -0.0178045 -0.352039 
1224
0 0 0 
5.3213 11.5819 14.6539 
0.298059 0.177622 0.148461 
1224
1 1 1 0 1 1 1 1 
5.47684 8.90797 10.0239 11.3819 15.0281 12.6829 18.2589 17.3449 
-0.180717 -0.861978 -0.0661387 -0.694367 -0.0161768 -0.524874 -0.342989 -0.246847 
1228
0 0 0 
5.57189 8.81411 13.6222 
0.29491 0.188681 0.149951 
1228
1 1 1 0 1 1 1 1 
5.82916 8.48777 10.4159 14.9249 15.0365 20.677 12.2079 10.7702 
-0.183313 -0.860116 -0.0673251 -0.697121 -0.0196983 -0.247428 -0.519109 -0.351656 
1232
1 1 1 1 1 1 1 0 
6.06889 8.23897 9.41095 12.633 17.8512 16.8237 11.829 18.3637 
-0.184479 -0.860819 -0.0545068 -0.524641 -0.019082 -0.24903 -0.349276 -0.698136 
1236
0 0 0 
5.98143 10.6023 13.3319 
0.291421 0.17892 0.147305 
1236
1 1 1 0 1 1 1 1 
5.45246 7.5846 8.00417 16.9729 17.1928 11.5778 19.2347 24.2451 
-0.181084 -0.860415 -0.0628455 -0.697136 -0.0178618 -0.524497 -0.343842 -0.254715 
1240
0 0 0 
5.74352 11.1124 13.3858 
0.298193 0.178646 0.149588 
1240
1 1 1 0 1 1 1 1 1 
5.51853 7.96358 8.11967 12.1577 11.5084 15.0501 16.2175 18.2698 24.1099 
-0.180715 -0.856974 -0.0686774 -0.694938 -0.519511 -0.0182845 -0.248325 -0.344072 -0.254686 
1244
1 1 1 0 1 1 1 1 
5.36357 7.97815 8.91467 11.1507 10.9805 15.4457 23.3742 16.3935 
-0.180758 -0.855552 -0.069769 -0.694499 -0.523646 -0.0169459 -0.248193 -0.348973 
1244
0 0 0 
5.50784 11.3688 12.784 
0.294216 0.177651 0.152651 
1248
0 0 0 
5.7533 10.8069 10.4348 
0.292951 0.178476 0.158111 
1252
0 0 
5.41516 10.9519 
0.294303 0.178052 
1252
1 1 1 1 1 0 1 1 
5.21065 7.97235 12.8543 12.625 13.9821 10.5733 18.8679 14.4028 
-0.179987 -0.860792 -0.058825 -0.520309 -0.0174545 -0.693516 -0.248023 -0.350703 
1256
1 1 0 1 1 1 1 1 
5.5571 8.54718 13.389 10.6917 12.6026 14.0188 14.5153 15.42 
-0.184985 -0.861995 -0.695829 -0.065461 -0.520948 -0.0159915 -0.245613 -0.349456 
1260
1 1 1 1 0 1 1 1 
5.60597 7.86384 12.1345 11.3888 11.2594 14.6067 11.7616 21.8981 
-0.183506 -0.862272 -0.0588268 -0.519442 -0.695067 -0.0183144 -0.346705 -0.24725 
1264
1 1 1 1 1 0 1 1 
5.66317 9.97946 8.27152 12.911 16.174 11.1909 13.2039 23.1574 
-0.182804 -0.860044 -0.053276 -0.525337 -0.0180901 -0.694982 -0.352451 -0.247845 
1268
1 1 1 0 1 1 1 1 
5.18957 7.84298 8.61435 11.8357 12.7998 17.3597 13.7838 20.8313 
-0.179619 -0.863118 -0.0696108 -0.694818 -0.525375 -0.0180478 -0.351497 -0.247499 
1264
0 0 0 
4.83253 10.1548 10.0162 
0.308951 0.17994 0.159192 
1268
0 0 0 
5.70998 10.5686 10.2211 
0.296117 0.178684 0.157045 
1272
1 1 1 1 0 1 1 1 
4.73586 9.24925 10.1745 14.0064 10.5123 15.6213 15.9571 24.0992 
-0.186715 -0.857667 -0.0654748 -0.52106 -0.694201 -0.0198597 -0.349096 -0.247161 
1276
0 0 
5.52642 10.5036 
0.29519 0.179521 
1280
0 0 0 
5.60905 10.3948 10.6568 
0.293877 0.178183 0.140611 
1276
1 1 1 1 0 1 1 1 
5.52805 7.63587 11.8656 8.98173 11.2075 14.9674 21.9605 13.3702 
-0.18709 -0.86012 -0.524413 -0.0548654 -0.695563 -0.0167252 -0.248031 -0.351302 
1280
1 1 1 1 1 0 1 1 
5.66778 9.70756 11.9652 9.51744 14.3744 13.4993 12.7746 18.3269 
-0.18726 -0.861594 -0.526855 -0.0547416 -0.018177 -0.695608 -0.352111 -0.248855 
1284
0 0 0 
5.50548 11.9851 15.5351 
0.293568 0.178476 0.146125 
1288
1 1 1 0 1 1 1 1 
5.56902 8.14102 13.4808 14.6616 9.68377 13.4148 15.3244 21.2159 
-0.182795 -0.861564 -0.522329 -0.697563 -0.0568901 -0.0174395 -0.342321 -0.248393 
1288
0 0 0 
5.67581 9.44194 17.9186 
0.295832 0.171021 0.144118 
1292
0 0 0 
5.12413 9.44084 13.3894 
0.302355 0.180411 0.147555 
1296
0 0 
5.32739 10.2175 
0.294115 0.181714 
1296
1 1 1 1 0 1 1 1 0 
6.02634 10.0858 8.14892 18.8776 14.8797 14.2513 13.1314 17.9605 15.7514 
-0.183614 -0.0691302 -0.856655 -0.0163126 -0.697008 -0.522605 -0.349411 -0.247986 -0.489963 
1300
0 0 
5.03811 11.308 
0.303638 0.173576 
1304
0 0 
5.26349 11.4992 
0.294611 0.173923 
1300
1 1 0 1 1 1 1 1 1 
5.71261 11.4612 15.7759 8.35246 11.2705 16.475 13.724 21.9956 18.4504 
-0.18951 -0.0605939 -0.699973 -0.861018 -0.526994 -0.0196627 -0.340863 -0.249713 -0.35128 
1308
1 1 1 0 1 1 1 1 0 
5.07109 13.0691 7.46511 6.97186 9.85439 12.6601 18.6417 15.277 14.9568 
-0.192227 -0.0622322 -0.858955 -0.691677 -0.525064 -0.0179384 -0.248623 -0.341847 -0.497527 
1308
0 0 
4.71745 11.804 
0.313421 0.175555 
1312
0 0 0 
5.48661 12.2182 14.4243 
0.308549 0.179431 0.150324 
1312
1 1 1 1 0 1 1 1 0 
5.8598 11.0468 9.13998 9.85179 12.8592 11.2023 14.9771 22.7298 14.9247 
-0.192061 -0.0599946 -0.865628 -0.529077 -0.699753 -0.0190194 -0.342433 -0.250171 -0.498898 
1316
0 0 0 
5.15799 12.0761 14.2533 
0.316313 0.175522 0.156513 
1320
1 1 1 1 1 0 1 1 
4.99328 7.8837 11.4468 15.6243 9.71683 10.8966 17.6049 15.3766 
-0.186587 -0.875227 -0.0606343 -0.0100035 -0.528121 -0.699222 -0.248068 -0.340908 
1320
0 0 0 
5.74909 9.43019 13.5591 
0.30937 0.185918 0.147418 
1324
0 0 0 
5.12807 9.51692 12.8513 
0.321564 0.187341 0.145557 
1324
1 1 0 1 1 1 1 1 
5.36554 8.37706 13.2864 9.41691 15.098 17.6214 8.99743 16.6024 
-0.184693 -0.878971 -0.704511 -0.0574297 -0.0139997 -0.248572 -0.537858 -0.340335 
1328
0 0 0 
4.78169 10.4518 16.3581 
0.327327 0.192029 0.146325 
1332
0 0 
4.64447 10.5824 
0.339517 0.193172 
1332
1 1 1 1 1 1 0 1 0 
5.61375 7.71735 9.84714 10.4696 14.4358 22.7149 12.0132 21.0416 19.0602 
-0.207398 -0.894713 -0.0553953 -0.539805 -0.013419 -0.349561 -0.718939 -0.248323 -0.499521 
1336
0 0 
5.22717 12.2758 
0.327869 0.191187 
1336
1 1 1 1 1 1 0 
5.20112 7.96383 9.45561 14.0284 15.7574 15.8929 16.4571 
-0.201762 -0.0696643 -0.900709 -0.539654 -0.0101467 -0.347327 -0.716904 
1340
1 1 1 1 1 1 1 0 
5.74649 12.9795 13.0454 5.76312 12.7208 28.3606 20.8001 13.2087 
-0.211115 -0.0582629 -0.543652 -0.91726 -0.0181614 -0.251039 -0.348268 -0.719598 
1340
0 0 0 
5.12099 9.79013 16.3514 
0.345005 0.198041 0.157689 
1344
0 0 0 
5.15801 8.56418 11.4618 
0.339967 0.214601 0.170183 
1348
0 0 0 
4.42021 8.46851 18.8686 
0.361907 0.215989 0.157156 
1348
1 1 0 1 1 1 0 1 
5.24888 7.28182 14.8524 13.5261 12.6316 14.4622 17.1158 22.3903 
-0.204012 -0.0706491 -0.728745 -0.356616 -0.0142533 -0.552161 -0.5004 -0.2525 
1352
1 1 1 1 0 1 1 
4.57789 9.64283 14.538 11.0003 15.5367 15.4742 22.863 
-0.207868 -0.0618424 -0.355259 -0.548017 -0.734185 -0.00634999 -0.2494 
1352
0 0 0 
4.86348 11.1395 15.0251 
0.367391 0.202437 0.158756 
1356
1 1 1 0 1 1 1 
4.9171 14.7707 11.242 11.4836 14.3718 12.7756 15.6393 
-0.217212 -0.00302345 -0.0579655 -0.735263 -0.353838 -0.558522 -0.24854 
1360
1 1 1 0 1 1 
5.20895 9.30745 16.6131 12.6386 11.3769 11.3036 
-0.228574 -0.0616372 -0.362074 -0.745554 -0.564888 -0.0200005 
1360
0 0 0 
4.19754 7.67545 15.3227 
0.380369 0.218578 0.169839 
1364
1 1 1 1 1 0 0 1 
4.60372 12.29 11.8586 12.5819 11.7753 14.0645 15.7346 12.8885 
-0.232091 -0.0704965 -0.575695 -0.371569 -0.0169101 -0.754861 -0.520457 -0.262747 
1364
0 0 0 
4.48255 9.55979 17.1961 
0.379738 0.211056 0.158025 
1368
1 1 1 1 1 0 0 0 
4.6772 13.2181 9.1363 11.4273 12.3125 11.6012 18.9552 18.2405 
-0.244041 -0.381323 -0.0763705 -0.584855 -0.0273472 -0.769586 -0.530563 -0.400013 
1368
0 0 0 
3.94226 10.5285 12.3642 
0.388131 0.203362 0.154042 
1372
1 1 0 1 1 1 0 1 
4.95086 7.44078 13.6632 11.7608 10.0851 17.9364 17.028 14.1929 
-0.255715 -0.0970122 -0.781515 -0.379833 -0.594221 -0.273489 -0.541512 -0.0288519 
1376
1 1 1 1 0 1 0 1 
4.51134 9.76062 12.661 16.387 15.151 8.83159 17.9649 16.41 
-0.269456 -0.0915625 -0.607924 -0.391399 -0.786979 -0.0393264 -0.544128 -0.287924 
1376
0 0 0 
4.03515 8.33948 11.1958 
0.388802 0.204642 0.147103 
1380
1 1 1 1 0 1 0 1 
4.37883 8.71991 12.0828 10.7834 14.1241 10.8162 12.1579 18.5732 
-0.280326 -0.0907424 -0.042899 -0.615332 -0.797199 -0.396359 -0.564321 -0.290488 
1384
1 1 1 0 1 1 0 1 
4.3404 7.88848 13.9882 14.7589 12.3499 12.4919 15.0262 19.3369 
-0.293027 -0.110081 -0.626907 -0.808489 -0.0458851 -0.405734 -0.568353 -0.292778 
1384
0 0 0 0 
3.91991 8.27842 15.6742 9.9904 
0.40065 0.193266 0.138305 0.136393 
1388
1 1 1 0 1 1 1 
4.07512 8.95838 9.66987 11.3752 11.1345 10.4992 22.2265 
-0.307702 -0.10467 -0.635356 -0.816585 -0.409573 -0.0532953 -0.298076 
1388
0 0 0 
7.48698 3.72473 9.33755 
0.199167 0.40859 0.138391 
1392
1 1 1 1 1 0 0 1 
3.87779 8.65816 16.814 9.964 9.42496 11.3376 8.32865 16.7634 
-0.316799 -0.107282 -0.0487475 -0.411493 -0.644485 -0.832342 -0.829525 -0.301808 
1396
0 0 0 
4.21226 9.6865 11.6889 
0.409864 0.188086 0.146516 
1396
1 1 1 1 1 0 0 1 
4.19838 9.08597 12.5966 12.5578 11.3254 13.8116 16.0798 14.97 
-0.32873 -0.111346 -0.657224 -0.426767 -0.0538774 -0.833432 -0.579347 -0.30808 
1400
0 0 0 
4.15628 9.86847 16.3655 
0.418773 0.191511 0.129056 
1400
1 1 0 1 1 1 1 
3.83937 8.51802 14.6498 9.32601 12.5056 11.1557 17.8767 
-0.334001 -0.106964 -0.83685 -0.0564739 -0.431551 -0.663353 -0.305755 
1404
0 0 0 
2.93637 7.92817 11.2497 
0.459359 0.202564 0.132731 
1408
0 0 0 0 
3.48203 8.85063 15.5385 16.0444 
0.454786 0.197684 0.133858 0.105909 
1412
0 0 0 
3.45928 7.95197 12.2031 
0.4583 0.206273 0.13791 
1408
1 1 0 1 1 1 0 1 
3.51148 8.62232 11.4155 11.8358 12.4686 11.1783 13.5268 16.2452 
-0.359471 -0.119038 -0.851151 -0.437328 -0.0505238 -0.677932 -0.589617 -0.0278658 
1412
1 1 0 1 1 1 1 1 0 
3.95831 7.45735 14.3396 8.47463 15.239 11.2563 22.0275 13.3518 16.2408 
-0.383125 -0.126154 -0.865143 -0.678519 -0.0528179 -0.446774 -0.0266491 -0.322947 -0.59822 
1416
1 1 0 1 1 1 1 
3.57454 8.75144 13.1557 14.5056 13.2712 12.7357 10.7737 
-0.392898 -0.127668 -0.869893 -0.0597375 -0.692818 -0.450662 -0.310692 
1420
1 1 1 1 0 1 0 1 1 1 
3.36976 7.47881 10.1586 7.0327 12.3657 12.7937 12.8934 9.05169 15.9759 21.4728 
-0.402141 -0.133974 -0.456446 -0.70199 -0.879336 -0.0566419 -0.618718 -0.0721811 -0.0274642 -0.32449 
1420
0 0 0 
3.41105 9.51766 13.014 
0.481559 0.199865 0.132534 
1424
1 1 1 1 0 1 0 
3.69642 9.17593 14.3555 11.8851 12.6987 9.89495 15.2567 
-0.410243 -0.136198 -0.0660797 -0.445988 -0.88483 -0.702992 -0.618495 
1424
0 0 0 0 
2.98382 8.45471 10.7796 20.0014 
0.507161 0.205536 0.140346 0.107219 
1428
0 0 0 
3.24897 8.14297 10.1762 
0.512201 0.202436 0.146415 
1428
1 1 1 0 1 1 0 1 
7.73184 3.03616 11.1691 11.2805 10.3591 11.7062 12.8188 17.8565 
-0.140841 -0.427411 -0.464526 -0.894899 -0.717465 -0.0707802 -0.616737 -0.325473 
1432
1 1 1 0 1 1 0 1 1 
3.28956 7.80954 9.94012 13.7177 11.8828 11.1208 12.7287 23.5939 18.333 
-0.447053 -0.142089 -0.727128 -0.620843 -0.0744219 -0.466611 -0.898578 -0.333579 -0.0300398 
1436
0 0 0 
3.002 7.35215 13.4783 
0.535405 0.210969 0.129473 
1436
1 1 1 1 1 1 0 0 1 
3.15971 8.02754 9.26519 12.6755 12.8895 13.9936 7.72396 16.6938 15.7842 
-0.456259 -0.145315 -0.736854 -0.0734048 -0.470173 -0.0399057 -0.914229 -0.62731 -0.340032 
1440
0 0 0 
2.74596 6.95828 11.6794 
0.565635 0.221246 0.131161 
1444
0 0 0 
2.99735 7.4279 10.3114 
0.559636 0.208702 0.13297 
1444
1 1 1 1 1 0 1 
2.76858 7.16612 8.1174 12.7071 12.1815 13.5521 16.0185 
-0.481297 -0.151577 -0.752105 -0.0753523 -0.472185 -0.645017 -0.340543 
1448
0 0 0 
2.85968 8.44587 11.9236 
0.580562 0.209292 0.13016 
1448
1 1 1 1 1 0 1 
2.67758 6.87088 10.0724 7.74547 14.8125 13.7821 14.897 
-0.505934 -0.161428 -0.759733 -0.0834849 -0.478433 -0.647732 -0.348301 
1452
0 0 0 
2.6405 7.86285 11.7609 
0.604728 0.21256 0.125699 
1456
0 0 0 
2.70294 7.24726 10.6066 
0.614692 0.212669 0.139024 
1456
1 1 1 1 1 0 1 
2.61574 6.92595 9.53687 8.94976 13.119 13.4457 15.2232 
-0.543126 -0.160664 -0.765709 -0.0876426 -0.489307 -0.652855 -0.344063 
1460
0 0 0 
3.05431 6.82664 11.2973 
0.61654 0.218874 0.145193 
1460
1 1 1 1 1 1 0 
2.65318 7.26945 8.30792 8.74597 16.007 10.5299 16.3756 
-0.563395 -0.169036 -0.0869623 -0.783316 -0.358353 -0.496164 -0.653951 
1464
0 0 0 
2.45494 7.10062 12.0249 
0.663549 0.219141 0.132902 
1464
1 1 1 1 1 1 
2.57448 6.61199 9.44975 11.4375 11.7788 22.6764 
-0.593669 -0.172817 -0.0862918 -0.785147 -0.491684 -0.355011 
1468
1 1 1 0 1 1 1 1 
2.75115 7.78971 8.49997 15.144 9.46653 13.982 11.6845 17.6378 
-0.619265 -0.175566 -0.785501 -0.671481 -0.0904289 -0.0506463 -0.511239 -0.357431 
1472
0 0 0 
2.46171 7.16244 12.3195 
0.692801 0.218413 0.132605 
1472
1 1 1 1 0 1 1 1 1 
2.30466 6.17367 8.4042 9.24911 16.7969 19.5972 15.1929 12.1156 21.87 
-0.632876 -0.17748 -0.798101 -0.0950705 -0.674264 -0.0500663 -0.506032 -0.37118 -0.275367 
1476
0 0 0 
2.60009 7.24139 11.452 
0.702966 0.217061 0.134812 
1480
0 0 0 
1.8767 7.09056 9.42181 
0.784064 0.223646 0.138366 
1476
1 1 1 1 1 0 
2.34101 5.75692 9.86374 10.4903 10.6671 13.6545 
-0.65751 -0.191382 -0.811783 -0.0956429 -0.511488 -0.679726 
1484
1 1 1 1 1 1 
2.49928 6.20858 8.15198 12.3887 11.3701 12.566 
-0.708766 -0.189906 -0.826693 -0.095527 -0.513829 -0.0608977 
1484
0 0 0 
2.05509 6.25177 10.6055 
0.767482 0.216927 0.136861 
1488
0 0 0 0 
1.65719 7.02672 11.9841 13.6707 
0.842481 0.220928 0.133293 0.0969373 
1492
0 0 0 0 
1.80645 6.8627 11.1423 10.6255 
0.853725 0.223028 0.0949377 0.133534 
1492
1 1 1 0 1 1 1 1 
2.30058 6.89752 9.2103 20.431 15.3622 7.6016 11.999 20.4813 
-0.768327 -0.197461 -0.850924 -0.702744 -0.0634173 -0.107596 -0.529501 -0.381507 
1496
0 0 0 0 
1.74595 6.51455 12.1736 19.1071 
0.898127 0.224968 0.135948 0.0927162 
1496
1 1 1 1 1 1 0 1 
2.25764 7.70059 9.38957 9.22421 17.7035 12.8242 18.5878 15.201 
-0.798021 -0.206368 -0.852062 -0.105972 -0.0584189 -0.532507 -0.705442 -0.387029 
1500
1 1 1 1 1 1 0 1 
2.19629 6.07776 8.90065 7.29443 12.7268 19.0998 16.7413 17.5725 
-0.819344 -0.201472 -0.863188 -0.110151 -0.539648 -0.058699 -0.709558 -0.385253 
1504
0 0 0 0 
2.20049 6.09171 13.0002 15.8061 
0.931209 0.234225 0.132128 0.0936492 
1504
1 1 1 1 0 1 1 1 
1.64298 6.27269 11.5191 8.62049 12.7716 12.868 17.727 22.0006 
-0.829837 -0.204992 -0.107853 -0.86007 -0.711256 -0.538998 -0.0621916 -0.385143 
1508
1 1 1 1 1 1 0 1 1 
1.90067 6.02524 8.50117 10.4444 10.0632 13.2913 15.5427 18.2118 18.6325 
-0.842651 -0.211488 -0.867124 -0.10252 -0.552981 -0.0625497 -0.714866 -0.383204 -0.287329 
1512
1 1 1 1 1 1 
6.91227 10.5283 10.3906 10.7573 10.1629 17.909 
-0.207302 -0.874796 -0.543202 -0.104013 -0.0619639 -0.383886 
1512
0 0 0 
4.89854 11.6047 13.7364 
0.255257 0.141444 0.0965626 
1516
1 1 1 1 1 0 1 
5.53649 2.6929 9.20337 11.1044 8.22371 16.8153 12.0361 
-0.205969 -0.886158 -0.879078 -0.549504 -0.106654 -0.713474 -0.0600584 
1516
0 0 
5.99979 12.2057 
0.244908 0.139062 
1520
1 1 1 0 1 1 1 0 
9.54158 5.97309 9.1829 13.9889 11.3207 17.1345 12.5172 21.5664 
-0.882247 -0.210385 -0.0996538 -0.723631 -0.549524 -0.383549 -0.0607361 -0.532302 
1524
1 1 1 1 0 1 1 1 
10.0233 11.5652 6.04457 9.27529 9.73034 15.6115 19.3248 30.5304 
-0.885755 -0.0935668 -0.205251 -0.5514 -0.724124 -0.383787 -0.051061 -0.284781 
1524
0 0 0 
5.83971 11.3016 16.9592 
0.258581 0.147403 0.106909 
1528
1 1 1 1 1 0 1 1 
6.64436 12.02 7.25752 8.73044 16.9683 14.4031 18.4433 30.9316 
-0.209005 -0.089499 -0.888447 -0.551847 -0.0463491 -0.718381 -0.379473 -0.284296 
1532
1 1 1 1 1 1 0 1 1 
5.73455 9.2125 10.2579 11.2702 16.9313 18.6778 15.2531 12.922 20.5182 
-0.201977 -0.896266 -0.0915747 -0.54222 -0.373812 -0.0429349 -0.718195 -0.38245 -0.2769 
1532
0 0 0 
4.851 11.1415 18.7223 
0.291421 0.16076 0.118156 
1536
1 1 1 1 1 1 0 0 
6.09349 11.8839 9.3406 12.5613 15.615 16.0387 9.93524 16.5128 
-0.199666 -0.0848613 -0.897239 -0.54496 -0.0365781 -0.373603 -0.725615 -0.523202 
1536
0 0 0 
5.22087 11.7134 14.6676 
0.287963 0.163797 0.124217 
1540
0 0 0 
5.26872 11.1283 14.1563 
0.292427 0.164681 0.119691 
1540
1 1 1 1 1 1 0 1 
5.82852 9.78565 7.47403 14.3095 13.8984 14.4477 16.8152 19.8202 
-0.20333 -0.0790081 -0.901299 -0.54619 -0.37307 -0.0396885 -0.710889 -0.272409 
1544
0 0 0 
5.29648 10.7017 11.6806 
0.303634 0.176636 0.128437 
1544
1 1 1 1 0 1 1 1 1 
5.73878 9.60678 10.2193 13.5658 17.3672 14.2591 13.7214 28.7099 31.8127 
-0.199581 -0.903782 -0.0788905 -0.543363 -0.712636 -0.0373876 -0.374922 -0.273602 -0.197295 
1548
1 1 1 0 1 1 1 
5.45551 10.0134 10.7794 9.4665 17.8471 14.5962 10.7746 
-0.201804 -0.0730236 -0.548352 -0.728861 -0.0319655 -0.367596 -0.38208 
1552
1 1 1 1 0 1 
6.12428 10.6863 8.42318 16.2625 12.7492 30.8191 
-0.203739 -0.0782899 -0.537863 -0.0301099 -0.71823 -0.273632 
1552
0 0 
4.85007 16.7479 
0.318181 0.137526 
1556
0 0 0 
4.82685 9.95532 13.1719 
0.320791 0.181915 0.135657 
1560
0 0 0 
5.17391 8.91143 16.2091 
0.322626 0.180823 0.137158 
1564
1 1 1 0 1 1 1 
5.08299 7.74824 10.9399 14.4848 14.0995 17.4401 19.6221 
-0.22343 -0.0935583 -0.566446 -0.735345 -0.378961 -0.0323482 -0.273373 
1564
0 0 0 
4.20925 10.6386 10.0845 
0.346078 0.188027 0.135304 
1568
0 0 0 0 
4.62504 9.63672 12.6018 15.3186 
0.340227 0.186571 0.140139 0.140474 
1572
1 1 0 1 1 1 1 
4.95103 8.20371 13.9278 13.0581 23.4757 14.9242 13.4844 
-0.230278 -0.0912798 -0.747023 -0.570054 -0.280183 -0.389747 -0.0330108 
1572
0 0 0 
4.6165 10.7607 11.3128 
0.349015 0.18836 0.133762 
1576
1 1 1 0 1 0 1 
5.01533 13.0113 9.37518 17.7777 13.4782 9.32831 21.1995 
-0.231649 -0.576831 -0.0899101 -0.75508 -0.0310547 -0.751185 -0.285974 
1576
0 0 0 
4.70729 9.19836 10.8409 
0.344097 0.193998 0.135562 
1580
0 0 0 
5.22581 10.0357 13.9131 
0.351508 0.190499 0.144266 
1584
0 0 0 0 
4.70352 9.44529 11.1407 14.473 
0.358503 0.187502 0.14039 0.144564 
1584
1 1 0 1 1 1 0 1 
4.90042 10.5105 15.0755 10.2957 13.5488 15.8363 12.4047 12.6956 
-0.243701 -0.0921669 -0.76093 -0.587145 -0.0378007 -0.391343 -0.556414 -0.277189 
1588
1 1 1 1 1 0 1 1 0 
5.16446 7.59747 10.3228 14.388 9.84734 14.8079 16.5912 16.7376 12.2725 
-0.255578 -0.0955947 -0.591296 -0.0374854 -0.395754 -0.768769 -0.281079 -0.0130856 -0.553517 
1592
0 0 0 
4.87053 9.62804 16.5146 
0.368709 0.201524 0.141851 
1592
1 1 1 1 0 1 1 1 
4.48213 7.30473 10.2498 14.841 14.1719 23.1447 17.2667 21.8737 
-0.256241 -0.100028 -0.602202 -0.0353436 -0.770515 -0.283376 -0.015684 -0.288739 
1596
1 1 1 0 1 1 
4.12717 9.57289 9.15983 14.62 13.2078 16.9402 
-0.260688 -0.0907237 -0.594012 -0.775568 -0.037304 -0.403111 
1596
0 0 0 
4.208 8.19723 15.6065 
0.386874 0.201068 0.142112 
1600
1 1 1 1 0 0 1 1 1 
4.11857 7.55771 9.63101 11.7306 17.3459 17.2723 16.1888 28.0458 14.6518 
-0.266812 -0.103044 -0.598608 -0.0420246 -0.781938 -0.561118 -0.401725 -0.288293 -0.0135113 
1604
1 1 1 0 1 0 0 1 
4.06955 10.0699 10.3372 11.6558 14.528 14.928 10.7239 18.5872 
-0.266535 -0.0967358 -0.614668 -0.794392 -0.0368543 -0.567125 -0.786052 -0.411556 
1604
0 0 0 
4.49831 8.83755 15.835 
0.393133 0.203105 0.142683 
1608
1 1 1 1 0 1 0 
4.41884 6.87048 14.569 11.7384 12.2654 14.9341 18.0198 
-0.278214 -0.101806 -0.0368664 -0.607825 -0.797717 -0.405628 -0.564045 
1608
0 0 0 
4.11996 9.52717 16.2101 
0.406849 0.210657 0.154082 
1612
1 1 1 0 1 1 1 
4.03177 8.26693 10.3667 11.6247 13.6812 16.1705 24.3441 
-0.286089 -0.0938495 -0.613743 -0.802589 -0.0359372 -0.414628 -0.291083 
1616
0 0 0 
4.09183 7.69803 13.9527 
0.425695 0.218497 0.149972 
1616
1 1 1 0 1 1 0 
4.24146 7.98292 10.9371 13.3632 13.5258 15.6564 14.3021 
-0.291688 -0.106682 -0.623342 -0.798865 -0.0372363 -0.414825 -0.575593 
1620
1 1 1 0 1 1 0 
4.05876 7.42011 11.5805 14.4937 14.8196 14.0554 15.3718 
-0.300927 -0.103268 -0.627926 -0.80624 -0.0363092 -0.419157 -0.57626 
1620
0 0 0 
4.08324 7.58706 16.1472 
0.433446 0.218402 0.152592 
1624
1 1 1 1 0 1 0 
3.77134 8.81679 12.4605 13.9655 13.1445 17.1561 16.0921 
-0.307617 -0.101076 -0.631494 -0.0354784 -0.815103 -0.418935 -0.577509 
1628
0 0 0 
3.3476 7.90039 11.9259 
0.472605 0.21424 0.167367 
1628
1 1 1 1 0 0 
3.96798 9.50159 15.5761 12.0668 13.9766 13.9445 
-0.323279 -0.0976315 -0.0358403 -0.640236 -0.816235 -0.583736 
1632
0 0 
3.50761 7.40633 
0.477967 0.22749 
1632
1 1 1 1 0 0 1 
3.70671 8.39773 9.59618 14.9208 13.956 11.5684 14.0689 
-0.317661 -0.100097 -0.647636 -0.0356138 -0.818798 -0.572982 -0.299257 
1636
1 1 1 1 0 1 1 1 
3.67259 8.05379 10.442 11.5672 14.5078 11.7445 17.6923 15.0279 
-0.328608 -0.102665 -0.649327 -0.0281599 -0.826193 -0.427221 -0.296395 -0.00940937 
1636
0 0 0 
3.00231 8.17562 12.9 
0.510745 0.231277 0.167539 
1640
1 1 1 1 0 0 1 1 
3.89626 7.76737 11.2531 18.4206 11.7803 15.1753 12.196 21.8229 
-0.338005 -0.107476 -0.649079 -0.0379453 -0.826698 -0.584288 -0.427052 -0.297885 
1644
1 1 1 0 1 1 1 
3.34024 6.50364 8.70456 14.711 13.6032 15.5852 26.9215 
-0.334534 -0.106407 -0.658044 -0.836298 -0.032153 -0.434754 -0.301104 
1644
0 0 0 
3.30528 8.07571 17.6878 
0.522822 0.233101 0.16049 
1648
1 1 1 0 1 1 1 1 1 
3.36514 8.31412 10.221 9.84866 17.1345 14.7412 13.2452 15.9077 20.2452 
-0.355301 -0.104687 -0.661938 -0.837309 -0.431795 -0.0382464 -0.304577 -0.0106635 -0.214524 
1648
0 0 0 
3.41884 8.29493 13.2067 
0.525151 0.238411 0.159819 
1652
1 1 1 1 1 0 0 1 
3.71056 7.89755 9.52073 15.3856 14.6331 14.0536 15.8699 17.3217 
-0.367659 -0.108867 -0.680721 -0.437111 -0.0360486 -0.84976 -0.597336 -0.00817433 
1656
1 1 1 0 0 1 1 1 
3.38157 8.14899 8.97166 16.8607 12.6289 13.6198 11.265 16.5919 
-0.377585 -0.109419 -0.683773 -0.599508 -0.855434 -0.0345533 -0.433307 -0.0106397 
1660
1 1 1 0 1 0 1 1 1 
3.55818 9.83013 8.25777 14.8546 13.5699 15.2505 13.6041 12.9336 11.8563 
-0.397643 -0.690856 -0.107213 -0.858934 -0.0353905 -0.603734 -0.442526 -0.0103999 -0.304955 
1660
0 0 0 
3.28131 8.27531 11.5983 
0.563245 0.253867 0.178593 
1664
0 0 
2.88803 9.02959 
0.596227 0.249358 
1664
1 1 1 0 1 1 0 1 1 
3.17504 8.77302 11.4829 12.7479 14.8464 12.5765 14.4965 19.541 16.8809 
-0.404074 -0.106286 -0.69338 -0.865958 -0.0387524 -0.444022 -0.602479 -0.00943744 -0.307821 
1668
1 1 0 1 0 1 1 1 1 
3.41812 8.19888 11.9182 9.4445 12.4008 14.463 11.5328 12.2191 20.6395 
-0.419345 -0.108299 -0.869687 -0.689864 -0.60473 -0.0341405 -0.448276 -0.012458 -0.306922 
1672
0 0 0 0 
2.83291 7.26931 10.8454 19.3235 
0.62525 0.261212 0.182491 0.142019 
1672
1 1 1 0 1 0 1 1 1 
2.9979 8.58945 11.658 11.9328 14.2042 15.7611 9.81497 15.1113 20.6421 
-0.427907 -0.107794 -0.702951 -0.874385 -0.0345192 -0.611142 -0.457708 -0.0102377 -0.305648 
1676
0 0 0 
2.6935 7.11632 15.4552 
0.653014 0.268169 0.171596 
1676
1 1 1 0 1 0 1 1 1 
2.66907 7.22644 9.39335 14.1906 10.2801 14.7639 14.6665 15.9783 20.3027 
-0.445687 -0.108274 -0.717854 -0.885364 -0.038495 -0.616201 -0.45121 -0.00940078 -0.311387 
1680
0 0 0 0 
2.88746 8.45643 17.9044 14.0091 
0.66663 0.259804 0.172853 0.138997 
1684
1 1 1 0 1 0 1 1 
2.45609 7.27258 9.0251 12.4419 13.9187 13.7536 15.8559 10.9964 
-0.475135 -0.114283 -0.728368 -0.899407 -0.0422686 -0.628724 -0.319545 -0.464613 
1688
1 1 1 1 0 1 0 1 1 
2.35395 7.1985 11.095 15.2778 14.4087 10.6207 12.2492 17.924 26.4202 
-0.492729 -0.123504 -0.739037 -0.0438825 -0.629374 -0.468748 -0.902407 -0.00755084 -0.317608 
1684
0 0 0 0 
2.67789 6.8386 13.2447 17.4274 
0.683305 0.265111 0.17652 0.142423 
1688
0 0 0 
2.40378 7.71516 10.8631 
0.719908 0.271928 0.181066 
1692
0 0 0 
2.59562 7.90319 9.41158 
0.735225 0.278247 0.18009 
1696
0 0 0 
2.38778 8.18966 11.2138 
0.763163 0.276205 0.182716 
1696
1 1 1 1 1 1 1 
2.35522 8.04781 10.5474 14.2419 18.962 13.5741 20.8675 
-0.53958