0
0 0 0 0 0 
2.48286 7.82899 13.5046 12.8467 19.3493 
0.57988 0.172655 0.0798819 0.000117059 0.156198 
0
1 1 1 1 1 0 0 1 1 1 0 0 1 1 
2.96481 7.23822 8.83378 12.6816 13.378 12.7121 16.6584 17.2753 14.7262 14.2929 14.3651 18.0033 13.7024 15.2806 
-0.734592 -0.274117 -0.85477 -0.569601 -0.469264 -0.75133 -0.704711 -0.263689 -0.442414 -0.218487 -0.60752 -0.0464604 -0.304829 -0.41664 
4
0 0 0 0 0 0 
2.41659 6.55946 12.268 15.1989 15.3821 11.228 
0.57517 0.173756 0.0814512 -0.0016165 0.167998 0.0911577 
4
1 1 1 1 1 0 1 0 1 1 1 1 1 0 1 0 
2.1628 6.8117 10.1149 14.2216 12.3828 12.7739 14.015 16.7413 15.0706 15.5688 16.0503 13.5361 12.6351 12.1258 14.2787 14.4406 
-0.708995 -0.273099 -0.847762 -0.570453 -0.468775 -0.751319 -0.443304 -0.704084 -0.354666 -0.416102 -0.263231 -0.303743 -0.220342 -0.0496248 -0.166795 -0.606564 
8
0 0 0 0 0 0 
2.41259 6.36331 12.7978 16.3103 15.6534 12.0106 
0.57257 0.183118 0.0821536 0.16219 8.20731e-05 0.0900752 
8
1 1 1 1 0 0 1 1 1 1 0 1 1 1 1 
2.81212 10.7178 7.38708 14.2491 11.7083 12.6701 12.866 13.9409 14.5304 13.1612 13.8107 16.0925 15.36 14.3003 14.6923 
-0.729657 -0.847556 -0.273395 -0.570543 -0.753441 -0.698573 -0.219936 -0.471089 -0.443432 -0.300405 -0.0478074 -0.263109 -0.166924 -0.35585 -0.415946 
12
1 1 1 1 1 0 0 1 1 1 1 1 1 0 1 0 
2.94681 7.19951 9.86155 11.0974 12.2358 15.5911 14.3905 16.1833 14.6109 15.4196 14.1498 13.8693 14.4494 11.9937 9.64465 17.9127 
-0.727842 -0.27435 -0.847089 -0.568646 -0.46879 -0.705195 -0.752143 -0.443495 -0.310434 -0.263112 -0.357956 -0.220575 -0.415601 -0.611955 -0.163819 -0.0466887 
12
0 0 0 0 0 0 
2.43876 7.12944 12.048 21.5268 13.0135 13.2001 
0.570586 0.168517 0.0817549 0.155875 8.27298e-05 0.0884196 
16
0 0 0 0 0 
1.97474 7.44148 11.9525 14.2537 8.87259 
0.577877 0.169695 0.0818521 -0.000635207 0.163461 
16
1 1 1 1 1 0 1 0 1 1 1 1 0 1 0 
2.84856 7.06696 10.9216 14.3089 14.2974 13.0691 13.7693 15.3976 13.394 15.2287 17.4092 13.8883 12.9335 13.8277 13.9422 
-0.729571 -0.273692 -0.848815 -0.570438 -0.47017 -0.751014 -0.443127 -0.701985 -0.309637 -0.262972 -0.351985 -0.218463 -0.612903 -0.41624 -0.0503241 
20
1 1 1 1 1 0 0 1 1 1 1 0 1 1 1 0 
2.93983 6.37175 10.1267 13.5786 12.7976 12.1497 15.6256 13.7662 11.4416 16.3132 14.263 12.9681 11.7862 10.6486 14.2276 19.603 
-0.728135 -0.279746 -0.84786 -0.57054 -0.471929 -0.751905 -0.703129 -0.218266 -0.270752 -0.35778 -0.443748 -0.610689 -0.167062 -0.297209 -0.416159 -0.0449715 
20
0 0 0 0 0 0 
2.58648 7.55548 12.6294 13.3859 13.8833 11.2857 
0.566962 0.168395 0.0819843 0.166059 0.000599543 0.0920518 
24
0 0 0 0 0 0 
2.17761 5.95982 12.9603 10.2089 13.1893 11.8667 
0.591296 0.178406 0.0812466 0.162962 0.000175097 0.089703 
24
1 1 1 1 1 0 1 1 0 1 1 1 0 1 0 1 1 
3.0091 7.66254 9.01548 14.1721 11.9419 12.837 14.0481 14.5028 16.1854 15.6634 14.7443 12.0613 12.1923 13.1784 14.5833 14.6929 16.1628 
-0.734645 -0.275965 -0.855561 -0.571158 -0.468846 -0.752804 -0.262038 -0.442631 -0.703925 -0.218094 -0.357744 -0.297024 -0.61252 -0.167183 -0.0488092 -0.41664 -0.186042 
28
1 1 1 1 1 0 1 1 0 1 1 1 0 1 0 
2.95946 7.70996 9.19261 13.7682 13.1657 12.3908 16.1368 15.0946 15.3235 15.4144 15.5338 15.4665 13.0327 14.3329 14.4276 
-0.72801 -0.273765 -0.855455 -0.569752 -0.470999 -0.752298 -0.2633 -0.442578 -0.697346 -0.219664 -0.416637 -0.309917 -0.0486878 -0.353503 -0.606052 
28
0 0 0 0 0 
2.18225 7.25744 13.2739 10.4074 12.4919 
0.589496 0.171183 0.000492573 0.161404 0.0824978 
32
0 0 0 0 0 0 
2.38981 7.25473 13.4564 13.707 13.5403 12.3415 
0.573539 0.171065 0.08061 -0.000334004 0.170355 0.0900245 
32
1 1 1 1 1 0 1 1 0 1 1 1 1 0 
2.86944 11.1031 7.89764 13.1561 12.5936 12.416 15.1871 11.1632 15.5351 12.0251 12.1463 14.4149 13.5847 20.3492 
-0.729109 -0.847907 -0.273775 -0.569617 -0.47041 -0.752387 -0.444572 -0.271394 -0.705491 -0.298746 -0.214857 -0.41645 -0.165681 -0.0506549 
36
0 0 0 0 
2.29157 6.48899 10.077 14.1887 
0.586784 0.167856 0.093337 -0.000613562 
40
0 0 0 0 0 
2.35185 8.57363 9.36734 13.3204 19.7192 
0.579735 0.165471 0.0924342 9.87174e-05 0.156186 
36
1 1 1 1 1 0 1 0 1 1 1 0 1 0 
3.06055 7.1943 10.3348 13.7025 13.2821 12.1285 14.7243 16.031 12.5923 15.3128 13.2125 17.6154 15.588 22.2539 
-0.736875 -0.276331 -0.847693 -0.570406 -0.470952 -0.752003 -0.443529 -0.703276 -0.301355 -0.262914 -0.218439 -0.50239 -0.415899 -0.050603 
40
1 1 1 1 1 0 1 1 0 1 0 1 1 1 
2.90661 7.64394 10.4247 12.3218 13.1161 12.2538 11.36 13.7753 14.5314 15.3684 16.5289 14.2701 14.7405 10.8829 
-0.736248 -0.273116 -0.849245 -0.569844 -0.470892 -0.752025 -0.219996 -0.443396 -0.698304 -0.263218 -0.0511409 -0.416458 -0.303293 -0.167073 
44
0 0 0 0 0 0 
2.21515 6.1103 12.7802 16.0493 17.8847 11.6743 
0.587914 0.177478 0.0806308 0.00447391 0.161961 0.0904791 
48
0 0 0 0 0 0 
2.44718 5.86097 12.2694 13.9665 19.5919 11.9057 
0.582399 0.179873 0.000906416 0.0795676 0.156576 0.0896313 
52
0 0 0 0 0 
2.44923 7.92239 14.5866 10.6238 15.2027 
0.570912 0.171965 0.000160255 0.0918627 0.164093 
44
1 1 1 1 1 0 1 1 0 1 1 1 1 1 
2.9323 7.32096 10.5882 12.5119 13.9164 12.518 15.6355 13.0468 17.307 13.1142 13.2867 15.707 13.4719 15.1355 
-0.735421 -0.274572 -0.847785 -0.469648 -0.570336 -0.751535 -0.443266 -0.270442 -0.705239 -0.300674 -0.21822 -0.415817 -0.165186 -0.354379 
48
1 1 1 1 0 0 1 1 1 1 1 1 0 0 1 
2.78225 7.33622 8.97741 13.8762 14.2505 12.065 13.2266 13.7657 13.3337 12.4351 15.8557 15.7928 20.515 18.7448 15.3905 
-0.733165 -0.273193 -0.843207 -0.570149 -0.701835 -0.752573 -0.469674 -0.444884 -0.218291 -0.297952 -0.35754 -0.263338 -0.0499759 -0.601842 -0.416885 
52
1 1 1 1 1 1 0 1 1 0 1 1 0 1 1 
3.01435 7.19873 10.6588 13.6885 12.1258 15.3503 13.1867 11.2938 15.2431 16.2468 11.958 15.6204 14.2325 13.9078 14.1615 
-0.729161 -0.275038 -0.847191 -0.570557 -0.470424 -0.262881 -0.751818 -0.221291 -0.443675 -0.704801 -0.297975 -0.357977 -0.0506068 -0.187718 -0.416241 
56
1 1 1 1 1 1 1 1 0 0 0 1 1 1 
2.92873 7.41323 11.1238 11.3568 13.0202 14.8833 16.7111 16.1708 16.9121 12.0726 20.026 14.6497 11.7684 12.6458 
-0.734585 -0.273014 -0.847915 -0.569302 -0.470706 -0.444794 -0.263319 -0.219076 -0.703588 -0.752914 -0.0507723 -0.353986 -0.2973 -0.416296 
60
0 0 0 0 0 
2.20776 5.977 10.6426 13.9733 17.3293 
0.589239 0.179911 0.0955306 -0.000162123 0.162017 
64
0 0 0 0 0 0 
2.36884 6.86958 11.7628 19.9604 14.6018 10.626 
0.577048 0.172964 0.0820447 0.156052 -0.000837743 0.0914769 
64
1 1 1 1 1 1 1 0 0 1 1 0 1 1 0 1 
2.8957 10.2363 7.8202 13.6784 12.6988 15.1456 16.0105 13.2713 16.7522 12.7159 14.5511 15.4627 21.4061 11.8658 14.0548 15.0957 
-0.733974 -0.847512 -0.273848 -0.570069 -0.47126 -0.443118 -0.218803 -0.740187 -0.704989 -0.303688 -0.258234 -0.0478372 -0.351235 -0.168583 -0.606841 -0.416489 
68
1 1 1 1 1 0 1 1 0 1 1 1 0 1 1 0 
3.00715 10.7512 7.59849 13.4837 13.0455 12.1747 13.2519 15.7164 16.3481 14.3639 13.3345 14.8797 20.347 14.1889 12.7413 13.8267 
-0.736751 -0.848705 -0.273478 -0.570255 -0.470514 -0.752312 -0.444184 -0.263452 -0.704675 -0.218481 -0.416504 -0.357782 -0.0502067 -0.167188 -0.300761 -0.606677 
68
0 0 0 0 0 
2.29278 7.47139 11.8016 12.9846 12.9744 
0.581984 0.169828 0.081562 -0.000274432 0.167584 
72
0 0 0 0 0 
2.38901 6.44326 11.6952 12.8127 14.2024 
0.57793 0.165085 0.0817148 0.00105703 0.169833 
76
0 0 0 0 0 
2.30532 7.47378 13.0975 14.0748 20.4277 
0.584418 0.168866 0.0812311 -0.000432901 0.155773 
76
1 1 1 1 1 1 0 1 1 0 1 1 0 1 
2.94414 7.5914 10.4979 13.001 13.1537 14.9997 12.4055 15.069 14.1786 18.1998 11.6214 14.3685 16.4367 15.3159 
-0.728649 -0.273621 -0.847663 -0.570039 -0.47051 -0.443641 -0.752491 -0.217771 -0.26428 -0.70445 -0.300898 -0.357676 -0.0471683 -0.187206 
80
0 0 0 0 0 
2.33447 6.49068 13.5938 13.5528 14.725 
0.582052 0.176058 0.0861837 -0.000495065 0.167935 
80
1 1 1 1 1 0 1 1 1 0 0 1 1 1 1 
3.07631 7.94237 11.0989 12.6955 13.5273 13.6937 14.1405 14.4453 15.2991 15.0352 17.0624 11.8105 6.9798 14.7408 16.0826 
-0.73751 -0.275828 -0.848446 -0.569109 -0.471458 -0.751953 -0.21841 -0.263572 -0.437254 -0.698108 -0.0467885 -0.301698 -0.175744 -0.357336 -0.416879 
84
0 0 0 0 0 
2.27009 7.46889 15.0841 12.9888 21.4342 
0.586385 0.172432 0.0848799 0.000359766 0.162526 
88
1 1 1 1 1 0 1 1 0 1 1 1 0 1 1 
2.83363 7.33566 13.4524 10.4526 12.8011 11.4228 15.2975 15.1494 15.7719 11.4881 16.219 10.8323 15.0535 15.8292 12.8022 
-0.734127 -0.274318 -0.570575 -0.84793 -0.470099 -0.75225 -0.218425 -0.439168 -0.705217 -0.297556 -0.416508 -0.27098 -0.0474771 -0.354636 -0.185433 
92
1 1 1 1 1 1 1 0 0 1 1 1 1 0 
2.87421 8.10394 11.9928 13.2771 13.5409 15.1105 14.2684 17.6047 16.1724 11.7086 18.19 14.9778 15.9287 17.3445 
-0.73329 -0.273909 -0.848104 -0.570502 -0.47034 -0.218847 -0.443475 -0.742076 -0.705079 -0.296797 -0.355583 -0.415888 -0.26348 -0.0454759 
88
0 0 0 0 0 
2.29923 6.86573 12.518 14.7857 10.8381 
0.581019 0.180259 0.0808936 -0.000993556 0.161967 
92
0 0 0 0 0 
2.4007 7.2809 11.1891 12.5483 15.7977 
0.574201 0.171487 0.0822276 0.00171317 0.167441 
96
0 0 0 0 0 
2.4041 6.7324 13.4955 13.6888 20.9003 
0.583314 0.174853 0.0812273 -2.01159e-05 0.162465 
96
1 1 1 1 1 0 1 0 1 1 1 0 1 1 1 0 
3.0863 10.3107 7.53684 13.6793 13.17 12.8385 13.7523 16.4839 14.63 13.5684 15.7156 13.2459 12.9508 16.2834 7.27867 15.7161 
-0.735321 -0.847179 -0.273569 -0.570697 -0.470314 -0.751809 -0.444406 -0.704325 -0.359083 -0.299807 -0.416623 -0.609842 -0.270761 -0.219491 -0.176037 -0.0499269 
100
1 1 1 1 1 0 1 1 1 0 1 1 0 0 1 1 
2.91975 7.55767 11.5759 13.9345 13.0132 12.1766 15.6488 14.5538 11.9172 14.8561 13.129 9.55517 18.104 15.6632 15.1158 15.7197 
-0.725456 -0.274487 -0.847934 -0.570424 -0.471363 -0.752024 -0.217944 -0.443084 -0.270233 -0.703886 -0.305074 -0.364275 -0.0483168 -0.606707 -0.416351 -0.185466 
104
1 1 1 1 1 0 1 1 0 1 1 1 1 0 0 
2.99061 7.82259 10.1755 12.1906 12.7685 14.3231 12.9641 15.3515 13.1613 12.0932 14.629 17.1944 14.6643 14.3579 14.4399 
-0.736639 -0.276572 -0.847511 -0.4705 -0.570228 -0.750631 -0.26926 -0.443547 -0.710057 -0.298399 -0.217567 -0.35811 -0.417065 -0.609758 -0.0493522 
108
1 1 1 1 1 1 1 1 1 0 0 1 0 1 0 1 1 
2.90573 8.25272 11.1691 10.6415 12.0491 13.383 13.9076 17.5845 13.9048 11.6871 12.821 14.8518 15.3058 14.4504 16.9546 16.0869 16.1236 
-0.734904 -0.274624 -0.848566 -0.567801 -0.469359 -0.303161 -0.26272 -0.219007 -0.443185 -0.713732 -0.751744 -0.356918 -0.606441 -0.416192 -0.0530418 -0.163988 -0.185958 
112
1 1 1 1 1 0 1 1 0 1 1 1 1 0 
2.91576 7.24029 8.20842 13.8364 13.0856 11.4191 14.6328 15.7725 15.3218 13.357 10.3427 14.3294 16.118 14.0954 
-0.735119 -0.273945 -0.855254 -0.570222 -0.46918 -0.752561 -0.443123 -0.217775 -0.704195 -0.302809 -0.365014 -0.26324 -0.417319 -0.0507655 
116
1 1 1 1 1 0 1 1 1 0 0 1 0 1 1 0 1 1 
2.85636 10.3182 7.65182 12.8501 13.0284 12.4249 17.1725 16.5229 14.3369 11.1616 14.978 15.4774 18.4168 14.7363 10.3044 12.3595 13.336 14.0552 
-0.727711 -0.847322 -0.274735 -0.569769 -0.469821 -0.752674 -0.217701 -0.263302 -0.44433 -0.714493 -0.0491672 -0.416669 -0.606243 -0.357622 -0.172235 -0.745662 -0.298916 -0.185179 
112
0 0 0 0 0 
2.3156 7.01395 13.3185 13.3362 14.2423 
0.578292 0.164005 0.0805379 0.000494616 0.158836 
120
0 0 0 0 0 
2.42686 7.48804 11.9405 13.1546 16.9756 
0.582454 0.171266 0.0810559 0.000201484 0.164132 
120
1 1 1 1 1 0 1 1 1 0 1 1 1 1 0 0 
2.91509 6.98774 11.1063 13.1403 12.2864 12.6934 12.3582 13.4709 15.7354 15.4965 13.2971 15.3738 15.9603 7.72465 20.0114 15.0935 
-0.734804 -0.273198 -0.847152 -0.570502 -0.470187 -0.712795 -0.435358 -0.220182 -0.263314 -0.746015 -0.299704 -0.416423 -0.357907 -0.175836 -0.602334 -0.0499022 
124
1 1 1 1 1 0 1 1 0 1 1 1 1 0 1 1 0 
2.87543 8.41807 11.0616 11.991 12.254 12.3768 14.8042 15.4694 16.5293 12.5056 12.6932 15.409 11.0732 14.1849 13.8373 14.1541 15.8277 
-0.73125 -0.274178 -0.847495 -0.569483 -0.469093 -0.752984 -0.263487 -0.443424 -0.704977 -0.219152 -0.304162 -0.358684 -0.17111 -0.605336 -0.416388 -0.185596 -0.0490725 
124
0 0 0 0 0 
2.45458 7.33053 12.9773 13.4461 15.6434 
0.576913 0.170048 0.0808561 -0.000289443 0.161063 
128
0 0 0 0 0 
2.34574 7.84839 11.936 12.219 15.014 
0.575601 0.174656 0.0928068 0.172034 -0.000716797 
132
1 1 1 1 1 0 1 0 1 1 1 1 0 0 1 1 
2.91792 12.673 7.88829 12.0476 13.4063 12.4432 15.4391 14.7971 11.9755 12.1108 15.2243 13.5131 14.2932 20.0694 8.54184 15.0727 
-0.734085 -0.569783 -0.271788 -0.848517 -0.469919 -0.752075 -0.443353 -0.705853 -0.302521 -0.215527 -0.357165 -0.263901 -0.0512075 -0.602512 -0.174714 -0.417075 
132
0 0 0 0 0 
2.42756 5.71505 13.8102 12.6344 17.4509 
0.586283 0.176278 0.000273927 0.171023 0.0813632 
136
0 0 0 0 0 
2.35236 7.71331 11.5418 16.0225 16.2333 
0.570284 0.16524 0.0838793 0.00336219 0.15734 
136
1 1 1 1 1 1 0 1 0 1 0 1 1 1 1 1 0 
2.96518 7.58709 11.9603 11.8918 15.1834 12.7417 12.8033 15.439 11.6952 11.6494 16.0092 13.4654 14.4703 7.20381 13.8169 14.2539 13.802 
-0.736111 -0.273755 -0.849066 -0.570218 -0.443858 -0.469842 -0.751777 -0.21781 -0.713789 -0.305954 -0.0500405 -0.269794 -0.358717 -0.175275 -0.185178 -0.416399 -0.606564 
140
0 0 0 0 0 
2.44321 6.93189 11.7129 14.07 18.697 
0.571791 0.163584 0.0820485 -0.000144914 0.160246 
140
1 1 1 1 1 0 1 1 1 0 1 1 1 1 0 0 1 
2.94744 7.12136 9.15521 12.599 13.3283 13.0663 12.5777 16.8357 14.9586 16.6663 12.5656 14.3596 10.2323 15.0556 16.8884 13.8128 10.2064 
-0.734926 -0.275495 -0.852215 -0.470332 -0.570658 -0.750993 -0.269694 -0.218842 -0.442592 -0.704105 -0.302183 -0.416751 -0.171848 -0.30263 -0.0506423 -0.606345 -0.364225 
144
1 1 1 1 1 0 1 1 1 1 1 1 1 0 1 0 
3.00717 7.08734 11.4444 11.841 13.0542 12.3025 14.4059 9.78966 12.2957 12.3766 14.9101 12.7476 8.92067 18.7211 14.3777 15.0313 
-0.734629 -0.273567 -0.849259 -0.568677 -0.471371 -0.752923 -0.444057 -0.364076 -0.304598 -0.21418 -0.416555 -0.270519 -0.173633 -0.601942 -0.187336 -0.0510403 
144
0 0 0 0 0 
2.60066 5.69496 13.5724 12.3798 17.3673 
0.562977 0.176849 0.0806694 0.000903975 0.16117 
148
1 1 1 1 1 0 1 1 1 1 0 1 1 0 0 1 1 
2.92904 7.92146 13.4775 10.8383 12.4777 12.0659 14.7139 13.0262 15.2434 13.7448 13.8798 13.4798 13.9958 11.9151 16.7364 13.5768 12.1402 
-0.733276 -0.274921 -0.570101 -0.84837 -0.46911 -0.712995 -0.442894 -0.270713 -0.219077 -0.357996 -0.748726 -0.305055 -0.415703 -0.612714 -0.0493243 -0.165917 -0.181688 
152
0 0 0 0 0 
2.58877 7.38658 12.2953 14.5315 19.8179 
0.568241 0.170612 0.0807744 -0.000638285 0.159558 
152
1 1 1 1 1 1 0 1 0 1 1 1 1 0 0 1 0 
2.89198 8.22941 9.24499 11.4484 14.6455 11.8906 12.129 15.7332 14.7704 13.8513 14.8316 15.2913 14.9056 14.5471 16.2624 10.7471 13.771 
-0.730424 -0.275613 -0.856965 -0.569158 -0.443313 -0.468202 -0.75144 -0.218966 -0.698046 -0.268484 -0.416705 -0.309503 -0.357032 -0.052203 -0.505632 -0.182063 -0.60637 
156
0 0 0 0 0 
2.40382 7.46038 13.4771 13.2821 13.2877 
0.575599 0.166532 0.0811387 0.169341 -0.000905679 
160
1 1 1 1 1 1 0 0 1 1 1 1 0 1 1 1 0 
3.15818 7.54999 9.88807 10.8215 13.7884 13.3109 12.4886 15.0947 14.6779 14.6915 12.9719 15.6563 13.2282 9.91304 12.7977 13.1603 18.5834 
-0.736879 -0.275071 -0.852093 -0.568269 -0.471046 -0.443528 -0.752278 -0.697223 -0.218853 -0.357421 -0.271076 -0.416616 -0.612471 -0.171609 -0.305127 -0.185392 -0.0483779 
164
0 0 0 0 0 
2.43449 7.0896 14.4392 14.2263 17.8837 
0.572099 0.164126 0.0890865 -0.000235218 0.160526 
168
0 0 0 0 0 
2.4072 7.20857 15.3214 14.3005 15.5415 
0.576618 0.170695 0.16417 0.0882179 -0.00173239 
164
1 1 1 1 1 1 0 1 0 1 1 1 0 1 0 1 
2.9082 7.42332 12.0186 11.4553 13.0352 14.6287 14.9238 14.6321 16.9974 12.4318 12.3311 15.6562 13.1967 14.7935 13.4219 9.85215 
-0.733114 -0.272319 -0.569468 -0.847948 -0.471132 -0.21764 -0.702166 -0.443855 -0.74381 -0.303674 -0.270556 -0.416727 -0.611745 -0.358053 -0.0435527 -0.481998 
168
1 1 1 1 1 0 1 1 0 0 1 1 1 0 1 1 
3.03467 7.64404 10.2729 12.9736 14.6481 12.7541 11.8515 13.1637 11.473 13.8647 14.8612 13.087 15.0245 14.9839 14.9887 11.3374 
-0.734876 -0.275618 -0.847966 -0.570461 -0.443132 -0.75163 -0.214759 -0.469543 -0.712908 -0.612426 -0.416455 -0.270064 -0.309517 -0.050123 -0.35899 -0.183368 
172
1 1 1 1 1 1 0 1 1 0 1 1 1 0 1 1 
2.9393 8.02082 11.9947 10.4455 12.4207 13.4525 12.0072 14.9287 12.1282 16.4313 11.8812 15.0509 18.195 19.0438 8.05301 14.5964 
-0.73444 -0.27462 -0.56936 -0.852983 -0.469172 -0.443078 -0.752086 -0.218601 -0.269933 -0.704975 -0.306834 -0.415789 -0.355051 -0.0560447 -0.175194 -0.186244 
172
0 0 0 0 0 
2.47357 6.64738 11.6069 19.7605 14.8536 
0.572676 0.17467 0.0831032 0.159257 -0.00150657 
176
0 0 0 0 0 
2.28325 7.27797 11.9518 14.359 16.6107 
0.578701 0.175776 0.0814535 -0.00129164 0.162472 
180
1 1 1 1 1 1 1 0 1 1 0 1 1 1 0 0 1 
3.05735 7.53924 9.3448 13.1358 14.4178 13.9523 14.6358 12.3489 16.3896 12.448 16.368 13.7095 9.48352 10.931 13.2503 14.5814 10.7258 
-0.735334 -0.274836 -0.857332 -0.570344 -0.219762 -0.470682 -0.443305 -0.751554 -0.309767 -0.270569 -0.70461 -0.416629 -0.363892 -0.17266 -0.612507 -0.0503249 -0.182965 
180
0 0 0 0 0 
2.41862 6.93176 14.88 19.3034 11.7324 
0.574688 0.168146 0.000366381 0.159874 0.0814437 
184
1 1 1 1 1 1 1 0 0 1 1 1 1 1 0 
3.04996 7.74169 11.4341 15.1154 13.3269 11.8528 12.2269 12.7321 15.3073 13.3018 15.6074 16.3106 13.1432 15.7694 13.486 
-0.735705 -0.275291 -0.847809 -0.44347 -0.570217 -0.469286 -0.21583 -0.751056 -0.701838 -0.26999 -0.310137 -0.416849 -0.19346 -0.35463 -0.612229 
188
0 0 0 0 0 
2.53118 8.3303 11.2788 15.488 14.9783 
0.568996 0.165933 0.0817392 -0.00157497 0.15921 
188
1 1 1 1 1 1 1 1 0 0 1 0 1 1 1 0 
3.09584 8.14017 11.3636 12.5162 13.9276 12.9323 12.3537 12.5836 16.987 11.5221 12.9211 18.6702 14.0676 14.4608 12.7462 14.4193 
-0.737393 -0.274699 -0.847705 -0.569665 -0.443657 -0.471227 -0.215554 -0.270997 -0.704908 -0.75269 -0.301905 -0.0535676 -0.417702 -0.357558 -0.194652 -0.612715 
192
0 0 0 0 0 
2.48714 7.73536 17.587 18.9309 15.7942 
0.571625 0.17135 -0.00229422 0.160481 0.0825061 
196
0 0 0 0 0 
2.48721 7.09043 13.9332 15.1079 15.4983 
0.568132 0.172857 0.0901658 -0.00104451 0.164029 
196
1 1 1 1 1 1 1 0 1 1 0 1 1 0 1 0 
3.15438 6.90859 10.5817 11.4812 12.1159 13.5408 13.5901 12.6878 11.9216 14.8378 11.3942 14.9035 14.3154 13.9276 14.2423 15.9972 
-0.734628 -0.273678 -0.848088 -0.568753 -0.468416 -0.442454 -0.215599 -0.751488 -0.269911 -0.310491 -0.714319 -0.415994 -0.359326 -0.61285 -0.185559 -0.0509116 
200
0 0 0 0 0 
2.57861 8.39413 10.7689 18.1123 13.6801 
0.565647 0.165261 0.0857292 -0.00257737 0.169679 
200
1 1 1 1 1 1 1 1 1 0 0 1 1 1 0 0 
3.08589 7.71329 10.1147 11.6242 15.3793 12.5895 14.1471 15.0132 13.6959 17.9671 12.5345 12.5687 10.5714 13.5351 16.0087 15.4296 
-0.736781 -0.273215 -0.847258 -0.569363 -0.442879 -0.471146 -0.303305 -0.218824 -0.416885 -0.697937 -0.752461 -0.270237 -0.362378 -0.194708 -0.0522667 -0.611731 
204
1 1 1 1 1 1 1 0 0 1 1 1 0 1 0 
2.72425 7.86106 9.67106 12.8828 13.904 11.6111 15.6316 12.4315 15.6158 13.9452 12.9207 16.7812 13.7343 14.3688 12.7781 
-0.724489 -0.27389 -0.856701 -0.569594 -0.444255 -0.467611 -0.220411 -0.75188 -0.704473 -0.305005 -0.268348 -0.354401 -0.0510206 -0.41673 -0.61269 
208
1 1 1 1 1 1 0 1 1 1 0 1 1 0 0 1 1 
3.00684 9.71216 7.59845 11.8593 15.8541 12.5063 13.3987 11.4275 13.6481 14.1435 11.6198 14.8726 9.97829 21.3944 14.7391 9.6035 12.7848 
-0.734432 -0.84788 -0.273983 -0.569099 -0.444049 -0.470353 -0.752473 -0.26973 -0.309794 -0.219706 -0.7132 -0.416177 -0.36416 -0.0563231 -0.610821 -0.481904 -0.192219 
208
0 0 0 0 0 
2.51863 7.02667 12.0509 15.3159 15.2853 
0.568335 0.173249 0.0822821 0.163483 0.000634291 
212
1 1 1 1 1 1 1 1 0 0 1 1 1 0 0 1 
2.99298 9.65644 6.87607 11.458 14.9837 14.9484 12.2198 12.1143 12.1883 13.4275 11.5301 14.8993 14.465 14.4359 14.1288 17.197 
-0.736254 -0.856862 -0.272251 -0.568652 -0.443077 -0.219955 -0.468219 -0.270275 -0.713393 -0.751349 -0.306287 -0.416432 -0.186855 -0.0446684 -0.611796 -0.354417 
216
0 0 0 0 0 
2.5826 7.21113 14.3581 14.8837 14.3853 
0.565882 0.168498 0.085097 0.166887 -0.000348497 
216
1 1 1 1 1 1 1 0 0 1 0 1 1 1 0 1 
3.07323 7.5633 11.0037 11.6576 14.2085 13.3425 15.5977 13.9439 12.1725 18.2318 17.7954 14.0866 9.94791 15.3149 14.1036 14.6879 
-0.733799 -0.27388 -0.848646 -0.569564 -0.219854 -0.470925 -0.443211 -0.750634 -0.713279 -0.354752 -0.0512879 -0.302996 -0.270593 -0.416775 -0.611376 -0.185806 
220
1 1 1 1 0 1 1 1 1 1 1 0 0 1 
3.11909 8.78918 10.7347 13.563 12.2206 15.7441 13.7851 13.0134 12.6544 13.5265 13.3306 18.7574 14.7156 11.3366 
-0.73644 -0.277594 -0.846486 -0.570112 -0.75102 -0.220417 -0.442532 -0.468981 -0.30556 -0.416576 -0.270839 -0.0555267 -0.611784 -0.182141 
224
0 0 0 0 0 
2.5469 5.9127 13.5342 13.4563 17.8082 
0.568952 0.170878 0.0805491 0.164902 -0.00204623 
224
1 1 1 1 1 1 1 1 0 1 0 0 0 1 1 1 
2.95425 7.79242 10.2003 10.669 14.7162 12.918 14.7607 12.7647 12.2781 13.2129 15.8612 12.9257 15.7164 14.6654 14.8069 11.1645 
-0.730876 -0.27302 -0.847739 -0.567984 -0.44399 -0.468906 -0.220858 -0.270212 -0.70283 -0.30967 -0.611955 -0.751981 -0.0491666 -0.357655 -0.416872 -0.186061 
228
1 1 1 1 1 1 1 1 1 0 0 1 0 1 0 1 
2.89592 11.3047 7.83503 10.4907 12.4892 15.6102 13.8451 14.2413 13.0691 17.6371 17.649 12.3708 17.534 13.5731 14.3082 10.5066 
-0.728837 -0.568628 -0.273044 -0.848205 -0.468813 -0.22024 -0.44255 -0.357342 -0.310519 -0.703703 -0.74132 -0.27056 -0.0559443 -0.416198 -0.611194 -0.181211 
228
0 0 0 0 0 
2.46981 8.40458 11.5393 10.8898 16.1458 
0.56361 0.166549 0.0807898 0.162154 -0.00132693 
232
1 1 1 1 1 1 1 0 1 0 1 1 0 1 1 0 0 
2.90223 8.02176 9.21056 11.3833 12.478 14.924 15.1045 12.7731 14.5541 13.1561 13.2415 11.5848 15.6894 13.958 14.5134 13.2577 17.0415 
-0.731942 -0.27285 -0.855455 -0.568627 -0.469292 -0.219897 -0.442968 -0.752668 -0.358022 -0.711491 -0.309702 -0.270132 -0.0566239 -0.185106 -0.416174 -0.744624 -0.601202 
236
1 1 1 1 1 0 1 1 1 0 1 1 1 1 0 0 
2.95882 11.3411 7.7586 9.95435 12.778 13.8857 12.4458 14.9961 13.6795 11.6114 11.8651 14.4211 15.3846 16.3005 17.8189 14.4912 
-0.734233 -0.56844 -0.273278 -0.851962 -0.471553 -0.751573 -0.270343 -0.442794 -0.214704 -0.714109 -0.3055 -0.416491 -0.358349 -0.186189 -0.0554788 -0.611337 
236
0 0 0 0 0 
2.47877 8.35493 14.7518 14.7456 18.0566 
0.570596 0.167018 0.0804595 0.167227 -0.00206759 
240
0 0 0 0 0 
2.50675 6.94483 12.4402 11.9057 14.9755 
0.568989 0.174061 0.168661 0.0818047 -0.000929635 
240
1 1 1 1 1 0 0 1 1 1 1 1 1 0 0 0 
3.20505 9.81548 7.62881 11.3374 12.6959 12.1061 14.4766 15.7927 15.0045 12.9037 14.2416 15.0129 8.95882 15.3843 14.712 17.408 
-0.736181 -0.846664 -0.272841 -0.568633 -0.469206 -0.751411 -0.701639 -0.220459 -0.44353 -0.269589 -0.309454 -0.415298 -0.363123 -0.744742 -0.613398 -0.051071 
244
1 1 1 1 1 1 0 1 1 1 0 1 1 0 
3.05482 6.99167 11.3481 10.2103 17.0455 13.5881 12.1064 16.4623 11.9755 13.3784 17.1507 15.6839 10.1392 16.0292 
-0.734869 -0.272256 -0.568963 -0.847579 -0.44369 -0.471095 -0.752216 -0.221714 -0.270384 -0.31098 -0.704314 -0.357981 -0.180719 -0.0488507 
244
0 0 0 0 0 
2.66026 7.0222 10.4174 18.1587 13.2955 
0.560985 0.173842 0.0855714 -0.00204418 0.165008 
248
1 1 1 1 1 1 0 1 1 1 1 0 1 1 0 0 
2.85831 7.5447 12.4077 10.4591 12.5638 14.9357 11.77 15.9361 14.6388 13.2142 14.3717 11.1918 11.7795 11.0889 18.1598 16.2863 
-0.733185 -0.273685 -0.569397 -0.848126 -0.469813 -0.443494 -0.752298 -0.220037 -0.358698 -0.309847 -0.415815 -0.714086 -0.268415 -0.188002 -0.602225 -0.0515492 
248
0 0 0 0 0 
2.35766 7.75278 14.1221 13.5522 18.6231 
0.572413 0.169555 0.0904394 0.166368 -0.00158374 
252
0 0 0 0 0 
2.30839 7.96314 15.8955 18.5402 16.4394 
0.574794 0.166753 0.0881638 -0.00205121 0.16096 
256
1 1 1 1 1 1 1 0 1 1 1 0 1 0 0 1 
2.95237 7.33388 11.0012 11.4614 18.4983 12.6077 11.6457 12.4419 13.6296 14.6552 12.8862 16.2432 15.4305 20.0892 15.4547 12.5544 
-0.733978 -0.272582 -0.848583 -0.569292 -0.444222 -0.470944 -0.21701 -0.751212 -0.358401 -0.310837 -0.269051 -0.703995 -0.416415 -0.0555849 -0.610469 -0.191788 
256
0 0 0 0 0 
2.60006 7.46433 11.9708 16.1817 18.9506 
0.560664 0.170521 0.0814112 -0.0011572 0.160612 
260
0 0 0 0 0 
2.67 7.38486 12.8318 14.9132 16.1729 
0.559769 0.171647 0.0825092 0.163594 -0.000918872 
264
0 0 0 0 0 
2.56185 7.73881 11.7954 13.1548 16.8598 
0.557406 0.167125 0.173311 0.0928079 -0.00160219 
268
0 0 0 0 0 
2.34569 7.35578 15.2947 19.8626 13.771 
0.57418 0.17242 0.164438 0.0785058 0.00391711 
264
1 1 1 1 1 1 1 1 1 1 0 0 1 0 1 
3.13066 6.91633 11.1514 10.692 12.4371 16.7695 14.7724 16.1161 13.9278 14.3233 15.4418 15.7217 15.2991 14.507 15.0389 
-0.736417 -0.274069 -0.849466 -0.568614 -0.469198 -0.443711 -0.262279 -0.358625 -0.309159 -0.22005 -0.748687 -0.705173 -0.416327 -0.613289 -0.185224 
272
0 0 0 0 0 
2.25682 7.30687 20.1117 14.0815 15.5963 
0.575734 0.170215 0.0800551 0.165124 -0.000982307 
276
0 0 0 0 0 
2.74554 8.3882 10.9465 13.9704 17.5398 
0.554325 0.167043 0.0822671 0.166375 0.00279285 
272
1 1 1 1 1 1 0 1 1 1 0 0 1 1 1 
2.98655 7.84736 10.5143 10.6996 15.6364 12.8231 12.0355 12.7547 13.874 13.0414 11.2864 16.8504 15.0933 12.4105 10.9653 
-0.734547 -0.274161 -0.847645 -0.568494 -0.443532 -0.469086 -0.752485 -0.216798 -0.358652 -0.309854 -0.713655 -0.0489297 -0.416813 -0.271219 -0.183042 
276
1 1 1 1 1 1 1 1 0 1 0 1 1 1 0 
3.00183 7.58034 11.5397 10.1749 13.5538 11.983 15.54 14.7306 12.9952 11.268 11.3937 16.1267 11.6662 16.332 14.0384 
-0.734336 -0.27373 -0.569353 -0.847867 -0.309986 -0.46877 -0.443251 -0.220853 -0.751495 -0.271442 -0.713971 -0.355 -0.188496 -0.416169 -0.611958 
280
0 0 0 0 0 
2.33501 8.1947 14.2645 16.6013 20.6578 
0.57278 0.166996 0.166775 -0.00154413 0.0774056 
284
0 0 0 0 0 
2.25966 7.1424 12.951 16.1219 12.0541 
0.576328 0.170996 0.0806324 -0.000647824 0.16842 
284
1 1 1 1 1 1 0 1 1 1 0 1 1 0 0 1 
2.8513 7.58424 10.896 10.5171 12.4188 14.686 12.2949 13.4385 15.0085 13.1831 11.641 12.312 14.3645 22.3631 14.2342 14.6137 
-0.731723 -0.273886 -0.568914 -0.849045 -0.468883 -0.443184 -0.751859 -0.21566 -0.357488 -0.27086 -0.714733 -0.305098 -0.416343 -0.0571332 -0.612375 -0.185993 
288
1 1 1 1 1 1 1 0 1 0 1 1 1 0 0 
3.07064 7.5413 10.7147 10.358 12.7682 17.0648 15.7584 12.7125 13.9973 12.4044 12.4479 15.7305 14.869 19.4425 15.2626 
-0.736418 -0.27406 -0.567487 -0.848248 -0.468385 -0.219145 -0.443988 -0.751185 -0.268006 -0.70956 -0.305498 -0.353341 -0.416266 -0.0512491 -0.611993 
288
0 0 0 0 0 
2.25839 7.48769 11.6866 19.9197 18.0959 
0.578894 0.170063 0.0803478 0.158536 -0.00251537 
292
0 0 0 0 0 
8.32357 17.0892 12.4834 17.0707 2.39977 
0.165833 0.161875 0.0815348 -0.00147141 0.563537 
292
1 1 1 1 1 1 0 1 1 0 1 1 0 1 1 0 
2.84846 7.21055 10.9885 9.81865 12.1614 14.54 11.793 13.1794 13.0237 10.1074 17.6414 11.5132 12.9783 14.6474 10.7417 14.8112 
-0.733702 -0.274109 -0.568992 -0.855671 -0.468977 -0.442907 -0.752254 -0.215038 -0.31011 -0.715254 -0.354623 -0.269464 -0.612868 -0.416655 -0.182068 -0.0435262 
296
1 1 1 1 1 1 0 1 0 1 1 0 1 0 0 1 1 1 
3.01943 7.75831 9.82232 15.3958 11.7399 14.7134 12.2915 15.1891 14.5264 12.5835 12.3573 13.1443 13.5601 14.9355 12.9097 9.87605 10.53 15.3691 
-0.734155 -0.274505 -0.856457 -0.571455 -0.468014 -0.443425 -0.752257 -0.309432 -0.702022 -0.219292 -0.270488 -0.0423133 -0.358776 -0.612463 -0.744714 -0.172958 -0.185868 -0.416489 
300
1 1 1 1 1 1 0 1 1 1 0 1 0 0 0 1 1 1 
2.89458 7.33481 9.66773 11.5287 12.4474 15.2843 12.0329 12.5294 15.3107 12.4711 13.5176 16.4022 18.6145 13.2085 14.2607 14.2091 13.3516 9.8562 
-0.734802 -0.273495 -0.856347 -0.568419 -0.469856 -0.442843 -0.752032 -0.21634 -0.310262 -0.269479 -0.698628 -0.357738 -0.0565273 -0.612623 -0.745526 -0.416037 -0.184882 -0.48179 
304
0 0 0 0 
6.8077 11.8188 16.5488 13.2951 
0.182977 0.0946374 -0.00151804 0.170717 
304
1 1 1 1 1 1 1 1 1 0 0 1 0 0 1 1 
2.88722 7.14508 11.0763 10.7421 12.7524 15.8274 14.8378 14.4373 11.9539 16.9891 16.9723 13.7172 17.462 17.7675 14.5715 15.8735 
-0.734011 -0.272308 -0.568868 -0.848185 -0.469331 -0.442915 -0.357947 -0.31058 -0.269713 -0.743271 -0.704368 -0.218257 -0.0558983 -0.601469 -0.185761 -0.416093 
308
1 1 1 1 1 1 0 1 0 0 1 1 1 1 1 0 
2.88256 7.68047 10.3949 9.97882 13.0844 14.2147 17.8137 15.4759 16.9487 13.249 14.1796 16.1699 15.0841 11.9055 16.3104 18.753 
-0.728838 -0.274058 -0.567543 -0.848058 -0.469944 -0.444248 -0.741598 -0.218856 -0.7049 -0.611877 -0.304439 -0.354729 -0.415674 -0.270974 -0.186163 -0.0471457 
312
1 1 1 1 1 1 0 1 1 1 0 1 0 1 0 1 
2.57851 7.58128 11.9046 11.616 14.8181 12.761 14.6456 12.2682 11.4997 13.5153 16.6734 16.7696 19.6739 14.3378 13.8783 14.5019 
-0.720668 -0.273758 -0.848165 -0.568626 -0.442826 -0.469201 -0.701488 -0.303336 -0.219766 -0.269559 -0.741044 -0.355531 -0.601421 -0.167137 -0.0447882 -0.18574 
312
0 0 0 0 
6.56096 15.6674 18.4621 15.9301 
0.180522 0.0844798 0.160974 -0.00294301 
316
1 1 1 1 1 1 1 0 1 1 0 1 0 1 1 1 0 
3.08764 7.66381 10.8565 11.5418 12.8783 15.006 12.8342 16.0116 13.3173 14.1943 12.7524 18.6081 14.4829 15.6895 13.7716 12.4283 17.7968 
-0.735824 -0.274433 -0.847107 -0.568376 -0.470692 -0.443399 -0.217227 -0.741974 -0.310013 -0.263645 -0.6988 -0.357528 -0.605962 -0.416414 -0.16624 -0.185348 -0.0491165 
316
0 0 0 0 
6.34849 13.5624 16.2394 14.0858 
0.178611 0.0868288 0.00298073 0.166029 
320
0 0 0 0 0 
6.87777 2.02372 13.5099 16.1751 20.0248 
0.173375 0.563798 0.0863536 0.00340564 0.160025 
320
1 1 1 1 1 1 1 0 0 1 1 1 1 0 1 1 
2.7541 7.55401 11.0368 13.9645 12.5997 13.7327 14.2117 12.6262 15.1559 12.7551 16.4913 15.2148 11.5127 16.4867 11.3577 15.3072 
-0.725426 -0.272769 -0.848655 -0.571182 -0.474997 -0.30355 -0.443529 -0.739259 -0.697342 -0.219408 -0.355665 -0.416708 -0.27152 -0.599781 -0.468715 -0.185646 
324
0 0 0 0 
2.07825 7.54928 15.7595 16.2862 
0.591068 0.16941 0.0845345 -0.000650728 
328
1 1 1 1 1 1 0 1 0 1 1 1 0 1 0 1 
3.14554 9.95692 7.52071 10.9438 12.1504 11.4584 11.8141 14.5727 16.1985 13.0458 15.2048 11.6645 17.1234 13.5753 15.2368 14.7048 
-0.735734 -0.847378 -0.273034 -0.56881 -0.469132 -0.218203 -0.750121 -0.443489 -0.703789 -0.263753 -0.357869 -0.301899 -0.0469361 -0.186145 -0.605409 -0.416661 
328
0 0 0 0 
2.18325 7.66078 14.0536 16.9096 
0.592183 0.169135 0.0861422 -0.00191063 
332
0 0 0 0 
2.39962 7.19526 18.8289 15.2724 
0.573009 0.179824 0.0823568 0.000151688 
336
0 0 0 
2.246 8.89082 17.8334 
0.585557 0.163846 0.0835592 
332
1 1 1 1 1 0 1 1 0 1 1 1 1 1 1 0 1 0 
2.97347 11.4051 7.95959 11.2114 18.0677 13.6518 13.6464 13.3035 15.1354 13.5746 13.345 15.1796 11.0043 14.2924 14.7807 18.3582 14.3624 15.0863 
-0.732352 -0.849002 -0.275029 -0.568651 -0.472873 -0.75056 -0.263474 -0.443928 -0.704404 -0.3032 -0.217586 -0.166883 -0.46766 -0.185441 -0.416302 -0.0471349 -0.358564 -0.605898 
340
0 0 0 
2.4135 6.78587 12.1305 
0.571182 0.183833 0.091781 
344
0 0 0 0 
2.3799 7.74419 14.3295 14.2726 
0.575615 0.169742 0.0865408 0.000905168 
340
1 1 1 1 1 1 0 0 1 1 1 1 0 1 
3.03945 11.4901 7.92817 12.5796 12.7574 12.7403 16.399 12.5472 13.6336 16.8114 12.2583 14.8275 20.0843 14.2766 
-0.73497 -0.848988 -0.27474 -0.569444 -0.471173 -0.444017 -0.704738 -0.752326 -0.22035 -0.35758 -0.303088 -0.263263 -0.601807 -0.416317 
348
0 0 0 
2.30131 9.57497 15.2187 
0.57251 0.162625 -0.000267217 
348
1 1 1 1 1 0 1 0 1 1 0 1 1 1 
3.08168 8.03509 11.9261 13.0359 13.1693 16.1027 14.7487 12.8675 14.5881 11.6167 19.1507 11.2016 17.7998 14.5066 
-0.734712 -0.275775 -0.848523 -0.470349 -0.569803 -0.704723 -0.443638 -0.752488 -0.21799 -0.263626 -0.602338 -0.297633 -0.357885 -0.416517 
352
1 1 1 1 1 0 1 0 1 1 1 1 1 1 
2.73707 11.4654 8.92599 12.3626 15.293 12.7219 13.5443 17.0593 16.2535 15.3387 12.6452 14.8258 14.5095 14.5751 
-0.730649 -0.848071 -0.275316 -0.570838 -0.473206 -0.753084 -0.443792 -0.705167 -0.218442 -0.356909 -0.274979 -0.415864 -0.16762 -0.18424 
352
0 0 0 0 
2.62134 7.77486 10.687 16.3946 
0.564621 0.174172 0.0953594 -0.00114978 
356
1 1 1 1 1 0 1 0 1 1 1 0 1 1 
2.91592 7.00406 11.5078 13.1681 13.0365 12.8522 14.7855 11.2543 14.8908 12.421 14.5732 12.6808 18.0474 11.114 
-0.736095 -0.273747 -0.848724 -0.57027 -0.470168 -0.751176 -0.219488 -0.690179 -0.415382 -0.267672 -0.438032 -0.698166 -0.358382 -0.301926 
360
0 0 0 0 
2.48956 16.4264 8.87147 16.5523 
0.560872 -0.000707835 0.163683 0.0836738 
364
0 0 0 0 
2.22351 7.44519 9.81808 15.8878 
0.588521 0.176319 0.0922735 -0.00114319 
360
1 1 1 1 1 0 1 0 0 1 1 1 1 1 
3.01064 7.86202 12.3673 12.9739 12.8225 13.284 13.4152 14.1737 14.1616 17.2773 14.1657 14.193 11.5076 14.8682 
-0.736097 -0.273813 -0.849598 -0.5701 -0.467047 -0.752699 -0.445144 -0.697697 -0.693047 -0.357323 -0.220441 -0.267284 -0.298105 -0.416348 
364
1 1 1 1 0 1 1 1 0 1 1 1 1 0 1 
2.97442 7.50941 11.0009 13.689 12.892 14.6679 12.9602 13.1981 17.8765 15.296 15.1686 16.1113 12.278 15.3031 14.0283 
-0.730534 -0.272935 -0.848482 -0.570668 -0.751737 -0.437369 -0.26617 -0.47008 -0.705388 -0.218835 -0.416084 -0.354533 -0.302093 -0.605693 -0.190709 
368
0 0 0 0 
2.25232 7.42994 15.6146 16.4456 
0.586001 0.171166 0.0841255 -0.000425095 
372
0 0 0 0 
2.37766 6.04946 14.8869 11.78 
0.582547 0.181589 -0.000629647 0.0924671 
372
1 1 1 1 1 0 1 0 1 1 1 1 1 1 
3.05579 12.0314 7.66244 13.1564 12.7559 13.1732 12.485 16.7707 13.9856 14.0688 15.8996 15.2119 14.4062 16.3536 
-0.73485 -0.849762 -0.273898 -0.570292 -0.470531 -0.752427 -0.437149 -0.703765 -0.218738 -0.266054 -0.354315 -0.307842 -0.18552 -0.417067 
376
0 0 0 0 
2.47063 7.76373 11.801 15.7768 
0.573243 0.169775 0.0932759 0.00144125 
376
1 1 1 1 1 0 1 0 1 1 1 1 1 
2.89292 7.5075 11.2868 13.5755 12.6499 11.8915 14.777 18.7075 15.0594 13.8234 16.1981 13.6381 12.8882 
-0.736067 -0.273907 -0.848737 -0.57044 -0.470019 -0.752341 -0.443828 -0.704434 -0.416286 -0.264172 -0.357519 -0.217332 -0.301952 
380
1 1 1 1 1 0 1 1 0 1 1 1 1 0 1 
3.09119 8.3419 12.5916 12.3404 12.245 12.605 14.6495 14.859 16.5509 14.628 13.3014 19.1041 12.7516 11.444 11.436 
-0.73707 -0.276269 -0.849998 -0.468987 -0.569052 -0.75257 -0.443373 -0.219587 -0.704387 -0.416488 -0.262918 -0.350918 -0.30212 -0.61205 -0.361222 
384
0 0 0 0 
2.44569 8.30131 12.359 15.1463 
0.575758 0.171044 0.0939538 -0.000644817 
384
1 1 1 1 1 1 0 0 1 1 1 1 1 0 1 1 0 
2.96902 8.67193 13.6137 10.0614 14.014 14.1074 10.559 12.3924 13.6253 13.7786 12.5141 10.955 16.0579 16.3624 15.6427 15.4205 15.2653 
-0.736813 -0.274613 -0.570436 -0.843485 -0.470379 -0.443806 -0.69377 -0.75348 -0.267189 -0.309328 -0.219348 -0.169524 -0.353691 -0.0534765 -0.186222 -0.416375 -0.606029 
388
1 1 1 1 1 0 1 0 1 1 1 1 1 1 
2.97047 11.4257 7.01512 13.1876 13.0192 13.353 13.7007 17.2646 14.3413 12.2919 13.0676 14.7161 16.7083 13.9911 
-0.735882 -0.849538 -0.274691 -0.569818 -0.469336 -0.751583 -0.444075 -0.703427 -0.357339 -0.266762 -0.165125 -0.218407 -0.308255 -0.415921 
392
0 0 0 0 
2.07051 7.30441 15.1489 15.7019 
0.595414 0.171284 0.084677 -0.000833719 
392
1 1 1 1 1 0 1 0 1 1 1 1 0 1 
3.02472 7.11043 11.3037 12.1654 15.0092 13.457 12.8831 15.7812 13.6053 12.6243 18.3806 11.6825 18.9829 15.0472 
-0.736278 -0.272477 -0.848714 -0.568572 -0.476221 -0.751202 -0.443794 -0.703889 -0.263741 -0.310574 -0.358229 -0.216453 -0.60177 -0.415952 
396
0 0 0 0 
2.44513 6.48779 10.0373 15.9623 
0.574196 0.176121 0.097996 -0.000189408 
396
1 1 1 1 1 0 1 0 1 1 1 1 1 1 0 
3.01276 7.2275 10.6634 12.3728 12.4703 12.3846 13.2588 15.088 16.1071 12.5638 11.2091 13.0359 12.4882 15.6823 14.7175 
-0.734963 -0.272481 -0.849136 -0.568847 -0.46863 -0.752257 -0.443307 -0.704048 -0.355643 -0.271179 -0.219573 -0.166167 -0.302444 -0.416027 -0.606074 
400
1 1 1 1 0 1 1 1 0 1 1 1 1 1 0 
2.97371 7.24771 11.3684 13.7014 13.083 13.96 13.0501 12.4761 15.933 13.9723 11.9399 18.3844 11.1242 14.3525 13.991 
-0.735367 -0.271929 -0.849089 -0.570508 -0.750429 -0.217339 -0.470643 -0.436622 -0.704192 -0.303822 -0.26906 -0.357907 -0.168524 -0.416113 -0.606027 
404
0 0 0 0 0 0 
2.37278 6.71942 13.3403 17.2572 16.8147 11.3321 
0.573955 0.182028 0.0816608 -0.00156771 0.164936 0.0899053 
404
1 1 1 1 1 0 1 1 0 1 1 1 1 1 0 0 
2.96719 7.71974 11.7423 13.6549 14.6719 12.8645 15.1656 13.0041 16.6934 15.6097 12.6981 9.73839 11.2945 13.0922 20.6068 18.3941 
-0.723925 -0.274622 -0.849516 -0.570318 -0.473658 -0.75188 -0.444022 -0.217454 -0.703756 -0.35786 -0.270961 -0.167149 -0.467798 -0.301619 -0.60181 -0.0475195 
408
1 1 1 1 1 1 1 0 0 1 1 0 1 1 0 1 1 
2.99442 7.76438 11.5405 13.7873 12.6169 15.3311 12.3158 16.9148 12.9461 13.0977 13.7484 14.2367 16.3314 11.0018 15.3899 15.7891 14.0628 
-0.735482 -0.27463 -0.848457 -0.570619 -0.468808 -0.438631 -0.216177 -0.704767 -0.751166 -0.303397 -0.266089 -0.606 -0.357773 -0.16807 -0.0566124 -0.185261 -0.416715 
412
1 1 1 1 1 0 1 1 0 1 1 1 1 1 0 
2.91114 7.37416 10.9442 10.6638 13.4123 12.9298 13.8808 11.9884 16.1272 14.9452 14.8141 13.269 12.6366 15.5028 15.2351 
-0.734181 -0.272925 -0.848713 -0.56717 -0.469879 -0.751778 -0.437944 -0.270725 -0.702999 -0.356568 -0.308813 -0.21697 -0.184588 -0.415997 -0.605331 
416
1 1 1 1 1 0 1 0 1 1 1 0 0 1 1 
3.05559 6.82917 10.6737 12.3883 11.8363 13.349 13.8703 15.9771 17.0174 12.6233 16.6398 14.0624 21.4606 16.1322 15.3522 
-0.733721 -0.277704 -0.847476 -0.569311 -0.470762 -0.750131 -0.442256 -0.703985 -0.307503 -0.216788 -0.3578 -0.610918 -0.504933 -0.26967 -0.417538 
412
0 0 0 0 0 
2.36421 5.95488 13.8679 12.194 12.3841 
0.579323 0.179772 0.000879305 0.0943853 0.163999 
420
0 0 0 0 0 
2.27845 7.12787 14.6909 12.6406 15.8573 
0.584065 0.171377 -0.000736073 0.0922186 0.166395 
420
1 1 1 1 1 0 1 1 0 1 1 0 1 1 1 1 
3.01112 7.48218 10.9413 10.5653 13.1117 12.3284 14.7556 13.7212 15.7515 13.1092 10.2204 17.6454 11.1097 16.5857 14.6234 14.4461 
-0.736939 -0.272815 -0.84875 -0.568499 -0.470691 -0.752395 -0.442825 -0.266234 -0.70442 -0.217622 -0.165461 -0.601887 -0.301257 -0.358182 -0.415908 -0.189939 
424
0 0 0 0 0 
2.37889 7.60914 11.8271 16.0764 13.4828 
0.574992 0.17639 0.0848186 -0.00150558 0.170459 
424
1 1 1 1 1 1 0 0 1 1 1 1 1 0 1 0 
3.01662 11.0392 8.54746 13.1516 14.0614 13.297 14.052 12.3047 16.4605 11.6385 11.5845 11.466 13.0898 18.6437 15.1289 16.0345 
-0.73462 -0.848434 -0.274735 -0.468534 -0.570419 -0.444011 -0.701091 -0.752156 -0.35769 -0.217117 -0.270941 -0.167133 -0.302119 -0.0502027 -0.416732 -0.605823 
428
1 1 1 1 1 0 1 0 1 1 1 1 0 1 1 
2.89293 8.42684 10.4446 12.7625 12.7161 12.6855 13.1715 15.9141 13.1883 17.2612 12.4404 13.142 15.6702 15.0444 13.9178 
-0.733515 -0.273687 -0.849249 -0.569515 -0.470202 -0.752001 -0.443859 -0.703769 -0.217011 -0.357509 -0.269222 -0.302736 -0.606689 -0.416404 -0.184719 
432
0 0 0 0 0 0 
2.28337 6.22202 14.5074 15.6219 10.6928 11.0069 
0.588357 0.180044 0.0801166 -0.00111126 0.161287 0.091254 
432
1 1 1 1 1 1 1 0 0 1 1 1 1 1 0 
2.94107 7.39216 11.0625 11.4768 15.5636 13.481 14.6344 17.0315 12.9615 11.2164 12.3891 11.6002 14.612 15.5561 13.6422 
-0.736164 -0.273292 -0.849984 -0.568454 -0.473154 -0.218219 -0.443156 -0.703453 -0.752764 -0.301285 -0.270416 -0.468456 -0.353816 -0.41714 -0.604504 
436
1 1 1 1 1 0 0 1 1 1 1 1 1 0 
3.0068 7.40814 9.89622 14.0878 12.5234 16.327 14.4601 14.0613 13.1331 18.0319 12.4936 13.4407 15.4027 19.4963 
-0.734668 -0.272193 -0.848021 -0.570045 -0.468534 -0.699485 -0.744933 -0.217894 -0.445021 -0.356186 -0.268402 -0.309458 -0.416227 -0.602593 
440
1 1 1 1 1 1 1 0 0 0 1 1 1 1 
3.00828 7.75749 10.6227 11.7911 14.2248 14.1346 14.3052 14.1635 15.7751 15.0823 16.9408 11.2201 11.9121 14.8633 
-0.735838 -0.274247 -0.848656 -0.569409 -0.470627 -0.215938 -0.437919 -0.738756 -0.697794 -0.692675 -0.357214 -0.165013 -0.30087 -0.416272 
444
1 1 1 1 1 1 0 0 1 1 1 1 1 0 
3.02959 7.69028 11.1745 14.4651 13.1068 14.8853 18.2165 16.5051 11.6093 12.8845 14.1941 16.2031 11.4658 19.2287 
-0.743525 -0.27297 -0.848183 -0.570484 -0.469749 -0.442315 -0.741789 -0.704572 -0.270018 -0.217938 -0.309621 -0.357961 -0.165108 -0.601891 
444
0 0 0 0 0 
2.4908 6.92981 11.4281 14.0185 10.1221 
0.571064 0.175462 0.0958981 0.00523334 0.162183 
448
1 1 1 1 1 0 0 1 1 1 1 1 1 0 1 
2.9359 7.56743 10.0901 13.588 13.1433 12.4997 12.0262 15.0214 11.5852 12.3309 11.4482 15.7014 10.4539 13.2421 14.9796 
-0.736256 -0.272724 -0.847551 -0.570735 -0.469414 -0.695547 -0.751521 -0.437899 -0.217677 -0.301599 -0.270352 -0.357302 -0.167929 -0.611056 -0.416082 
452
0 0 0 0 0 
2.60525 6.2318 11.0209 15.4806 11.3492 
0.563004 0.168671 0.0971861 -0.00136268 0.162236 
452
1 1 1 1 1 0 1 0 1 1 1 1 1 1 
2.97894 7.54915 9.57535 13.6393 12.5384 16.3905 13.6845 14.4022 14.1379 18.4192 11.7313 12.5625 15.1408 15.5031 
-0.730642 -0.274381 -0.849313 -0.570002 -0.469551 -0.741764 -0.443512 -0.70127 -0.309767 -0.352153 -0.270833 -0.218083 -0.185563 -0.416561 
456
0 0 0 0 
2.30741 6.61133 12.1373 15.8304 
0.583034 0.175502 0.0925152 -0.000510179 
456
1 1 1 1 1 0 0 1 1 1 1 1 
3.0969 6.71737 11.4924 13.1518 15.5275 17.7259 13.6283 13.4222 19.6622 13.2427 14.9578 19.0691 
-0.737455 -0.276801 -0.848633 -0.569882 -0.473859 -0.704114 -0.752671 -0.217357 -0.308123 -0.266744 -0.443219 -0.354413 
460
1 1 1 1 1 1 1 0 0 1 1 1 1 1 
2.80853 7.6681 11.3299 12.9916 14.1626 13.3807 13.2984 16.0681 12.1415 15.0466 18.1755 11.9038 8.11439 12.4318 
-0.727781 -0.274369 -0.848942 -0.569794 -0.220135 -0.470516 -0.44406 -0.70486 -0.752464 -0.416233 -0.358116 -0.271466 -0.17706 -0.302065 
464
1 1 1 1 1 0 1 1 1 1 0 1 0 1 1 
2.9763 7.25915 11.11 13.1333 12.7361 14.4769 13.9999 13.4038 14.339 16.6209 17.65 11.8291 18.8639 11.1374 13.4476 
-0.736466 -0.271918 -0.848369 -0.570186 -0.46881 -0.745402 -0.21912 -0.270599 -0.444757 -0.357574 -0.704132 -0.166075 -0.602157 -0.301448 -0.416559 
464
0 0 0 0 0 
2.44055 8.34311 14.1631 15.8247 9.38674 
0.572161 0.172523 5.63424e-05 0.0836889 0.162553 
468
0 0 0 0 0 
2.48596 8.33591 10.4527 11.8901 14.7232 
0.57168 0.167339 0.0978207 0.159708 -0.000431709 
472
1 1 1 1 1 0 1 1 1 0 1 1 1 0 1 0 
2.9387 11.4343 7.27179 11.8076 13.8181 12.7992 11.508 13.8499 13.2086 17.9199 12.4582 15.7089 11.2501 18.1464 16.5588 18.1982 
-0.734786 -0.848893 -0.273151 -0.569504 -0.469531 -0.752797 -0.27019 -0.219167 -0.444446 -0.703577 -0.299973 -0.41584 -0.167688 -0.601677 -0.357193 -0.0497459 
476
0 0 0 0 0 
2.40612 6.66426 10.1822 15.2567 13.6539 
0.576947 0.167213 0.0915033 -0.000465835 0.171528 
476
1 1 1 1 1 0 1 1 0 1 1 1 0 1 1 
2.77424 8.64997 11.839 15.3883 14.6833 13.6888 11.6327 12.3702 17.1566 12.6904 13.932 10.1885 17.5542 13.8945 19.2654 
-0.73421 -0.274861 -0.848784 -0.571066 -0.472325 -0.752201 -0.217619 -0.444847 -0.702677 -0.302829 -0.264409 -0.167037 -0.600804 -0.415766 -0.351253 
480
0 0 0 0 0 
2.29729 6.19052 15.8346 15.9786 10.2197 
0.58314 0.171844 0.00018476 0.0840339 0.162311 
480
1 1 1 1 1 1 0 0 0 1 1 1 1 0 1 
3.02678 7.16627 10.7381 14.6982 14.2218 13.2582 13.9892 13.2317 16.2465 11.6206 18.9357 16.324 10.022 19.0632 17.3281 
-0.742117 -0.274926 -0.848756 -0.571077 -0.470654 -0.443991 -0.696997 -0.750835 -0.702297 -0.216509 -0.352166 -0.416155 -0.167245 -0.601494 -0.307909 
484
1 1 1 1 1 0 1 0 1 1 1 1 1 1 
2.66757 7.10905 12.075 11.2129 13.2741 12.2189 13.9582 17.7922 13.3345 14.5694 16.1522 14.9654 11.7189 15.4695 
-0.729089 -0.273227 -0.849657 -0.567981 -0.470323 -0.752286 -0.443323 -0.703299 -0.216764 -0.264018 -0.35748 -0.167708 -0.301598 -0.416598 
484
0 0 0 0 0 
2.3083 7.91751 13.0433 14.8178 11.2635 
0.58051 0.168369 0.083457 0.000392737 0.161951 
488
0 0 0 0 0 
2.46031 7.50139 15.7489 11.7207 9.77618 
0.574585 0.1712 -0.000192932 0.09375 0.169471 
492
1 1 1 1 1 0 0 1 1 1 1 1 1 
2.86877 10.6765 8.2577 13.7414 14.5738 17.8881 15.2002 14.0731 14.2923 18.939 13.9881 12.8621 15.6222 
-0.741275 -0.847839 -0.273755 -0.571043 -0.469991 -0.704112 -0.74566 -0.218013 -0.35668 -0.263742 -0.437003 -0.309801 -0.416854 
496
0 0 0 0 0 
2.35105 7.93031 12.423 15.1081 9.10438 
0.579464 0.169571 0.0927688 2.49216e-05 0.164766 
496
1 1 1 1 1 0 1 1 0 1 1 1 1 1 1 
3.16928 6.61699 12.7437 14.1732 14.6915 15.549 13.1372 11.9911 17.3624 13.7323 14.1032 10.7719 14.1217 14.7723 13.719 
-0.737073 -0.273253 -0.848746 -0.570458 -0.473737 -0.745838 -0.436095 -0.270109 -0.704663 -0.354742 -0.217187 -0.166663 -0.302654 -0.416499 -0.190563 
500
1 1 1 1 1 0 1 0 1 1 1 1 0 1 1 
2.98515 11.4403 7.41089 12.3983 13.0221 15.5492 14.3743 18.5815 13.23 14.4763 14.199 16.7345 18.704 13.3059 12.5024 
-0.742192 -0.847822 -0.274189 -0.569857 -0.472544 -0.745594 -0.438136 -0.702928 -0.263862 -0.416372 -0.218589 -0.35748 -0.601682 -0.302966 -0.191624 
500
0 0 0 0 
2.12164 7.01338 13.3712 14.3701 
0.595728 0.171423 0.0872287 0.000763128 
504
0 0 0 0 
2.21856 7.4375 14.0295 14.2672 
0.586708 0.179222 0.00079306 0.0852123 
508
1 1 1 1 0 1 1 0 1 1 1 1 1 1 0 1 
2.84721 7.44243 10.4223 11.6471 14.5016 13.1047 14.3273 16.7449 12.1976 14.4068 11.1147 11.0187 18.0473 13.4836 15.8841 14.7926 
-0.730815 -0.273584 -0.848371 -0.570579 -0.745232 -0.468413 -0.444026 -0.702075 -0.269768 -0.218582 -0.166982 -0.297776 -0.355523 -0.185303 -0.605147 -0.416513 
508
0 0 0 0 
2.39045 7.16438 13.9256 15.191 
0.574729 0.172018 0.0861741 -0.000920055 
512
1 1 1 1 1 0 0 0 1 1 1 1 1 1 1 
2.96701 6.72811 10.3102 12.5047 13.5741 16.1902 14.1698 11.5857 13.4433 13.7584 12.235 15.435 13.1598 16.1081 19.2694 
-0.728893 -0.274704 -0.848879 -0.570156 -0.468297 -0.702145 -0.752182 -0.735344 -0.443318 -0.264968 -0.192248 -0.220314 -0.301655 -0.416905 -0.350119 
516
1 1 1 1 1 0 1 0 1 1 1 1 1 
2.84343 7.69544 9.71656 12.8486 13.8875 12.6738 12.7274 15.6619 13.5867 13.8219 13.7032 14.7019 15.6708 
-0.734227 -0.272601 -0.842265 -0.569919 -0.469335 -0.752793 -0.218267 -0.697857 -0.264438 -0.353227 -0.437465 -0.303798 -0.416171 
516
0 0 0 0 
2.15093 7.73315 17.0081 14.7978 
0.592777 0.16923 0.0832835 0.00593778 
520
0 0 0 0 
2.34895 7.00847 13.4128 13.422 
0.578891 0.173706 0.00747298 0.0829483 
520
1 1 1 1 1 0 1 0 0 1 1 1 1 1 1 
2.89284 10.3087 7.30057 11.864 15.1945 15.7241 13.8054 15.6784 16.125 11.0383 16.3851 14.1993 14.6308 12.5497 14.8566 
-0.735459 -0.849475 -0.272326 -0.569008 -0.473462 -0.741543 -0.443984 -0.697464 -0.691133 -0.271283 -0.357956 -0.216901 -0.301068 -0.190314 -0.416223 
524
0 0 0 0 
2.36217 7.40912 13.7998 14.9075 
0.579317 0.171248 -7.60129e-05 0.0851373 
524
1 1 1 1 1 0 1 0 1 0 0 1 1 1 1 1 1 
2.79499 10.8935 7.39846 14.0126 12.9773 12.8045 13.2595 11.7361 12.8845 13.9401 14.7229 18.5102 15.0253 13.1248 10.6088 13.0579 14.4632 
-0.734102 -0.849372 -0.272817 -0.473862 -0.569595 -0.751194 -0.21926 -0.738771 -0.4362 -0.696777 -0.692111 -0.350994 -0.415825 -0.271014 -0.166406 -0.302849 -0.18452 
528
1 1 1 1 1 0 1 0 1 1 1 1 1 1 1 
3.05926 8.12815 11.0011 14.9554 12.928 14.2233 12.8252 14.2158 14.0934 13.1705 18.8525 9.76809 14.403 16.2267 12.6264 
-0.736723 -0.274636 -0.849673 -0.571373 -0.469165 -0.751116 -0.443185 -0.696796 -0.218453 -0.262711 -0.351808 -0.169208 -0.302637 -0.41633 -0.191712 
532
0 0 0 0 0 
2.54523 8.06848 13.2211 13.8315 12.2869 
0.572422 0.175616 0.0870252 0.00119657 0.15836 
536
1 1 1 1 1 0 1 1 0 1 1 1 1 1 0 
2.98622 7.65511 11.2026 10.9075 13.4973 13.8907 14.3004 13.0418 17.4183 17.6806 15.9318 12.2284 17.7308 10.2414 18.6764 
-0.735143 -0.273578 -0.84978 -0.568075 -0.473369 -0.751657 -0.437613 -0.217465 -0.70352 -0.351778 -0.416702 -0.302877 -0.262896 -0.168494 -0.601405 
536
0 0 0 0 
2.37353 7.06637 13.1473 17.0705 
0.574207 0.178506 0.0875507 0.00239729 
540
0 0 0 0 
2.51934 7.50116 14.2597 15.7862 
0.573018 0.169025 0.0859067 -0.00164717 
540
1 1 1 1 0 1 1 1 0 1 1 0 1 1 
3.18393 11.1925 7.8667 13.8147 14.2054 13.0456 12.7838 13.0758 14.4394 12.4173 15.005 14.8396 11.4051 15.0208 
-0.738169 -0.852234 -0.27469 -0.571025 -0.701671 -0.217035 -0.473016 -0.443353 -0.752015 -0.35363 -0.416378 -0.605459 -0.166779 -0.303588 
544
0 0 0 0 
2.4721 7.75849 15.2534 11.7631 
0.570707 0.171347 0.000545349 0.0892466 
548
1 1 1 1 1 0 1 1 1 0 0 1 1 1 0 1 1 
2.8991 7.80295 11.6125 10.9076 13.417 12.2874 13.4804 14.4822 14.0241 16.1241 12.2228 13.67 11.9585 10.6851 16.9137 13.7492 14.6749 
-0.740914 -0.273398 -0.847869 -0.568436 -0.473094 -0.751299 -0.443114 -0.26355 -0.354459 -0.697541 -0.687546 -0.30273 -0.216651 -0.166279 -0.0561019 -0.184833 -0.415369 
548
0 0 0 0 
2.20087 7.22688 13.5105 16.4767 
0.586817 0.168375 0.0864756 -0.00134299 
552
0 0 0 0 
2.51792 6.94125 12.288 13.8329 
0.575243 0.168244 0.000430602 0.0876928 
552
1 1 1 1 0 1 1 0 1 1 1 1 1 1 1 
2.813 8.42908 11.2215 13.0848 13.6938 13.9725 14.3003 18.7941 17.3943 11.8885 14.875 14.347 14.192 14.6282 14.6506 
-0.733476 -0.274009 -0.84906 -0.569685 -0.750982 -0.471082 -0.443342 -0.704204 -0.216916 -0.354445 -0.260652 -0.165918 -0.303392 -0.415632 -0.185495 
556
1 1 1 1 1 0 0 1 1 1 1 1 1 1 1 0 
2.68441 9.33042 7.41537 12.8139 13.1787 12.0129 13.3367 14.0592 14.4469 13.2288 12.9583 16.1603 11.1279 15.3294 14.0962 19.2002 
-0.732519 -0.842472 -0.2732 -0.569114 -0.471402 -0.751408 -0.708414 -0.267095 -0.444027 -0.21684 -0.302461 -0.357785 -0.167741 -0.415798 -0.191251 -0.0508809 
556
0 0 0 0 
2.3844 7.57467 14.2973 16.7011 
0.584602 0.170348 0.0873165 0.00308773 
560
0 0 0 0 
2.72878 6.07119 13.7794 17.3746 
0.561168 0.180673 0.0869236 0.00283889 
560
1 1 1 1 1 1 1 0 0 1 1 1 1 1 0 1 0 
2.80966 11.3086 7.82131 13.6506 12.8255 11.5141 14.4882 17.3691 11.9399 13.5583 13.5711 15.1533 14.823 10.8837 17.0336 13.579 12.9062 
-0.740775 -0.849859 -0.272674 -0.570075 -0.471261 -0.215638 -0.443199 -0.704105 -0.750416 -0.303678 -0.354582 -0.262303 -0.416363 -0.164014 -0.0553892 -0.191513 -0.61089 
568
0 0 0 0 
2.45815 7.99691 14.8216 15.1693 
0.572334 0.168395 0.0001215 0.0836118 
568
1 1 1 1 1 1 1 0 0 1 1 1 1 1 0 
2.99037 7.67608 11.0267 12.9016 12.6833 13.3235 13.4375 17.1256 12.0706 18.4868 14.8936 16.0386 14.4844 13.226 15.9845 
-0.726557 -0.27516 -0.849595 -0.471749 -0.569721 -0.217586 -0.444389 -0.704125 -0.751873 -0.355875 -0.26649 -0.416677 -0.303388 -0.191238 -0.605365 
572
0 0 0 0 
2.3976 7.03482 16.6427 13.2768 
0.574191 0.176322 0.003262 0.0877802 
572
1 1 1 1 1 0 1 1 0 0 1 1 1 0 1 0 1 1 1 
3.04215 7.20608 11.5573 13.1097 12.4745 11.9153 14.3974 11.6364 12.8313 17.8747 15.7352 11.6535 13.4025 15.3692 12.2418 18.1019 14.3329 15.0433 16.2599 
-0.737532 -0.276221 -0.849568 -0.570219 -0.470763 -0.753499 -0.349205 -0.4359 -0.739781 -0.703862 -0.218285 -0.273364 -0.302734 -0.606035 -0.167061 -0.0555878 -0.257451 -0.185846 -0.416043 
576
0 0 0 0 0 0 
2.17997 5.78145 13.0327 12.252 10.8657 14.041 
0.591015 0.174079 0.0810361 0.000792107 0.0910121 0.162756 
576
1 1 1 1 1 1 1 1 0 0 1 1 0 1 1 1 
3.14561 11.3226 7.45061 12.3656 12.9585 14.6673 14.4171 13.4286 13.6874 11.7699 15.7346 11.8093 18.6697 13.2601 15.7139 15.4136 
-0.729246 -0.847848 -0.272824 -0.569563 -0.46966 -0.263562 -0.220061 -0.442668 -0.698605 -0.751464 -0.357697 -0.163709 -0.601398 -0.302271 -0.186266 -0.415741 
584
1 1 1 1 1 1 1 1 0 0 1 1 1 1 1 
2.71189 7.70089 10.5486 13.3851 12.5025 14.0684 13.6161 14.3762 15.7609 12.9568 14.3025 15.7615 11.6729 15.4753 18.4295 
-0.727153 -0.274129 -0.848675 -0.470059 -0.569513 -0.219009 -0.26435 -0.443702 -0.704752 -0.751575 -0.415924 -0.349945 -0.166446 -0.303818 -0.189433 
584
0 0 0 0 
2.48872 7.78868 12.9921 15.6419 
0.570314 0.170807 -0.00157853 0.0783772 
588
0 0 0 0 
2.35464 8.01731 13.8565 10.1983 
0.577312 0.169376 -0.00327565 0.094708 
588
1 1 1 1 1 0 1 1 1 0 1 1 1 1 0 1 
2.84061 7.70489 10.2424 12.2361 13.3377 14.5507 12.5096 14.8163 16.4489 16.2559 5.70314 14.2647 12.287 18.5041 21.4169 14.6162 
-0.728427 -0.274456 -0.848751 -0.569513 -0.469635 -0.745871 -0.219934 -0.444943 -0.417407 -0.705313 -0.176673 -0.187385 -0.266212 -0.349383 -0.0484655 -0.305412 
592
1 1 1 1 1 1 0 1 1 0 0 1 1 1 1 1 0 0 
2.9192 9.66121 7.56979 15.8324 12.8956 12.6364 12.823 16.0412 14.5547 10.3427 15.6204 14.615 12.9518 13.6622 12.6423 11.8913 13.6746 16.3733 
-0.734934 -0.844424 -0.271319 -0.572392 -0.220081 -0.470759 -0.698574 -0.263656 -0.418227 -0.753587 -0.0562673 -0.444569 -0.309334 -0.349406 -0.190808 -0.167322 -0.742662 -0.609075 
592
0 0 0 
2.40604 7.65404 14.2537 
0.575155 0.164421 0.0877284 
596
0 0 0 0 
2.5266 8.02942 13.6747 12.458 
0.568762 0.169415 0.0866619 0.168225 
600
1 1 1 1 1 1 0 0 1 1 0 1 1 1 1 0 1 1 
2.81304 5.40314 8.91681 12.5542 12.8086 14.9273 16.4064 11.1281 12.1192 14.6663 18.5581 13.0018 15.2464 14.8762 13.4049 19.5917 14.3034 16.9546 
-0.737974 -0.281357 -0.857586 -0.220902 -0.471741 -0.572416 -0.699334 -0.753911 -0.164631 -0.357429 -0.0495297 -0.264947 -0.445253 -0.188992 -0.304766 -0.603326 -0.301562 -0.417683 
604
0 0 0 0 
2.26958 6.91365 14.2871 13.3149 
0.599012 0.165962 0.0858281 0.00251276 
604
1 1 1 1 1 1 0 1 0 0 1 1 1 1 1 0 1 0 
3.03339 7.17392 9.94539 11.8988 14.3448 13.8374 14.5005 14.954 9.51328 15.3035 12.5837 9.93382 13.6112 11.6717 12.9574 17.0667 15.9641 15.3722 
-0.746383 -0.278966 -0.851298 -0.582419 -0.218808 -0.306907 -0.744469 -0.473218 -0.760778 -0.69989 -0.356773 -0.171914 -0.190402 -0.270045 -0.435212 -0.0516706 -0.418513 -0.615491 
608
1 1 1 1 1 1 0 1 1 0 1 1 1 1 0 1 0 
2.78264 7.73399 11.0556 14.2534 12.5798 13.8866 14.044 12.406 14.0645 14.3583 7.73829 10.5497 11.5792 12.6748 15.9503 15.9505 16.5979 
-0.747274 -0.278526 -0.85923 -0.306177 -0.577048 -0.475687 -0.749885 -0.348534 -0.217905 -0.706625 -0.174929 -0.273753 -0.195996 -0.434674 -0.0562289 -0.421701 -0.613866 
608
0 0 0 0 
2.41254 7.38119 13.2925 11.9963 
0.591967 0.173311 0.00906081 0.0933104 
612
1 1 1 1 0 1 1 0 1 1 1 1 1 0 1 1 0 0 
3.134 6.5158 9.90927 12.051 11.7001 11.4984 13.1868 15.5964 14.7909 12.7571 11.6287 11.9028 14.7601 14.5273 12.3546 13.3729 14.414 19.4195 
-0.763716 -0.282185 -0.853721 -0.581144 -0.711212 -0.350508 -0.314335 -0.74825 -0.476448 -0.266816 -0.225238 -0.166522 -0.446775 -0.0604342 -0.195503 -0.422598 -0.616605 -0.396944 
612
0 0 0 0 
2.19037 7.65152 14.3603 16.0842 
0.609254 0.170828 0.0846603 -0.00340598 
616
0 0 0 0 
2.4496 6.33556 13.6316 15.9683 
0.602717 0.183734 0.0853903 0.00258369 
620
1 1 1 1 1 1 1 0 1 0 0 1 1 1 1 0 
2.83925 7.97057 9.4523 14.8037 12.0696 14.8853 13.1603 16.4479 12.4819 17.271 15.6539 13.0811 12.3256 13.2056 14.0604 20.023 
-0.799328 -0.282588 -0.865919 -0.485546 -0.583754 -0.359418 -0.420857 -0.758695 -0.273037 -0.715994 -0.060242 -0.453536 -0.175573 -0.221544 -0.315494 -0.612399 
620
0 0 0 0 
2.17982 6.66644 17.2998 18.5633 
0.630749 0.179221 0.0819797 0.00684038 
624
0 0 0 0 
1.75914 6.59784 12.6843 17.1554 
0.678293 0.185708 0.0915994 -0.00328845 
628
0 0 0 0 
1.97466 7.2541 13.5039 11.3074 
0.682338 0.173294 -0.00242018 0.0854355 
628
1 1 1 1 0 1 1 1 0 1 1 1 1 1 0 0 1 1 1 1 
2.76554 10.0404 7.49893 7.30609 15.799 11.4363 11.6525 11.3546 14.1765 11.2354 14.5936 15.6549 13.2785 14.3945 14.353 15.7504 15.5907 10.2909 13.9371 17.0087 
-0.844839 -0.888366 -0.299336 -0.592267 -0.760967 -0.49562 -0.465104 -0.598041 -0.059544 -0.178097 -0.271555 -0.378859 -0.228168 -0.366679 -0.613008 -0.725306 -0.319086 -0.315923 -0.196287 -0.434419 
632
1 1 1 1 0 1 1 1 1 1 1 0 1 1 0 
2.71569 7.8363 10.0604 12.4791 16.8665 18.6871 13.7706 13.9828 12.9123 14.9731 9.44816 16.3142 13.1021 8.29707 18.5682 
-0.878255 -0.295412 -0.893607 -0.594664 -0.76872 -0.368112 -0.321816 -0.433744 -0.279043 -0.461981 -0.230374 -0.0599026 -0.197425 -0.181345 -0.624142 
636
0 0 0 0 
1.71601 6.78099 10.4965 15.0224 
0.806025 0.187611 0.0926924 -0.00234547 
636
1 1 1 1 1 1 1 0 1 1 1 1 0 1 
2.21069 7.08806 8.73219 7.97404 12.7698 15.1383 11.6653 12.434 12.3031 13.0016 12.7044 15.521 19.7366 13.8954 
-0.936094 -0.306598 -0.593723 -0.905611 -0.381684 -0.441383 -0.60387 -0.772126 -0.319283 -0.234578 -0.472222 -0.506618 -0.0591866 -0.278838 
640
0 0 0 0 
1.59588 6.19908 15.1064 13.4237 
0.789232 0.19396 0.000626481 0.0961092 
640
1 1 1 0 1 1 1 1 1 0 1 1 1 0 1 
6.07571 12.151 1.70834 16.2117 13.2704 8.86245 16.3746 14.6062 15.6377 15.9391 9.45897 11.7464 16.4614 19.5046 9.89643 
-0.313713 -0.502675 -0.970091 -0.779716 -0.319599 -0.602247 -0.4687 -0.238867 -0.28222 -0.736629 -0.475131 -0.372831 -0.44466 -0.630084 -0.179974 
644
1 0 1 1 0 1 1 1 1 1 1 1 0 0 1 
5.62551 15.4129 11.7972 12.1758 15.0701 17.2806 12.4901 14.4237 16.4614 10.5448 8.60427 14.8965 17.643 24.1298 11.5566 
-0.329454 -0.7895 -0.473404 -0.608659 -0.743818 -0.33224 -0.506462 -0.44803 -0.28612 -0.237453 -0.186418 -0.38354 -0.644484 -0.0591117 -0.208786 
648
0 0 0 0 
6.18673 2.15827 13.4975 12.3727 
0.20002 0.892333 0.0886584 0.00129915 
652
0 0 0 
5.93577 12.4675 13.5708 
0.204671 0.0885548 -0.001903 
648
1 0 1 1 1 0 1 1 1 1 1 1 1 0 
4.64823 16.0819 10.8937 15.0149 12.8729 12.9977 13.6939 13.6692 14.2476 13.7509 12.6272 12.2165 13.6184 18.9127 
-0.335926 -0.795954 -0.617452 -0.389893 -0.286106 -0.756142 -0.336603 -0.239343 -0.452404 -0.515148 -0.212629 -0.188815 -0.479443 -0.0596726 
652
1 0 1 0 1 1 1 1 1 1 1 1 1 
6.12632 15.5826 12.935 17.6463 15.6506 12.9807 12.2328 12.1068 10.7379 13.1301 11.2593 13.4351 15.7426 
-0.333838 -0.757406 -0.628224 -0.802384 -0.292515 -0.243557 -0.518766 -0.45704 -0.342613 -0.38554 -0.188681 -0.220983 -0.492778 
656
0 0 0 0 
5.04704 10.5076 10.9956 13.072 
0.213797 -0.0014272 0.0956108 0.0900845 
660
0 0 0 
5.0674 9.48394 10.6177 
0.218452 0.0116592 0.0950381 
660
1 0 1 0 1 1 1 1 1 1 1 1 0 1 1 0 0 
6.33684 14.6081 11.5801 14.4445 12.382 12.8466 12.8591 12.4117 12.2197 15.9875 16.1536 14.8018 11.3448 11.1776 8.4151 18.1408 18.4455 
-0.348876 -0.819159 -0.53173 -0.770498 -0.644135 -0.471086 -0.299492 -0.24346 -0.349211 -0.401762 -0.223294 -0.493533 -0.820554 -0.477118 -0.198754 -0.180717 -0.660922 
664
1 1 1 0 1 0 1 1 1 1 1 1 1 1 0 0 0 
5.35105 12.0406 11.3335 16.9094 14.6442 17.2778 12.6365 11.6723 15.0061 12.539 13.4679 10.0056 15.1874 10.6482 10.6934 9.36356 15.2235 
-0.361042 -0.653982 -0.253264 -0.782727 -0.539693 -0.829757 -0.222962 -0.351264 -0.408086 -0.300863 -0.505032 -0.480828 -0.474991 -0.197803 0.0338904 -0.781732 -0.0696189 
664
0 0 0 
5.42166 14.8326 11.7677 
0.218591 -0.00240397 0.0958595 
668
1 1 1 1 0 1 1 1 1 1 0 1 0 1 0 
6.3757 12.2534 12.3698 11.0034 13.9167 12.2627 11.5843 11.8393 11.4424 10.4199 14.1353 10.0521 12.8242 11.7509 18.4295 
-0.37281 -0.41026 -0.662537 -0.540415 -0.840197 -0.267688 -0.3557 -0.481966 -0.508953 -0.202445 -0.790452 -0.299232 -0.067695 -0.227544 -0.674261 
672
0 0 0 
5.31836 12.1756 12.5913 
0.225437 0.0924805 -0.00360933 
672
1 0 1 1 1 1 1 1 1 1 1 0 
5.47868 15.2695 13.1144 12.6658 11.8785 12.1794 10.8143 13.5653 10.8121 11.7686 10.9954 15.7876 
-0.386607 -0.852702 -0.491665 -0.520485 -0.267182 -0.30972 -0.201019 -0.420866 -0.366486 -0.559843 -0.679484 -0.800071 
676
0 0 0 0 
4.98776 9.93555 14.3524 10.5718 
0.241716 0.101978 -0.000926969 0.203517 
676
1 0 1 0 1 1 1 1 1 1 1 1 1 
4.99331 13.9523 13.4968 18.6743 14.1907 13.0227 13.31 13.7174 11.6803 11.7683 15.8536 8.59616 11.6055 
-0.396772 -0.857908 -0.528795 -0.813607 -0.68874 -0.275275 -0.431413 -0.372119 -0.324567 -0.564977 -0.506346 -0.217697 -0.235288 
680
1 1 0 1 1 1 0 0 1 1 1 1 1 1 1 1 0 
4.87131 8.16422 14.5243 11.0979 11.5056 11.6026 13.9502 16.3806 9.62993 12.5027 12.6278 14.4886 11.1045 13.4905 13.7396 11.9123 20.4014 
-0.418223 -0.545614 -0.824767 -0.573596 -0.380148 -0.698585 -0.873953 -0.0735771 -0.220868 -0.271605 -0.43766 -0.508035 -0.317686 -0.334865 -0.243259 -0.371463 -0.697324 
684
1 1 1 1 0 1 1 0 1 1 1 1 0 1 0 0 
5.14661 12.8139 11.7793 11.3914 14.936 9.63925 12.4553 12.1444 11.9255 11.0192 11.3183 9.72844 11.6107 7.14566 8.33064 10.9126 
-0.442093 -0.54804 -0.441709 -0.280501 -0.835382 -0.719758 -0.328964 -0.896826 -0.515656 -0.593556 -0.382435 -0.249147 -0.0755172 -0.231446 -0.204426 0.0331608 
680
0 0 0 0 
4.77872 11.9663 12.251 10.8224 
0.24816 0.0985762 -0.00436266 0.203457 
688
0 0 0 
3.96896 13.3061 13.2784 
0.278659 0.0943731 -0.0041313 
688
1 0 1 1 0 1 1 1 1 1 0 1 1 1 0 0 
4.6699 8.12118 10.452 10.8048 17.9792 11.1419 11.7258 10.468 10.8738 11.281 11.1205 13.2576 5.81372 12.6429 12.519 16.3577 
-0.457566 -0.084094 -0.39501 -0.285439 -0.845625 -0.605456 -0.453706 -0.336012 -0.532686 -0.561333 -0.903342 -0.256594 -0.238846 -0.725103 0.0350389 -0.720413 
692
1 1 1 1 1 1 0 1 0 1 1 0 0 1 0 
5.20648 11.8253 11.3238 12.0089 10.0385 12.5913 13.5543 10.4826 13.1094 11.268 12.328 11.6957 18.1458 10.6078 21.6167 
-0.486695 -0.296681 -0.738299 -0.605768 -0.526317 -0.349046 -0.8695 -0.404091 -0.857144 -0.464885 -0.569508 0.0330861 -0.0817341 -0.267118 -0.205282 
696
1 1 1 0 1 1 1 1 1 0 1 0 1 0 0 1 
4.80245 10.7599 12.7622 13.9361 11.7933 10.5529 11.9431 10.7076 11.6729 15.1928 11.7213 10.5417 10.7566 9.35453 21.6824 11.7216 
-0.51059 -0.753522 -0.354731 -0.878243 -0.305406 -0.410826 -0.548029 -0.622135 -0.578859 -0.0812453 -0.46938 0.0326743 -0.24487 -0.217115 -0.202851 -0.275419 
696
0 0 0 
4.25818 11.5251 13.9804 
0.293908 0.105166 -0.00645988 
700
0 0 0 
4.04165 10.5366 10.4213 
0.307511 0.0993398 0.00199069 
700
1 1 1 1 0 1 1 1 1 0 0 1 1 0 
10.3852 3.99795 10.7017 11.1545 12.7982 10.6318 10.7814 10.2903 11.9422 10.4327 12.5007 11.5952 9.84032 13.4687 
-0.770365 -0.531584 -0.592561 -0.477656 -0.893299 -0.422933 -0.640225 -0.371752 -0.306877 0.0321376 -0.0869848 -0.555542 -0.248922 -0.756242 
704
0 0 0 
3.3254 11.4899 10.1148 
0.348706 0.000474037 0.101672 
704
1 1 1 1 1 1 1 0 1 1 0 1 0 1 0 0 0 
3.99268 10.0594 10.2169 10.5195 9.05248 12.1369 8.51735 14.7199 11.0755 11.3251 15.3336 9.82491 10.3265 11.4132 13.6015 19.8227 12.9577 
-0.567567 -0.784807 -0.575897 -0.653556 -0.435067 -0.493116 -0.615 -0.759632 -0.372407 -0.315623 -0.899328 -0.252481 -0.0878806 -0.286205 -0.219826 -0.634238 0.0306287 
708
0 0 0 
3.48277 8.30353 12.814 
0.364968 0.104809 -0.00510845 
712
1 1 1 1 1 1 1 0 1 0 1 0 1 1 
3.34608 10.5045 9.75193 11.7239 10.3874 11.2288 12.0893 13.4726 8.86431 15.8963 12.7326 15.4603 5.13943 10.4225 
-0.635851 -0.684451 -0.321895 -0.81581 -0.625804 -0.511656 -0.443994 -0.0867072 -0.589826 -0.787271 -0.391244 -0.224857 -0.284876 -0.291175 
716
0 0 0 0 
2.84326 8.77327 11.2818 8.15276 
0.429683 0.125908 0.00332671 0.260471 
720
0 0 0 
2.54073 9.34726 12.259 
0.483373 0.123583 -0.00260942 
716
1 1 1 1 1 1 1 1 1 0 0 1 0 0 0 
3.47613 9.55575 9.49525 9.11789 10.048 11.933 14.2985 9.1188 11.1237 13.5836 15.8203 6.62503 14.9787 17.7404 16.5341 
-0.682198 -0.832795 -0.455019 -0.69428 -0.64221 -0.395505 -0.526566 -0.335395 -0.601284 -0.794417 -0.222116 -0.281051 -0.0860036 -0.656855 -0.379958 
720
1 1 1 1 1 1 1 1 1 0 0 0 0 1 0 
3.03913 10.1144 11.8392 8.21874 9.79157 9.97116 10.0571 11.0571 10.6381 13.6877 13.9706 12.1705 13.8188 6.5069 14.8879 
-0.718482 -0.701083 -0.851084 -0.458272 -0.604849 -0.400559 -0.522817 -0.652625 -0.343129 -0.233392 -0.802243 -0.0860074 -0.6682 -0.290147 -0.375243 
724
1 1 1 1 1 1 1 1 0 1 0 0 0 1 1 
3.27307 11.0758 9.19455 9.23888 10.3562 8.99995 10.2205 10.266 13.2538 9.22195 13.6168 12.4067 14.4464 8.04256 9.66437 
-0.783856 -0.864156 -0.727569 -0.663254 -0.625583 -0.41334 -0.541509 -0.474415 -0.823868 -0.344534 -0.818111 -0.086304 -0.23218 -0.310202 -0.2819 
724
0 0 0 0 
2.34745 10.0551 7.48441 8.4962 
0.530036 0.00552223 0.134942 0.281333 
728
0 0 0 0 
2.07329 9.21489 9.53236 7.22374 
0.603267 0.141522 0.0129939 0.303164 
732
1 1 1 1 1 1 1 0 1 1 1 0 0 1 0 0 0 
1.73633 9.91013 9.50763 9.38614 10.6639 7.32004 10.4236 12.052 10.1067 10.1586 6.76602 14.907 14.3919 6.52603 12.0739 16.6879 13.387 
-0.949675 -0.429931 -0.757743 -0.652049 -0.698188 -0.91035 -0.563719 -0.843548 -0.365695 -0.488469 -0.320069 -0.551558 -0.0907375 -0.290897 -0.241441 -0.39205 -0.690995 
732
0 0 0 0 
2.11448 7.75968 10.2683 5.57012 
0.688074 0.145379 0.0145963 0.311124 
736
1 1 1 1 1 0 1 0 1 0 0 1 1 0 0 0 1 
10.1392 7.71963 9.47682 9.09093 10.3029 14.5214 8.01152 9.23769 10.1946 10.5211 15.8682 7.59108 6.26946 10.208 13.4702 10.9645 8.08792 
-0.572904 -0.667457 -0.774801 -0.50131 -0.717137 -0.858763 -0.376389 -0.545892 -0.437522 -0.0914704 -0.704638 -0.313013 -0.337555 -0.24704 -0.23599 -0.40794 -0.338585 
736
0 0 0 0 
2.31081 8.56118 11.1713 7.56151 
0.754534 0.154981 0.00989566 0.321514 
740
0 0 
9.93536 7.53794 
0.0182322 0.16106 
744
1 1 1 1 1 1 1 1 0 1 0 0 0 0 1 
8.78123 10.4064 8.96565 10.0569 8.59517 9.9461 6.7976 6.45723 13.5382 8.20319 17.6102 15.3749 13.6756 8.90565 8.67762 
-0.747974 -0.465128 -0.714375 -0.607841 -0.81837 -0.528266 -0.338133 -0.360818 -0.0917662 -0.398494 -0.249807 -0.57739 -0.891694 -0.734579 -0.363627 
744
0 0 0 
10.6324 8.61785 8.35846 
0.0180785 0.167948 0.348177 
748
1 1 1 1 1 1 1 1 0 0 1 0 1 0 0 0 0 0 
6.38824 8.28863 8.49271 9.5231 8.96665 5.94915 8.12115 8.00089 12.3744 13.6002 8.45943 9.20371 7.07989 16.6149 11.2714 13.5649 10.9225 10.743 
-0.34547 -0.841373 -0.545157 -0.76817 -0.633064 -0.385809 -0.488006 -0.727154 -0.0887572 -0.590531 -0.413721 -0.910373 -0.38026 -0.421612 -0.596248 -0.745166 -0.250673 -0.25819 
748
0 0 
6.7872 7.30982 
0.183048 0.02088 
752
1 1 1 1 1 1 0 1 1 0 0 1 0 1 
8.34429 8.41519 8.82545 8.12754 7.81088 7.53482 11.1952 7.28903 5.43601 16.1765 15.1583 7.98512 14.628 6.8804 
-0.760404 -0.798043 -0.652202 -0.49963 -0.563565 -0.865836 -0.0889305 -0.426715 -0.410538 -0.762483 -0.605466 -0.362519 -0.259527 -0.397497 
752
0 0 0 
7.73432 8.77472 6.10259 
0.186294 0.023389 0.393112 
756
0 0 0 
6.06786 9.5588 5.60028 
0.189175 0.025405 0.42159 
760
1 1 1 1 1 1 0 0 0 1 1 0 
6.45824 5.17054 7.76793 7.91585 7.18466 8.38595 10.2848 13.3313 12.4356 7.7503 6.99856 10.424 
-0.402812 -0.437979 -0.847345 -0.604341 -0.683861 -0.79457 -0.0969886 -0.627569 -0.785551 -0.533449 -0.465916 -0.444746 
760
0 0 0 
5.95577 5.64937 5.07251 
0.217178 0.049809 0.448536 
764
1 1 1 1 0 1 0 1 0 0 1 0 1 
8.78969 7.20405 8.52244 4.71691 14.053 8.36372 10.2293 6.7099 12.4668 10.5214 7.47124 7.16351 8.57764 
-0.876275 -0.557895 -0.717277 -0.475527 -0.642274 -0.62822 -0.107723 -0.42859 -0.811093 -0.468825 -0.48508 -0.284796 -0.823815 
764
0 0 0 
8.15151 6.5187 4.37251 
0.0279865 0.219071 0.472356 
768
0 0 0 
6.18635 8.06143 5.05893 
0.22631 0.0348994 0.509438 
768
1 1 1 1 0 1 1 0 0 0 1 0 1 
8.70328 5.72049 9.01415 4.41885 9.26422 7.3141 6.59334 13.9084 9.5283 9.83004 5.50868 14.7547 6.96963 
-0.741696 -0.451 -0.857342 -0.506323 -0.102188 -0.577955 -0.644055 -0.482176 -0.829833 -0.290683 -0.91588 -0.664593 -0.509338 
772
1 1 1 0 1 1 1 0 1 0 0 
4.55231 8.10403 5.44274 9.40125 7.37512 7.15132 7.42673 13.6474 6.64586 11.914 15.6077 
-0.540953 -0.767383 -0.476742 -0.112179 -0.608606 -0.891723 -0.676575 -0.847225 -0.526253 -0.296718 -0.67327 
776
0 0 0 
5.75464 4.89986 6.4036 
0.254005 0.584732 0.0402817 
776
1 1 1 1 1 0 1 0 0 0 0 
3.99537 7.08446 6.47675 7.43402 6.63846 8.21796 5.91617 10.391 10.9299 10.8096 14.0448 
-0.578994 -0.795994 -0.626225 -0.705981 -0.562323 -0.11204 -0.50634 -0.306169 -0.870926 -0.499058 -0.688564 
780
1 1 1 0 1 0 0 1 0 0 1 
3.56376 7.1468 6.15493 8.53991 7.09978 7.96662 11.4765 5.80773 11.6034 12.5763 3.97142 
-0.630299 -0.829558 -0.661056 -0.115291 -0.739388 -0.320629 -0.891623 -0.581222 -0.529035 -0.71229 -0.531621 
780
0 0 0 
7.20585 4.84755 3.46487 
0.0409983 0.279368 0.653645 
784
1 1 1 0 1 1 1 0 0 0 0 
3.61097 5.99647 6.50625 8.04721 6.28281 6.89569 4.91635 12.8374 9.95645 9.25193 10.6548 
-0.685744 -0.767944 -0.695045 -0.124156 -0.623958 -0.862574 -0.58319 -0.723919 -0.322266 -0.529951 -0.908077 
784
0 0 0 
4.57549 6.07581 3.31863 
0.293728 0.0539069 0.714147 
788
0 0 0 
6.1072 3.42377 4.25006 
0.0584501 0.768784 0.31837 
792
1 1 1 1 0 1 0 0 0 
2.83951 4.15196 5.75504 5.59895 8.18119 5.16563 10.1848 11.1478 9.59315 
-0.795649 -0.677864 -0.840457 -0.769788 -0.134452 -0.703635 -0.350507 -0.56523 -0.775053 
792
0 0 0 
5.96258 4.02978 3.07114 
0.0563116 0.351 0.850569 
796
1 0 1 1 1 0 0 0 1 1 
3.12155 7.8932 5.32704 3.61088 5.56508 10.5302 8.88216 10.8116 4.20642 5.01516 
-0.884615 -0.14391 -0.81088 -0.73471 -0.886307 -0.585119 -0.366427 -0.794124 -0.761548 -0.708669 
800
1 0 1 1 0 0 0 
2.70358 6.94874 5.33683 3.81343 11.6164 11.4938 8.25656 
-0.804551 -0.152584 -0.859975 -0.77642 -0.615656 -0.81713 -0.380105 
804
1 0 1 0 0 0 
2.97101 8.82416 4.32832 7.16399 9.71934 9.3785 
-0.885388 -0.398261 -0.91142 -0.162898 -0.835907 -0.633684 
800
0 0 0 
2.70248 3.20173 4.70287 
1.02489 0.409014 0.0635746 
804
0 0 
4.75189 2.94198 
0.0661161 0.457343 
808
0 0 0 0 
6.20735 8.79563 10.3685 5.83499 
-0.157814 -0.638762 -0.857609 -0.419894 
808
0 0 
2.65775 3.74911 
0.507914 0.0839601 
812
0 0 
2.96597 3.47788 
0.576071 0.131977 
812
0 0 0 0 1 
5.82332 10.6567 6.91675 11.783 3.49358 
-0.139917 -0.632126 -0.398664 -0.857488 -0.940657 
816
0 0 
2.3152 3.77633 
0.725943 0.184789 
816
0 0 0 0 
6.06485 8.24349 7.08854 9.40749 
-0.09506 -0.609468 -0.359689 -0.831736 
820
0 0 
3.59944 1.99703 
0.271766 0.893617 
824
0 0 
2.85193 1.92841 
0.386635 1.06841 
820
0 0 0 0 
4.60638 6.42079 7.9676 8.98185 
-0.0342995 -0.327113 -0.562862 -0.795518 
824
0 0 0 0 1 
4.98367 8.55675 8.03237 6.78452 2.38165 
0.0328815 -0.748033 -0.518093 -0.266962 -0.964857 
828
0 0 1 0 0 
6.30242 7.6138 3.68514 8.75292 5.78368 
-0.200643 -0.465286 -0.942866 -0.702345 -0.913715 
832
0 0 
2.75781 4.35467 
0.640408 0.161277 
832
0 1 0 0 0 
6.29354 1.56491 9.88245 10.2622 7.08397 
-0.123878 -0.968728 -0.855412 -0.642629 -0.402055 
836
0 0 
3.03408 4.40121 
0.773847 0.257237 
836
0 0 1 0 0 1 
7.3821 5.45706 2.12211 9.54146 8.35594 3.51591 
-0.331946 -0.0397663 -0.911173 -0.788249 -0.574833 -0.883599 
840
1 1 0 0 0 0 1 
1.84313 3.13064 8.02795 3.79748 7.61861 6.54462 3.83372 
-0.891756 -0.85197 -0.724188 0.0311399 -0.49715 -0.242324 -0.907536 
840
0 0 0 
2.65797 3.71175 3.15371 
0.954971 0.385848 0.00774493 
844
0 0 
3.21158 5.23988 
0.52246 0.102449 
844
1 1 0 0 0 0 1 1 
2.05952 3.09939 5.75004 10.4308 6.90774 9.28793 3.23027 4.75873 
-0.86883 -0.813794 -0.163915 -0.873708 -0.42786 -0.656783 -0.933215 -0.853947 
848
1 1 0 1 0 0 1 0 
2.32893 2.7303 6.51161 4.07413 11.344 8.32649 4.22211 7.39061 
-0.862748 -0.783087 -0.0875346 -0.873002 -0.809989 -0.361593 -0.825093 -0.585711 
848
0 0 
3.09327 4.17093 
0.665177 0.212709 
852
1 0 1 1 0 0 0 1 
2.00144 5.94589 2.86428 3.39827 8.10176 7.39944 8.87089 3.84902 
-0.854889 -0.00352912 -0.753673 -0.821994 -0.744156 -0.281661 -0.519224 -0.777489 
856
1 1 1 0 0 1 1 0 
1.91099 2.4882 4.80602 7.49439 7.33644 4.29752 3.59828 8.62756 
-0.809666 -0.729152 -0.894761 -0.453524 -0.210842 -0.78742 -0.740731 -0.68133 
860
1 1 1 0 0 0 1 0 1 
2.54341 2.41781 4.6538 10.9135 6.53792 7.60953 3.87526 7.83259 2.94091 
-0.711022 -0.837567 -0.859054 -0.873457 -0.129351 -0.381583 -0.755366 -0.618082 -0.697643 
856
0 0 0 
3.42784 4.47823 5.9115 
0.930477 0.418351 0.0363089 
860
0 0 
3.65007 4.65126 
0.545193 0.133122 
864
0 0 
3.80859 4.72967 
0.656694 0.221692 
868
0 0 
3.41738 4.4933 
0.781429 0.31955 
872
0 0 0 
2.77675 4.46707 4.07446 
0.942462 0.417603 0.072037 
864
0 1 1 1 1 0 0 1 
5.76405 1.95198 3.45746 4.15422 4.91359 7.84175 8.86575 2.59164 
-0.0579664 -0.688412 -0.731981 -0.82 -0.891282 -0.322724 -0.557794 -0.66545 
868
1 1 0 0 1 1 0 1 0 0 
2.08695 3.41759 6.4376 7.66011 4.08887 3.48719 10.7901 2.13885 8.35627 9.24788 
-0.688043 -0.775078 0.0163148 -0.247069 -0.845899 -0.692902 -0.867401 -0.640687 -0.498294 -0.76457 
876
0 0 0 
4.05674 5.85378 2.72095 
0.528518 0.130017 0.995564 
880
0 0 
3.40813 5.07857 
0.646242 0.219508 
876
1 1 1 1 1 0 1 0 0 0 
4.41495 1.93468 2.08896 3.48466 5.13335 8.08801 3.02816 7.61295 6.81232 8.05425 
-0.775925 -0.600967 -0.658363 -0.70146 -0.897003 -0.377947 -0.61473 -0.650468 -0.104532 -0.758167 
880
1 1 1 1 1 0 0 0 1 0 
1.8902 4.44722 2.88345 3.3527 3.99109 6.41109 6.68629 7.89069 2.83838 8.3478 
-0.563807 -0.864735 -0.582283 -0.672171 -0.742365 -0.0443268 -0.317326 -0.604904 -0.676184 -0.714684 
884
0 0 
4.90315 4.2787 
0.308873 0.725618 
888
0 0 0 
3.89117 4.50213 5.69123 
0.839111 0.391407 0.0447625 
884
1 1 1 1 0 1 0 0 1 0 
1.73813 3.38266 3.93239 2.52588 5.29504 4.12779 6.18678 7.66414 5.52991 8.67233 
-0.559048 -0.638885 -0.712812 -0.551376 0.025302 -0.844496 -0.254425 -0.664768 -0.880022 -0.551581 
888
1 1 1 1 0 1 1 0 0 
3.37696 2.30056 3.11332 2.89904 7.57045 2.16782 5.97028 8.26303 7.25882 
-0.618829 -0.530829 -0.684645 -0.82726 -0.206154 -0.528283 -0.851504 -0.622374 -0.498262 
892
0 0 0 
4.08999 4.54084 5.40947 
0.932659 0.45771 0.0983123 
896
0 0 0 
4.34277 5.71432 1.66743 
0.538822 0.157985 1.04169 
896
1 1 1 1 1 0 0 0 
1.85471 3.11018 2.52482 3.97616 5.49366 7.65433 7.07176 7.20775 
-0.552989 -0.672938 -0.597467 -0.795281 -0.822382 -0.431868 -0.110669 -0.55512 
900
0 0 
5.18601 4.52432 
0.211706 0.594419 
900
1 1 1 1 0 0 1 0 
1.63339 3.13 3.5997 2.6254 6.2875 7.5435 5.12235 6.95819 
-0.544099 -0.684645 -0.813512 -0.616749 -0.0853183 -0.407463 -0.826033 -0.53478 
904
0 0 
5.17421 4.14734 
0.257143 0.676384 
904
1 1 1 0 1 0 1 0 
2.08897 2.64066 3.3218 5.85369 2.241 7.22269 5.37146 7.35074 
-0.639231 -0.71027 -0.823272 -0.0444844 -0.679003 -0.514437 -0.829332 -0.397726 
908
1 1 1 0 0 0 1 
2.35705 3.09871 2.85966 6.10562 7.07671 5.95982 4.07982 
-0.657217 -0.851998 -0.745034 -0.0182223 -0.504477 -0.38122 -0.841835 
908
0 0 
3.7544 3.91444 
0.75367 0.316201 
912
0 0 
4.57415 3.46286 
0.361084 0.848978 
916
0 0 0 
4.17842 4.2427 3.56394 
0.914817 0.426921 0.0152908 
916
1 1 1 0 0 0 1 
1.71208 3.35069 4.5419 5.28063 6.57608 2.97019 2.27296 
-0.715362 -0.893984 -0.833364 -0.330991 -0.463436 0.0236244 -0.828017 
920
0 0 0 
4.16213 4.96757 2.74428 
0.508571 0.0674148 0.998146 
920
1 0 1 0 0 1 
2.10132 6.23576 4.62614 6.65522 9.88444 2.13257 
-0.943138 -0.281571 -0.825163 -0.419322 -0.886334 -0.811987 
924
1 0 0 1 0 
3.39285 5.94508 6.67141 2.06738 8.49848 
-0.827651 -0.242104 -0.38718 -0.950208 -0.851994 
924
0 0 
3.80664 4.8688 
0.589148 0.129783 
928
0 0 
3.48499 4.47008 
0.691535 0.190586 
932
0 0 
4.15755 4.16085 
0.767273 0.259979 
928
1 0 0 0 
3.45082 5.63425 4.88027 12.5614 
-0.809012 -0.350208 -0.189765 -0.820798 
932
1 0 0 0 
3.77404 5.84359 4.73726 10.7282 
-0.80854 -0.321074 -0.155093 -0.787704 
936
0 0 
3.37484 4.17611 
0.900347 0.33618 
936
1 0 0 0 
3.21414 5.13019 4.85728 9.56254 
-0.809415 -0.113516 -0.27982 -0.761665 
940
0 0 
2.5255 3.21456 
1.02206 0.426512 
940
1 0 0 0 
2.95783 4.66492 5.0855 9.69376 
-0.808416 -0.0625613 -0.240627 -0.724408 
944
0 
3.28506 
0.510278 
944
1 0 0 0 0 
3.01032 4.01388 4.97031 8.52761 12.5029 
-0.809376 9.62565e-05 -0.19037 -0.690748 -0.87744 
948
1 0 0 0 0 
2.8431 4.7305 3.13186 8.9779 15.8597 
-0.81736 -0.143771 0.0303193 -0.652208 -0.837973 
952
1 0 0 0 0 
2.63489 4.94016 8.8312 16.392 20.0351 
-0.820931 -0.0864933 -0.613957 -0.787189 -0.871192 
948
0 
3.24528 
0.604121 
952
0 0 
3.86698 2.70185 
0.0600522 0.733836 
956
1 0 0 0 0 
2.28766 4.43945 9.14589 19.3273 16.4073 
-0.814244 -0.0312453 -0.57923 -0.863581 -0.823815 
960
0 0 
3.17381 2.73004 
0.233691 0.98619 
960
1 0 0 0 0 
2.18007 3.68641 9.69496 14.5883 15.3335 
-0.86011 0.026254 -0.522497 -0.695155 -0.771811 
964
0 0 
2.47684 4.017 
0.350021 0.0513991 
964
1 1 0 0 1 0 0 
1.6498 7.67689 9.7658 8.78243 14.3166 14.4957 14.2361 
-0.831312 -0.896282 -0.653368 -0.473245 -0.893702 -0.645441 -0.725292 
968
0 0 
2.93845 2.53889 
0.156275 0.445307 
968
1 0 1 0 0 
6.19023 6.19992 8.80256 10.7715 14.6569 
-0.856705 -0.42991 -0.843637 -0.602199 -0.655296 
972
1 0 1 0 0 1 
7.14501 7.20379 11.3068 10.8339 17.6578 2.29472 
-0.82344 -0.378314 -0.798992 -0.535941 -0.613296 -0.875074 
976
0 0 
2.60837 2.71725 
0.336723 0.683805 
976
1 0 1 0 0 1 
6.48078 6.67275 10.2706 10.9502 16.7682 16.576 
-0.782065 -0.322892 -0.757783 -0.48645 -0.553202 -0.741842 
980
0 0 
2.22075 2.28782 
0.851599 0.467525 
980
1 0 1 0 1 0 1 
5.06667 6.59321 10.1604 9.72673 12.8547 11.8433 20.9594 
-0.737196 -0.262427 -0.700416 -0.435914 -0.68848 -0.497162 -0.871617 
984
0 0 
1.80633 2.2964 
1.03888 0.587978 
984
1 0 1 1 1 0 0 1 
6.10415 6.60283 10.2582 15.5259 15.4875 10.9717 20.1031 27.2829 
-0.706655 -0.201468 -0.650599 -0.630445 -0.862039 -0.377193 -0.443245 -0.814827 
988
0 
1.6336 
0.798123 
988
1 0 1 0 1 1 
6.99492 6.13621 10.0752 10.2453 13.0386 12.5039 
-0.660118 -0.141975 -0.592854 -0.312948 -0.903411 -0.566928 
992
0 1 1 0 1 1 1 
6.35304 5.77293 9.44334 9.89163 14.5726 17.9123 15.8402 
-0.0746799 -0.617236 -0.541627 -0.251287 -0.511878 -0.850141 -0.747368 
992
0 
1.79188 
0.948122 
996
0 
3.39168 
1.05435 
1000
0 
3.59186 
0.0126029 
996
0 1 1 0 1 0 1 1 
5.9083 5.41379 10.1494 9.50349 13.601 14.8704 14.5903 22.0065 
-0.00860414 -0.576636 -0.496395 -0.19019 -0.800768 -0.253613 -0.459773 -0.699638 
1004
0 
5.49053 
0.086288 
1004
1 1 0 1 0 1 1 1 
10.3555 5.16282 8.55661 11.0067 16.7138 15.5998 14.6954 21.9226 
-0.375625 -0.499442 -0.0558129 -0.875093 -0.126792 -0.686085 -0.331052 -0.580007 
1008
1 0 1 1 0 1 1 0 1 1 
5.32504 9.74469 9.70824 11.7343 13.4033 17.4614 14.4969 18.1131 13.4148 21.0974 
-0.453761 0.00376907 -0.316183 -0.829214 -0.0642428 -0.632031 -0.280443 -0.0994957 -0.241283 -0.526715 
1012
1 1 1 1 0 1 0 
4.2062 9.78765 8.46703 13.9975 14.5529 14.5713 23.6227 
-0.422916 -0.269791 -0.778583 -0.582455 -0.00711303 -0.227238 -0.0473133 
1016
1 1 1 1 1 0 1 1 0 
4.28621 13.4051 9.8025 8.97901 12.0737 14.6319 12.3122 22.2251 22.2734 
-0.403906 -0.180332 -0.757277 -0.227711 -0.54552 0.0396834 -0.441307 -0.146776 0.00286148 
1008
0 
5.0674 
0.174675 
1012
0 0 
3.66634 7.59379 
0.251431 0.0110081 
1016
0 0 0 
3.78438 9.16202 12.0948 
0.324403 0.0679897 -0.00668628 
1020
0 0 0 
3.8708 8.02468 12.3886 
0.367933 0.0993249 0.0226559 
1024
1 1 1 1 1 1 1 
3.17754 8.77114 11.0456 12.4718 13.2665 15.8741 22.8402 
-0.41859 -0.209513 -0.765592 -0.155859 -0.532977 -0.123665 -0.411938 
1028
1 1 1 1 1 1 1 
3.2409 8.19686 9.36436 13.5884 16.5948 17.314 20.1806 
-0.469372 -0.223743 -0.784846 -0.162197 -0.550181 -0.120802 -0.422765 
1032
1 1 1 1 1 1 1 1 0 
2.71444 6.73475 10.0238 12.3625 13.1326 16.5813 16.5048 10.8651 18.8302 
-0.516605 -0.225571 -0.816661 -0.1661 -0.563377 -0.433626 -0.126321 -0.348664 0.0351096 
1024
0 0 
3.12895 7.0959 
0.426174 0.123008 
1028
0 0 0 
3.48671 8.11008 14.8223 
0.446199 0.116374 0.0291711 
1032
0 0 0 
3.1194 7.69088 12.087 
0.489287 0.115348 0.0346957 
1036
0 0 0 
2.68716 6.516 12.3957 
0.548717 0.128749 0.0320268 
1036
1 1 1 1 1 1 0 1 
2.35431 7.52692 10.9508 13.49 13.0638 16.4447 16.9988 20.1917 
-0.566343 -0.238858 -0.835895 -0.161793 -0.570062 -0.12322 0.0346514 -0.433085 
1040
1 1 1 1 1 1 
2.54808 7.43998 9.2155 11.5014 11.645 11.3754 
-0.623334 -0.234655 -0.848044 -0.162032 -0.568814 -0.432622 
1040
0 0 0 
2.30988 7.7535 10.8648 
0.635071 0.142448 0.0516145 
1044
1 1 1 1 1 1 1 
2.14701 5.81853 8.56938 11.7259 11.2634 21.1735 16.1086 
-0.670112 -0.225682 -0.857071 -0.140263 -0.565642 -0.413802 -0.0958142 
1044
0 0 0 
2.1653 6.42077 12.1111 
0.745808 0.182686 0.0741204 
1048
0 0 0 0 
2.02383 7.00126 11.1562 17.9333 
0.871012 0.203927 0.100276 0.0541451 
1052
1 1 1 1 1 1 
5.41235 10.1469 10.7065 13.1887 15.7544 21.4522 
-0.197741 -0.106053 -0.544085 -0.0605714 -0.380221 -0.29206 
1052
0 0 0 
5.64134 2.67855 11.1702 
0.244557 1.00019 0.124544 
1056
1 1 1 1 1 1 
5.93399 8.89034 10.3783 15.7023 13.0802 16.4211 
-0.1958 -0.87935 -0.0914937 -0.0332832 -0.536567 -0.370943 
1056
0 0 0 
5.91435 10.3643 9.60128 
0.27556 0.15503 0.107455 
1060
0 0 0 
6.29415 11.1475 15.3436 
0.30885 0.174325 0.121986 
1060
1 1 1 1 1 1 
5.12456 8.44649 10.4492 10.4904 17.3797 11.8276 
-0.180512 -0.894049 -0.0709286 -0.530549 -0.0170479 -0.36689 
1064
1 1 1 1 1 1 0 
5.59611 9.69283 9.56997 18.0751 5.7038 16.604 16.9004 
-0.183689 -0.0620068 -0.53954 -0.357682 -0.913247 -0.00973645 -0.525559 
1064
0 0 0 
5.17841 13.9331 10.7576 
0.363247 0.144474 0.197338 
1068
0 0 0 
5.19722 8.79038 15.9382 
0.38552 0.21324 0.148052 
1072
0 0 
4.46606 13.7179 
0.412688 0.160182 
1072
1 1 1 1 1 0 
4.51228 8.3668 10.5993 17.1097 12.6797 13.6066 
-0.198123 -0.0633342 -0.561372 0.00484903 -0.366435 -0.530659 
1076
1 1 1 1 1 0 
3.82976 9.48227 10.6283 14.899 15.4874 10.7677 
-0.207729 -0.0520719 -0.56914 -0.362736 0.00837186 -0.536787 
1080
1 1 1 1 1 1 0 
3.90865 8.62672 10.1719 12.4406 13.7219 19.1448 16.2076 
-0.224364 -0.0514301 -0.581289 0.0120065 -0.365058 -0.248596 -0.546675 
1076
0 0 0 1 
4.19648 8.62538 13.6001 17.2555 
0.455613 0.236388 0.176318 -0.0228965 
1080
0 0 0 1 1 0 
3.71542 8.54244 12.6092 18.8712 17.2614 17.1012 
0.504462 0.258382 0.185803 -0.0122454 0.00951149 0.152394 
1084
1 1 1 1 0 1 1 
3.94209 8.51948 9.50416 15.2399 15.6657 11.1917 16.8482 
-0.243445 -0.0424254 -0.593699 0.0218061 -0.550064 -0.377517 -0.246729 
1088
1 1 1 1 1 0 1 1 
3.58637 9.86008 8.14159 13.4106 16.5575 14.6113 10.7494 18.2829 
-0.266384 -0.610569 -0.0435796 -0.370913 -0.238252 -0.556797 0.0213703 -0.16759 
1084
0 0 0 1 0 1 
3.17732 8.36757 14.9069 21.7862 17.7041 15.0761 
0.565151 0.272508 0.185883 -0.00566635 0.160744 0.0213581 
1088
0 0 0 0 1 0 
3.72238 7.11635 9.76755 14.3986 19.8573 11.6425 
0.604338 0.287506 0.199484 0.205109 0.00118278 0.185028 
1092
1 1 1 1 1 1 1 
2.5373 10.3139 8.30283 9.71694 20.0658 11.9548 13.3892 
-0.295116 -0.379325 -0.0551809 -0.638779 -0.25821 0.0264313 -0.17378 
1096
0 0 0 0 
2.91809 7.17338 12.6698 18.0376 
0.715969 0.292624 0.194221 0.152742 
1096
1 1 1 1 1 1 1 0 
2.9179 9.34752 15.4936 8.6362 11.576 9.45798 17.8033 12.0513 
-0.378352 -0.0742095 -0.273484 -0.683703 0.00373488 -0.427687 0.0191878 -0.603742 
1100
0 0 0 0 
2.48916 7.46652 10.5799 23.3675 
0.786352 0.279326 0.168665 0.121391 
1100
1 1 1 1 1 1 1 0 1 
2.10157 6.94594 11.5136 9.39876 11.6863 18.2301 17.0251 11.4505 22.7685 
-0.467297 -0.105866 -0.0241676 -0.737516 -0.45473 -0.316635 -0.00802667 -0.644041 0.00972559 
1104
1 1 1 1 1 1 0 1 
2.07305 10.5868 5.92362 11.5734 16.2616 10.7778 11.6899 14.585 
-0.575149 -0.785507 -0.134417 -0.0472387 -0.025437 -0.49736 -0.678337 -0.34598 
1108
0 0 0 0 
1.77849 5.30692 10.6669 20.8956 
0.99564 0.281066 0.146485 0.0991952 
1112
0 0 
5.47697 17.6567 
0.286299 0.104745 
1108
1 1 1 1 1 1 1 0 1 
2.07038 5.75375 8.91651 11.4999 15.3243 11.927 12.5575 14.2004 23.2436 
-0.701167 -0.156866 -0.828121 -0.0568185 -0.0363298 -0.516371 -0.367595 -0.718066 -0.0223992 
1112
1 1 1 0 1 1 1 1 
6.36406 7.6979 11.6468 12.1086 14.5185 9.83335 2.43124 16.2929 
-0.173947 -0.859503 -0.0635516 -0.727907 -0.0438834 -0.537143 -0.866243 -0.363083 
1116
1 1 1 1 0 1 1 1 
5.78326 8.9813 10.6429 15.434 11.8521 12.6161 15.9718 13.7788 
-0.181562 -0.900895 -0.0658859 -0.0417186 -0.747173 -0.549253 -0.374769 -0.0226966 
1120
1 1 1 0 1 1 1 0 
4.8087 17.0761 10.2001 14.5396 10.1475 14.3276 18.265 13.3514 
-0.202171 -0.0452747 -0.067119 -0.765371 -0.564229 -0.385028 -0.290065 -0.545862 
1116
0 0 0 
5.18155 10.4611 16.0651 
0.314838 0.161136 0.105977 
1124
0 0 0 
4.76748 9.29064 13.878 
0.333013 0.162898 0.0985636 
1124
1 1 1 0 1 0 1 1 
6.82616 4.72345 8.49232 15.2778 16.8175 15.8048 23.2782 15.1967 
-0.591678 -0.236995 -0.0958545 -0.575822 -0.0589502 -0.799621 -0.304484 -0.404217 
1128
0 0 
4.29969 9.83296 
0.339196 0.144268 
1132
0 0 0 0 
4.15463 8.93199 14.6085 13.6487 
0.351698 0.122183 0.0658826 0.0227359 
1128
1 1 1 1 1 0 0 1 1 
4.81521 10.0686 8.42356 13.5216 12.6826 15.2267 14.5091 13.731 17.4413 
-0.273901 -0.637618 -0.1092 -0.436088 -0.0797278 -0.84193 -0.606793 -0.327354 -0.055765 
1132
1 1 1 0 1 1 1 1 
3.96198 8.3752 8.93004 13.9691 15.9022 19.0574 12.1316 11.0374 
-0.329376 -0.136783 -0.678771 -0.886035 -0.106203 -0.359906 -0.0734999 -0.466246 
1136
0 0 0 
3.89672 8.37727 14.1566 
0.357066 0.114491 0.0522118 
1140
1 1 1 1 1 1 
3.5934 8.43856 10.3549 15.6817 12.7535 22.7137 
-0.420072 -0.182562 -0.753713 -0.133084 -0.519826 -0.104694 
1140
0 0 0 
3.87414 7.87917 13.076 
0.387396 0.115174 0.0520281 
1144
0 0 0 
3.26991 8.57402 11.2147 
0.448168 0.127136 0.0596671 
1148
0 0 0 0 
3.13173 7.82649 10.6354 18.3962 
0.504604 0.140413 0.0694987 0.0176925 
1144
1 1 1 1 1 0 1 1 
3.35983 9.21986 7.75157 15.117 12.0778 17.5573 17.3039 17.8838 
-0.473627 -0.766208 -0.185057 -0.524381 -0.136271 -0.706335 -0.397821 -0.103419 
1148
1 1 1 1 1 1 1 
3.14433 7.79863 9.0176 12.5185 19.657 10.7745 17.9537 
-0.527693 -0.183591 -0.80328 -0.132612 -0.101432 -0.546898 -0.400784 
1152
0 0 0 0 
2.38033 7.08722 9.97818 18.9481 
0.584922 0.155842 0.0688977 0.0254712 
1152
1 1 1 1 1 1 0 
2.292 8.69437 11.6114 7.36026 17.8661 17.1789 14.0844 
-0.605307 -0.189813 -0.134619 -0.826004 -0.403425 -0.100086 -0.729927 
1156
1 1 1 1 0 1 1 1 
2.43516 6.18159 8.82321 14.8046 17.3201 18.8203 14.6149 14.6731 
-0.706397 -0.205893 -0.854451 -0.139696 -0.749247 -0.09967 -0.414479 -0.56495 
1156
0 0 0 0 
2.18558 6.98666 10.606 15.079 
0.694766 0.168348 0.0706761 0.0220915 
1160
0 0 0 0 
1.87499 6.90395 11.223 14.8294 
0.817275 0.179787 0.0829323 0.0317611 
1164
0 0 0 0 
3.79289 10.9296 2.60631 16.2424 
0.210779 0.070695 0.938026 0.0254976 
1164
1 1 0 1 1 1 
4.95072 10.2894 13.8984 12.2761 17.8113 10.7064 
-0.24251 -0.149099 -0.79548 -0.107463 -0.438554 -0.611634 
1168
1 1 1 1 1 0 1 
5.78505 9.41818 12.0647 18.5134 17.3783 17.5638 15.4502 
-0.274638 -0.181132 -0.64152 -0.464295 -0.130107 -0.827344 -0.355377 
1172
1 1 1 1 1 0 0 1 
5.00307 9.641 15.5132 9.78137 17.1879 14.8854 16.0751 11.928 
-0.306469 -0.205618 -0.487414 -0.668623 -0.1492 -0.869278 -0.647799 -0.386006 
1168
0 0 0 
5.73901 10.8267 17.8858 
0.180262 0.0589806 0.0121414 
1172
0 0 0 
4.78411 8.47033 16.3808 
0.181116 0.0458272 -0.00561013 
1176
0 0 
4.97565 9.22661 
0.181973 0.0412278 
1180
0 0 0 
4.54116 9.02509 13.2913 
0.200062 0.0389877 -0.0132105 
1176
1 1 1 1 0 1 0 1 
4.18185 11.4716 10.0355 10.8078 14.4548 17.0508 13.3122 20.9104 
-0.35464 -0.219197 -0.708382 -0.519826 0.0313055 -0.164847 -0.900755 -0.405603 
1184
0 0 0 
3.89398 9.43085 12.8944 
0.230805 0.0685744 -0.00332632 
1188
0 0 0 0 
3.46301 8.06343 14.6213 21.4417 
0.271865 0.072017 0.0150317 -0.00991669 
1184
1 1 1 1 1 1 1 
3.90982 10.4342 9.53464 14.4961 15.1372 15.5927 18.9919 
-0.404853 -0.225592 -0.734479 -0.160262 -0.52858 -0.404753 -0.134843 
1188
1 1 1 1 1 1 1 
3.88113 9.17523 14.1168 11.2098 16.0113 15.5376 12.0285 
-0.435994 -0.225282 -0.526212 -0.752971 -0.153009 -0.399347 -0.127561 
1192
1 1 1 1 0 1 1 1 1 
3.76408 8.59883 9.71588 10.4539 10.6478 15.8629 19.8254 18.0473 21.9322 
-0.476381 -0.223387 -0.778579 -0.136588 -0.69919 -0.531059 -0.393672 -0.122929 -0.324179 
1196
1 1 1 1 1 1 0 
3.38756 7.91006 13.1754 10.5454 15.7983 14.981 13.8217 
-0.51873 -0.221853 -0.127556 -0.780824 -0.52621 -0.113493 -0.711545 
1200
1 1 1 1 1 1 
2.68883 6.54054 9.20818 11.2676 16.5561 12.0949 
-0.562133 -0.205541 -0.792701 -0.119493 -0.0895863 -0.521572 
1192
0 0 
3.14894 6.28121 
0.311815 0.0905855 
1196
0 0 0 
2.51905 6.49337 12.4398 
0.394311 0.118676 0.0492023 
1204
0 0 0 0 
2.25188 7.03757 9.9307 18.731 
0.570987 0.174884 0.105128 0.0602419 
1204
1 1 1 1 1 0 
2.33398 8.04665 9.14035 12.3994 13.7321 14.8914 
-0.630435 -0.200326 -0.801087 -0.104681 -0.516782 -0.698822 
1208
1 1 1 1 1 1 1 0 
2.24677 7.90867 9.63775 10.8716 12.8678 16.802 18.4159 12.2399 
-0.727117 -0.202431 -0.822198 -0.0950153 -0.516112 -0.060707 -0.361325 -0.697515 
1212
1 1 1 1 1 1 1 0 
1.61156 6.24883 12.2336 8.55763 12.246 13.9766 15.0652 11.2193 
-0.845712 -0.212822 -0.0905871 -0.853981 -0.0584935 -0.534089 -0.363367 -0.707153 
1208
0 0 0 0 
2.00613 6.8914 10.4149 12.8389 
0.69802 0.205712 0.122508 0.0787676 
1212
0 0 0 0 
6.30919 10.3909 3.66038 16.9402 
0.231966 0.131576 0.746901 0.0883393 
1216
0 0 0 
5.73667 7.96542 17.1983 
0.243435 0.149392 0.096208 
1216
1 1 1 1 0 1 1 0 1 
5.73374 9.23416 10.0907 10.9987 16.9778 12.6324 20.547 14.1216 16.9407 
-0.220356 -0.888751 -0.0963335 -0.543355 -0.528673 -0.0623409 -0.372297 -0.726595 -0.0103888 
1220
1 1 1 1 1 0 1 0 
4.75518 8.92974 11.2279 13.8625 15.5128 13.3403 24.1561 19.658 
-0.223669 -0.090531 -0.563346 -0.378107 -0.0550267 -0.740179 -0.00890062 -0.534977 
1224
0 0 0 
5.57773 10.7665 14.9867 
0.293719 0.151269 0.111106 
1224
1 1 1 1 1 0 
4.71808 11.689 11.5295 13.7998 11.8382 13.3966 
-0.25411 -0.0949304 -0.576563 -0.382816 -0.0457243 -0.761316 
1228
1 1 1 1 0 1 1 
4.30072 10.1472 9.21757 12.61 14.4035 16.2341 18.0923 
-0.27722 -0.0991806 -0.600044 -0.0555338 -0.781626 -0.390201 -0.00183661 
1228
0 0 0 
4.33462 7.31768 15.9832 
0.332235 0.174161 0.115799 
1232
1 1 1 1 1 0 
4.40255 8.79907 10.8228 16.6928 14.7397 13.436 
-0.304361 -0.106919 -0.620822 -0.40929 -0.0516483 -0.806671 
1236
1 1 1 1 0 1 0 
3.87464 9.39193 10.465 14.6282 12.2957 10.102 16.0583 
-0.339366 -0.637042 -0.114596 -0.0588003 -0.827115 -0.422293 -0.582375 
1240
1 1 1 1 1 0 0 1 1 
3.26656 9.43661 8.01128 11.8034 15.6975 9.94007 19.53 11.4755 15.7015 
-0.393914 -0.672948 -0.12778 -0.0643118 -0.433523 -0.861218 -0.609843 -0.314569 -0.00709614 
1232
0 0 0 
4.17285 8.64059 14.4827 
0.36599 0.175106 0.118682 
1236
0 0 0 
3.70185 9.09151 13.621 
0.410851 0.180955 0.125903 
1240
0 0 0 0 
3.35744 8.61961 12.623 21.2457 
0.444792 0.188864 0.125573 0.0926034 
1244
0 0 0 
2.53835 6.50711 12.1515 
0.521575 0.20523 0.126188 
1244
1 1 1 1 1 0 0 1 
2.99855 8.98759 10.5722 13.1191 16.6333 15.6723 14.5201 18.5232 
-0.450272 -0.127297 -0.702045 -0.0706901 -0.454534 -0.623677 -0.890835 -0.00810199 
1248
0 0 0 
2.71254 6.63791 11.8047 
0.56836 0.200845 0.131574 
1248
1 1 1 1 1 1 
2.64002 6.57993 10.8359 10.1886 13.8279 11.3025 
-0.516845 -0.142342 -0.0788881 -0.737455 -0.471141 -0.0192615 
1252
0 0 0 0 
1.99863 6.23607 11.1905 19.9296 
0.680889 0.212268 0.133148 0.0870343 
1256
0 0 0 0 
2.01518 6.23113 10.7523 16.4084 
0.789377 0.222939 0.133256 0.091961 
1256
1 1 1 1 1 1 0 
2.07944 6.05932 9.7865 12.8889 12.3737 11.9768 15.0444 
-0.7233 -0.171176 -0.807957 -0.0919597 -0.505886 -0.0236847 -0.686559 
1260
0 0 0 
5.67487 11.0426 2.46687 
0.230572 0.134934 0.940445 
1260
1 1 1 1 1 1 0 
1.85826 5.6791 12.5577 8.86474 15.6865 11.2581 12.5284 
-0.863181 -0.188399 -0.0985766 -0.849173 -0.0294559 -0.524577 -0.705127 
1264
0 0 
5.44602 11.1616 
0.237464 0.133086 
1264
1 1 1 1 1 0 
6.67753 8.89581 11.7342 10.7149 12.4826 14.5057 
-0.212506 -0.890017 -0.106224 -0.555194 -0.0295164 -0.737268 
1268
0 0 0 
4.2322 10.801 17.2434 
0.279422 0.137672 0.0884765 
1268
1 1 1 1 
5.65153 10.6827 11.3281 14.4196 
-0.227011 -0.107667 -0.565246 -0.0318945 
1272
1 1 1 1 1 0 
10.989 5.48494 9.13521 14.6912 14.9947 14.2755 
-0.117403 -0.25376 -0.593868 -0.0347536 -0.39989 -0.774982 
1276
0 0 0 
4.0598 8.91461 14.486 
0.313145 0.156446 0.0982637 
1276
1 1 1 1 0 
4.51351 9.23796 9.09592 13.1746 15.3117 
-0.280312 -0.618856 -0.122952 -0.0350068 -0.798931 
1280
1 1 1 0 1 1 
4.41541 10.4632 9.40031 13.6886 12.7913 13.7069 
-0.303348 -0.64777 -0.130847 -0.823738 -0.421072 -0.0351234 
1280
0 0 0 
4.08714 8.96293 12.4252 
0.338363 0.153683 0.107215 
1284
0 0 0 
3.29416 7.28373 13.9062 
0.383048 0.166422 0.1089 
1288
0 0 0 
3.61216 8.19152 12.3803 
0.41509 0.177346 0.113408 
1284
1 1 1 0 1 1 0 
4.24705 8.50773 11.515 11.981 12.5095 15.4002 14.7742 
-0.34008 -0.14075 -0.661147 -0.845116 -0.0352202 -0.43435 -0.592564 
1292
0 0 0 0 
2.6592 6.86067 14.5822 14.5762 
0.491266 0.192332 0.113323 0.0982517 
1292
1 1 1 1 0 1 0 
3.06871 8.44499 10.915 14.618 6.23683 12.4884 19.2004 
-0.435545 -0.156012 -0.716414 -0.0444702 -0.91301 -0.465045 -0.635521 
1296
1 1 1 1 0 1 
2.56458 8.0128 10.2994 11.4439 13.8832 11.8559 
-0.51412 -0.170315 -0.754311 -0.0533007 -0.649987 -0.472819 
1296
0 0 0 0 
2.5759 7.97261 10.6226 15.7442 
0.552959 0.196765 0.124694 0.0862034 
1300
0 0 0 0 
2.27274 6.87376 15.1855 19.6781 
0.65035 0.204293 0.117998 0.0903768 
1300
1 1 1 1 
2.26902 6.70738 9.22816 9.93351 
-0.597881 -0.182536 -0.788599 -0.0575732 
1304
1 1 1 1 0 
1.80568 5.9279 8.33578 12.4461 12.5678 
-0.71573 -0.19503 -0.817712 -0.0581448 -0.680272 
1304
0 0 0 0 
1.84544 5.87968 10.4785 16.9464 
0.797012 0.228911 0.123931 0.0959195 
1308
0 0 0 0 
5.12422 10.7328 3.07446 13.0349 
0.248608 0.140157 0.859361 0.104733 
1312
1 1 1 1 0 
5.62635 10.0347 10.6546 11.7822 10.8375 
-0.221972 -0.894448 -0.0541289 -0.543197 -0.720493 
1312
0 0 0 
8.85168 5.91472 13.1426 
0.142692 0.253275 0.107009 
1316
0 0 0 
5.65885 10.1289 13.5876 
0.270579 0.136152 0.101011 
1316
1 1 1 0 0 1 1 
5.22143 11.6983 11.9849 11.3991 10.3249 14.137 18.6917 
-0.240376 -0.0608388 -0.572201 -0.755911 -0.746347 -0.376838 -0.288176 
1320
0 0 0 
4.67914 7.45629 16.9157 
0.309429 0.155524 0.107308 
1320
1 1 0 1 
5.27477 10.4674 12.2925 11.9301 
-0.270471 -0.0597748 -0.768896 -0.590408 
1324
1 1 1 1 0 1 
4.22791 9.24592 11.2563 14.5909 12.9805 11.6766 
-0.29544 -0.0741295 -0.609146 -0.400879 -0.793978 -0.347301 
1324
0 0 0 
4.40467 10.4451 11.1934 
0.334778 0.159864 0.124072 
1328
0 0 0 
3.84508 8.97823 14.0752 
0.375201 0.175353 0.118616 
1328
1 1 1 0 1 
4.13063 9.72591 11.8818 10.5311 16.3644 
-0.326666 -0.0791554 -0.633718 -0.814733 -0.316318 
1332
1 1 1 0 1 
3.82338 8.75484 10.3345 11.6075 18.1106 
-0.377072 -0.0833405 -0.662116 -0.853965 -0.325822 
1332
0 0 0 
3.34514 8.27561 19.0693 
0.408337 0.173503 0.112725 
1336
0 0 0 
3.29296 8.37144 12.1396 
0.441006 0.179112 0.118525 
1340
0 0 0 
2.37852 7.43475 12.7604 
0.525145 0.17758 0.111621 
1344
0 0 0 0 
2.47946 7.2777 12.0616 12.2024 
0.570934 0.178265 0.104471 0.0516209 
1348
0 0 0 
2.07354 6.90541 11.8368 
0.670431 0.182989 0.106443 
1340
1 1 1 1 0 1 
2.72282 8.02048 8.18641 11.5319 17.0664 14.7913 
-0.494568 -0.108525 -0.728895 -0.470395 0.0122547 -0.361829 
1344
1 1 1 1 1 0 1 
2.70079 8.26392 9.05044 10.189 12.272 12.9525 12.6486 
-0.580121 -0.118757 -0.775376 -0.506821 -0.385882 -0.577278 -0.467511 
1348
1 1 1 1 1 1 1 1 
2.48804 6.70238 8.4105 13.8914 17.307 12.5307 12.0218 13.3741 
-0.709634 -0.151669 -0.820501 -0.527304 -0.346058 -0.40537 -0.494628 -0.294883 
1352
0 0 0 
1.89734 6.13778 12.0626 
0.813 0.192347 0.102072 
1352
1 1 1 1 1 0 1 1 1 
2.15709 6.20136 9.68317 12.0881 13.192 17.6578 13.4545 14.5477 19.6657 
-0.845256 -0.149353 -0.856255 -0.543558 -0.509368 -0.0127747 -0.468162 -0.41654 -0.359855 
1356
1 1 1 0 1 1 1 1 
6.6763 7.08416 10.9579 11.1055 17.6872 14.4335 15.0386 13.9053 
-0.176677 -0.909328 -0.572729 -0.0221509 -0.481262 -0.443171 -0.535623 -0.226465 
1360
0 0 
5.812 9.72481 
0.212345 0.107862 
1360
1 1 1 0 1 1 0 1 0 0 0 0 
5.52811 8.19066 9.74296 12.0244 12.1962 13.389 10.7496 12.1866 20.3111 22.1176 15.215 13.4773 
-0.187746 -0.580734 -0.546457 -0.654977 -0.447309 -0.332786 -0.0260263 -0.499367 -0.748919 -0.113382 -0.829563 -0.514854 
1364
0 0 
4.90768 11.309 
0.243606 0.115222 
1364
1 1 1 1 1 1 0 1 1 0 1 0 
5.31464 11.625 11.5163 10.3201 12.6419 8.72669 14.509 13.1786 14.9889 18.7372 11.6661 13.5752 
-0.197111 -0.602919 -0.449995 -0.564199 -0.505037 -0.227097 -0.676071 -0.292251 -0.343393 -0.765362 -0.403465 -0.0175652 
1368
1 1 1 1 1 0 0 1 1 1 0 0 1 
4.90319 12.0635 13.6907 13.5226 9.86461 11.64 13.7665 12.975 10.6392 11.855 17.1546 16.6552 12.7027 
-0.211214 -0.519936 -0.571323 -0.467565 -0.617695 -0.774327 -0.0118686 -0.409568 -0.236811 -0.348121 -0.68631 -0.110607 -0.301277 
1368
0 0 0 
4.48745 10.4576 11.1926 
0.263753 0.130288 0.0453871 
1372
1 1 1 1 1 0 0 1 0 1 1 0 1 1 
5.17597 13.0101 10.4316 10.3961 12.5104 14.3139 15.0287 8.4149 15.7881 10.6871 11.2588 14.3171 10.0735 11.7831 
-0.229208 -0.532004 -0.590468 -0.644275 -0.483636 -0.0113652 -0.696384 -0.249165 -0.794153 -0.30958 -0.366091 -0.109882 -0.360338 -0.426299 
1376
0 0 
4.31652 8.38644 
0.318874 0.148081 
1376
1 1 1 1 1 1 0 0 0 1 1 1 
4.53947 10.0132 12.0902 13.018 11.7018 11.9981 11.4148 15.8704 13.6929 12.099 11.1632 13.2598 
-0.248436 -0.65552 -0.609561 -0.548631 -0.365721 -0.492751 -0.710651 -0.815138 -0.00593827 -0.31634 -0.377906 -0.432609 
1380
0 0 0 
3.9686 8.69657 10.3422 
0.359224 0.153432 0.0728843 
1384
1 1 1 0 1 1 1 0 0 1 
3.26519 10.5679 11.3729 14.0539 11.8379 8.9005 11.829 13.9507 13.2506 10.9227 
-0.299454 -0.709037 -0.647132 -0.754423 -0.519606 -0.334665 -0.46274 -0.85475 -0.117049 -0.392876 
1384
0 0 0 
2.81401 9.00107 9.38978 
0.415276 0.164513 0.0751919 
1388
0 0 0 
3.0795 6.20715 11.2172 
0.465826 0.190109 0.0794431 
1392
0 0 0 
2.80247 6.36697 11.6713 
0.532092 0.193913 0.0826026 
1388
1 1 1 1 0 1 0 1 1 1 0 0 
3.69585 9.75834 8.95528 9.45765 14.5307 9.32339 11.9863 13.2328 11.0325 13.1174 11.8522 10.5525 
-0.339485 -0.732335 -0.678819 -0.542386 -0.876453 -0.353788 -0.00526821 -0.468476 -0.406065 -0.598031 -0.760325 -0.118429 
1392
1 1 1 1 0 1 1 1 1 0 0 0 1 
2.53405 8.85028 10.712 10.7352 10.3056 10.5706 8.82444 9.7521 9.74551 16.3136 10.8713 12.9625 8.35544 
-0.383475 -0.752371 -0.619686 -0.69038 -0.00854739 -0.552306 -0.481762 -0.41451 -0.36601 -0.894357 -0.785679 -0.122571 -0.298709 
1396
1 1 1 1 1 1 1 0 1 0 0 1 0 1 
2.55175 8.21276 9.99152 9.06912 10.4113 10.558 9.27553 11.9828 10.5266 13.8026 14.5089 6.2833 13.3245 7.77255 
-0.444278 -0.724914 -0.576719 -0.790093 -0.646569 -0.496247 -0.443197 -0.00216995 -0.377991 -0.802812 -0.620386 -0.328215 -0.127158 -0.302384 
1400
1 1 1 1 1 1 0 1 1 0 1 0 0 0 0 
2.26781 9.90614 10.2049 10.3888 12.1642 10.0838 12.6407 9.24432 10.6207 12.3069 7.40236 17.7263 14.9595 14.7715 14.3489 
-0.516597 -0.814927 -0.739801 -0.668501 -0.518789 -0.391829 -0.00663208 -0.444807 -0.58887 -0.129842 -0.32984 -0.825628 -0.635504 -0.476505 -0.301271 
1400
0 0 0 
2.11604 6.2187 9.77041 
0.7419 0.219236 0.0927646 
1404
0 0 0 
6.23881 8.78326 3.32661 
0.227943 0.0915761 0.787624 
1404
1 1 1 1 1 1 1 1 0 0 0 1 0 
2.05409 7.91169 8.59985 9.33333 9.42038 8.97244 9.6391 8.90688 13.976 10.8365 11.8767 6.53373 17.1307 
-0.616184 -0.85342 -0.615954 -0.478246 -0.545582 -0.770953 -0.69161 -0.407764 -0.654143 -0.00360205 -0.126738 -0.347591 -0.848975 
1408
0 0 
5.48993 9.42317 
0.237473 0.0981209 
1412
1 1 1 1 0 0 1 1 1 0 1 0 0 
7.83721 6.03773 8.63413 11.0248 9.2325 16.9573 9.55057 9.62241 9.9631 8.72656 5.09903 10.8912 11.521 
-0.745869 -0.409745 -0.595525 -0.673858 -0.00898682 -0.894886 -0.452189 -0.834678 -0.517425 -0.147979 -0.389581 -0.695124 -0.333825 
1412
0 0 
5.23682 8.73563 
0.255815 0.104928 
1416
0 1 1 1 1 1 0 1 1 1 0 0 
8.20758 5.13454 10.4944 9.48475 7.87604 7.82671 9.24251 8.88039 9.34527 5.39006 11.2094 11.089 
-0.0111773 -0.443768 -0.782181 -0.618517 -0.877924 -0.477555 -0.164805 -0.700912 -0.542514 -0.403059 -0.717626 -0.35358 
1416
0 0 
4.88573 8.10893 
0.273013 0.101257 
1420
0 1 0 1 1 1 1 1 1 0 0 0 0 
12.2404 8.96352 9.49123 8.22179 8.20158 5.46908 5.55384 8.93235 9.65053 11.8745 11.4272 9.28238 10.9959 
-0.167709 -0.819773 -0.0205614 -0.646826 -0.510685 -0.433819 -0.475603 -0.568599 -0.736877 -0.364935 -0.563699 -0.379986 -0.744074 
1424
1 1 1 0 0 1 1 1 0 1 
9.09731 5.05268 4.54466 8.63447 9.83411 8.22752 8.72292 10.3464 12.1729 8.00671 
-0.856145 -0.463824 -0.517376 -0.0326811 -0.181367 -0.598586 -0.682858 -0.773006 -0.389919 -0.538574 
1424
0 0 
4.7105 6.46694 
0.286576 0.11576 
1428
0 0 
4.2379 6.46025 
0.31317 0.101363 
1428
1 1 1 1 0 0 1 1 0 1 0 0 
8.54507 4.73417 9.2986 2.94081 9.70666 11.1743 8.11498 9.32163 11.4789 7.62249 13.1797 12.2531 
-0.897453 -0.570985 -0.814935 -0.5249 -0.0419147 -0.206876 -0.641475 -0.724766 -0.800929 -0.578783 -0.615063 -0.408179 
1432
1 1 0 1 1 0 1 1 0 0 0 
3.83439 8.75144 9.12639 6.45184 6.15032 12.8603 2.91409 7.68942 10.3858 11.176 13.0321 
-0.617616 -0.759125 -0.0499475 -0.614501 -0.851919 -0.640792 -0.565697 -0.681736 -0.210622 -0.428496 -0.831469 
1432
0 0 
3.13904