0
1 1 1 0 1 1 1 0 0 1 0 0 0 1 
5.10652 10.7462 13.787 15.5527 9.97142 11.6714 15.3476 15.2892 12.3058 11.823 14.0669 14.2862 17.3583 11.3009 
-0.114375 -0.191092 -0.571992 -0.649958 -0.527891 -0.370043 -0.430614 -0.776396 0.00616082 -0.310129 -0.511637 -0.734217 -0.0917709 -0.266531 
4
1 1 1 0 1 1 1 0 0 1 0 1 0 
5.86631 10.7304 12.1581 13.4071 14.2969 12.6189 11.6463 14.3616 11.5849 12.8967 14.7912 12.6048 15.8562 
-0.12007 -0.569855 -0.191788 -0.771561 -0.432277 -0.369233 -0.536592 -0.649519 0.00705806 -0.310889 -0.735349 -0.263701 -0.0927213 
8
1 0 1 1 1 0 0 1 0 1 1 0 1 0 1 
5.64508 11.8991 10.2283 10.0533 11.4767 15.1112 16.4412 12.0441 15.1502 12.2188 11.7178 14.3058 12.1408 13.1557 12.051 
-0.118341 0.00743457 -0.567593 -0.539115 -0.192446 -0.775697 -0.649464 -0.431435 -0.734548 -0.364572 -0.310334 -0.510983 -0.258123 -0.099013 -0.473822 
12
1 1 0 1 1 1 0 0 1 0 0 0 1 1 
6.06214 11.3286 12.8033 13.8759 14.493 9.96089 17.3149 13.3198 12.4776 17.3574 15.7528 14.0589 11.9433 13.5947 
-0.125377 -0.56947 0.00723109 -0.431628 -0.531452 -0.190958 -0.650621 -0.772147 -0.310873 -0.513973 -0.0954582 -0.735044 -0.265694 -0.365266 
16
1 1 1 0 1 1 0 0 1 0 0 1 1 
5.12006 11.7292 10.3602 12.0765 11.8751 13.3465 15.3243 17.3921 13.3145 18.5999 13.8755 14.2604 13.2341 
-0.126276 -0.571274 -0.191551 0.00680636 -0.429923 -0.531884 -0.776206 -0.649994 -0.315417 -0.514358 -0.735696 -0.365471 -0.474756 
20
1 1 1 1 1 1 0 0 0 0 0 0 1 1 1 
4.70791 12.0793 10.6092 12.087 11.2059 14.476 18.1535 11.9204 16.7678 15.9735 14.224 15.406 12.5586 8.36555 13.2407 
-0.113772 -0.57186 -0.19172 -0.430729 -0.537492 -0.370232 -0.513762 0.00860975 -0.650295 -0.77537 -0.734686 -0.0954129 -0.311322 -0.487259 -0.475345 
24
1 1 0 0 1 1 1 0 0 1 0 0 1 1 
4.62026 11.2558 13.2497 12.9332 10.7742 13.2905 10.5495 16.6064 14.929 14.7388 16.5286 15.0638 11.8141 12.3279 
-0.112795 -0.571901 -0.771838 0.00383996 -0.52841 -0.431362 -0.192597 -0.650588 -0.0956932 -0.370919 -0.514522 -0.735745 -0.31109 -0.474233 
28
1 1 0 1 1 1 0 0 0 0 0 1 1 1 1 
5.6582 10.9758 13.5475 11.111 11.6014 10.0174 14.7674 16.1814 14.3165 13.489 16.2842 8.75937 11.4825 13.4314 11.5217 
-0.123883 -0.571734 0.00366001 -0.538841 -0.427907 -0.191207 -0.513894 -0.735393 -0.772564 -0.0960319 -0.649771 -0.486352 -0.370394 -0.31434 -0.479542 
32
1 1 0 1 0 1 0 1 0 0 0 1 1 1 
4.96586 12.6773 15.8899 11.3388 12.2647 11.9049 12.0345 10.4835 16.2506 14.7848 14.1689 13.2481 12.1022 12.3452 
-0.117541 -0.530975 -0.649112 -0.570313 0.00374709 -0.426146 -0.769998 -0.19388 -0.513646 -0.0951294 -0.734861 -0.370803 -0.311727 -0.473337 
36
1 1 0 1 1 1 0 0 0 0 0 1 1 1 
4.96099 12.8169 13.5164 9.12997 11.5255 15.0903 16.1492 15.2652 15.8298 15.3599 15.4319 12.7686 15.2637 11.1833 
-0.125084 -0.570569 0.00662873 -0.195115 -0.533122 -0.430808 -0.649957 -0.775904 -0.514857 -0.73542 -0.0949329 -0.473934 -0.372968 -0.309798 
40
1 1 0 1 0 1 0 1 0 0 1 1 
5.08948 13.4714 12.5371 10.7375 14.2954 9.73947 17.2799 14.1546 14.6076 14.6421 14.4207 12.4231 
-0.127792 -0.572233 0.00767196 -0.528549 -0.775401 -0.191117 -0.650792 -0.431976 -0.513173 -0.735239 -0.36774 -0.474492 
44
1 1 0 1 1 0 0 1 0 0 1 1 
5.65604 11.9669 11.9842 14.8801 9.1017 18.7748 13.557 14.4834 14.283 15.2883 13.2593 11.8848 
-0.123956 -0.571525 0.00644853 -0.53141 -0.18471 -0.65191 -0.771786 -0.431414 -0.735202 -0.095405 -0.369819 -0.310637 
48
1 1 1 0 1 1 0 0 0 1 0 1 1 
5.1286 10.3256 11.9627 16.6931 12.9103 10.4108 15.6162 12.0831 16.5407 13.4123 12.4742 12.8011 11.323 
-0.118425 -0.579878 -0.431399 0.0063182 -0.53282 -0.192059 -0.650173 -0.771583 -0.513851 -0.48146 -0.100066 -0.371145 -0.311354 
52
1 1 1 1 0 0 1 0 0 0 1 1 0 1 1 
5.85901 10.3009 11.6787 12.2148 12.9875 15.9054 8.8767 14.6584 14.6289 13.083 14.0631 12.5837 13.681 11.8297 13.1556 
-0.121929 -0.568626 -0.531299 -0.428488 0.0167271 -0.650486 -0.190425 -0.731304 -0.767001 -0.0956826 -0.314324 -0.371074 -0.513729 -0.473589 -0.224093 
56
1 0 1 1 1 1 0 0 0 0 1 0 1 
5.03372 13.5642 12.8111 8.88135 10.0749 12.4311 13.2073 15.1822 15.8864 14.8256 12.4191 10.2269 11.9824 
-0.123644 -0.647123 -0.430575 -0.194419 -0.568859 -0.53498 -0.770905 -0.509396 -0.734051 -0.0948484 -0.310634 0.00736044 -0.472545 
60
1 1 1 1 0 0 0 1 1 0 0 1 
5.11029 8.55733 10.8041 13.1903 15.0336 11.9024 13.6984 11.6205 12.0326 12.3572 15.4358 11.2644 
-0.119694 -0.564935 -0.191484 -0.431815 -0.64924 0.00638724 -0.771553 -0.535117 -0.310248 -0.096452 -0.73485 -0.471875 
64
1 1 1 1 0 0 1 0 0 1 1 
4.81692 10.7208 12.9618 11.1847 13.4034 16.1485 12.4666 11.1512 14.6151 15.7058 12.6812 
-0.122969 -0.568667 -0.534819 -0.191193 -0.771627 -0.648851 -0.432321 0.00765201 -0.72992 -0.313025 -0.476497 
68
1 1 1 1 1 0 0 0 1 0 0 1 0 1 
4.84003 11.1414 14.9719 10.8398 13.7842 11.2529 12.611 14.6925 13.655 16.2608 14.8972 14.8927 17.482 12.8699 
-0.126012 -0.569759 -0.431351 -0.195035 -0.532422 0.00713525 -0.771267 -0.649294 -0.312668 -0.513686 -0.735588 -0.36992 -0.0932867 -0.474947 
72
1 1 0 0 1 1 1 0 0 0 0 1 1 1 
5.27301 10.8466 13.9618 14.5014 7.91233 12.9896 14.7776 15.842 15.9301 15.3312 15.553 11.69 12.7617 11.8885 
-0.120948 -0.569506 -0.772461 0.0112672 -0.182878 -0.531575 -0.432213 -0.514713 -0.0974166 -0.649078 -0.729352 -0.473718 -0.368917 -0.311304 
76
1 1 0 0 1 1 0 1 0 1 1 0 0 1 
5.43675 11.0366 16.1118 14.0956 12.1256 11.9895 15.1894 8.49218 11.8699 13.3484 10.6628 15.4821 14.6078 15.0244 
-0.117115 -0.569898 0.00387631 -0.767142 -0.530707 -0.431296 -0.649836 -0.190235 -0.723557 -0.474952 -0.370876 -0.514817 -0.0964922 -0.314849 
80
1 1 1 0 1 1 0 0 1 0 0 0 1 1 1 
5.59458 10.081 7.75828 11.7412 12.0361 12.9097 15.8039 13.7266 13.4208 15.2457 14.2677 14.6949 7.87157 13.6413 13.7086 
-0.125066 -0.56924 -0.183209 0.00421596 -0.432416 -0.531251 -0.735398 -0.771425 -0.475045 -0.512847 -0.0956741 -0.648485 -0.490609 -0.365516 -0.312966 
84
1 1 0 1 1 0 0 0 1 0 0 1 1 1 
5.34624 10.8499 16.4075 13.8653 13.6001 15.2218 14.7446 12.7254 11.0447 16.256 15.6551 12.3762 15.3553 12.639 
-0.116108 -0.569756 -0.650628 -0.42594 -0.532297 -0.735028 -0.77539 0.00643117 -0.19151 -0.513361 -0.0952235 -0.311243 -0.36964 -0.473827 
88
1 1 1 1 0 1 0 0 0 0 0 1 1 1 
5.2248 13.1718 10.0495 11.35 15.0004 10.5533 14.4915 18.1249 12.5873 16.3752 14.6056 14.6465 13.8729 11.641 
-0.119291 -0.572301 -0.527974 -0.431339 -0.648703 -0.191327 0.0122137 -0.515031 -0.771162 -0.735988 -0.0947555 -0.370697 -0.313084 -0.26791 
92
1 1 1 1 1 0 0 0 0 0 0 1 1 
5.17736 10.8594 13.961 10.4208 13.7221 11.8565 16.7201 15.1544 15.1805 13.4484 15.4154 11.5896 14.4041 
-0.121837 -0.569758 -0.431993 -0.194498 -0.532614 0.0066207 -0.514879 -0.73572 -0.649434 -0.766913 -0.0945068 -0.310268 -0.368742 
96
1 1 1 1 1 0 0 0 0 0 1 1 1 
5.10148 10.9491 14.079 14.3224 8.84244 13.3797 15.4409 13.7894 17.0913 13.4876 13.0573 11.8069 10.9976 
-0.121542 -0.568545 -0.532296 -0.431535 -0.194865 -0.771813 -0.648439 0.0125864 -0.516036 -0.734255 -0.370404 -0.310396 -0.472269 
100
1 1 1 0 0 1 1 0 0 0 
4.98587 13.589 10.4055 13.6537 13.6244 11.0924 14.9899 15.1277 14.6546 15.6277 
-0.116119 -0.571514 -0.528911 0.0129948 -0.77173 -0.191651 -0.431395 -0.0943924 -0.73503 -0.650665 
104
1 1 1 1 0 0 1 0 0 1 0 1 1 
5.53935 10.4111 10.391 13.086 17.7006 13.2189 12.3719 14.4006 13.5228 13.9673 11.55 12.0466 12.1663 
-0.122843 -0.569766 -0.194367 -0.532809 -0.514389 -0.771583 -0.430875 -0.735296 -0.652676 -0.370132 0.00649488 -0.310274 -0.475483 
108
1 1 1 1 1 0 0 0 0 0 1 1 
5.20157 10.8732 10.9463 11.3581 15.284 13.5879 18.4647 13.0914 12.811 14.5326 12.5878 13.5414 
-0.126457 -0.569876 -0.194551 -0.529551 -0.432088 -0.65374 -0.514509 0.00695387 -0.771168 -0.734799 -0.313049 -0.370397 
112
1 1 1 0 0 1 1 0 0 0 1 0 1 
5.13616 11.0299 10.5149 17.1543 12.7656 10.252 12.3046 18.2803 15.1814 12.6085 11.8166 13.7582 12.4911 
-0.121952 -0.568912 -0.53748 -0.650508 -0.771521 -0.191311 -0.43119 -0.513696 -0.0949251 0.00734518 -0.310481 -0.734324 -0.370698 
116
1 1 1 1 1 0 0 0 0 0 1 1 1 1 
5.02736 11.3102 9.75916 12.2323 12.4525 13.3898 14.8864 18.1065 12.0896 13.7389 14.1579 13.0169 15.1666 12.7288 
-0.127428 -0.569543 -0.194223 -0.531929 -0.430023 -0.771639 -0.649463 -0.513574 0.00753545 -0.734888 -0.26867 -0.315294 -0.368321 -0.474418 
120
1 1 1 1 1 0 0 0 0 0 1 1 
5.62626 10.4139 14.2894 13.6428 10.5445 14.7182 12.7432 15.6402 16.8343 13.3892 12.8385 13.4381 
-0.118728 -0.569336 -0.431356 -0.532182 -0.194037 -0.735355 -0.771311 -0.649107 -0.514133 -0.0930148 -0.36465 -0.313449 
124
1 1 1 0 1 1 0 0 0 0 1 1 
5.04192 10.565 12.8702 14.6527 10.2413 15.2165 12.84 16.8636 14.0358 16.9876 11.9233 12.3935 
-0.121304 -0.568497 -0.531803 -0.647804 -0.1955 -0.431655 -0.771782 -0.0927301 -0.734474 -0.514395 -0.363182 -0.313929 
128
1 1 1 1 1 0 0 1 0 0 0 0 1 
5.29449 11.832 13.1326 9.71911 11.9352 12.7275 12.6669 13.7524 18.5627 14.9116 14.8826 13.7912 12.6043 
-0.122572 -0.569983 -0.537512 -0.193458 -0.430299 -0.653859 0.00642269 -0.314221 -0.514399 -0.735557 -0.0939894 -0.771994 -0.369806 
132
1 1 1 1 1 0 0 0 0 0 1 1 
4.65161 14.0061 10.8185 15.205 11.0272 14.3551 13.0291 13.8352 9.99352 14.6724 13.3601 14.898 
-0.113338 -0.571855 -0.192888 -0.431574 -0.529643 -0.651539 0.00621245 -0.770758 -0.727128 -0.513046 -0.365497 -0.313758 
136
1 1 1 0 1 1 0 0 0 1 1 0 1 
4.79267 11.8898 10.984 12.7035 9.52676 14.4891 14.4106 12.9865 16.6971 12.4944 14.7908 16.698 11.7598 
-0.124915 -0.569854 -0.537551 0.00649119 -0.194886 -0.431741 -0.735122 -0.771265 -0.65007 -0.371513 -0.31365 -0.513635 -0.477503 
140
1 1 1 1 1 0 0 0 0 0 1 1 1 
5.23516 10.4321 10.5637 12.4584 14.2895 15.3202 13.2796 15.8431 11.0825 17.9262 13.8411 11.8257 10.9329 
-0.122494 -0.568852 -0.194126 -0.431362 -0.532436 0.01102 -0.77153 -0.649108 -0.730705 -0.514604 -0.368271 -0.310083 -0.476204 
144
1 1 1 1 0 0 0 0 1 1 1 1 1 
5.5572 10.9196 9.44688 10.5413 13.6268 16.4367 15.3906 13.0703 12.6963 12.8299 12.6643 12.7538 12.2222 
-0.123776 -0.570321 -0.526608 -0.192231 -0.771791 -0.649884 0.00746502 -0.734438 -0.431184 -0.313308 -0.267039 -0.368759 -0.473712 
148
1 1 1 1 0 0 0 1 1 1 0 0 0 1 1 
5.36484 12.5168 13.4683 11.2322 12.1532 16.1482 12.9895 14.7118 12.0935 14.2752 15.4431 15.3621 13.6417 14.4868 12.4001 
-0.126507 -0.571923 -0.532185 -0.194064 0.00630501 -0.649515 -0.771315 -0.431465 -0.315152 -0.369912 -0.514657 -0.73539 -0.0940781 -0.269703 -0.474004 
152
1 1 1 1 1 1 0 0 0 0 0 1 
6.05304 14.2985 10.4916 15.2328 11.4848 12.3708 12.9537 11.9017 15.8629 13.8959 18.6098 12.6609 
-0.125578 -0.572959 -0.528308 -0.431466 -0.19376 -0.310909 -0.77104 0.00735068 -0.649648 -0.735633 -0.514405 -0.474638 
156
1 1 1 0 1 1 0 0 1 1 0 0 0 1 
4.85529 10.0638 14.0244 14.8166 10.4967 13.3703 13.8884 17.0371 12.927 13.9386 18.3631 14.6913 15.0552 15.1414 
-0.120391 -0.568122 -0.531825 0.0116514 -0.191877 -0.430277 -0.771143 -0.649955 -0.369596 -0.314901 -0.513863 -0.735583 -0.0944789 -0.265873 
160
1 1 1 1 0 1 1 0 0 0 1 0 0 
4.8655 11.9577 12.0979 10.1798 15.2815 13.3204 12.6173 13.6003 12.3597 15.1955 12.5835 16.3519 14.4201 
-0.11593 -0.570513 -0.428587 -0.195725 -0.650227 -0.531769 -0.310908 -0.771453 0.00798 -0.736046 -0.36424 -0.512376 -0.093867 
164
1 1 1 0 1 1 0 0 0 1 1 1 
5.37278 10.9642 14.6239 17.398 10.5462 9.93454 15.2944 14.0362 11.4056 11.4945 12.5592 12.3409 
-0.124318 -0.569532 -0.431622 -0.6498 -0.195243 -0.527657 -0.735225 -0.771536 0.00447956 -0.309856 -0.363902 -0.268779 
168
1 1 0 1 1 1 0 0 0 1 0 0 1 
5.33898 13.1379 15.597 11.7185 10.07 11.5786 11.8692 13.2226 14.6814 11.3494 17.2937 14.8675 11.8747 
-0.13144 -0.572012 -0.649418 -0.530578 -0.191922 -0.429995 0.00696823 -0.770944 -0.734626 -0.310133 -0.513919 -0.0955911 -0.363147 
172
1 1 1 1 1 0 0 0 1 1 0 0 
4.78254 12.2394 10.996 10.3708 15.2431 13.3241 12.8846 11.7886 13.3493 16.4 13.9691 17.4792 
-0.117373 -0.57151 -0.529899 -0.191418 -0.431357 -0.652303 -0.771383 0.00701312 -0.311745 -0.369566 -0.734841 -0.514455 
176
1 1 1 1 1 0 0 0 0 0 1 1 
4.93217 11.0271 12.6354 10.8769 10.5944 11.5581 13.7265 15.3779 9.96416 16.2781 11.8341 14.2171 
-0.121747 -0.569168 -0.429375 -0.529005 -0.194289 -0.654253 -0.735008 -0.77564 0.00560495 -0.515272 -0.310276 -0.368111 
180
1 1 0 0 1 1 1 0 1 1 0 0 1 
5.02925 13.4627 13.0542 13.5422 13.2874 14.7479 13.151 14.4527 11.0411 13.8239 15.1716 15.3601 14.3819 
-0.11628 -0.572814 0.0063845 -0.771381 -0.431309 -0.369552 -0.532439 -0.649286 -0.192756 -0.311605 -0.511945 -0.735258 -0.269507 
184
1 1 0 1 1 0 0 1 1 1 0 0 
5.21451 14.0019 11.1896 10.706 13.3264 12.8936 15.5439 10.2486 11.0446 15.6915 17.0826 14.1024 
-0.122885 -0.57273 0.00624619 -0.192607 -0.532838 -0.652528 -0.775928 -0.424181 -0.309859 -0.36785 -0.513155 -0.734569 
188
1 1 1 1 0 0 0 1 0 1 0 1 1 1 0 
4.93743 10.3476 13.6609 10.1712 12.9788 11.4661 12.9087 12.5077 16.9223 14.3203 17.7566 14.3828 13.372 13.4297 16.1189 
-0.117126 -0.57175 -0.532472 -0.191235 -0.65317 0.00553753 -0.771611 -0.431303 -0.513986 -0.481108 -0.7357 -0.26937 -0.312883 -0.370171 -0.0926538 
192
1 1 1 1 0 0 0 1 0 0 1 1 1 1 
4.8832 11.02 10.0353 8.27121 12.0361 12.5523 17.5767 12.6106 15.8778 14.5244 11.6118 12.4254 11.3138 12.9313 
-0.126781 -0.56924 -0.527916 -0.183936 0.0068497 -0.770399 -0.650727 -0.431537 -0.730631 -0.512733 -0.310119 -0.369688 -0.473308 -0.268332 
196
1 1 1 1 1 0 0 0 0 0 1 1 1 
4.84923 10.9377 14.0263 10.7073 15.8297 14.8541 16.7962 15.0229 13.2991 15.3348 11.8738 12.0765 12.2702 
-0.121023 -0.569325 -0.532508 -0.192219 -0.431955 0.0115429 -0.514386 -0.775728 -0.735171 -0.650154 -0.310535 -0.363955 -0.4743 
200
1 1 1 1 0 0 0 0 1 1 1 0 0 
4.8519 11.1895 10.0415 9.46083 14.4237 14.8162 13.4704 10.9692 14.6872 15.1776 12.7911 17.2115 14.3003 
-0.114936 -0.567828 -0.528229 -0.190988 -0.735104 -0.649929 -0.771777 0.00685772 -0.43137 -0.313365 -0.369372 -0.513165 -0.0945641 
204
1 1 0 1 1 1 0 0 0 0 0 1 1 
5.11121 10.4803 15.9049 14.5042 11.6506 14.2092 12.5326 11.2365 14.2699 14.7983 13.1115 11.803 13.0758 
-0.11611 -0.568954 -0.649728 -0.531393 -0.193485 -0.431874 -0.780567 0.00681152 -0.734337 -0.51528 -0.0991911 -0.310627 -0.368872 
208
1 1 1 0 1 1 0 0 0 0 1 
4.83594 10.9714 13.7296 12.074 12.1014 11.1615 12.4686 11.5907 17.5379 13.8862 15.1462 
-0.126468 -0.569308 -0.53291 -0.65204 -0.430613 -0.194292 -0.771277 0.00593863 -0.513736 -0.730018 -0.31255 
212
1 1 1 1 1 0 0 0 0 0 0 1 1 1 
5.00841 11.2081 14.963 9.48121 9.72324 12.7256 14.6561 13.0679 17.4363 14.9963 13.7863 13.5391 14.4116 12.915 
-0.116262 -0.568842 -0.431759 -0.194203 -0.535757 0.00631029 -0.64994 -0.771997 -0.514651 -0.734758 -0.0938147 -0.313537 -0.369404 -0.474813 
216
1 1 0 1 0 1 1 0 0 0 1 1 
5.14754 10.8525 15.2922 12.116 14.3142 11.4747 11.8951 14.8183 15.5257 13.9875 14.226 12.9282 
-0.117696 -0.570298 -0.648619 -0.43183 -0.771708 -0.530467 -0.192145 0.00956715 -0.512803 -0.734699 -0.36996 -0.313893 
220
1 1 1 1 1 0 0 0 0 1 0 0 1 
4.70421 10.893 10.5297 15.2397 12.5451 12.1482 16.8051 13.8355 12.6966 15.4474 15.8781 13.2657 12.1059 
-0.116494 -0.192758 -0.568499 -0.430456 -0.531964 -0.652989 -0.514792 -0.771373 0.00671559 -0.369506 -0.0946935 -0.735301 -0.310928 
224
1 1 1 0 1 1 0 0 1 0 0 0 1 1 
4.66771 12.6731 11.2709 17.0723 12.4163 10.3251 12.2132 12.5251 14.4362 16.4393 16.192 12.2475 14.0004 12.2897 
-0.112846 -0.571384 -0.194226 -0.650369 -0.430667 -0.528947 0.00635046 -0.771086 -0.313658 -0.731485 -0.513953 -0.099446 -0.369206 -0.473646 
228
1 1 1 1 1 0 0 0 0 0 0 1 1 
4.60248 11.7576 10.2135 13.5168 16.5484 12.6326 13.5918 14.5742 11.7631 16.7318 12.5581 14.3822 14.8465 
-0.123963 -0.570664 -0.195355 -0.532037 -0.431391 -0.652827 -0.771437 -0.735035 0.00768174 -0.513684 -0.0995924 -0.369975 -0.313543 
232
1 1 1 0 1 0 1 0 0 0 1 1 1 
4.84774 13.1041 9.15939 16.2512 10.9545 15.1007 12.6595 13.5179 15.2021 14.6644 13.965 14.0847 13.2697 
-0.120453 -0.571881 -0.195233 -0.650299 -0.529783 0.00888885 -0.431393 -0.771213 -0.735613 -0.0965204 -0.480401 -0.370038 -0.313935 
236
1 1 1 1 0 0 0 1 0 0 0 1 1 
5.24475 9.69709 11.0617 10.5556 15.2848 12.9246 14.7086 12.337 15.711 15.3659 14.8055 13.4716 12.8441 
-0.127031 -0.566315 -0.194543 -0.5292 -0.775813 0.00723285 -0.649885 -0.430907 -0.513012 -0.735503 -0.0943525 -0.314319 -0.368883 
240
1 1 1 1 0 1 0 0 0 0 0 1 
4.68607 13.4025 13.136 12.1959 15.1856 10.0073 13.6926 12.0739 16.8281 15.1817 13.8645 14.0427 
-0.112469 -0.429069 -0.5315 -0.571236 -0.649091 -0.196434 -0.771769 0.00669839 -0.514693 -0.734707 -0.0949707 -0.368973 
244
1 1 0 1 1 1 0 0 0 1 1 
4.85205 13.8007 13.839 10.6013 14.5317 10.7377 18.0561 12.5154 15.3807 13.7215 14.5791 
-0.125837 -0.572829 -0.771965 -0.187119 -0.431731 -0.537985 -0.651458 0.00628704 -0.734915 -0.370105 -0.312827 
252
1 1 0 1 1 1 0 0 0 1 0 1 
4.74373 13.4335 11.3164 14.9223 11.0708 7.93795 14.3368 14.1975 14.4547 13.3408 16.9991 13.4971 
-0.114118 -0.571021 0.00500511 -0.432189 -0.529268 -0.191732 -0.651143 -0.735578 -0.772293 -0.314028 -0.513399 -0.365204 
256
1 1 1 1 1 0 0 0 0 0 0 1 1 
5.17924 11.2347 12.0863 9.6539 9.26493 15.4277 14.8036 8.71268 14.043 13.985 14.5366 13.6831 13.0211 
-0.117632 -0.568522 -0.430058 -0.529045 -0.193953 -0.775468 -0.648778 0.00895798 -0.51177 -0.735265 -0.0936817 -0.314688 -0.369228 
260
1 1 1 1 1 0 0 0 0 1 0 1 1 
5.04494 12.8434 10.1612 14.2809 14.0134 14.0178 13.7176 13.1167 13.2887 14.0451 16.4826 15.4199 11.8276 
-0.126185 -0.571221 -0.191125 -0.431804 -0.532423 -0.651675 -0.771341 0.0073752 -0.734733 -0.313257 -0.513091 -0.371826 -0.473713 
264
1 1 0 1 0 1 0 1 0 0 1 1 
5.56981 14.1398 16.3766 10.366 15.1227 12.4402 11.7277 14.3357 12.6014 15.6881 12.7849 11.5105 
-0.118858 -0.571878 -0.649263 -0.198927 -0.775787 -0.535045 0.00701989 -0.431422 -0.727274 -0.512431 -0.369463 -0.47559 
268
1 1 1 1 1 0 0 0 0 0 0 1 1 1 
4.93179 10.1754 10.3461 11.9993 10.2607 14.1428 16.2893 7.40753 13.1994 14.0289 14.6005 13.9266 13.9845 10.7 
-0.126282 -0.568822 -0.19482 -0.430869 -0.527588 -0.774915 -0.649984 0.00797463 -0.511216 -0.0932024 -0.734747 -0.270208 -0.313225 -0.369586 
272
1 1 1 1 0 0 0 1 0 1 1 1 
4.99103 14.3652 10.0208 13.5783 15.4088 13.5445 8.23879 11.3187 14.183 13.7464 12.9646 12.5579 
-0.125246 -0.572191 -0.193157 -0.43155 -0.650385 -0.771799 0.00172421 -0.535176 -0.73316 -0.368833 -0.313789 -0.478363 
276
1 1 1 0 1 1 0 0 0 0 1 1 
5.03074 13.4057 10.7028 14.0015 12.9804 12.5239 10.8908 13.4096 13.4587 15.5357 14.0834 10.5881 
-0.126858 -0.570566 -0.191581 -0.648224 -0.53067 -0.431082 0.00932718 -0.775593 -0.0949565 -0.734901 -0.368673 -0.475842 
280
1 1 1 0 1 1 0 0 0 0 0 1 1 1 
5.18636 12.4824 14.0778 17.1812 12.0638 10.4626 12.9734 9.86874 19.9664 15.8525 15.3766 14.8645 15.1111 10.7749 
-0.125485 -0.570578 -0.431561 -0.651149 -0.534924 -0.191251 -0.771312 0.00714478 -0.0936756 -0.511229 -0.729151 -0.372135 -0.314222 -0.480078 
