0
1 1 1 1 1 0 1 1 
3.35903 9.13825 7.35222 10.9496 22.1862 14.8643 18.0059 19.3815 
-0.557435 -0.772212 -0.231352 -0.136147 -0.38655 -0.690688 -0.105387 -0.52257 
4
1 1 1 1 0 1 1 
3.30952 7.12965 7.48569 11.6713 14.7149 12.4926 18.3114 
-0.556784 -0.768532 -0.228503 -0.137157 -0.690222 -0.526782 -0.385054 
0
0 0 0 0 
3.04887 8.60157 11.1304 18.1514 
0.393557 0.137761 0.0784025 0.04966 
4
0 0 0 0 
3.28158 7.76416 12.5701 17.9913 
0.396346 0.139542 0.0756246 0.0499431 
8
0 0 0 
3.30921 9.2471 10.9659 
0.397388 0.135352 0.0779165 
8
1 1 1 1 1 1 1 0 
3.39339 8.98145 7.72296 10.7449 24.0458 14.5697 15.838 14.5441 
-0.55925 -0.7723 -0.231377 -0.136462 -0.38743 -0.522152 -0.10931 -0.689942 
12
0 0 0 
3.08676 9.99546 8.05288 
0.404746 0.0832473 0.138971 
16
0 0 0 
3.1596 11.8856 8.10111 
0.388474 0.0724125 0.134421 
12
1 1 1 1 1 1 
3.35591 9.33687 7.39049 10.7189 12.8682 22.2771 
-0.558506 -0.771485 -0.231713 -0.136146 -0.527568 -0.386616 
16
1 1 1 1 1 1 
3.44074 7.92634 7.02182 15.8157 18.3018 13.049 
-0.559482 -0.776265 -0.233774 -0.140719 -0.384894 -0.521391 
20
1 1 1 1 1 0 1 
3.27934 5.96387 7.14787 12.1993 13.2267 15.9682 20.3381 
-0.558096 -0.768012 -0.230442 -0.138359 -0.520929 -0.690585 -0.385792 
20
0 0 0 
3.0188 10.783 8.05473 
0.394778 0.0818243 0.138048 
24
0 0 0 
3.53124 11.0742 7.71535 
0.380156 0.079382 0.136218 
28
0 0 0 
3.12972 9.66669 8.79303 
0.388188 0.0828141 0.136075 
24
1 1 1 1 0 1 1 
3.32888 8.67525 7.73719 10.9417 15.7352 17.599 15.9419 
-0.557304 -0.771604 -0.22541 -0.149727 -0.690702 -0.384575 -0.521834 
28
1 1 1 1 1 1 0 
3.54246 9.52914 7.18321 13.9784 10.7001 22.7966 13.879 
-0.566687 -0.771652 -0.232077 -0.527301 -0.135809 -0.387591 -0.699852 
32
1 1 1 1 0 1 1 
3.08522 7.26432 10.4631 12.4163 15.6969 17.2389 13.1249 
-0.557685 -0.234901 -0.774006 -0.136601 -0.694044 -0.384617 -0.521393 
32
0 0 0 
2.89717 11.028 8.69174 
0.402506 0.0789289 0.137197 
36
1 1 1 1 0 1 1 
3.47287 10.1132 7.56308 13.6384 15.2969 18.926 12.0931 
-0.565275 -0.776865 -0.224798 -0.149927 -0.689925 -0.386084 -0.527085 
36
0 0 0 0 
3.07607 7.45888 11.2307 18.0707 
0.393168 0.136028 0.0726382 0.0492539 
40
1 1 1 1 1 0 1 
3.50033 8.16075 9.1817 11.4408 17.8928 15.7208 17.1759 
-0.559419 -0.225907 -0.771032 -0.136825 -0.523228 -0.690405 -0.385462 
40
0 0 0 
3.21275 8.09908 12.4132 
0.388188 0.134769 0.0715712 
44
0 0 0 
2.82937 12.1499 8.89855 
0.406578 0.0708544 0.135428 
48
0 0 0 0 
2.76646 7.79762 13.0105 16.7301 
0.411118 0.140641 0.0706542 0.0507998 
52
0 0 0 0 
3.00509 7.96597 12.0533 16.8256 
0.396309 0.135711 0.0722931 0.0503991 
44
1 1 1 1 1 0 1 
3.6372 6.27364 10.4162 11.7546 11.5062 14.2128 20.6127 
-0.569288 -0.23128 -0.777865 -0.135135 -0.526629 -0.68959 -0.386991 
48
1 1 1 1 1 0 1 
3.38371 8.79619 6.53041 12.0751 14.9956 12.9875 18.1421 
-0.560098 -0.771758 -0.233553 -0.145505 -0.5219 -0.700357 -0.38546 
52
1 1 1 1 1 0 1 
3.24485 7.87893 10.9606 11.0583 13.7661 12.857 20.745 
-0.556782 -0.233224 -0.778414 -0.136559 -0.522168 -0.699426 -0.386639 
56
1 1 1 1 1 0 1 
3.37733 8.77976 7.41775 11.2602 14.0618 12.3424 19.0666 
-0.556958 -0.771186 -0.230925 -0.135825 -0.521888 -0.691917 -0.386249 
56
0 0 0 0 
3.27932 8.6649 12.2528 14.7088 
0.395561 0.135728 0.0722082 0.0504149 
60
1 1 1 1 1 0 1 
3.47539 12.1759 6.8705 11.7567 12.748 16.4276 19.5593 
-0.56072 -0.774309 -0.233958 -0.135365 -0.518478 -0.690222 -0.385771 
64
1 1 1 1 0 1 1 
3.40449 9.45029 6.36267 13.3429 12.0714 12.4634 22.8681 
-0.56286 -0.77372 -0.232548 -0.141618 -0.692788 -0.526736 -0.38819 
60
0 0 0 
2.80097 11.0219 7.85053 
0.407609 0.0783622 0.134883 
64
0 0 0 0 
3.01239 8.6325 11.8583 17.7969 
0.391407 0.135859 0.0721572 0.0496295 
68
0 0 0 
3.01674 7.62355 12.5588 
0.395724 0.135203 0.0716404 
68
1 1 1 1 1 0 1 
3.67246 11.9218 6.39006 10.8471 12.5169 14.8122 19.3251 
-0.565523 -0.775565 -0.232333 -0.136312 -0.527393 -0.69203 -0.385727 
72
1 1 1 1 1 0 1 
3.24681 6.04984 8.37166 11.072 13.8058 14.9971 18.7676 
-0.55796 -0.238328 -0.770468 -0.136795 -0.522397 -0.69081 -0.386293 
72
0 0 0 
3.20387 8.80166 9.78487 
0.388713 0.135096 0.0792764 
76
1 1 1 1 1 0 1 
3.54408 9.15881 6.83444 11.1622 12.8176 15.2284 20.2292 
-0.546768 -0.771791 -0.232258 -0.137168 -0.521735 -0.68957 -0.386526 
76
0 0 0 
3.44427 7.68316 11.6161 
0.392186 0.136 0.0750115 
80
0 0 0 0 
2.81865 7.85825 10.3687 17.8072 
0.405822 0.13503 0.079871 0.0492118 
80
1 1 1 1 1 0 
3.60324 8.72464 6.06563 12.652 13.6568 16.352 
-0.550345 -0.771443 -0.233866 -0.142744 -0.522016 -0.690432 
84
1 1 1 1 1 1 
3.4285 8.79592 7.28104 13.8025 9.94486 19.7335 
-0.546806 -0.771195 -0.230549 -0.527061 -0.134855 -0.385878 
84
0 0 0 
2.9179 8.13618 12.1825 
0.40117 0.134214 0.0725898 
88
0 0 0 0 
2.85088 8.28987 12.3489 15.033 
0.398183 0.137455 0.071161 0.0498873 
88
1 1 1 1 1 0 1 
3.47586 10.1987 7.1816 10.5465 12.1719 15.5659 15.7432 
-0.5497 -0.777076 -0.232255 -0.136099 -0.526939 -0.69045 -0.389281 
92
0 0 0 
3.09605 6.74698 11.9871 
0.397888 0.137655 0.0721114 
92
1 1 1 1 1 1 0 
3.50901 10.6488 7.19107 10.8366 13.2171 17.1159 13.9952 
-0.560872 -0.777863 -0.230701 -0.135764 -0.521677 -0.385992 -0.700474 
96
1 1 1 1 1 0 
3.58182 9.63636 8.07849 10.9221 11.3692 14.943 
-0.561713 -0.776165 -0.226472 -0.136585 -0.52681 -0.69015 
100
1 1 1 1 1 0 1 
3.54613 11.6069 6.47277 13.7124 13.494 16.0952 18.1002 
-0.566378 -0.775041 -0.234354 -0.141924 -0.526349 -0.694624 -0.38693 
100
0 0 0 
2.96176 6.90859 11.2346 
0.394657 0.138094 0.0778894 
104
1 1 1 1 1 1 0 
3.64561 8.44299 7.33479 14.7402 12.0066 18.5836 13.1235 
-0.560137 -0.770382 -0.232075 -0.141314 -0.526194 -0.385428 -0.699334 
104
0 0 0 
2.94292 8.37744 12.3675 
0.394139 0.133456 0.0716581 
108
1 1 1 1 1 0 1 
3.34563 8.67005 11.2559 11.1011 13.0185 15.0557 18.8667 
-0.54675 -0.230042 -0.778746 -0.136166 -0.526793 -0.692406 -0.385828 
108
0 0 0 
2.93309 8.32595 10.2962 
0.404211 0.136789 0.073871 
112
0 0 0 
3.34994 7.47818 10.5754 
0.394046 0.135733 0.0788148 
116
0 0 0 0 
2.96603 7.11852 12.6304 17.13 
0.400748 0.138673 0.0707233 0.0504865 
112
1 1 1 1 1 0 1 
3.59177 6.72415 8.31452 10.4867 12.3896 14.1091 13.6411 
-0.565685 -0.767798 -0.226797 -0.135897 -0.526291 -0.699508 -0.38381 
120
0 0 0 
3.28703 7.43849 12.2813 
0.394908 0.133037 0.07622 
120
1 1 1 1 1 0 1 
3.48444 9.74875 7.58437 10.6468 11.7275 15.3125 21.686 
-0.560633 -0.772248 -0.232325 -0.136044 -0.525946 -0.689987 -0.387345 
124
1 1 1 1 1 0 1 
3.67391 8.34952 8.29285 11.0776 11.8983 15.4749 18.9899 
-0.567092 -0.770773 -0.232487 -0.137281 -0.526546 -0.690806 -0.385417 
124
0 0 0 
3.18159 8.64114 13.1956 
0.400543 0.135926 0.0703059 
128
0 0 0 
2.91956 7.0577 12.8346 
0.405091 0.135242 0.0693528 
128
1 1 1 1 1 0 1 
3.78748 7.34357 10.3932 10.7696 13.0571 12.0914 20.2315 
-0.564912 -0.233057 -0.777732 -0.13574 -0.521496 -0.691631 -0.386059 
132
0 0 0 0 
3.05126 6.83252 12.0917 18.3902 
0.388811 0.138504 0.0731921 0.0496094 
132
1 1 1 1 1 0 1 
3.5222 8.25265 7.52793 13.7676 11.43 11.0097 19.9541 
-0.566101 -0.77132 -0.231985 -0.141422 -0.52688 -0.699963 -0.386625 
136
1 1 1 1 1 0 1 
3.67627 8.11609 6.68147 10.6512 15.0682 15.5682 20.8517 
-0.552297 -0.226515 -0.765815 -0.135017 -0.52103 -0.693369 -0.387044 
140
0 0 0 
2.93169 7.4527 12.088 
0.397418 0.137875 0.0755516 
140
1 1 1 1 1 0 1 
3.66846 8.19384 6.20113 11.2622 13.349 11.6344 22.412 
-0.548722 -0.769564 -0.234105 -0.136905 -0.527304 -0.692164 -0.387214 
144
0 0 0 0 
3.02818 8.62503 13.8851 14.5683 
0.402758 0.136347 0.0695497 0.0560295 
144
1 1 1 1 1 0 1 
3.28669 9.08995 8.26857 11.0982 11.7283 15.2369 15.9819 
-0.556951 -0.772148 -0.226704 -0.136739 -0.526708 -0.692359 -0.384012 
148
0 0 0 
3.19853 7.25712 11.2699 
0.389722 0.13771 0.0785924 
148
1 1 1 1 1 0 1 
3.41084 11.1236 6.89924 13.5299 10.8507 13.0119 19.572 
-0.558473 -0.772347 -0.2323 -0.526547 -0.141908 -0.691436 -0.385786 
152
1 1 1 1 1 0 1 
3.72391 8.0534 9.01219 12.0577 13.1744 15.4316 18.8413 
-0.566672 -0.225733 -0.772697 -0.137203 -0.521177 -0.690094 -0.38594 
156
1 1 1 1 1 0 1 
3.49993 8.80766 6.45112 12.075 14.6221 15.8489 20.6045 
-0.560481 -0.771174 -0.235494 -0.138093 -0.52278 -0.693169 -0.385926 
160
1 1 1 1 1 0 1 1 
3.51827 10.2824 7.36917 10.9667 13.5756 15.5547 15.889 19.7269 
-0.565606 -0.771856 -0.224364 -0.136254 -0.521387 -0.694036 -0.109885 -0.386371 
164
1 1 1 1 1 0 1 
3.26801 7.28416 8.69799 12.7162 12.7094 14.1617 19.9519 
-0.557375 -0.767574 -0.227327 -0.146478 -0.520329 -0.68884 -0.385671 
168
1 1 1 1 1 1 0 
3.36422 8.00504 8.69645 16.0674 11.1729 15.9852 14.3231 
-0.563973 -0.224756 -0.771496 -0.522722 -0.136547 -0.385138 -0.698048 
156
0 0 0 
3.11995 8.05889 11.1036 
0.401726 0.133265 0.0763866 
164
0 0 0 
3.02148 7.8911 12.2304 
0.395483 0.136008 0.0721913 
168
0 0 0 
2.8468 7.95231 13.7741 
0.398972 0.136057 0.0697389 
172
1 1 1 1 1 0 1 
3.33899 9.35719 7.85846 10.811 11.6498 15.0433 18.0702 
-0.573294 -0.772553 -0.22485 -0.135688 -0.527073 -0.69065 -0.385675 
172
0 0 0 
2.99389 7.20173 11.9101 
0.400999 0.137849 0.0760579 
176
1 1 1 1 0 1 1 
3.3626 8.03538 7.75337 12.4473 15.6909 11.9407 18.8686 
-0.557313 -0.226107 -0.77171 -0.137903 -0.693663 -0.527735 -0.38607 
176
0 0 0 
2.95254 7.28768 12.7695 
0.395819 0.136492 0.0707517 
180
0 0 0 0 
2.98891 9.00013 12.1888 14.7423 
0.397291 0.135283 0.0756871 0.0513774 
184
0 0 0 
3.11728 8.57436 10.0851 
0.388862 0.136558 0.0795365 
184
1 1 1 1 1 0 1 
3.38057 10.1259 8.07198 10.6399 13.6139 15.985 19.7362 
-0.55876 -0.773471 -0.225851 -0.136093 -0.526048 -0.688175 -0.385899 
188
1 1 1 1 1 1 
3.52178 7.12065 10.2179 15.7805 13.8639 22.1662 
-0.566728 -0.232663 -0.777029 -0.141625 -0.520319 -0.38776 
188
0 0 0 
3.25195 8.54415 11.4692 
0.387065 0.132376 0.0722618 
192
1 1 1 1 1 0 1 
3.53655 9.21758 6.35731 12.2026 13.4657 14.2391 21.3129 
-0.560915 -0.771392 -0.236982 -0.13504 -0.527176 -0.691415 -0.386713 
192
0 0 0 
2.89311 8.76827 11.7615 
0.402319 0.135981 0.0732241 
196
1 1 1 1 1 0 1 
3.3098 7.10473 10.5463 15.0507 12.9621 14.6978 17.0091 
-0.558013 -0.23753 -0.777135 -0.141817 -0.520969 -0.691132 -0.384827 
200
1 1 1 1 1 0 1 
3.49558 7.38672 11.3388 11.4873 11.7165 12.606 20.2287 
-0.565703 -0.232767 -0.779169 -0.137843 -0.526798 -0.692091 -0.386291 
200
0 0 0 
2.94107 8.00288 10.813 
0.399386 0.136159 0.074526 
204
1 1 1 1 1 0 1 
3.45852 9.94102 8.22278 10.9338 13.1761 15.804 19.0937 
-0.560084 -0.773272 -0.226445 -0.136101 -0.521467 -0.692884 -0.385991 
204
0 0 0 
2.80328 8.34264 12.5133 
0.411326 0.137147 0.0714275 
208
1 1 1 1 1 0 1 
3.89057 8.4817 8.07607 10.6296 15.3051 16.5345 21.0452 
-0.552037 -0.771584 -0.226392 -0.136262 -0.522998 -0.690982 -0.387406 
208
0 0 0 
2.97998 7.4936 13.592 
0.394394 0.136662 0.0702812 
212
0 0 0 0 
2.96651 7.78789 13.0218 15.0978 
0.396292 0.136553 0.0702551 0.0505962 
212
1 1 1 1 0 1 1 
3.45796 10.0355 6.02578 10.5624 15.4784 13.3621 21.9445 
-0.55871 -0.771677 -0.235602 -0.135462 -0.685916 -0.521179 -0.38751 
216
1 1 1 1 1 0 1 1 
3.39309 9.52278 7.32135 10.5106 15.2369 12.986 20.0666 17.5911 
-0.55955 -0.772816 -0.234111 -0.135282 -0.522214 -0.690717 -0.386348 -0.105169 
216
0 0 0 
3.21793 7.49487 9.69851 
0.396426 0.137322 0.0748318 
220
1 1 1 1 1 1 
3.44574 10.9138 7.85432 14.3148 12.2104 17.8293 
-0.55821 -0.777805 -0.224811 -0.141418 -0.520145 -0.385747 
224
1 1 1 1 1 0 1 
3.20243 11.3906 6.32267 11.1087 12.8299 15.8099 20.8999 
-0.546093 -0.777671 -0.233712 -0.135853 -0.520896 -0.692877 -0.385931 
224
0 0 0 0 
3.05883 8.4325 12.321 17.4883 
0.396933 0.13752 0.0718912 0.0497458 
228
0 0 0 
3.2508 6.83675 10.8757 
0.393018 0.14464 0.0787398 
228
1 1 1 1 1 0 1 
3.40022 6.91204 8.143 14.8504 12.4683 14.552 18.8862 
-0.557078 -0.231286 -0.770147 -0.141766 -0.52719 -0.691893 -0.385187 
232
1 1 1 1 1 0 1 
3.48409 8.33505 8.30546 13.9889 10.7503 13.7813 18.7114 
-0.558194 -0.226413 -0.771393 -0.521617 -0.135207 -0.688391 -0.385827 
236
0 0 0 0 
3.15105 7.39184 13.0523 17.2129 
0.392453 0.136373 0.0699187 0.0499183 
236
1 1 1 1 1 0 1 
3.55524 8.79065 5.88037 11.526 13.329 15.2223 20.1669 
-0.566809 -0.773278 -0.231037 -0.136828 -0.52149 -0.68882 -0.386201 
240
1 1 1 1 0 1 1 
3.49688 8.15721 8.3338 15.6047 15.5131 15.2191 16.9077 
-0.559208 -0.226677 -0.771208 -0.14158 -0.692711 -0.520888 -0.384818 
240
0 0 0 0 
2.74877 7.1484 12.4543 14.021 
0.406998 0.137208 0.0752792 0.0564818 
244
1 1 1 1 1 0 1 
3.23023 8.34108 9.37359 10.7504 15.9556 16.3068 18.6695 
-0.561438 -0.226583 -0.773108 -0.136692 -0.522522 -0.692777 -0.385573 
248
1 1 1 1 1 0 1 1 
3.27782 6.85064 8.50938 15.1943 13.9055 14.5196 20.1315 18.2386 
-0.557868 -0.233641 -0.771246 -0.142273 -0.521555 -0.692476 -0.385309 -0.10465 
248
0 0 0 
3.08304 7.19135 11.4835 
0.391786 0.136782 0.0768397 
252
0 0 0 
2.93047 8.11697 12.478 
0.398961 0.134733 0.0711802 
252
1 1 1 1 1 0 1 
3.29577 8.77244 8.1375 10.6466 11.3693 14.8701 13.4549 
-0.560064 -0.771492 -0.226348 -0.136059 -0.526586 -0.692098 -0.383238 
256
1 1 1 1 1 0 1 
3.38955 9.3139 7.22529 10.5684 13.1056 14.8324 18.8281 
-0.558032 -0.772337 -0.232168 -0.136254 -0.521435 -0.687861 -0.38503 
256
0 0 0 
3.20242 7.3123 10.4976 
0.393334 0.136796 0.0761947 
260
0 0 0 0 
3.05165 7.49116 11.4866 11.8472 
0.394414 0.135978 0.0781555 0.056446 
260
1 1 1 1 1 0 1 
3.23637 10.9466 7.94203 13.8157 12.0176 16.6867 17.5668 
-0.550263 -0.772186 -0.226055 -0.522352 -0.136875 -0.693609 -0.384668 
264
1 1 1 1 1 0 1 
3.47322 8.32623 8.55865 10.5025 15.8822 15.7993 18.792 
-0.558024 -0.770569 -0.226681 -0.135258 -0.523159 -0.693273 -0.38539 
268
1 1 1 1 1 1 0 
3.49037 10.1239 7.79534 12.6488 13.2828 17.8716 14.6026 
-0.558901 -0.777428 -0.225209 -0.142958 -0.526842 -0.385898 -0.691515 
268
0 0 0 0 
3.06365 8.22135 10.4142 18.1014 
0.390109 0.133243 0.0767734 0.0497126 
272
1 1 1 1 1 0 1 
3.31964 8.65941 7.18904 13.1366 12.0043 15.2701 20.9108 
-0.556523 -0.772109 -0.233714 -0.525673 -0.142091 -0.690393 -0.387689 
272
0 0 0 
3.36147 6.8855 8.80316 
0.380546 0.140891 0.0785538 
276
0 0 0 
2.88527 8.18684 10.4668 
0.403533 0.136988 0.077178 
276
1 1 1 1 1 0 1 1 
3.78725 10.4035 7.71351 11.2013 13.1565 14.5958 15.8272 18.6873 
-0.56617 -0.777379 -0.230683 -0.136351 -0.520407 -0.689647 -0.104903 -0.385586 
280
0 0 0 
3.08447 7.75271 11.6448 
0.39808 0.13399 0.0717643 
280
1 1 1 1 0 1 1 
3.50031 7.62311 8.72055 12.2442 17.613 13.8621 20.9948 
-0.564808 -0.233332 -0.771803 -0.138241 -0.693703 -0.521542 -0.387467 
284
1 1 1 1 0 1 1 
3.11602 8.08803 7.73889 12.6711 18.0627 19.9108 15.8579 
-0.570229 -0.770753 -0.230063 -0.140358 -0.693606 -0.386537 -0.521312 
288
0 0 0 
2.92058 7.53417 12.9781 
0.400677 0.135177 0.0705059 
288
1 1 1 1 1 0 1 
3.40598 8.18161 8.11603 10.4595 15.8025 16.0825 17.2498 
-0.559155 -0.771307 -0.233797 -0.13681 -0.521879 -0.692969 -0.38539 
292
0 0 0 
3.04702 8.92041 11.8543 
0.395629 0.134991 0.0722592 
292
1 1 1 1 1 0 1 
3.44865 8.08435 8.87406 13.8826 14.7459 13.9166 18.4973 
-0.56837 -0.231037 -0.771378 -0.141114 -0.522504 -0.688265 -0.389113 
296
1 1 1 1 1 1 0 
3.50154 11.4734 7.62355 13.1084 12.3566 18.3791 14.132 
-0.554726 -0.771602 -0.223785 -0.523366 -0.142384 -0.38817 -0.689678 
300
1 1 1 1 1 1 0 
3.67683 8.10968 10.7093 11.2849 14.4896 21.0059 12.2141 
-0.551422 -0.226499 -0.77552 -0.142214 -0.525428 -0.386335 -0.689348 
300
0 0 0 
2.87885 14.5625 8.84245 
0.39927 0.0743441 0.131479 
304
0 0 0 
3.22461 7.95749 12.2067 
0.38655 0.137411 0.0714996 
304
1 1 1 1 1 0 1 
3.08527 9.56656 8.34086 14.781 11.6721 12.3486 18.7742 
-0.544531 -0.77122 -0.227214 -0.139281 -0.525071 -0.692078 -0.385569 
308
0 0 0 
2.73588 7.97211 12.5345 
0.409939 0.135786 0.0710876 
308
1 1 1 1 1 0 
3.41866 6.69085 8.30486 13.0315 10.9208 14.6435 
-0.546386 -0.232405 -0.775694 -0.525616 -0.135488 -0.693462 
312
1 1 1 1 1 0 1 
2.96428 10.5084 7.85039 14.1259 13.1529 15.0887 21.1855 
-0.545948 -0.777084 -0.225599 -0.526857 -0.139063 -0.68894 -0.386284 
316
1 1 1 1 0 1 1 
3.25369 7.81511 11.4965 12.0513 15.3639 14.1696 18.9158 
-0.559792 -0.225621 -0.778228 -0.13931 -0.69411 -0.527352 -0.385553 
316
0 0 0 
2.79756 6.52472 12.1881 
0.409563 0.135821 0.0717733 
320
0 0 0 
2.9582 13.2706 8.87532 
0.397492 0.0730873 0.133521 
320
1 1 1 1 1 1 0 
3.56113 10.1396 7.65794 11.6067 16.4297 18.7246 13.4527 
-0.562941 -0.776125 -0.228795 -0.141724 -0.523333 -0.388434 -0.689892 
324
0 0 0 0 
3.04118 8.24564 10.5378 20.4748 
0.40107 0.137588 0.0774834 0.0484682 
324
1 1 1 1 1 1 
3.55988 9.12229 7.76432 12.594 15.3084 18.7792 
-0.563587 -0.771301 -0.224973 -0.140852 -0.522659 -0.388849 
328
1 1 1 1 1 0 1 
3.49227 7.40104 11.0635 12.0403 15.7754 14.2786 18.4033 
-0.559192 -0.234851 -0.777461 -0.140022 -0.521531 -0.688322 -0.386551 
332
0 0 0 
2.87686 8.098 13.61 
0.399371 0.13749 0.0714646 
332
1 1 1 1 1 1 0 
3.35445 8.01449 8.72783 10.914 16.5554 16.3283 16.1168 
-0.551007 -0.224446 -0.777888 -0.140793 -0.522962 -0.388823 -0.688683 
336
1 1 1 1 1 1 0 
3.25236 9.39663 6.77487 14.1039 12.3192 15.2898 15.9488 
-0.549028 -0.767937 -0.233462 -0.524131 -0.142199 -0.389405 -0.691857 
336
0 0 0 
2.85924 7.04843 10.5695 
0.400474 0.146095 0.0734319 
340
1 1 1 1 1 1 0 
3.51994 7.9174 8.08597 13.1955 16.1009 21.2742 16.7567 
-0.563176 -0.227314 -0.771057 -0.519823 -0.146128 -0.390644 -0.690171 
340
0 0 0 
3.28466 8.19055 13.655 
0.385616 0.13633 0.0754379 
344
0 0 0 
2.91501 8.82304 14.6767 
0.402475 0.135129 0.0753077 
344
1 1 1 1 1 1 0 
3.29598 7.41135 10.3924 13.9814 13.25 17.3744 15.6703 
-0.551438 -0.226446 -0.769219 -0.518586 -0.139901 -0.38718 -0.690598 
348
1 1 1 1 1 1 0 
3.44437 10.2133 7.97031 12.8823 11.7847 19.9557 14.5599 
-0.554218 -0.772293 -0.223821 -0.519669 -0.148666 -0.390022 -0.691158 
352
0 0 0 
3.12759 8.24394 12.439 
0.392266 0.139004 0.0763845 
352
1 1 1 1 1 0 1 
3.49887 9.42009 8.95174 15.0115 13.6758 11.1245 15.8811 
-0.55442 -0.778184 -0.224811 -0.519865 -0.137641 -0.688402 -0.387382 
356
0 0 0 
3.01289 8.85732 10.6826 
0.399945 0.135956 0.0804992 
360
1 1 1 1 1 0 1 
3.66423 11.7243 7.6402 14.7102 15.0252 16.5876 17.9755 
-0.552348 -0.774006 -0.227093 -0.5194 -0.14736 -0.689179 -0.390272 
360
0 0 0 
3.31982 7.95122 14.0979 
0.387667 0.138643 0.0749207 
364
1 1 1 1 1 1 0 
3.33207 8.67043 10.3179 13.2598 14.7208 15.7252 16.4484 
-0.552289 -0.225423 -0.774102 -0.520608 -0.140106 -0.391537 -0.690194 
364
0 0 0 
2.95548 8.34225 11.4931 
0.397777 0.138199 0.0706392 
368
1 1 1 1 1 1 0 1 
3.44729 10.2933 9.47289 12.9179 14.3503 16.988 10.0886 13.9345 
-0.546552 -0.22936 -0.766152 -0.520625 -0.139622 -0.392684 -0.687157 -0.109452 
372
1 1 1 1 1 0 1 
3.49115 7.4914 14.7822 9.86311 15.3751 15.5277 20.8781 
-0.556449 -0.227521 -0.524986 -0.773854 -0.139913 -0.690628 -0.390974 
376
1 1 1 1 1 0 1 
3.64312 8.15073 8.04694 16.6942 12.5846 18.4539 17.678 
-0.553678 -0.223795 -0.771841 -0.520084 -0.141146 -0.690307 -0.39219 
372
0 0 0 
2.89453 7.89231 13.4195 
0.401872 0.137757 0.0722882 
380
1 1 1 1 1 1 0 
3.37967 8.51735 8.07291 13.3751 13.3165 14.4754 14.7838 
-0.562855 -0.226787 -0.763599 -0.518375 -0.141466 -0.389972 -0.687356 
380
0 0 0 
2.8949 8.3046 11.4051 
0.403815 0.138019 0.0703931 
384
0 0 0 
2.95812 7.36709 13.4758 
0.387871 0.135849 0.0716454 
384
1 1 1 0 1 1 1 1 
3.4822 8.79237 9.71992 14.4401 11.2329 12.8604 19.6133 13.3033 
-0.560689 -0.226726 -0.771119 -0.691362 -0.136885 -0.520793 -0.386842 -0.109813 
388
1 1 1 1 1 1 0 
3.4348 10.9138 6.68761 13.5768 13.3674 14.8709 16.8591 
-0.548435 -0.775353 -0.234338 -0.13977 -0.526742 -0.383246 -0.692368 
388
0 0 0 0 
2.99185 11.5359 5.97697 15.1748 
0.399815 0.0729767 0.139503 0.050632 
392
0 0 0 
3.05 8.39002 12.5763 
0.396459 0.129371 0.0733428 
396
1 1 1 1 1 1 1 0 
3.36076 8.01752 11.8813 11.8099 14.4186 17.8561 13.9478 11.5552 
-0.561961 -0.228173 -0.77497 -0.52 -0.13839 -0.386726 -0.109318 -0.686634 
396
0 0 0 
3.14638 7.10962 12.0706 
0.396162 0.145269 0.075291 
400
1 1 1 1 1 1 0 
3.22714 7.91896 10.3321 12.6014 14.0432 20.0524 18.1836 
-0.564358 -0.228653 -0.775076 -0.519753 -0.142576 -0.389869 -0.690473 
400
0 0 0 
3.04236 7.94886 13.2676 
0.391667 0.140932 0.0711513 
404
0 0 0 
2.9069 7.64979 10.0008 
0.404275 0.142373 0.0719808 
404
1 1 1 1 1 1 0 
3.23393 9.27144 8.27047 13.7239 13.0965 16.4071 14.1008 
-0.552165 -0.772924 -0.21925 -0.517804 -0.142169 -0.389525 -0.689202 
408
1 1 1 1 1 1 1 0 1 
3.58455 8.35709 8.42553 14.825 11.2677 16.0396 25.3936 16.6325 14.0385 
-0.5486 -0.224551 -0.777313 -0.526338 -0.141634 -0.389541 -0.305981 -0.691128 -0.104819 
412
0 0 0 
2.99297 8.34899 11.6073 
0.397445 0.13896 0.0706011 
412
1 1 1 1 1 1 1 1 0 
3.49921 8.79521 10.5203 13.6953 11.6762 14.5132 24.2074 17.4861 14.2034 
-0.548564 -0.2267 -0.773962 -0.519844 -0.141402 -0.109365 -0.304976 -0.392524 -0.691647 
416
0 0 0 
2.99351 8.34556 11.8621 
0.397927 0.138433 0.0713422 
416
1 1 1 1 1 1 0 
3.63074 8.27804 8.18956 13.3732 16.3484 17.1343 15.5605 
-0.555624 -0.225671 -0.773066 -0.520843 -0.139746 -0.386084 -0.689996 
420
0 0 0 
2.96887 8.28507 11.5414 
0.400981 0.13819 0.0714453 
424
0 0 0 
3.06781 7.82765 12.0057 
0.395718 0.139412 0.0728401 
424
1 1 1 1 1 1 0 1 
3.44404 8.66717 9.79027 13.0838 11.3219 17.97 17.3735 13.3979 
-0.550724 -0.226622 -0.767288 -0.521069 -0.141061 -0.387593 -0.691388 -0.109779 
428
0 0 0 
2.96445 7.94037 13.7115 
0.398245 0.136724 0.0693627 
428
1 1 1 1 1 0 1 1 
3.68361 8.74625 11.4436 11.8095 14.1551 18.7554 13.8463 17.3557 
-0.553271 -0.227998 -0.774767 -0.51954 -0.140329 -0.691601 -0.108951 -0.387116 
432
0 0 0 
3.02775 9.09129 12.7654 
0.397695 0.13469 0.0706039 
432
1 1 1 1 1 1 0 1 
3.48295 11.7931 7.71904 13.1475 12.22 16.0769 17.339 12.7916 
-0.548971 -0.774942 -0.226321 -0.520597 -0.142408 -0.38784 -0.691648 -0.103705 
436
0 0 0 
3.27761 5.78309 10.9244 
0.384908 0.137873 0.0709134 
440
1 1 1 1 1 1 0 1 
3.32817 7.52459 10.0788 13.5117 12.666 18.4069 15.7811 13.9817 
-0.548077 -0.225351 -0.777974 -0.522026 -0.143238 -0.387653 -0.690805 -0.104727 
440
0 0 0 
3.2382 7.83618 10.8199 
0.389167 0.136347 0.0709587 
444
1 1 1 1 1 1 1 0 1 
3.59552 7.52131 9.71145 11.881 11.5757 18.1191 12.5832 15.9061 23.3083 
-0.555476 -0.223941 -0.766507 -0.519265 -0.141827 -0.387321 -0.109412 -0.690624 -0.305365 
444
0 0 0 
3.06628 8.24479 12.7777 
0.395489 0.138895 0.0686937 
448
1 1 1 1 1 0 1 1 
3.60805 8.91474 10.0221 12.6458 12.0203 15.356 15.7674 14.7191 
-0.555792 -0.226698 -0.770536 -0.520123 -0.142423 -0.69045 -0.387015 -0.103328 
452
1 1 1 1 1 1 0 1 
3.22943 9.05574 10.5925 12.5789 12.3151 19.4553 15.818 14.7535 
-0.548415 -0.228668 -0.775094 -0.520014 -0.141581 -0.391737 -0.690224 -0.10975 
456
1 1 1 1 1 0 1 1 
3.5486 8.7046 11.1828 13.1059 14.1874 15.5925 12.8928 15.8954 
-0.550385 -0.226953 -0.776866 -0.521526 -0.138572 -0.690574 -0.109427 -0.389631 
452
0 0 0 
2.98628 7.84499 10.6608 
0.397782 0.13952 0.0789511 
460
0 0 0 
2.91259 8.39375 12.2861 
0.398997 0.135813 0.0705321 
460
1 1 1 1 1 1 1 0 
3.54749 10.1582 8.05971 13.8735 13.0419 17.9202 14.8324 11.8318 
-0.552798 -0.774233 -0.225844 -0.52205 -0.142945 -0.390631 -0.103034 -0.686901 
464
0 0 0 
3.0215 8.81853 13.1498 
0.394936 0.133838 0.0704723 
468
0 0 0 
2.9611 8.15003 12.847 
0.401296 0.139734 0.0735898 
464
1 1 1 1 1 1 1 1 
3.75814 7.58084 11.462 14.3069 13.8794 23.0964 18.7552 14.1575 
-0.554441 -0.225565 -0.769872 -0.520431 -0.138474 -0.305073 -0.387548 -0.109506 
468
1 1 1 1 1 1 0 1 
3.69642 7.74376 9.7488 15.1796 11.9762 14.7513 16.9809 15.6074 
-0.550529 -0.229995 -0.774637 -0.52092 -0.141738 -0.10973 -0.691365 -0.386932 
472
0 0 0 
3.27077 8.44557 11.1937 
0.388772 0.13701 0.0733538 
472
1 1 1 1 1 0 1 1 
3.39572 8.54494 10.5692 13.5062 15.8695 16.6632 16.1647 14.3673 
-0.553921 -0.228116 -0.773878 -0.521169 -0.141184 -0.691147 -0.387179 -0.108976 
476
1 1 1 1 1 0 1 
3.2714 9.42801 6.88751 12.1764 15.4734 17.2195 19.746 
-0.550941 -0.773426 -0.22878 -0.520125 -0.14161 -0.692014 -0.387642 
480
0 0 0 
2.97761 8.03962 11.1755 
0.401104 0.138723 0.0718754 
480
1 1 1 1 1 0 1 1 1 
3.39756 8.56408 8.67493 14.147 16.2307 18.8884 16.53 21.2255 15.1393 
-0.549874 -0.227602 -0.779822 -0.519918 -0.139982 -0.692194 -0.387302 -0.30514 -0.104998 
484
1 1 1 1 1 0 1 1 
3.5316 7.56744 7.90086 13.1725 15.5662 16.6957 18.3441 15.3186 
-0.557182 -0.225166 -0.773428 -0.521735 -0.140894 -0.690497 -0.38688 -0.105127 
484
0 0 0 
3.24983 7.36052 10.811 
0.388748 0.143907 0.0766709 
488
0 0 0 
2.83966 8.54008 12.2282 
0.404854 0.136343 0.0701776 
492
1 1 1 1 1 1 1 0 
3.36667 8.03256 10.7867 12.1917 12.0484 12.2809 16.2293 10.6876 
-0.552296 -0.225114 -0.769098 -0.520382 -0.144849 -0.110116 -0.387301 -0.686482 
492
0 0 0 
2.91486 8.16509 13.0987 
0.399146 0.138128 0.0690961 
496
1 1 1 1 1 1 0 1 
3.63269 9.43119 8.29689 11.9948 15.6373 17.511 15.481 13.4782 
-0.554939 -0.778579 -0.225293 -0.521921 -0.140673 -0.387573 -0.69039 -0.108411 
496
0 0 0 
2.87502 8.02964 12.5662 
0.401096 0.138032 0.0706232 
500
0 0 0 
2.95313 8.34667 11.1405 
0.39682 0.137708 0.071418 
500
1 1 1 1 1 1 0 1 
3.43234 8.45524 7.14775 13.3405 15.1378 13.9531 12.0394 18.5771 
-0.554675 -0.228209 -0.772699 -0.520653 -0.141681 -0.104308 -0.687909 -0.387212 
504
1 1 1 1 1 0 1 1 
3.50653 7.43113 10.2432 14.6343 13.183 15.6916 16.8885 13.4038 
-0.551604 -0.227708 -0.774218 -0.520703 -0.143803 -0.690639 -0.387143 -0.10913 
504
0 0 0 
2.97722 8.5913 12.2732 
0.396672 0.137498 0.0690448 
508
0 0 0 
3.10585 8.03983 10.8634 
0.390863 0.138543 0.0723362 
512
1 1 1 1 1 0 1 1 
3.15253 7.5025 10.3913 16.0812 11.1301 16.5483 17.5689 15.3818 
-0.566547 -0.225638 -0.774364 -0.520799 -0.142792 -0.690873 -0.386867 -0.105216 
512
0 0 0 
3.07152 8.16785 12.1666 
0.396624 0.137782 0.0693203 
516
0 0 0 
3.00083 8.45901 13.6756 
0.397793 0.136952 0.0741438 
516
1 1 1 1 1 0 1 
3.59486 11.9813 8.45164 16.2825 11.6058 15.7755 17.1839 
-0.556176 -0.774998 -0.225689 -0.516932 -0.145495 -0.690738 -0.387752 
520
0 0 0 
2.99526 8.38009 12.5569 
0.398219 0.137153 0.0698567 
520
1 1 1 1 1 0 1 1 
3.46714 8.59878 11.391 14.2708 11.824 16.1042 14.9315 14.7589 
-0.553047 -0.227418 -0.775396 -0.520339 -0.14377 -0.691056 -0.109219 -0.390485 
524
1 1 1 1 1 0 1 1 
3.43287 7.58304 7.64018 13.9972 11.7553 15.6457 18.1023 13.0446 
-0.553477 -0.231486 -0.772461 -0.520966 -0.143307 -0.690579 -0.387281 -0.105289 
528
1 1 1 1 1 0 1 1 1 
3.33988 10.9016 8.47852 15.1773 11.2362 16.1961 17.7796 21.8218 13.9641 
-0.554159 -0.774375 -0.226395 -0.51992 -0.143106 -0.690628 -0.388437 -0.305443 -0.105166 
524
0 0 0 
2.88851 8.87388 13.1371 
0.403477 0.135027 0.0734308 
532
0 0 0 
2.76601 7.64843 13.2251 
0.405485 0.141646 0.0717353 
532
1 1 1 1 1 1 1 0 1 
3.48271 9.82584 8.63911 13.4024 12.9531 18.3392 19.1469 16.1283 15.7304 
-0.555257 -0.229436 -0.767066 -0.525723 -0.142012 -0.387665 -0.30323 -0.690373 -0.108448 
540
1 1 1 1 1 1 1 
3.4784 7.33319 10.102 12.4063 14.449 13.384 18.6771 
-0.554054 -0.223483 -0.777554 -0.520745 -0.142419 -0.104218 -0.386823 
540
0 0 0 
2.90056 8.27045 11.1559 
0.401391 0.137812 0.0796901 
544
0 0 0 0 
3.17656 8.52228 13.4745 11.7215 
0.391302 0.136171 0.069975 0.0561948 
544
1 1 1 1 1 0 1 
3.24021 8.13522 8.06264 12.2069 13.3417 15.5476 15.933 
-0.546908 -0.226853 -0.767351 -0.516642 -0.145493 -0.690906 -0.388344 
548
1 1 1 1 1 1 0 1 
3.57626 8.92606 12.1452 15.9719 11.0446 17.5413 15.9725 11.855 
-0.551429 -0.230084 -0.776066 -0.519785 -0.14224 -0.386642 -0.691099 -0.109906 
548
0 0 0 
3.09636 8.81855 12.4853 
0.3931 0.135453 0.06957 
552
1 1 1 1 1 1 0 
3.35715 8.87789 10.1089 15.2995 18.99 17.8346 15.9124 
-0.548578 -0.22477 -0.772423 -0.521523 -0.141496 -0.386781 -0.690862 
556
0 0 0 
3.09924 8.57071 12.6257 
0.39509 0.136603 0.0721657 
556
1 1 1 1 1 0 1 1 
3.39353 10.6158 7.73433 13.6282 11.0605 17.2936 16.7407 13.2644 
-0.552577 -0.767732 -0.223904 -0.518711 -0.144125 -0.691578 -0.388275 -0.109792 
560
1 1 1 1 1 1 0 1 
3.36205 7.91355 8.27586 13.291 11.8374 18.1896 14.981 12.9848 
-0.549093 -0.226009 -0.771339 -0.520877 -0.14201 -0.387211 -0.689538 -0.105162 
560
0 0 0 
3.09855 7.76482 11.866 
0.39285 0.141393 0.0791381 
564
0 0 0 
3.35828 8.54469 12.7256 
0.386803 0.136249 0.0710776 
564
1 1 1 1 1 1 0 1 
3.47592 7.90613 9.56944 14.1829 13.4644 17.6855 18.8702 14.5966 
-0.551506 -0.226889 -0.773037 -0.519967 -0.139538 -0.387287 -0.690871 -0.105134 
568
1 1 1 1 1 0 1 
3.39412 8.69361 9.8384 12.6861 11.3851 18.1012 18.4352 
-0.552702 -0.225296 -0.774304 -0.527384 -0.143488 -0.691933 -0.387109 
572
1 1 1 1 1 0 1 1 
3.27467 7.80951 10.4428 12.3897 16.7032 16.578 18.9732 13.0819 
-0.553047 -0.225324 -0.776923 -0.521249 -0.142523 -0.690868 -0.386884 -0.109191 
568
0 0 0 
2.89022 8.27497 12.6916 
0.402902 0.134219 0.0717068 
576
1 1 1 1 1 1 0 
3.55428 10.475 8.07118 12.4266 16.8099 17.3241 15.8097 
-0.55058 -0.774412 -0.226605 -0.525484 -0.142431 -0.386323 -0.690413 
576
0 0 0 
3.0138 8.00209 12.4944 
0.398363 0.13935 0.0717998 
580
1 1 1 1 1 0 1 
3.62964 7.86833 10.545 11.5779 11.9419 14.9811 18.8975 
-0.55681 -0.225882 -0.768187 -0.52724 -0.142511 -0.690895 -0.387207 
580
0 0 0 
2.62387 8.56168 12.6707 
0.411995 0.137042 0.076826 
584
0 0 0 
2.86523 8.71025 13.4663 
0.405017 0.135829 0.0696592 
588
1 1 1 1 1 0 1 
3.38133 7.52748 9.94306 13.8531 13.9355 15.6182 17.1794 
-0.554933 -0.228943 -0.77467 -0.521478 -0.143774 -0.69063 -0.387192 
592
1 1 1 1 1 0 1 
3.52869 10.1966 7.5136 16.4573 15.3881 16.0409 19.794 
-0.557242 -0.775158 -0.226236 -0.142216 -0.516206 -0.692632 -0.388248 
588
0 0 0 
3.02696 8.31383 11.1489 
0.395596 0.137576 0.0710757 
596
0 0 0 0 
3.15868 8.27297 13.1785 20.1592 
0.39521 0.137065 0.06996 0.0501164 
600
0 0 0 0 
3.30718 8.28676 12.7343 20.1268 
0.380319 0.136744 0.0699602 0.0496383 
596
1 1 1 1 1 0 1 
3.35829 7.09334 8.03529 11.6025 11.9736 16.3762 15.8743 
-0.554859 -0.225837 -0.773588 -0.519987 -0.139639 -0.688245 -0.389011 
600
1 1 1 1 1 0 1 
3.60363 7.15598 10.7902 14.0019 12.1837 16.3482 17.3593 
-0.552416 -0.225717 -0.776353 -0.522526 -0.137375 -0.687869 -0.388272 
604
1 1 1 1 1 0 1 1 
3.4388 8.02219 10.4969 13.5478 12.6039 16.7994 16.0911 15.4412 
-0.554719 -0.222625 -0.771433 -0.522342 -0.139165 -0.688701 -0.390697 -0.0978619 
608
0 0 0 0 
2.92577 8.12744 11.6147 16.3309 
0.406248 0.136441 0.0699061 0.0543281 
608
1 1 1 1 1 0 1 1 
3.16584 7.729 10.1428 13.7382 14.1606 15.3627 19.6091 15.8431 
-0.547308 -0.229128 -0.774628 -0.137694 -0.522122 -0.686669 -0.388828 -0.0976711 
612
1 1 1 1 1 1 
3.19215 9.09698 7.29565 14.6377 11.41 19.2585 
-0.548355 -0.771797 -0.229361 -0.522488 -0.136844 -0.386645 
612
0 0 0 0 
3.35281 8.38008 11.1953 16.0634 
0.392546 0.13711 0.0689941 0.0541464 
616
0 0 0 
2.64364 7.85016 12.0624 
0.418876 0.142138 0.0696078 
616
1 1 1 1 1 0 1 
3.44182 7.06057 8.47355 13.5083 14.6622 13.7205 17.6502 
-0.550909 -0.229175 -0.771425 -0.140144 -0.523524 -0.685365 -0.386236 
620
1 1 1 1 0 1 1 1 
3.30923 7.56403 9.33727 12.393 16.1597 14.9169 17.0341 15.6065 
-0.558219 -0.224123 -0.772931 -0.139118 -0.692321 -0.523982 -0.386541 -0.312917 
620
0 0 0 0 
2.83474 8.05258 13.7295 19.788 
0.408646 0.136374 0.071444 0.0493912 
624
1 1 1 1 1 1 0 
3.41533 9.93458 7.97592 12.1265 18.9706 12.5121 12.6809 
-0.56293 -0.781308 -0.235147 -0.139131 -0.387668 -0.522993 -0.690436 
628
1 1 1 1 0 1 1 
3.41547 8.49565 9.69022 14.1125 14.1864 14.8974 17.1089 
-0.568304 -0.236464 -0.78152 -0.143872 -0.695415 -0.528107 -0.386261 
632
1 1 1 1 0 1 
3.33651 7.64804 13.9184 9.1888 19.2323 18.0375 
-0.575532 -0.774803 -0.144833 -0.5151 -0.698184 -0.394993 
636
1 1 1 1 1 0 1 
3.35761 8.50414 9.60825 13.4999 13.3161 16.4474 16.7702 
-0.581176 -0.22995 -0.788393 -0.143579 -0.53242 -0.698701 -0.387003 
636
0 0 0 0 
3.08498 7.47787 13.2537 17.1266 
0.411033 0.144907 0.0720418 0.0493266 
640
0 0 0 0 
2.88515 8.05336 13.2669 16.5635 
0.415385 0.137425 0.0711988 0.049935 
640
1 1 1 1 1 0 1 
3.48976 7.43854 7.84339 11.7602 10.9088 16 15.1594 
-0.588172 -0.780208 -0.228364 -0.150175 -0.525299 -0.694087 -0.389724 
644
1 1 1 1 1 0 1 
3.29586 7.28687 12.3621 9.01872 12.4154 15.9605 20.0438 
-0.587613 -0.230364 -0.531308 -0.786394 -0.149423 -0.703471 -0.391761 
648
0 0 0 0 
2.56179 6.62407 13.0272 18.8913 
0.43835 0.146879 0.0680091 0.0518956 
648
1 1 1 1 1 1 0 1 
3.28449 7.21159 8.52906 15.7041 13.4167 16.0313 14.4581 14.7257 
-0.59559 -0.229815 -0.79054 -0.147992 -0.530183 -0.399241 -0.702503 -0.393234 
652
1 1 1 1 1 0 1 
3.1566 7.01685 9.05916 13.006 11.6693 15.6228 16.2641 
-0.611405 -0.235159 -0.797962 -0.529623 -0.144256 -0.70609 -0.39112 
652
0 0 0 0 
2.79693 6.42375 11.8276 15.824 
0.434393 0.145116 0.0792452 0.052088 
656
1 1 1 1 0 1 1 
3.40716 7.65964 9.80755 12.8242 16.4609 10.9641 17.8766 
-0.6195 -0.242557 -0.796612 -0.530089 -0.704946 -0.144108 -0.391935 
660
0 0 0 
2.5016 7.42082 12.1775 
0.458137 0.15137 0.0830024 
660
1 1 1 1 0 1 1 
3.50355 7.79145 9.43511 12.6762 17.2054 11.0857 17.0725 
-0.62656 -0.798741 -0.235519 -0.146319 -0.709411 -0.532365 -0.391525 
664
1 1 1 0 1 1 1 
3.21361 7.26261 10.4618 16.4128 12.3047 11.2991 17.2759 
-0.636106 -0.240621 -0.799 -0.707015 -0.145067 -0.531412 -0.397364 
664
0 0 0 
2.59202 7.74064 11.0966 
0.458325 0.14962 0.0876478 
668
1 1 1 1 0 1 1 1 
2.93739 7.20658 9.25202 13.2401 12.4969 9.94325 15.6044 15.9358 
-0.639736 -0.237293 -0.807505 -0.1458 -0.706098 -0.531186 -0.391446 -0.0979956 
672
1 1 1 0 1 1 1 1 
3.03008 8.93798 6.9958 16.7105 10.9677 18.8247 17.7221 10.2761 
-0.650859 -0.809924 -0.227797 -0.703566 -0.144591 -0.102771 -0.391035 -0.543109 
668
0 0 0 0 
2.55953 7.31949 11.5818 11.7593 
0.468279 0.152928 0.0857376 0.00104453 
676
1 1 1 0 1 1 1 
2.89795 7.31006 9.47302 11.6164 15.3591 8.69111 16.0573 
-0.653578 -0.234783 -0.813458 -0.70558 -0.147264 -0.526288 -0.388186 
676
0 0 0 
2.3911 13.0337 6.56546 
0.503398 0.0827523 0.170371 
680
0 0 0 0 
2.2976 7.04425 14.5995 14.4838 
0.514281 0.164979 0.0876559 0.0672997 
680
1 1 1 1 1 0 1 
2.55215 9.18179 6.95747 12.7286 10.6114 15.6794 16.7686 
-0.658415 -0.811509 -0.23073 -0.14137 -0.530013 -0.705675 -0.388365 
684
0 0 0 0 
2.25947 6.29102 12.6713 13.8321 
0.533789 0.169316 0.0922931 0.0648962 
684
1 1 1 1 0 1 1 
3.03688 9.56939 7.40113 12.0642 13.7237 18.7978 13.1511 
-0.67086 -0.811717 -0.237059 -0.137002 -0.712682 -0.387067 -0.536816 
688
0 0 0 
2.37759 7.79815 12.8742 
0.535265 0.172492 0.0967538 
688
1 1 1 1 0 1 1 
2.49644 9.68373 7.08757 11.2091 15.3975 10.4735 16.0415 
-0.689593 -0.811508 -0.233145 -0.140503 -0.705744 -0.525502 -0.388462 
692
1 1 1 1 1 0 1 
2.84724 7.51358 10.3761 15.1191 13.2469 16.2975 9.80709 
-0.695206 -0.230761 -0.815936 -0.130628 -0.531786 -0.707624 -0.392474 
696
1 1 1 1 1 0 0 1 1 
2.82679 6.0885 9.43005 10.2462 13.2612 9.64569 12.1628 15.1999 14.0381 
-0.702332 -0.223582 -0.816264 -0.127019 -0.528357 -0.69594 -0.706312 -0.385201 -0.0837278 
696
0 0 0 
2.27038 6.81989 11.9725 
0.584184 0.187091 0.104546 
700
0 0 0 
2.06676 7.28206 11.9962 
0.608622 0.193046 0.111196 
704
0 0 0 
2.2312 6.75571 12.9024 
0.612708 0.198135 0.120472 
704
1 1 1 1 1 0 1 
2.39467 6.57468 9.63998 14.5276 11.5442 13.572 11.8363 
-0.718443 -0.23097 -0.813849 -0.523089 -0.116392 -0.697528 -0.380771 
708
1 1 1 1 0 1 1 1 1 1 
2.61848 7.49658 9.8932 12.4816 13.8001 14.335 17.2162 15.6141 16.3387 22.8889 
-0.727915 -0.223147 -0.814145 -0.11411 -0.696258 -0.524306 -0.0724458 -0.223601 -0.368166 -0.285079 
708
0 0 0 
1.97409 7.17124 13.1633 
0.648447 0.202022 0.123971 
712
0 0 0 
1.98229 7.15203 12.0203 
0.663586 0.212258 0.130262 
712
1 1 1 1 1 0 1 
2.45347 6.95836 8.83714 12.9208 15.3921 15.5603 15.7182 
-0.73727 -0.221942 -0.81198 -0.114351 -0.521231 -0.694041 -0.367869 
716
0 0 0 0 
1.96433 5.9403 11.3708 12.1642 
0.690586 0.22223 0.135558 0.111768 
716
1 1 1 0 1 1 1 1 
2.29173 8.48797 9.38379 16.1723 9.71217 13.3979 17.1592 23.8745 
-0.75651 -0.220213 -0.816288 -0.694216 -0.116389 -0.522206 -0.364577 -0.0976222 
720
1 1 1 1 1 1 1 1 
2.26476 6.82694 9.3985 11.8728 12.6288 28.1774 19.6042 17.7068 
-0.758954 -0.210157 -0.819739 -0.104988 -0.520896 -0.0988787 -0.360563 -0.0584125 
720
0 0 0 
1.81972 6.89614 12.5575 
0.7274 0.220567 0.138349 
724
1 1 1 1 0 1 1 1 1 
2.60647 6.31496 10.6673 14.1545 13.0905 14.4608 16.7077 18.6929 18.4022 
-0.780467 -0.219183 -0.820027 -0.111582 -0.687546 -0.522252 -0.359777 -0.0557715 -0.266549 
728
0 0 0 0 
1.96876 6.70957 8.92876 17.0537 
0.752519 0.228289 0.144383 0.112583 
732
0 0 0 0 
2.12572 5.80396 11.7079 18.7942 
0.761186 0.23092 0.142504 0.113411 
736
0 0 0 0 
1.74117 6.0853 10.3413 17.7153 
0.830715 0.236154 0.138696 0.114214 
732
1 1 1 1 0 1 1 1 1 
2.58626 6.48172 9.89078 10.6948 15.4095 12.4987 16.751 20.0583 14.345 
-0.822259 -0.216301 -0.82558 -0.110199 -0.697589 -0.526432 -0.359905 -0.268828 -0.0594357 
736
1 1 1 1 1 0 1 1 1 
2.07151 9.41049 6.82417 11.4205 10.7981 11.4487 16.0867 12.3899 18.6992 
-0.831245 -0.828938 -0.219879 -0.110545 -0.524243 -0.69561 -0.0575228 -0.361798 -0.268369 
740
1 1 1 1 1 1 0 1 
2.1687 9.68481 6.21808 10.5461 8.52899 16.2764 13.0602 13.025 
-0.856395 -0.837533 -0.231543 -0.53123 -0.108365 -0.36092 -0.694613 -0.0595487 
744
1 1 1 1 1 1 0 1 1 1 
2.20301 6.22294 10.0312 11.5804 11.1641 19.9995 10.6976 13.6717 9.80477 17.8733 
-0.87545 -0.23001 -0.843475 -0.108275 -0.525769 -0.364582 -0.700216 -0.0589528 -0.534932 -0.269206 
740
0 0 0 0 
6.40373 1.89445 11.0882 13.9902 
0.234355 0.821838 0.143503 0.122391 
748
0 0 0 0 
5.44761 2.71393 11.0969 18.1695 
0.251535 0.835225 0.155143 0.117735 
748
1 1 1 1 1 1 0 1 
1.97836 5.66532 9.23324 10.3983 17.0139 13.0963 14.0526 16.5158 
-0.908727 -0.220196 -0.846682 -0.107899 -0.364046 -0.528884 -0.708697 -0.0572544 
752
1 1 1 1 1 0 1 1 
1.73818 6.10595 9.35304 11.3823 12.3194 14.9239 14.7776 14.9055 
-0.934352 -0.234419 -0.852179 -0.104813 -0.532947 -0.708507 -0.365294 -0.0588084 
756
0 0 0 0 
5.81376 2.78049 10.6134 17.1892 
0.255973 0.832057 0.150122 0.122631 
756
1 1 1 1 1 0 1 1 1 
6.38906 11.0233 9.19468 1.40646 11.1895 14.9696 10.3809 15.1675 14.1287 
-0.239679 -0.10657 -0.853456 -0.981398 -0.533069 -0.716978 -0.544519 -0.0548906 -0.366333 
760
0 0 0 
5.47316 10.003 13.5657 
0.259118 0.153196 0.121405 
764
0 0 0 
5.86796 11.4287 17.2919 
0.261873 0.150493 0.125375 
760
1 1 1 1 1 0 1 1 0 
5.88063 7.42643 11.4964 11.9012 12.861 14.8053 13.5413 1.58318 21.8811 
-0.225421 -0.8585 -0.106805 -0.37608 -0.542064 -0.716006 -0.0574192 -0.993607 -0.524335 
764
1 1 1 1 1 0 1 1 1 
5.71863 8.27956 9.07379 11.162 12.794 13.395 14.7096 24.1311 12.558 
-0.230921 -0.867842 -0.111823 -0.541073 -0.37566 -0.715735 -0.0537325 -0.276548 -0.366821 
768
0 0 0 
5.80658 9.78409 8.74589 
0.264452 0.152876 0.133384 
772
1 1 1 1 1 0 1 0 
6.08343 8.51699 13.0569 13.3849 10.8225 13.8337 20.286 16.1239 
-0.236343 -0.885123 -0.54389 -0.380308 -0.110598 -0.722097 -0.0592897 -0.522227 
772
0 0 0 
5.16277 9.55468 14.1153 
0.274066 0.153481 0.130674 
776
1 1 1 1 1 0 1 0 
7.33218 8.41811 11.448 11.0358 19.0511 14.2963 16.4849 12.4643 
-0.243692 -0.894997 -0.111485 -0.545905 -0.38053 -0.725354 -0.059105 -0.530382 
780
1 1 1 1 0 0 1 1 1 0 
9.78975 5.31802 11.493 10.4132 12.6609 18.1182 15.8665 16.2589 24.3078 14.5385 
-0.900672 -0.236537 -0.110757 -0.556301 -0.741099 -0.527128 -0.378796 -0.0586522 -0.276476 -0.723399 
776
0 0 0 
6.34893 11.0347 13.7208 
0.264555 0.155008 0.129032 
780
0 0 0 
4.86322 10.9577 15.4665 
0.270787 0.156733 0.124348 
784
0 0 0 
4.65806 10.0952 18.8861 
0.281463 0.158929 0.122058 
788
1 1 1 0 1 0 1 1 1 
6.18116 12.2597 11.0509 15.123 13.4314 15.581 4.51139 15.6792 18.8085 
-0.258418 -0.559408 -0.110651 -0.743053 -0.0542564 -0.541486 -0.919567 -0.382877 -0.284744 
788
0 0 0 
4.99469 10.412 18.1093 
0.279874 0.1603 0.119778 
792
1 1 1 1 0 0 1 
5.6328 12.1337 11.4061 9.81821 12.0037 20.1592 16.4981 
-0.254295 -0.115228 -0.389935 -0.568967 -0.739596 -0.539628 -0.056512 
792
0 0 0 
5.02311 9.88453 15.7459 
0.283893 0.167418 0.124626 
796
1 1 1 1 0 0 1 1 
5.83638 11.4112 15.9293 11.8882 11.192 18.8408 12.9325 21.7442 
-0.263073 -0.113662 -0.389359 -0.564056 -0.742553 -0.539043 -0.0540367 -0.284482 
800
0 0 0 
5.42347 10.3398 14.0421 
0.287937 0.158264 0.124515 
800
1 1 1 0 1 0 0 1 1 
5.09477 10.1445 9.61091 14.0489 17.0324 9.20817 16.2103 16.2897 18.4885 
-0.257502 -0.575617 -0.119689 -0.753499 -0.387876 -0.752909 -0.540517 -0.0562753 -0.0944129 
804
1 1 1 0 0 1 1 1 
5.35391 9.5226 8.50959 12.6276 18.3095 13.4238 23.6989 15.7886 
-0.267299 -0.574552 -0.125337 -0.749377 -0.544164 -0.392093 -0.0970785 -0.06088 
804
0 0 0 
4.59039 9.32343 11.1653 
0.302611 0.162631 0.126305 
808
0 0 0 
4.92784 10.2173 15.6819 
0.298895 0.159318 0.130821 
808
1 1 1 0 0 1 1 
5.49794 10.3996 9.18233 13.2306 15.4092 23.0768 14.6291 
-0.275198 -0.579067 -0.126259 -0.755532 -0.545921 -0.0962019 -0.387001 
812
1 1 0 1 0 1 1 
5.6473 9.60126 12.8374 23.1645 15.9707 18.6272 14.3418 
-0.277095 -0.117393 -0.760297 -0.0955416 -0.547629 -0.105149 -0.394616 
812
0 0 
5.12499 10.7836 
0.298357 0.165633 
816
0 0 0 
5.68797 11.0401 12.0596 
0.297314 0.166446 0.124458 
820
0 0 0 
4.79058 10.2194 14.4515 
0.310056 0.168741 0.128146 
820
1 1 1 0 1 0 1 1 
5.47794 12.0057 9.64064 15.2604 16.0167 19.6689 21.4083 16.0048 
-0.281942 -0.585604 -0.123796 -0.765581 -0.392726 -0.549746 -0.0989383 -0.0618554 
824
1 1 0 1 1 0 1 1 
5.02447 8.42767 10.9538 12.6614 15.9925 11.0573 16.3347 28.6625 
-0.285643 -0.124249 -0.775332 -0.585838 -0.39773 -0.548815 -0.103629 -0.0956164 
824
0 0 0 0 
4.84851 11.0487 11.8317 23.1805 
0.312557 0.170251 0.134505 0.109681 
828
0 0 0 
4.75638 9.73261 13.8024 
0.322245 0.1742 0.132612 
832
0 0 0 
4.59156 10.0671 14.9157 
0.326125 0.173246 0.133532 
832
1 1 1 0 0 1 1 1 
4.88813 10.5083 11.1337 11.7429 10.7564 14.9656 15.9572 22.258 
-0.293449 -0.592398 -0.125449 -0.776175 -0.565251 -0.061059 -0.402088 -0.103692 
836
1 1 1 0 1 1 1 
4.54322 11.1007 10.771 13.6397 14.2571 14.299 20.4641 
-0.293046 -0.599563 -0.124789 -0.778582 -0.0604487 -0.40165 -0.190288 
836
0 0 0 0 
4.32281 10.2783 16.0498 20.392 
0.33763 0.176643 0.130596 0.11116 
840
1 1 1 0 1 1 0 1 
4.60023 12.9839 10.3588 12.475 17.9209 18.2544 18.3232 15.4428 
-0.30364 -0.60343 -0.12387 -0.778978 -0.406168 -0.188031 -0.563477 -0.063342 
848
1 1 1 0 0 1 1 1 1 1 
4.60263 8.51047 12.4509 12.0616 18.0728 15.8992 15.3315 24.3787 21.3996 19.4077 
-0.315955 -0.13396 -0.610429 -0.79195 -0.568906 -0.412435 -0.071891 -0.168259 -0.135547 -0.302913 
844
0 0 
4.74743 8.04356 
0.333161 0.178294 
848
0 0 0 
4.49206 8.95411 16.1941 
0.335344 0.172851 0.128259 
852
1 1 1 0 1 0 1 1 
4.4481 9.5534 10.688 13.2939 16.1325 18.2056 9.00834 17.3725 
-0.323477 -0.13781 -0.61981 -0.801143 -0.412277 -0.57562 -0.0775633 -0.309245 
852
0 0 0 
4.57993 9.32954 15.3827 
0.335915 0.180065 0.126023 
856
0 0 0 
4.13053 10.1857 18.0075 
0.347027 0.176025 0.112486 
856
1 1 1 0 0 1 1 1 
4.73376 8.98436 11.9817 11.8191 13.5576 13.7965 15.867 17.9627 
-0.328841 -0.140412 -0.627389 -0.802438 -0.575797 -0.0736384 -0.415595 -0.3064 
860
1 1 1 0 1 1 0 0 1 
4.58214 7.0889 11.4029 10.3626 10.8068 12.2378 10.4624 16.1645 17.3469 
-0.339611 -0.134823 -0.631642 -0.808721 -0.424124 -0.0679029 -0.581922 -0.573713 -0.305325 
864
1 1 1 1 0 1 1 1 1 
4.34371 9.47914 11.1118 13.2999 15.6945 9.89359 22.7639 20.7473 18.6853 
-0.331778 -0.14249 -0.629992 -0.419941 -0.580696 -0.0795581 -0.111791 -0.244268 -0.206523 
864
0 0 0 
3.99189 6.16857 12.9744 
0.359992 0.176105 0.12645 
868
1 1 1 0 1 1 1 1 1 
4.55213 9.84473 10.5535 17.8955 14.0555 12.1372 19.2458 16.0301 21.4544 
-0.344617 -0.138406 -0.64523 -0.587048 -0.41882 -0.0718324 -0.105941 -0.139505 -0.206371 
872
1 1 0 1 0 1 1 1 1 
4.17215 7.95879 12.5893 11.8188 16.4806 12.8595 13.7523 17.6543 23.0683 
-0.355548 -0.140954 -0.824434 -0.642012 -0.59051 -0.424084 -0.0707623 -0.203197 -0.111664 
868
0 0 0 
4.09121 8.57093 18.1848 
0.363662 0.17846 0.131838 
876
0 0 0 0 
4.03031 8.34154 12.2422 18.3054 
0.38193 0.18289 0.135876 0.112524 
876
1 1 1 0 0 1 1 1 
4.47239 7.79005 10.5884 12.2925 12.6331 15.075 12.931 14.39 
-0.358575 -0.153254 -0.640088 -0.832046 -0.584985 -0.428478 -0.0756654 -0.20379 
880
1 1 1 0 1 0 1 1 
4.40257 10.4723 8.63435 16.6159 13.9085 12.4538 12.6699 18.0839 
-0.368346 -0.642458 -0.144933 -0.593628 -0.43075 -0.834531 -0.0696172 -0.114876 
880
0 0 0 
4.2997 7.0017 12.9002 
0.376515 0.184613 0.140393 
884
1 1 0 1 0 1 1 1 0 1 1 
4.21519 9.20765 12.4276 9.97542 10.4763 15.4753 13.1999 13.4734 17.5925 21.8109 24.8379 
-0.37738 -0.144795 -0.838132 -0.651159 -0.6128 -0.429693 -0.318836 -0.0749806 -0.596768 -0.175143 -0.113907 
888
0 0 0 0 
3.84825 8.57852 11.1924 19.3611 
0.389075 0.190408 0.145756 0.109206 
888
1 1 1 0 0 1 1 1 1 1 
3.82171 11.336 9.55796 11.8875 14.439 14.9554 13.0824 26.7314 15.5068 18.8649 
-0.383464 -0.664485 -0.144743 -0.844801 -0.608611 -0.31449 -0.433279 -0.113626 -0.0761104 -0.172428 
892
1 1 1 1 0 0 0 1 1 1 1 1 
4.02531 9.78175 10.3905 12.3112 14.1353 17.7543 21.4252 13.5888 12.9792 20.3804 18.1011 22.4088 
-0.388123 -0.152542 -0.669536 -0.436582 -0.84263 -0.600607 -0.460442 -0.314479 -0.0807682 -0.178587 -0.142093 -0.112291 
892
0 0 0 0 
4.04365 8.54802 12.1503 19.2857 
0.396778 0.190415 0.137689 0.108835 
896
0 0 0 
3.60954 8.66989 11.0883 
0.413229 0.188956 0.139518 
900
1 1 1 0 0 1 1 1 0 1 1 
3.81085 9.67786 9.25157 13.0417 16.1848 23.9556 13.2251 15.7843 17.8926 15.1727 15.8818 
-0.409036 -0.157131 -0.68404 -0.856713 -0.617878 -0.180965 -0.0745819 -0.451068 -0.465187 -0.328704 -0.253683 
900
0 0 0 
2.96998 8.20864 11.001 
0.440959 0.187431 0.140586 
904
1 1 1 0 0 1 1 1 
4.00115 8.55992 12.2403 11.7674 13.0438 17.1828 14.7177 18.591 
-0.421176 -0.148509 -0.680445 -0.862775 -0.61512 -0.449552 -0.0787141 -0.177141 
908
1 1 1 0 1 0 1 1 1 1 
3.9579 7.77223 10.5732 13.0792 12.9463 14.8429 18.6568 14.3634 14.8158 22.6419 
-0.415745 -0.156988 -0.679199 -0.868851 -0.448613 -0.620839 -0.177007 -0.0788378 -0.25252 -0.113642 
908
0 0 0 
2.97549 8.07633 14.3385 
0.454181 0.196567 0.13807 
912
1 1 1 0 1 0 1 1 1 
3.76973 7.39578 10.9658 13.2099 12.4947 16.8674 10.308 16.9704 13.3441 
-0.427776 -0.160551 -0.686339 -0.871801 -0.452621 -0.613234 -0.0857943 -0.257692 -0.330152 
916
1 1 0 1 1 0 1 1 
3.41633 8.31905 12.0733 9.85323 11.9062 14.6504 19.8318 17.0766 
-0.444102 -0.161396 -0.873681 -0.694523 -0.455366 -0.628603 -0.116027 -0.157296 
916
0 0 0 0 
3.38989 9.75257 11.2439 16.0671 
0.455782 0.194574 0.141804 0.0558557 
920
1 1 1 1 0 0 1 1 1 1 1 
3.18396 8.41679 12.451 14.0224 8.64315 15.353 24.7404 22.5361 11.1623 13.0006 18.3703 
-0.445573 -0.158323 -0.6979 -0.46444 -0.896985 -0.628284 -0.21776 -0.11812 -0.0929072 -0.155982 -0.330233 
920
0 0 0 0 0 
3.19728 8.10278 12.5301 19.3531 19.5381 
0.468139 0.200877 0.140681 0.112082 0.0577517 
924
1 1 1 1 0 0 1 1 1 1 1 0 
3.69165 7.88342 8.28588 11.4103 13.179 18.3512 11.6395 19.6033 19.0278 19.3487 18.9979 19.1945 
-0.457927 -0.158938 -0.701277 -0.469919 -0.893009 -0.630857 -0.0915166 -0.224208 -0.119729 -0.264303 -0.334409 -0.479503 
928
0 0 0 
2.73711 8.44116 12.2431 
0.495504 0.205807 0.145076 
932
0 0 0 0 
2.8347 7.90793 10.3769 12.0715 
0.505954 0.208927 0.13754 0.111774 
928
1 1 1 1 0 0 1 1 1 
3.73819 8.25781 9.69171 15.169 12.5496 15.6829 10.9384 22.5498 13.9813 
-0.475816 -0.16936 -0.716138 -0.469945 -0.890164 -0.633122 -0.0958249 -0.129221 -0.341021 
936
1 1 1 1 1 0 1 0 1 
3.30179 10.1425 8.38331 15.22 13.0967 14.8797 13.7012 8.19112 21.3358 
-0.489269 -0.730254 -0.175059 -0.471975 -0.0950133 -0.640086 -0.345945 -0.912701 -0.194032 
936
0 0 0 0 
2.9529 7.66486 10.1027 10.7907 
0.500904 0.207428 0.149663 0.112634 
940
1 1 1 1 1 0 1 1 1 
3.61971 7.34445 9.74196 14.1215 14.1213 16.5096 12.6701 20.2287 21.7869 
-0.50807 -0.178301 -0.726755 -0.475933 -0.0958938 -0.644584 -0.346618 -0.127302 -0.194093 
940
0 0 0 0 
3.10737 8.40081 12.6897 13.4305 
0.501372 0.206356 0.142958 0.110035 
944
1 1 1 1 0 1 1 1 1 
3.48497 7.42462 10.2662 13.612 15.6403 12.3608 19.1909 19.7036 13.0727 
-0.522229 -0.182686 -0.737698 -0.477546 -0.647891 -0.097889 -0.19525 -0.127978 -0.348175 
948
0 0 0 0 
2.70536 14.4107 6.65601 12.2504 
0.549435 0.142973 0.220316 0.112011 
948
1 1 1 1 1 0 1 
2.8602 7.50657 11.3125 13.4245 11.2705 13.534 25.6084 
-0.524704 -0.179881 -0.740344 -0.480494 -0.0979623 -0.646468 -0.198125 
952
1 1 1 1 1 0 1 1 1 1 
2.91694 7.73748 7.94324 15.2778 14.1864 13.211 16.2161 22.5614 27.4153 22.3419 
-0.533298 -0.183717 -0.741889 -0.482989 -0.0931183 -0.650048 -0.343965 -0.277551 -0.197796 -0.124981 
956
0 0 0 0 
2.63507 8.01253 13.7298 11.0766 
0.566189 0.211383 0.144642 0.117553 
960
0 0 0 
2.84785 7.38268 13.8579 
0.564704 0.220674 0.144356 
956
1 1 1 1 1 1 1 0 1 1 1 
2.86356 8.97339 10.0585 12.223 10.7659 23.9901 24.5527 18.7706 17.9671 16.2873 20.0307 
-0.54645 -0.183718 -0.745493 -0.0939547 -0.487893 -0.126043 -0.231326 -0.656243 -0.281781 -0.348407 -0.19522 
960
1 1 1 1 1 0 1 1 1 1 1 
3.02709 7.68845 11.5593 13.9008 11.7765 16.7465 15.725 10.7565 17.3611 15.8908 19.4839 
-0.566231 -0.186761 -0.756021 -0.490799 -0.0875591 -0.658927 -0.347067 -0.241149 -0.281588 -0.191602 -0.125494 
964
0 0 0 
2.52526 8.01732 9.12787 
0.595289 0.217025 0.144433 
968
1 1 1 1 0 1 1 1 
2.92036 8.71983 8.54885 9.70852 15.1915 12.3773 15.6701 15.7957 
-0.584643 -0.192021 -0.768174 -0.500362 -0.659231 -0.0934028 -0.351209 -0.125802 
968
0 0 0 0 
2.59635 7.57962 10.604 13.869 
0.607115 0.215976 0.141242 0.117431 
972
0 0 0 
2.445 6.89536 10.251 
0.623631 0.224307 0.143719 
972
1 1 1 1 1 0 1 1 1 1 
2.69168 7.61289 9.16912 8.98621 8.14867 14.5267 13.2996 13.771 16.8891 14.3502 
-0.609807 -0.189271 -0.773878 -0.506561 -0.110815 -0.664449 -0.093415 -0.353184 -0.280236 -0.126479 
976
0 0 0 0 
2.23683 7.80897 10.7566 15.4063 
0.651737 0.217506 0.148087 0.118342 
976
1 1 1 0 1 1 1 1 1 1 
2.83127 8.96373 8.47474 11.9298 12.7132 14.7442 9.13669 15.4834 18.8537 17.3807 
-0.633281 -0.776878 -0.196515 -0.667279 -0.502344 -0.0978277 -0.110963 -0.360323 -0.284183 -0.125244 
980
1 1 1 1 0 1 1 1 1 1 1 1 1 
2.65553 9.93867 7.16328 11.5449 15.0809 12.9329 15.9615 15.7363 19.9129 17.595 19.2981 23.0512 16.3488 
-0.640576 -0.784182 -0.206021 -0.500748 -0.670239 -0.09962 -0.0722632 -0.361421 -0.132829 -0.0991339 -0.200973 -0.169125 -0.285743 
980
0 0 0 0 
2.24358 7.46533 10.701 18.6909 
0.652726 0.225498 0.149568 0.113983 
984
1 1 1 1 1 1 0 1 1 1 1 
2.56076 7.21842 10.5371 11.3521 9.33224 13.6395 16.2347 20.2089 11.8584 16.4488 19.2742 
-0.667799 -0.201296 -0.793065 -0.10379 -0.11429 -0.504178 -0.680778 -0.237975 -0.36728 -0.212513 -0.171292 
988
1 0 1 1 1 1 1 1 1 1 
2.81779 14.5647 9.42313 6.99283 10.3418 11.1735 18.9953 16.315 21.4059 20.5651 
-0.683465 -0.683258 -0.797544 -0.209346 -0.10657 -0.512553 -0.363567 -0.242968 -0.170783 -0.209538 
992
1 1 1 1 0 1 0 1 1 1 1 
2.6691 10.0359 7.12449 10.518 13.136 9.95871 10.134 17.9485 21.8977 20.9159 22.0827 
-0.699812 -0.806227 -0.20978 -0.106413 -0.686623 -0.522991 -0.686281 -0.363063 -0.241678 -0.210649 -0.171484 
992
0 0 0 0 
2.27401 6.47086 11.8316 18.2092 
0.702309 0.224418 0.147043 0.113372 
996
1 1 1 1 1 1 0 1 1 1 1 
2.20575 8.9033 8.21372 10.2807 12.0163 18.4776 13.2366 15.557 15.7595 22.3948 17.3313 
-0.717174 -0.806916 -0.211064 -0.108218 -0.514058 -0.366193 -0.693001 -0.299523 -0.217699 -0.17549 -0.140039 
996
0 0 0 0 
1.9727 6.58427 9.57277 18.3956 
0.744717 0.232059 0.146603 0.114007 
1000
0 0 0 0 
2.09556 7.19819 11.9494 18.7022 
0.761788 0.223899 0.147924 0.111127 
1004
1 1 1 0 1 1 1 1 1 
1.89546 6.09192 8.79222 15.6613 10.1509 13.988 17.7872 19.7686 13.9173 
-0.761621 -0.224262 -0.819932 -0.700701 -0.116282 -0.525216 -0.377071 -0.213201 -0.138201 
1004
0 0 0 0 
1.74921 6.68514 11.8532 18.7613 
0.793671 0.228481 0.149108 0.11341 
1008
0 0 0 0 0 
1.90965 6.46726 10.3503 19.3359 16.0919 
0.82122 0.238247 0.151846 0.112286 0.049809 
1012
0 0 0 0 
1.6165 6.18529 8.07711 18.1395 
0.880383 0.241092 0.156586 0.112632 
1012
1 1 1 1 0 1 1 1 1 1 1 
2.074 6.45054 9.06025 9.59486 15.9519 17.3875 11.7855 18.9806 13.0949 13.984 19.394 
-0.804154 -0.226136 -0.836938 -0.122768 -0.708528 -0.379275 -0.385298 -0.217238 -0.531622 -0.308121 -0.178887 
1016
1 1 1 1 1 0 1 1 1 1 0 
1.66492 6.58367 8.85627 10.1647 10.0481 13.3608 19.4512 15.1922 15.9611 19.9183 17.0771 
-0.834309 -0.228982 -0.842586 -0.12151 -0.539991 -0.721033 -0.144308 -0.219507 -0.37794 -0.184919 -0.499454 
1016
0 0 0 0 
1.69801 5.59799 11.7573 16.4389 
0.878908 0.251122 0.156039 0.117517 
1020
0 0 0 0 
1.90627 5.90251 11.6453 15.8501 
0.903453 0.242954 0.146344 0.108548 
1020
1 1 1 1 0 1 1 0 1 1 1 1 
2.2772 6.62129 9.74522 9.37903 12.7488 16.7457 10.9816 17.8224 15.8976 18.5762 14.6091 20.5776 
-0.865254 -0.233658 -0.854678 -0.122323 -0.718004 -0.381633 -0.539705 -0.503114 -0.218191 -0.144662 -0.253476 -0.306449 
1024
0 0 0 0 
4.51553 2.52364 11.3384 18.8026 
0.250892 0.899926 0.148769 0.115533 
1028
1 1 1 0 1 1 1 0 1 1 1 
1.4879 6.22487 9.09193 11.611 11.3718 11.2284 18.4181 19.1322 21.5286 13.378 16.9059 
-0.934065 -0.241887 -0.856213 -0.718911 -0.121454 -0.540288 -0.387666 -0.507869 -0.184339 -0.26354 -0.142762 
1028
0 0 0 0 
5.27233 12.5833 2.25279 17.7089 
0.257457 0.151052 0.960518 0.116064 
1032
1 1 1 1 1 0 1 0 0 1 1 1 1 
6.37311 8.6671 10.2694 1.4677 9.20418 12.6673 15.2286 17.9731 23.598 16.9379 15.3326 13.3458 15.8065 
-0.239772 -0.870302 -0.1274 -0.970756 -0.542152 -0.728507 -0.384915 -0.513205 -0.542276 -0.107377 -0.145867 -0.264305 -0.312927 
1036
1 1 1 1 0 1 1 1 1 0 1 0 
5.74799 9.61102 10.0917 11.7556 13.3707 15.4088 16.1332 15.5732 14.591 18.3667 14.7079 14.4026 
-0.240254 -0.87972 -0.553803 -0.119778 -0.726162 -0.228517 -0.18405 -0.264859 -0.389292 -0.51672 -0.109395 -0.541887 
1036
0 0 0 0 
6.13398 9.47593 16.359 21.046 
0.256592 0.154531 0.11716 0.053113 
1040
1 0 1 1 1 1 1 1 0 1 1 1 
5.36701 16.0819 9.34574 11.5742 11.9539 14.9796 19.6274 13.9666 14.9313 13.6722 18.3284 15.3205 
-0.249884 -0.731396 -0.885095 -0.123066 -0.552791 -0.388399 -0.190154 -0.103778 -0.508392 -0.229053 -0.184999 -0.265299 
1040
0 0 0 0 
5.60192 10.9404 11.9275 20.6783 
0.268443 0.151848 0.118997 0.0529581 
1044
0 0 0 0 
5.58787 10.6884 12.5995 21.7345 
0.27193 0.164334 0.118283 0.0513602 
1048
0 0 0 
5.75305 10.2771 18.3902 
0.271199 0.165154 0.117504 
1052
1 1 1 1 1 0 0 1 1 1 1 1 1 
5.85748 10.77 11.1002 6.00403 10.1895 17.4798 9.73233 14.2601 14.4704 16.4071 13.815 15.4073 13.3347 
-0.25681 -0.121614 -0.570574 -0.909624 -0.561774 -0.518274 -0.750209 -0.396171 -0.298061 -0.190217 -0.231385 -0.110693 -0.320865 
1052
0 0 0 0 
5.53571 10.7459 15.5371 19.2747 
0.274657 0.161841 0.120811 0.0527316 
1056
0 0 0 0 
5.09324 10.7993 16.3794 18.974 
0.27872 0.159711 0.118075 0.0533377 
1056
1 1 1 0 0 1 1 1 1 1 1 1 
5.93166 10.0053 12.1645 16.2524 13.728 15.1817 14.4814 17.3367 16.91 17.0659 22.0286 16.7324 
-0.262224 -0.124219 -0.569243 -0.522632 -0.749774 -0.236391 -0.400162 -0.196514 -0.154687 -0.114669 -0.303807 -0.0724615 
1060
0 0 0 
5.38701 11.2937 16.6787 
0.276127 0.158723 0.119022 
1064
0 0 0 0 
5.3366 9.41934 16.2447 20.7831 
0.285154 0.168664 0.119311 0.0527966 
1060
1 1 1 1 0 0 1 1 1 0 1 1 1 
6.16697 11.4987 12.5367 16.0203 16.8958 13.4789 20.7819 22.6625 16.5252 14.7315 17.584 18.934 15.9502 
-0.263806 -0.124839 -0.577342 -0.400441 -0.523028 -0.753763 -0.299297 -0.235612 -0.158463 -0.558504 -0.114521 -0.194139 -0.319516 
1068
1 1 1 1 0 1 1 0 1 1 0 1 1 1 
5.62351 13.1511 15.0958 11.272 16.3343 14.6368 15.9222 15.7993 14.1829 15.4588 17.3928 16.1402 18.5855 13.7706 
-0.270886 -0.578309 -0.400657 -0.129049 -0.766029 -0.158723 -0.269388 -0.563259 -0.234963 -0.324016 -0.53354 -0.194267 -0.301388 -0.238689 
1072
1 1 1 1 0 1 1 0 1 0 1 1 
5.72753 12.5601 15.1698 17.3382 13.3202 10.7292 15.5712 16.2705 18.1173 18.7687 15.4962 13.8707 
-0.281103 -0.58261 -0.409683 -0.158852 -0.771224 -0.130022 -0.196042 -0.566776 -0.238297 -0.531441 -0.269022 -0.329726 
1076
1 1 1 0 1 1 1 1 0 1 1 1 1 
5.84398 11.0181 10.5239 15.4927 16.218 13.5664 19.2763 16.6744 18.5609 14.5502 14.21 17.3317 15.6145 
-0.282031 -0.587263 -0.130666 -0.768349 -0.408747 -0.309409 -0.159868 -0.197301 -0.562028 -0.244497 -0.125515 -0.328927 -0.268965 
1072
0 0 0 0 
5.07213 9.81788 16.5195 20.5238 
0.296204 0.172827 0.118698 0.0512733 
1080
0 0 0 0 
5.1263 9.7113 16.5875 19.1492 
0.30455 0.170149 0.123821 0.0535689 
1080
1 1 0 1 0 1 0 1 1 1 1 1 1 
5.58442 10.4017 13.7688 11.735 18.1912 14.4933 14.8272 19.0946 17.2156 17.0019 18.3199 23.9343 14.6987 
-0.285137 -0.128752 -0.771382 -0.592027 -0.535124 -0.406859 -0.563575 -0.305254 -0.156132 -0.327324 -0.200082 -0.118746 -0.268542 
1084
1 1 0 1 1 1 1 1 0 1 1 1 0 1 1 
5.17592 10.3219 13.8652 11.1333 13.1471 12.4385 17.977 16.6353 17.7982 16.3034 12.0285 14.1487 13.4 17.894 16.7138 
-0.284093 -0.135567 -0.773496 -0.590779 -0.335699 -0.417307 -0.122769 -0.166492 -0.543497 -0.33043 -0.247414 -0.275914 -0.566294 -0.308406 -0.238746 
1088
1 1 1 1 1 0 0 1 1 0 1 1 0 1 
5.00612 10.055 9.90208 16.025 14.4605 12.1834 11.7049 18.3337 12.2566 17.1561 16.2417 17.4691 14.6013 15.3954 
-0.291175 -0.137801 -0.594786 -0.334576 -0.410659 -0.785286 -0.78211 -0.120862 -0.245977 -0.573033 -0.165629 -0.200525 -0.535999 -0.306853 
1088
0 0 0 0 0 
4.94142 10.9679 19.989 15.8293 14.1635 
0.299865 0.172098 0.0538548 0.121886 0.189152 
1092
1 1 1 0 0 1 1 1 1 1 0 1 1 1 1 0 
10.4757 5.67957 10.2338 11.3399 10.1212 14.6256 15.2089 15.295 16.3408 17.1417 16.313 13.0301 17.134 15.5491 14.127 16.6224 
-0.135439 -0.297162 -0.600698 -0.787966 -0.785723 -0.416385 -0.125191 -0.334333 -0.312456 -0.20055 -0.57903 -0.244634 -0.165688 -0.236559 -0.275139 -0.551174 
1092
0 0 0 0 
4.61115 10.5193 17.0402 17.146 
0.316019 0.170792 0.124044 0.0562354 
1096
0 0 0 0 
4.694 8.58108 19.6287 16.2806 
0.319397 0.179432 0.0543708 0.121395 
1096
1 1 1 0 1 1 1 0 1 1 1 1 0 1 0 1 
4.88565 9.83121 10.8159 12.6287 18.1707 14.9367 13.0586 10.1172 19.2222 15.9221 17.221 18.3452 18.7054 15.949 14.3233 13.3036 
-0.300293 -0.135951 -0.600992 -0.787676 -0.123013 -0.333756 -0.41438 -0.788994 -0.276602 -0.312641 -0.200401 -0.165119 -0.577066 -0.245946 -0.540575 -0.236651 
1104
0 0 0 0 0 
4.81383 8.5732 16.9663 16.6841 15.9386 
0.326756 0.182556 0.121107 0.0521804 0.191108 
1104
1 1 0 1 1 1 1 0 0 1 1 
5.37874 8.49079 12.9824 10.7975 15.1761 15.4006 16.512 15.5955 17.2839 17.4498 14.9412 
-0.309334 -0.144956 -0.790533 -0.612769 -0.424314 -0.243658 -0.338145 -0.585471 -0.551297 -0.16364 -0.317022 
1108
0 0 0 0 
4.10088 9.93635 20.0641 14.0616 
0.339291 0.1727 0.0552143 0.192243 
1108
1 1 1 0 1 1 1 1 0 1 1 0 
5.01797 9.98915 12.0673 11.0402 15.8903 14.9958 19.892 15.2754 14.1557 18.557 18.0524 17.4304 
-0.327534 -0.140938 -0.617106 -0.79776 -0.207375 -0.240662 -0.42434 -0.126883 -0.583806 -0.163777 -0.315654 -0.550383 
1112
1 1 1 0 0 1 1 1 1 1 1 1 1 0 0 
5.34215 8.60156 12.4383 11.6027 15.5403 16.2932 16.3207 15.1722 16.661 17.1728 14.5113 15.3226 10.3443 18.5684 15.7277 
-0.318901 -0.140695 -0.621228 -0.807883 -0.589034 -0.425317 -0.202113 -0.340922 -0.126491 -0.163591 -0.320948 -0.243318 -0.312414 0.0141168 -0.550137 
1112
0 0 0 0 
4.30784 9.81464 14.8674 16.7271 
0.337444 0.179688 0.190771 0.0550375 
1116
0 0 0 0 
4.25918 8.1475 12.6512 19.9288 
0.335917 0.17855 0.124076 0.054192 
1120
1 1 1 0 1 1 1 1 1 1 0 1 0 0 
4.75264 10.0051 11.8207 12.1824 14.5376 15.0629 17.1965 19.5786 12.9651 13.5945 19.7577 14.843 14.3013 21.8022 
-0.325549 -0.142182 -0.624903 -0.812687 -0.201319 -0.163628 -0.12649 -0.321868 -0.432758 -0.347911 -0.558844 -0.250855 -0.591467 0.0155497 
1120
0 0 0 0 
4.26101 9.25485 13.054 18.2392 
0.347744 0.177586 0.123354 0.0536555 
1124
0 0 0 0 
4.73669 5.4823 12.8011 19.1319 
0.346658 0.210551 0.124655 0.0533986 
1124
1 1 1 0 1 1 1 1 1 1 0 1 0 
4.50609 7.79677 10.6244 14.5617 12.8938 18.3163 19.6446 12.8453 15.8512 20.0144 14.8005 16.7074 17.0255 
-0.336053 -0.151118 -0.631408 -0.815892 -0.31637 -0.213626 -0.168137 -0.131528 -0.431067 -0.247859 -0.595633 -0.287349 -0.558188 
1128
1 1 1 0 0 1 1 1 1 1 1 1 0 0 1 
4.65319 8.74833 10.3808 13.619 13.8661 15.5642 15.4854 18.1548 17.0957 20.1581 17.2532 13.185 19.3274 15.3037 15.6043 
-0.342556 -0.147422 -0.634828 -0.818596 -0.602563 -0.434923 -0.125743 -0.167584 -0.319578 -0.288053 -0.212388 -0.349478 0.0131597 0.00548514 -0.250547 
1132
1 1 0 1 1 1 1 1 0 1 1 1 0 1 0 0 
5.59033 9.37364 14.0754 10.584 15.1221 18.1989 16.2936 14.8737 19.1699 15.2053 17.9333 16.6641 9.88585 15.4277 15.8299 19.4694 
-0.346387 -0.147873 -0.608434 -0.643816 -0.440442 -0.168329 -0.291278 -0.353952 0.00888919 -0.129949 -0.212188 -0.323369 -0.826687 -0.254739 -0.561114 -0.485418 
1132
0 0 0 0 0 
4.65168 9.06587 13.0601 14.1523 11.9844 
0.349553 0.189782 0.123427 0.057937 0.190583 
1136
0 0 0 0 
9.22222 4.22614 13.5442 12.1403 
0.186272 0.364872 0.12441 0.0598308 
1140
0 0 0 0 
4.03587 8.04877 13.6205 12.1729 
0.374413 0.186719 0.13574 0.0560446 
1140
1 1 1 0 1 1 1 1 1 0 1 0 1 0 
4.52514 10.5552 10.3718 14.9597 16.6954 15.8852 14.923 12.9127 15.2831 17.4365 19.154 14.0184 15.1226 17.5159 
-0.359463 -0.152576 -0.645404 -0.834183 -0.129086 -0.169476 -0.352905 -0.442718 -0.254739 -0.570905 -0.327051 -0.612212 -0.21959 0.0142142 
1144
0 0 0 0 
3.73989 9.61324 12.0305 13.5296 
0.384618 0.189486 0.127541 0.0586685 
1152
0 0 0 0 0 
3.62788 9.18239 15.5235 16.0741 15.0949 
0.396605 0.188166 0.134265 0.0577258 0.202891 
1144
1 1 1 0 1 1 1 1 0 1 1 1 0 1 0 0 
4.11624 10.1916 9.25292 12.6836 16.3277 14.7592 14.0978 14.4397 10.8321 15.4255 20.251 14.776 14.4234 14.9124 17.6468 20.0983 
-0.368768 -0.649161 -0.155386 -0.830404 -0.255104 -0.129508 -0.334984 -0.168938 -0.618371 -0.356918 -0.297182 -0.437593 -0.56817 -0.218993 0.013952 -0.394338 
1148
1 1 1 0 1 1 0 1 1 1 1 1 0 1 1 0 0 
4.23814 10.8818 7.41225 13.5991 15.8275 15.7949 15.5157 14.9839 16.7044 15.3531 13.1293 14.1562 17.4411 14.2875 14.0987 18.5299 14.6065 
-0.371698 -0.658218 -0.165128 -0.844062 -0.335324 -0.446164 -0.617592 -0.133396 -0.258472 -0.218729 -0.358694 -0.177471 0.0137631 -0.292609 -0.222458 -0.577333 -0.500246 
1156
1 1 1 0 1 1 1 1 1 0 1 1 1 0 0 1 0 1 
4.05835 11.4283 9.86585 11.2601 16.9128 13.2623 15.6317 18.339 14.3209 15.766 18.1311 15.8711 14.5584 12.5825 18.2295 16.0427 18.4937 15.1438 
-0.380346 -0.668585 -0.160725 -0.847638 -0.133236 -0.222561 -0.176884 -0.217833 -0.366623 -0.619499 -0.262293 -0.337231 -0.454769 -0.579357 0.00169793 -0.302862 -0.49527 -0.0954862 
1160
0 0 0 0 0 
3.90624 9.04846 11.0683 17.0573 11.7104 
0.401581 0.191551 0.12382 0.0545996 0.208162 
1160
1 1 0 1 1 1 1 1 0 1 0 0 1 0 1 1 1 1 
4.09137 9.8387 12.3716 9.17181 15.8563 16.3459 16.5475 14.8139 15.4394 13.5533 14.6836 18.7208 14.8974 16.9963 12.1981 15.0191 14.3971 17.3963 
-0.388289 -0.677428 -0.856812 -0.159561 -0.132599 -0.368232 -0.220803 -0.454689 -0.617595 -0.267785 -0.580609 0.00173582 -0.17525 -0.494565 -0.0950903 -0.305978 -0.102959 -0.338377 
1164
1 1 1 0 1 1 1 0 0 1 1 0 1 1 1 1 1 0 
4.19851 10.6646 10.0681 13.386 16.7439 16.2171 15.6084 16.329 20.4871 16.1533 14.9139 16.9628 16.7096 15.7037 14.1297 14.3363 14.7724 17.7774 
-0.397825 -0.675573 -0.162774 -0.854814 -0.368643 -0.135232 -0.452565 -0.617484 -0.585481 -0.224679 -0.26812 0.00552973 -0.306013 -0.103636 -0.176473 -0.092815 -0.344779 -0.498876 
1168
1 1 1 0 0 1 1 1 1 1 1 0 1 0 1 1 
3.75478 9.15709 9.34043 14.8828 12.6978 10.7732 15.3968 13.5009 14.7335 10.2865 14.2566 17.1575 15.651 13.2778 16.8862 14.4151 
-0.403386 -0.16034 -0.687062 -0.621558 -0.862184 -0.453387 -0.365821 -0.276358 -0.13877 -0.376636 -0.0946628 -0.588223 -0.265593 -0.505848 -0.306972 -0.179575 
1168
0 0 0 0 0 
3.78582 8.21173 13.9933 18.5102 12.1452 
0.406966 0.191536 0.129553 0.0531107 0.198682 
1172
0 0 0 0 0 
3.74461 8.68138 16.2035 18.8407 13.2047 
0.41585 0.190211 0.130804 0.0542394 0.205526 
1176
0 0 0 0 0 
3.43961 8.68199 15.5673 18.2984 12.1636 
0.43474 0.20535 0.132476 0.0567752 0.203506 
1176
1 1 0 1 1 1 1 0 1 0 1 1 1 1 
3.6751 8.11915 10.6091 10.8672 12.4065 14.4647 13.789 17.754 16.5782 15.4248 13.4405 13.921 14.8817 14.6815 
-0.418829 -0.162792 -0.86973 -0.68453 -0.368642 -0.466936 -0.178651 -0.630222 -0.139657 -0.591375 -0.342243 -0.0951711 -0.227889 -0.277656 
1180
1 1 0 1 1 1 1 1 0 1 0 1 1 0 
3.5898 8.44692 12.1784 10.3688 15.9721 15.2626 13.9934 15.2742 17.365 15.6105 14.4926 14.2687 16.8547 20.854 
-0.430315 -0.171525 -0.869511 -0.693414 -0.465588 -0.370614 -0.228449 -0.179556 -0.628686 -0.137858 -0.58906 -0.348476 -0.271991 0.00329708 
1184
1 1 0 1 0 1 1 1 1 1 0 1 0 0 1 1 1 
4.06096 8.52959 15.4829 10.5585 13.6078 12.1017 16.2927 15.8454 16.1862 14.1575 15.0546 14.0825 20.7708 18.9569 15.8745 15.0809 17.825 
-0.444941 -0.170521 -0.599348 -0.69613 -0.881852 -0.140946 -0.380086 -0.226916 -0.182773 -0.468822 -0.506741 -0.271318 0.00359692 -0.635064 -0.347967 -0.0965286 -0.310179 
1188
0 0 0 0 
7.42046 3.25118 15.0151 16.2943 
0.201924 0.461832 0.130427 0.0571873 
1188
1 1 1 0 1 0 1 1 1 1 0 1 0 0 1 
3.47115 8.29359 9.82814 12.4304 13.2009 15.7793 11.456 14.2215 13.8287 16.2003 13.113 16.0402 14.073 14.0845 14.8416 
-0.453391 -0.168433 -0.700023 -0.880102 -0.473707 -0.605594 -0.387214 -0.23336 -0.143451 -0.185768 -0.635026 -0.277628 0.00481046 -0.508117 -0.097691 
1192
1 1 1 1 1 0 1 1 0 1 1 1 1 0 0 0 
3.6104 8.75161 9.20532 13.8693 11.279 11.8453 12.535 12.3577 16.1095 14.0439 15.1591 13.4543 10.5988 18.0674 10.7795 15.8513 
-0.452549 -0.17349 -0.702372 -0.473016 -0.143746 -0.887334 -0.38654 -0.233981 -0.640498 -0.351532 -0.1866 -0.269767 -0.0950221 -0.603221 0.00607684 -0.515497 
1192
0 0 0 
3.49702 8.69918 15.7185 
0.461789 0.208699 0.133748 
1196
0 0 0 
3.40998 8.54612 15.1441 
0.468746 0.21024 0.134219 
1200
1 1 1 0 1 1 1 1 1 1 1 0 1 1 0 0 1 
3.10033 8.03599 8.48214 14.1398 12.9452 15.272 14.3301 10.9352 14.5265 12.6781 11.6206 13.1427 12.8184 15.73 10.5283 18.9072 16.0193 
-0.468259 -0.179265 -0.72968 -0.642324 -0.478373 -0.351536 -0.142599 -0.392739 -0.319718 -0.485871 -0.238593 -0.656064 -0.188017 -0.275672 -0.897186 0.00339321 -0.116702 
1200
0 0 0 
3.18454 7.95222 14.2878 
0.485564 0.209587 0.137174 
1204
0 0 0 0 
2.34391 9.21667 11.0442 14.6086 
0.508479 0.209546 0.140482 0.135029 
1204
1 1 1 1 0 1 0 1 1 1 1 1 0 1 0 1 0 
3.29812 8.09703 10.7921 16.7375 15.4397 15.7635 7.55897 15.9009 13.7522 15.5993 15.9702 15.2173 16.6918 17.2135 17.3128 14.6623 15.6475 
-0.481132 -0.182268 -0.728377 -0.145925 -0.650244 -0.47957 -0.907119 -0.388082 -0.234559 -0.35561 -0.279807 -0.319891 -0.616958 -0.189875 0.00675327 -0.113543 -0.524307 
1208
0 0 0 0 
2.67309 8.71724 14.1626 11.7253 
0.520922 0.211533 0.135141 0.139915 
1212
1 1 1 1 1 1 0 0 1 1 1 0 1 1 
3.36702 7.60033 10.0467 14.6154 17.9618 14.2091 19.0267 15.3461 14.7824 15.1639 11.8095 19.2076 17.2329 14.9867 
-0.508424 -0.189454 -0.737732 -0.490246 -0.147004 -0.280466 -0.617053 -0.656432 -0.359342 -0.195339 -0.387032 0.00829954 -0.235051 -0.32443 
1212
0 0 0 
2.96469 8.78872 13.2734 
0.513021 0.211595 0.140641 
1216
0 0 0 0 0 
2.95016 8.52148 14.2647 9.49465 15.8402 
0.519414 0.218312 0.138194 0.210302 0.0562136 
1220
1 1 1 1 1 0 1 1 1 0 1 1 0 0 
3.26908 7.20434 10.9454 12.5417 15.4855 16.6792 14.3021 12.0799 17.0594 15.7065 16.2715 13.9136 15.1831 18.3839 
-0.52981 -0.195341 -0.743887 -0.399083 -0.240032 -0.662824 -0.195049 -0.4844 -0.284243 -0.623355 -0.148268 -0.368117 -0.533705 0.00818566 
1224
0 0 0 0 
2.81496 7.61779 11.7476 16.1127 
0.555792 0.220443 0.142734 0.0543152 
1224
1 1 1 1 1 1 1 1 1 1 1 0 0 1 0 
3.30259 9.7139 8.66922 14.3687 13.0107 13.5259 13.2556 14.7992 15.3594 13.3097 13.4178 16.87 14.1503 11.2682 18.4032 
-0.540548 -0.746606 -0.189702 -0.242313 -0.371918 -0.283116 -0.150582 -0.195721 -0.333553 -0.500648 -0.397773 -0.626313 -0.666918 -0.111704 0.00781446 
1228
0 0 0 0 
2.68037 8.24836 11.4792 11.1679 
0.566158 0.217378 0.135992 0.143769 
1228
1 1 1 1 1 0 0 1 1 1 1 0 1 1 0 1 
3.10368 8.11191 10.7559 14.728 13.5098 16.8581 17.9872 16.1558 15.9875 14.6101 13.9429 17.3473 12.8523 11.9462 16.1824 17.4416 
-0.549778 -0.187547 -0.759146 -0.243075 -0.377326 -0.66612 -0.632243 -0.152088 -0.196802 -0.330667 -0.401562 -0.540676 -0.100418 -0.368348 0.00453036 -0.288101 
1232
1 1 1 1 0 0 1 1 1 1 1 1 1 0 0 1 
2.83043 11.1926 12.0645 7.42211 16.182 17.8378 13.6481 15.3206 16.1572 12.1485 14.8968 17.6044 11.2392 14.1891 18.1777 13.7603 
-0.568088 -0.762964 -0.50428 -0.187653 -0.670919 -0.629896 -0.375527 -0.151798 -0.196439 -0.243509 -0.40173 -0.287944 -0.112939 0.00400824 -0.534981 -0.335633 
1236
0 0 0 0 0 
2.81624 7.6525 11.1759 14.8501 10.4857 
0.58588 0.227782 0.140867 0.0645631 0.227417 
1236
1 1 1 0 1 1 1 1 1 1 0 1 1 0 
3.0941 8.43939 7.95876 12.5567 13.2544 11.3861 16.0205 13.8605 14.2529 13.3281 13.1148 17.5891 11.9157 18.6707 
-0.587022 -0.761174 -0.186584 -0.678761 -0.504568 -0.382351 -0.156245 -0.242419 -0.197435 -0.288622 -0.642419 -0.340279 -0.109574 -0.535375 
1240
1 1 1 0 1 1 0 1 1 1 1 1 1 
2.79299 8.40532 9.7734 13.1779 15.9065 10.8666 15.3974 13.9456 13.8246 15.6141 12.7558 13.307 12.0164 
-0.595292 -0.199868 -0.770297 -0.637692 -0.245268 -0.500605 -0.671469 -0.288691 -0.154192 -0.405811 -0.3806 -0.197976 -0.108919 
1244
0 0 0 0 0 
2.67678 6.53286 13.7504 13.2214 16.1716 
0.615971 0.231379 0.146304 0.223122 0.0598119 
1248
0 0 0 0 0 
2.4199 6.48202 12.2149 12.4835 15.6112 
0.648887 0.232716 0.225996 0.140987 0.059825 
1248
1 1 1 1 0 1 1 1 1 0 1 1 1 1 1 
2.67275 9.50798 7.98349 11.801 14.2866 13.8219 13.6897 13.5407 14.4729 17.9434 12.9385 11.2828 10.5166 14.7257 15.1138 
-0.624668 -0.780861 -0.202078 -0.51061 -0.679137 -0.160476 -0.198937 -0.246227 -0.292802 -0.644067 -0.412567 -0.386018 -0.0993625 -0.343092 -0.123556 
1252
0 0 0 0 0 
2.34415 6.99359 10.8304 15.432 10.3331 
0.657379 0.236459 0.153453 0.0599334 0.22556 
1252
1 1 1 1 0 1 1 0 0 1 1 1 1 1 1 1 
2.41548 9.75227 7.49698 11.4705 12.2508 13.5775 14.0456 12.1757 15.6044 14.2278 14.4463 11.6452 16.8409 14.0932 15.9064 10.9455 
-0.628565 -0.786974 -0.203083 -0.513257 -0.681899 -0.15711 -0.209243 -0.683041 -0.646847 -0.291834 -0.248858 -0.126068 -0.382791 -0.412937 -0.342752 -0.103289 
1256
1 1 1 1 1 0 1 1 0 1 1 1 0 1 1 0 0 1 
2.72596 7.0321 16.1255 9.25481 14.7976 11.846 11.5257 14.0521 16.0258 13.9377 12.4114 13.3124 12.7002 12.3986 13.2288 16.0623 19.4316 10.766 
-0.647086 -0.206888 -0.382882 -0.794051 -0.208362 -0.68345 -0.415876 -0.159198 -0.649123 -0.516607 -0.247209 -0.297073 -0.689543 -0.126829 -0.348445 -0.551339 0.00422222 -0.10894 
1256
0 0 0 0 0 
2.3014 7.88396 14.2634 14.1306 9.5205 
0.69299 0.234873 0.149018 0.0663868 0.226448 
1264
1 1 1 1 1 0 1 1 0 1 1 1 0 1 1 0 1 0 
2.50076 7.61721 10.5601 13.0228 12.0921 11.7556 11.5064 15.246 15.5259 15.7827 12.5202 12.7764 13.0338 14.1903 16.0767 16.6466 12.7933 17.3237 
-0.697282 -0.21391 -0.805952 -0.259207 -0.426122 -0.688342 -0.520522 -0.212672 -0.651305 -0.385898 -0.3453 -0.163847 -0.698448 -0.306003 -0.126156 -0.45054 -0.112706 -0.554217 
1264
0 0 0 0 0 
2.31075 7.43185 13.9625 16.7646 8.96615 
0.714077 0.242674 0.145781 0.0603415 0.229084 
1268
0 0 0 0 0 
2.46655 6.64686 13.2004 17.383 9.57572 
0.722716 0.248525 0.14494 0.0592528 0.227027 
1272
0 0 0 0 
1.94152 6.08041 17.1344 14.6369 
0.782763 0.260484 0.0593727 0.232912 
1268
1 1 1 1 1 1 1 1 0 1 1 1 1 0 1 0 0 0 
2.46154 7.08869 9.56357 13.9533 12.8894 13.2211 14.9737 12.6688 15.2474 11.7366 11.747 13.2161 18.0951 13.6455 13.3163 17.6647 15.8092 13.6562 
-0.716735 -0.217536 -0.810389 -0.530479 -0.257932 -0.122206 -0.21145 -0.344382 -0.701309 -0.386574 -0.163646 -0.425612 -0.305747 -0.66442 -0.111777 -0.44996 -0.559537 0.00463405 
1272
1 1 1 1 1 1 0 1 1 0 1 1 1 1 1 0 0 
2.28403 6.40809 8.62028 13.701 11.9436 11.7655 14.1652 14.6495 17.6314 14.6243 15.3238 12.3959 11.9569 14.621 13.9399 13.4871 16.2374 
-0.735272 -0.221704 -0.817308 -0.425336 -0.52885 -0.157595 -0.704122 -0.310189 -0.256343 -0.664012 -0.211982 -0.127061 -0.400282 -0.116378 -0.353079 0.00384018 -0.563557 
1276
1 1 1 1 1 1 1 1 1 1 1 0 1 0 0 0 1 
2.55868 6.75204 9.24681 14.6607 11.4091 11.6711 13.5766 14.6941 13.8604 18.4729 12.9601 13.1491 14.5691 12.6567 11.2883 17.5275 14.0716 
-0.760949 -0.220234 -0.819638 -0.392725 -0.433292 -0.532134 -0.125661 -0.165118 -0.210758 -0.264356 -0.114002 -0.668218 -0.313231 -0.713343 0.00400558 -0.56207 -0.35389 
1280
1 1 1 1 1 0 1 1 0 1 1 1 1 1 0 1 0 
2.52851 7.62159 5.73596 12.466 11.3567 18.3417 13.3835 11.2727 15.2835 11.4602 13.4697 11.4719 12.867 14.4453 17.0896 13.9111 17.2698 
-0.782667 -0.829592 -0.232964 -0.397355 -0.531095 -0.668273 -0.170653 -0.436701 -0.711158 -0.261465 -0.21566 -0.311654 -0.117839 -0.358517 0.00389694 -0.128053 -0.562004 
1284
1 1 1 1 0 1 1 1 0 1 1 1 1 1 1 0 1 0 
2.21629 6.66539 8.80211 10.2189 17.0203 10.2818 14.4801 15.032 15.3599 13.1472 14.0118 14.065 12.9227 14.9602 12.3014 15.5042 13.3991 14.4144 
-0.796968 -0.225044 -0.831238 -0.436403 -0.667999 -0.546267 -0.396829 -0.166471 -0.717877 -0.312453 -0.215761 -0.259804 -0.356945 -0.53981 -0.112283 0.00434503 -0.127747 -0.56075 
1288
1 1 1 1 0 0 1 1 1 1 1 1 1 1 0 0 1 
1.9558 6.63146 9.65272 12.3461 14.3434 17.6397 14.1947 13.0361 12.3826 16.6546 11.178 11.6389 14.4275 14.3544 19.5243 14.2219 13.8087 
-0.810789 -0.229982 -0.844729 -0.539456 -0.721087 -0.671372 -0.441124 -0.271932 -0.306309 -0.402184 -0.111788 -0.369423 -0.169975 -0.215099 -0.457504 -0.56995 -0.13047 
1288
0 0 0 0 0 0 
1.89254 6.05843 12.8603 10.3734 12.2578 11.6963 
0.88099 0.269413 0.155657 0.0596999 0.0664426 0.238521 
1292
0 0 0 0 0 0 
1.63277 5.80429 9.15452 11.0035 12.8544 11.2934 
0.929769 0.272582 0.164677 0.0670725 0.245082 0.239249 
1292
1 1 1 1 0 0 1 1 1 0 1 1 1 1 0 0 1 0 1 
2.41724 5.25723 9.10083 12.0357 13.187 11.968 15.3673 13.587 13.8959 11.0752 12.2603 12.2182 5.91263 10.9714 14.8252 15.8287 11.7089 17.8091 13.9242 
-0.847196 -0.243613 -0.850037 -0.545243 -0.719809 -0.671666 -0.165959 -0.315291 -0.439828 -0.717114 -0.217643 -0.364469 -0.125659 -0.265363 0.00603809 -0.461895 -0.259063 -0.573841 -0.129738 
1296
1 1 1 1 1 1 0 1 0 1 1 1 1 1 0 0 1 
2.26514 6.32344 8.75106 10.9064 13.3988 11.4512 17.5508 15.464 16.6948 12.2182 13.4783 6.71831 11.9349 14.1205 12.5712 17.8424 15.0536 
-0.877301 -0.2283 -0.853849 -0.540537 -0.165868 -0.314335 -0.674955 -0.408538 -0.721295 -0.436767 -0.366229 -0.126028 -0.266163 -0.21461 0.00420414 -0.465103 -0.26349 
1300
0 0 0 0 0 
2.02751 5.6384 13.7327 15.3272 9.47045 
0.94321 0.27893 0.160155 0.0654985 0.250982 
1300
1 1 1 1 1 1 1 1 1 1 0 1 0 1 1 0 
2.04412 8.93883 6.23713 13.7446 14.3766 13.4045 12.1221 10.2859 13.8867 13.1249 16.7034 9.91627 14.7946 12.4659 15.717 18.1256 
-0.89256 -0.858826 -0.240074 -0.219208 -0.165915 -0.547383 -0.446571 -0.273772 -0.407992 -0.313128 -0.68318 -0.123044 -0.469749 -0.136007 -0.364469 -0.580744 
1304
1 1 1 1 1 1 1 0 0 1 1 1 1 1 1 0 0 0 
1.53923 6.10716 9.26256 13.1888 13.5402 12.4886 14.5336 16.5951 13.2569 12.9913 13.3507 11.2456 12.7183 8.05869 14.0278 15.6848 17.9517 18.6927 
-0.94186 -0.238412 -0.866848 -0.372725 -0.451487 -0.223786 -0.273084 -0.732175 -0.679384 -0.316302 -0.551442 -0.409765 -0.172625 -0.122654 -0.13161 0.0027166 -0.469981 -0.581047 
1308
0 0 0 0 0 
5.51617 9.50137 2.0398 14.6843 11.0458 
0.282878 0.170681 1.0465 0.0691376 0.25016 
1312
1 1 1 1 1 1 1 1 0 0 1 0 0 1 1 1 
10.8004 6.48552 12.4729 12.6662 13.0365 16.2452 15.5233 12.393 15.6503 13.5751 14.8178 16.6264 16.0375 12.8862 12.2282 12.6781 
-0.886761 -0.249882 -0.453297 -0.320577 -0.275634 -0.560477 -0.415971 -0.168724 -0.688122 -0.738992 -0.22298 0.00353098 -0.583561 -0.381954 -0.120525 -0.130736 
1316
0 0 0 0 
5.78919 12.1581 9.18067 11.7353 
0.291637 0.161371 0.254033 0.074572 
1320
0 0 0 0 
5.94234 8.85076 10.8251 13.0645 
0.289054 0.162027 0.252319 0.0638906 
1316
1 1 1 1 1 1 1 1 0 1 1 1 0 1 0 1 0 
6.40531 7.9343 11.6167 13.8885 12.8919 13.1203 11.9944 11.2136 12.5123 13.7694 10.6458 10.8291 17.389 16.2971 15.4018 14.0447 17.0068 
-0.246698 -0.89505 -0.560591 -0.418307 -0.274681 -0.456258 -0.170131 -0.332315 -0.740183 -0.175849 -0.118935 -0.38237 0.00215695 -0.231893 -0.697232 -0.133677 -0.587504 
1324
1 1 1 0 0 0 1 1 1 1 1 1 1 1 1 0 
6.33517 8.09146 11.4523 15.1629 15.1032 10.6217 13.5765 13.1569 13.4793 11.6797 13.9068 11.9737 12.0663 17.2521 11.0274 15.2294 
-0.263544 -0.913343 -0.470541 -0.00159309 -0.745047 -0.696661 -0.279777 -0.182108 -0.575748 -0.420523 -0.229293 -0.372304 -0.326765 -0.387539 -0.117564 -0.118314 
1324
0 0 0 0 0 
5.23858 11.1548 10.2914 11.5811 9.95979 
0.307355 0.163445 0.0628262 0.250975 0.070666 
1328
0 0 0 0 
5.39977 9.59004 13.2133 11.915 
0.291599 0.255216 0.0639646 0.166461 
1328
1 0 1 1 0 1 1 1 1 0 1 1 0 1 1 
6.3711 14.9747 12.0698 12.94 15.837 10.9535 12.9118 10.4216 12.7403 16.3639 12.948 13.6772 11.1999 9.6099 4.6402 
-0.265065 -0.754288 -0.574753 -0.429679 0.000626568 -0.284318 -0.182477 -0.374257 -0.328582 -0.705008 -0.46431 -0.233239 -0.709609 -0.128098 -0.926774 
1332
0 0 0 0 
5.56719 8.31312 14.9951 11.0167 
0.300067 0.174617 0.0586976 0.260006 
1336
1 1 1 0 0 1 1 1 1 0 1 1 1 1 0 0 1 
5.90487 12.1336 13.268 11.6133 16.3345 14.7073 9.94675 11.2208 13.7455 14.7067 11.7392 12.1893 13.7359 13.1922 13.5979 15.1439 13.3283 
-0.268275 -0.577782 -0.182867 -0.768694 0.00256865 -0.390821 -0.469864 -0.238925 -0.281505 -0.7198 -0.433253 -0.333909 -0.477607 -0.143221 -0.483864 -0.597461 -0.126101 
1340
0 0 0 0 
5.40259 9.78863 8.68253 12.3519 
0.308817 0.068635 0.259786 0.166477 
1340
1 1 1 1 1 0 1 1 1 0 0 1 0 1 
5.22922 11.7924 11.8882 12.218 14.566 17.8548 12.2144 13.733 13.4152 12.6242 12.6663 15.3518 17.4073 12.7839 
-0.273912 -0.472816 -0.581498 -0.234951 -0.393424 -0.720185 -0.437145 -0.291385 -0.182992 -0.76891 -0.0059602 -0.344372 -0.487209 -0.141463 
1344
0 0 0 0 
5.19822 15.79 13.162 8.93486 
0.312095 0.0599575 0.159937 0.262354 
1344
1 0 1 1 1 1 1 1 1 0 1 0 1 1 0 
5.67743 13.627 10.2877 11.6104 13.483 11.5682 11.4223 13.3062 13.2804 14.002 13.8974 14.8533 9.50087 13.7336 15.3347 
-0.277891 -0.771148 -0.587749 -0.184928 -0.345002 -0.474002 -0.440401 -0.393333 -0.238566 -0.721771 -0.285377 -0.00497037 -0.13278 -0.146991 -0.490194 
1348
1 1 1 1 0 1 1 0 1 1 1 1 0 1 1 
5.3931 11.4452 12.1062 11.2838 20.4092 12.2825 13.9305 15.9032 13.0986 10.2909 14.1103 10.5062 16.4279 12.5827 8.37884 
-0.272993 -0.59037 -0.293109 -0.188696 -0.722485 -0.479563 -0.348982 -0.774882 -0.441107 -0.232055 -0.397822 -0.246074 0.00115324 -0.150939 -0.138465 
1352
0 0 0 0 0 
5.27614 12.2204 10.8214 11.4106 12.7427 
0.320859 0.161439 0.264494 0.0657113 0.0641492 
1352
1 0 1 1 1 0 1 1 1 1 1 1 0 1 0 
5.30044 14.2114 12.8663 11.4252 13.171 14.4762 13.0581 12.8959 10.7255 15.3061 13.1283 10.9056 11.9047 9.22094 17.7278 
-0.288327 -0.725951 -0.602059 -0.482473 -0.397648 -0.778214 -0.244995 -0.287947 -0.186629 -0.347656 -0.450123 -0.156474 0.00038251 -0.136339 -0.12377 
1356
0 0 0 0 
5.71422 10.8706 10.8448 10.7353 
0.321783 0.167577 0.0686196 0.264612 
1356
1 1 1 0 0 1 1 1 1 1 1 0 1 0 1 
5.11924 10.6054 13.3509 14.5744 15.6353 16.0228 11.6058 11.438 14.0479 12.6763 10.9547 13.4485 9.5059 14.2891 9.14295 
-0.287676 -0.449204 -0.603769 -0.780758 -0.732266 -0.403174 -0.291348 -0.186628 -0.490024 -0.242439 -0.344914 0.000659998 -0.15618 -0.128461 -0.13333 
1360
0 0 0 0 
4.90473 10.8215 12.0941 10.4793 
0.335676 0.162852 0.0674004 0.271996 
1360
1 1 1 1 1 0 1 1 1 0 1 1 0 0 
5.5981 14.9204 12.8073 11.6003 11.2795 14.1276 11.8379 11.9009 11.9001 11.5498 10.8775 10.9699 15.2575 15.3801 
-0.294071 -0.410502 -0.191772 -0.604021 -0.492966 -0.790392 -0.454453 -0.292219 -0.246021 -0.744618 -0.34465 -0.139657 -0.127622 0.00115062 
1364
1 0 1 1 1 1 0 1 1 1 1 0 1 1 0 
5.43214 14.4104 10.7161 13.751 10.8433 12.9248 14.0062 12.416 12.2863 12.3254 11.8121 12.5821 9.33299 12.6727 20.1301 
-0.302931 -0.740307 -0.611047 -0.411805 -0.603027 -0.190554 -0.787615 -0.456083 -0.248227 -0.49622 -0.291843 -0.00131367 -0.140128 -0.163291 -0.125932 
1372
0 0 0 0 
5.74106 10.9816 11.2393 10.9562 
0.337266 0.167357 0.0742189 0.274256 
1372
1 1 1 0 1 1 1 1 1 1 0 1 0 1 0 0 
4.19346 11.8078 12.2812 11.395 11.698 11.6443 12.8446 12.244 12.1457 10.4855 14.6625 8.53868 12.6855 12.564 14.4608 18.7077 
-0.295781 -0.613992 -0.306014 -0.797863 -0.1989 -0.459256 -0.504227 -0.250545 -0.413079 -0.358458 -0.742388 -0.142921 -0.806744 -0.160494 -0.00510347 -0.12637 
1376
1 1 0 1 1 1 0 1 1 1 1 0 0 0 1 0 
4.58369 11.2156 12.4295 11.3053 10.9502 13.4855 13.2669 13.2925 13.3035 13.4444 9.36376 14.498 8.51726 15.6163 10.549 15.3865 
-0.31209 -0.466006 -0.807617 -0.19707 -0.300858 -0.419029 -0.748706 -0.250972 -0.363603 -0.500166 -0.134648 -0.00364432 -0.751944 -0.131066 -0.161094 -0.633112 
1376
0 0 0 0 
4.69825 11.3982 11.167 11.2527 
0.346285 0.168149 0.0758204 0.273836 
1380
0 0 0 0 
4.88535 12.1539 11.1131 13.6587 
0.351121 0.166466 0.27339 0.0661814 
1384
0 0 0 0 0 
4.94757 10.3893 8.70603 13.1712 8.43249 
0.349865 0.176067 0.278636 0.0659136 0.0731642 
1388
0 0 0 0 
4.69959 11.073 11.7782 7.98549 
0.355382 0.175321 0.0669338 0.280919 
1384
1 1 0 1 1 0 0 1 1 1 1 1 1 0 
5.12537 11.6947 13.6844 12.5867 12.5018 13.6386 16.2151 10.4928 13.2524 9.1833 11.7885 9.08815 10.6455 15.5927 
-0.328052 -0.364716 -0.816871 -0.631974 -0.255216 -0.76382 -0.00886094 -0.426518 -0.47179 -0.514803 -0.300875 -0.142647 -0.198572 -0.126495 
1388
1 1 1 0 0 1 1 1 1 1 1 0 1 1 0 
4.30705 12.5967 12.0773 14.1138 13.0284 12.5697 12.7722 11.1989 11.4865 9.84775 10.4246 13.6316 10.0899 11.9488 16.352 
-0.339472 -0.471229 -0.510842 -0.762676 -0.81764 -0.201569 -0.369113 -0.309829 -0.423824 -0.152034 -0.638244 -0.00907445 -0.257902 -0.161112 -0.127461 
1392
1 0 1 1 1 1 1 0 1 1 1 0 1 1 0 
4.49662 12.8316 9.75383 11.1008 10.4981 12.594 11.42 15.135 12.6476 12.3879 10.6601 17.2212 13.6574 13.9823 14.3522 
-0.328437 -0.826608 -0.207897 -0.473769 -0.303341 -0.513888 -0.377443 -0.766642 -0.642414 -0.423577 -0.148673 -0.00871748 -0.263172 -0.162275 -0.39332 
1396
0 0 0 0 
4.08534 10.9137 11.1188 12.7285 
0.371281 0.173455 0.279532 0.0669102 
1400
0 0 0 0 
4.67194 9.33424 11.9018 9.80677 
0.377148 0.181888 0.0657089 0.285841 
1400
1 0 1 1 0 1 1 1 1 1 0 1 0 0 
5.71345 13.3585 12.9103 11.7215 14.4725 13.893 10.841 12.8166 11.5597 9.87537 12.615 11.9607 15.5179 20.2609 
-0.344647 -0.83083 -0.478888 -0.435724 -0.776142 -0.319373 -0.525174 -0.207475 -0.383109 -0.642875 -0.000833458 -0.266889 -0.129538 -0.400008 
1404
1 1 1 0 1 1 1 0 1 1 0 1 0 0 1 
5.43424 10.7809 10.1309 11.5843 12.4287 10.3553 10.1627 14.2946 11.5677 11.1297 9.81659 11.3568 14.0163 17.2452 11.6808 
-0.356022 -0.48099 -0.435229 -0.831034 -0.37299