0
0 0 0 0 
11.5313 5.88339 10.1322 13.2346 
0.148479 0.258976 0.104228 0.0719204 
4
0 0 0 0 
10.6273 6.55086 13.2738 11.4944 
0.150775 0.255139 0.102537 0.0744282 
8
0 0 0 0 
5.42161 11.471 9.6246 9.94721 
0.263252 0.0991953 0.165915 0.0737261 
0
1 1 1 1 1 
2.58183 9.15463 4.06485 11.7246 17.5943 
-0.414526 -0.146578 -0.194092 -0.105342 -0.0873938 
4
1 1 1 1 1 
2.71681 5.99274 9.55064 11.1539 21.2403 
-0.414282 -0.212053 -0.147111 -0.105036 -0.0886615 
8
1 1 1 1 1 
2.68034 9.26442 5.17776 11.5387 16.623 
-0.413787 -0.146655 -0.205607 -0.109908 -0.0864578 
12
0 0 0 0 
6.53039 6.87933 12.2767 10.6884 
0.262063 0.146163 0.106127 0.071827 
12
1 1 1 1 1 
2.56291 5.95312 9.1094 12.0206 19.0148 
-0.419202 -0.214505 -0.146439 -0.106803 -0.0876799 
16
1 1 1 1 1 
2.37422 5.53432 8.68943 11.1775 18.2537 
-0.413237 -0.207553 -0.145009 -0.105493 -0.0879467 
16
0 0 0 0 
6.81685 7.45364 12.6217 11.1039 
0.259499 0.149236 0.099617 0.0745147 
20
0 0 0 0 
6.58081 7.68945 12.2039 12.7794 
0.261587 0.149709 0.10063 0.0718684 
20
1 1 1 1 1 
2.34802 8.8877 5.33912 11.7353 15.1578 
-0.413832 -0.14628 -0.209703 -0.106294 -0.0855109 
24
1 1 1 1 1 
2.72709 5.95012 9.42616 11.7863 18.7416 
-0.421386 -0.211093 -0.147509 -0.105597 -0.0875181 
24
0 0 0 0 
6.83296 9.46753 11.4992 9.19109 
0.259062 0.15879 0.0980747 0.0730931 
28
1 1 1 1 1 
2.22529 5.70273 8.87796 14.3642 11.7401 
-0.413666 -0.208376 -0.144881 -0.0852329 -0.105614 
28
0 0 0 0 
6.8157 10.5878 10.4947 9.55779 
0.259941 0.149328 0.103999 0.0714796 
32
1 1 1 1 1 
2.59991 5.79936 8.32477 11.3899 16.3614 
-0.405091 -0.20992 -0.143898 -0.104819 -0.0862622 
32
0 0 0 0 
6.1796 9.87803 11.1575 12.1759 
0.263955 0.151604 0.109365 0.0703923 
36
1 1 1 1 1 
2.90254 5.24046 9.07688 10.8046 16.63 
-0.409626 -0.208126 -0.146325 -0.113525 -0.0872537 
36
0 0 0 
6.70421 10.3983 12.4985 
0.260388 0.149984 0.104195 
40
1 1 1 1 1 
2.42362 5.95514 8.71435 10.4946 17.2817 
-0.416663 -0.212568 -0.145047 -0.114197 -0.0879022 
40
0 0 0 0 
5.83043 10.3354 12.3654 11.4482 
0.267082 0.150529 0.103328 0.0724814 
44
1 1 1 1 1 
2.7504 5.42966 8.87397 11.5032 20.7428 
-0.410719 -0.203073 -0.144848 -0.114507 -0.0883152 
44
0 0 0 
6.84596 5.99211 11.023 
0.155023 0.273776 0.10459 
48
1 1 1 1 1 
2.61628 5.93312 7.63226 11.0174 14.7592 
-0.417729 -0.211621 -0.152081 -0.107604 -0.0853485 
48
0 0 0 
6.67658 9.97261 11.1493 
0.26908 0.151156 0.098179 
52
0 0 0 
6.13702 6.69692 10.5806 
0.274473 0.153925 0.102695 
56
0 0 0 0 
6.04456 8.4683 9.21401 12.1705 
0.274375 0.166565 0.117686 0.0745576 
52
1 1 1 1 1 
2.72141 6.40782 8.97822 12.1273 21.8249 
-0.418175 -0.211608 -0.145995 -0.106414 -0.0892318 
56
1 1 1 1 1 
2.68644 5.85682 8.36026 10.8321 17.4051 
-0.41818 -0.211974 -0.144088 -0.114895 -0.0870595 
60
1 1 1 1 1 
2.44046 5.98073 9.31227 12.1885 20.6267 
-0.405081 -0.210679 -0.146425 -0.110422 -0.0883381 
60
0 0 0 0 
6.58882 5.86108 15.2629 17.6487 
0.153756 0.270199 0.0987903 0.0758908 
64
0 0 0 0 
6.26826 6.54109 11.5482 18.1642 
0.266226 0.152446 0.101819 0.0762136 
64
1 1 1 1 1 
2.52986 5.22458 8.47386 12.0881 17.3371 
-0.410672 -0.199576 -0.144519 -0.105828 -0.0868456 
68
1 1 1 1 1 
2.98811 6.02322 8.74359 11.2558 16.4952 
-0.416862 -0.216435 -0.145867 -0.105434 -0.087325 
68
0 0 0 0 
5.45131 9.55188 10.9509 19.1784 
0.267806 0.1528 0.103685 0.0743915 
72
1 1 1 1 1 
2.40476 6.00618 8.79802 12.043 18.2437 
-0.403058 -0.214373 -0.145282 -0.106226 -0.0876443 
76
1 1 1 1 
2.40448 5.41974 8.55777 11.1676 
-0.41388 -0.207128 -0.144071 -0.105437 
76
0 0 0 0 
6.49847 10.077 10.9107 17.5166 
0.264365 0.149856 0.104614 0.0756946 
80
0 0 0 0 0 
6.28995 9.00553 11.5152 19.5423 10.6268 
0.267359 0.165418 0.104554 0.0734713 0.832728 
84
0 0 0 0 
6.13435 5.90496 10.4893 15.6491 
0.268669 0.155685 0.104006 0.0790762 
80
1 1 1 1 1 
2.63783 8.493 4.83928 12.1568 18.8935 
-0.408788 -0.144433 -0.205445 -0.106261 -0.0883342 
88
0 0 0 0 
6.65008 6.21788 13.6642 19.4566 
0.265585 0.154956 0.101712 0.0744081 
88
1 1 1 1 1 
2.25486 5.48408 8.76761 11.6587 15.0307 
-0.413822 -0.206356 -0.145549 -0.105415 -0.0856296 
92
1 1 1 1 
2.65471 5.58337 9.03417 12.5946 
-0.412594 -0.209124 -0.145289 -0.107412 
92
0 0 0 
6.06842 9.68915 19.3929 
0.268489 0.151631 0.074255 
96
0 0 0 0 
6.04844 7.84451 10.5587 20.4963 
0.269053 0.169809 0.104875 0.0738152 
100
0 0 0 0 
6.64333 7.28614 11.78 19.2028 
0.263647 0.152106 0.104981 0.0755939 
96
1 1 1 1 1 
2.61945 5.74997 8.94027 10.5971 18.1248 
-0.417967 -0.20965 -0.145898 -0.114274 -0.0881454 
104
0 0 0 0 
6.9999 6.58406 11.4127 20.7187 
0.261979 0.153984 0.10624 0.0738866 
104
1 1 1 1 1 
2.85739 5.51073 8.09922 12.3967 18.8985 
-0.407999 -0.210187 -0.143546 -0.105646 -0.0883012 
108
1 1 1 1 1 
2.55369 5.6872 7.95708 11.8521 17.7942 
-0.410579 -0.209866 -0.138476 -0.105992 -0.0880438 
108
0 0 0 0 0 
5.22515 10.2071 2.84368 8.60014 20.9005 
0.275378 0.151654 0.540089 0.108841 0.0735506 
112
1 1 1 1 
2.56058 5.09934 8.92785 11.8106 
-0.418742 -0.206412 -0.146247 -0.109432 
116
0 0 0 0 0 
3.27654 5.08268 5.65214 10.2176 16.3322 
0.568843 0.276182 0.15665 0.105478 0.0726535 
116
1 1 1 1 1 
2.58978 6.45344 9.27382 10.4254 15.1935 
-0.408105 -0.212462 -0.146163 -0.11563 -0.0862474 
120
1 1 1 1 
2.4158 5.54984 8.72029 12.0984 
-0.402551 -0.208158 -0.145181 -0.106733 
120
0 0 0 0 0 
3.4573 5.98872 6.51847 10.5651 19.0975 
0.562572 0.268826 0.152889 0.104245 0.0740046 
124
1 1 1 1 1 
2.47468 5.58068 9.01214 10.2482 15.3801 
-0.408729 -0.209581 -0.145306 -0.114299 -0.0855046 
128
1 1 1 1 1 
2.70293 5.40813 8.9129 12.2214 13.6158 
-0.411123 -0.205053 -0.145011 -0.106172 -0.0844388 
128
0 0 0 0 0 
3.37476 6.6669 6.15248 11.9829 19.758 
0.566618 0.265229 0.155107 0.104563 0.0736162 
132
1 1 1 1 
2.7742 8.45568 5.8214 12.4876 
-0.410319 -0.144449 -0.211433 -0.106366 
132
0 0 0 0 0 
3.54501 6.31109 6.31783 11.6713 15.6349 
0.558691 0.261479 0.154736 0.104899 0.0718494 
136
1 1 1 1 1 
2.63999 5.45999 8.9797 11.6038 17.8584 
-0.40525 -0.204497 -0.146002 -0.114603 -0.0865773 
136
0 0 0 0 0 
3.63834 5.9894 6.44208 12.0728 18.3008 
0.557909 0.266275 0.15326 0.10425 0.0722446 
140
1 1 1 1 1 
2.74394 5.99069 8.84011 11.3565 19.5653 
-0.406673 -0.210841 -0.145431 -0.104862 -0.0884674 
144
0 0 0 0 0 
3.63378 6.5286 6.20268 11.0249 18.4236 
0.556624 0.264942 0.158702 0.101063 0.0750157 
144
1 1 1 1 1 
2.61461 5.62042 8.68977 10.5458 18.8714 
-0.415932 -0.209444 -0.144515 -0.115413 -0.088688 
148
0 0 0 0 0 
3.57957 4.87764 6.68325 10.4696 18.5533 
0.559557 0.273218 0.154436 0.104483 0.0750839 
148
1 1 1 1 1 
2.77989 6.09346 9.19981 12.7022 13.4122 
-0.418819 -0.211909 -0.146218 -0.10577 -0.0846666 
152
1 1 1 1 1 
2.73705 5.5292 9.17347 12.4423 13.5527 
-0.412431 -0.208945 -0.145664 -0.106723 -0.0837344 
156
0 0 0 0 0 
3.53652 6.87751 6.88042 11.9342 18.5889 
0.560161 0.259382 0.154791 0.104441 0.0756474 
160
1 1 1 1 1 
2.51544 5.29174 8.58621 11.553 17.144 
-0.408541 -0.204812 -0.145765 -0.10513 -0.0869507 
160
0 0 0 0 0 
3.36234 6.37611 6.9416 12.266 18.3275 
0.56681 0.266472 0.153638 0.105113 0.0760616 
164
1 1 1 1 1 
2.54724 5.22213 9.13049 11.8784 15.2955 
-0.409961 -0.205736 -0.145167 -0.106704 -0.0856518 
164
0 0 0 0 0 
3.46692 6.71873 6.89638 12.4715 19.1406 
0.559882 0.264124 0.154845 0.103279 0.0750607 
168
1 1 1 1 1 
2.66562 6.65942 9.86457 11.9386 17.9481 
-0.41242 -0.218528 -0.146964 -0.105463 -0.0875557 
172
1 1 1 1 1 
2.54386 5.22783 9.25855 11.8634 18.6088 
-0.403982 -0.205294 -0.145937 -0.105528 -0.0878543 
168
0 0 0 0 0 
3.02264 5.22549 8.21921 12.5711 12.5399 
0.576764 0.271955 0.170517 0.103598 0.0741553 
172
0 0 0 0 
3.45989 6.23093 11.0098 19.0987 
0.561279 0.265656 0.105059 0.074743 
176
1 1 1 1 1 
2.48852 5.24898 9.08823 10.4382 18.4336 
-0.408538 -0.206661 -0.145321 -0.114232 -0.0876154 
180
1 1 1 1 
2.72866 5.76771 8.89017 12.373 
-0.405693 -0.211987 -0.145611 -0.107166 
184
1 1 1 1 1 
2.51845 4.97151 9.0801 11.8399 18.2996 
-0.415156 -0.201093 -0.144592 -0.106311 -0.0872427 
184
0 0 0 0 0 
3.39157 6.362 6.76013 11.8706 20.9541 
0.564061 0.263284 0.15588 0.103417 0.073033 
188
0 0 0 0 0 
3.63345 6.02876 6.50699 10.2717 20.0239 
0.555812 0.267505 0.155828 0.108491 0.0747276 
192
0 0 0 0 0 
3.55725 6.30992 5.44437 13.2121 15.4769 
0.562066 0.268304 0.158694 0.103483 0.0792909 
196
0 0 0 0 0 
3.34078 6.29095 8.4131 11.9821 17.6347 
0.561704 0.267005 0.167097 0.104425 0.0751888 
192
1 1 1 1 1 
2.79331 6.90714 8.20509 11.5342 14.1922 
-0.413799 -0.212901 -0.145256 -0.105622 -0.0844618 
196
1 1 1 1 1 
2.77053 6.64428 8.95934 11.685 15.9326 
-0.408915 -0.213087 -0.145093 -0.10516 -0.0861423 
200
1 1 1 1 1 
2.64959 8.98097 5.36968 11.6287 17.5414 
-0.412119 -0.145355 -0.210387 -0.105091 -0.087125 
200
0 0 0 0 0 0 
3.46088 6.78094 5.09034 13.4037 17.0331 7.11599 
0.562079 0.265641 0.161518 0.100924 0.0772285 0.839316 
204
1 1 1 1 1 
2.51639 5.94765 8.52065 10.6884 14.3527 
-0.418397 -0.211724 -0.153465 -0.113773 -0.0854107 
208
1 1 1 1 1 
2.84531 5.20281 9.01875 10.5146 17.0048 
-0.418723 -0.206109 -0.146221 -0.109568 -0.0864429 
208
0 0 0 0 0 0 
3.16857 5.7179 6.1617 11.3517 18.7115 7.61555 
0.569334 0.272941 0.15552 0.106099 0.0712655 0.837026 
212
0 0 0 0 0 
3.5503 4.71591 6.66161 11.3758 19.5765 
0.559345 0.287244 0.155039 0.105629 0.0750223 
212
1 1 1 1 1 
2.64237 5.44425 9.16491 10.882 17.1182 
-0.412573 -0.206339 -0.145941 -0.113763 -0.0873337 
216
1 1 1 1 1 
2.71613 5.18157 8.23165 10.0667 18.4307 
-0.413324 -0.204485 -0.144163 -0.114231 -0.0881585 
216
0 0 0 0 0 0 
3.16774 7.08175 6.18087 10.6891 17.9487 9.26905 
0.568063 0.266133 0.157661 0.107239 0.0723925 0.837788 
220
1 1 1 1 
2.64207 5.51813 8.63991 11.3069 
-0.4133 -0.208678 -0.145633 -0.109373 
220
0 0 0 0 0 0 
3.47923 6.44531 11.3669 6.03273 11.159 16.7768 
0.562115 0.271189 0.104915 0.155584 0.839161 0.0736432 
224
1 1 1 1 1 
2.54945 5.76084 7.78986 11.8799 15.8798 
-0.417637 -0.212064 -0.152351 -0.105948 -0.086354 
228
1 1 1 1 1 
2.66271 4.97015 9.17341 10.8901 15.2606 
-0.413267 -0.204696 -0.145841 -0.104513 -0.0849771 
232
1 1 1 1 1 
2.56103 5.5231 8.89973 11.2254 18.902 
-0.410893 -0.209894 -0.146362 -0.105002 -0.0878474 
228
0 0 0 0 0 0 
3.06623 6.2936 11.1386 7.96087 15.1312 11.5249 
0.572262 0.273007 0.105094 0.168526 0.0752238 0.839385 
232
0 0 0 0 0 0 
3.17487 5.99611 11.597 8.93199 17.105 9.66411 
0.570641 0.274942 0.104792 0.165563 0.0727653 0.838515 
236
1 1 1 1 
2.28212 4.89653 9.01198 11.4307 
-0.414453 -0.202023 -0.145644 -0.1049 
240
1 1 1 1 1 
2.62329 8.43046 5.31126 11.6672 18.4836 
-0.418516 -0.144843 -0.207173 -0.105708 -0.0878132 
244
1 1 1 1 1 
2.59302 6.20433 9.18589 11.2994 17.5507 
-0.421963 -0.211145 -0.146552 -0.105232 -0.0869719 
240
0 0 0 0 0 0 
3.29133 6.15627 13.6995 8.76114 10.786 17.4982 
0.56846 0.265346 0.102101 0.165895 0.841068 0.0724049 
248
0 0 0 0 0 0 
3.22028 5.49822 11.1926 9.22375 15.8965 10.1005 
0.571771 0.271665 0.104711 0.154545 0.0777356 0.836067 
248
1 1 1 1 1 
2.40293 9.17942 5.48935 10.8447 18.1001 
-0.415574 -0.145564 -0.209783 -0.105937 -0.0877135 
252
1 1 1 1 1 
2.54195 9.24794 5.99357 12.9381 16.0743 
-0.41291 -0.146635 -0.215119 -0.110724 -0.0866423 
256
1 1 1 1 1 
2.58705 8.93022 5.05419 12.4901 18.0793 
-0.414962 -0.145872 -0.201217 -0.106337 -0.0868718 
252
0 0 0 0 0 0 
2.7844 6.19101 11.3387 8.18978 15.9132 12.578 
0.582207 0.272303 0.105138 0.169244 0.0742425 0.836447 
256
0 0 0 0 0 
3.29422 4.94647 7.44529 12.434 16.5736 
0.566303 0.285398 0.153467 0.103298 0.0737229 
260
1 1 1 1 1 
2.45247 6.20624 8.97963 11.9841 17.8038 
-0.408142 -0.211669 -0.14672 -0.105904 -0.087139 
264
0 0 0 0 0 
3.21646 5.22752 13.4796 7.66094 15.5122 
0.565878 0.276975 0.102866 0.17012 0.0751668 
264
1 1 1 1 1 
2.74286 8.92634 5.4499 11.9384 14.8055 
-0.416185 -0.145246 -0.2054 -0.106199 -0.0851539 
268
1 1 1 1 1 
2.8859 8.80716 6.60357 12.7755 16.7602 
-0.41835 -0.145489 -0.21975 -0.106972 -0.0869893 
272
0 0 0 0 0 0 
3.29541 5.34098 11.095 8.96933 15.0329 10.0477 
0.568715 0.276083 0.106373 0.155184 0.0756232 0.843639 
272
1 1 1 1 
2.61416 5.76396 9.13631 13.0151 
-0.411033 -0.210388 -0.146724 -0.109874 
276
0 0 0 0 0 0 
3.55239 5.61572 12.5524 8.49018 16.2584 10.3947 
0.558483 0.272307 0.104151 0.165749 0.0740239 0.837816 
276
1 1 1 1 1 
2.80362 5.46718 8.46064 11.3382 17.39 
-0.415758 -0.209846 -0.152453 -0.109131 -0.0871014 
280
1 1 1 1 1 
2.58909 8.66422 5.53413 11.2012 15.2024 
-0.4175 -0.144809 -0.209815 -0.104484 -0.0863947 
284
0 0 0 0 0 0 
3.39938 5.74447 12.7418 7.45667 14.5515 9.78773 
0.56385 0.272524 0.103841 0.17313 0.0755219 0.838254 
284
1 1 1 1 1 
2.68123 5.24491 8.77701 12.5379 16.0937 
-0.421899 -0.204371 -0.145085 -0.1111 -0.0858699 
288
1 1 1 1 1 
2.74361 5.77046 8.81966 12.7683 16.524 
-0.409495 -0.205406 -0.144778 -0.111168 -0.0864662 
292
1 1 1 1 1 
2.59259 5.53438 8.32918 11.5181 18.9988 
-0.425371 -0.209131 -0.144496 -0.109632 -0.0880888 
292
0 0 0 0 0 0 
3.58731 5.69871 11.2782 8.25624 18.5712 10.9327 
0.556949 0.271381 0.106407 0.167495 0.0747935 0.840423 
296
1 1 1 1 1 
2.49534 5.59376 8.4434 12.1584 12.7143 
-0.416739 -0.211147 -0.14443 -0.106156 -0.0831581 
296
0 0 0 0 0 
3.32507 5.85859 13.5747 7.53428 16.1145 
0.566841 0.274533 0.102948 0.170579 0.0739713 
300
1 1 1 1 1 
2.52632 5.60546 9.44343 11.6672 17.1663 
-0.415325 -0.210185 -0.147291 -0.105563 -0.0864908 
304
0 0 0 0 0 0 
3.3067 5.54589 11.6562 8.76647 15.2934 11.2589 
0.567215 0.277786 0.10469 0.155825 0.0749993 0.835724 
304
1 1 1 1 1 
2.74187 9.34461 5.48891 13.306 17.0447 
-0.415992 -0.14612 -0.210564 -0.106285 -0.08699 
308
1 1 1 1 1 
2.63355 5.94124 8.64129 11.4805 14.8989 
-0.420204 -0.203534 -0.144834 -0.105167 -0.086346 
312
1 1 1 1 1 
2.61662 8.59258 5.84168 12.5513 15.5195 
-0.422253 -0.144961 -0.207354 -0.110904 -0.086322 
312
0 0 0 0 0 0 
3.46971 5.76527 8.55137 13.1569 15.4467 11.2748 
0.560022 0.275909 0.156794 0.103551 0.0746031 0.835876 
316
0 0 0 0 0 0 
3.35444 6.45194 12.4205 7.58992 17.2749 10.7339 
0.562676 0.270039 0.10379 0.170802 0.0766533 0.836822 
320
0 0 0 0 0 0 
3.34625 5.45575 8.72591 13.9609 16.1938 10.95 
0.562977 0.279239 0.155471 0.105311 0.0737538 0.835067 
320
1 1 1 1 1 
2.68111 5.79455 8.45216 12.8557 17.6008 
-0.420483 -0.211002 -0.145345 -0.106561 -0.0870292 
324
1 1 1 1 1 
2.63946 5.62291 8.11427 12.4666 17.5583 
-0.417984 -0.211418 -0.143096 -0.110748 -0.0870553 
324
0 0 0 0 0 0 
3.37936 5.42444 7.57744 12.0173 15.8769 10.8739 
0.563461 0.274314 0.152555 0.105564 0.0738667 0.835409 
328
1 1 1 1 1 
2.56581 8.89896 5.4585 10.4044 17.457 
-0.411791 -0.145855 -0.209571 -0.114878 -0.0874767 
328
0 0 0 0 0 0 
3.3701 5.25245 15.0289 8.35822 16.232 11.7303 
0.563336 0.274493 0.103878 0.166739 0.0735274 0.833706 
332
0 0 0 0 0 0 
3.53916 5.31004 11.8785 8.32793 14.7001 11.3341 
0.560457 0.27377 0.104058 0.166884 0.0751841 0.840945 
332
1 1 1 1 1 
2.71027 8.72085 5.25715 12.3416 15.5474 
-0.422168 -0.144686 -0.208378 -0.10637 -0.0860808 
336
1 1 1 1 1 
2.49091 9.24448 5.81438 11.3875 17.9511 
-0.409182 -0.146897 -0.205686 -0.10568 -0.0880541 
340
1 1 1 1 1 
2.6657 5.46462 8.60341 12.2872 16.2644 
-0.414003 -0.209624 -0.145362 -0.110514 -0.0859244 
344
0 0 0 0 0 0 
3.51697 6.14678 7.76746 11.8834 11.138 15.5473 
0.561606 0.275192 0.160214 0.104754 0.836348 0.0742028 
344
1 1 1 1 1 
2.51362 5.77762 8.84509 11.5654 14.7532 
-0.418522 -0.218794 -0.145813 -0.105885 -0.0852503 
348
0 0 0 0 0 0 
3.51686 5.82447 8.03061 12.2238 15.1111 9.10195 
0.559393 0.277381 0.159238 0.104575 0.0755567 0.840718 
348
1 1 1 1 1 
2.84688 5.78652 8.57297 12.638 17.7214 
-0.422682 -0.210334 -0.144828 -0.106632 -0.0873956 
352
1 1 1 1 1 
2.47662 8.94821 5.59056 12.0137 18.8439 
-0.415149 -0.144911 -0.213173 -0.105407 -0.0884378 
352
0 0 0 0 0 0 
3.3943 5.83323 11.0968 8.35785 16.9302 10.2269 
0.563949 0.275512 0.106157 0.166882 0.0771742 0.843525 
356
0 0 0 0 0 0 
3.35547 5.97695 12.0515 8.39022 17.4843 9.79305 
0.564668 0.272653 0.104445 0.166951 0.0759264 0.839635 
360
0 0 0 0 0 0 
3.49109 6.02628 12.1518 8.5825 15.5014 10.3189 
0.557598 0.273188 0.104857 0.16488 0.0739262 0.837524 
364
1 1 1 1 1 
2.49862 5.25822 8.68593 11.5992 14.2516 
-0.419682 -0.208656 -0.145311 -0.105151 -0.0854572 
364
0 0 0 0 0 
3.41341 5.83784 8.51324 12.5217 15.1191 
0.564421 0.275206 0.157465 0.104377 0.0747579 
368
0 0 0 0 0 0 
3.35475 6.71145 9.25135 13.1535 18.3433 11.6733 
0.562494 0.270429 0.153766 0.102596 0.0755375 0.833681 
368
1 1 1 1 1 
2.82303 8.54175 5.12244 13.2569 18.5013 
-0.41977 -0.14468 -0.206015 -0.111053 -0.088403 
372
0 0 0 0 0 0 
3.42511 5.88267 12.6594 8.18283 13.0892 7.74378 
0.565172 0.274408 0.103349 0.168838 0.073006 0.836723 
376
0 0 0 0 0 0 
3.31224 5.81031 8.03826 12.2882 17.7758 10.9627 
0.564269 0.275386 0.15946 0.104954 0.0746654 0.834467 
376
1 1 1 1 1 
2.65851 5.68375 8.57552 12.0321 16.8249 
-0.406079 -0.211217 -0.144507 -0.109294 -0.0863238 
380
1 1 1 1 1 
2.73087 9.47134 5.45062 12.3269 16.8339 
-0.41486 -0.146259 -0.209745 -0.106429 -0.086505 
384
0 0 0 0 0 0 
3.39342 6.13019 11.334 7.95905 14.5746 9.43445 
0.561168 0.272255 0.106366 0.166908 0.0757304 0.838402 
384
1 1 1 1 1 
2.48493 8.77106 5.59956 11.8791 16.7348 
-0.411079 -0.144847 -0.199165 -0.110273 -0.0867777 
388
1 1 1 1 1 
2.7208 5.61675 9.94953 12.9251 17.5893 
-0.41225 -0.209967 -0.146698 -0.108323 -0.0874136 
388
0 0 0 0 0 0 
3.45634 6.70627 11.751 7.63301 15.0429 9.72181 
0.55924 0.268209 0.104808 0.168178 0.0746074 0.838222 
392
1 1 1 1 1 
2.70906 5.49234 9.536 12.3279 15.4509 
-0.416755 -0.210091 -0.146459 -0.11116 -0.0864344 
392
0 0 0 0 0 0 
3.29012 5.75207 13.7266 8.37421 18.385 11.0309 
0.565902 0.276557 0.102209 0.166656 0.0761495 0.840748 
396
0 0 0 0 0 0 
3.53961 5.37913 8.02061 13.1128 12.5862 10.9921 
0.560002 0.280503 0.158804 0.103588 0.0735068 0.840035 
400
1 1 1 1 1 
2.69537 5.82663 9.21584 11.7682 19.234 
-0.41048 -0.211125 -0.146107 -0.105263 -0.0872565 
400
0 0 0 0 0 
3.42555 6.56709 10.7549 9.13494 16.9075 
0.563352 0.268529 0.107168 0.15569 0.0728441 
404
0 0 0 0 0 
3.47789 6.11881 8.03261 12.0101 17.1275 
0.561195 0.266373 0.158786 0.103993 0.0725739 
408
1 1 1 1 1 
2.40675 8.80584 5.29975 12.0298 15.2464 
-0.416221 -0.144773 -0.208913 -0.111173 -0.0861207 
408
0 0 0 0 0 
3.58126 6.60169 8.86991 12.6505 15.5824 
0.556856 0.269419 0.154783 0.103567 0.0733232 
412
0 0 0 0 0 
3.66504 5.86962 11.0783 7.5883 17.8516 
0.555802 0.273913 0.105197 0.169743 0.0761963 
412
1 1 1 1 1 
2.45764 5.40714 8.97179 11.8267 17.2422 
-0.419923 -0.197694 -0.146116 -0.105681 -0.086577 
416
1 1 1 1 1 
2.80896 4.69229 8.94864 12.2544 18.5648 
-0.422215 -0.196895 -0.145493 -0.106321 -0.0880513 
416
0 0 0 0 0 
3.58499 6.23698 11.9577 8.62129 17.9336 
0.559726 0.271107 0.103745 0.156311 0.0760835 
420
1 1 1 1 1 
2.70013 9.08731 5.99057 12.9831 16.6239 
-0.421136 -0.145586 -0.208269 -0.110785 -0.0870816 
424
0 0 0 0 0 
2.75357 6.23155 11.1295 8.51687 17.5216 
0.581294 0.27465 0.106373 0.166247 0.0759325 
424
1 1 1 1 1 
2.82948 8.97809 5.46585 11.0213 16.4302 
-0.420732 -0.146243 -0.210101 -0.106288 -0.0864598 
428
1 1 1 1 1 
2.67162 8.91221 6.40236 12.0782 18.0847 
-0.407714 -0.146047 -0.214308 -0.110368 -0.0871443 
432
1 1 1 1 1 
2.61964 8.86663 6.33982 12.5661 18.2255 
-0.421837 -0.145675 -0.204923 -0.110747 -0.0875847 
436
1 1 1 1 1 
2.72247 8.7316 5.48457 11.8644 17.7454 
-0.412739 -0.146364 -0.208881 -0.10564 -0.0874525 
432
0 0 0 0 0 0 
2.83976 5.96311 8.4654 12.2196 15.019 11.0152 
0.575753 0.274465 0.157623 0.103738 0.0746917 0.840997 
436
0 0 0 0 0 0 
3.49114 6.59116 8.02086 12.4157 14.959 10.2997 
0.55978 0.269807 0.159231 0.103805 0.0743979 0.836104 
440
1 1 1 1 1 
2.5478 8.74683 5.49074 11.7906 17.2141 
-0.418693 -0.145322 -0.207861 -0.110873 -0.0872348 
440
0 0 0 0 0 
3.5726 6.04447 11.9614 8.43671 15.1068 
0.557261 0.272726 0.10469 0.167137 0.0745161 
444
0 0 0 0 0 
3.36796 6.07588 8.29112 12.4702 16.005 
0.563084 0.268679 0.158622 0.103415 0.072882 
444
1 1 1 1 1 
2.47861 5.35727 9.07106 12.0752 17.3406 
-0.401378 -0.212065 -0.145913 -0.109974 -0.0875581 
448
1 1 1 1 1 
8.76966 2.60649 5.51402 11.768 18.3797 
-0.145208 -0.410881 -0.20991 -0.106165 -0.0875183 
452
0 0 0 0 0 0 
3.43114 6.09091 6.09309 12.4617 17.1923 10.9954 
0.562187 0.275042 0.154729 0.104196 0.0761442 0.839653 
452
1 1 1 1 1 
2.68151 5.68458 8.40229 12.4566 17.6842 
-0.419435 -0.210104 -0.144663 -0.106342 -0.0875143 
456
1 1 1 1 1 
2.63048 5.96528 9.44506 12.0047 18.7829 
-0.413868 -0.213409 -0.146419 -0.109785 -0.0875213 
460
0 0 0 0 0 0 
2.86162 6.06878 8.02627 12.8472 14.5922 10.8402 
0.576941 0.273422 0.159074 0.102894 0.0751489 0.841963 
464
0 0 0 0 0 
3.32278 5.32969 8.04107 11.8869 19.0345 
0.564416 0.275226 0.158838 0.104452 0.074543 
460
1 1 1 1 1 
2.33891 5.01285 9.05415 12.752 18.2002 
-0.406104 -0.197297 -0.145541 -0.106963 -0.0869887 
464
1 1 1 1 1 
2.57383 8.63153 5.45618 11.6532 17.7892 
-0.418761 -0.145402 -0.214545 -0.109312 -0.0876893 
468
1 1 1 1 1 
2.62341 5.95078 8.73475 10.715 14.2009 
-0.410668 -0.214932 -0.14482 -0.114934 -0.0850258 
472
1 1 1 1 1 
2.54428 5.29363 8.82289 11.1823 17.5402 
-0.416723 -0.207235 -0.145888 -0.104821 -0.087705 
472
0 0 0 0 0 0 
3.57668 5.74251 12.0113 8.81954 17.9547 12.0578 
0.557089 0.275605 0.104435 0.16635 0.0761086 0.837582 
476
1 1 1 1 1 
2.59072 8.55314 5.11323 11.9695 17.9087 
-0.413807 -0.144837 -0.213907 -0.110724 -0.0878116 
476
0 0 0 0 0 0 
3.27587 5.71901 8.38151 11.2935 15.8611 12.1828 
0.564759 0.276155 0.156842 0.105877 0.0734917 0.833354 
480
1 1 1 1 1 
2.71879 9.10972 6.07758 12.4143 13.9778 
-0.410294 -0.146465 -0.213882 -0.111249 -0.0843311 
484
1 1 1 1 1 
2.47137 9.24322 5.59983 12.2056 18.8416 
-0.417577 -0.146367 -0.210617 -0.110755 -0.0880067 
484
0 0 0 0 0 0 
3.69357 5.75751 8.12642 12.4809 13.9473 10.3837 
0.553557 0.276938 0.158358 0.103632 0.0760714 0.836163 
488
1 1 1 1 1 
2.65839 8.65924 5.37186 12.8783 16.724 
-0.417838 -0.144977 -0.209993 -0.107601 -0.0868552 
488
0 0 0 0 0 0 
3.41623 6.13492 7.7248 11.1142 15.3495 10.795 
0.561686 0.273362 0.159983 0.105544 0.0736406 0.836362 
492
1 1 1 1 1 
2.62601 5.47894 8.66026 12.1493 14.2349 
-0.405583 -0.204508 -0.144808 -0.106467 -0.0853283 
496
0 0 0 0 0 
3.36125 4.54834 11.5249 8.48278 14.5933 
0.563743 0.292789 0.105246 0.156755 0.0752321 
496
1 1 1 1 1 
2.61239 5.54742 8.65098 12.7341 13.8791 
-0.416073 -0.210869 -0.144968 -0.111504 -0.0845572 
500
0 0 0 0 0 0 
3.42493 5.03174 9.07153 11.0662 18.5886 9.7174 
0.562966 0.278176 0.154524 0.106802 0.0747299 0.836883 
500
1 1 1 1 1 
2.56392 6.75025 9.02523 11.9959 15.0236 
-0.41675 -0.21304 -0.146448 -0.106021 -0.0857437 
504
1 1 1 1 1 
2.52159 5.9297 9.19654 11.5428 17.1557 
-0.409857 -0.21481 -0.145798 -0.105597 -0.0864657 
508
1 1 1 1 1 
2.34222 10.2725 5.40667 11.883 16.8333 
-0.406522 -0.147639 -0.206177 -0.11001 -0.0866377 
508
0 0 0 0 0 0 
3.39128 7.28684 9.07237 12.2561 18.3986 8.56592 
0.56327 0.266051 0.155108 0.103413 0.0748814 0.840384 
512
0 0 0 0 0 0 
3.4675 5.98877 8.93128 12.2796 9.65446 15.8281 
0.561689 0.268946 0.155071 0.105424 0.837789 0.0736578 
512
1 1 1 1 1 
2.62386 8.81944 5.5119 12.9526 19.6754 
-0.411643 -0.145596 -0.21036 -0.105707 -0.0879756 
516
1 1 1 1 1 
2.69089 5.05617 9.43398 10.1371 13.0981 
-0.412614 -0.207226 -0.146796 -0.10398 -0.0834843 
520
0 0 0 0 0 0 
3.44221 5.83805 11.7207 8.27017 17.1113 8.90965 
0.560188 0.270462 0.104843 0.157529 0.0762513 0.839483 
520
1 1 1 1 1 
2.6254 5.7256 8.42845 14.4501 13.1454 
-0.412852 -0.211762 -0.151689 -0.0851864 -0.108769 
524
0 0 0 0 0 0 
3.50185 5.71717 8.25884 11.6359 14.9868 12.8375 
0.563325 0.2779 0.158868 0.105636 0.0748516 0.836641 
524
1 1 1 1 1 
2.53791 5.18979 8.65693 12.092 17.4007 
-0.421164 -0.208703 -0.144303 -0.110106 -0.0867871 
528
0 0 0 0 0 0 
3.50553 5.54618 13.0284 7.7919 8.88358 13.6642 
0.559496 0.272476 0.1037 0.169663 0.8384 0.076449 
528
1 1 1 1 1 
2.59699 6.08868 8.84748 11.7146 16.4338 
-0.411447 -0.209666 -0.145053 -0.104445 -0.0865697 
532
1 1 1 1 1 
2.66845 5.74781 8.48315 10.8661 16.5115 
-0.41456 -0.211761 -0.150016 -0.10512 -0.0868816 
536
1 1 1 1 1 
2.52325 9.00133 6.31859 12.6838 14.6838 
-0.412055 -0.145035 -0.203091 -0.109641 -0.085384 
536
0 0 0 0 0 
3.50344 6.07692 8.47809 12.4557 16.4089 
0.55624 0.269753 0.156999 0.104191 0.0735191 
540
0 0 0 0 0 0 
3.43995 6.09529 8.10024 12.1114 14.1746 8.43672 
0.559552 0.268445 0.159164 0.104342 0.0757097 0.841394 
544
0 0 0 0 0 0 
3.53087 5.59773 8.49123 13.386 15.7161 10.5122 
0.555954 0.272278 0.157511 0.102877 0.074342 0.836297 
544
1 1 1 1 1 
2.54286 7.0526 8.92206 9.52772 15.7179 
-0.423014 -0.214012 -0.145079 -0.113881 -0.0858573 
548
1 1 1 1 1 
2.4749 5.25015 9.02398 13.7323 18.0974 
-0.409108 -0.207467 -0.145398 -0.110441 -0.0878413 
548
0 0 0 0 0 0 
3.55556 5.53925 8.43808 11.1338 17.2664 12.0874 
0.559308 0.273171 0.157437 0.106343 0.0761103 0.837971 
552
1 1 1 1 1 
2.59195 5.21149 8.44489 12.3434 13.8273 
-0.411646 -0.207362 -0.14435 -0.106388 -0.0849016 
556
0 0 0 0 0 0 
3.60623 5.99616 8.41697 11.5806 15.6451 8.8815 
0.556084 0.278385 0.157987 0.10525 0.0740414 0.839827 
556
1 1 1 1 1 
2.5404 6.02498 8.58569 11.8633 15.2012 
-0.418291 -0.210427 -0.143804 -0.106406 -0.0854499 
560
1 1 1 1 1 
2.72148 8.7299 5.51807 12.2 16.0685 
-0.424322 -0.144208 -0.214361 -0.104881 -0.0865985 
560
0 0 0 0 0 
3.45772 6.00017 11.5029 8.34659 17.247 
0.563788 0.26869 0.105554 0.155935 0.0727033 
564
0 0 0 0 0 0 
3.85499 5.59026 8.49717 13.565 16.1411 8.55498 
0.547797 0.271497 0.157477 0.102634 0.0735332 0.841041 
568
1 1 1 1 1 
2.51499 8.41645 5.39067 12.5743 17.9804 
-0.408217 -0.144538 -0.209834 -0.110002 -0.0871122 
568
0 0 0 0 0 0 
3.49107 6.60452 12.3626 8.8751 17.582 7.90394 
0.556642 0.265296 0.1047 0.155926 0.0726827 0.841861 
572
0 0 0 0 0 
3.44742 5.69236 13.7012 7.64963 14.959 
0.560998 0.271588 0.102807 0.170789 0.0746242 
572
1 1 1 1 1 
2.6575 6.35476 8.99598 11.3674 15.4015 
-0.420384 -0.210476 -0.145778 -0.107282 -0.0850869 
576
0 0 0 0 0 0 
3.70074 5.36829 13.418 7.6694 14.8334 8.16743 
0.552455 0.273478 0.10315 0.165122 0.0799108 0.839046 
580
0 0 0 0 0 
3.56493 6.33763 8.52122 13.3235 17.9318 
0.557636 0.267221 0.156737 0.103198 0.07556 
580
1 1 1 1 1 
2.56955 8.61205 5.21397 11.845 13.4193 
-0.411283 -0.144579 -0.214246 -0.106141 -0.0848644 
584
0 0 0 0 0 0 
3.45397 5.96444 8.23512 12.2848 17.9576 8.34621 
0.560777 0.271283 0.1585 0.105684 0.0757507 0.839068 
584
1 1 1 1 1 
2.60395 5.57972 9.0943 11.0938 16.8104 
-0.422646 -0.210071 -0.145992 -0.104919 -0.0870995 
588
0 0 0 0 0 0 
3.48588 4.82355 7.96308 11.1845 9.0385 16.7831 
0.558099 0.280736 0.154699 0.106308 0.836638 0.0772095 
588
1 1 1 1 1 
2.8488 9.01014 6.22346 8.94816 17.2868 
-0.425541 -0.145197 -0.212842 -0.0998991 -0.0869333 
592
0 0 0 0 0 0 
3.5435 5.33379 13.0291 8.55222 8.33048 15.5102 
0.556576 0.27624 0.102929 0.156653 0.840377 0.0746299 
596
0 0 0 0 0 0 
3.83798 5.63054 7.84038 13.665 15.3105 8.50288 
0.550001 0.271584 0.159876 0.102414 0.0744202 0.840697 
596
1 1 1 1 1 
2.64386 6.20712 9.16373 11.8393 15.2425 
-0.421425 -0.212427 -0.146016 -0.105506 -0.0856673 
600
0 0 0 0 0 0 
2.94256 4.69418 8.65015 13.088 15.5129 9.31472 
0.579058 0.282791 0.157234 0.102497 0.0743336 0.838503 
604
0 0 0 0 0 0 
3.77973 5.92413 12.3274 8.2721 17.0992 8.07445 
0.553982 0.269953 0.104811 0.15813 0.0771106 0.840498 
604
1 1 1 1 1 
2.41521 5.58628 8.81893 10.9155 17.0755 
-0.409942 -0.207067 -0.145713 -0.103494 -0.0877598 
608
0 0 0 0 0 0 
3.62933 5.36721 13.342 8.2626 8.09851 14.2033 
0.55721 0.274873 0.10296 0.168551 0.841362 0.0735004 
612
0 0 0 0 0 
3.63557 5.86133 8.16982 12.4201 16.1556 
0.555985 0.271012 0.163107 0.104796 0.0735065 
608
1 1 1 1 1 
2.68475 5.56493 9.16225 10.9572 17.306 
-0.42003 -0.210929 -0.145521 -0.105456 -0.0864985 
616
1 1 1 1 1 
2.3776 5.50079 9.20681 11.3394 16.823 
-0.408477 -0.200413 -0.145492 -0.108288 -0.0872219 
616
0 0 0 0 0 0 
3.61139 5.55724 8.84341 13.4678 16.6873 8.80365 
0.554253 0.272655 0.156439 0.102913 0.0765886 0.839843 
620
0 0 0 0 0 0 
3.36479 5.93978 8.52327 12.2034 17.1775 8.29424 
0.564804 0.269638 0.157129 0.1044 0.0768544 0.839515 
624
0 0 0 0 0 
3.81209 6.52551 8.65647 12.8695 15.6924 
0.547404 0.269717 0.156112 0.104554 0.0743322 
624
1 1 1 1 1 
2.50778 5.37968 9.12909 11.5924 18.8916 
-0.419053 -0.208136 -0.146023 -0.109433 -0.0872573 
628
0 0 0 0 0 0 
3.62032 5.47175 12.2445 8.93785 16.9931 7.9492 
0.553719 0.27359 0.104839 0.165485 0.0727551 0.841822 
628
1 1 1 1 1 
2.9372 6.61486 8.49709 12.1162 17.3031 
-0.426306 -0.213906 -0.144183 -0.109636 -0.0872508 
632
1 1 1 1 1 
2.61355 5.45321 8.72262 11.0645 16.9395 
-0.411202 -0.210455 -0.144006 -0.104473 -0.0864629 
636
1 1 1 1 1 
2.54989 9.5107 6.53295 12.378 12.3382 
-0.413389 -0.14689 -0.211974 -0.105316 -0.0835534 
636
0 0 0 0 0 0 
3.43627 5.97541 8.01721 13.1637 14.9671 7.96792 
0.558962 0.269512 0.158846 0.103228 0.0739914 0.841486 
640
1 1 1 1 1 
2.7414 5.5097 9.27446 12.7483 13.9511 
-0.423779 -0.209897 -0.14638 -0.107704 -0.0846716 
640
0 0 0 0 0 0 
3.59172 5.55922 8.46693 11.8459 16.6272 7.90708 
0.554237 0.272916 0.161438 0.105301 0.0730933 0.841891 
644
1 1 1 1 1 
2.35458 9.55232 5.18779 11.1365 15.6766 
-0.406691 -0.145784 -0.204768 -0.109795 -0.0859507 
648
1 1 1 1 1 
2.65543 5.16408 9.62928 11.5732 13.9939 
-0.422906 -0.208483 -0.146977 -0.114685 -0.0843796 
652
1 1 1 1 1 
2.82014 5.71075 8.75455 12.2594 17.0389 
-0.425898 -0.207619 -0.14491 -0.108285 -0.0867656 
652
0 0 0 0 0 0 
3.71705 4.87904 8.78409 12.1604 17.0462 9.59703 
0.552226 0.278807 0.155727 0.105067 0.0766169 0.837165 
656
1 1 1 1 1 
2.60832 5.43073 8.91851 12.2595 13.8979 
-0.423138 -0.210398 -0.145294 -0.110145 -0.08517 
656
0 0 0 0 0 0 
3.39621 5.52671 13.2183 8.40562 9.02037 14.7507 
0.561445 0.273812 0.103083 0.167512 0.838488 0.0759619 
660
1 1 1 1 1 
2.70568 5.26521 9.32447 12.657 14.4974 
-0.422247 -0.204585 -0.14571 -0.107666 -0.0851572 
664
1 1 1 1 1 
2.6649 8.82466 5.11227 11.6671 17.4211 
-0.41162 -0.145901 -0.202233 -0.105275 -0.0861279 
660
0 0 0 0 0 
3.59624 5.5237 8.62785 13.3607 16.0744 
0.557243 0.273216 0.156284 0.102977 0.0744146 
668
1 1 1 1 1 
2.65747 8.27711 6.29959 13.0677 13.2866 
-0.413088 -0.143242 -0.205199 -0.107653 -0.0840943 
668
0 0 0 0 0 0 
3.65803 5.66229 8.63297 12.2107 15.2454 8.12075 
0.551548 0.273488 0.155577 0.104669 0.0745041 0.842051 
672
1 1 1 1 1 
2.61077 8.80136 5.24725 11.8403 15.1613 
-0.414517 -0.144964 -0.204725 -0.10589 -0.0850373 
676
0 0 0 0 0 
3.41022 5.28601 13.7407 8.69486 15.5329 
0.558289 0.27564 0.102627 0.156844 0.0737268 
676
1 1 1 1 1 
2.66191 5.19936 8.48779 12.3561 15.5319 
-0.422077 -0.208231 -0.144143 -0.105976 -0.0867773 
680
1 1 1 1 1 
2.58276 6.36615 9.09897 13.4215 13.4995 
-0.410886 -0.214183 -0.145779 -0.106584 -0.084343 
684
0 0 0 0 0 0 
3.66908 5.53099 8.83611 12.1788 14.5235 8.33216 
0.552771 0.274565 0.155293 0.104827 0.0757823 0.841637 
684
1 1 1 1 1 
2.66126 5.64487 9.00802 12.5148 12.748 
-0.42085 -0.209926 -0.145197 -0.10973 -0.0830014 
688
1 1 1 1 1 
2.55486 5.77318 9.50483 11.9942 15.8854 
-0.412157 -0.209553 -0.146557 -0.109765 -0.0865785 
688
0 0 0 0 0 0 
3.57388 6.11599 13.6207 8.19697 14.958 8.57122 
0.556771 0.268373 0.10251 0.167711 0.0758515 0.838718 
692
0 0 0 0 0 0 
3.5915 6.10648 8.27056 12.7342 16.3329 8.83847 
0.557438 0.268596 0.157201 0.104165 0.0775088 0.838318 
696
0 0 0 0 0 0 
3.87342 6.21575 13.1476 9.03205 16.127 8.5016 
0.545754 0.26778 0.103688 0.155513 0.0729982 0.840614 
696
1 1 1 1 1 
2.60849 6.16311 8.51077 10.8467 17.3826 
-0.423416 -0.212081 -0.144644 -0.104849 -0.0868457 
700
0 0 0 0 0 0 
3.48261 6.00937 7.87978 13.1521 16.013 8.24231 
0.557694 0.269255 0.157228 0.103186 0.0738081 0.8406 
700
1 1 1 1 1 
2.61559 8.76215 6.02005 12.2071 16.4382 
-0.424045 -0.145018 -0.205017 -0.105463 -0.0863172 
704
0 0 0 0 0 0 
3.7951 5.86443 8.7301 12.8654 16.3574 8.39381 
0.550191 0.270396 0.155735 0.104142 0.0725125 0.838944 
708
0 0 0 0 0 0 
3.59073 6.18354 13.204 8.84415 15.5931 8.95402 
0.555737 0.267062 0.103402 0.15653 0.0782033 0.83831 
712
0 0 0 0 0 0 
3.13232 5.82271 8.07132 12.3889 17.9062 8.70154 
0.570045 0.271557 0.159284 0.10382 0.0758095 0.839839 
708
1 1 1 1 1 
2.49254 9.09561 6.50303 11.8012 12.8974 
-0.422619 -0.145221 -0.212356 -0.106529 -0.0833373 
716
1 1 1 1 1 
2.57825 5.83942 8.81907 12.3711 14.1065 
-0.412078 -0.209733 -0.145765 -0.105927 -0.0847048 
716
0 0 0 0 0 0 
3.46835 5.90721 9.04652 14.1977 15.8817 8.69857 
0.560714 0.270086 0.156171 0.105353 0.0737251 0.838985 
720
1 1 1 1 1 
2.71415 8.55396 6.02775 11.1145 14.2976 
-0.421782 -0.144632 -0.211242 -0.104819 -0.0853615 
720
0 0 0 0 0 0 
3.43533 5.83808 12.8656 7.78135 15.3833 8.90276 
0.561511 0.270978 0.104105 0.169923 0.0735825 0.83834 
724
1 1 1 1 1 
2.51092 6.06082 8.86073 12.2603 16.8061 
-0.420399 -0.203422 -0.145525 -0.106023 -0.0863858 
728
1 1 1 1 1 
2.67301 5.86852 8.93886 12.1675 15.579 
-0.420848 -0.213492 -0.145259 -0.107567 -0.0858352 
728
0 0 0 0 0 0 
3.55339 5.69156 7.9504 11.3885 16.2302 8.71105 
0.556254 0.272716 0.160161 0.106143 0.0729448 0.838866 
732
0 0 0 0 0 
3.66161 6.7209 8.29367 13.0832 17.3003 
0.553163 0.265086 0.15772 0.103386 0.0720042 
732
1 1 1 1 1 
2.49197 6.27797 8.91382 13.2838 14.5599 
-0.408489 -0.211892 -0.145305 -0.107425 -0.0854999 
736
0 0 0 0 0 0 
3.2935 6.11715 9.47237 13.8223 18.8801 8.44342 
0.564675 0.267802 0.155545 0.105522 0.0711267 0.840423 
736
1 1 1 1 1 
2.39806 9.21204 5.99002 11.7934 15.0878 
-0.408547 -0.146338 -0.20615 -0.105776 -0.0845272 
740
1 1 1 1 1 
2.69664 9.15477 5.32475 11.1729 13.2593 
-0.421394 -0.145634 -0.208097 -0.105082 -0.0837267 
744
0 0 0 0 0 0 
3.39765 5.6959 8.96669 11.8276 16.1903 10.3361 
0.561492 0.270694 0.15505 0.105538 0.0739904 0.841574 
748
0 0 0 0 0 0 
3.47991 6.19036 12.4643 8.99242 17.1424 8.06754 
0.561373 0.267812 0.104699 0.155784 0.0723622 0.840546 
748
1 1 1 1 1 
2.71099 5.22361 8.52245 11.8225 16.946 
-0.420067 -0.201897 -0.143762 -0.109979 -0.0869124 
752
0 0 0 0 0 
3.44391 6.43808 8.71502 13.071 17.2632 
0.562645 0.266491 0.156712 0.103857 0.0766105 
756
0 0 0 0 0 0 
3.49882 5.63864 8.85591 13.3796 18.1505 7.07269 
0.558675 0.271167 0.155361 0.103334 0.0749647 0.844668 
752
1 1 1 1 1 
2.55491 8.74069 6.13925 12.8978 13.318 
-0.409917 -0.144178 -0.205678 -0.106493 -0.083855 
760
0 0 0 0 0 0 
3.38874 5.64329 8.35452 12.9378 15.2054 7.99302 
0.563764 0.271884 0.157803 0.104618 0.0736841 0.841577 
760
1 1 1 1 1 
2.67675 8.7934 5.4153 12.3748 15.1402 
-0.42269 -0.144964 -0.210787 -0.105288 -0.0858163 
764
0 0 0 0 0 0 
3.55677 6.1184 12.6242 9.14636 16.4553 8.58776 
0.557373 0.269693 0.104372 0.155182 0.0764669 0.839744 
764
1 1 1 1 1 
2.72753 5.17754 8.9966 14.1559 13.2779 
-0.424123 -0.203209 -0.145897 -0.0845894 -0.108229 
768
0 0 0 0 0 
3.34643 5.71748 12.1514 7.52974 17.9124 
0.558918 0.273267 0.105481 0.155821 0.0757644 
768
1 1 1 1 1 
2.61542 5.85975 9.18888 12.0627 14.3549 
-0.411777 -0.207713 -0.146044 -0.105008 -0.0851471 
772
1 1 1 1 1 
2.66824 5.58578 8.75727 12.3964 14.6802 
-0.417683 -0.209615 -0.145447 -0.11109 -0.0856812 
772
0 0 0 0 0 0 
3.90728 5.97315 12.0148 7.9397 15.4505 8.39008 
0.550045 0.274202 0.105125 0.164725 0.079161 0.840659 
780
0 0 0 0 0 0 
2.9548 5.97422 8.36942 10.8784 16.0612 8.74998 
0.57315 0.269629 0.157104 0.10764 0.0741789 0.838589 
780
1 1 1 1 1 
2.49531 6.29145 8.5427 12.2877 13.1666 
-0.407031 -0.211238 -0.143888 -0.110885 -0.0841081 
784
0 0 0 0 0 
3.60961 5.72842 13.2193 8.3767 16.7416 
0.55705 0.27085 0.103309 0.157799 0.0729149 
784
1 1 1 1 1 
2.55719 10.1309 5.5204 11.4898 14.1324 
-0.409367 -0.1469 -0.20986 -0.105254 -0.084427 
788
1 1 1 1 1 
2.45128 5.10996 8.95234 12.5564 17.411 
-0.420659 -0.203056 -0.145328 -0.105321 -0.0864213 
792
1 1 1 1 1 
2.68606 8.66512 5.71807 11.9511 15.4439 
-0.422732 -0.144808 -0.205751 -0.106301 -0.0856607 
792
0 0 0 0 0 0 
3.56503 5.20343 8.11911 13.4681 14.7606 8.39445 
0.559191 0.27398 0.158398 0.105623 0.0748782 0.840138 
796
0 0 0 0 0 0 
3.35387 5.80608 13.1619 9.20646 15.414 8.40597 
0.561863 0.271683 0.103415 0.155172 0.0736287 0.841027 
796
1 1 1 1 1 
2.66352 5.40841 8.62972 12.6794 15.0105 
-0.412556 -0.209379 -0.144727 -0.105339 -0.0860744 
800
0 0 0 0 0 0 
3.43597 6.04959 12.5577 9.1367 17.5049 7.89506 
0.55915 0.268811 0.104259 0.155284 0.0751195 0.841555 
804
1 1 1 1 1 
2.65498 5.35748 9.26684 12.0346 14.8565 
-0.422335 -0.205599 -0.146281 -0.105045 -0.0850548 
804
0 0 0 0 0 0 
3.6759 5.61237 12.5253 8.59451 15.9378 8.71164 
0.552733 0.271441 0.104207 0.157781 0.0739081 0.839788 
808
0 0 0 0 0 0 
3.62464 6.02817 8.34991 11.3246 17.7029 8.72978 
0.554279 0.270122 0.157867 0.106323 0.0758619 0.839567 
808
1 1 1 1 1 
2.50307 6.54452 9.53047 10.8727 13.5782 
-0.41219 -0.212982 -0.147393 -0.104856 -0.084216 
812
0 0 0 0 0 0 
3.49678 5.67047 8.56254 13.403 16.1513 8.73132 
0.558181 0.271604 0.158099 0.106312 0.0738722 0.839678 
816
1 1 1 1 1 
2.66355 9.26354 5.46256 10.9151 14.3695 
-0.419797 -0.146389 -0.209661 -0.104733 -0.085556 
816
0 0 0 0 0 0 
3.70709 5.96234 13.1373 8.24733 16.8097 8.31821 
0.555113 0.268822 0.103894 0.168149 0.0754718 0.84076 
820
1 1 1 1 1 
2.70981 8.83858 4.72027 12.2974 13.0437 
-0.413882 -0.145523 -0.20185 -0.106605 -0.0848353 
820
0 0 0 0 0 0 
3.52471 5.97165 8.38442 12.2266 17.7064 8.82154 
0.55844 0.267955 0.157923 0.104723 0.0753501 0.839353 
824
1 1 1 1 1 
2.46408 9.52844 5.2703 11.1682 13.2912 
-0.409264 -0.146851 -0.203693 -0.104983 -0.0845828 
828
1 1 1 1 1 
2.46859 8.51167 5.66995 11.3254 14.054 
-0.407527 -0.144976 -0.211018 -0.105482 -0.0850371 
828
0 0 0 0 0 0 
3.48943 5.44186 8.66146 11.3066 16.8796 8.54369 
0.556817 0.272935 0.157481 0.106601 0.0723355 0.84089 
832
0 0 0 0 0 
3.67818 5.35051 14.5434 7.95831 18.0042 
0.552572 0.274916 0.104141 0.169778 0.076105 
836
0 0 0 0 0 
3.7179 6.01937 13.1424 8.96311 18.5987 
0.551876 0.268765 0.102334 0.16298 0.0751993 
836
1 1 1 1 1 
2.61511 4.9927 9.44887 13.1715 14.1009 
-0.411295 -0.20152 -0.146967 -0.107142 -0.0839631 
840
1 1 1 1 1 
2.78095 9.49738 5.44566 12.2741 16.5535 
-0.416821 -0.146695 -0.210017 -0.104982 -0.0865688 
840
0 0 0 0 0 0 
3.57528 6.13632 8.40688 11.9011 8.15801 17.0215 
0.556596 0.269293 0.158027 0.105531 0.839622 0.0767243 
844
1 1 1 1 1 
2.78475 5.33725 9.13025 12.5651 14.4482 
-0.422708 -0.211774 -0.146078 -0.105547 -0.0854483 
844
0 0 0 0 0 0 
3.66349 5.69815 8.43137 12.5492 14.9634 8.61766 
0.555212 0.270219 0.157215 0.104132 0.0749535 0.83874 
848
1 1 1 1 1 
2.61384 6.8735 9.24371 11.8858 13.9279 
-0.419452 -0.213699 -0.146065 -0.110171 -0.0844912 
852
1 1 1 1 1 
2.54187 5.41906 8.57599 13.2777 12.2186 
-0.409199 -0.202976 -0.145181 -0.0835935 -0.106841 
852
0 0 0 0 0 0 
3.64025 5.95492 8.52462 11.9457 16.7499 7.92029 
0.557928 0.270415 0.166214 0.10493 0.0768557 0.842821 
856
1 1 1 1 1 
2.57127 8.62397 5.87128 12.8149 17.6061 
-0.413675 -0.145056 -0.20912 -0.105157 -0.0869376 
860
0 0 0 0 0 0 
3.28862 5.72668 13.6609 7.97256 9.24424 16.8883 
0.564602 0.272564 0.102701 0.159772 0.837647 0.0774914 
860
1 1 1 1 1 
2.33416 8.61531 5.32247 12.0161 14.3789 
-0.402202 -0.144116 -0.207638 -0.105589 -0.0855794 
864
1 1 1 1 1 
2.47438 5.5465 8.26154 11.3847 13.8259 
-0.409055 -0.20971 -0.143265 -0.105426 -0.0845209 
864
0 0 0 0 0 
3.7222 5.49669 8.76926 13.2998 16.2378 
0.551676 0.274216 0.156252 0.10265 0.0743761 
868
0 0 0 0 0 0 
3.71524 5.54455 12.2722 8.04457 15.6299 8.38268 
0.553492 0.274721 0.104867 0.169045 0.0745916 0.8407 
872
0 0 0 0 0 0 
3.58731 6.40686 14.3103 8.47739 16.0418 8.43527 
0.558257 0.271218 0.101685 0.157426 0.0736065 0.839821 
872
1 1 1 1 1 
2.38159 5.45329 9.262 10.916 14.9145 
-0.405023 -0.204817 -0.146218 -0.105386 -0.0855907 
876
0 0 0 0 0 0 
3.71348 6.55006 10.5054 7.7472 15.9366 8.91755 
0.553182 0.267318 0.10658 0.169745 0.0744667 0.839904 
876
1 1 1 1 1 
2.3345 8.19701 5.43536 11.0359 15.4013 
-0.404102 -0.143195 -0.206464 -0.107308 -0.0856635 
880
0 0 0 0 0 0 
3.44958 6.48849 8.52204 13.755 17.9016 9.72089 
0.559055 0.270875 0.157238 0.102597 0.0717916 0.837433 
884
0 0 0 0 0 0 
3.12557 5.39703 8.91571 12.3823 16.168 8.60394 
0.56604 0.274804 0.156404 0.103417 0.0736752 0.839584 
888
0 0 0 0 0 0 
3.5538 6.36455 8.74675 11.223 16.307 8.7995 
0.555627 0.26974 0.16585 0.10568 0.0736586 0.839056 
884
1 1 1 1 1 
2.49227 9.14472 5.88787 11.8792 13.057 
-0.40802 -0.145869 -0.212944 -0.105781 -0.0833244 
888
1 1 1 1 1 
2.7257 5.85218 9.31286 12.585 15.5485 
-0.414452 -0.211383 -0.145331 -0.106963 -0.0861866 
892
1 1 1 1 1 
2.82522 5.27974 8.78506 12.405 15.6706 
-0.424227 -0.204126 -0.144604 -0.106468 -0.0866429 
892
0 0 0 0 0 0 
3.60314 5.90401 11.9245 8.34328 18.4803 8.33663 
0.558806 0.270189 0.104397 0.157287 0.0754557 0.840698 
896
0 0 0 0 0 
3.532 6.256 8.86165 13.2386 17.5208 
0.556605 0.266502 0.15534 0.103625 0.0760379 
896
1 1 1 1 1 
2.55695 5.4914 9.28962 11.9053 17.1747 
-0.421006 -0.204113 -0.145832 -0.106773 -0.0859066 
904
1 1 1 1 1 
2.44485 4.89659 8.36738 11.6901 15.0133 
-0.405765 -0.205472 -0.143878 -0.105273 -0.0857899 
904
0 0 0 0 0 
3.36215 6.00458 8.51575 12.1941 15.9791 
0.560954 0.269071 0.156396 0.104648 0.0738512 
908
1 1 1 1 1 
2.39364 5.34904 8.78607 13.2639 14.9564 
-0.402608 -0.207954 -0.145055 -0.110982 -0.0847608 
912
1 1 1 1 1 
2.65339 5.66567 8.99137 11.1865 14.7682 
-0.420645 -0.21113 -0.146057 -0.105389 -0.0849296 
916
1 1 1 1 1 
2.534 5.75991 10.4313 13.4587 13.3076 
-0.422749 -0.210098 -0.147092 -0.107551 -0.0841288 
912
0 0 0 0 0 0 
2.92752 5.98488 11.9957 9.7142 15.8048 9.07452 
0.577301 0.269453 0.105476 0.15093 0.0748032 0.839146 
916
0 0 0 0 0 0 
3.53203 5.51689 12.16 8.29461 15.8382 8.00333 
0.555643 0.273393 0.105023 0.167749 0.0743004 0.840678 
920
0 0 0 0 0 0 
3.3905 6.00242 8.74302 10.9215 16.5493 9.2389 
0.561896 0.269505 0.157336 0.105296 0.07355 0.836854 
924
0 0 0 0 0 
3.85835 6.01355 12.0517 8.15158 14.6794 
0.551543 0.269825 0.104566 0.167286 0.0752607 
924
1 1 1 1 1 
2.65871 5.43945 8.84818 11.6826 18.2446 
-0.415381 -0.207671 -0.14546 -0.105614 -0.0873006 
928
0 0 0 0 0 0 
3.30497 5.68412 12.1617 8.37852 18.4262 8.19928 
0.568875 0.272066 0.104376 0.15719 0.0758134 0.840527 
932
0 0 0 0 0 
3.46974 5.78174 12.5584 9.03111 19.163 
0.5606 0.269013 0.104472 0.155016 0.0723854 
928
1 1 1 1 1 
2.72899 5.12108 9.02795 12.0605 15.2805 
-0.417422 -0.203381 -0.149538 -0.106346 -0.0859223 
936
0 0 0 0 0 0 
3.60258 5.89222 12.2367 8.75124 9.82195 16.6167 
0.558244 0.270747 0.103872 0.164923 0.837722 0.0739806 
936
1 1 1 1 1 
2.59262 6.308 8.71326 13.8808 16.4661 
-0.40955 -0.211075 -0.144993 -0.110222 -0.0862806 
940
0 0 0 0 0 0 
3.56577 5.63547 11.4867 8.69852 17.0384 8.24186 
0.557064 0.270289 0.105635 0.157512 0.0733561 0.841125 
940
1 1 1 1 1 
2.76556 5.49544 9.37681 11.6629 17.679 
-0.419595 -0.206993 -0.145915 -0.105049 -0.087112 
944
0 0 0 0 0 0 
3.80453 5.87075 12.3813 8.04149 17.6018 8.99211 
0.553241 0.270721 0.103279 0.169575 0.0768371 0.8389 
948
1 1 1 1 1 
2.83575 5.89706 8.98377 12.4631 18.7067 
-0.421005 -0.211448 -0.14517 -0.107087 -0.0877401 
952
1 1 1 1 1 
2.62535 5.47679 9.08637 12.7082 19.1995 
-0.411676 -0.20793 -0.145632 -0.107012 -0.0876254 
948
0 0 0 0 0 
3.53104 6.39786 13.9306 8.10288 17.6543 
0.558709 0.272547 0.101671 0.158935 0.0757963 
952
0 0 0 0 0 0 
3.8115 5.88721 8.19471 12.8887 18.8307 8.47705 
0.553579 0.269624 0.157966 0.10277 0.0747861 0.839116 
956
0 0 0 0 0 
3.3785 6.38564 11.8284 7.6476 16.9839 
0.563704 0.266296 0.105403 0.161087 0.07272 
960
1 1 1 1 1 
2.67445 5.39038 9.04761 11.1979 19.5457 
-0.411641 -0.216286 -0.145781 -0.105166 -0.0887837 
960
0 0 0 0 0 0 
3.64743 5.00641 13.7195 8.49924 18.0782 8.54154 
0.55355 0.274759 0.102344 0.157524 0.0757892 0.841549 
964
1 1 1 1 1 
2.6178 5.32334 9.01861 11.6897 17.5425 
-0.414644 -0.206146 -0.146184 -0.104943 -0.0871382 
964
0 0 0 0 0 0 
3.36869 5.68477 11.8701 7.71178 18.9494 8.51664 
0.563022 0.270293 0.104538 0.171299 0.074397 0.838832 
968
1 1 1 1 1 
2.47151 5.58459 9.18701 11.4727 17.0169 
-0.401427 -0.213161 -0.145954 -0.106017 -0.0861728 
968
0 0 0 0 0 0 
3.51333 5.18362 11.2622 7.65237 17.6282 8.58874 
0.557778 0.273533 0.10616 0.170238 0.0717291 0.838517 
972
1 1 1 1 1 
2.48714 5.7739 9.62728 11.3171 18.3673 
-0.410022 -0.210268 -0.146464 -0.104559 -0.0872545 
972
0 0 0 0 0 0 
3.54514 6.18889 11.7398 8.48235 18.6275 7.78964 
0.558198 0.268602 0.105908 0.157388 0.075046 0.841607 
976
0 0 0 0 0 
3.49561 6.01189 13.5538 8.37717 16.6933 
0.559595 0.268877 0.102667 0.154106 0.0770659 
976
1 1 1 1 
2.75014 5.38098 8.86263 10.8414 
-0.424438 -0.203726 -0.151701 -0.10434 
980
1 1 1 1 1 
2.41827 6.80214 8.79258 13.2238 17.3022 
-0.405759 -0.2112 -0.144665 -0.107128 -0.0866556 
980
0 0 0 0 0 0 
3.85589 6.2478 12.1896 8.24536 15.8847 8.86784 
0.552772 0.266813 0.103613 0.166954 0.0744363 0.839224 
984
1 1 1 1 
2.31874 9.32585 4.91 11.4486 
-0.401064 -0.14621 -0.203382 -0.107836 
988
0 0 0 0 0 0 
3.52126 5.9584 8.64869 10.8247 18.4314 9.67893 
0.559912 0.268398 0.156623 0.104035 0.0719979 0.836937 
996
0 0 0 0 0 
3.66735 6.95152 14.2361 8.63517 16.9018 
0.556596 0.263227 0.102209 0.156197 0.0738543 
1000
0 0 0 0 0 0 
3.68941 6.05771 12.6996 8.76798 17.466 9.04143 
0.555968 0.268736 0.103617 0.156531 0.0767113 0.837129 
988
1 1 1 1 1 
2.76535 6.3282 9.28701 11.5802 18.7379 
-0.411869 -0.211265 -0.146332 -0.108479 -0.0870725 
992
1 1 1 1 1 
2.69905 5.62763 9.30117 11.4095 19.1327 
-0.412734 -0.209359 -0.145374 -0.10539 -0.0874764 
996
1 1 1 1 1 
2.47117 5.59077 10.0352 11.1683 17.3121 
-0.408571 -0.209373 -0.146448 -0.108072 -0.0874716 
1000
1 1 1 1 1 
2.45932 5.73933 8.90314 10.8414 17.0971 
-0.406472 -0.215365 -0.145782 -0.109164 -0.0874545 
1004
1 1 1 1 1 
2.70532 5.5255 9.12355 12.0108 13.717 
-0.417383 -0.209565 -0.145247 -0.106131 -0.0837722 
1004
0 0 0 0 0 0 
3.57065 5.62224 14.0132 7.58401 18.3284 7.96091 
0.555505 0.272745 0.102759 0.171187 0.0759616 0.841993 
1012
0 0 0 0 0 
3.47506 6.20606 12.1128 8.62938 15.4581 
0.558743 0.268108 0.104391 0.156838 0.0744654 
1016
0 0 0 0 0 0 
3.51436 5.82263 10.7807 7.71115 16.5968 8.36178 
0.557938 0.269591 0.107407 0.160713 0.073539 0.840481 
1020
0 0 0 0 0 0 
3.46073 6.64463 13.3802 8.5207 17.1081 8.41093 
0.5616 0.269653 0.102136 0.165113 0.0760283 0.840663 
1024
0 0 0 0 0 0 
3.49018 6.1422 12.3042 8.96467 8.58671 16.7023 
0.55724 0.268278 0.10519 0.153042 0.840172 0.0737905 
1012
1 1 1 1 
2.57406 5.27901 8.75027 12.2147 
-0.409009 -0.202397 -0.144757 -0.105744 
1020
1 1 1 1 1 
2.59551 5.90229 8.80843 11.6569 17.9825 
-0.417011 -0.20826 -0.145087 -0.106325 -0.0872539 
1028
0 0 0 0 0 0 
3.46154 5.57594 12.7771 9.05787 17.168 8.88717 
0.559865 0.273717 0.104065 0.155302 0.0729184 0.838122 
1024
1 1 1 1 
2.65872 5.42864 8.69134 10.8262 
-0.4147 -0.208046 -0.145017 -0.106974 
1028
1 1 1 1 
2.62401 5.60476 9.4645 11.2332 
-0.415521 -0.208632 -0.146393 -0.104798 
1032
0 0 0 0 0 0 
3.48907 4.73788 12.0699 8.4217 17.0287 7.75422 
0.559383 0.280218 0.104401 0.166491 0.0731172 0.841781 
1036
1 1 1 1 1 
2.54049 5.83569 8.64947 10.5923 17.5942 
-0.409731 -0.20484 -0.144613 -0.106941 -0.0872447 
1036
0 0 0 0 0 0 
3.37392 4.86128 11.485 7.52349 15.5971 9.11646 
0.558691 0.277242 0.105572 0.17165 0.0744896 0.838774 
1040
0 0 0 0 0 0 
3.65796 6.50716 12.3819 7.61948 17.2526 8.12374 
0.555991 0.264538 0.103883 0.169695 0.0772606 0.841568 
1040
1 1 1 1 1 
2.53247 5.54383 8.7453 11.679 17.3154 
-0.406699 -0.212632 -0.145761 -0.10539 -0.0870298 
1044
1 1 1 1 1 
2.65512 5.15617 9.05641 11.9215 17.2141 
-0.412517 -0.206349 -0.145775 -0.106378 -0.0864291 
1048
1 1 1 1 1 
2.59991 6.91427 8.43923 11.7937 16.6314 
-0.422014 -0.213146 -0.151719 -0.106123 -0.0866088 
1048
0 0 0 0 0 0 
3.86457 5.7964 11.565 8.84653 8.57835 16.2908 
0.549617 0.274874 0.105437 0.156011 0.839476 0.0777111 
1052
0 0 0 0 0 0 
3.72729 5.57206 14.3416 8.62683 8.19228 15.9448 
0.549708 0.273403 0.101067 0.156423 0.840829 0.0740602 
1052
1 1 1 1 1 
2.65726 5.79592 9.41313 11.9889 20.3598 
-0.416023 -0.209762 -0.145503 -0.108945 -0.0878675 
1056
1 1 1 1 
2.52915 5.50083 8.45759 12.1633 
-0.409252 -0.209162 -0.144292 -0.107059 
1056
0 0 0 0 0 0 
3.55378 6.14348 12.0191 9.55576 14.2619 8.17446 
0.555072 0.268893 0.104362 0.154198 0.0759747 0.840603 
1060
1 1 1 1 
2.66414 5.61518 8.84946 11.1654 
-0.408633 -0.209143 -0.145222 -0.104648 
1064
0 0 0 0 0 0 
3.68902 6.90615 12.4411 8.23076 16.0665 8.30527 
0.555602 0.267874 0.104159 0.158214 0.0741102 0.841065 
1064
1 1 1 1 
2.62549 5.3662 9.14847 10.5333 
-0.428685 -0.207476 -0.146257 -0.106941 
1068
0 0 0 0 0 0 
3.48038 5.71774 11.3219 10.1013 15.5583 8.33374 
0.562243 0.270618 0.106555 0.152367 0.0741528 0.841052 
1072
0 0 0 0 0 0 
3.48139 5.91609 11.6003 8.48464 15.0568 7.92847 
0.559346 0.270985 0.105257 0.165738 0.0753878 0.84084 
1072
1 1 1 1 1 
2.5214 4.99157 8.73329 9.96208 18.3428 
-0.412631 -0.201197 -0.144614 -0.103576 -0.0876401 
1076
0 0 0 0 0 0 
2.78729 5.40345 11.5949 8.57779 14.4908 8.81119 
0.578107 0.274891 0.105471 0.156998 0.0758123 0.837884 
1076
1 1 1 1 1 
2.4934 5.38008 9.24867 12.9802 18.3999 
-0.408837 -0.207218 -0.150516 -0.107998 -0.0869463 
1080
1 1 1 1 1 
2.35312 5.47951 9.16309 11.3702 14.0829 
-0.405671 -0.209902 -0.150235 -0.114939 -0.0893979 
1084
1 1 1 1 
2.54109 5.68004 8.70618 12.5271 
-0.409963 -0.2095 -0.144473 -0.106752 
1084
0 0 0 0 0 0 
3.39173 5.82008 11.6775 8.97177 16.2303 8.15722 
0.560451 0.270557 0.104854 0.15608 0.0742263 0.840421 
1088
1 1 1 1 1 
2.61887 5.33414 8.78005 12.2098 17.2425 
-0.424828 -0.207816 -0.144494 -0.105984 -0.0876864 
1088
0 0 0 0 0 0 
3.60531 5.13854 7.80543 11.9942 14.5753 9.03846 
0.55901 0.272305 0.160148 0.104375 0.0756991 0.838555 
1092
1 1 1 1 
2.55876 4.89364 8.74331 13.668 
-0.406464 -0.205884 -0.144593 -0.108523 
1096
0 0 0 0 0 0 
3.47414 5.83777 11.6827 8.09818 8.31833 18.0779 
0.556567 0.270209 0.104506 0.167887 0.838619 0.075668 
1096
1 1 1 1 
2.62755 6.30814 8.41546 10.4243 
-0.409764 -0.214344 -0.143948 -0.105311 
1100
1 1 1 1 
2.50277 4.70323 8.60917 11.6697 
-0.411086 -0.205056 -0.14428 -0.108692 
1100
0 0 0 0 0 0 
3.58414 5.69131 14.5395 8.53113 8.77585 16.3672 
0.554634 0.273998 0.10125 0.158063 0.838853 0.0732858 
1104
0 0 0 0 0 0 
3.29579 5.99013 12.3566 8.2794 16.5981 8.82343 
0.561734 0.270061 0.10371 0.158505 0.074014 0.840176 
1104
1 1 1 1 1 
2.87103 6.41882 8.88966 10.7445 17.2308 
-0.420168 -0.211999 -0.145844 -0.115855 -0.0867375 
1108
1 1 1 1 1 
2.80646 5.89455 9.63925 12.5005 17.6767 
-0.41618 -0.201228 -0.151226 -0.106087 -0.0873032 
1112
0 0 0 0 0 0 
3.67892 5.72996 13.7477 7.71951 16.4158 11.4938 
0.553914 0.272131 0.102374 0.170061 0.0732565 0.834508 
1112
1 1 1 1 1 
2.74267 5.31443 8.4165 12.0066 18.5044 
-0.417177 -0.210144 -0.144122 -0.108331 -0.0878066 
1116
0 0 0 0 0 
3.65563 5.52844 11.9999 8.88749 17.6523 
0.557805 0.269596 0.104354 0.155641 0.0723183 
1120
0 0 0 0 0 0 
3.41498 5.5273 13.6041 7.79106 16.2656 8.42917 
0.559702 0.272303 0.102653 0.166664 0.0735632 0.839685 
1124
0 0 0 0 0 0 
3.65678 5.76674 13.0834 8.51801 15.8888 7.86639 
0.555581 0.271456 0.10259 0.156822 0.0740755 0.841932 
1120
1 1 1 1 1 
2.54983 5.65138 9.11103 13.192 14.9396 
-0.41544 -0.209009 -0.145935 -0.110507 -0.0853841 
1124
1 1 1 1 1 
2.78169 8.62402 5.92787 13.0557 15.7467 
-0.419447 -0.144526 -0.214877 -0.110082 -0.0858335 
1128
1 1 1 1 1 
2.65013 5.43155 8.94141 11.0689 16.4389 
-0.422052 -0.207679 -0.145433 -0.113469 -0.0862211 
1132
0 0 0 0 0 0 
3.52238 5.90236 7.61187 12.8864 15.758 8.57049 
0.559279 0.270317 0.161078 0.103642 0.0744192 0.839098 
1132
1 1 1 1 1 
2.50886 5.30478 9.0401 12.9067 17.2306 
-0.410471 -0.197442 -0.145557 -0.106458 -0.0867979 
1136
0 0 0 0 0 0 
2.76907 5.88077 12.15 8.52299 15.9891 8.65284 
0.584862 0.274238 0.104276 0.156839 0.0736943 0.838665 
1136
1 1 1 1 1 
2.80997 9.2353 5.79568 13.2847 11.1969 
-0.419971 -0.14447 -0.210864 -0.0839101 -0.113892 
1140
0 0 0 0 0 0 
3.61076 5.86764 13.2715 9.13378 16.9071 8.03698 
0.554206 0.268804 0.103182 0.155013 0.0729419 0.841614 
1140
1 1 1 1 1 
2.52921 5.41994 9.34947 10.7128 14.5072 
-0.409935 -0.20689 -0.145559 -0.114159 -0.0850624 
1144
0 0 0 0 0 0 
3.55024 6.22598 12.7694 8.70111 17.9417 8.96061 
0.555042 0.267849 0.103842 0.156735 0.0757165 0.839425 
1148
0 0 0 0 0 0 
3.55327 5.79835 13.9642 8.25268 9.92658 15.7703 
0.556796 0.271805 0.101686 0.166378 0.83746 0.0777209 
1148
1 1 1 1 1 
2.44949 5.83738 9.61315 11.1091 15.9473 
-0.405734 -0.210722 -0.145461 -0.109259 -0.0859704 
1152
0 0 0 0 0 0 
3.58162 5.32188 11.9314 9.07134 15.0132 7.8993 
0.556346 0.276012 0.104542 0.155102 0.0790532 0.842562 
1152
1 1 1 1 1 
2.6596 6.91193 8.80237 11.2766 17.0401 
-0.411507 -0.21288 -0.150433 -0.106584 -0.0865718 
1156
1 1 1 1 1 
2.38926 5.686 8.88473 13.2267 19.1568 
-0.402302 -0.209812 -0.144995 -0.110251 -0.0881932 
1160
1 1 1 1 1 
2.73188 5.84486 9.42293 11.8851 13.5497 
-0.419331 -0.210156 -0.151562 -0.107744 -0.0840203 
1160
0 0 0 0 0 0 
3.39122 5.46678 14.0701 7.5085 16.106 10.1741 
0.565595 0.271585 0.102346 0.169629 0.0735115 0.835489 
1164
1 1 1 1 1 
2.37886 5.31605 9.23104 11.2806 15.084 
-0.405511 -0.206151 -0.145658 -0.107539 -0.0853665 
1164
0 0 0 0 0 0 
3.68486 5.87872 13.2625 8.4883 18.0672 8.33175 
0.554007 0.271098 0.102347 0.159091 0.0725138 0.84123 
1168
0 0 0 0 0 0 
3.33456 5.39586 11.4482 7.37855 17.1476 8.1854 
0.561297 0.273684 0.105657 0.171951 0.0727199 0.842528 
1172
0 0 0 0 0 
3.96004 5.66833 13.1765 8.60556 15.2177 
0.552577 0.272633 0.102644 0.155503 0.0747994 
1168
1 1 1 1 1 
2.40674 5.97078 9.13439 11.0389 17.305 
-0.405323 -0.213731 -0.145546 -0.107594 -0.0869296 
1176
1 1 1 1 1 
2.64457 6.16634 9.06867 13.2991 14.6467 
-0.413646 -0.211887 -0.145288 -0.1094 -0.0836721 
1176
0 0 0 0 0 0 
3.57201 6.23466 13.0097 8.76757 17.0927 8.62538 
0.557268 0.268245 0.103621 0.166199 0.0771619 0.83952 
1180
1 1 1 1 1 
2.61233 6.59115 8.86639 14.2013 10.6317 
-0.412316 -0.211529 -0.150636 -0.0852382 -0.114124 
1184
1 1 1 1 1 
2.76023 5.6973 10.179 11.7878 13.5758 
-0.419926 -0.208955 -0.146293 -0.106245 -0.0842609 
1184
0 0 0 0 0 0 
3.55995 5.23332 12.5528 8.41416 16.0113 8.76 
0.555173 0.276176 0.103954 0.156674 0.0743745 0.838553 
1188
1 1 1 1 1 
2.358 5.48071 9.37831 11.6567 14.8024 
-0.405262 -0.207507 -0.146697 -0.105315 -0.0855868 
1188
0 0 0 0 0 0 
2.73121 5.43991 14.2994 8.17474 15.1536 8.80621 
0.588805 0.274265 0.101945 0.158994 0.0746386 0.839264 
1192
0 0 0 0 0 0 
3.55998 4.82831 12.7086 8.48239 18.9642 9.56669 
0.561804 0.282079 0.104286 0.165952 0.0751457 0.836232 
1196
1 1 1 1 1 
2.55017 8.8951 5.76084 11.6269 17.0167 
-0.407656 -0.144043 -0.209646 -0.105562 -0.0873017 
1196
0 0 0 0 0 0 
3.6468 6.86128 13.5354 8.2595 8.23219 16.4316 
0.557802 0.266953 0.103618 0.16605 0.840567 0.073585 
1200
1 1 1 1 1 
2.47877 5.94108 9.19694 12.1645 18.6467 
-0.425148 -0.211523 -0.15043 -0.108537 -0.0870702 
1200
0 0 0 0 0 0 
3.46574 6.48718 13.165 8.98801 16.7046 8.15386 
0.561336 0.264806 0.102572 0.156013 0.0736912 0.841111 
1204
1 1 1 1 1 
2.51023 7.1886 8.95737 11.7092 13.7198 
-0.409968 -0.214488 -0.14542 -0.109708 -0.0844878 
1208
0 0 0 0 0 0 
3.67012 6.57245 13.7258 7.74935 16.4839 8.27957 
0.55142 0.265249 0.102104 0.156712 0.0739466 0.839256 
1208
1 1 1 1 1 
2.60816 5.40131 9.31512 12.2691 17.5886 
-0.411124 -0.208226 -0.145871 -0.105602 -0.0874079 
1212
1 1 1 1 1 
2.63946 6.64052 9.4986 12.5109 14.2631 
-0.417428 -0.21515 -0.145416 -0.109275 -0.0848736 
1212
0 0 0 0 0 0 
3.52502 6.17358 11.8365 8.17141 18.3378 9.24275 
0.556243 0.268026 0.10532 0.158339 0.0760346 0.839148 
1216
0 0 0 0 0 0 
3.64132 5.54267 12.6688 9.11456 8.47607 16.1427 
0.560687 0.271903 0.102975 0.154959 0.839517 0.0738663 
1220
1 1 1 1 1 
2.65369 5.63238 8.74199 11.612 15.6727 
-0.413639 -0.210433 -0.144162 -0.105525 -0.0854705 
1224
1 1 1 1 1 
2.51147 5.24041 9.11087 12.972 13.436 
-0.419037 -0.205099 -0.145332 -0.106861 -0.0847134 
1220
0 0 0 0 0 0 
4.00923 5.9114 10.8779 8.4265 9.18366 18.3411 
0.549589 0.270473 0.10652 0.167029 0.843783 0.073111 
1224
0 0 0 0 0 0 
3.38785 6.04607 13.0658 8.66519 8.07081 17.2367 
0.560254 0.272542 0.103643 0.156482 0.842375 0.0724776 
1228
0 0 0 0 0 0 
3.41327 6.3516 12.8646 8.86004 16.8686 9.12763 
0.567805 0.266601 0.103362 0.155483 0.0777647 0.838589 
1228
1 1 1 1 1 
2.70147 5.92234 8.9921 11.4379 14.5618 
-0.420626 -0.210545 -0.149227 -0.108182 -0.0842668 
1232
1 1 1 1 1 
2.57197 5.39877 8.50717 10.4241 19.7222 
-0.411812 -0.208108 -0.144819 -0.113707 -0.0886193 
1236
1 1 1 1 1 
2.92475 5.52331 8.97038 11.6302 14.361 
-0.421284 -0.21189 -0.144974 -0.105376 -0.0848554 
1232
0 0 0 0 0 0 
3.67575 5.90505 13.5106 7.43503 16.6261 8.67008 
0.553461 0.269853 0.102527 0.171548 0.0732472 0.838485 
1240
0 0 0 0 0 
3.53886 5.90746 11.1227 8.04632 15.1406 
0.562314 0.271862 0.105251 0.164633 0.0754536 
1240
1 1 1 1 1 
2.75241 5.71953 9.01334 10.5739 15.2013 
-0.416698 -0.209883 -0.145262 -0.103618 -0.0859497 
1244
1 1 1 1 1 
2.58691 5.39453 9.49547 13.349 17.0792 
-0.410355 -0.208267 -0.151212 -0.106198 -0.0865774 
1248
1 1 1 1 1 
2.73895 5.60153 8.65319 11.9356 14.2622 
-0.411372 -0.208812 -0.144689 -0.106056 -0.0847265 
1248
0 0 0 0 0 0 
3.49884 5.97371 12.9571 8.64912 8.40425 16.6383 
0.560266 0.270185 0.102769 0.164114 0.839487 0.0733803 
1252
1 1 1 1 1 
2.40874 5.61768 9.54175 10.2715 16.7949 
-0.407977 -0.209169 -0.146662 -0.115015 -0.0870881 
1252
0 0 0 0 0 0 
3.57726 6.54597 12.252 8.54751 8.57725 16.1384 
0.556259 0.263746 0.104739 0.165471 0.839535 0.0731958 
1256
0 0 0 0 0 0 
2.78746 7.02093 11.1594 8.13103 17.1992 8.1383 
0.579666 0.267738 0.105457 0.159183 0.0727298 0.840606 
1260
0 0 0 0 0 
2.79689 5.22892 12.5399 8.45407 17.3684 
0.585607 0.273705 0.10424 0.166625 0.0765863 
1264
0 0 0 0 0 0 
3.53181 5.76848 12.0899 8.56295 18.659 8.1166 
0.55999 0.271013 0.10448 0.156749 0.0722644 0.840894 
1268
0 0 0 0 0 0 
3.53972 6.0181 14.4348 9.13229 16.5592 8.3161 
0.556263 0.26939 0.102098 0.15436 0.0732019 0.840955 
1272
0 0 0 0 0 0 
3.54478 5.7294 8.5085 11.974 17.4028 8.20613 
0.55791 0.271373 0.156451 0.104934 0.0765888 0.8412 
1264
1 1 1 1 1 
2.6284 5.1675 9.93621 9.48692 15.349 
-0.412989 -0.202636 -0.146394 -0.11416 -0.086156 
1268
1 1 1 1 1 
2.17992 6.40152 9.68575 11.7323 14.3092 
-0.39538 -0.211527 -0.145001 -0.106367 -0.0848157 
1276
0 0 0 0 0 0 
3.51463 5.13336 13.3094 7.84346 16.5748 9.2229 
0.556686 0.28123 0.102694 0.169674 0.0737108 0.838199 
1276
1 1 1 1 1 
2.73756 5.09047 8.93842 12.9104 14.3723 
-0.417244 -0.199848 -0.145154 -0.105992 -0.0848032 
1280
1 1 1 1 1 
2.70269 5.47627 8.83704 11.9832 16.0548 
-0.422353 -0.214227 -0.144913 -0.106355 -0.0867213 
1280
0 0 0 0 0 0 
3.68874 5.41944 14.2206 8.35552 13.0938 8.16701 
0.551341 0.274621 0.101739 0.157709 0.0778075 0.842017 
1284
1 1 1 1 1 
2.65173 5.65866 8.54331 13.4981 16.4812 
-0.416596 -0.209172 -0.151359 -0.10928 -0.0870677 
1288
0 0 0 0 0 0 
3.57991 5.7109 13.3866 6.49282 16.614 8.2222 
0.557461 0.269913 0.102736 0.156725 0.072778 0.840262 
1292
0 0 0 0 0 0 
3.57359 5.87348 12.3338 8.912 18.4042 8.89242 
0.561634 0.269743 0.104291 0.15586 0.076513 0.838969 
1288
1 1 1 1 1 
2.67417 6.03537 8.65766 11.7526 14.998 
-0.413908 -0.210007 -0.144307 -0.10585 -0.0857361 
1292
1 1 1 1 1 
2.69281 4.8325 9.31191 11.6327 17.3586 
-0.413094 -0.201903 -0.147098 -0.105484 -0.0867962 
1296
0 0 0 0 0 0 
3.86714 5.90284 13.9041 8.29594 17.1763 8.65743 
0.548432 0.275684 0.102496 0.158586 0.0730717 0.838818 
1300
1 1 1 1 1 
2.42048 6.76079 9.3796 12.1202 17.8129 
-0.402127 -0.213362 -0.145644 -0.106643 -0.0875439 
1300
0 0 0 0 0 0 
3.19889 5.60599 12.4729 7.65849 16.3658 8.4243 
0.567161 0.271264 0.104276 0.169553 0.0734307 0.840845 
1304
1 1 1 1 1 
2.76588 6.42664 9.43077 11.764 16.3958 
-0.421592 -0.214292 -0.146136 -0.108469 -0.0873078 
1304
0 0 0 0 0 0 
3.46857 5.44883 13.0985 8.68271 14.3727 8.81985 
0.561683 0.272982 0.103122 0.166602 0.0764531 0.839445 
1308
0 0 0 0 0 0 
2.92225 6.49705 14.242 8.51833 9.25753 16.4149 
0.578051 0.272517 0.101835 0.166348 0.837536 0.0737243 
1312
1 1 1 1 1 
2.65491 5.29246 8.60448 12.1882 14.7112 
-0.416897 -0.202594 -0.144068 -0.109712 -0.084996 
1312
0 0 0 0 0 0 
3.48871 6.54273 12.4369 8.20707 18.6826 8.01703 
0.558345 0.264169 0.104599 0.158162 0.0718151 0.841754 
1316
0 0 0 0 0 0 
2.86535 5.22842 13.3788 8.12081 17.8797 9.36013 
0.580267 0.274655 0.102317 0.168144 0.0753371 0.83726 
1316
1 1 1 1 1 
2.7071 7.29256 8.79427 12.3794 16.7017 
-0.419549 -0.214088 -0.145848 -0.10653 -0.0867485 
1320
1 1 1 1 1 
2.75488 5.49052 10.2281 10.7115 18.5168 
-0.413046 -0.208882 -0.146156 -0.11388 -0.0877759 
1324
0 0 0 0 0 
3.53639 5.47079 12.0852 8.04368 12.5134 
0.556879 0.273552 0.104604 0.158827 0.837404 
1324
1 1 1 1 1 
2.67885 6.88055 8.61978 11.9877 16.3199 
-0.418585 -0.213441 -0.144525 -0.113695 -0.0859705 
1328
1 1 1 1 1 
2.90717 5.48251 9.05452 11.5609 18.2989 
-0.421391 -0.209473 -0.145812 -0.114219 -0.0876881 
1332
1 1 1 1 
2.63642 5.488 9.25898 10.3938 
-0.411461 -0.209001 -0.145949 -0.113728 
1332
0 0 0 0 0 0 
3.4524 5.48909 12.0886 8.66111 8.75847 16.5529 
0.558192 0.270041 0.104377 0.158182 0.83933 0.0733974 
1336
1 1 1 1 
2.69929 5.07118 8.94429 14.9377 
-0.424272 -0.203732 -0.145139 -0.111109 
1336
0 0 0 0 0 0 
3.67761 6.22736 13.2132 8.14425 15.1248 8.64123 
0.550808 0.268572 0.103026 0.168341 0.0798253 0.841278 
1340
1 1 1 1 1 
2.69458 5.06668 8.73382 10.2653 14.5225 
-0.4082 -0.202732 -0.143955 -0.104884 -0.0843905 
1340
0 0 0 0 0 0 
3.36224 5.6858 13.5648 7.94593 15.5333 12.4723 
0.567483 0.27148 0.101875 0.169912 0.0793685 0.835587 
1344
1 1 1 1 1 
2.70717 4.49201 9.1228 11.0483 15.528 
-0.414791 -0.201179 -0.145138 -0.104942 -0.0887398 
1348
0 0 0 0 0 0 
3.42383 5.37291 14.0765 8.78189 16.9581 12.076 
0.559058 0.272132 0.102658 0.157446 0.0740817 0.835854 
1348
1 1 1 1 
2.69489 5.95757 8.7951 12.4263 
-0.425857 -0.209833 -0.149515 -0.107144 
1352
0 0 0 0 0 0 
3.29375 6.00969 9.49242 12.5895 15.9121 12.483 
0.565352 0.27101 0.154576 0.104614 0.0754141 0.834195 
1352
1 1 1 1 1 
2.72528 5.96868 8.38392 13.7663 14.017 
-0.422676 -0.205479 -0.147091 -0.112332 -0.0875073 
1356
1 1 1 1 1 
2.56357 6.0387 10.7966 12.8059 16.8528 
-0.422385 -0.209518 -0.14668 -0.108419 -0.0894911 
1360
0 0 0 0 0 
3.47088 6.12197 8.29651 12.8439 17.7899 
0.562607 0.270279 0.160038 0.104192 0.0738558 
1364
0 0 0 0 0 0 
3.44332 6.09528 9.29691 16.042 12.2911 10.1362 
0.559314 0.268422 0.155183 0.075519 0.106279 0.838265 
1360
1 1 1 1 1 
2.72753 5.83784 9.50113 12.8554 15.784 
-0.417859 -0.208975 -0.153093 -0.105956 -0.0887353 
1364
1 1 1 1 1 
2.65126 6.08491 10.4828 13.6456 17.313 
-0.413053 -0.209889 -0.144543 -0.112019 -0.0892283 
1368
0 0 0 0 0 0 
3.56739 5.57289 8.23374 14.8107 11.9415 8.61415 
0.556257 0.272307 0.159372 0.0774206 0.105964 0.840053 
1372
1 1 1 1 1 
2.12518 6.14215 9.77938 13.9895 16.5952 
-0.395301 -0.209208 -0.144535 -0.113025 -0.0892095 
1372
0 0 0 0 0 0 
3.32601 5.25416 8.02504 11.0419 17.5865 8.12317 
0.560261 0.27672 0.159838 0.102921 0.0745828 0.840021 
1376
0 0 0 0 0 0 
3.39039 6.14696 12.7081 8.43403 18.43 7.51091 
0.560217 0.267803 0.104143 0.159266 0.073432 0.842894 
1380
0 0 0 0 0 0 
3.4073 5.48968 8.93912 11.4217 17.9542 9.36021 
0.562812 0.274349 0.157284 0.102393 0.0742656 0.840472 
1380
1 1 1 1 1 
2.81875 6.03862 9.58987 14.2101 17.3098 
-0.425511 -0.207976 -0.144704 -0.11223 -0.0894779 
1384
1 1 1 1 1 
2.64971 6.16212 10.5237 12.4418 15.8182 
-0.419427 -0.208282 -0.1455 -0.107611 -0.0879224 
1388
0 0 0 0 0 0 
2.9008 6.26512 9.03698 11.8841 16.2639 8.00464 
0.579243 0.268364 0.156386 0.106472 0.0753896 0.841556 
1388
1 1 1 1 1 
2.47198 9.3385 5.68602 13.101 14.7791 
-0.414238 -0.144533 -0.20646 -0.10803 -0.0877408 
1392
0 0 0 0 0 0 
3.33793 5.35116 9.27391 15.6763 10.3465 8.20078 
0.563159 0.273886 0.156811 0.0762279 0.102996 0.84139 
1392
1 1 1 1 1 
2.73659 5.64665 8.36847 13.3481 16.9571 
-0.423442 -0.205559 -0.146844 -0.111373 -0.0889914 
1396
1 1 1 1 1 
2.53766 4.4716 10.4743 12.8407 15.1209 
-0.419646 -0.206514 -0.143617 -0.10719 -0.0875312 
1400
1 1 1 1 1 
2.69484 6.42874 8.92297 11.5016 16.1014 
-0.421351 -0.210382 -0.149121 -0.105572 -0.0885641 
1400
0 0 0 0 0 0 
3.31992 5.56208 8.66964 10.3353 17.9662 8.117 
0.558489 0.276293 0.159105 0.103609 0.0737223 0.841159 
1404
1 1 1 1 1 
2.81463 4.72384 10.7095 11.0631 18.4958 
-0.430362 -0.202538 -0.1457 -0.105736 -0.088991 
1404
0 0 0 0 0 0 
3.47206 5.83006 10.0306 17.2741 12.2965 10.0897 
0.557593 0.271908 0.152824 0.0747718 0.106229 0.841021 
1408
1 1 1 1 1 
2.4584 5.59055 9.97814 13.0358 18.5348 
-0.415409 -0.207254 -0.144045 -0.111415 -0.0896777 
1412
1 1 1 1 1 
2.82651 4.56599 8.13154 11.6626 15.0966 
-0.424537 -0.208737 -0.146349 -0.11029 -0.0875761 
1412
0 0 0 0 0 0 
3.58281 5.22308 12.3602 15.1822 9.22621 7.91808 
0.55827 0.277684 0.105547 0.0768907 0.161749 0.840746 
1416
1 1 1 1 
2.64082 6.22591 11.0967 11.7361 
-0.424946 -0.209054 -0.145666 -0.105848 
1416
0 0 0 0 0 0 
3.08962 5.9227 12.1805 9.33903 15.1813 11.6615 
0.565498 0.270027 0.105731 0.156301 0.0765499 0.834848 
1420
1 1 1 1 1 
2.78904 5.98165 10.8679 14.1696 17.6755 
-0.429698 -0.209003 -0.146727 -0.112712 -0.0889899 
1424
1 1 1 1 1 
2.61941 6.83771 8.72962 11.3508 18.0877 
-0.420716 -0.211725 -0.142008 -0.110051 -0.0895374 
1424
0 0 0 0 0 0 
3.073 5.27176 9.86926 12.6529 17.4877 10.5191 
0.569561 0.27488 0.153966 0.105184 0.0745236 0.84446 
1428
1 1 1 1 
2.64774 6.05665 11.1843 10.9028 
-0.421492 -0.211541 -0.146541 -0.109612 
1428
0 0 0 0 0 0 
3.35481 5.93468 9.05633 12.6206 18.7841 8.50338 
0.562678 0.270706 0.157354 0.104752 0.0729793 0.840113 
1432
0 0 0 0 0 
3.40211 6.76193 8.30398 11.1233 14.9213 
0.560893 0.264906 0.160622 0.10078 0.0774567 
1436
1 1 1 1 1 
2.70925 5.39035 8.00497 13.4939 17.4649 
-0.42462 -0.207231 -0.146848 -0.112664 -0.0893083 
1440
1 1 1 1 1 
2.59436 6.06977 11.6417 12.2926 18.2725 
-0.420664 -0.207734 -0.150203 -0.10739 -0.0902683 
1436
0 0 0 0 0 0 
3.08271 5.57963 9.10493 18.3195 12.5311 8.92859 
0.570286 0.27458 0.158912 0.0729114 0.105116 0.839107 
1440
0 0 0 0 0 0 
3.52304 6.09397 10.0764 18.7462 11.9864 7.87699 
0.556422 0.271082 0.152586 0.073005 0.101083 0.842372 
1444
0 0 0 0 0 
3.26066 5.00555 13.2552 9.89672 18.0388 
0.564197 0.278564 0.105022 0.15792 0.0738199 
1448
1 1 1 1 
2.39065 6.11119 9.13551 11.607 
-0.421965 -0.210102 -0.143197 -0.11107 
1452
1 1 1 1 
2.62863 5.27786 7.81445 12.7241 
-0.422323 -0.207952 -0.146335 -0.112393 
1448
0 0 0 0 0 0 
3.64707 6.09366 12.8506 9.88012 18.012 8.52 
0.553864 0.269708 0.105111 0.159049 0.0736174 0.839389 
1452
0 0 0 0 0 0 
3.21426 6.3141 10.0513 12.4713 15.3907 7.61484 
0.567447 0.269064 0.154117 0.10588 0.0765848 0.843609 
1456
0 0 0 0 0 0 
3.50981 6.28815 12.709 9.18441 17.9037 8.93712 
0.556358 0.269308 0.105373 0.156576 0.0741017 0.837624 
1460
1 1 1 1 1 
2.63871 6.6121 9.40895 12.598 17.441 
-0.427288 -0.211999 -0.148311 -0.111395 -0.0892857 
1460
0 0 0 0 0 0 
3.22738 6.11636 9.36718 13.0647 18.2037 8.13815 
0.564814 0.270745 0.154496 0.103713 0.0736392 0.841264 
1464
0 0 0 0 0 0 
3.40294 5.3575 8.90746 13.4144 15.5801 8.50668 
0.559872 0.274809 0.157407 0.102883 0.0763512 0.840866 
1468
1 1 1 1 
2.40153 5.15019 8.65874 10.6891 
-0.412212 -0.204273 -0.15179 -0.105635 
1468
0 0 0 0 0 0 
3.30865 5.44743 11.4095 9.1123 17.6719 9.34687 
0.565235 0.276155 0.106473 0.157035 0.0741942 0.836991 
1472
0 0 0 0 0 
3.58602 5.74949 11.826 9.64332 18.4556 
0.558142 0.273621 0.106468 0.155331 0.0727216 
1472
1 1 1 1 1 
2.72274 5.69086 8.20018 14.0006 17.6239 
-0.422751 -0.20777 -0.147064 -0.111682 -0.0892983 
1476
0 0 0 0 0 0 
3.40714 5.69449 9.40297 17.2641 12.6375 8.49416 
0.560092 0.27199 0.156536 0.074746 0.104689 0.839242 
1480
0 0 0 0 0 0 
3.08362 5.98951 9.61101 11.08 17.7811 8.93383 
0.561234 0.270485 0.155315 0.102269 0.0740954 0.838381 
1480
1 1 1 1 1 
2.56943 6.32093 9.58925 11.6186 15.1843 
-0.424705 -0.211648 -0.148759 -0.105245 -0.0884136 
1484
1 1 1 1 1 
2.58783 5.7825 8.61777 12.9786 15.7344 
-0.422648 -0.21111 -0.149374 -0.111812 -0.0883427 
1484
0 0 0 0 0 0 
3.26559 6.22458 9.37077 19.149 12.8972 8.78345 
0.564925 0.268483 0.155766 0.0720698 0.104858 0.839127 
1488
0 0 0 0 0 0 
3.28627 5.07606 9.46788 10.8862 16.9019 9.12077 
0.564149 0.2806 0.154721 0.103261 0.0748716 0.838566 
1492
1 1 1 1 1 
2.64219 5.95999 10.318 14.104 18.2329 
-0.421452 -0.208073 -0.148928 -0.112415 -0.0895866 
1492
0 0 0 0 0 0 
3.19508 5.31053 17.1568 12.5458 9.29503 8.50613 
0.567231 0.274923 0.0741378 0.10494 0.160864 0.83863 
1496
0 0 0 0 0 0 
3.45708 6.47135 10.541 11.5694 18.2246 8.11274 
0.557554 0.266267 0.15152 0.106851 0.0728333 0.841183 
1496
1 1 1 1 
2.52512 5.31605 9.11099 12.5795 
-0.420581 -0.206139 -0.149068 -0.111388 
1500
0 0 0 0 0 0 
3.37243 6.01161 8.07441 12.7148 15.4955 9.49548 
0.563104 0.272631 0.160216 0.104744 0.0758954 0.836992 
1500
1 1 1 1 1 
2.60819 6.10337 8.24394 13.221 16.0599 
-0.423027 -0.208692 -0.146168 -0.11139 -0.0883388 
1504
1 1 1 1 
2.84455 7.24654 9.64682 13.197 
-0.426457 -0.21207 -0.143324 -0.107875 
1504
0 0 0 0 0 0 
3.26545 5.4728 12.502 16.1199 9.26061 8.92111 
0.561947 0.276182 0.105163 0.0757433 0.160955 0.83898 
1508
0 0 0 0 0 0 
3.19775 6.01246 8.69681 15.1222 11.6313 8.77284 
0.567897 0.270985 0.157111 0.0767251 0.10695 0.844538 
1508
1 1 1 1 1 
2.56313 5.61221 8.35722 13.6652 16.4429 
-0.413996 -0.208591 -0.14863 -0.11299 -0.0887734 
1512
0 0 0 0 0 0 
3.37481 6.44991 9.65399 18.2682 12.8123 7.93861 
0.561162 0.268091 0.155403 0.0736646 0.10411 0.84382 
1520
0 0 0 0 0 0 
3.47309 6.03087 9.54307 12.0972 15.1214 9.56852 
0.560808 0.269448 0.15481 0.106057 0.0767095 0.837119 
1512
1 1 1 1 1 
2.66148 5.95644 8.56002 10.8048 16.8142 
-0.425923 -0.209547 -0.147863 -0.105547 -0.0888989 
1516
1 1 1 1 
2.6128 6.24699 9.75906 12.02 
-0.425739 -0.207751 -0.143391 -0.10694 
1520
1 1 1 1 1 
2.68489 6.16585 10.9048 13.8466 17.2516 
-0.421577 -0.206751 -0.151271 -0.112146 -0.0897882 
1524
1 1 1 1 1 
2.80096 5.71564 9.23242 13.0739 16.9782 
-0.426961 -0.206923 -0.148915 -0.112439 -0.0891622 
1528
1 1 1 1 
2.74966 5.46319 9.85222 10.5178 
-0.423456 -0.205662 -0.144775 -0.114272 
1532
1 1 1 1 
2.90293 5.7924 8.62314 12.7707 
-0.426208 -0.207788 -0.148239 -0.107666 
1528
0 0 0 0 0 
3.53448 5.76593 9.57088 15.29 11.3124 
0.557241 0.272363 0.153545 0.0766512 0.101149 
1536
0 0 0 0 0 0 
3.30586 5.21332 12.4886 17.5824 7.84596 8.44806 
0.563995 0.276049 0.10492 0.0743354 0.162341 0.8393 
1536
1 1 1 1 1 
2.60188 5.63697 8.7227 12.0179 16.9213 
-0.425993 -0.207767 -0.148379 -0.105983 -0.089003 
1540
0 0 0 0 0 0 
3.28972 6.93542 8.45385 11.6483 17.9806 8.53944 
0.561952 0.263327 0.160902 0.101692 0.0740186 0.840054 
1544
0 0 0 0 0 0 
3.2045 5.57372 9.8279 12.2935 16.7562 8.01036 
0.565036 0.274761 0.153265 0.105658 0.0754187 0.839806 
1548
0 0 0 0 0 0 
3.4847 5.7227 12.3575 9.605 18.371 9.0327 
0.559977 0.27353 0.106235 0.1591 0.0736505 0.838056 
1544
1 1 1 1 1 
2.50654 6.68509 9.4292 12.9446 17.9372 
-0.415469 -0.210574 -0.14473 -0.11202 -0.0894441 
1548
1 1 1 1 1 
2.60613 6.7758 9.75104 12.7627 17.9353 
-0.42482 -0.212743 -0.145794 -0.111616 -0.089119 
1552
0 0 0 0 0 0 
3.08781 5.93892 11.3127 11.9815 17.3663 8.71018 
0.568666 0.271224 0.15082 0.100404 0.0744594 0.838221 
1552
1 1 1 1 1 
2.70547 5.56721 8.1815 10.9802 17.2473 
-0.427572 -0.209031 -0.146339 -0.114082 -0.0887292 
1556
0 0 0 0 0 0 
3.5627 5.97245 8.31013 12.9189 17.5126 9.75837 
0.555463 0.270924 0.16014 0.104508 0.0743964 0.837269 
1560
1 1 1 1 1 
2.57214 6.3597 10.0514 11.099 17.8926 
-0.417668 -0.210053 -0.145308 -0.110144 -0.088856 
1560
0 0 0 0 0 0 
3.26959 5.55285 8.66691 11.4312 16.6298 8.26563 
0.563648 0.274621 0.15813 0.10283 0.0752399 0.839845 
1564
0 0 0 0 0 0 
3.30569 5.60738 10.563 11.6055 17.4754 8.17147 
0.565088 0.272903 0.151294 0.10675 0.0746881 0.839997 
1564
1 1 1 1 1 
2.78627 5.89679 11.4954 13.3334 17.2248 
-0.422659 -0.207728 -0.150266 -0.112254 -0.0892013 
1568
1 1 1 1 1 
2.60964 6.03245 8.45524 12.3743 15.1633 
-0.42292 -0.209759 -0.147525 -0.111215 -0.0874367 
1572
1 1 1 1 1 
2.46972 5.86444 9.70222 13.3918 15.2455 
-0.417396 -0.209234 -0.149508 -0.112076 -0.0883103 
1576
1 1 1 1 1 
2.55562 5.79858 7.97906 11.2553 17.978 
-0.421392 -0.207856 -0.145797 -0.106221 -0.0897183 
1572
0 0 0 0 0 0 
3.4242 5.97744 9.29824 12.8651 16.4943 7.76375 
0.55979 0.270307 0.154871 0.104338 0.0746059 0.841106 
1580
1 1 1 1 1 
2.50457 5.58652 10.5043 12.9096 16.1788 
-0.417465 -0.206568 -0.148669 -0.111037 -0.0886214 
1584
1 1 1 1 1 
2.62063 5.8566 9.77101 12.7868 15.223 
-0.419078 -0.206979 -0.14988 -0.112141 -0.0883257 
1588
1 1 1 1 1 
2.67132 5.07062 8.71701 13.1094 17.5651 
-0.423903 -0.205844 -0.151174 -0.112304 -0.0895016 
1584
0 0 0 0 0 0 
3.51579 5.67099 8.49483 11.3469 17.7485 8.47148 
0.555415 0.274492 0.158103 0.107736 0.0743866 0.838928 
1588
0 0 0 0 0 0 
3.3777 6.38155 9.07863 11.7887 18.6388 10.8524 
0.562334 0.268762 0.156399 0.106049 0.073549 0.842757 
1592
0 0 0 0 0 0 
3.49256 5.84238 9.48908 19.6393 11.4815 8.29169 
0.556844 0.27107 0.156371 0.0729685 0.107732 0.838277 
1596
0 0 0 0 0 0 
3.38178 5.32029 10.03 16.0073 12.6095 8.7179 
0.563039 0.276236 0.152626 0.075957 0.104533 0.838973 
1592
1 1 1 1 1 
2.57427 6.59906 8.88434 14.156 16.9625 
-0.420658 -0.21049 -0.143357 -0.111642 -0.0884303 
1600
1 1 1 1 1 
2.66693 6.43093 9.01088 11.9687 15.5537 
-0.421486 -0.210814 -0.148482 -0.106912 -0.0888952 
1600
0 0 0 0 0 0 
3.40456 6.25236 17.2416 12.6104 9.96435 7.97123 
0.559382 0.270396 0.0744422 0.104897 0.157436 0.841389 
1604
0 0 0 0 0 0 
3.21362 5.73764 9.50718 18.1408 12.4999 9.84662 
0.567265 0.273041 0.154932 0.0740315 0.104599 0.835954 
1604
1 1 1 1 1 
2.76433 4.96384 10.4401 13.6855 15.3349 
-0.423851 -0.203391 -0.150459 -0.112412 -0.0882539 
1608
0 0 0 0 0 0 
3.57421 5.57454 8.07119 11.935 18.6886 8.17679 
0.55781 0.274568 0.160786 0.106353 0.0727711 0.840816 
1608
1 1 1 1 1 
2.77179 5.55645 8.93569 10.9698 17.9365 
-0.427531 -0.205372 -0.15169 -0.104501 -0.0890021 
1612
0 0 0 0 0 0 
3.19877 6.01246 10.0835 18.7644 11.6488 11.4397 
0.568948 0.271843 0.152611 0.072859 0.107114 0.840244 
1616
0 0 0 0 0 0 
3.1778 5.68301 10.0436 15.6252 12.0701 9.01473 
0.569167 0.273934 0.152408 0.0761125 0.100802 0.837311 
1616
1 1 1 1 1 
2.77361 5.50041 10.3589 12.2594 15.9349 
-0.42875 -0.205783 -0.149625 -0.111337 -0.0885241 
1620
0 0 0 0 0 0 
3.20675 5.70746 9.39207 10.6002 17.7858 8.42753 
0.567389 0.273485 0.15598 0.101417 0.0743948 0.84013 
1624
1 1 1 1 
2.5245 5.14619 9.68022 10.7767 
-0.415582 -0.210226 -0.144721 -0.104168 
1624
0 0 0 0 0 0 
3.06521 5.90513 18.9181 8.9664 12.2933 8.34306 
0.570691 0.273579 0.0735741 0.161588 0.105936 0.840197 
1628
0 0 0 0 0 0 
3.06072 5.61942 10.3739 11.5091 15.6869 10.2219 
0.566708 0.272761 0.151772 0.101487 0.0760577 0.839037 
1628
1 1 1 1 1 
2.74192 5.5017 9.39384 12.1965 16.0856 
-0.423786 -0.205277 -0.14764 -0.110956 -0.0883783 
1632
1 1 1 1 1 
2.3235 6.27797 8.4854 11.8211 16.4506 
-0.416143 -0.208795 -0.14691 -0.105947 -0.0891417 
1632
0 0 0 0 0 
3.46212 5.90704 17.6717 12.7404 8.74541 
0.558288 0.270563 0.0739511 0.105387 0.162539 
1636
0 0 0 0 0 0 
3.07058 5.96441 12.4313 8.84323 18.6592 8.80586 
0.569918 0.270481 0.104969 0.162877 0.0729443 0.838926 
1640
1 1 1 1 1 
2.5629 4.75547 9.39636 11.4646 18.1592 
-0.420775 -0.218198 -0.14781 -0.106219 -0.0893186 
1640
0 0 0 0 0 0 
3.13305 5.73262 8.88198 12.2648 14.7182 10.4506 
0.567218 0.274711 0.157294 0.105947 0.0778948 0.843633 
1644
0 0 0 0 0 0 
3.62555 5.90469 12.9538 9.88743 18.083 11.0593 
0.553701 0.270669 0.10479 0.153784 0.0735005 0.842612 
1644
1 1 1 1 1 
2.7304 5.78527 10.941 11.0671 15.7262 
-0.428684 -0.208976 -0.145041 -0.104593 -0.0884399 
1648
0 0 0 0 0 0 
3.36426 6.38502 13.2793 10.6584 17.5163 8.15046 
0.559015 0.268161 0.103814 0.15156 0.0746596 0.840352 
1648
1 1 1 1 
2.57689 5.37186 8.44163 13.1444 
-0.418386 -0.207457 -0.146207 -0.11153 
1652
0 0 0 0 0 0 
3.3595 5.13704 10.0254 17.3666 12.0497 10.9853 
0.563445 0.279012 0.15361 0.0741722 0.10627 0.842355 
1656
0 0 0 0 0 0 
3.15163 5.48102 11.6576 9.10922 15.7389 11.2523 
0.568009 0.275622 0.10221 0.160538 0.0764443 0.834275 
1656
1 1 1 1 1 
2.78226 6.05917 8.0568 12.829 17.1359 
-0.428045 -0.212042 -0.147604 -0.111653 -0.0890989 
1660
0 0 0 0 0 0 
3.52074 6.13513 10.6493 9.22906 17.6331 11.1913 
0.559626 0.270601 0.102028 0.161041 0.0735361 0.84143 
1664
0 0 0 0 0 0 
3.3103 6.21965 10.1782 11.7112 19.1647 7.88818 
0.562988 0.268841 0.153964 0.1025 0.0729888 0.842402 
1664
1 1 1 1 1 
2.55199 6.32285 10.759 11.7662 17.2981 
-0.422836 -0.206632 -0.143658 -0.106128 -0.0893522 
1668
1 1 1 1 1 
2.74837 5.59034 8.24939 9.98244 18.0836 
-0.418288 -0.207843 -0.146246 -0.113646 -0.088975 
1668
0 0 0 0 0 0 0 
3.2096 5.71056 8.65073 15.8303 11.3559 18.65 8.70697 
0.565839 0.274041 0.157331 0.0761092 0.101763 0.0506512 0.838075 
1672
1 1 1 1 
2.52012 6.80646 9.99634 13.1139 
-0.417548 -0.211016 -0.144655 -0.111461 
1676
1 1 1 1 1 
2.7028 5.5473 8.75865 12.9694 17.8702 
-0.422709 -0.205719 -0.148519 -0.112196 -0.0893383 
1676
0 0 0 0 0 
3.58553 6.03999 9.96502 16.928 10.3066 
0.555798 0.272413 0.153021 0.0750284 0.10353 
1680
0 0 0 0 0 0 
5.96084 3.73907 11.8856 9.64723 17.9492 8.48919 
0.270464 0.551774 0.106589 0.159389 0.0737621 0.839387 
1680
1 1 1 1 1 
2.84739 6.08352 9.73272 12.4056 17.542 
-0.422575 -0.210002 -0.149301 -0.111989 -0.0894059 
1684
0 0 0 0 0 0 
3.40582 5.72685 12.6057 15.0743 9.41444 8.20001 
0.559288 0.272084 0.104516 0.0773736 0.159501 0.839735 
1692
0 0 0 0 0 0 
3.47047 6.40666 18.2538 12.1774 9.22439 7.26482 
0.566838 0.265979 0.0730799 0.106256 0.155905 0.843268 
1684
1 1 1 1 
2.54092 5.41356 10.8975 10.1605 
-0.41954 -0.207459 -0.146289 -0.115891 
1688
1 1 1 1 1 
2.61304 5.65174 8.4054 13.052 17.3992 
-0.422581 -0.21066 -0.147318 -0.112382 -0.0888475 
1696
1 1 1 1 1 
2.6437 5.21005 11.3222 12.9999 15.2722 
-0.421924 -0.204139 -0.144228 -0.111574 -0.0874463 
1696
0 0 0 0 0 
3.47953 6.37562 11.5989 9.56008 17.3461 
0.559634 0.267699 0.102281 0.160352 0.0748817 
1700
0 0 0 0 0 0 
2.89324 5.42155 17.7077 9.32224 11.6847 7.55902 
0.573132 0.275905 0.0742512 0.158991 0.107524 0.842118 
1704
0 0 0 0 0 0 
3.16657 5.59723 7.93471 11.2649 16.8254 8.62094 
0.567365 0.276103 0.160783 0.102294 0.0748496 0.838924 
1704
1 1 1 1 1 
2.59951 6.41582 8.66501 10.8671 17.3622 
-0.425547 -0.209891 -0.14733 -0.115848 -0.0890788 
1708
1 1 1 1 1 
2.79077 5.79606 10.0556 13.1211 17.5395 
-0.423522 -0.208861 -0.14948 -0.112118 -0.0892118 
1708
0 0 0 0 0 0 
3.48934 6.33432 10.008 15.5739 11.8234 8.66264 
0.555346 0.267031 0.153336 0.0759157 0.101726 0.838748 
1712
0 0 0 0 0 0 
3.26982 5.9364 11.0669 9.64375 18.9904 7.82585 
0.565186 0.270037 0.101361 0.153652 0.0732801 0.841302 
1712
1 1 1 1 1 
2.64871 5.70219 10.1649 12.9687 18.0279 
-0.421743 -0.207016 -0.14389 -0.111898 -0.0890707 
1716
1 1 1 1 1 
2.53843 5.75996 9.02583 12.33 15.6474 
-0.426197 -0.207239 -0.148128 -0.107967 -0.0882873 
1720
1 1 1 1 1 
2.49773 5.82448 9.54166 12.0304 15.6402 
-0.42048 -0.207787 -0.143408 -0.111607 -0.0881107 
1720
0 0 0 0 0 0 
3.33612 5.82462 10.1815 10.7269 20.1963 8.33894 
0.558354 0.273534 0.153393 0.101527 0.0723161 0.83962 
1724
1 1 1 1 1 
2.48084 6.14878 11.1501 11.0282 17.1132 
-0.414676 -0.209419 -0.143764 -0.114767 -0.0892675 
1728
0 0 0 0 0 0 
3.33128 5.04782 9.20391 16.9901 10.2319 8.02558 
0.561855 0.281193 0.155919 0.0747117 0.102489 0.841055 
1728
1 1 1 1 1 
2.57734 5.44417 8.38422 11.7433 17.7198 
-0.41954 -0.205477 -0.148323 -0.110628 -0.0895096 
1732
0 0 0 0 0 0 
3.38384 5.59733 8.62408 18.5776 11.842 8.74799 
0.561855 0.274312 0.15754 0.0732212 0.106351 0.838888 
1736
0 0 0 0 0 0 
3.366 5.64561 18.1254 11.7694 9.17431 7.95941 
0.573722 0.273574 0.0741386 0.101524 0.156124 0.839461 
1732
1 1 1 1 1 
2.79763 5.6179 9.40849 10.4432 14.6114 
-0.423451 -0.205889 -0.148277 -0.116504 -0.0866282 
1740
0 0 0 0 0 0 
3.36297 4.57594 9.07257 11.622 15.0592 7.58734 
0.571485 0.287824 0.158285 0.102209 0.0769561 0.842768 
1740
1 1 1 1 1 
2.78075 7.04098 10.407 11.3859 17.8132 
-0.429605 -0.212903 -0.154136 -0.110825 -0.089146 
1744
0 0 0 0 0 0 
3.43779 6.4706 10.0843 18.1098 10.9205 8.54026 
0.57012 0.267999 0.152374 0.0736166 0.10385 0.83873 
1748
0 0 0 0 0 0 
3.30527 6.21796 11.3792 9.29787 19.4303 9.86957 
0.561892 0.270199 0.107772 0.160932 0.0726515 0.837701 
1748
1 1 1 1 1 
2.5236 6.77176 8.31664 14.7604 17.2109 
-0.413104 -0.208724 -0.147705 -0.112857 -0.0889407 
1752
0 0 0 0 0 0 
3.67233 5.83304 10.0037 15.2842 10.6779 8.35506 
0.556123 0.270246 0.153849 0.0770337 0.102671 0.839918 
1752
1 1 1 1 1 
2.4865 6.5508 10.7721 10.4425 18.8975 
-0.420293 -0.210884 -0.145217 -0.114353 -0.0900218 
1756
0 0 0 0 0 0 
3.41899 6.26899 9.0498 12.1604 17.2517 8.60352 
0.560723 0.267364 0.157159 0.106042 0.0748054 0.840319 
1760
1 1 1 1 1 
2.7694 5.73784 10.4718 10.4436 16.9524 
-0.423461 -0.208555 -0.146043 -0.114929 -0.0884294 
1760
0 0 0 0 0 
3.27516 6.51289 8.23563 11.4515 16.3581 
0.564866 0.267482 0.160646 0.102458 0.0753681 
1764
1 1 1 1 1 
2.63788 5.41562 9.76243 12.9121 18.4958 
-0.421862 -0.205067 -0.148143 -0.111122 -0.0893001 
1764
0 0 0 0 0 0 
3.12665 5.81101 8.89909 11.6891 16.8378 9.24668 
0.570502 0.272658 0.157664 0.102284 0.0746275 0.838755 
1768
0 0 0 0 0 
3.4071 6.34475 7.90112 10.5388 18.6481 
0.560589 0.267468 0.161377 0.103634 0.0736408 
1768
1 1 1 1 1 
2.65076 5.7222 8.60168 12.1544 18.1404 
-0.421587 -0.211474 -0.147271 -0.10676 -0.0896841 
1772
1 1 1 1 1 
2.65814 5.4497 11.1517 11.9335 16.3191 
-0.416595 -0.205699 -0.144647 -0.106153 -0.0884297 
1776
0 0 0 0 0 0 
3.45577 5.83489 12.5788 7.9335 18.44 8.32956 
0.559495 0.272058 0.105339 0.161078 0.0731861 0.840605 
1776
1 1 1 1 1 
2.55658 5.66637 9.76149 12.4071 17.5242 
-0.420053 -0.207076 -0.143887 -0.11093 -0.0882542 
1780
0 0 0 0 0 0 
3.60555 6.65753 9.03418 10.6574 18.1561 7.93591 
0.553453 0.265611 0.157366 0.104103 0.0734755 0.840904 
1784
1 1 1 1 1 
2.47901 5.54141 10.2895 11.1251 18.7081 
-0.412862 -0.207576 -0.149213 -0.113969 -0.0902825 
1784
0 0 0 0 0 0 
3.31648 5.69076 8.75259 11.4569 16.4323 8.7271 
0.567176 0.273291 0.158235 0.101496 0.0752233 0.839534 
1788
0 0 0 0 0 
3.05357 6.306 11.777 15.3796 7.89923 
0.570899 0.269303 0.101856 0.0765647 0.16095 
1788
1 1 1 1 1 
2.63751 6.43229 10.7431 12.3438 17.6633 
-0.417531 -0.210709 -0.150214 -0.107419 -0.0893294 
1792
1 1 1 1 1 
2.59276 5.72707 7.57365 12.727 17.6474 
-0.422112 -0.206455 -0.146679 -0.112099 -0.0896766 
1796
1 1 1 1 
2.50294 6.52384 7.2207 12.8254 
-0.418293 -0.209488 -0.145924 -0.11139 
1796
0 0 0 0 0 0 
3.03594 6.87891 11.1971 15.5357 9.43352 7.97316 
0.566585 0.263905 0.102326 0.0762292 0.159511 0.840433 
1800
1 1 1 1 1 
2.53711 5.6531 10.0611 12.9753 14.6034 
-0.418971 -0.205131 -0.149377 -0.111629 -0.0878554 
1800
0 0 0 0 0 0 
3.44209 6.57888 17.2931 12.1725 9.35518 7.59157 
0.55921 0.266264 0.0743839 0.101209 0.160949 0.842038 
1804
1 1 1 1 1 
2.78201 5.59659 10.7062 12.8885 16.9207 
-0.423916 -0.209118 -0.145053 -0.111645 -0.0894394 
1804
0 0 0 0 0 
3.29129 6.15226 9.90267 12.1059 19.1145 
0.565206 0.270892 0.152697 0.101647 0.0725327 
1808
0 0 0 0 0 0 
3.1586 6.4995 12.3838 9.70011 17.743 8.58341 
0.564619 0.26777 0.105992 0.153256 0.0740269 0.840133 
1812
0 0 0 0 0 
5.54552 3.42919 12.4644 8.62443 18.2075 
0.273955 0.564208 0.105044 0.15843 0.0741059 
1812
1 1 1 1 
2.62156 6.26694 9.9025 14.0031 
-0.422463 -0.208005 -0.153364 -0.111834 
1816
0 0 0 0 0 
3.34155 5.79316 9.87416 10.124 18.6038 
0.559893 0.272644 0.153563 0.107127 0.0735785 
1820
1 1 1 1 1 
2.62783 5.74072 8.92767 13.097 16.8483 
-0.4282 -0.210078 -0.148601 -0.111552 -0.0889226 
1820
0 0 0 0 0 0 
3.27627 5.97829 8.03709 10.7974 17.9574 8.43867 
0.568143 0.272685 0.160524 0.103901 0.0732661 0.839631 
1824
0 0 0 0 0 0 
3.42274 5.89697 9.67794 18.5645 11.9413 8.63078 
0.559888 0.271539 0.153957 0.0729468 0.101102 0.840332 
1824
1 1 1 1 1 
2.45402 5.61931 7.99521 11.6636 17.5301 
-0.412525 -0.206667 -0.147124 -0.109962 -0.0892347 
1828
0 0 0 0 0 
3.45658 5.7229 9.72841 17.1646 11.9001 
0.55592 0.273817 0.153 0.0748427 0.101666 
1832
0 0 0 0 0 
3.40856 5.99075 19.7343 12.954 8.93936 
0.561404 0.272037 0.0725969 0.10399 0.157747 
1832
1 1 1 1 1 
2.66663 6.00843 11.0835 12.1776 18.0985 
-0.42243 -0.211539 -0.14545 -0.106908 -0.088971 
1836
0 0 0 0 0 
2.82435 5.80645 9.16012 11.7349 18.1545 
0.571621 0.273617 0.162433 0.102024 0.0733619 
1836
1 1 1 1 1 
2.65356 5.57741 9.70575 13.5378 17.9625 
-0.422068 -0.210096 -0.148388 -0.112283 -0.0889265 
1840
0 0 0 0 0 0 
3.43974 5.65129 10.0482 10.9153 15.3795 10.4726 
0.559834 0.273598 0.153748 0.103414 0.0766825 0.838757 
1844
0 0 0 0 0 
3.50007 6.0626 11.5084 8.81735 17.3539 
0.560996 0.270927 0.10246 0.162251 0.0745335 
1844
1 1 1 1 1 
2.7002 5.93654 11.0824 11.6857 17.9957 
-0.422416 -0.209898 -0.146508 -0.106193 -0.08892 
1848
1 1 1 1 1 
2.63137 5.75086 9.3628 11.0177 16.9118 
-0.416234 -0.212602 -0.143808 -0.115524 -0.0883039 
1848
0 0 0 0 0 0 
3.13427 5.58517 9.00682 11.5154 19.3112 11.1135 
0.567311 0.272035 0.15637 0.102142 0.0728541 0.839875 
1852
0 0 0 0 0 
3.41504 6.03411 9.79152 12.3439 17.127 
0.560175 0.269645 0.153482 0.105815 0.074819 
1852
1 1 1 1 1 
2.53326 5.49684 10.0167 13.4535 17.1145 
-0.415248 -0.207864 -0.144823 -0.111769 -0.088711 
1856
0 0 0 0 0 0 
3.40391 5.73784 10.2839 11.0606 19.2202 8.72743 
0.561336 0.272336 0.152786 0.100332 0.0724984 0.838942 
1860
1 1 1 1 1 
2.59148 5.80188 10.4965 12.1038 16.305 
-0.421806 -0.212554 -0.143348 -0.113233 -0.0883039 
1860
0 0 0 0 0 0 
3.45187 5.18946 10.8041 9.06494 19.0159 10.4626 
0.561663 0.279534 0.103037 0.162939 0.0723665 0.839528 
1864
0 0 0 0 0 
3.26807 6.04823 12.6048 9.4337 15.0965 
0.565294 0.277175 0.104927 0.155574 0.0772514 
1868
0 0 0 0 0 0 
3.33664 5.26794 12.9991 8.45402 15.9522 8.5022 
0.561365 0.275633 0.104678 0.15827 0.0756036 0.840837 
1868
1 1 1 1 
2.60755 6.12818 8.60491 11.0267 
-0.417964 -0.210522 -0.148126 -0.105855 
1872
1 1 1 1 1 
2.64507 4.51204 8.53107 11.0551 16.0315 
-0.419835 -0.20302 -0.147214 -0.105835 -0.0883267 
1876
1 1 1 1 
2.51319 6.44389 9.67683 13.5073 
-0.414214 -0.209891 -0.145021 -0.112737 
1872
0 0 0 0 0 0 
3.28934 5.66611 14.9193 9.24967 17.9162 8.58701 
0.56473 0.27304 0.102139 0.160716 0.0731189 0.840167 
1880
1 1 1 1 
2.72845 6.57978 8.61103 12.8574 
-0.425532 -0.211347 -0.149383 -0.110656 
1884
1 1 1 1 1 
2.75526 6.77479 8.40668 13.7855 18.4158 
-0.421723 -0.209185 -0.147006 -0.113075 -0.0896653 
1880
0 0 0 0 0 0 
3.28114 6.00617 8.99976 19.464 12.9984 8.40939 
0.561934 0.271608 0.157372 0.0728908 0.104372 0.84031 
1884
0 0 0 0 0 
3.26314 5.47268 8.83528 14.1193 19.2905 
0.565529 0.276444 0.158839 0.103018 0.0726097 
1888
0 0 0 0 0 0 
3.25241 5.91534 10.5448 11.8761 16.9768 8.56288 
0.563315 0.271301 0.15108 0.105898 0.0751814 0.839263 
1892
0 0 0 0 0 
3.45599 4.94552 12.0236 8.70844 18.7233 
0.559531 0.280206 0.106018 0.158477 0.0731921 
1892
1 1 1 1 1 
2.6559 5.54182 9.56114 12.245 16.743 
-0.423199 -0.208338 -0.149986 -0.107752 -0.0890385 
1896
1 1 1 1 1 
2.53705 5.66227 8.85166 10.4402 17.6942 
-0.416425 -0.207381 -0.147637 -0.114108 -0.0894378 
1896
0 0 0 0 0 
3.3729 6.01402 12.4126 8.46894 18.5576 
0.562487 0.270117 0.106136 0.160131 0.0734288 
1900
0 0 0 0 0 0 
3.1308 5.63648 12.2487 7.9662 17.9284 8.05874 
0.564379 0.274069 0.105751 0.165765 0.0743239 0.840384 
1900
1 1 1 1 1 
2.65711 6.90041 8.58608 12.4878 18.0489 
-0.42151 -0.209905 -0.147217 -0.110881 -0.089609 
1904
0 0 0 0 0 
3.33062 5.65599 12.6021 18.2775 8.03986 
0.562603 0.273316 0.10593 0.0731811 0.161628 
1904
1 1 1 1 1 
2.69178 6.34693 9.78467 13.2352 16.7898 
-0.426962 -0.208271 -0.145189 -0.112227 -0.0886914 
1908
0 0 0 0 0 
3.20522 6.04222 10.1452 9.6672 15.9227 
0.5613 0.269181 0.15298 0.104552 0.0761203 
1912
0 0 0 0 0 
3.52076 5.21715 9.40784 12.2374 18.0647 
0.557917 0.275602 0.157423 0.100389 0.07386 
1912
1 1 1 1 1 
2.41437 6.10002 10.3163 11.8482 16.5096 
-0.415477 -0.210102 -0.144309 -0.110645 -0.0886151 
1916
0 0 0 0 0 
3.16553 6.10556 12.1234 9.30631 21.1801 
0.569938 0.268601 0.105944 0.154868 0.0716711 
1920
1 1 1 1 1 
2.55765 5.77586 9.85579 12.8234 17.4084 
-0.416328 -0.207482 -0.144375 -0.107653 -0.089533 
1924
1 1 1 1 1 
2.53554 6.15257 9.33264 12.5498 17.318 
-0.416257 -0.208538 -0.144054 -0.11177 -0.0895665 
1920
0 0 0 0 0 0 
3.32645 6.30819 8.97989 11.7943 18.2501 8.22281 
0.560054 0.268771 0.156919 0.105657 0.0735075 0.841026 
1928
1 1 1 1 1 
2.70328 6.72383 8.8395 12.7377 18.1152 
-0.42573 -0.209815 -0.150872 -0.111931 -0.0893448 
1924
0 0 0 0 0 
2.68764 6.49562 8.61783 11.9772 18.324 
0.574065 0.26728 0.158381 0.106419 0.0734599 
1932
1 1 1 1 1 
2.16216 6.01911 9.46176 11.6332 17.5512 
-0.413 -0.208773 -0.14379 -0.106306 -0.0898321 
1932
0 0 0 0 0 0 
3.0705 5.8793 12.7599 8.50268 15.4807 8.74741 
0.565461 0.271816 0.104962 0.164789 0.0759709 0.839385 
1936
0 0 0 0 0 0 
3.4434 6.0984 9.82899 15.3695 12.7346 8.42076 
0.560459 0.268992 0.153274 0.0762186 0.104175 0.841353 
1936
1 1 1 1 1 
2.63304 7.05553 7.96386 12.7611 17.1623 
-0.421819 -0.209307 -0.150983 -0.112078 -0.0891789 
1940
1 1 1 1 1 
2.5822 5.96734 9.02899 13.3254 14.772 
-0.418015 -0.208098 -0.148857 -0.107311 -0.0875215 
1944
1 1 1 1 
2.52781 5.86373 9.58883 11.9464 
-0.416333 -0.208466 -0.143897 -0.113185 
1944
0 0 0 0 0 0 
3.52476 5.66805 8.86653 12.4497 18.5979 10.1765 
0.555704 0.272826 0.156439 0.105095 0.0733182 0.839114 
1948
0 0 0 0 0 0 
3.4341 5.88153 9.21315 11.3677 17.4179 8.26916 
0.557253 0.272406 0.154707 0.102854 0.074143 0.840545 
1948
1 1 1 1 1 
2.6654 6.07149 8.16417 10.8824 16.9858 
-0.4227 -0.207197 -0.147705 -0.114783 -0.0887994 
1952
0 0 0 0 0 
3.20053 5.7877 9.33157 11.9924 18.0022 
0.56422 0.272841 0.15562 0.100617 0.0732615 
1956
0 0 0 0 0 0 
3.43653 5.34008 18.6672 12.5544 9.20996 8.74862 
0.558557 0.27587 0.0732743 0.10544 0.160581 0.83746 
1956
1 1 1 1 1 
2.60869 6.35435 8.966 12.8886 18.4734 
-0.421154 -0.210944 -0.148425 -0.110991 -0.0897092 
1960
0 0 0 0 0 0 
3.63324 6.27881 9.76766 17.8129 12.7461 9.21583 
0.554161 0.268274 0.153815 0.074033 0.10496 0.838194 
1960
1 1 1 1 1 
2.54215 6.3615 8.97594 13.0813 17.4947 
-0.411482 -0.2105 -0.152521 -0.11201 -0.0892267 
1964
0 0 0 0 0 0 
3.48482 5.83973 9.94251 11.415 17.7988 8.54286 
0.558488 0.2718 0.153092 0.108088 0.0743215 0.83961 
1968
0 0 0 0 0 
3.50785 6.39719 8.9502 15.7716 11.1949 
0.556818 0.267892 0.156935 0.0759491 0.10222 
1968
1 1 1 1 1 
2.60564 5.56046 9.14819 11.5499 17.6877 
-0.418322 -0.206002 -0.148919 -0.105809 -0.0892034 
1972
1 1 1 1 1 
2.61017 6.2599 9.32496 13.0383 16.6928 
-0.421982 -0.207231 -0.149249 -0.111955 -0.0888084 
1972
0 0 0 0 0 0 
3.40662 5.17125 11.606 8.86728 18.1142 8.40775 
0.561782 0.277679 0.102221 0.162275 0.0736794 0.840552 
1976
0 0 0 0 0 0 
3.48236 5.96731 9.07945 15.7789 11.6899 8.0554 
0.559133 0.270092 0.156862 0.0761904 0.101544 0.840896 
1976
1 1 1 1 1 
2.79684 6.17924 10.8449 11.5435 19.2158 
-0.424142 -0.20941 -0.147356 -0.105721 -0.0900361 
1980
1 1 1 1 
2.54365 5.62321 9.75482 10.4287 
-0.42065 -0.206021 -0.145045 -0.116067 
1984
1 1 1 1 1 
2.67146 5.70287 10.4399 13.202 17.5055 
-0.423498 -0.211229 -0.146373 -0.111594 -0.0891617 
1984
0 0 0 0 0 
3.36342 5.69562 9.82721 17.4633 11.2262 
0.560902 0.274184 0.15364 0.0739388 0.103412 
1988
0 0 0 0 0 
3.29574 5.86059 7.54956 11.5471 17.4689 
0.561744 0.272982 0.162685 0.10154 0.0742877 
1988
1 1 1 1 1 
2.63269 5.68557 9.84866 13.1088 16.7352 
-0.424644 -0.208603 -0.148006 -0.112328 -0.0887041 
1992
1 1 1 1 
2.32264 6.60607 9.04798 11.4492 
-0.412973 -0.211791 -0.147618 -0.105476 
1996
1 1 1 1 1 
2.78144 6.2065 9.86789 13.2444 17.1417 
-0.422911 -0.208353 -0.145052 -0.107573 -0.0890403 
2000
1 1 1 1 1 
2.90382 6.30254 9.10155 11.6449 18.1369 
-0.425441 -0.212252 -0.148046 -0.115005 -0.0893663 
1996
0 0 0 0 0 
3.35621 6.74655 8.73133 11.688 18.4275 
0.561737 0.26479 0.158239 0.107552 0.0734064 
2000
0 0 0 0 0 0 
3.3694 5.64507 10.1068 12.5559 19.4245 8.06895 
0.561179 0.273009 0.153533 0.105611 0.0733727 0.840802 
2004
0 0 0 0 0 0 
2.93338 5.68954 8.96589 12.1842 15.0281 7.85625 
0.578931 0.274103 0.158096 0.106404 0.0770309 0.841896 
2008
1 1 1 1 
2.50976 5.87393 10.7243 12.47 
-0.412175 -0.207408 -0.145816 -0.111118 
2008
0 0 0 0 0 0 
3.47838 6.31505 12.4952 8.8585 18.2661 8.80788 
0.557645 0.26847 0.105251 0.157156 0.0733343 0.840659 
2012
0 0 0 0 0 0 
3.24566 5.70184 8.01828 14.8132 12.8747 9.06104 
0.564778 0.272254 0.16118 0.0773372 0.0995898 0.837112 
2012
1 1 1 1 1 
2.57971 5.8903 9.78913 12.5541 17.7568 
-0.42111 -0.209179 -0.144507 -0.111434 -0.0890018 
2016
0 0 0 0 0 
3.58277 6.39793 9.26789 11.3862 17.9539 
0.555133 0.272304 0.156007 0.102457 0.0736437 
2020
0 0 0 0 0 0 
3.59391 6.04839 12.684 9.3998 17.3447 8.68975 
0.556218 0.271087 0.104861 0.160707 0.0746497 0.840612 
2020
1 1 1 1 1 
2.62127 6.12121 9.42914 13.8793 17.5968 
-0.420935 -0.207915 -0.148341 -0.112682 -0.089482 
2024
0 0 0 0 0 
3.32952 5.57566 19.3382 12.4627 8.78724 
0.564463 0.274858 0.0731409 0.105298 0.162605 
2024
1 1 1 1 1 
2.65708 5.78403 10.5228 12.3957 16.8819 
-0.423057 -0.206308 -0.14536 -0.107032 -0.0883144 
2028
0 0 0 0 0 0 
3.47524 5.91706 12.3907 9.18539 19.6783 8.09479 
0.559695 0.271066 0.105285 0.16241 0.0718545 0.839286 
2028
1 1 1 1 1 
2.6647 5.76943 10.684 10.5593 16.7356 
-0.422289 -0.20735 -0.146174 -0.117293 -0.0894219 
2032
1 1 1 1 
2.62501 5.91362 9.45868 12.8997 
-0.422546 -0.209463 -0.148984 -0.106931 
2032
0 0 0 0 0 0 
3.40356 5.17529 8.67828 12.3365 20.4047 7.75129 
0.554818 0.276661 0.156767 0.105078 0.0719235 0.841828 
2036
0 0 0 0 0 0 
3.42677 5.79895 13.2021 8.42104 19.8011 7.47762 
0.560059 0.271233 0.103388 0.159409 0.0722212 0.84317 
2040
0 0 0 0 0 0 
3.35382 5.58052 9.25244 12.6701 16.2536 8.42727 
0.559738 0.273947 0.155775 0.10484 0.0752486 0.839072 
2044
0 0 0 0 0 0 
3.1917 6.25244 11.6456 9.18738 15.8776 8.3568 
0.566934 0.269143 0.106945 0.161405 0.0759631 0.840313 
2044
1 1 1 1 
2.9673 6.20909 8.28198 12.0316 
-0.429643 -0.209214 -0.146861 -0.106928 
2048
1 1 1 1 1 
2.67771 6.25812 9.07542 11.346 16.5004 
-0.424175 -0.208393 -0.144847 -0.105762 -0.0889213 
2048
0 0 0 0 0 0 
3.09657 5.47578 12.9692 9.1806 19.3561 8.20898 
0.569487 0.27307 0.104398 0.155399 0.072584 0.839993 
2052
0 0 0 0 0 
2.974 5.82609 12.3789 8.66765 18.2383 
0.57048 0.271317 0.105832 0.162468 0.0733271 
2056
1 1 1 1 1 
2.63973 4.8835 8.90998 11.619 17.7501 
-0.4223 -0.203808 -0.148114 -0.105407 -0.0900191 
2056
0 0 0 0 0 
3.33738 5.70905 8.58304 11.6448 15.7835 
0.562198 0.271702 0.158832 0.100498 0.0759123 
2060
0 0 0 0 0 
3.41859 5.79001 8.66451 18.2058 12.7955 
0.558144 0.272287 0.158375 0.0734132 0.104824 
2060
1 1 1 1 1 
2.72011 7.02775 9.74819 11.6818 18.8997 
-0.420614 -0.212712 -0.144684 -0.105851 -0.0900287 
2064
1 1 1 1 1 
2.61105 6.30683 8.76202 12.7034 18.712 
-0.420968 -0.210521 -0.142894 -0.11153 -0.0896961 
2064
0 0 0 0 0 
3.24755 5.77358 9.35729 10.6863 16.3268 
0.566733 0.273366 0.154995 0.103809 0.0753734 
2068
1 1 1 1 
2.70698 5.72712 8.95834 11.7901 
-0.424821 -0.208527 -0.147926 -0.115225 
2072
1 1 1 1 1 
2.60962 6.49956 8.03591 10.5519 17.6345 
-0.420135 -0.210019 -0.146034 -0.115978 -0.0894634 
2076
0 0 0 0 0 
3.32184 5.4234 11.0323 8.10193 17.791 
0.564417 0.275996 0.103835 0.160368 0.0742862 
2076
1 1 1 1 1 
2.51879 6.9798 9.93369 11.5274 15.7702 
-0.416431 -0.210909 -0.149608 -0.114552 -0.0878638 
2080
0 0 0 0 0 0 
3.41069 5.73269 9.45732 18.4551 12.5405 10.175 
0.559683 0.27315 0.154577 0.0733119 0.105704 0.839371 
2080
1 1 1 1 1 
2.66127 6.03583 10.0091 13.5132 18.7279 
-0.418852 -0.207656 -0.149849 -0.112504 -0.0902008 
2084
0 0 0 0 0 
3.50154 6.14145 12.7633 9.41264 14.3611 
0.555994 0.26926 0.105058 0.155196 0.0782651 
2084
1 1 1 1 1 
2.84022 5.87846 8.79516 13.3105 17.757 
-0.425647 -0.208184 -0.148444 -0.112108 -0.0892792 
2088
1 1 1 1 1 
2.84578 5.84306 9.33843 13.2804 17.1986 
-0.426542 -0.206483 -0.148438 -0.111741 -0.0890054 
2092
0 0 0 0 0 
3.25676 6.5413 11.0849 7.4893 18.0485 
0.565411 0.266408 0.10261 0.169813 0.0734775 
2096
0 0 0 0 0 0 
3.3129 5.4037 12.7194 9.09377 17.2842 8.03405 
0.563202 0.276462 0.104719 0.162019 0.0749139 0.841122 
2096
1 1 1 1 1 
2.57184 5.77764 10.1147 13.4683 16.9989 
-0.41786 -0.206097 -0.146701 -0.11123 -0.0887542 
2100
0 0 0 0 0 0 
3.9017 5.97178 12.2472 15.9641 8.59263 8.1164 
0.550071 0.270028 0.105891 0.0761362 0.163288 0.841792 
2104
1 1 1 1 1 
2.46365 6.17642 10.1269 12.2349 17.0305 
-0.411657 -0.209975 -0.14514 -0.107078 -0.0889461 
2104
0 0 0 0 0 0 
3.48281 6.21172 8.87592 11.8489 18.4618 9.93516 
0.559287 0.26899 0.156796 0.106442 0.0734398 0.835838 
2108
0 0 0 0 0 0 
3.20501 5.3343 10.7755 8.22654 18.5246 8.59196 
0.56631 0.278456 0.1022 0.160017 0.0734621 0.839008 
2108
1 1 1 1 1 
2.44965 5.57925 8.1959 10.6531 16.8535 
-0.420638 -0.209148 -0.147541 -0.113494 -0.088632 
2112
0 0 0 0 0 0 
3.15913 4.86231 9.52408 12.5142 17.6783 10.8181 
0.573867 0.28776 0.15345 0.104822 0.0743268 0.84088 
2112
1 1 1 1 1 
2.66904 7.45911 9.64228 12.0993 18.153 
-0.422056 -0.21826 -0.150391 -0.106864 -0.0892264 
2116
0 0 0 0 0 
3.29126 6.36513 19.3293 12.787 9.65104 
0.565495 0.26831 0.0735136 0.104609 0.159043 
2120
0 0 0 0 0 0 
3.19232 7.17087 17.9246 9.32368 11.346 8.12655 
0.567846 0.262914 0.0741184 0.160713 0.101412 0.841492 
2124
0 0 0 0 0 
3.29564 5.55054 8.74691 11.6827 17.2989 
0.563178 0.276072 0.157257 0.107073 0.0744275 
2124
1 1 1 1 1 
2.5655 6.56579 9.41432 11.7595 14.9785 
-0.421404 -0.209904 -0.14809 -0.11088 -0.0877701 
2128
0 0 0 0 0 
3.50682 6.40672 8.34069 10.5614 18.7153 
0.560389 0.268192 0.159154 0.10333 0.0730368 
2128
1 1 1 1 1 
2.71265 5.50688 9.76814 11.5202 17.8521 
-0.422838 -0.207855 -0.149391 -0.109653 -0.0890749 
2132
0 0 0 0 0 
3.30676 5.068 9.87265 11.8702 18.5169 
0.563461 0.277887 0.152858 0.106855 0.0728282 
2132
1 1 1 1 1 
2.68085 5.85761 8.44795 10.1623 17.085 
-0.419563 -0.212012 -0.147191 -0.114476 -0.0889021 
2136
1 1 1 1 1 
2.58821 6.10683 9.30124 12.223 16.8363 
-0.424379 -0.209359 -0.143712 -0.107177 -0.0890948 
2140
0 0 0 0 0 
3.20551 6.76383 8.76696 18.5113 12.303 
0.561901 0.264358 0.157643 0.0730943 0.105664 
2144
0 0 0 0 0 0 
3.42529 6.70411 11.3772 15.9601 8.96128 8.4423 
0.560245 0.265797 0.102419 0.0758797 0.161276 0.840526 
2144
1 1 1 1 1 
2.29654 5.69175 8.43947 11.4705 18.5286 
-0.415474 -0.211375 -0.146729 -0.114475 -0.0895689 
2148
1 1 1 1 
2.58583 5.55778 10.9796 11.8993 
-0.419478 -0.205812 -0.150694 -0.110663 
2148
0 0 0 0 0 
3.33456 6.60351 9.34424 12.4973 16.9455 
0.558929 0.266376 0.156768 0.105231 0.0749113 
2152
0 0 0 0 0 
3.4609 5.91204 9.46144 14.8519 11.0633 
0.558851 0.269763 0.15464 0.0777265