0
1 0 0 1 1 0 
4.3548 11.4821 9.36185 9.07141 11.6014 17.5822 
-0.223419 -0.825586 -0.828164 -0.630436 -0.441812 -0.615554 
0
0 0 0 
4.65573 12.9545 19.6432 
0.353098 0.0723674 0.0366561 
4
1 0 0 1 1 0 1 
4.39427 12.0232 10.1731 10.3839 12.5715 15.4451 13.7007 
-0.227404 -0.826507 -0.827001 -0.624911 -0.442758 -0.611298 -0.0966148 
4
0 0 0 
5.05341 16.9217 23.3087 
0.346256 0.0639732 0.0345405 
8
0 0 0 
4.88642 15.7636 18.6239 
0.341281 0.0637159 0.0376259 
8
1 0 1 0 0 1 
4.82437 11.1444 10.5681 16.677 10.0997 13.7635 
-0.225107 -0.825969 -0.624623 -0.61521 -0.82702 -0.0963745 
12
0 0 0 
4.64968 15.5082 19.497 
0.353939 0.0657277 0.0376646 
12
1 0 1 1 0 
4.66875 11.6871 15.7405 10.0678 15.776 
-0.224093 -0.825621 -0.455218 -0.624805 -0.61601 
16
1 0 1 1 0 1 
4.84487 12.1436 10.7792 12.4188 17.5576 13.0664 
-0.224585 -0.825645 -0.624578 -0.443528 -0.616458 -0.0962563 
16
0 0 0 
5.16578 14.3909 24.3448 
0.339532 0.065388 0.0342678 
20
1 0 1 1 0 
4.99239 12.8386 10.6022 13.5774 17.9475 
-0.228103 -0.827376 -0.625573 -0.444043 -0.615363 
20
0 0 0 
4.55131 15.1501 19.4008 
0.354181 0.0656273 0.0371629 
24
1 1 0 0 1 
4.84253 10.5529 11.0602 16.9378 13.0034 
-0.224848 -0.623944 -0.82624 -0.615151 -0.10101 
24
0 0 0 
4.22936 15.9904 19.2923 
0.359228 0.0636792 0.0367788 
28
1 0 1 0 1 
4.78764 12.4663 11.6248 15.6055 13.2257 
-0.223268 -0.826173 -0.623435 -0.615529 -0.0962074 
28
0 0 0 
4.64611 16.1706 17.1053 
0.345124 0.0641165 0.039277 
32
0 0 0 
4.26184 14.981 19.1289 
0.359481 0.0653002 0.0375218 
32
1 1 0 1 0 1 0 
4.38045 10.2765 10.5987 15.9562 16.9823 13.1212 20.7154 
-0.222673 -0.625232 -0.825315 -0.455908 -0.61518 -0.100912 -0.482039 
36
1 1 0 0 1 1 
4.87104 10.5715 11.4884 16.0471 13.6459 18.256 
-0.222393 -0.625272 -0.826177 -0.61578 -0.449568 -0.347603 
36
0 0 0 
4.43916 14.3888 21.3173 
0.346571 0.0642274 0.0364342 
40
1 1 0 0 1 1 
4.36624 9.18129 11.5153 16.6059 13.1164 12.5369 
-0.224245 -0.623605 -0.826345 -0.615079 -0.443051 -0.102275 
40
0 0 
4.9985 16.1769 
0.346242 0.0645501 
44
0 0 0 
4.67677 15.3293 21.8702 
0.344972 0.0641819 0.0357108 
48
0 0 
4.75585 14.5172 
0.342791 0.0658141 
44
1 0 1 1 0 1 
4.32212 12.3915 10.0127 15.2186 17.5619 17.6865 
-0.219062 -0.827398 -0.625497 -0.454811 -0.615228 -0.346635 
48
1 0 1 1 0 1 1 
4.54902 12.1689 8.93294 15.7281 14.8943 17.5343 12.9137 
-0.220514 -0.829221 -0.630515 -0.455808 -0.612227 -0.346873 -0.100939 
52
1 1 0 1 0 1 1 
4.52974 10.2766 12.5442 13.5267 15.6793 12.3085 21.0895 
-0.224173 -0.624604 -0.826865 -0.443021 -0.607595 -0.459403 -0.347835 
52
0 0 0 
4.4985 13.3131 18.7898 
0.357653 0.0732278 0.0378293 
56
1 0 1 1 0 1 1 
4.75403 12.4884 10.3822 15.8519 18.544 12.5683 17.9461 
-0.225545 -0.826071 -0.6264 -0.456826 -0.615234 -0.101344 -0.34733 
60
1 0 1 1 0 1 1 
5.56794 12.8254 9.97126 16.9389 16.7197 18.581 13.4092 
-0.222219 -0.827403 -0.631374 -0.454454 -0.615636 -0.347159 -0.0961262 
56
0 0 0 
4.60474 12.6702 19.6228 
0.352781 0.072469 0.0365655 
60
0 0 0 
4.4055 13.7354 21.7772 
0.357682 0.0650641 0.0352536 
64
0 0 0 
4.61948 17.0552 21.1095 
0.345976 0.0636187 0.0351302 
68
0 0 0 
4.64044 12.6504 18.1633 
0.347075 0.0734838 0.0369538 
72
0 0 
4.76708 15.252 
0.350432 0.0650313 
76
0 0 0 
4.80477 14.2738 20.1001 
0.350023 0.0637767 0.0373382 
64
1 0 1 1 0 1 1 
5.18851 12.1057 10.3669 14.3139 15.0836 13.2693 18.8014 
-0.22751 -0.825497 -0.62531 -0.457324 -0.607066 -0.0964857 -0.347727 
80
0 0 0 
4.71034 13.0767 19.6218 
0.350909 0.072507 0.0371232 
68
1 1 0 1 0 1 1 0 
4.47524 9.78128 11.9001 15.1033 16.7659 18.6653 15.1646 15.0753 
-0.226473 -0.624715 -0.826876 -0.454809 -0.615813 -0.347521 -0.101607 -0.485714 
72
1 1 0 0 1 
4.94207 10.0178 10.908 16.6444 13.2145 
-0.225155 -0.624758 -0.824849 -0.615308 -0.0959782 
76
1 1 0 1 0 1 1 0 
4.4914 10.1294 13.5413 15.8261 17.1904 11.8991 17.3053 13.9104 
-0.222759 -0.624716 -0.826483 -0.455297 -0.6157 -0.101104 -0.347026 -0.490219 
80
1 0 1 1 0 1 0 
4.97579 11.8802 10.8107 15.5163 16.9233 13.4094 19.7896 
-0.225723 -0.826236 -0.623849 -0.454846 -0.615419 -0.0961446 -0.481737 
84
1 0 1 1 0 1 1 
5.19478 12.5551 9.40559 15.7691 17.2155 13.6943 18.4233 
-0.226389 -0.826975 -0.624627 -0.445107 -0.616004 -0.100965 -0.347062 
84
0 0 
4.21478 17.2541 
0.35351 0.0639028 
88
0 0 0 
4.62023 16.8451 19.7078 
0.343794 0.0633346 0.0369131 
88
1 0 1 1 0 1 0 
5.00931 12.8991 10.344 15.4255 16.6816 19.1347 12.7147 
-0.224845 -0.826635 -0.625316 -0.454754 -0.615529 -0.347569 -0.489738 
92
0 0 0 
5.42228 17.4102 19.8116 
0.33572 0.0637449 0.0370445 
92
1 0 1 1 0 1 1 0 
4.93951 12.3966 9.92577 16.1043 16.9412 13.584 19.3115 14.3059 
-0.225688 -0.826302 -0.624171 -0.455003 -0.615859 -0.0960882 -0.347636 -0.489415 
96
1 1 0 1 0 1 1 1 
4.4144 10.2395 10.7319 13.5792 16.3085 13.374 17.8724 10.8447 
-0.220734 -0.624686 -0.825352 -0.443775 -0.615228 -0.101332 -0.347291 -0.460303 
100
1 0 1 1 0 1 1 0 
4.60858 10.1304 10.1134 14.3369 15.9777 13.775 17.9617 13.1886 
-0.221889 -0.824099 -0.625357 -0.444934 -0.61566 -0.096512 -0.347015 -0.483807 
96
0 0 0 
4.47074 16.263 19.9526 
0.354154 0.064448 0.0369639 
100
0 0 0 
4.48 16.3635 23.9747 
0.356116 0.0643322 0.0341419 
104
0 0 0 
4.22097 15.5893 23.1688 
0.352532 0.0648621 0.0351301 
104
1 1 0 0 1 1 1 
5.13074 9.21793 12.3438 16.4609 15.6519 12.5516 20.7576 
-0.224764 -0.624192 -0.82588 -0.615515 -0.456993 -0.100931 -0.34751 
108
1 0 1 0 1 0 
4.63488 12.0525 10.0731 17.4725 15.0631 13.0917 
-0.221261 -0.826731 -0.624609 -0.615284 -0.44469 -0.484462 
108
0 0 0 
4.4608 13.4756 18.6768 
0.356581 0.0662724 0.0374604 
112
1 1 0 0 1 1 1 
5.17668 9.54138 11.0349 17.1664 13.9355 14.486 18.5544 
-0.227314 -0.625529 -0.825606 -0.615739 -0.4558 -0.102842 -0.3475 
116
1 0 1 0 1 
5.10892 11.1043 9.66641 15.9443 13.6445 
-0.227561 -0.826613 -0.625293 -0.615661 -0.102111 
112
0 0 0 
4.6989 17.0499 20.3188 
0.351761 0.0638151 0.036086 
116
0 0 0 
4.53089 14.486 12.4572 
0.352999 0.0649378 0.0406832 
120
0 0 0 
4.83384 12.619 20.5558 
0.349263 0.0734548 0.0367399 
124
0 0 0 
4.9809 13.181 19.8765 
0.337944 0.0721704 0.0374776 
124
1 0 1 0 1 1 1 0 
4.53234 11.6715 10.476 16.0781 16.1263 14.2633 19.4198 13.5253 
-0.225034 -0.826308 -0.625226 -0.615794 -0.445424 -0.101682 -0.347625 -0.489648 
128
0 0 0 
4.44815 12.6313 21.5043 
0.358291 0.0737146 0.0352452 
132
0 0 0 
4.27138 14.883 18.0856 
0.357171 0.0651072 0.0384135 
128
1 0 1 1 0 1 1 
4.79298 11.5035 9.22959 13.9878 16.926 12.9377 18.6526 
-0.226042 -0.826344 -0.623945 -0.443549 -0.615622 -0.0998331 -0.347302 
132
1 0 1 1 0 1 1 
4.51809 12.0474 16.5521 10.5211 18.2714 19.6267 12.6219 
-0.223244 -0.826371 -0.456992 -0.624853 -0.615445 -0.347864 -0.102076 
136
1 1 1 0 1 1 
4.30797 11.1599 14.1093 17.7794 12.7253 23.2801 
-0.221254 -0.624731 -0.443743 -0.615718 -0.100799 -0.348535 
140
1 1 1 0 1 
4.61197 16.7668 24.6544 19.8592 13.4226 
-0.222867 -0.455083 -0.341136 -0.481766 -0.0961312 
140
0 0 0 
4.94434 13.0781 22.1207 
0.340701 0.0724657 0.0359148 
144
1 1 
4.70894 13.2698 
-0.222973 -0.0962185 
144
0 0 0 
5.17406 16.2846 19.9272 
0.339406 0.0647942 0.0366367 
148
0 0 0 
4.51338 13.5768 21.6322 
0.354898 0.0714123 0.0351671 
152
0 0 0 
4.58673 13.066 20.2822 
0.347793 0.0722607 0.0359163 
148
1 1 
5.15008 13.6522 
-0.225106 -0.100965 
152
1 1 
4.38643 14.1815 
-0.219636 -0.0968442 
156
0 0 0 
4.99299 12.577 18.4287 
0.339979 0.0735931 0.0377406 
156
1 1 
4.58256 12.6941 
-0.220659 -0.0955031 
160
0 0 0 
4.14251 14.0283 20.5361 
0.363126 0.070144 0.0367194 
160
1 1 
4.41784 12.9207 
-0.218948 -0.0954316 
164
1 1 
4.84762 13.104 
-0.222588 -0.096373 
164
0 0 0 
4.65375 16.042 19.8005 
0.345594 0.0649561 0.0330258 
168
1 1 1 
4.53968 15.3476 13.8515 
-0.22217 -0.445116 -0.0967412 
172
0 0 
4.3473 14.5058 
0.359192 0.0654872 
176
0 0 0 
4.59914 15.6849 19.0675 
0.352826 0.0634353 0.0381688 
180
0 0 0 
4.36029 11.6276 19.631 
0.355967 0.0744476 0.036785 
172
1 1 1 
4.90457 13.3651 18.2667 
-0.224264 -0.100451 -0.347699 
176
1 1 
4.25473 13.3382 
-0.224262 -0.102598 
180
1 1 1 1 
4.8933 14.7967 14.303 18.0307 
-0.225742 -0.449387 -0.0971728 -0.346867 
184
1 1 1 1 1 1 0 
4.57024 9.6154 15.6699 22.367 12.4915 18.8547 20.3464 
-0.221696 -0.623278 -0.455528 -0.34174 -0.0965904 -0.287321 -0.481845 
184
0 0 0 
4.86367 14.4694 19.158 
0.336255 0.0644711 0.0378415 
188
0 0 0 
4.52478 13.9831 18.6107 
0.355682 0.0710781 0.0377974 
192
0 0 0 
4.15704 16.0033 19.4971 
0.362415 0.0642094 0.0373369 
196
0 0 0 
4.44758 17.0534 20.2906 
0.358569 0.0637553 0.036393 
192
1 1 1 1 0 1 1 0 
4.5149 11.8256 15.1376 14.2761 14.2475 22.3889 20.9962 18.7145 
-0.220611 -0.62436 -0.453896 -0.0972966 -0.606806 -0.347897 -0.28508 -0.481703 
196
1 1 1 0 0 1 
4.78376 10.0902 15.9668 15.786 13.8833 18.2285 
-0.221935 -0.623972 -0.455334 -0.616424 -0.488938 -0.346843 
200
1 1 1 0 1 1 0 
4.8569 10.9881 14.1686 16.0218 12.9885 19.4643 15.1749 
-0.224855 -0.623093 -0.454745 -0.615101 -0.100665 -0.347385 -0.489063 
200
0 0 0 
4.54304 16.0744 23.0844 
0.354153 0.0646261 0.0356397 
204
1 1 1 1 0 0 1 1 
4.5103 9.83043 13.0572 19.9767 12.5595 11.675 19.4508 14.6113 
-0.227734 -0.624443 -0.44894 -0.347428 -0.476974 -0.620705 -0.284416 -0.10052 
208
0 0 
4.432 8.23267 
0.350587 0.0768284 
208
1 1 1 1 1 0 
5.2414 10.5315 14.3588 14.7563 20.7173 16.6683 
-0.225311 -0.623923 -0.449465 -0.100324 -0.347934 -0.615571 
212
1 1 1 1 0 1 0 
4.77699 9.21552 13.4602 18.3928 12.4724 14.1542 12.6365 
-0.225125 -0.623656 -0.454002 -0.347297 -0.621405 -0.100241 -0.479674 
212
0 0 0 
5.10013 14.4831 19.9923 
0.343693 0.06554 0.0372501 
216
0 0 0 
4.91992 16.4821 20.27 
0.348558 0.064057 0.0364882 
216
1 1 1 0 1 0 1 
4.94624 10.2473 10.8596 12.3263 14.8559 16.7085 16.8762 
-0.22505 -0.622442 -0.445744 -0.480214 -0.100811 -0.615664 -0.343052 
220
0 0 0 
4.3255 10.9229 18.4183 
0.360164 0.0634886 0.0377264 
220
1 1 1 0 1 0 
4.68404 11.4304 14.1012 14.3345 14.8282 19.094 
-0.2233 -0.623242 -0.448685 -0.49322 -0.100848 -0.615503 
224
1 1 1 1 0 1 
4.87137 11.0689 14.4472 14.8487 14.6701 21.0534 
-0.224056 -0.624657 -0.450127 -0.10129 -0.481295 -0.347812 
228
1 1 1 0 1 0 
5.29743 8.51596 13.9706 12.1535 13.7771 10.8378 
-0.225092 -0.623966 -0.449318 -0.622633 -0.0999627 -0.833302 
228
0 0 0 
4.60457 12.505 18.8999 
0.354531 0.0643267 0.0373179 
232
1 0 1 0 1 1 1 0 
4.45936 12.3284 11.0369 15.8006 13.1112 13.8908 17.13 12.872 
-0.224082 -0.826354 -0.622474 -0.615026 -0.453925 -0.10112 -0.346886 -0.477523 
232
0 0 0 
4.74169 16.723 22.2184 
0.349327 0.0637844 0.0357615 
236
0 0 0 
4.23431 13.066 19.4836 
0.350768 0.0720531 0.0371986 
240
1 0 1 0 1 1 
4.50118 11.4181 10.9593 17.0127 13.8252 18.0809 
-0.225911 -0.826568 -0.624042 -0.615876 -0.101738 -0.34697 
244
1 0 1 1 0 1 
4.72442 12.3224 9.37848 13.917 16.2725 13.4331 
-0.225486 -0.825203 -0.630814 -0.455026 -0.616714 -0.099982 
240
0 0 0 
4.48916 13.922 17.3996 
0.354463 0.0658125 0.0387725 
244
0 0 0 
4.60233 15.9488 20.6564 
0.352124 0.0647095 0.0375703 
248
0 0 0 
4.73778 17.2558 19.7097 
0.350684 0.0638389 0.0371199 
252
0 0 0 
4.83418 10.5398 19.3532 
0.341619 0.0780365 0.0370261 
248
1 0 1 1 0 1 
4.55001 11.1127 10.3917 15.6217 17.1624 13.2897 
-0.220696 -0.825452 -0.625046 -0.454387 -0.615516 -0.0960118 
252
1 0 1 1 0 1 1 0 
5.02796 10.8595 10.4786 14.668 17.1964 14.2182 16.9662 15.0931 
-0.224374 -0.825704 -0.623415 -0.45321 -0.615609 -0.101002 -0.347564 -0.488105 
256
0 0 0 
4.43656 17.5747 19.1083 
0.358808 0.0625825 0.0378991 
256
1 0 1 1 0 1 1 
4.72227 10.1743 17.0843 10.7825 17.7557 13.5607 18.3541 
-0.222979 -0.824442 -0.455028 -0.623955 -0.616045 -0.101626 -0.347494 
260
0 0 0 
4.71769 9.84888 19.1501 
0.343446 0.0796367 0.0384087 
260
1 0 1 1 0 1 1 
5.15573 9.54415 10.5623 15.8518 16.4907 17.038 13.2861 
-0.225803 -0.821901 -0.624101 -0.456099 -0.615747 -0.346127 -0.100491 
264
1 0 1 1 1 0 
5.01878 11.9467 16.764 10.8289 13.7171 14.4487 
-0.225584 -0.826479 -0.454699 -0.62485 -0.100477 -0.617212 
268
1 1 0 1 0 1 1 
4.96076 12.5941 11.246 14.389 17.0431 14.2372 16.718 
-0.225814 -0.625067 -0.824962 -0.444848 -0.615641 -0.0969148 -0.347074 
268
0 0 
5.00044 14.4651 
0.338889 0.0704438 
272
0 0 0 
4.84805 18.4128 19.9239 
0.349871 0.0623458 0.0362147 
276
0 0 0 
4.66144 13.4824 17.9652 
0.342852 0.0726772 0.0387962 
280
0 0 0 
5.06244 15.5047 20.3724 
0.346362 0.0638857 0.0365122 
272
1 0 1 1 0 1 1 
4.50255 11.7419 10.4019 15.0945 15.9848 13.7478 20.9515 
-0.220892 -0.825813 -0.624815 -0.456735 -0.616057 -0.101789 -0.347502 
284
0 0 0 
4.44221 15.7797 17.5368 
0.354353 0.0646257 0.0387915 
280
1 0 1 1 0 1 1 
4.89745 10.1709 8.91159 14.9276 17.2757 12.8308 16.986 
-0.225055 -0.824767 -0.623874 -0.44444 -0.615441 -0.102283 -0.3471 
284
1 0 1 1 1 0 1 
4.51424 11.7053 9.25118 16.0401 21.7603 17.0117 12.7687 
-0.222345 -0.825977 -0.624485 -0.449442 -0.347915 -0.615901 -0.101201 
288
1 0 1 1 0 1 1 
4.57745 11.43 10.132 15.5355 15.5189 22.2596 13.096 
-0.220908 -0.826137 -0.624853 -0.450349 -0.616964 -0.348018 -0.101307 
292
0 0 0 
4.69019 16.3029 18.9422 
0.341926 0.0644597 0.0388202 
296
0 0 
4.04785 14.9254 
0.354291 0.0650273 
292
1 0 1 1 0 1 1 
4.74538 11.966 11.0325 15.0565 16.9448 12.6976 17.9772 
-0.22398 -0.826194 -0.624479 -0.455213 -0.615777 -0.101047 -0.347262 
296
1 0 1 1 0 1 
5.11301 11.3293 14.0034 9.05535 18.161 13.4091 
-0.2264 -0.822339 -0.443442 -0.625325 -0.615758 -0.101097 
300
0 0 0 
4.59126 16.9267 19.3752 
0.352935 0.0641714 0.0368281 
300
1 1 0 1 0 1 1 0 
4.98753 9.9245 11.5147 13.999 17.327 13.4416 17.7507 14.0632 
-0.224749 -0.625264 -0.8255 -0.452806 -0.615488 -0.0967112 -0.347472 -0.492142 
304
1 1 0 0 1 1 
4.72585 10.1525 11.9977 13.2959 14.359 18.7145 
-0.223815 -0.624798 -0.822214 -0.606793 -0.0973536 -0.347809 
308
0 0 0 
4.2331 14.2278 18.2699 
0.361766 0.0661061 0.0344913 
308
1 1 0 1 0 1 1 
4.57699 10.5042 10.7906 15.6451 16.9926 13.9068 18.1941 
-0.223525 -0.623585 -0.825783 -0.454626 -0.615115 -0.0967408 -0.346788 
312
1 1 0 0 1 1 
4.96019 10.7325 10.8526 15.8732 13.1343 17.0516 
-0.227274 -0.623648 -0.826361 -0.616159 -0.101691 -0.347164 
312
0 0 0 
4.90131 15.3109 19.7888 
0.341314 0.0647383 0.0361222 
320
1 1 0 0 1 
5.01586 9.89544 11.7196 14.6615 17.8806 
-0.224174 -0.62421 -0.827564 -0.611124 -0.347346 
316
0 0 0 
5.36282 16.0421 19.8771 
0.336237 0.062949 0.0371046 
320
0 0 0 
3.53813 16.1926 19.9679 
0.331406 0.0646733 0.0371944 
324
0 
17 
0.0618695 
324
1 0 1 1 1 0 1 0 
4.84414 11.4661 9.66264 15.0862 17.7832 17.5605 12.8808 14.4995 
-0.224441 -0.826203 -0.624367 -0.45389 -0.346981 -0.616034 -0.0960258 -0.491204 
328
0 0 
17.7483 20.4011 
0.0633844 0.0361463 
328
1 0 1 1 1 1 0 
4.57971 11.2445 8.10575 15.3395 18.0997 12.908 14.6204 
-0.222473 -0.826378 -0.625156 -0.455049 -0.347355 -0.100756 -0.61177 
332
1 1 0 1 0 
4.49943 10.9268 11.8922 17.5557 16.1311 
-0.225366 -0.624147 -0.826546 -0.455101 -0.608301 
336
0 0 
13.6174 19.0347 
0.0711668 0.0331806 
340
0 
13.9798 
0.0658574 
336
1 0 1 1 1 0 1 
4.78839 11.7061 14.057 10.7048 19.2755 13.0187 15.5235 
-0.224824 -0.826527 -0.449299 -0.625044 -0.34798 -0.611185 -0.100699 
340
1 1 0 0 1 0 1 
4.51733 10.3524 11.6625 16.1232 13.2351 18.7191 20.1767 
-0.224895 -0.624048 -0.825407 -0.615864 -0.100325 -0.481892 -0.347905 
344
0 0 
13.1061 23.8567 
0.0655414 0.0345138 
344
1 0 1 1 1 0 1 
4.55773 10.9318 8.73389 14.53 19.0858 16.0371 12.7533 
-0.222081 -0.825261 -0.632066 -0.454147 -0.34755 -0.615431 -0.0960831 
348
1 0 1 1 1 1 0 
5.14874 11.4732 10.5425 16.8672 18.2493 12.5715 15.6789 
-0.225492 -0.825549 -0.625439 -0.456491 -0.347009 -0.0956999 -0.607932 
352
1 0 1 1 1 1 0 
4.86464 11.2022 16.0515 9.18143 18.4905 13.4167 15.9261 
-0.226854 -0.826048 -0.455056 -0.631772 -0.347073 -0.0960027 -0.611776 
352
0 
11.8503 
0.0756556 
356
1 0 1 1 1 0 0 1 
4.87802 12.0373 9.6734 14.6142 13.2532 14.7566 15.3884 19.6289 
-0.229055 -0.825811 -0.62965 -0.456458 -0.100476 -0.611899 -0.489099 -0.348015 
360
1 1 0 1 0 1 1 0 
4.7778 9.85044 12.1191 15.9835 14.2044 17.3739 13.6041 12.6225 
-0.22356 -0.624976 -0.826927 -0.45583 -0.60751 -0.34672 -0.101339 -0.488724 
360
0 0 0 
15.0153 3.82397 20.9762 
0.0643995 0.325956 0.0360544 
364
1 0 1 1 1 0 1 0 
4.88193 10.8747 10.17 15.0712 13.3143 16.9124 18.7924 12.7234 
-0.224245 -0.825852 -0.625371 -0.454905 -0.0965877 -0.615428 -0.347609 -0.489662 
364
0 0 0 
4.83941 15.6933 18.5197 
0.340719 0.0690132 0.0378765 
368
1 0 1 1 1 0 
4.74266 10.7015 9.47305 13.2618 19.5228 16.2903 
-0.224122 -0.823625 -0.624743 -0.096069 -0.347425 -0.612379 
372
1 0 1 1 1 0 0 
4.71578 11.0164 10.1672 15.4206 18.1562 13.7282 13.9393 
-0.223129 -0.828839 -0.624982 -0.457968 -0.3471 -0.611881 -0.489891 
368
0 0 0 
4.80444 14.4049 17.8671 
0.335623 0.0646164 0.034725 
376
0 0 0 
4.58137 15.4859 18.9315 
0.344436 0.0651145 0.0374527 
376
1 0 1 1 0 0 1 1 0 
4.93891 10.508 15.8718 10.6672 10.2332 14.4324 18.5817 13.9525 13.6141 
-0.22679 -0.825623 -0.453578 -0.624434 -0.827202 -0.607338 -0.347539 -0.0969767 -0.489104 
380
1 1 0 1 1 0 1 0 
4.79081 9.42163 11.811 15.0555 12.1829 16.9562 19.0781 15.2648 
-0.226037 -0.623829 -0.826746 -0.454221 -0.0963772 -0.615898 -0.34766 -0.491006 
384
1 0 1 1 1 1 0 0 
5.15294 11.1055 15.9152 9.55878 18.8932 13.8462 13.5979 14.1329 
-0.224896 -0.827034 -0.453434 -0.625257 -0.347433 -0.101099 -0.611716 -0.489951 
380
0 0 0 
3.93613 13.9407 18.3035 
0.367024 0.0652323 0.0373265 
388
1 1 0 1 0 1 1 
4.7895 9.88839 11.409 12.2003 16.786 13.979 22.3172 
-0.224959 -0.630977 -0.825908 -0.450431 -0.615859 -0.101937 -0.348205 
388
0 0 0 
4.40645 16.3958 20.6805 
0.356785 0.0643854 0.036136 
392
1 1 0 1 0 1 1 
4.54293 10.6994 11.2688 14.713 17.0721 13.1154 19.1305 
-0.22127 -0.625456 -0.826298 -0.454332 -0.615379 -0.0962543 -0.347419 
392
0 0 0 
4.51798 14.6613 20.7472 
0.354497 0.0710135 0.0367386 
396
1 0 1 1 1 0 1 0 
4.55748 12.6192 10.6437 16.6967 20.5049 13.9663 12.0254 21.4789 
-0.221262 -0.82666 -0.625311 -0.456691 -0.347759 -0.611987 -0.100645 -0.482544 
396
0 0 0 
4.86103 16.5975 18.9984 
0.34144 0.0644293 0.0383971 
400
0 0 0 
4.61919 16.5809 17.4687 
0.352494 0.0643493 0.0388983 
404
0 0 0 
4.25954 17.3817 19.2068 
0.360305 0.0635142 0.0372088 
404
1 0 1 1 0 1 1 0 
4.70785 10.0704 13.1668 9.48686 16.9518 22.0746 14.008 12.0275 
-0.224536 -0.825103 -0.456272 -0.62525 -0.615834 -0.34777 -0.0970372 -0.491181 
408
1 1 0 0 1 0 1 
4.66166 9.66219 13.1075 10.6982 12.9169 16.7892 20.3427 
-0.224269 -0.624258 -0.831491 -0.826711 -0.09626 -0.615902 -0.347187 
408
0 0 0 
4.42015 16.9255 19.0387 
0.356996 0.0640632 0.0382981 
412
0 0 0 
4.06432 14.1629 23.8513 
0.361758 0.0709758 0.0348091 
416
0 0 0 
4.80592 13.677 19.7224 
0.341891 0.0657247 0.0330301 
420
0 0 0 
4.22272 14.9955 21.1064 
0.359212 0.0634624 0.0364687 
416
1 1 0 1 0 1 
4.64999 11.2962 9.97171 12.7789 16.593 18.7354 
-0.228405 -0.625255 -0.824866 -0.10061 -0.615672 -0.347499 
420
1 0 1 1 0 
4.97486 12.1275 11.2619 16.2703 13.7772 
-0.225392 -0.826068 -0.624161 -0.455314 -0.612138 
424
0 0 0 
4.49971 14.0677 21.9847 
0.355937 0.0715978 0.035656 
424
1 0 1 1 0 1 1 
5.08982 11.0603 10.9693 20.5651 15.3047 14.1539 18.3637 
-0.224244 -0.826183 -0.625301 -0.455112 -0.617078 -0.101343 -0.347007 
428
1 0 1 1 1 1 0 
4.84167 10.7684 9.69761 18.2974 13.5205 19.214 16.0702 
-0.225249 -0.825855 -0.630198 -0.454598 -0.0969825 -0.34786 -0.61539 
432
1 0 1 1 0 1 0 
4.97998 10.9273 10.3733 14.9038 13.7919 14.1332 11.1932 
-0.225169 -0.826162 -0.625685 -0.45645 -0.612052 -0.0965295 -0.622402 
428
0 0 0 
4.46989 16.8381 18.7943 
0.354709 0.0636627 0.0371676 
432
0 0 0 
4.39054 16.5565 18.1561 
0.358251 0.0647171 0.03669 
436
1 1 0 0 1 1 
5.02165 9.92503 11.14 15.9193 22.8044 13.2412 
-0.226895 -0.624961 -0.825872 -0.615989 -0.348349 -0.101368 
440
1 0 1 1 0 1 
4.92121 11.8731 9.54298 14.652 13.6384 13.7321 
-0.227436 -0.826067 -0.623875 -0.444732 -0.606776 -0.0968277 
440
0 0 0 
4.44075 14.954 21.8698 
0.355534 0.0644213 0.0353242 
444
0 0 0 
4.72579 17.413 20.5642 
0.349928 0.0638743 0.0366811 
448
0 0 0 
4.47885 13.3503 19.6197 
0.356355 0.0716055 0.038214 
448
1 1 0 1 1 0 1 
5.10821 9.38491 12.0163 17.3065 13.4458 16.1183 18.1909 
-0.226303 -0.630558 -0.822267 -0.455284 -0.0963177 -0.616046 -0.346976 
452
0 0 
4.70012 16.3396 
0.351808 0.0644961 
452
1 1 0 1 0 1 1 0 
4.32452 11.2827 11.4136 14.4603 15.3336 13.1301 18.7741 18.9997 
-0.221546 -0.624886 -0.825347 -0.450242 -0.615735 -0.0952997 -0.34784 -0.481522 
456
1 1 0 1 0 
5.06994 8.74197 10.7828 15.67 13.4164 
-0.225685 -0.631489 -0.826414 -0.454206 -0.612279 
456
0 0 
4.62781 13.8191 
0.353967 0.0714074 
460
1 0 1 1 1 0 1 0 
5.32242 11.5387 9.09488 18.5416 17.2991 15.3264 13.1716 13.3781 
-0.226253 -0.825725 -0.630309 -0.456509 -0.346964 -0.616249 -0.102595 -0.48954 
464
0 0 0 
4.51884 15.1078 20.2665 
0.356935 0.064478 0.0361866 
464
1 0 1 1 1 1 0 
5.08853 12.5986 10.0749 17.1617 13.2365 20.939 17.4176 
-0.227535 -0.826434 -0.624279 -0.454972 -0.096541 -0.348263 -0.615372 
468
0 0 0 
4.05192 14.3941 20.8501 
0.366594 0.0715013 0.0361789 
468
1 1 0 1 1 0 
4.83869 9.99104 11.981 13.2282 18.06 16.7064 
-0.227519 -0.624714 -0.827209 -0.096533 -0.347149 -0.61621 
472
1 1 0 0 1 0 1 
4.99253 10.0045 9.82551 14.6267 19.5627 17.1507 13.4137 
-0.224287 -0.62482 -0.823224 -0.828927 -0.347627 -0.615998 -0.0966472 
472
0 0 0 
4.28914 17.1501 21.5037 
0.358025 0.0637911 0.0346242 
476
1 0 1 1 0 1 1 
5.25501 13.0185 16.5989 9.95442 16.848 12.845 19.1639 
-0.223652 -0.826332 -0.455183 -0.624754 -0.615186 -0.102408 -0.347424 
476
0 0 
4.5028 13.2555 
0.352048 0.0720664 
480
1 0 1 1 1 0 1 
4.71809 12.3341 9.74716 13.1542 20.0041 16.3256 13.0025 
-0.223088 -0.82649 -0.625178 -0.45612 -0.347727 -0.616783 -0.101145 
484
1 0 1 0 1 1 
5.22559 12.1192 9.93995 17.5619 13.2537 18.212 
-0.227258 -0.824746 -0.624814 -0.615204 -0.0961234 -0.347263 
484
0 0 0 
4.25831 16.8454 20.5945 
0.352001 0.0637914 0.0364169 
488
0 0 0 
4.97934 15.9088 23.0165 
0.346496 0.0649745 0.0336968 
488
1 0 1 1 0 1 
4.54414 10.8681 10.0132 15.0208 15.0717 18.2312 
-0.22214 -0.826705 -0.624495 -0.455719 -0.610882 -0.347434 
492
1 0 1 1 1 0 1 
4.86603 11.3152 9.54624 17.4824 12.4338 14.3298 17.4915 
-0.226173 -0.825525 -0.625661 -0.456774 -0.101081 -0.6126 -0.346697 
496
0 0 
4.34726 14.8595 
0.358331 0.065082 
500
0 0 0 
4.81241 16.6121 19.7059 
0.349447 0.0637824 0.0367358 
496
1 0 1 1 0 1 
4.6593 10.6314 10.0291 17.3732 16.9814 12.9979 
-0.224049 -0.825663 -0.624804 -0.454967 -0.615772 -0.101744 
500
1 1 0 1 0 1 0 
4.70196 9.92167 10.4699 22.3943 15.825 13.7578 19.052 
-0.225532 -0.625484 -0.824658 -0.348026 -0.61526 -0.096917 -0.481909 
504
0 0 0 
4.64347 17.9371 20.8067 
0.345259 0.0632127 0.0362136 
508
0 0 0 
4.47843 13.249 20.4626 
0.353991 0.065572 0.0362735 
508
1 1 0 1 1 0 
4.62187 9.67014 11.5954 13.5247 13.0509 15.5608 
-0.224516 -0.631064 -0.825266 -0.449855 -0.0960027 -0.615646 
512
0 0 0 
4.99233 14.9829 21.7296 
0.339003 0.0697529 0.0360239 
512
1 0 1 1 1 0 1 0 
4.39818 11.8963 17.3541 10.3208 12.8803 17.2527 17.6533 20.1217 
-0.220903 -0.825755 -0.456182 -0.625315 -0.0967061 -0.615509 -0.346774 -0.48151 
516
0 0 0 
4.52625 18.3406 24.323 
0.346277 0.0624802 0.034255 
516
1 0 1 1 0 1 0 
4.55154 12.3499 11.4953 17.1947 17.9143 18.83 19.3156 
-0.225574 -0.82611 -0.624662 -0.45596 -0.615172 -0.347306 -0.481789 
520
0 0 0 
4.82544 13.9146 19.98 
0.349487 0.0641382 0.0370308 
524
0 0 
4.63877 15.726 
0.347021 0.0653953 
520
1 0 1 1 0 1 
4.42496 11.5478 10.6025 16.9798 16.4868 13.008 
-0.225819 -0.824842 -0.624483 -0.456487 -0.615764 -0.101206 
528
0 0 0 
4.78138 13.0793 20.4819 
0.351263 0.0659668 0.0371548 
532
0 0 
4.4436 14.2631 
0.356721 0.0708485 
528
1 0 1 1 1 0 1 
5.09035 12.7578 10.4946 13.9478 13.6949 13.2298 18.6585 
-0.226246 -0.827056 -0.625626 -0.457288 -0.0962569 -0.611473 -0.347366 
532
1 1 0 1 1 1 0 
5.03789 10.0857 10.6041 13.5468 13.75 18.7354 14.9782 
-0.225159 -0.624188 -0.82646 -0.454984 -0.0967901 -0.347442 -0.615857 
536
1 0 1 0 1 1 
4.58113 10.9116 9.55376 15.387 25.326 13.4254 
-0.221731 -0.826192 -0.629547 -0.616368 -0.347807 -0.0962166 
540
0 0 0 
4.38096 13.1788 19.4562 
0.357644 0.0723024 0.0368317 
544
0 0 
4.41244 14.0953 
0.357107 0.0704893 
540
1 1 0 1 0 0 1 
4.89386 9.98626 11.5504 12.7337 16.5131 15.3204 18.8321 
-0.225707 -0.624092 -0.826419 -0.101728 -0.615752 -0.490501 -0.347008 
544
1 0 1 1 0 1 1 
4.72991 11.1066 9.88901 17.13 13.8384 13.9759 22.5779 
-0.224596 -0.824951 -0.624595 -0.455046 -0.611036 -0.100845 -0.348182 
548
1 0 1 1 0 1 1 0 
5.01311 11.1278 14.435 9.10975 17.6574 12.7364 18.2923 14.3584 
-0.225332 -0.826707 -0.454427 -0.629925 -0.615518 -0.0962049 -0.34706 -0.488404 
552
1 1 0 1 0 1 1 
5.37872 9.37575 10.634 16.323 15.1776 14.7251 17.6359 
-0.225994 -0.625687 -0.82637 -0.455435 -0.611492 -0.101377 -0.34699 
552
0 0 0 
4.14448 14.0943 20.0365 
0.362417 0.0650787 0.0330378 
556
0 0 0 
4.2744 13.5432 23.7899 
0.349912 0.0719701 0.0344892 
556
1 1 0 1 0 1 
4.8597 9.78556 12.5422 14.4645 17.2653 13.3179 
-0.223437 -0.6258 -0.827422 -0.457058 -0.616 -0.0961398 
560
1 1 0 1 0 1 
5.06913 10.3042 11.948 13.9588 17.4667 13.0855 
-0.225245 -0.625154 -0.826916 -0.456259 -0.61544 -0.100946 
560
0 0 
4.81557 14.4022 
0.343414 0.0659294 
564
1 0 1 1 1 0 
4.68312 11.6468 9.74687 14.375 13.0956 17.6396 
-0.223481 -0.825355 -0.625044 -0.456009 -0.102014 -0.616002 
564
0 0 0 
4.68853 14.33 18.9904 
0.35046 0.0702419 0.0377314 
568
0 0 
4.76768 18.0716 
0.342557 0.0629677 
572
1 0 1 1 0 1 1 
4.42522 12.0477 10.0431 14.8543 18.395 13.0128 18.8504 
-0.22206 -0.825183 -0.625054 -0.45671 -0.615431 -0.101406 -0.347728 
576
1 0 1 1 1 0 
5.05148 10.4256 9.68103 15.2578 13.1479 13.1729 
-0.224431 -0.827015 -0.624783 -0.454273 -0.0964901 -0.612114 
572
0 0 0 
4.86682 16.0708 20.4011 
0.339148 0.0643501 0.036845 
580
1 1 0 1 0 1 1 
5.17016 9.44947 13.4185 14.5511 17.7146 12.9982 17.4088 
-0.226891 -0.624187 -0.827605 -0.443832 -0.615497 -0.102007 -0.34676 
584
1 1 0 1 0 1 1 
5.13063 9.6722 10.4268 15.4807 17.0322 14.1779 21.4457 
-0.225589 -0.625051 -0.82648 -0.454133 -0.615621 -0.0971336 -0.347668 
580
0 0 2 
17.1654 17.465 6.58971 
0.0632673 0.0378297 0.155842 
584
0 0 0 
5.17435 17.9509 11.5529 
0.343158 0.0339409 0.0692521 
588
1 0 1 1 1 0 
4.64527 11.8663 8.86203 15.9687 12.6982 13.9521 
-0.224949 -0.826143 -0.631489 -0.456315 -0.0958922 -0.611249 
588
0 
4.92448 
0.342738 
592
0 
4.45295 
0.355386 
596
0 2 
4.63689 11.5322 
0.353056 0.143959 
596
1 0 1 1 1 0 1 
4.83266 10.8191 15.2302 11.1224 14.0593 13.7713 18.7164 
-0.226565 -0.825595 -0.457032 -0.623449 -0.100751 -0.611877 -0.347492 
600
1 0 1 1 1 1 0 
4.88991 11.4638 10.208 16.1771 13.963 18.7147 14.9771 
-0.225882 -0.825888 -0.624586 -0.454507 -0.0970094 -0.347343 -0.610938 
600
0 
4.38232 
0.356999 
604
0 0 
4.88581 13.5153 
0.349542 0.0717542 
604
1 0 1 1 0 1 1 
4.87458 11.9019 10.097 13.6266 14.1329 13.861 19.4344 
-0.224253 -0.826711 -0.625393 -0.455273 -0.617497 -0.101651 -0.347944 
608
0 0 
4.23852 17.3239 
0.360209 0.062692 
612
1 0 1 1 0 
5.13617 10.7883 9.20964 17.8532 15.651 
-0.226603 -0.824893 -0.625855 -0.454179 -0.610208 
612
0 0 0 
4.8925 15.818 21.4875 
0.348155 0.0648366 0.0360468 
616
1 0 1 1 0 0 1 0 
4.85709 12.0091 9.2383 15.3833 9.68145 15.0768 17.9091 11.8101 
-0.226076 -0.826438 -0.630362 -0.455494 -0.828288 -0.611649 -0.347045 -0.489979 
616
0 0 
4.4312 15.5818 
0.355759 0.0637601 
620
0 0 0 
4.24072 17.0672 22.9701 
0.360187 0.0635806 0.0350492 
620
0 1 1 0 
10.8527 9.44898 14.7998 13.5908 
-0.826113 -0.624564 -0.444941 -0.612122 
624
0 0 0 
4.85926 14.5653 18.7565 
0.342507 0.0646378 0.0381092 
624
0 1 1 0 
11.8593 8.98893 18.072 17.9294 
-0.826705 -0.630974 -0.455022 -0.615754 
628
0 1 1 1 0 
11.8406 9.1924 15.9263 13.5756 15.6076 
-0.82638 -0.63107 -0.445497 -0.0965115 -0.611335 
632
0 0 0 
3.97961 17.2871 18.1905 
0.367611 0.0636471 0.0380351 
632
1 0 1 1 0 0 
4.45859 10.9799 10.8056 15.4728 13.4775 14.0161 
-0.224271 -0.825484 -0.62527 -0.444911 -0.612083 -0.490799 
636
1 0 1 1 1 0 
5.60786 11.8429 9.63484 18.4274 13.1803 15.6921 
-0.226641 -0.821559 -0.624157 -0.454639 -0.100844 -0.615249 
636
0 0 0 
4.54392 14.716 23.2674 
0.35322 0.064388 0.0350962 
640
0 0 0 
3.86346 16.2621 22.5005 
0.366289 0.0648053 0.0353046 
640
1 1 0 1 1 0 
5.11438 11.0432 11.7824 14.5001 13.2061 13.5199 
-0.225235 -0.624351 -0.825524 -0.455931 -0.102399 -0.612022 
644
0 0 0 
4.70227 13.1941 16.3234 
0.351859 0.0652062 0.0371691 
644
1 0 1 0 1 
4.61602 10.6027 9.58851 16.0311 15.6926 
-0.218398 -0.826124 -0.624814 -0.610975 -0.445473 
648
0 0 0 
4.36993 13.3709 19.1123 
0.359735 0.072277 0.0374616 
648
1 0 1 1 0 
4.64689 11.0347 9.11613 14.6642 14.8073 
-0.223174 -0.826903 -0.63109 -0.100955 -0.61034 
652
1 0 1 1 0 
4.83998 12.2081 9.99263 13.6417 16.8878 
-0.223896 -0.826854 -0.630379 -0.101051 -0.615368 
652
0 0 0 
4.75254 13.3063 23.441 
0.342111 0.065816 0.0346827 
656
1 0 1 0 1 1 0 
4.49575 10.8727 9.99913 10.074 14.7891 13.0646 12.6788 
-0.222817 -0.825012 -0.623706 -0.826429 -0.444439 -0.0957648 -0.611951 
660
1 1 0 1 0 1 0 
5.13867 9.87243 11.6155 15.7085 17.3965 13.7349 19.4567 
-0.225693 -0.625323 -0.825797 -0.44531 -0.615067 -0.0968972 -0.482203 
656
0 0 0 
4.52353 13.2234 19.7081 
0.355529 0.0728726 0.0372601 
660
0 0 0 
4.58434 15.9507 20.048 
0.3477 0.0691357 0.0372934 
668
0 0 0 
4.27137 14.5582 17.6347 
0.359704 0.0701763 0.0344505 
672
0 0 0 
4.43579 17.1314 21.7622 
0.356635 0.0636848 0.035559 
676
0 0 0 
4.6827 15.5894 21.9065 
0.352569 0.0691681 0.0358768 
668
1 0 1 1 0 
4.53899 11.5874 9.80776 13.1731 14.9796 
-0.222476 -0.825321 -0.630729 -0.0960538 -0.610803 
672
1 1 0 1 0 1 
5.11403 9.57676 10.6135 13.7105 16.5701 13.6587 
-0.22715 -0.62363 -0.825287 -0.454196 -0.61565 -0.0966976 
676
1 0 1 1 0 1 
4.78411 11.9554 10.3084 15.7076 17.4342 12.1604 
-0.224803 -0.82567 -0.625012 -0.454401 -0.616027 -0.101527 
680
1 0 1 0 1 
5.1335 12.0452 10.1547 16.3186 12.6329 
-0.219989 -0.826188 -0.625877 -0.615158 -0.0951649 
680
0 0 0 
4.55462 14.6436 22.0237 
0.354017 0.0702569 0.0347454 
684
0 0 0 
4.9184 15.6472 20.4288 
0.346778 0.0642856 0.0371981 
688
1 0 1 1 0 
5.02157 11.2106 11.5821 16.8739 17.0033 
-0.225803 -0.825148 -0.624345 -0.455073 -0.615383 
688
0 0 0 
4.66834 13.9151 21.6402 
0.343304 0.0647504 0.0359949 
692
1 1 0 1 0 
4.42162 10.3305 11.3137 13.1404 16.4557 
-0.222128 -0.625045 -0.825418 -0.0961595 -0.616377 
692
0 0 0 
4.35747 14.3179 18.9526 
0.350338 0.0651099 0.0380459 
696
0 0 0 
4.31169 15.008 21.6984 
0.359597 0.0706432 0.0364697 
696
1 1 0 1 0 1 
4.63442 10.5682 11.8033 18.619 14.0207 13.8301 
-0.227053 -0.624716 -0.82598 -0.455813 -0.607546 -0.101901 
700
1 1 1 0 
4.97579 9.75767 13.7808 16.6014 
-0.224374 -0.624554 -0.0971817 -0.615428 
700
0 0 0 
4.0774 17.6793 21.6059 
0.365549 0.0630743 0.0343928 
704
0 0 0 
4.47148 16.6254 20.7682 
0.355574 0.0637141 0.0360189 
704
1 1 0 1 
4.85038 10.0048 16.5612 13.2745 
-0.224231 -0.625206 -0.615991 -0.096216 
708
1 1 1 1 
4.83627 9.86746 12.9862 14.1299 
-0.223613 -0.623333 -0.101831 -0.450608 
712
0 0 0 
4.18187 15.6972 19.7815 
0.36072 0.0692581 0.0363838 
712
1 1 0 1 0 
4.78835 7.88332 10.702 15.028 15.8596 
-0.22444 -0.629728 -0.827324 -0.0973485 -0.615782 
716
0 0 
4.62409 16.6082 
0.351117 0.0639656 
720
0 0 0 
4.63156 16.7641 19.3001 
0.354154 0.0643271 0.0374545 
716
1 0 1 1 0 1 
5.00344 10.7146 9.14604 15.4757 14.0714 13.8422 
-0.223735 -0.825809 -0.630812 -0.454671 -0.611825 -0.0970192 
724
0 0 0 
4.35175 17.572 20.3469 
0.348133 0.0621725 0.0367354 
724
1 1 0 1 1 0 
5.26785 9.96712 12.1652 17.3763 13.3366 16.2331 
-0.226065 -0.62508 -0.82676 -0.455687 -0.1017 -0.616282 
728
1 0 1 1 1 0 
5.62456 12.5531 10.2282 15.9115 13.1112 15.0716 
-0.226975 -0.826833 -0.624035 -0.458096 -0.0967303 -0.615582 
728
0 0 0 
4.51691 13.5953 22.7852 
0.355775 0.0724083 0.0359486 
732
0 0 
4.20537 16.0489 
0.361176 0.064679 
736
0 0 
4.70608 15.7257 
0.344152 0.0645067 
732
1 1 0 1 1 0 
4.98764 10.2507 9.4281 15.4301 13.3851 16.3141 
-0.221326 -0.631156 -0.824725 -0.454395 -0.0969262 -0.615363 
736
1 1 0 1 1 0 
5.02439 11.1871 12.0549 15.3837 13.2238 16.0406 
-0.225131 -0.624 -0.826133 -0.444692 -0.0962841 -0.615988 
740
1 0 1 1 1 0 
5.42919 11.8079 10.0558 16.5884 13.4414 15.2763 
-0.222357 -0.826309 -0.62505 -0.445581 -0.0963084 -0.612844 
740
0 0 
4.33092 14.7 
0.359522 0.0651753 
744
0 0 
4.83113 16.0742 
0.342501 0.0642789 
748
0 0 0 
4.40279 16.4202 22.495 
0.355704 0.0646385 0.0352509 
748
1 0 1 1 0 
5.82122 13.3315 14.7846 9.43071 16.1284 
-0.231551 -0.826818 -0.445643 -0.624452 -0.608903 
752
0 1 1 1 0 
12.1283 5.91759 9.3827 14.7891 17.01 
-0.828364 -0.229824 -0.625191 -0.445528 -0.615743 
752
0 0 0 
4.61561 17.0553 22.9332 
0.350605 0.0627141 0.0349359 
756
0 0 
4.57104 13.9365 
0.355105 0.0707355 
760
0 0 0 
4.4663 13.907 26.8005 
0.358107 0.0719909 0.0335553 
760
1 1 0 1 0 
4.62923 9.85246 12.1153 12.9624 16.4482 
-0.224245 -0.62463 -0.826628 -0.456525 -0.616042 
764
0 0 0 
5.15015 16.757 22.5815 
0.337258 0.0628399 0.0346457 
764
1 1 0 1 0 
4.62264 10.3798 12.7263 15.878 17.1372 
-0.223199 -0.624793 -0.827825 -0.454212 -0.616708 
768
1 0 1 1 0 0 0 
4.47647 11.0112 15.2541 10.6996 9.55299 16.9846 13.1249 
-0.221454 -0.825294 -0.455746 -0.623622 -0.828521 -0.615467 -0.490107 
768
0 0 
4.791 17.5418 
0.349527 0.0639182 
772
0 0 
4.30456 17.6757 
0.357766 0.0629004 
776
0 
4.72795 
0.349607 
776
1 1 0 1 0 1 1 
4.8875 9.91727 11.1447 16.1816 17.1475 13.1015 18.4186 
-0.229734 -0.624139 -0.826066 -0.45664 -0.615136 -0.101322 -0.34739 
780
0 
4.78671 
0.352289 
784
0 0 0 
4.50233 13.2174 20.2993 
0.355649 0.0713578 0.0366863 
780
1 0 1 1 1 0 1 
4.6988 13.0533 14.4183 9.81109 15.07 14.7044 19.0352 
-0.225646 -0.8279 -0.456353 -0.624732 -0.101047 -0.611752 -0.347743 
784
1 0 1 1 0 
4.71608 11.0424 9.50874 12.6984 16.9134 
-0.224407 -0.826477 -0.62414 -0.0955255 -0.615387 
788
0 0 0 
4.54289 16.588 20.3922 
0.345462 0.0639581 0.0363849 
792
0 0 
3.87898 13.2799 
0.354033 0.0669546 
792
1 0 1 1 1 0 
4.83198 13.3716 11.0652 18.1782 14.2265 14.5139 
-0.226443 -0.823302 -0.625031 -0.455565 -0.0973284 -0.612808 
796
0 0 
13.7482 24.508 
0.0720726 0.0339855 
796
1 0 1 1 1 0 
5.50813 12.4867 11.0324 12.639 18.977 15.1434 
-0.225845 -0.828252 -0.624594 -0.0955062 -0.347452 -0.616478 
800
0 0 
14.0247 20.6663 
0.0708756 0.0371905 
800
1 0 1 0 1 
4.49139 13.1223 10.0226 12.9568 13.3127 
-0.222286 -0.827859 -0.631196 -0.611983 -0.101499 
804
0 0 0 
4.81308 14.0568 20.4979 
0.349944 0.0704224 0.0363005 
808
0 0 0 
4.61514 16.4929 22.2689 
0.345722 0.0636962 0.0356973 
808
1 1 0 1 1 1 0 
4.65009 9.55422 11.6551 15.7131 12.9057 22.0697 17.8152 
-0.224467 -0.625831 -0.819833 -0.455703 -0.0959752 -0.347935 -0.616132 
812
1 0 1 1 1 0 
5.02042 11.1828 16.3757 9.43027 13.3638 16.3868 
-0.224149 -0.820816 -0.454502 -0.623535 -0.0964881 -0.615933 
812
0 0 0 
4.69097 14.897 24.7244 
0.352653 0.0651781 0.0332411 
816
1 0 1 1 1 0 
5.19023 11.9393 14.3486 9.35598 13.0297 16.1088 
-0.224597 -0.826477 -0.456792 -0.631064 -0.0964617 -0.615747 
816
0 0 0 
4.74928 16.998 23.4709 
0.351713 0.0638677 0.0335241 
820
0 0 0 
4.82367 14.745 23.398 
0.350162 0.070356 0.0351944 
824
0 0 0 
4.70648 15.8529 17.3323 
0.351532 0.06538 0.0390045 
820
1 1 0 1 1 0 
4.63861 10.3365 12.0075 13.1302 19.2281 14.7261 
-0.221251 -0.624609 -0.818703 -0.0963102 -0.347318 -0.610262 
828
0 0 0 
4.37438 15.7032 20.996 
0.358331 0.0639291 0.0358684 
828
1 1 0 1 0 1 1 
4.79403 9.92345 10.1184 14.0435 15.3763 19.4511 16.7574 
-0.225427 -0.625743 -0.823071 -0.450233 -0.616227 -0.347945 -0.0945491 
832
0 0 0 
4.53332 13.1624 20.7274 
0.346508 0.0732612 0.0361306 
832
1 1 0 1 1 0 
4.76169 8.99468 12.1226 17.6699 12.9755 15.6125 
-0.228579 -0.62486 -0.820185 -0.455056 -0.0961676 -0.615745 
836
1 1 0 1 1 0 
4.67272 10.0056 9.21516 15.5186 13.0112 15.1973 
-0.223681 -0.624858 -0.822913 -0.454521 -0.101972 -0.615792 
840
0 0 0 
4.62147 16.1358 22.6768 
0.345711 0.0648833 0.03437 
840
1 0 1 1 0 
4.90365 12.1768 10.1031 12.741 13.9718 
-0.223254 -0.826405 -0.62533 -0.101102 -0.614342 
844
1 1 0 1 1 0 
4.74204 11.0512 9.28451 15.1202 12.5922 13.7219 
-0.223986 -0.624143 -0.823612 -0.45455 -0.100987 -0.61313 
844
0 0 0 
4.70555 14.5327 21.2768 
0.344006 0.0702776 0.0363005 
848
1 0 1 1 1 1 0 
4.24359 11.9291 11.0408 16.4525 13.6052 16.1294 15.7758 
-0.22372 -0.825794 -0.625401 -0.445303 -0.0969924 -0.346688 -0.616535 
852
1 1 0 1 1 0 
4.90789 10.853 10.1926 16.6538 13.0631 16.8253 
-0.22488 -0.624235 -0.824366 -0.45445 -0.0959554 -0.615134 
856
1 0 1 1 1 0 
5.04314 11.5827 10.6396 16.8293 13.0712 17.4038 
-0.224393 -0.822323 -0.624916 -0.45572 -0.0956913 -0.616248 
848
0 0 0 
4.76284 13.544 21.4047 
0.342813 0.0720457 0.0361543 
852
0 0 0 
4.69982 15.9334 23.6523 
0.34392 0.0638317 0.0348335 
860
0 0 0 
4.49127 16.2175 22.8473 
0.356932 0.0635767 0.0343668 
860
1 1 0 1 1 0 
4.78062 10.7875 11.3383 14.1966 13.1066 15.8119 
-0.222982 -0.625486 -0.827616 -0.444559 -0.101965 -0.615339 
864
0 0 0 
4.70055 16.5515 21.744 
0.34439 0.0638764 0.0354423 
864
1 1 0 0 1 1 1 0 
4.64987 10.342 13.3916 9.32952 17.4106 13.5065 17.7162 16.7337 
-0.22599 -0.624763 -0.829757 -0.828066 -0.455281 -0.0962859 -0.347098 -0.616677 
868
1 1 0 0 1 1 0 
5.00399 9.90727 10.5883 9.31401 15.5363 18.5629 17.5267 
-0.225324 -0.625788 -0.825016 -0.827759 -0.450427 -0.347051 -0.616003 
868
0 0 0 
4.56405 13.8415 21.347 
0.353714 0.0714657 0.0356481 
872
0 0 0 
4.62362 12.9426 21.9036 
0.353298 0.0731986 0.0356256 
872
1 1 0 1 1 0 
4.97477 9.66533 11.6864 14.5082 13.1221 15.7721 
-0.225758 -0.623023 -0.82605 -0.455856 -0.0963113 -0.615801 
876
1 1 0 1 0 1 1 
4.60579 9.6422 12.1767 13.6305 15.3365 13.5134 17.9745 
-0.224312 -0.625022 -0.829467 -0.444405 -0.608509 -0.102029 -0.347102 
880
0 0 0 
4.79249 13.7723 18.5287 
0.350524 0.0729806 0.0384262 
884
1 0 1 1 0 1 
5.23771 10.5012 10.304 15.1792 16.4493 13.0019 
-0.225683 -0.829751 -0.623622 -0.453423 -0.616006 -0.101214 
884
0 0 0 
4.45953 12.893 23.1296 
0.355882 0.0727127 0.0346595 
888
1 0 1 1 0 1 
5.17695 11.7695 14.6868 11.2503 15.9067 12.8666 
-0.225951 -0.826267 -0.451948 -0.624764 -0.615067 -0.0963382 
888
0 0 0 
4.35595 13.4905 19.4041 
0.35635 0.0731964 0.0380887 
892
1 0 1 1 1 0 1 
5.14524 11.8848 14.5546 10.7443 13.1485 14.1221 17.5605 
-0.226603 -0.828049 -0.456257 -0.624152 -0.0963535 -0.612088 -0.347047 
892
0 0 0 
4.55244 14.1434 24.652 
0.353077 0.0722116 0.0346085 
896
0 0 0 
4.73706 14.901 22.4347 
0.342822 0.069016 0.0359801 
900
0 0 0 
4.42116 14.7522 20.1098 
0.357603 0.0700319 0.0368094 
896
1 0 1 1 1 0 1 
4.55611 12.31 10.3523 15.7822 12.8004 12.7106 18.639 
-0.223738 -0.826835 -0.624841 -0.445586 -0.0961108 -0.612696 -0.347468 
900
1 0 1 1 0 
4.57612 9.1525 9.79475 15.9397 18.8332 
-0.223628 -0.824963 -0.631361 -0.455924 -0.615828 
904
0 0 0 
4.81036 12.2104 22.008 
0.342744 0.072875 0.0352893 
904
1 0 1 1 1 0 
4.83181 12.443 13.6644 9.53921 16.4932 17.5073 
-0.227172 -0.827557 -0.456485 -0.630973 -0.0987215 -0.615995 
908
1 0 0 1 1 0 1 
5.32876 8.72737 12.2387 10.8824 18.637 12.6481 12.5976 
-0.225542 -0.828974 -0.826719 -0.62483 -0.454486 -0.612048 -0.0971756 
912
1 0 1 1 1 1 0 
4.90013 11.4798 17.2588 11.1562 13.076 19.7413 16.0608 
-0.227454 -0.826447 -0.455553 -0.624536 -0.0964919 -0.347402 -0.615651 
912
0 0 0 
4.70911 13.1591 20.7356 
0.342405 0.0722054 0.037477 
916
1 1 0 1 1 0 
4.62519 10.1149 9.71268 15.3208 13.259 13.7603 
-0.222965 -0.624108 -0.8216 -0.455289 -0.0963662 -0.610522 
920
0 0 0 
4.58493 13.2478 24.9104 
0.355632 0.0728146 0.0340059 
920
1 1 0 0 1 
5.07416 11.272 9.26758 16.8315 13.7001 
-0.225531 -0.624837 -0.824456 -0.615987 -0.0969764 
924
1 1 0 1 0 1 1 
4.88512 9.86997 11.0517 16.3209 16.0829 12.9128 17.8339 
-0.223338 -0.625375 -0.818597 -0.457321 -0.615725 -0.0960871 -0.347023 
924
0 0 0 
5.31008 13.5875 20.2718 
0.331174 0.0654593 0.0366561 
928
0 0 0 
5.76923 13.5683 22.463 
0.321649 0.0712277 0.0347138 
928
1 0 1 1 1 0 
5.08917 11.5813 9.74888 16.814 13.3778 12.6683 
-0.226315 -0.826477 -0.6246 -0.455066 -0.0962318 -0.612531 
932
1 0 1 1 1 0 1 
4.89738 9.78127 9.84829 15.7279 12.7363 15.6022 19.2175 
-0.225869 -0.821921 -0.624407 -0.455429 -0.0958524 -0.616472 -0.347318 
936
1 1 0 0 1 0 1 
4.81327 17.4427 10.1072 11.6484 9.93584 15.8057 13.9423 
-0.226689 -0.455722 -0.826995 -0.82605 -0.62421 -0.615716 -0.0965236 
936
0 0 0 
5.6717 14.2371 21.4894 
0.327565 0.071123 0.0356359 
940
1 1 0 1 1 0 
4.79585 10.1943 11.8831 15.0621 13.0342 18.2727 
-0.225114 -0.624733 -0.82707 -0.454888 -0.0964929 -0.615783 
940
0 0 0 
4.8008 13.6082 21.3093 
0.350805 0.0720455 0.0364622 
944
0 0 0 
4.87487 13.4114 22.2251 
0.347255 0.0721182 0.0354951 
948
0 0 0 
5.17948 13.7803 21.8226 
0.338234 0.0701613 0.0359852 
952
0 0 0 
4.53796 24.0074 16.5989 
0.345077 0.0340221 0.0644597 
944
1 1 0 1 1 0 
4.85332 9.88041 11.3634 14.3463 13.6164 16.4242 
-0.223886 -0.624788 -0.82586 -0.456027 -0.0964545 -0.615505 
948
1 0 1 1 1 0 
5.29873 11.6936 17.7568 10.8618 13.209 15.8671 
-0.225877 -0.826845 -0.456556 -0.625343 -0.0965175 -0.616316 
952
1 1 0 1 
4.59158 10.2448 11.3721 14.1259 
-0.221703 -0.623729 -0.8256 -0.0968137 
956
0 0 0 
3.84519 13.5632 24.503 
0.370702 0.0722483 0.0338928 
956
1 0 1 1 0 1 1 0 
4.51345 11.7453 16.8412 9.68186 9.24748 13.3443 18.5991 15.6139 
-0.224066 -0.825592 -0.455472 -0.625855 -0.828359 -0.0963097 -0.347778 -0.615534 
960
1 0 1 1 1 1 0 
4.50646 11.4257 16.6884 10.5596 12.8542 19.7346 16.4332 
-0.223854 -0.827201 -0.454736 -0.624203 -0.0963795 -0.34791 -0.615489 
964
1 0 1 1 0 1 1 
5.06408 12.4333 16.1134 10.9576 16.7291 12.1194 18.4367 
-0.225748 -0.827392 -0.454753 -0.623673 -0.615628 -0.101178 -0.347342 
968
0 0 0 
5.00876 10.2633 20.5757 
0.334632 0.0793323 0.0365074 
968
1 0 1 0 
4.95395 11.4419 9.82908 15.1377 
-0.225143 -0.826249 -0.625943 -0.608507 
972
1 0 1 1 0 1 0 1 
4.99409 8.36263 10.789 14.7848 10.7373 13.4583 15.5845 15.0656 
-0.22689 -0.830677 -0.624074 -0.456259 -0.830715 -0.0970288 -0.616307 -0.346857 
976
0 0 
15.2512 22.1351 
0.0644283 0.0351829 
980
0 0 
16.2757 24.0383 
0.0637892 0.0350411 
984
0 0 
14.6712 24.5977 
0.0706647 0.0331968 
980
1 1 0 1 0 1 1 
5.04673 14.8187 12.7997 10.328 15.4515 13.4987 16.9985 
-0.222958 -0.45533 -0.828029 -0.624612 -0.616515 -0.0964391 -0.346904 
984
1 0 1 1 1 0 1 
5.30341 11.0966 15.1748 10.379 13.8477 14.4971 17.9578 
-0.225386 -0.825398 -0.455853 -0.624888 -0.0966274 -0.611724 -0.346982 
988
1 1 0 1 1 0 
4.89183 11.1377 9.94878 14.6963 14.0123 17.2284 
-0.224495 -0.624711 -0.82274 -0.455665 -0.101397 -0.615808 
988
0 0 
18.0416 23.1363 
0.0625256 0.0342705 
992
0 0 0 
4.01853 13.5994 22.4213 
0.353098 0.0716042 0.0354599 
996
0 0 
4.20297 16.3672 
0.350747 0.0644003 
996
1 1 0 1 1 0 
5.11434 9.93653 13.2528 12.491 19.1064 13.9406 
-0.226319 -0.624541 -0.826748 -0.0962025 -0.347616 -0.611863 
1000
1 1 0 1 0 1 
4.918 10.4219 11.6627 13.2562 13.6623 20.5469 
-0.226949 -0.625109 -0.826486 -0.0966772 -0.611691 -0.347672 
1000
0 0 
4.88359 20.7168 
0.341377 0.0367878 
1004
0 
4.35732 
0.348981 
1008
1 0 1 1 0 1 1 0 
5.10161 12.7942 9.45 15.3593 9.27053 14.3062 21.1785 17.1541 
-0.226064 -0.831485 -0.624664 -0.445052 -0.82695 -0.0966407 -0.347165 -0.615818 
1008
0 
4.47398 
0.346405 
1012
0 
4.61156 
0.348982 
1012
1 0 1 1 0 
4.74908 12.9112 10.014 13.2539 14.0418 
-0.223545 -0.826083 -0.623906 -0.0962293 -0.611188 
1016
0 0 
4.57029 15.5871 
0.344589 0.0639793 
1016
1 0 1 1 1 0 
5.1681 9.75055 9.20209 13.6403 13.3165 14.9407 
-0.224105 -0.82283 -0.630693 -0.450328 -0.101265 -0.611829 
1020
0 0 0 
3.924 16.3242 21.6274 
0.365485 0.0636469 0.0350055 
1024
1 0 1 1 0 
4.90069 10.9221 15.7287 9.41023 16.4879 
-0.226639 -0.825292 -0.454254 -0.630827 -0.613537 
1024
0 0 0 
4.46884 16.0466 22.5139 
0.353699 0.0629044 0.0349847 
1028
1 0 1 0 
4.86032 11.0071 9.8924 14.8957 
-0.224747 -0.82745 -0.624876 -0.611781 
1028
0 0 0 
3.69809 16.6051 23.4363 
0.37493 0.0642532 0.0356082 
1032
1 0 1 1 1 0 
5.3937 11.4127 15.8543 9.59939 19.2659 15.8794 
-0.221949 -0.827259 -0.45589 -0.625435 -0.34761 -0.615834 
1036
0 0 
4.64548 13.1032 
0.341714 0.0730513 
1040
0 0 0 
4.6366 16.4652 25.0351 
0.351911 0.0642209 0.0335901 
1036
1 0 1 1 0 0 
4.94533 11.6386 10.2705 14.8184 17.3398 17.3349 
-0.225168 -0.826114 -0.631391 -0.457155 -0.616195 -0.480912 
1040
0 1 0 0 
11.2964 10.8578 14.577 13.6293 
-0.826533 -0.625689 -0.612017 -0.489513 
1044
0 0 0 
4.29761 17.5693 21.5877 
0.358657 0.0637005 0.0354646 
1044
1 0 1 0 
10.8178 11.5069 16.159 17.1013 
-0.624618 -0.825822 -0.455631 -0.615283 
1048
0 0 0 
4.09519 19.064 21.2772 
0.3623 0.0621641 0.0361232 
1048
1 0 1 0 1 
10.6121 10.7877 15.5407 17.1249 14.1575 
-0.624162 -0.82853 -0.445014 -0.615921 -0.101331 
1052
0 1 1 1 0 
11.377 10.143 16.2575 13.6093 14.7176 
-0.826763 -0.625218 -0.445715 -0.101248 -0.612605 
1052
0 0 
4.41453 13.1059 
0.359044 0.0721296 
1056
0 1 1 0 
8.96814 10.7923 13.9198 13.6306 
-0.823532 -0.624705 -0.0969894 -0.606892 
1060
1 0 1 0 1 0 
5.19646 11.2444 10.7982 9.49106 13.6899 16.1094 
-0.222508 -0.826904 -0.624164 -0.828088 -0.0965732 -0.615389 
1060
0 0 0 
4.25611 16.9385 20.9545 
0.360457 0.0640021 0.0363157 
1064
0 0 0 
4.84753 13.7621 24.8946 
0.349163 0.0717926 0.0341076 
1064
1 0 1 0 1 
5.05266 10.5194 9.78469 14.1084 13.8016 
-0.226632 -0.825245 -0.631582 -0.611101 -0.0966864 
1068
0 0 0 
4.64981 16.3102 22.6556 
0.345045 0.0644548 0.0359148 
1072
1 0 1 
4.75498 11.1731 13.2394 
-0.225265 -0.829202 -0.0964596 
1076
1 0 0 1 1 
5.17796 11.7809 8.84624 13.0862 21.3345 
-0.221754 -0.826208 -0.828234 -0.0964772 -0.347527 
1072
0 0 0 
4.93802 14.5993 22.2927 
0.339701 0.0704844 0.0357336 
1076
0 0 0 
4.46563 17.386 21.7958 
0.357884 0.0634583 0.0354651 
1080
1 0 0 1 1 
4.85013 8.41699 13.8736 14.0472 22.8883 
-0.225172 -0.829587 -0.828719 -0.0972425 -0.347297 
1080
0 0 0 
4.16295 16.6707 18.4769 
0.350671 0.063951 0.0374453 
1084
1 0 0 1 
5.30827 12.5957 9.07686 14.6197 
-0.225077 -0.82858 -0.827668 -0.0980664 
1088
1 0 1 1 
4.78168 10.2924 13.1469 18.0259 
-0.219498 -0.828349 -0.102199 -0.346999 
1088
0 0 0 
4.66399 14.1188 23.6531 
0.351945 0.071732 0.0341471 
1092
1 0 1 1 1 
4.68967 12.2814 15.9319 13.1096 18.4234 
-0.225539 -0.826693 -0.456379 -0.0960709 -0.346915 
1092
0 0 0 
4.18007 14.1255 28.5751 
0.361451 0.0716735 0.0325602 
1096
0 0 0 
4.4152 16.637 20.1718 
0.355677 0.0638924 0.0376079 
1096
1 1 1 
5.26657 13.6106 18.8523 
-0.226849 -0.0968255 -0.347862 
1100
1 1 1 1 
5.25514 15.6774 19.3735 13.3098 
-0.222766 -0.457463 -0.347575 -0.09632 
1104
0 0 0 
3.39388 16.7143 21.4943 
0.380508 0.0640965 0.0354803 
1104
1 1 1 1 
5.35001 14.912 19.3542 13.013 
-0.228399 -0.455533 -0.347464 -0.0960854 
1108
1 1 1 1 
4.5159 15.4751 13.3825 18.2866 
-0.223333 -0.455884 -0.0964987 -0.347097 
1108
0 0 0 
4.60352 16.5785 19.6582 
0.353957 0.063959 0.0366734 
1112
0 0 
4.62565 15.9331 
0.343355 0.0644069 
1112
1 1 1 1 
4.93271 16.0059 12.9224 18.7115 
-0.226054 -0.453654 -0.0965168 -0.347378 
1116
1 1 1 
5.02692 16.6093 13.5339 
-0.225647 -0.454284 -0.0965311 
1120
1 1 1 0 
5.33737 15.9669 13.9086 13.6261 
-0.226507 -0.453726 -0.0963611 -0.489893 
1116
0 0 0 
4.47502 16.7199 21.339 
0.35333 0.0641502 0.0368074 
1124
0 0 
4.74467 17.2715 
0.345273 0.0631742 
1124
1 1 1 
4.1859 13.832 14.2015 
-0.227715 -0.455984 -0.100561 
1128
0 0 0 
4.54403 17.5824 22.2962 
0.34597 0.0627414 0.0350208 
1128
1 1 1 1 0 
4.96394 10.7014 16.2554 12.9885 15.7294 
-0.225818 -0.623875 -0.457253 -0.0960586 -0.610894 
1132
0 0 0 
4.83026 15.8792 22.4365 
0.336334 0.0639008 0.0327743 
1132
1 1 1 0 1 1 0 0 
5.08002 17.2726 11.6456 15.742 13.1059 16.7897 10.1695 19.0213 
-0.220427 -0.455413 -0.625155 -0.61085 -0.0961575 -0.346751 -0.622981 -0.481593 
1136
0 0 0 
4.73231 15.5582 21.7552 
0.343395 0.066048 0.0338981 
1136
1 1 1 1 0 
5.0059 10.2109 16.4069 13.947 16.062 
-0.226742 -0.624574 -0.45497 -0.0968323 -0.61685 
1140
0 0 0 
4.82466 14.5771 20.0347 
0.337385 0.0707325 0.0379573 
1144
0 0 
4.82348 14.8961 
0.342733 0.0641416 
1144
1 1 1 
4.22954 9.7632 13.1434 
-0.225192 -0.624796 -0.0959513 
1148
1 1 1 0 1 0 
5.00868 11.3648 15.2562 10.5108 14.3666 12.4485 
-0.224996 -0.625417 -0.445272 -0.824298 -0.101447 -0.612821 
1148
0 0 0 
4.70222 13.8989 20.3999 
0.34343 0.0709878 0.0374044 
1152
0 0 0 
4.57195 16.2389 19.3953 
0.352553 0.0646505 0.0385822 
1156
0 0 0 
4.63048 16.6524 22.3175 
0.343437 0.0644541 0.0354127 
1152
1 1 0 1 1 0 
4.49025 9.86198 9.94044 17.2848 14.1081 9.71434 
-0.223236 -0.62488 -0.825601 -0.455659 -0.0965046 -0.610373 
1156
1 0 1 0 1 
5.17526 10.9599 9.4928 18.1296 14.0976 
-0.227032 -0.825566 -0.62529 -0.615936 -0.101386 
1160
1 0 1 1 0 1 1 
4.87468 11.966 15.9746 11.1654 17.5415 13.1128 21.6356 
-0.224777 -0.828444 -0.456601 -0.624609 -0.615671 -0.096608 -0.347471 
1164
1 0 1 1 0 0 1 1 
5.06237 10.0643 17.4897 10.2102 10.7444 16.4116 13.7838 18.3897 
-0.22639 -0.832039 -0.456455 -0.623843 -0.826899 -0.608971 -0.0968674 -0.347417 
1168
1 1 0 1 1 0 1 0 
5.3841 15.3857 9.93776 10.8986 14.0028 16.0022 21.7139 13.1051 
-0.22699 -0.455688 -0.823892 -0.62445 -0.0968834 -0.614694 -0.347915 -0.828395 
1164
0 0 0 
4.44225 16.1731 20.7276 
0.357078 0.064689 0.0364949 
1168
0 0 0 
4.68487 16.7912 21.5362 
0.354117 0.0640353 0.0337356 
1172
0 0 0 
4.77487 16.7478 23.4593 
0.350659 0.0643891 0.034982 
1176
0 0 0 
4.57383 12.0438 23.0623 
0.3542 0.07474 0.0343648 
1172
1 0 1 1 1 1 0 
4.97145 11.9955 10.3476 17.0365 13.102 18.1504 13.7334 
-0.226697 -0.825886 -0.624567 -0.453985 -0.0966381 -0.347743 -0.607359 
1180
0 0 0 
4.23151 14.2646 20.2465 
0.35978 0.0662776 0.0364839 
1180
1 1 0 1 1 0 
5.26857 10.1708 11.5378 13.7389 18.958 14.4706 
-0.224581 -0.623061 -0.819273 -0.0970967 -0.347451 -0.611932 
1184
1 0 1 1 1 0 1 
4.55362 11.2565 16.0117 10.5993 13.8888 17.0272 18.0706 
-0.224022 -0.826481 -0.454536 -0.625102 -0.096321 -0.616485 -0.347158 
1184
0 0 0 
4.4387 14.5045 20.8931 
0.355906 0.0637852 0.035175 
1188
0 0 0 
4.41348 16.0364 20.2137 
0.35879 0.0651793 0.0369228 
1192
0 0 0 
4.39736 18.1453 21.4253 
0.354792 0.0626498 0.0367336 
1192
1 1 0 1 1 0 0 
4.88566 10.084 10.4914 15.3577 13.8693 16.7983 17.6251 
-0.222879 -0.624533 -0.82647 -0.455172 -0.101016 -0.616245 -0.481597 
1196
0 0 
4.74732 13.6965 
0.34191 0.0721157 
1196
1 1 0 1 0 1 1 0 
5.47373 10.1594 11.8545 16.4463 8.81003 21.0362 12.9553 15.0209 
-0.226799 -0.624551 -0.825861 -0.454642 -0.82862 -0.347305 -0.0962892 -0.616811 
1200
1 0 1 0 1 0 1 
4.80831 12.0242 10.6033 9.10132 15.3755 15.1685 16.089 
-0.223435 -0.826872 -0.625188 -0.828271 -0.455753 -0.611047 -0.0945679 
1200
0 0 0 
4.6003 13.5233 20.844 
0.346882 0.0733628 0.0365548 
1204
0 0 0 
4.70652 16.6232 21.9488 
0.353947 0.063763 0.036501 
1204
1 0 0 1 1 0 1 
4.76896 12.1186 9.27754 9.53787 13.5625 16.0083 18.6636 
-0.226502 -0.82682 -0.82742 -0.624713 -0.0967605 -0.616148 -0.347397 
1208
0 0 0 
4.39586 17.4467 23.1705 
0.359127 0.0633946 0.0324244 
1212
1 1 0 1 0 1 
4.99551 10.7983 10.7296 15.0428 14.7622 19.5442 
-0.224143 -0.624521 -0.826686 -0.455415 -0.611617 -0.34679 
1212
0 0 
4.73561 18.1204 
0.342915 0.0627223 
1216
1 1 1 0 1 0 1 
4.84522 10.198 14.4397 11.1446 13.3499 18.1357 17.9629 
-0.224391 -0.624822 -0.455244 -0.827481 -0.0962211 -0.616209 -0.347272 
1216
0 0 0 
3.84204 14.2076 21.6735 
0.367448 0.0702353 0.0363643 
1220
0 0 0 
3.67371 18.0025 24.6675 
0.372385 0.0630713 0.0344171 
1220
1 0 1 1 0 
4.97206 11.6555 9.75778 13.2989 14.2586 
-0.226488 -0.825542 -0.629693 -0.0965313 -0.611934 
1224
1 0 1 0 1 0 
4.66085 12.5488 9.58977 9.38946 13.7608 19.3094 
-0.227579 -0.827162 -0.63073 -0.827338 -0.102153 -0.615695 
1224
0 0 
4.62543 15.2365 
0.345638 0.0690524 
1228
0 0 0 
4.38203 22.7293 13.4551 
0.348604 0.0354962 0.0722131 
1232
1 1 0 1 1 
4.78291 11.5524 11.7996 15.15 13.5894 
-0.22359 -0.625021 -0.822275 -0.456413 -0.102085 
1232
0 0 0 
4.5505 14.018 21.6328 
0.34635 0.070562 0.035931 
1236
0 0 0 
3.76909 12.63 20.7001 
0.370426 0.0738883 0.036761 
1240
1 1 0 0 1 1 
4.91144 10.1409 11.9489 14.0579 13.3863 21.8093 
-0.225385 -0.625174 -0.826506 -0.60699 -0.0963408 -0.347905 
1244
1 1 1 0 1 
4.79741 9.80132 18.8439 13.9724 13.6116 
-0.22431 -0.624511 -0.347213 -0.612502 -0.097063 
1240
0 0 0 
4.66486 17.5269 23.0304 
0.344427 0.0634099 0.0348785 
1244
0 0 0 
4.51432 13.8753 23.5704 
0.347025 0.0713623 0.03442 
1248
0 0 0 
4.98772 13.708 18.0625 
0.339881 0.0730464 0.0380767 
1248
1 1 1 0 1 
5.26747 11.7204 15.0416 16.4113 14.4155 
-0.227138 -0.625351 -0.455761 -0.615752 -0.0975882 
1252
1 1 1 1 1 0 0 
4.70492 10.6297 14.8249 19.3234 13.4387 14.5248 14.2423 
-0.223128 -0.625021 -0.456634 -0.347688 -0.0959101 -0.60769 -0.490539 
1256
0 0 0 
4.38632 16.0811 22.2467 
0.349156 0.0642127 0.0353606 
1256
1 1 1 0 1 0 1 
4.54257 9.05722 14.6327 17.0832 13.6589 12.8072 22.0106 
-0.221987 -0.626022 -0.44497 -0.615706 -0.0968527 -0.489019 -0.347808 
1260
0 0 0 
4.38423 12.5255 21.6732 
0.349664 0.0737503 0.0351495 
1260
1 1 1 1 0 
4.83039 10.8378 15.0224 14.2191 16.1367 
-0.226648 -0.623935 -0.457631 -0.097551 -0.615529 
1264
1 1 1 0 
4.81849 11.3676 13.8192 13.643 
-0.22366 -0.623972 -0.096725 -0.612038 
1268
1 1 0 1 1 
5.08896 10.52 16.6801 14.1732 17.8139 
-0.224715 -0.624038 -0.616569 -0.0972984 -0.347328 
1268
0 0 0 
3.77991 15.5079 19.2139 
0.36809 0.0643373 0.0369862 
1272
0 0 0 
4.83047 16.9459 24.5894 
0.350283 0.0635973 0.0344585 
1272
1 1 1 0 1 1 0 
4.93705 10.0856 18.1109 18.7484 12.8464 19.4839 19.1243 
-0.225255 -0.624548 -0.455785 -0.61596 -0.101981 -0.347621 -0.482106 
1276
1 1 1 1 0 
4.89114 9.06744 15.3927 13.7317 16.1934 
-0.224558 -0.62512 -0.445367 -0.0972255 -0.616422 
1276
0 0 0 
4.65916 16.6702 21.818 
0.35392 0.0635203 0.0354641 
1280
1 1 1 1 0 1 0 
5.28815 10.0722 13.185 13.0135 15.6213 18.852 17.8712 
-0.221551 -0.624981 -0.457059 -0.0960808 -0.615783 -0.347077 -0.481256 
1280
0 0 
4.3503 13.6907 
0.3592 0.071698 
1284
1 1 1 1 1 0 
4.9376 9.01865 17.553 12.581 19.4877 16.0254 
-0.225966 -0.623975 -0.454067 -0.0958696 -0.347749 -0.615335 
1284
0 0 0 
4.44666 14.8543 21.8684 
0.356983 0.0715242 0.0351259 
1288
0 0 0 
4.4588 16.5178 27.7228 
0.355092 0.0644721 0.032943 
1288
1 1 1 1 0 1 
4.89988 9.30288 17.8602 13.7851 11.2459 18.6429 
-0.226689 -0.624226 -0.455577 -0.0972773 -0.607813 -0.347205 
1292
1 1 1 1 0 1 
4.75119 9.38417 14.6208 13.9478 17.6969 20.8353 
-0.224776 -0.630619 -0.444794 -0.0973488 -0.616023 -0.34748 
1296
0 0 0 
4.10111 13.4344 21.5633 
0.354144 0.0723006 0.0368274 
1300
0 0 0 0 
4.84544 17.1859 11.7469 20.3125 
0.349988 0.0635939 0.128979 0.0365161 
1304
0 0 0 0 
4.77254 13.7557 10.7113 23.3014 
0.350976 0.0719471 0.132044 0.0343308 
1308
0 0 0 
5.5822 13.1326 21.9788 
0.339971 0.0725923 0.0357601 
1300
1 1 1 0 1 0 
4.98742 11.0657 14.4428 16.8283 13.3458 14.2381 
-0.22671 -0.625138 -0.456874 -0.616002 -0.100381 -0.489428 
1304
1 1 1 1 0 
4.92884 17.3407 9.975 13.9784 14.8772 
-0.225499 -0.455263 -0.625381 -0.0972272 -0.608015 
1312
0 0 0 0 
5.54679 13.4637 11.0986 23.5139 
0.341669 0.071632 0.1309 0.0331175 
1312
1 1 1 
4.76406 15.3556 13.4428 
-0.224813 -0.456359 -0.0961084 
1316
1 1 1 
4.65624 15.0706 13.2293 
-0.226031 -0.444358 -0.0966525 
1316
0 0 
4.76018 13.9226 
0.351992 0.0710986 
1320
0 0 0 0 
4.66203 16.7811 8.01073 18.6739 
0.343013 0.0633705 0.13643 0.0335422 
1320
1 1 1 1 
4.7401 15.2543 13.3203 18.4095 
-0.225478 -0.44519 -0.0969859 -0.347601 
1324
1 1 1 1 0 
4.30022 15.5765 14.1794 20.4959 19.2367 
-0.227622 -0.454184 -0.101468 -0.348334 -0.481926 
1324
0 0 0 
4.73734 14.5011 22.1809 
0.343275 0.0711175 0.0339323 
1328
0 0 
4.7688 13.2852 
0.35099 0.071322 
1332
1 0 1 1 1 
4.936 12.1889 13.3716 13.2688 21.3832 
-0.224785 -0.826828 -0.454702 -0.0960142 -0.347474 
1332
0 0 0 
4.71515 17.1964 18.9788 
0.344344 0.0638089 0.0369308 
1336
0 0 0 
5.02563 14.7054 8.52773 
0.340558 0.0714707 0.138793 
1340
0 0 0 
4.88199 13.1295 22.0943 
0.341665 0.0732264 0.0340015 
1336
1 0 1 
5.18418 11.6891 13.1751 
-0.224872 -0.825795 -0.0967665 
1340
1 0 0 1 
4.71087 11.3959 9.41045 18.1869 
-0.224673 -0.825938 -0.827916 -0.347117 
1344
1 0 1 1 
5.414 11.2054 13.685 22.0213 
-0.226235 -0.826331 -0.0971596 -0.34795 
1344
0 0 0 
4.58948 16.0429 25.4034 
0.343439 0.0648595 0.0338597 
1348
0 0 0 
4.85036 13.8145 26.1164 
0.34174 0.072159 0.0328949 
1348
1 0 1 1 
4.77902 11.5203 13.2662 17.3768 
-0.224799 -0.827447 -0.0961578 -0.346909 
1352
0 0 
4.53744 17.1973 
0.34175 0.0631965 
1356
0 0 0 
4.71936 17.8889 20.8995 
0.345457 0.0625671 0.0368209 
1360
0 0 
4.6645 14.3956 
0.339324 0.0663466 
1356
1 0 1 1 
4.70179 12.0351 13.6408 19.1213 
-0.230106 -0.826036 -0.0971192 -0.347228 
1360
1 0 1 1 
4.80043 12.0058 12.6558 18.0728 
-0.224059 -0.827791 -0.0960999 -0.346311 
1364
0 0 0 
4.17477 15.9154 19.9342 
0.337947 0.0650562 0.0329011 
1364
1 0 1 
4.5753 12.1533 13.9771 
-0.220867 -0.828932 -0.101025 
1368
1 0 1 1 
4.78296 10.3245 12.8575 19.0286 
-0.225773 -0.824793 -0.0965229 -0.34741 
1368
0 0 0 
4.88785 20.3302 16.693 
0.344011 0.0351441 0.0643095 
1372
0 0 0 
4.85035 22.8993 14.935 
0.353414 0.0350454 0.070994 
1376
0 0 
4.92994 22.6523 
0.338814 0.0347968 
1376
1 0 1 
4.63342 10.7013 13.9105 
-0.224839 -0.825396 -0.0969442 
1380
1 0 0 1 1 
4.75248 11.5425 9.14536 12.963 20.7282 
-0.224606 -0.826421 -0.827464 -0.0962764 -0.347486 
1380
0 0 
4.99438 22.7685 
0.346841 0.0347696 
1384
0 0 
4.87675 21.7289 
0.340761 0.0360381 
1384
1 0 1 
4.92223 12.4386 13.1368 
-0.225652 -0.827327 -0.102269 
1388
1 0 0 1 1 
5.40956 10.5382 9.22056 14.6177 13.5127 
-0.225324 -0.825497 -0.827127 -0.452179 -0.0966017 
1392
1 0 1 1 1 
4.86019 11.3767 16.5401 13.1489 19.4936 
-0.223019 -0.825772 -0.45507 -0.0967561 -0.347963 
1388
0 0 
4.22286 19.5119 
0.347683 0.0379975 
1396
0 
4.48288 
0.34782 
1396
1 0 1 0 1 
4.69986 10.0596 17.3606 8.94366 13.8401 
-0.226001 -0.824777 -0.456617 -0.827726 -0.096743 
1400
0 
4.32449 
0.359945 
1400
1 0 1 0 
4.87709 11.8358 15.9764 10.1154 
-0.22508 -0.825888 -0.457765 -0.8279 
1404
1 0 1 1 1 
4.99245 10.9113 15.9497 12.5535 19.4512 
-0.226122 -0.825189 -0.45546 -0.0957723 -0.347888 
1404
0 
5.01874 
0.338224 
1408
1 0 1 1 1 
4.72406 11.61 15.2225 13.7381 21.9593 
-0.224111 -0.82509 -0.456256 -0.0967004 -0.348076 
1408
0 
4.54591 
0.345124 
1412
0 
4.13708 
0.354502 
1412
1 0 1 1 
5.30093 11.2255 16.7019 13.684 
-0.225275 -0.826652 -0.455701 -0.0968216 
1416
1 0 1 0 1 
4.81597 10.691 21.0993 10.3204 13.5052 
-0.225423 -0.831393 -0.455322 -0.828024 -0.0963461 
1420
1 1 0 0 1 1 
5.23347 15.6797 12.8633 8.99498 13.7468 21.1511 
-0.227196 -0.455379 -0.831819 -0.828052 -0.0969724 -0.347687 
1420
0 
4.6123 
0.347938 
1424
1 1 0 0 1 
5.22929 14.259 14.685 9.44892 13.1204 
-0.22566 -0.457437 -0.829101 -0.827203 -0.0967109 
1424
0 
4.85457 
0.341509 
1428
0 
5.19981 
0.336642 
1432
1 0 0 1 
4.99385 12.7858 9.8659 12.9229 
-0.227177 -0.82838 -0.827022 -0.0957485 
1432
0 
4.67097 
0.344154 
1436
0 
4.70987 
0.344534 
1436
1 0 1 
5.1421 12.0359 13.1894 
-0.224352 -0.827456 -0.0964003 
1440
0 
5.05311 
0.345528 
1444
0 
4.87167 
0.350164 
1440
1 0 1 
4.81311 8.94058 13.2358 
-0.226227 -0.824058 -0.0963959 
1448
1 0 0 1 
4.78955 8.85793 13.4606 10.7379 
-0.223081 -0.823088 -0.829518 -0.624293 
1448
0 
4.63884 
0.346096 
1452
0 
4.74959 
0.351666 
1452
1 0 1 1 0 
4.6681 12.9136 10.0226 12.4194 16.8112 
-0.2231 -0.829133 -0.624658 -0.0956505 -0.615857 
1456
1 1 0 0 1 
4.90106 10.1777 10.698 9.19629 12.8336 
-0.223413 -0.625468 -0.826787 -0.827247 -0.0961076 
1460
1 0 1 1 0 
4.73504 10.8856 8.96638 13.6549 16.1359 
-0.225312 -0.830045 -0.631625 -0.0963818 -0.615338 
1464
1 0 1 1 0 
4.88272 11.8286 11.1294 13.276 17.2156 
-0.225487 -0.824925 -0.623826 -0.0965177 -0.617449 
1456
0 
4.76246 
0.344929 
1460
0 
4.5749 
0.346634 
1468
0 
4.49958 
0.347828 
1472
0 
4.77808 
0.34191 
1468
1 1 0 1 0 
5.27169 10.5928 11.9516 13.6332 17.0172 
-0.22629 -0.624436 -0.818889 -0.0973426 -0.615549 
1472
1 1 0 0 1 
4.79688 10.2957 10.7441 10.7214 13.1387 
-0.225156 -0.620291 -0.824971 -0.827122 -0.0958393 
1476
1 0 1 1 0 0 
4.86209 10.3793 11.2827 12.9303 9.98973 17.7684 
-0.225233 -0.823958 -0.624611 -0.0959338 -0.82782 -0.616237 
1476
0 0 
4.69638 11.1712 
0.344517 0.125082 
1480
1 0 0 1 1 0 
4.47576 12.0979 9.82524 10.3611 13.5499 16.8302 
-0.222861 -0.826576 -0.828174 -0.624398 -0.0968115 -0.615971 
1480
0 
4.85212 
0.340963 
1484
1 1 0 0 0 1 
4.98452 9.13168 10.1189 11.4454 18.9184 13.9475 
-0.225484 -0.62395 -0.82422 -0.826081 -0.616367 -0.0964809 
1488
0 
4.90242 
0.34154 
1488
1 1 0 0 
5.34571 10.547 11.0966 17.079 
-0.226154 -0.626414 -0.826631 -0.616412 
1492
1 1 0 0 1 0 
5.0904 10.5743 11.6068 9.07958 14.4933 17.0536 
-0.223939 -0.62486 -0.832604 -0.827801 -0.0976343 -0.615383 
1496
1 1 0 0 0 1 
4.81397 10.1205 11.4974 9.93896 13.7689 12.7498 
-0.226682 -0.623814 -0.825614 -0.827 -0.6075 -0.0966177 
1492
0 
4.79446 
0.343358 
1496
0 
4.86957 
0.340477 
1500
0 
4.52583 
0.348568 
1500
1 1 0 1 0 
4.95899 9.76954 12.71 13.4114 16.7359 
-0.225639 -0.625017 -0.828309 -0.0975495 -0.61604 
1504
0 
4.6853 
0.344375 
1504
1 1 0 1 1 
4.87211 10.5685 14.3778 15.8442 13.9346 
-0.232455 -0.624581 -0.831306 -0.451577 -0.096381 
1508
0 
4.66947 
0.344644 
1508
1 1 0 1 0 1 0 
5.20086 10.6251 11.5109 15.2354 10.6481 13.033 16.6996 
-0.222527 -0.624459 -0.830803 -0.455385 -0.826589 -0.096197 -0.615471 
1512
0 
4.77826 
0.343404 
1512
1 0 1 0 1 1 0 
5.32985 9.7227 10.0518 9.91308 16.1336 14.1757 15.4629 
-0.222973 -0.832781 -0.625269 -0.82721 -0.453989 -0.0971093 -0.610858 
1516
1 0 1 1 1 
4.26041 11.36 10.4447 15.8241 12.9842 
-0.229317 -0.829363 -0.623235 -0.445196 -0.0962583 
1516
0 0 
4.70418 10.2876 
0.34498 0.133972 
1520
0 1 1 1 1 0 
11.5456 4.25073 10.7782 15.8799 13.2442 17.7639 
-0.819485 -0.225189 -0.624102 -0.456293 -0.0966765 -0.61593 
1520
0 0 
5.00983 9.46669 
0.339277 0.136848 
1524
0 0 
4.46007 10.9422 
0.35725 0.132388 
1532
0 0 
4.45037 9.18255 
0.356227 0.137062 
1524
0 1 0 1 1 
9.31357 13.7723 11.6758 10.1211 12.9569 
-0.828924 -0.455268 -0.825683 -0.623997 -0.0964649 
1528
1 1 0 1 0 
14.4821 10.6372 10.3688 13.1942 16.5494 
-0.455563 -0.624449 -0.831776 -0.0963829 -0.615442 
1536
0 1 1 0 0 
11.6688 10.9454 14.667 9.19035 13.2147 
-0.827298 -0.6258 -0.45552 -0.828144 -0.612464 
1536
0 0 
4.70568 17.1054 
0.342219 0.0305994 
1540
0 0 0 
4.36713 9.44919 21.5154 
0.348796 0.132327 0.0356116 
1540
0 1 1 0 
11.3549 9.78803 12.2038 16.4941 
-0.825737 -0.625009 -0.102107 -0.616548 
1544
0 1 0 1 1 0 
11.8803 10.7632 9.40887 15.6749 13.2532 16.0651 
-0.827159 -0.624178 -0.82739 -0.455704 -0.102382 -0.616252 
1548
1 1 0 0 1 0 
13.5916 9.3725 10.9178 10.4066 13.3495 17.6766 
-0.456618 -0.625724 -0.830839 -0.827693 -0.0968049 -0.615628 
1548
0 0 
4.85899 9.90198 
0.34257 0.13495 
1552
0 0 0 
4.48991 22.4991 13.5689 
0.347059 0.0351296 0.0718472 
1552
1 0 0 0 1 
9.94416 12.3722 9.44826 14.5148 13.7084 
-0.625372 -0.831639 -0.827843 -0.612044 -0.0967951 
1556
0 1 1 1 0 
11.9341 14.9533 10.9377 13.5042 15.8653 
-0.828154 -0.449822 -0.625429 -0.0965838 -0.615682 
1556
0 0 0 
4.50643 14.6046 18.8459 
0.35489 0.0693959 0.0388816 
1560
0 1 1 1 0 0 
10.0345 15.4205 10.1964 13.2654 10.0805 16.2169 
-0.823332 -0.449869 -0.625131 -0.0960466 -0.826769 -0.616004 
1564
1 0 0 0 
9.91706 9.35543 10.2708 19.744 
-0.624228 -0.832218 -0.827129 -0.615679 
1560
0 0 0 
4.57857 13.5915 20.1519 
0.344812 0.0723378 0.0379505 
1568
1 0 1 0 
10.6442 10.3459 14.1394 17.0779 
-0.624047 -0.829631 -0.102261 -0.615647 
1568
0 0 
4.24532 15.3969 
0.360302 0.0705148 
1572
0 0 0 
4.60217 17.5673 21.4979 
0.345216 0.0632182 0.0357344 
1576
0 0 
4.39572 17.0604 
0.349207 0.0636112 
1576
1 1 0 1 
9.96764 4.20221 9.15456 16.4456 
-0.624133 -0.228549 -0.833455 -0.455582 
1580
0 0 
4.4664 16.5776 
0.356157 0.0640281 
1584
0 0 
4.55128 13.8539 
0.346845 0.0718722 
1580
1 0 1 1 0 
5.59207 10.3635 11.1128 15.2902 17.449 
-0.223746 -0.825289 -0.624646 -0.444937 -0.615447 
1584
1 1 0 0 1 0 
5.0648 10.308 11.1439 10.0354 15.6813 17.696 
-0.225052 -0.623776 -0.825854 -0.827629 -0.445052 -0.615937 
1588
0 0 
4.26089 18.0524 
0.350134 0.063088 
1588
1 1 0 1 0 
5.34548 8.99795 11.6226 15.7968 13.735 
-0.222435 -0.624302 -0.825861 -0.445076 -0.611736 
1592
0 0 0 
4.58945 16.033 21.466 
0.35263 0.063869 0.0358288 
1596
0 0 0 
4.57955 13.6169 21.6894 
0.351821 0.0708627 0.0355217 
1596
1 0 1 1 0 1 0 
4.96654 11.7391 16.2998 11.0892 9.78108 13.67 15.5184 
-0.225949 -0.825873 -0.456226 -0.625056 -0.827891 -0.0965663 -0.615854 
1600
1 1 0 1 0 
4.67582 11.1765 11.6308 15.3081 15.7311 
-0.223908 -0.623323 -0.825301 -0.444231 -0.611464 
1600
0 0 
4.60231 18.5996 
0.346184 0.0622417 
1604
1 0 1 1 0 
4.73693 11.075 10.0831 14.8942 15.0236 
-0.227063 -0.826752 -0.624275 -0.444271 -0.615978 
1608
1 1 0 1 0 0 
5.08064 11.6258 11.9458 16.2848 10.5512 17.0838 
-0.225295 -0.624159 -0.82602 -0.444996 -0.826408 -0.616126 
1612
1 0 1 1 1 0 1 
4.97546 11.4416 10.9552 15.4614 12.453 12.9294 13.6391 
-0.224029 -0.827035 -0.624106 -0.445118 -0.172248 -0.613048 -0.0966882 
1608
0 0 0 0 
4.59256 15.2526 23.5424 10.7084 
0.354305 0.0648991 0.0332907 0.134358 
1612
0 0 0 
4.08462 12.7848 11.8575 
0.364677 0.0718932 0.124552 
1616
0 0 0 
5.08908 14.0338 9.67576 
0.338269 0.0712063 0.136998 
1620
0 0 0 
4.37558 12.9898 10.1411 
0.358212 0.0726238 0.134966 
1616
1 0 1 1 1 0 
4.95907 11.723 10.7077 15.6141 12.346 15.7717 
-0.225251 -0.827198 -0.624322 -0.445541 -0.0954444 -0.616349 
1620
1 0 1 1 1 0 
4.72286 11.995 10.3303 15.0676 13.8604 17.5055 
-0.217682 -0.827608 -0.623427 -0.454397 -0.0965805 -0.615694 
1624
1 0 0 1 1 0 
4.649 10.3349 11.656 10.1958 16.5795 16.9363 
-0.2194 -0.825024 -0.826535 -0.624782 -0.445339 -0.616013 
1628
1 0 1 1 0 
4.77304 10.9701 10.8107 14.2461 16.8194 
-0.224694 -0.826478 -0.624464 -0.456069 -0.615918 
1628
0 0 0 
4.43927 14.2379 10.8499 
0.356653 0.0707379 0.132339 
1632
1 1 0 1 0 
4.85112 10.9575 11.1427 15.8193 14.0831 
-0.225614 -0.624101 -0.825575 -0.458141 -0.611986 
1632
0 0 0 0 
4.85877 12.9713 19.531 11.2298 
0.342813 0.0722731 0.0364158 0.130503 
1636
1 0 1 0 0 
4.66629 13.3291 10.4238 9.90777 18.2811 
-0.223939 -0.832175 -0.624219 -0.827702 -0.616129 
1640
1 0 1 1 0 
5.09116 11.4244 9.5806 17.0825 17.0628 
-0.221215 -0.826125 -0.630232 -0.45476 -0.615642 
1644
1 1 0 1 0 1 0 
10.2165 4.78709 10.256 16.3993 10.1435 9.71993 17.8556 
-0.623322 -0.21897 -0.825553 -0.444942 -0.826339 -0.137783 -0.616879 
1640
0 0 0 
4.67437 15.1975 11.1099 
0.343928 0.0694937 0.131817 
1644
0 0 0 0 
4.20345 12.3295 7.54092 19.3049 
0.35998 0.0745409 0.133736 0.0375212 
1648
0 0 0 0 
4.61781 15.7389 25.7499 7.63182 
0.353911 0.0645249 0.0347793 0.135928 
1652
0 0 0 0 
4.85294 16.3295 10.927 22.1078 
0.349229 0.0638716 0.132786 0.0357198 
1652
0 1 1 1 0 
11.3069 11.1055 15.2351 4.11758 13.8289 
-0.822234 -0.624132 -0.456772 -0.22557 -0.611365 
1656
1 0 1 1 0 
11.2498 12.0964 13.2152 5.22897 14.0534 
-0.623157 -0.819414 -0.442625 -0.225838 -0.612072 
1656
0 0 0 0 
4.60659 16.2684 9.91385 27.0791 
0.352632 0.0650161 0.134092 0.0333103 
1660
0 1 1 1 0 
9.25468 16.1367 10.9675 6.31619 15.5148 
-0.821956 -0.455706 -0.625053 -0.226006 -0.611871 
1660
0 0 0 
4.7032 17.0647 9.43867 
0.345849 0.0641889 0.137832 
1664
1 0 1 
10.8445 11.4724 15.3345 
-0.624164 -0.825943 -0.444913 
1668
0 1 1 0 1 0 
11.0769 9.73815 16.1481 9.91958 16.0688 17.7977 
-0.825769 -0.624996 -0.454926 -0.827187 -0.0938544 -0.6157 
1664
0 0 0 0 
4.42886 14.2704 10.3482 21.908 
0.347905 0.0707852 0.134657 0.035806 
1672
0 0 0 
4.60269 13.2981 7.19385 
0.352221 0.0721775 0.134928 
1676
0 0 0 0 
4.1059 13.919 13.1706 22.956 
0.36677 0.0717698 0.128147 0.0348485 
1672
1 0 1 0 1 
10.4345 10.6656 16.2 12.966 13.7316 
-0.623784 -0.827176 -0.445388 -0.61208 -0.102485 
1676
0 1 1 
11.4561 11.2074 16.5421 
-0.827602 -0.625213 -0.455518 
1680
1 0 0 1 1 
10.5169 11.8566 9.84889 16.0742 5.23156 
-0.625361 -0.826578 -0.827429 -0.455071 -0.224486 
1680
0 0 0 0 
4.47656 14.8292 10.3189 23.1039 
0.354108 0.0693313 0.134687 0.0346007 
1684
0 0 0 
4.43189 13.4224 9.889 
0.356189 0.0727333 0.134732 
1684
0 1 1 0 
11.5474 10.4184 4.85085 17.3237 
-0.826825 -0.624637 -0.220346 -0.616219 
1688
1 0 1 0 0 1 
5.49854 10.9698 11.1003 9.37651 17.0179 14.5589 
-0.21898 -0.825845 -0.624358 -0.827919 -0.616194 -0.093665 
1692
1 0 0 1 0 
4.91945 10.3826 9.13808 10.03 14.0982 
-0.230957 -0.825711 -0.827411 -0.624661 -0.612213 
1692
0 0 0 
4.67355 17.3523 9.85975 
0.343108 0.0634475 0.135059 
1696
0 0 0 
4.71965 16.8116 7.18252 
0.342646 0.0639853 0.13458 
1696
1 1 0 1 0 1 
4.52345 15.2763 11.5163 10.5515 10.1933 16.3261 
-0.217259 -0.454059 -0.825362 -0.625357 -0.827545 -0.094163 
1700
1 0 1 1 0 
4.78315 10.8278 14.0702 10.6251 17.4725 
-0.224293 -0.825179 -0.456541 -0.624893 -0.616166 
1704
0 0 0 0 
4.5742 17.805 10.8991 19.7711 
0.347854 0.0625183 0.134058 0.0375251 
1704
1 1 1 0 1 
4.65802 15.1762 9.84113 10.1131 12.9391 
-0.224208 -0.456028 -0.623679 -0.831383 -0.104706 
1708
1 1 1 0 1 
4.86011 9.66983 15.051 10.136 12.2898 
-0.223768 -0.623793 -0.453991 -0.831289 -0.0898597 
1708
0 0 0 
4.67644 13.9484 10.9097 
0.352758 0.071211 0.133505 
1712
1 0 1 1 0 
5.03125 11.1416 10.4381 16.3335 18.349 
-0.223756 -0.825683 -0.623648 -0.44501 -0.616245 
1712
0 0 0 0 
4.38274 17.0612 9.6167 23.5167 
0.358467 0.0634224 0.136278 0.0349219 
1716
1 1 0 1 1 0 
4.76187 10.5897 11.5671 15.9326 13.3408 15.3901 
-0.223602 -0.6242 -0.825875 -0.455512 -0.0948255 -0.61703 
1720
0 0 0 
4.64667 9.94499 19.0389 
0.352116 0.134684 0.0627941 
1720
1 0 0 1 1 0 1 
4.40054 9.63058 9.08132 9.80804 15.648 12.5125 11.1394 
-0.223613 -0.830714 -0.828571 -0.622767 -0.445513 -0.612851 -0.102615 
1724
1 1 0 1 1 
4.97033 10.1888 11.0761 14.5821 12.416 
-0.224785 -0.625744 -0.822671 -0.444629 -0.0913947 
1724
0 0 0 0 
4.80796 9.58305 18.0557 21.6994 
0.343921 0.136966 0.0625419 0.0362398 
1728
0 0 0 
4.2464 16.2203 10.6567 
0.359948 0.0621138 0.135125 
1728
1 0 1 1 0 
4.94656 11.3393 10.5315 10.9111 17.3556 
-0.227735 -0.819657 -0.623787 -0.105559 -0.615793 
1732
1 0 1 0 1 
5.5624 10.9886 10.6341 14.1186 13.8161 
-0.227113 -0.826622 -0.624154 -0.611378 -0.0942923 
1736
0 0 0 0 
4.45645 15.1584 9.22431 19.1694 
0.348228 0.0692993 0.137318 0.0381454 
1736
1 1 0 0 
4.83953 9.99659 12.1184 10.1111 
-0.223226 -0.624991 -0.82653 -0.827372 
1740
1 1 0 0 
4.61876 11.1144 11.3171 17.7959 
-0.223259 -0.624408 -0.826023 -0.616565 
1740
0 0 0 
4.86186 15.4721 9.60544 
0.341358 0.0694293 0.136412 
1744
0 0 0 
4.67403 9.81527 13.8869 
0.344642 0.13594 0.0706568 
1744
1 1 0 1 0 
4.7718 11.0408 10.9607 8.93775 13.0507 
-0.219322 -0.624826 -0.825859 -0.123438 -0.612023 
1748
1 0 1 0 1 0 
4.95325 9.94092 9.84507 9.25748 9.33831 18.7689 
-0.224923 -0.824505 -0.624781 -0.827037 -0.128478 -0.615845 
1748
0 0 0 0 
4.67133 9.67849 15.89 21.1996 
0.354395 0.135789 0.0637644 0.0364604 
1752
0 0 0 
4.39191 16.7755 9.3444 
0.355851 0.0628978 0.136839 
1756
0 0 0 0 
4.61982 14.6436 9.31505 20.8448 
0.344573 0.0699661 0.138495 0.0360827 
1756
1 0 1 
4.85687 12.0296 10.5223 
-0.227829 -0.827245 -0.624784 
1760
1 1 0 1 0 
5.03035 10.9395 10.6913 10.5899 17.3217 
-0.229837 -0.624402 -0.82557 -0.125059 -0.615589 
1764
1 1 0 1 0 
4.96586 11.1733 11.1961 10.5068 14.2984 
-0.226109 -0.624244 -0.825708 -0.129327 -0.616868 
1760
0 0 0 0 
4.97251 16.4904 11.0485 19.1126 
0.346807 0.0640078 0.130605 0.0371973 
1764
0 0 0 0 
4.40434 9.36253 13.9088 22.9842 
0.3507 0.136053 0.0725171 0.0345306 
1768
1 0 1 1 0 0 
5.59822 11.4266 9.48357 11.4563 10.6276 18.1701 
-0.226983 -0.826425 -0.127679 -0.62363 -0.826688 -0.616087 
1772
0 0 0 
4.72848 12.1609 12.9672 
0.348141 0.0752038 0.128472 
1772
1 0 1 1 0 
4.65979 11.6397 10.5345 10.7746 13.8318 
-0.224279 -0.827631 -0.123146 -0.624429 -0.612942 
1776
0 0 0 
4.39705 18.0601 12.7313 
0.346807 0.0629046 0.127383 
1776
1 1 1 0 0 
4.35224 9.99969 10.2509 13.3437 9.41198 
-0.220267 -0.127638 -0.624365 -0.826882 -0.827291 
1780
1 1 0 1 0 
4.83218 10.9109 11.3844 10.9833 12.8853 
-0.220813 -0.125271 -0.820778 -0.624483 -0.617063 
1780
0 0 0 0 
4.65278 12.4133 16.485 20.8923 
0.344768 0.129886 0.0647003 0.0316045 
1784
0 0 0 0 
5.20269 13.9307 10.8757 20.0163 
0.335135 0.0714173 0.133857 0.0374647 
1788
1 1 0 1 0 0 
5.21514 8.99199 13.2092 10.0342 9.56439 17.3034 
-0.226683 -0.129034 -0.82954 -0.623514 -0.822773 -0.615293 
1788
0 0 0 0 
5.09309 16.6104 10.7714 22.8088 
0.346211 0.0644208 0.133942 0.0348018 
1792
0 0 0 0 
4.67333 15.1678 10.3472 22.6265 
0.342601 0.0626064 0.13449 0.035075 
1792
1 1 1 0 
4.7975 9.78269 11.1814 11.6292 
-0.223048 -0.124488 -0.625047 -0.82777 
1796
0 0 0 0 
4.46032 17.5178 10.0733 22.5741 
0.34715 0.063828 0.1352 0.0358948 
1796
1 1 0 1 0 
4.89727 9.91543 9.0539 10.5851 16.4084 
-0.223979 -0.124614 -0.821483 -0.623515 -0.616543 
1800
0 0 0 0 
4.89475 10.4946 13.2995 20.1492 
0.349969 0.133486 0.0727128 0.0360185 
1804
0 0 0 0 
5.06417 15.3715 10.875 17.267 
0.347122 0.0652643 0.133865 0.0397648 
1808
0 0 0 
4.79021 17.063 10.4187 
0.351387 0.0638968 0.13559 
1812
0 0 0 
4.76915 8.43989 16.8047 
0.342579 0.135438 0.0624892 
1808
1 0 1 1 0 
5.02409 11.3912 9.48621 10.4713 10.0466 
-0.225862 -0.825873 -0.130437 -0.623796 -0.826464 
1816
0 0 
4.7632 14.3571 
0.351703 0.0641329 
1816
1 0 1 1 0 0 
4.65291 11.7525 8.44134 10.6484 11.101 16.2997 
-0.223878 -0.831552 -0.131176 -0.625543 -0.825557 -0.615449 
1820
1 0 1 1 1 
4.87144 11.6914 9.13557 11.6764 14.6425 
-0.226157 -0.826366 -0.12412 -0.624397 -0.0940049 
1820
0 0 0 
4.56852 14.0598 8.82966 
0.354994 0.0644242 0.138733 
1824
1 1 0 1 
4.73586 10.1587 9.87064 10.5083 
-0.225398 -0.127539 -0.831663 -0.624686 
1824
0 0 
4.7768 11.1731 
0.350272 0.133078 
1828
1 1 1 0 0 0 
4.3172 9.77034 11.2979 9.45179 10.0571 16.1295 
-0.218929 -0.127878 -0.625215 -0.832586 -0.827053 -0.615577 
1832
1 1 0 1 0 0 1 
4.50737 6.78213 12.318 9.81921 9.2807 11.421 17.0076 
-0.222554 -0.133462 -0.831707 -0.624605 -0.827419 -0.615492 -0.346971 
1828
0 0 0 
4.3975 9.52033 14.8374 
0.349572 0.137736 0.0376671 
1836
1 1 1 0 0 
5.76832 9.80799 10.6261 12.8379 18.0668 
-0.228458 -0.12406 -0.625062 -0.819679 -0.616326 
1836
0 0 
4.79554 10.7497 
0.343486 0.132382 
1840
0 
4.80021 
0.34324 
1840
1 1 1 0 0 0 
4.38762 9.32063 10.7167 13.3359 10.5403 13.4515 
-0.221767 -0.624048 -0.124691 -0.829228 -0.827251 -0.607365 
1844
1 1 0 1 1 1 0 
4.90095 8.77118 11.261 10.8902 13.7356 18.3477 16.1879 
-0.226213 -0.130232 -0.819636 -0.624172 -0.0924232 -0.347206 -0.616808 
1844
0 0 
4.72498 17.7403 
0.343703 0.0643344 
1848
1 1 1 0 
4.638 9.91404 11.2394 10.9574 
-0.224329 -0.625208 -0.126505 -0.827303 
1852
0 0 
4.92809 15.6698 
0.342069 0.065714 
1852
1 1 0 1 0 
4.51313 7.57846 11.4058 8.38751 17.8991 
-0.229572 -0.133468 -0.827472 -0.625791 -0.616397 
1856
1 1 0 1 0 
4.64023 8.31152 10.6899 10.3319 12.6683 
-0.223151 -0.127617 -0.826997 -0.625046 -0.61211 
1856
0 0 
4.74145 12.8238 
0.341471 0.0733829 
1860
0 0 0 
4.73027 14.2563 20.4987 
0.351664 0.0716282 0.0371929 
1864
0 0 
4.44833 17.8384 
0.357264 0.0632561 
1860
1 0 1 1 0 
5.16153 10.8343 10.7992 10.6359 14.0788 
-0.226715 -0.826363 -0.125535 -0.624521 -0.828561 
1864
1 0 1 1 1 
4.6389 11.7133 8.79942 9.25331 15.2475 
-0.220719 -0.827087 -0.617839 -0.123289 -0.0942713 
1868
0 0 
4.20361 14.3589 
0.362424 0.0717002 
1868
1 1 0 1 1 
5.01987 11.0782 10.0611 8.92705 14.5235 
-0.226788 -0.62493 -0.824836 -0.127841 -0.0938744 
1872
1 1 1 0 
4.80977 8.42223 10.6113 10.5965 
-0.224343 -0.127631 -0.623911 -0.825779 
1872
0 0 
4.49563 13.7671 
0.34651 0.0716053 
1876
0 0 
4.23604 16.5458 
0.350495 0.0639288 
1880
1 1 1 0 1 0 
4.59659 10.2985 8.65283 9.22922 14.6484 16.766 
-0.223531 -0.62412 -0.126664 -0.823712 -0.0937536 -0.615997 
1880
0 0 
5.37104 15.2737 
0.334509 0.069427 
1884
1 1 0 1 0 0 
5.17745 9.45774 11.3461 10.7982 10.2748 15.7898 
-0.225554 -0.127879 -0.83202 -0.624014 -0.826343 -0.616862 
1884
0 0 
4.43759 17.4037 
0.355409 0.0642217 
1888
0 0 
4.31954 13.7729 
0.361068 0.0718324 
1892
0 0 
4.1023 16.0143 
0.361921 0.0639068 
1888
1 1 1 0 1 
5.41097 9.88141 9.33228 11.202 13.9914 
-0.224326 -0.623898 -0.12354 -0.829058 -0.0935671 
1892
1 1 0 1 0 0 
4.81801 10.035 11.6044 9.48346 11.1812 15.7632 
-0.224134 -0.124724 -0.82671 -0.623608 -0.826906 -0.616137 
1896
1 1 1 0 0 
4.52836 10.1093 10.1154 11.9099 13.4653 
-0.223832 -0.125233 -0.624765 -0.823881 -0.612392 
1900
1 1 1 0 0 
4.46773 9.86195 9.41783 11.682 16.4356 
-0.224477 -0.624554 -0.124239 -0.819554 -0.615025 
1896
0 0 
4.45084 15.6838 
0.356101 0.0646909 
1904
0 0 
4.50804 15.7284 
0.355185 0.0643377 
1904
1 1 1 0 0 
5.13995 8.10817 9.92157 12.1098 15.5121 
-0.226918 -0.129919 -0.625188 -0.819539 -0.615989 
1908
0 0 0 
5.01702 17.0765 9.13189 
0.337893 0.0636707 0.137719 
1908
1 1 0 1 0 1 0 
4.67236 8.98829 10.9883 10.5441 9.70707 15.404 17.5661 
-0.224092 -0.128191 -0.825149 -0.624026 -0.827009 -0.445023 -0.615904 
1912
1 0 1 1 0 
4.81676 11.6586 9.83578 9.38093 16.6931 
-0.224207 -0.826957 -0.128786 -0.622764 -0.615843 
1916
0 0 0 
4.69477 9.8233 14.5768 
0.342865 0.142775 0.0691579 
1920
0 0 0 
4.39215 9.1115 17.3362 
0.356207 0.147023 0.0631892 
1916
1 1 0 1 0 1 
4.64478 11.7049 11.6809 11.5068 9.64957 16.7073 
-0.224145 -0.127038 -0.825635 -0.624218 -0.828155 -0.454896 
1920
1 1 0 1 1 0 
4.71163 9.1214 11.4431 10.3791 16.6519 9.58581 
-0.222128 -0.123204 -0.83281 -0.623716 -0.45326 -0.828056 
1924
0 0 0 
4.42567 8.32591 15.0025 
0.357737 0.151132 0.0701334 
1924
1 1 1 0 1 
4.50286 11.1926 8.80763 11.3576 16.9681 
-0.222401 -0.624756 -0.128326 -0.827745 -0.453559 
1928
1 1 0 1 1 0 
4.97953 10.6119 11.1999 10.7197 14.0907 13.6741 
-0.226103 -0.126454 -0.823664 -0.623534 -0.445031 -0.611448 
1928
0 0 0 
4.38964 8.98376 18.9679 
0.356181 0.131647 0.0621055 
1932
1 1 0 1 0 1 0 
4.51418 8.01614 12.0525 10.0298 9.22987 15.3587 18.0372 
-0.221862 -0.134975 -0.832662 -0.622834 -0.822063 -0.453167 -0.616041 
1936
1 1 1 0 0 
4.7955 8.45278 11.441 11.4848 9.42042 
-0.225061 -0.127275 -0.623433 -0.825967 -0.827044 
1936
0 0 0 
4.29208 9.33944 15.1882 
0.358136 0.144225 0.0695252 
1940
0 0 0 
4.30124 10.8806 13.7625 
0.360157 0.139368 0.0714868 
1944
0 0 0 
4.8593 8.39029 20.1868 
0.342746 0.14762 0.061261 
1948
0 0 0 
4.63216 9.01762 16.2043 
0.352092 0.131646 0.0633023 
1952
0 0 0 
4.37164 8.06097 13.9234 
0.355439 0.135104 0.072189 
1944
1 1 0 0 1 0 
4.44746 9.85493 11.1401 10.415 9.91222 16.6474 
-0.220646 -0.124452 -0.825436 -0.828474 -0.623514 -0.615928 
1948
1 1 1 0 0 0 
4.48824 8.8975 10.3363 11.8389 9.63553 17.0742 
-0.220455 -0.127394 -0.623191 -0.833124 -0.822579 -0.615397 
1952
1 1 1 0 0 0 
5.1006 10.0688 9.28293 9.28747 12.2351 14.1292 
-0.226312 -0.125296 -0.623874 -0.82407 -0.830961 -0.612382 
1956
0 0 0 
5.05733 9.3062 15.4615 
0.346379 0.141884 0.0699879 
1956
1 1 0 1 0 
4.74921 8.4545 11.4296 10.9201 8.10882 
-0.223503 -0.126902 -0.826652 -0.624158 -0.830198 
1960
1 1 0 1 0 
5.02374 9.74692 12.9861 11.8604 12.9219 
-0.227902 -0.12901 -0.826783 -0.625512 -0.61287 
1964
0 0 0 
4.26646 9.40903 14.1002 
0.360388 0.134506 0.0701805 
1964
1 1 0 1 0 
4.8193 9.28714 11.0565 11.3541 9.62425 
-0.22544 -0.123544 -0.828496 -0.625527 -0.827537 
1968
0 0 0 
4.64434 10.0634 15.4932 
0.345676 0.135159 0.0640146 
1968
1 1 0 1 0 0 
5.08608 8.76299 11.1829 10.2893 10.1937 15.0211 
-0.226609 -0.127666 -0.834322 -0.625251 -0.826898 -0.611565 
1972
1 1 1 0 0 0 
4.94278 9.77993 9.9236 12.5433 9.53483 16.8289 
-0.225382 -0.128229 -0.625304 -0.832311 -0.828227 -0.615101 
1972
0 0 0 
4.16602 9.09766 15.9725 
0.363428 0.137711 0.0638149 
1976
0 0 0 
4.825 9.71473 18.8664 
0.348663 0.135392 0.0624633 
1980
1 1 0 1 0 
4.38311 8.20113 10.9286 9.5504 14.3157 
-0.226329 -0.127048 -0.824412 -0.624062 -0.612694 
1980
0 0 0 
4.11224 10.2262 17.0263 
0.363095 0.141822 0.0637982 
1984
1 1 1 0 0 1 0 
4.64387 10.063 10.629 10.2994 10.4043 15.1922 16.9448 
-0.222844 -0.12692 -0.624426 -0.831941 -0.827234 -0.0951019 -0.616102 
1984
0 0 0 
4.81361 10.6161 16.1786 
0.342241 0.140929 0.0682522 
1988
1 1 1 0 0 0 
5.34055 9.69964 9.58046 11.0868 9.04433 15.8212 
-0.22691 -0.128657 -0.624117 -0.830195 -0.827956 -0.618245 
1988
0 0 0 
4.18365 9.22878 16.0852 
0.352031 0.142537 0.0646734 
1992
1 1 0 1 
4.77703 8.75464 11.2675 10.4237 
-0.22289 -0.128166 -0.825952 -0.624626 
1992
0 0 0 
4.9513 10.9654 15.0858 
0.348403 0.140331 0.0650264 
1996
0 0 0 
4.60696 10.2191 16.7235 
0.344407 0.140696 0.0631368 
1996
1 1 0 0 
4.9205 10.5458 11.1354 9.56092 
-0.229002 -0.124615 -0.82663 -0.827885 
2000
1 1 0 1 
4.76489 8.56656 10.4527 15.0437 
-0.224079 -0.128132 -0.825329 -0.0944963 
2004
0 0 0 
4.88368 9.02054 12.7557 
0.341391 0.142369 0.0730556 
2004
1 1 0 0 
4.78811 9.48583 13.6842 10.0085 
-0.22483 -0.12833 -0.829176 -0.827583 
2008
0 0 0 0 
4.84157 10.5319 15.3995 22.7229 
0.342068 0.140858 0.0705626 0.0346486 
2012
0 0 0 0 
4.83108 9.68299 13.7915 24.5056 
0.348271 0.141702 0.0715711 0.0342165 
2008
1 1 0 0 1 1 1 
4.75405 7.68512 10.3493 8.83362 12.0401 15.2642 19.5746 
-0.223885 -0.133752 -0.831386 -0.8281 -0.441334 -0.101685 -0.341204 
2016
1 1 1 0 0 
4.78934 10.3605 13.8656 14.7957 9.33126 
-0.22371 -0.125491 -0.449431 -0.829011 -0.82289 
2016
0 0 0 
4.73419 10.0412 16.0062 
0.349615 0.135213 0.0687838 
2020
1 1 1 
4.83396 8.70353 13.6661 
-0.226346 -0.130755 -0.444723 
2020
0 0 0 
4.47825 10.7875 16.2666 
0.347971 0.132796 0.0639562 
2024
1 1 1 1 
4.7304 11.024 14.0465 14.0517 
-0.223389 -0.124908 -0.450795 -0.0934496 
2024
0 0 0 
4.64634 8.24458 14.1331 
0.344474 0.146993 0.071207 
2028
1 1 1 1 
4.84344 10.0305 15.099 12.8625 
-0.225998 -0.125972 -0.444536 -0.102697 
2032
0 0 0 
4.41083 9.57136 16.6899 
0.356744 0.136694 0.0634245 
2032
1 1 1 
4.6173 10.9166 16.6136 
-0.224515 -0.125718 -0.456262 
2036
0 0 0 
4.97223 10.1237 13.233 
0.339788 0.134276 0.0716633 
2036
1 1 
4.83715 10.4279 
-0.224858 -0.125702 
2040
0 0 0 
5.05271 9.44228 14.4403 
0.337683 0.137472 0.070344 
2040
1 1 1 1 
4.82004 8.52636 15.62 11.362 
-0.225877 -0.132717 -0.456319 -0.101138 
2044
1 1 1 
4.64331 9.50573 14.8869 
-0.222915 -0.128083 -0.444549 
2044
0 0 0 
5.20399 7.93934 16.9205 
0.345564 0.132967 0.0631307 
2048
0 0 0 
4.77428 9.02495 18.0095 
0.342793 0.132705 0.0625377 
2048
1 1 1 
4.99063 9.84497 15.6653 
-0.225633 -0.123407 -0.456958 
2052
0 0 0 
4.68305 9.5717 16.8409 
0.344947 0.136214 0.0625 
2056
0 0 0 
4.93656 10.4985 15.2337 
0.339439 0.140334 0.0698735 
2060
0 0 0 
4.32567 10.03 15.9484 
0.348071 0.13518 0.064779 
2056
1 1 1 
4.76511 9.34269 17.5007 
-0.223618 -0.124314 -0.455067 
2060
1 1 1 0 
5.07622 9.01925 10.5737 13.4564 
-0.225004 -0.131126 -0.624261 -0.612701 
2064
0 0 0 
4.93394 9.80769 18.868 
0.341231 0.140002 0.0621781 
2064
1 1 1 0 
4.53011 8.75831 9.48381 14.9261 
-0.22282 -0.128004 -0.623462 -0.61142 
2068
0 0 0 
5.05115 8.0695 18.521 
0.338149 0.139981 0.0618618 
2068
1 1 1 1 0 
5.35435 9.71113 15.411 10.4129 15.1497 
-0.226106 -0.124862 -0.456451 -0.623428 -0.612036 
2072
1 1 1 1 0 
4.68776 11.6797 9.20755 16.5291 17.296 
-0.224995 -0.625058 -0.127749 -0.454623 -0.615797 
2072
0 0 0 
4.58556 8.94698 13.6758 
0.356917 0.141644 0.0723898 
2076
1 1 0 1 1 0 1 
4.79548 9.50425 9.726 14.3901 11.0082 16.7027 14.2377 
-0.222529 -0.123435 -0.825523 -0.455599 -0.624516 -0.613477 -0.0932846 
2080
1 1 1 0 1 0 1 
4.78688 9.80034 9.75745 12.2748 16.8232 9.6573 21.4303 
-0.223613 -0.625729 -0.128069 -0.832762 -0.45483 -0.827308 -0.347384 
2076
0 0 0 
4.56857 9.35332 14.4874 
0.346355 0.142268 0.0644942 
2084
1 1 0 1 1 
5.75539 9.79793 13.0301 10.4315 15.085 
-0.22765 -0.124215 -0.831705 -0.624166 -0.0942088 
2088
0 0 0 
4.45862 10.8274 14.2599 
0.344573 0.140988 0.0706768 
2088
1 0 1 1 1 1 
4.72729 11.6472 10.608 9.37229 12.6886 15.0044 
-0.223355 -0.827102 -0.125645 -0.625548 -0.456032 -0.0940368 
2092
0 0 0 
4.74294 8.58702 16.0557 
0.34443 0.14618 0.064248 
2092
1 1 0 1 1 1 
5.13782 9.39396 10.7763 10.5837 15.3478 20.5012 
-0.226398 -0.130389 -0.825815 -0.619815 -0.45767 -0.341197 
2096
1 0 1 1 1 
4.6005 12.6516 9.23246 10.8265 15.9276 
-0.222035 -0.826743 -0.125297 -0.623779 -0.444411 
2100
1 0 1 1 1 0 1 
4.63289 11.4038 9.06388 9.34469 13.4024 9.77161 17.5376 
-0.226618 -0.827024 -0.623249 -0.124265 -0.455829 -0.826876 -0.0950328 
2096
0 0 0 
4.69512 9.0737 13.656 
0.345361 0.13809 0.0719278 
2104
1 1 1 0 1 0 
5.26564 10.1537 9.79553 10.6632 15.7825 12.9297 
-0.227148 -0.62332 -0.125498 -0.824262 -0.454907 -0.61143 
2104
0 0 0 
4.23012 9.42412 13.5467 
0.349155 0.137005 0.072445 
2108
1 0 1 1 1 1 
4.37433 11.3651 8.50317 10.712 14.0365 17.2274 
-0.2218 -0.827017 -0.127676 -0.624551 -0.455748 -0.0953895 
2112
1 1 0 1 0 
5.34755 8.15376 11.809 11.2499 10.7099 
-0.225651 -0.132758 -0.826262 -0.624579 -0.827304 
2108
0 0 0 
4.61554 9.13275 15.7825 
0.353879 0.137087 0.0649864 
2112
0 0 0 
4.48916 9.9109 13.2554 
0.348733 0.142039 0.0730203 
2116
0 0 0 
4.86227 9.92181 13.4143 
0.342045 0.140529 0.0717427 
2116
1 0 1 1 1 
4.78242 12.3539 9.3906 8.82714 19.644 
-0.223319 -0.826204 -0.624706 -0.123006 -0.457023 
2120
1 1 1 0 1 0 1 1 
4.29166 10.5072 8.28661 10.5868 16.5588 15.3257 18.8025 14.771 
-0.219689 -0.623873 -0.127671 -0.825216 -0.455342 -0.617007 -0.347499 -0.0938439 
2120
0 0 0 
4.93309 9.84296 15.6881 
0.347596 0.143824 0.0629352 
2124
0 0 0 
4.45569 8.71453 14.4581 
0.347981 0.145564 0.0701397 
2124
1 1 0 1 1 0 
5.04775 10.7282 11.6992 9.81732 16.1095 17.5031 
-0.227184 -0.125624 -0.820749 -0.62519 -0.454587 -0.616104 
2128
1 1 0 1 1 1 
4.97634 9.80555 10.3074 10.4724 15.9974 18.2254 
-0.224401 -0.124651 -0.826184 -0.624153 -0.457076 -0.0941006 
2128
0 0 0 
4.7771 8.13591 15.7005 
0.343736 0.144549 0.0699625 
2132
1 1 0 1 1 
4.86142 9.55148 10.7855 11.0094 13.7434 
-0.225388 -0.128389 -0.826845 -0.624864 -0.456233 
2132
0 0 0 
4.32212 9.83656 16.5629 
0.350868 0.140834 0.0638544 
2140
1 1 0 1 1 0 
5.15777 9.25821 10.9902 9.69624 13.9001 16.8351 
-0.224112 -0.131812 -0.82688 -0.624184 -0.443598 -0.614823 
2144
1 1 1 0 1 
4.65468 9.18025 10.8687 10.9274 16.5952 
-0.226093 -0.129805 -0.624549 -0.826595 -0.454722 
2148
1 0 1 1 1 0 
4.75445 13.1936 10.0136 10.2456 19.7965 10.4334 
-0.224455 -0.8334 -0.625335 -0.127914 -0.456991 -0.827011 
2152
1 1 1 0 1 1 1 
4.31819 8.90581 18.1067 11.6706 10.4646 14.8499 22.5634 
-0.220354 -0.127421 -0.455644 -0.827411 -0.62395 -0.0936119 -0.347489 
2156
1 1 1 0 
4.8919 10.5854 10.1698 10.581 
-0.226657 -0.126403 -0.623515 -0.827121 
2144
0 0 0 
4.19731 8.70432 16.6853 
0.350252 0.144469 0.0638154 
2148
0 0 0 
4.87461 9.62387 12.7622 
0.34932 0.135449 0.0732687 
2152
0 0 0 
4.60616 9.95782 15.9742 
0.344109 0.142889 0.064003 
2156
0 0 0 
4.16203 8.64608 13.2852 
0.361101 0.13335 0.066321 
2160
1 1 0 1 1 
4.98865 8.32157 10.5012 15.88 9.26895 
-0.22409 -0.127463 -0.827214 -0.454413 -0.623713 
2160
0 0 0 
4.60303 9.67523 13.8827 
0.349992 0.13573 0.0712692 
2164
1 1 0 1 1 
4.62439 8.02886 11.6303 17.401 10.5191 
-0.221847 -0.131575 -0.82549 -0.45602 -0.624822 
2164
0 0 0 
4.68029 10.2651 14.4395 
0.351473 0.134001 0.0707123 
2168
0 0 0 
4.58525 10.0187 19.3875 
0.345384 0.143271 0.0617907 
2172
1 0 1 1 1 1 
4.70487 11.3086 9.41983 10.1333 13.9957 14.8695 
-0.224534 -0.827495 -0.129739 -0.624229 -0.456428 -0.0939845 
2172
0 0 0 
4.42753 9.87557 15.8456 
0.346077 0.141274 0.0692108 
2176
0 0 0 
4.4538 9.55204 13.8628 
0.345611 0.136889 0.0719369 
2176
1 1 0 1 0 1 1 
4.23271 9.92565 11.4331 11.2691 9.06745 14.8501 12.9935 
-0.222137 -0.129405 -0.826574 -0.625132 -0.828615 -0.444698 -0.0966598 
2180
0 0 0 
4.34795 9.78273 16.6594 
0.359516 0.134996 0.0621845 
2180
1 1 1 0 1 
5.24796 10.2471 9.36783 11.9475 14.1915 
-0.224705 -0.625554 -0.128916 -0.831642 -0.444375 
2184
0 0 0 
4.31226 8.81002 13.5858 
0.350582 0.142347 0.0713378 
2188
1 1 0 1 1 
5.14009 9.40555 11.2479 15.1434 10.7201 
-0.224873 -0.123544 -0.833355 -0.4571 -0.62426 
2188
0 0 0 
4.7663 11.208 16.6736 
0.345465 0.138782 0.0632346 
2192
0 0 0 0 
4.95449 8.76644 14.9684 5.2656 
0.338938 0.142645 0.0695421 0.744697 
2192
1 1 0 1 1 1 
4.69501 9.72893 11.2674 9.27221 14.8071 20.5713 
-0.223709 -0.12591 -0.827988 -0.624045 -0.0935106 -0.34788 
2196
1 0 1 1 1 0 1 
5.09181 11.743 10.5401 9.21826 13.6072 9.99278 11.873 
-0.219295 -0.826941 -0.624017 -0.128273 -0.457347 -0.827248 -0.101683 
2196
0 0 0 
4.26282 9.61062 16.046 
0.351971 0.136122 0.06374 
2200
0 0 0 
4.54327 8.04778 14.6777 
0.346269 0.140007 0.0704853 
2204
1 0 1 1 1 0 0 
5.18106 11.511 9.21985 9.4886 15.0181 9.99904 16.2795 
-0.226568 -0.825272 -0.128585 -0.624505 -0.456037 -0.826917 -0.6167 
2204
0 0 0 
4.74654 8.50123 15.8424 
0.344317 0.144439 0.0639382 
2208
0 0 0 
4.67478 9.90495 14.0445 
0.353851 0.135775 0.0710537 
2212
0 0 0 
4.18489 8.35007 16.0174 
0.352764 0.150525 0.0633975 
2216
0 0 0 
4.20989 10.0381 18.8718 
0.351835 0.140287 0.0619084 
2208
1 0 1 1 1 0 
4.63156 11.7203 8.47857 9.4548 17.4765 18.34 
-0.223353 -0.826824 -0.127423 -0.619751 -0.0954892 -0.615715 
2212
1 1 0 1 
4.89107 10.2266 11.4387 10.3032 
-0.225077 -0.124376 -0.827652 -0.6243 
2216
1 1 0 1 1 1 0 
4.74017 9.85655 11.6401 10.2951 15.1327 11.6349 17.7999 
-0.224973 -0.124893 -0.819413 -0.620912 -0.454196 -0.0905304 -0.615296 
2220
0 0 0 
4.26158 9.23542 18.0189 
0.34842 0.13791 0.0626782 
2224
0 0 0 
4.60507 10.0898 15.3994 
0.346122 0.140466 0.0633769 
2224
1 0 1 1 1 
4.99949 11.4257 8.1025 10.9695 16.7244 
-0.225427 -0.827888 -0.127029 -0.624922 -0.445393 
2228
1 1 1 0 1 1 
5.32239 10.4546 9.96088 11.0478 17.6535 19.6638 
-0.221994 -0.623667 -0.131183 -0.834443 -0.455671 -0.347756 
2228
0 0 0 
4.39543 9.29278 15.0843 
0.347991 0.144246 0.064766 
2232
1 0 1 1 1 1 
4.42844 11.478 9.88971 10.4996 15.9631 15.8205 
-0.225941 -0.82695 -0.125922 -0.623845 -0.454538 -0.0939189 
2232
0 0 
4.16359 8.97635 
0.360426 0.14694 
2236
0 0 0 
4.41145 9.01775 13.9042 
0.347358 0.142147 0.0704152 
2236
1 1 0 1 0 
4.47951 9.05805 11.3257 10.0392 9.28047 
-0.223451 -0.130798 -0.825512 -0.623965 -0.827064 
2240
1 0 1 1 1 0 1 
4.42103 10.787 8.80627 9.84579 15.1766 15.3606 14.2646 
-0.227017 -0.824161 -0.128447 -0.623569 -0.444889 -0.610771 -0.0937712 
2244
1 1 0 1 0 1 
4.53796 10.0488 12.1191 11.3795 10.2788 11.34 
-0.221219 -0.124325 -0.833442 -0.624354 -0.827626 -0.103352 
2248
1 1 1 0 1 
4.75566 8.32287 9.89804 11.609 16.4753 
-0.226282 -0.132383 -0.624814 -0.826514 -0.444982 
2244
0 0 
4.92798 9.07755 
0.346911 0.144247 
2248
0 0 0 
4.28344 9.30497 14.4544 
0.350626 0.14262 0.0714663 
2252
1 0 1 1 1 
