0
0 
2.8477 
1.02935 
0
1 1 
7.60017 14.4471 
-0.18215 -0.517158 
4
1 1 
6.08481 12.1705 
-0.179155 -0.516601 
8
1 1 1 
5.40113 11.2002 13.5553 
-0.189212 -0.0769381 -0.516179 
4
0 
2.75583 
1.03659 
8
0 
2.93775 
1.02764 
12
0 
2.67837 
1.03613 
12
1 1 1 
6.65467 13.2804 8.8724 
-0.178716 -0.078817 -0.530984 
16
0 
2.65506 
1.03859 
20
0 
2.55921 
1.04484 
16
1 1 1 
6.78173 11.4534 13.161 
-0.179986 -0.519314 -0.0786194 
20
1 1 
5.9526 8.76808 
-0.17827 -0.529997 
24
1 1 1 
6.08964 11.1223 11.9541 
-0.181385 -0.515242 -0.0826797 
28
1 1 1 
6.35337 10.342 8.15935 
-0.179445 -0.5261 -0.0883689 
32
1 1 1 
6.63606 13.8753 14.4023 
-0.18106 -0.516958 -0.0831351 
36
1 1 
5.75826 7.95343 
-0.177786 -0.531169 
40
1 1 1 1 
6.35917 2.48906 8.74569 12.9669 
-0.179952 -0.829538 -0.531439 -0.0781207 
44
1 1 
8.26456 11.9829 
-0.530081 -0.0784157 
48
1 
9.02594 
-0.526076 
52
1 1 1 1 
1.67983 9.19376 10.5114 10.2769 
-0.795814 -0.850084 -0.0770508 -0.524055 
56
1 1 
8.75994 9.39855 
-0.849925 -0.53021 
60
1 1 1 
9.29395 11.952 11.5915 
-0.849968 -0.0778769 -0.514837 
64
1 1 1 
9.50749 11.7479 11.5027 
-0.849494 -0.0861716 -0.515608 
68
1 1 
8.99057 12.8399 
-0.849608 -0.516398 
72
1 1 
8.98639 10.4275 
-0.848755 -0.515669 
76
1 1 1 
8.6055 9.19167 10.8572 
-0.849549 -0.528767 -0.0797878 
80
1 1 
8.61888 11.1178 
-0.848906 -0.515211 
84
1 1 0 
8.67347 8.79566 13.8739 
-0.849622 -0.531284 -0.705272 
88
1 1 0 
8.96015 8.18532 12.1463 
-0.846368 -0.512212 -0.705491 
92
1 1 
8.43802 11.9656 
-0.844777 -0.515688 
96
1 1 
1.63565 11.1582 
-0.800529 -0.514107 
100
1 0 1 
11.2052 13.2456 2.85719 
-0.514653 -0.70368 -0.810834 
104
1 0 
9.69042 13.7568 
-0.514269 -0.704042 
108
1 0 
11.8578 14.0008 
-0.516212 -0.704421 
112
1 0 
8.95697 13.6172 
-0.512589 -0.704212 
116
1 
10.3002 
-0.512841 
120
1 1 1 
10.8275 9.77349 14.4193 
-0.0813652 -0.514142 -0.0440203 
124
1 1 1 0 
1.96258 10.1892 11.4032 10.4381 
-0.809069 -0.0804227 -0.515073 -0.713224 
128
1 1 
11.4259 11.1341 
-0.0772775 -0.513554 
132
1 1 1 1 
6.98214 7.6673 10.8516 11.508 
-0.176128 -0.842942 -0.0810899 -0.516777 
136
1 1 1 1 
5.92787 8.99453 11.1369 15.3243 
-0.181987 -0.84489 -0.076766 -0.0412759 
140
1 1 1 
6.98816 9.18881 10.4914 
-0.180014 -0.848668 -0.0808901 
144
1 1 1 1 0 1 1 
6.1252 8.59613 10.0917 14.678 13.4078 11.3405 14.5447 
-0.175799 -0.846995 -0.0803983 -0.357509 -0.703921 -0.371204 -0.0433061 
148
1 1 1 0 1 1 
5.71926 8.64557 9.82935 16.1294 16.8473 16.3877 
-0.185455 -0.84789 -0.077503 -0.709624 -0.361905 -0.0480417 
152
1 1 1 1 1 
6.25027 9.37014 9.50209 12.5199 18.1799 
-0.171895 -0.849173 -0.0788006 -0.359257 -0.0497146 
156
1 1 1 1 1 1 
6.67757 8.72281 10.5048 9.7045 12.3204 15.8306 
-0.175312 -0.848645 -0.079467 -0.52983 -0.356149 -0.0422603 
160
1 1 1 1 1 1 
5.31084 11.085 9.52537 10.4984 15.4484 15.4378 
-0.174836 -0.0805288 -0.845192 -0.513775 -0.358817 -0.0414645 
164
1 1 1 1 1 
7.61391 11.6211 11.3462 14.8678 18.632 
-0.181397 -0.0835868 -0.516804 -0.0415459 -0.362754 
168
1 1 0 1 1 1 
6.52415 9.11436 10.6849 10.0974 17.5994 16.2624 
-0.179102 -0.0829332 -0.700905 -0.513433 -0.357395 -0.0460791 
172
1 1 0 1 1 1 
6.37794 10.7582 12.6684 9.32593 18.1697 16.3467 
-0.178852 -0.0796694 -0.7029 -0.513075 -0.358616 -0.045135 
176
1 1 1 0 1 1 1 
6.46079 1.80885 12.3382 12.091 13.8158 9.55394 17.8685 
-0.178613 -0.784053 -0.0861877 -0.701819 -0.0440882 -0.513085 -0.362283 
180
1 1 1 1 0 1 1 1 
5.4103 1.41632 10.1476 9.05564 13.0446 15.0233 12.248 16.8265 
-0.175765 -0.788532 -0.0845206 -0.843728 -0.707812 -0.358087 -0.514401 -0.0428941 
184
1 1 1 1 0 1 1 
5.63879 9.89115 8.64445 19.48 15.1675 11.6011 15.922 
-0.17687 -0.079742 -0.84928 -0.357569 -0.706298 -0.51454 -0.045857 
188
1 1 1 1 1 0 1 1 
1.58298 6.20262 10.5351 8.23095 15.4894 15.6896 15.1611 11.8068 
-0.789905 -0.177463 -0.0803079 -0.843323 -0.047989 -0.705378 -0.362661 -0.516686 
192
1 1 1 1 1 0 1 
5.83045 9.85896 10.5073 15.5548 16.3427 11.1422 10.7115 
-0.177887 -0.844903 -0.0851885 -0.362788 -0.0422989 -0.702012 -0.513969 
196
1 1 1 0 1 1 1 
6.91932 8.60078 9.997 14.7249 15.3376 11.3355 16.1573 
-0.181226 -0.849113 -0.0838007 -0.704771 -0.362598 -0.514316 -0.0458752 
200
1 1 1 1 0 1 1 
6.06001 8.38665 11.4172 16.9496 12.2589 15.7867 8.71537 
-0.173033 -0.848947 -0.081616 -0.365164 -0.701922 -0.0413857 -0.511398 
204
1 1 1 0 1 1 1 
5.85081 9.96712 8.39276 15.005 13.3135 14.7374 9.97166 
-0.172209 -0.0790012 -0.848887 -0.704493 -0.0427959 -0.361896 -0.513351 
208
1 1 1 1 1 1 0 
5.5625 8.81529 12.2183 15.0246 9.66443 14.7069 12.3644 
-0.178311 -0.849617 -0.0852313 -0.362546 -0.513051 -0.0476144 -0.707888 
204
0 
2.1707 
1.07634 
208
0 
2.78336 
1.03664 
212
0 
2.9824 
1.01794 
212
1 1 1 0 1 1 1 
6.5637 8.42198 10.7074 15.1642 14.9696 12.4049 13.3633 
-0.176081 -0.849377 -0.0800695 -0.704664 -0.357306 -0.514302 -0.0439183 
216
1 1 1 1 0 1 1 1 
6.68444 1.65878 10.9603 8.98648 15.7651 8.45516 17.6253 10.8233 
-0.184864 -0.783515 -0.079845 -0.84292 -0.704756 -0.511546 -0.0464998 -0.357002 
216
0 0 
2.66317 7.4987 
1.04034 0.285216 
220
1 1 1 0 1 1 1 
5.8566 8.4305 10.134 15.4953 14.7151 16.1044 12.0058 
-0.176214 -0.848746 -0.0847261 -0.705243 -0.0476651 -0.363511 -0.515457 
220
0 
2.49597 
1.04778 
224
0 0 
2.97143 8.37339 
1.02217 0.281231 
228
0 0 
3.01943 7.19969 
1.02415 0.287783 
232
0 0 
2.86015 7.15829 
1.01726 0.286266 
224
1 1 1 0 1 1 1 
6.04531 9.21723 9.93243 16.5832 18.0497 17.5052 11.9084 
-0.175824 -0.849599 -0.078993 -0.704807 -0.358724 -0.0464097 -0.514558 
228
1 1 1 1 0 1 1 1 
7.13712 2.02104 8.43674 11.1247 13.1049 15.1524 13.3029 15.9112 
-0.17671 -0.796625 -0.849805 -0.0854132 -0.702431 -0.0477117 -0.516006 -0.357974 
232
1 1 1 0 1 1 1 
6.24236 9.00635 10.934 11.8462 9.81731 15.1211 14.6242 
-0.181168 -0.849718 -0.0855786 -0.702163 -0.513074 -0.0471053 -0.359248 
236
0 0 
2.94506 7.67576 
1.01761 0.283107 
240
0 0 
2.86557 5.62876 
1.02748 0.289499 
236
1 1 1 1 1 0 1 0 
6.17201 8.56614 10.1747 9.82648 15.7885 16.0082 14.0423 20.6558 
-0.178573 -0.849437 -0.0845603 -0.512301 -0.362835 -0.705403 -0.0434461 -0.395964 
240
1 1 1 1 0 1 1 1 0 
5.72511 1.98142 10.3965 8.81766 16.4918 9.7611 14.6597 15.7876 19.7758 
-0.171966 -0.781408 -0.0802553 -0.845866 -0.704757 -0.51301 -0.362204 -0.0418388 -0.39576 
244
1 1 1 1 0 1 1 1 
2.16505 6.08172 8.7897 11.2032 15.5691 13.2745 12.4994 15.8085 
-0.799572 -0.177824 -0.844762 -0.0806118 -0.704683 -0.359623 -0.515456 -0.0417233 
244
0 0 
5.36428 2.98483 
0.290165 1.02094 
248
1 1 1 0 1 1 1 
6.06398 9.6274 8.01435 12.3863 14.1334 17.1989 11.6901 
-0.184499 -0.0791228 -0.84535 -0.702389 -0.0436408 -0.362907 -0.51487 
248
0 0 
2.73953 6.87596 
1.0297 0.28819 
252
1 1 1 1 1 0 1 
6.70572 8.273 10.0363 11.6019 17.0324 10.8682 18.8463 
-0.179096 -0.850296 -0.0843994 -0.514491 -0.0423964 -0.701513 -0.360113 
252
0 0 
2.8901 6.10305 
1.02432 0.288461 
256
0 0 
5.71143 2.80004 
0.287837 1.03521 
256
1 1 1 0 1 1 1 
5.55581 10.1883 8.93919 12.1071 11.47 16.2239 16.6693 
-0.17125 -0.0798782 -0.848987 -0.701781 -0.515399 -0.363187 -0.0461936 
260
1 1 1 1 0 1 1 
5.7573 10.8762 9.05692 8.69435 15.4788 15.497 15.0506 
-0.170921 -0.0799293 -0.844153 -0.511135 -0.705607 -0.0417942 -0.36191 
260
0 0 
2.76998 5.58453 
1.03417 0.289151 
264
1 1 1 0 1 1 1 0 
5.76763 10.0441 8.40661 15.8976 10.3385 19.1686 14.6058 18.1801 
-0.171483 -0.0793988 -0.849295 -0.705688 -0.514031 -0.356571 -0.043914 -0.394829 
264
0 0 0 
6.11627 2.80247 12.3919 
0.294045 1.03106 0.163668 
268
1 1 1 0 1 1 1 
5.74265 10.3045 9.32318 14.6172 9.25391 14.7034 16.7186 
-0.17281 -0.0788839 -0.844377 -0.70338 -0.512155 -0.357877 -0.0460817 
268
0 0 0 
6.43163 3.01937 9.24422 
0.290475 1.02385 0.162082 
272
0 0 
2.70045 6.9492 
1.03266 0.279968 
272
1 1 1 1 1 0 1 
5.86933 9.97399 9.57028 9.01007 14.8244 12.441 17.1265 
-0.172324 -0.0789976 -0.8442 -0.511757 -0.0449942 -0.702569 -0.367745 
276
1 1 1 1 0 1 1 
5.59397 9.98597 8.65361 16.3573 11.981 9.54081 15.2785 
-0.17659 -0.0790221 -0.848459 -0.0499611 -0.703116 -0.529414 -0.36405 
280
1 1 1 0 1 1 
5.74054 8.73695 10.3587 13.3303 10.0322 21.1937 
-0.171422 -0.849977 -0.0846184 -0.703277 -0.512705 -0.356853 
280
0 0 0 
2.79071 6.18408 9.41031 
1.03382 0.288712 0.172158 
284
1 1 1 0 1 1 1 
5.6378 9.407 11.079 12.2844 9.90801 15.556 14.1332 
-0.176433 -0.84954 -0.080308 -0.703474 -0.528527 -0.356666 -0.0445072 
284
0 0 0 
6.90247 2.7058 10.8391 
0.289044 1.03879 0.163761 
288
1 1 1 0 1 1 1 
6.00606 9.59663 11.5976 14.1585 9.75129 18.871 17.6434 
-0.173753 -0.849854 -0.0769185 -0.702811 -0.513726 -0.357089 -0.0460093 
292
1 1 1 0 1 1 1 
6.35775 9.93764 10.3386 15.8239 19.3873 9.82213 17.5928 
-0.183588 -0.844742 -0.0799297 -0.705165 -0.357902 -0.512775 -0.0494851 
296
1 1 1 1 1 1 0 1 
5.86294 1.69869 9.88374 10.309 15.0175 19.0032 13.9263 8.71503 
-0.172701 -0.799677 -0.845118 -0.0800223 -0.0441647 -0.358433 -0.70375 -0.511837 
292
0 0 0 
5.90446 3.09261 10.1399 
0.290996 1.01651 0.172278 
296
0 0 0 
6.08421 2.74658 12.0394 
0.293045 1.02583 0.168762 
300
0 0 0 
6.54266 3.25024 11.3365 
0.28863 1.0124 0.168454 
300
1 1 1 1 0 1 1 
5.4015 9.14615 9.80579 17.6754 15.2439 9.37588 15.3707 
-0.170449 -0.845198 -0.0846551 -0.356609 -0.704036 -0.512603 -0.0474522 
304
1 1 1 1 0 1 1 
6.42504 8.89142 11.8024 15.085 15.927 9.37744 15.7316 
-0.178855 -0.844267 -0.0818124 -0.357084 -0.704664 -0.512175 -0.0461881 
308
1 1 1 0 1 1 1 
6.85334 8.88449 10.2051 13.5722 8.83284 15.8691 15.7226 
-0.181476 -0.850487 -0.0832141 -0.704827 -0.511968 -0.359007 -0.0455129 
304
0 0 0 
6.84749 3.18375 13.5717 
0.287366 1.01036 0.165101 
312
1 1 1 1 1 0 1 
6.08211 8.36409 11.1313 13.9665 16.218 15.7543 8.74757 
-0.171724 -0.848185 -0.0816293 -0.359357 -0.0422919 -0.705614 -0.511269 
316
1 1 1 1 0 1 1 
6.30323 9.12085 11.2087 13.9903 15.0547 9.33609 14.7678 
-0.174047 -0.844986 -0.0801614 -0.357905 -0.705193 -0.513299 -0.047168 
312
0 0 0 
6.06113 3.09874 9.21504 
0.294256 1.01391 0.175793 
316
0 0 0 
6.21757 3.04161 11.6138 
0.292545 1.02452 0.169275 
320
1 1 1 0 1 1 1 
6.01906 8.66134 11.5348 12.1154 17.4339 11.2397 14.5485 
-0.173368 -0.849523 -0.0805394 -0.701772 -0.36246 -0.523262 -0.0464588 
324
0 0 0 
6.3035 2.57128 11.8579 
0.291762 1.04372 0.168314 
328
0 0 0 
6.3929 3.04679 9.61396 
0.291446 1.01664 0.175352 
324
1 1 1 1 1 1 0 
5.92726 9.65455 11.1102 11.8772 15.9431 14.7622 14.3816 
-0.171697 -0.844694 -0.0814458 -0.52409 -0.362779 -0.0480353 -0.704431 
328
1 1 1 1 1 1 1 0 
6.09183 9.37109 10.7771 9.85287 14.8606 16.7538 13.742 11.5879 
-0.171523 -0.846198 -0.0799683 -0.513125 -0.369759 -0.356741 -0.0484197 -0.702621 
332
0 0 0 
6.77218 3.08033 11.7953 
0.289148 1.01712 0.168963 
332
1 1 1 0 1 1 1 1 
5.95782 10.5136 8.27549 14.3837 11.3675 15.0062 14.5206 14.5877 
-0.176037 -0.0805271 -0.849482 -0.705009 -0.51505 -0.362127 -0.0469621 -0.27532 
336
1 1 1 0 1 1 1 1 
6.5657 8.98053 10.285 14.8586 16.4877 11.0441 11.877 12.9923 
-0.178783 -0.849546 -0.0797827 -0.705533 -0.0474345 -0.522737 -0.360951 -0.271461 
340
0 0 0 
3.01385 6.0713 12.3944 
1.02323 0.288565 0.167973 
340
1 1 1 1 1 1 0 1 
5.53609 2.08776 10.5762 9.36911 14.7686 11.042 16.6301 15.5669 
-0.169603 -0.799581 -0.079602 -0.844767 -0.357415 -0.513827 -0.70481 -0.0478331 
344
1 1 1 1 1 0 1 1 
5.72147 8.75141 10.9281 10.196 13.7298 12.0401 14.613 14.7513 
-0.168937 -0.849447 -0.0795448 -0.513975 -0.35741 -0.701359 -0.0467885 -0.271125 
344
0 0 0 
6.62579 3.00424 14.2361 
0.287588 1.0194 0.163962 
348
1 1 1 1 1 0 1 
5.92778 8.58166 11.9844 10.1447 16.9904 12.4812 16.4364 
-0.175915 -0.848581 -0.0808496 -0.512703 -0.362979 -0.701929 -0.042651 
352
0 0 0 
2.85704 5.97417 10.3059 
1.02872 0.284775 0.169298 
352
1 1 1 1 1 0 1 
6.20941 8.07577 9.85303 16.8526 9.62695 11.7305 15.6642 
-0.173765 -0.848563 -0.0784855 -0.358395 -0.5128 -0.701176 -0.0452555 
356
1 1 1 0 1 1 1 
5.70232 10.4418 10.1952 11.46 17.1513 11.013 15.5592 
-0.170453 -0.0807052 -0.845534 -0.70164 -0.363255 -0.523318 -0.0471921 
356
0 0 0 
2.70004 5.39878 10.7894 
1.03424 0.293019 0.172822 
360
1 1 1 1 1 1 1 0 
6.2325 8.44132 10.7778 15.1479 19.2658 11.1737 18.0482 14.3357 
-0.174851 -0.848715 -0.0798718 -0.362277 -0.268004 -0.514899 -0.0462712 -0.711993 
360
0 0 0 
6.26029 2.81058 9.40043 
0.292312 1.03312 0.174666 
364
0 0 0 
6.24829 2.87805 7.72632 
0.293969 1.02339 0.178247 
368
1 1 1 1 1 1 0 1 
6.21076 2.0632 8.91644 10.3775 10.3027 15.0121 15.3501 17.4851 
-0.17425 -0.818856 -0.843661 -0.0801033 -0.514466 -0.363126 -0.705029 -0.0466521 
368
0 0 0 
6.79395 2.69419 13.5 
0.286639 1.03263 0.165319 
372
0 0 0 
6.29249 2.91275 10.2718 
0.290706 1.02653 0.173089 
372
1 1 1 0 1 1 1 
6.42959 8.8582 11.8172 11.8537 17.5441 10.794 16.9214 
-0.174452 -0.8479 -0.0808995 -0.701865 -0.359339 -0.513971 -0.0462511 
376
1 1 1 1 1 0 1 1 
5.37274 10.0573 9.25943 15.7715 9.53115 14.6638 12.3394 19.9657 
-0.170697 -0.0792929 -0.848593 -0.047217 -0.512499 -0.704519 -0.357965 -0.266434 
376
0 0 0 
6.19869 3.03482 12.2246 
0.292975 1.01696 0.164712 
380
1 1 1 1 0 1 1 1 
5.4126 11.1331 8.56126 13.7148 15.7595 11.2171 16.162 20.2212 
-0.169004 -0.081218 -0.849185 -0.35798 -0.705243 -0.523716 -0.0486542 -0.267017 
380
0 0 0 
5.84224 2.63411 10.1818 
0.29741 1.03972 0.16771 
384
0 0 0 
3.07019 7.04641 8.91842 
1.0236 0.282012 0.176525 
388
0 0 0 
6.15389 2.84731 11.7585 
0.294913 1.03211 0.168907 
388
1 1 1 0 1 1 1 
5.88891 8.6809 10.7043 15.9892 15.7041 10.5457 15.2574 
-0.172237 -0.848613 -0.0806711 -0.704789 -0.363066 -0.523375 -0.045713 
392
0 0 0 
6.26055 2.83663 11.4392 
0.291232 1.03399 0.174067 
396
0 0 0 
5.97331 2.81228 11.741 
0.295957 1.03541 0.16834 
392
1 1 1 1 0 1 1 1 1 
5.60464 2.22201 10.2185 9.99844 11.561 12.9459 11.981 16.4591 11.0407 
-0.171441 -0.794161 -0.0794646 -0.845307 -0.70213 -0.361588 -0.524469 -0.0470702 -0.27395 
396
1 1 1 1 1 0 1 1 1 
6.03196 2.4142 10.1229 8.71083 11.3846 14.5141 16.9238 14.7757 12.9795 
-0.173099 -0.798993 -0.0794079 -0.849209 -0.523117 -0.704597 -0.362729 -0.0439093 -0.272273 
400
1 1 1 0 1 1 1 
5.94188 10.0043 9.94434 12.0029 9.65158 14.7387 15.1473 
-0.172637 -0.844452 -0.0841537 -0.70202 -0.512631 -0.0413874 -0.362904 
404
1 1 1 1 1 0 1 1 
5.33166 10.2024 8.67055 15.1627 15.1265 14.1705 9.57499 14.6609 
-0.170456 -0.0796027 -0.848548 -0.362966 -0.0439887 -0.704566 -0.512457 -0.264996 
404
0 0 0 0 
6.41407 2.56337 10.4455 12.3553 
0.290526 1.04137 0.174043 0.133734 
408
0 0 0 0 
5.50511 2.60727 10.9524 18.0456 
0.293016 1.04306 0.174002 0.122286 
408
1 1 1 1 1 1 1 0 
1.62468 5.22086 9.51026 10.6987 9.48959 14.8444 12.7293 15.8958 
-0.799899 -0.16914 -0.84445 -0.0807692 -0.512757 -0.0442293 -0.360804 -0.705023 
412
0 0 0 
6.58657 2.71374 9.86699 
0.289923 1.0349 0.171056 
412
1 1 1 1 1 1 1 0 1 
6.05219 1.616 8.59279 11.865 11.12 13.3396 16.0423 15.4305 17.7156 
-0.17391 -0.785342 -0.844329 -0.0812453 -0.522993 -0.0442724 -0.362663 -0.705198 -0.267112 
416
0 0 0 0 
6.13171 3.14717 10.2652 16.929 
0.293798 1.01384 0.169951 0.123846 
420
0 0 0 0 
5.93049 2.66214 11.2157 18.5652 
0.296617 1.03624 0.169088 0.121959 
416
1 1 1 1 0 1 1 
5.93306 8.8521 10.7269 11.0975 12.9867 12.6826 14.9196 
-0.173716 -0.849406 -0.0799038 -0.514916 -0.701871 -0.044027 -0.362894 
424
0 0 0 0 
5.44302 2.88575 11.7132 18.0595 
0.290812 1.02695 0.169431 0.12208 
424
1 1 1 0 1 1 1 
7.15927 9.00556 10.3914 15.3917 16.2779 10.5414 14.5551 
-0.175787 -0.844029 -0.0796769 -0.705332 -0.363527 -0.522997 -0.0475617 
428
1 1 1 0 1 1 1 1 
5.75411 7.78718 10.3954 12.2774 14.0637 11.4278 15.6217 19.7713 
-0.173843 -0.843297 -0.079838 -0.702406 -0.363482 -0.514755 -0.044682 -0.266493 
428
0 0 0 0 
5.62679 2.8094 10.1743 16.2025 
0.292916 1.03532 0.173917 0.124106 
432
1 1 1 1 1 0 1 
5.26577 9.85254 9.37263 15.354 11.0147 12.8018 15.1366 
-0.169383 -0.84441 -0.0839019 -0.363237 -0.514004 -0.702175 -0.0471615 
436
1 1 1 1 1 0 1 1 
5.61 8.54825 10.6646 9.62112 16.2684 13.1319 14.5898 15.4002 
-0.181129 -0.84904 -0.081536 -0.512745 -0.363892 -0.70235 -0.271012 -0.0471705 
436
0 0 0 0 
6.49055 3.27393 11.5268 13.8848 
0.290372 1.01363 0.168891 0.132768 
440
1 1 1 0 1 1 1 
5.93693 8.60169 10.6558 14.0441 9.2606 15.7147 16.1395 
-0.172989 -0.845104 -0.0851027 -0.704577 -0.511973 -0.362901 -0.0462277 
440
0 0 0 0 
5.69566 3.1253 11.824 12.7652 
0.29853 1.01799 0.169134 0.133995 
444
1 1 1 0 1 1 1 1 
5.82829 8.53416 10.4601 12.429 9.96908 15.4402 20.7747 14.1369 
-0.173244 -0.849041 -0.0791637 -0.702004 -0.512877 -0.363024 -0.266771 -0.0442794 
444
0 0 0 0 
6.12219 2.6524 12.4204 12.4101 
0.293561 1.0406 0.17126 0.135149 
448
0 0 0 
6.30439 3.15821 12.1987 
0.293657 1.01786 0.171596 
448
1 1 1 1 0 1 1 1 
6.24427 10.6001 8.79557 10.2691 11.4323 15.5223 15.7824 20.1624 
-0.180051 -0.0795409 -0.843902 -0.513588 -0.700732 -0.046739 -0.36289 -0.267335 
452
1 1 1 1 0 1 1 
5.72661 9.25094 11.3498 9.58024 17.318 15.8355 13.9611 
-0.171792 -0.84475 -0.0811371 -0.512585 -0.705399 -0.362578 -0.0442619 
456
1 1 1 1 0 1 1 
5.78038 7.98221 11.3258 10.8876 17.1385 16.1724 16.2596 
-0.171502 -0.848127 -0.0807843 -0.51434 -0.705561 -0.362757 -0.0428369 
456
0 0 0 0 
5.94655 2.89805 11.5387 19.1056 
0.295126 1.02746 0.16919 0.120594 
460
1 1 1 0 1 1 1 1 
6.01975 8.09982 10.8325 13.0088 10.536 15.6555 16.4931 19.2784 
-0.172239 -0.849351 -0.0800079 -0.700954 -0.513958 -0.363434 -0.0462532 -0.266041 
460
0 0 0 0 
6.54321 3.18453 10.0065 13.4613 
0.290418 1.01798 0.170196 0.133351 
464
1 1 1 0 1 1 1 1 
5.79404 8.5531 10.6557 12.5641 11.338 15.8112 13.8868 19.0793 
-0.171837 -0.849678 -0.0801098 -0.702794 -0.514705 -0.362645 -0.0448345 -0.266385 
468
1 1 1 1 1 0 1 
6.11094 7.29821 10.59 8.2481 14.6679 12.5415 14.6582 
-0.17403 -0.840957 -0.0792287 -0.510106 -0.363001 -0.701898 -0.047434 
468
0 0 0 0 
6.45673 2.8388 11.1732 13.7347 
0.292483 1.03088 0.170122 0.132195 
472
1 1 1 1 0 1 1 
6.97695 8.81102 10.3944 9.9391 12.6956 15.124 14.4001 
-0.180773 -0.84917 -0.0802833 -0.512989 -0.703186 -0.362916 -0.0475586 
472
0 0 0 0 
7.00491 2.79761 11.2864 12.4396 
0.286212 1.03337 0.175257 0.133531 
476
0 0 0 0 
6.67011 11.0699 2.82184 13.7947 
0.290244 0.17571 1.03133 0.132026 
476
1 1 1 0 1 1 
5.50451 8.87027 10.0524 15.3758 11.4653 15.0491 
-0.16998 -0.849289 -0.0839787 -0.704793 -0.523386 -0.0487423 
480
1 1 1 1 1 0 1 1 
5.84541 8.22882 9.78672 9.43996 16.3379 12.687 15.0731 19.1152 
-0.172724 -0.842923 -0.0793793 -0.512341 -0.363238 -0.702629 -0.0482937 -0.266658 
480
0 0 0 0 
5.61983 2.83872 11.5236 13.5674 
0.293226 1.02771 0.169036 0.131622 
484
0 0 0 0 
5.95822 2.72629 10.8495 19.006 
0.296763 1.03607 0.172513 0.121567 
488
0 0 0 0 
6.44029 2.75772 11.6709 18.0174 
0.291378 1.03627 0.16904 0.121959 
492
0 0 0 0 
5.78904 2.9302 11.1674 13.3615 
0.297538 1.02542 0.168359 0.132276 
488
1 1 1 0 1 1 1 1 
5.60733 8.71443 10.6513 12.2277 9.47885 15.8255 14.2119 19.5338 
-0.172232 -0.847914 -0.0802479 -0.703004 -0.513605 -0.36327 -0.043608 -0.266294 
492
1 1 1 0 1 1 1 
5.8849 9.12321 11.0439 12.6392 10.6497 15.6761 13.3071 
-0.173349 -0.84544 -0.0809049 -0.70194 -0.514059 -0.362433 -0.0439499 
496
1 1 1 0 1 1 1 1 
6.51787 7.25706 10.5728 13.4686 11.4502 16.5181 14.3769 21.4501 
-0.179949 -0.848064 -0.0804032 -0.703802 -0.524169 -0.36378 -0.0464541 -0.26706 
496
0 0 0 0 
5.8826 2.97852 10.9055 18.9855 
0.296776 1.02571 0.168784 0.122155 
500
0 0 0 0 
6.37329 2.64393 11.2994 13.3585 
0.291028 1.04333 0.168555 0.133762 
504
0 0 0 0 
6.06595 2.75119 12.1273 12.9025 
0.294553 1.03284 0.167636 0.134293 
500
1 1 1 0 1 1 1 1 
6.23923 8.12106 10.7193 13.2568 10.5227 16.5391 13.755 18.9371 
-0.176022 -0.849398 -0.080195 -0.702921 -0.522971 -0.363012 -0.0477552 -0.267716 
508
1 1 1 1 0 1 1 1 
5.53421 8.50315 11.2456 10.5688 11.7851 16.0236 14.0577 18.7528 
-0.170499 -0.848114 -0.0806302 -0.513724 -0.701975 -0.364315 -0.0432743 -0.266891 
512
0 0 0 0 
6.19168 3.06142 6.87336 16.5539 
0.293831 1.02076 0.181434 0.124545 
512
1 1 1 1 1 0 1 
6.5398 11.7321 8.51161 9.59839 15.4401 11.5685 14.7495 
-0.178835 -0.0809744 -0.843221 -0.511994 -0.36302 -0.699784 -0.0480397 
516
1 1 1 0 1 1 1 1 
6.63134 8.98462 10.3286 12.4 10.6218 16.0064 16.8513 20.2095 
-0.179007 -0.844566 -0.0788664 -0.703193 -0.514238 -0.362941 -0.0464347 -0.266998 
520
1 1 1 0 1 1 1 
5.31189 9.51785 10.5709 12.8222 12.229 16.0243 16.6437 
-0.17872 -0.848126 -0.0806454 -0.702741 -0.514744 -0.363814 -0.0458717 
524
1 1 1 0 1 1 1 1 
5.70438 8.41923 11.2382 11.9215 9.37686 14.832 14.4706 20.3623 
-0.17185 -0.849608 -0.0804412 -0.701825 -0.512776 -0.362611 -0.0481917 -0.266833 
516
0 0 0 0 
6.15519 2.69355 10.9011 14.3127 
0.293194 1.0336 0.170999 0.130517 
520
0 0 0 
6.72077 2.96231 12.7103 
0.288837 1.02316 0.165878 
528
1 1 1 0 1 1 1 1 
5.54799 8.5349 11.9168 12.1042 11.2225 11.164 15.3082 13.974 
-0.170851 -0.844662 -0.0811926 -0.702328 -0.523984 -0.371151 -0.0467902 -0.352447 
528
0 0 0 
5.40001 3.03096 12.3746 
0.292597 1.02428 0.168323 
532
1 1 1 1 1 0 1 
5.4969 9.81136 10.6165 11.1109 16.4582 12.1678 13.723 
-0.17158 -0.849448 -0.0797849 -0.523308 -0.362694 -0.701422 -0.0440266 
532
0 0 0 
7.11837 2.79941 10.1149 
0.286396 1.0302 0.17695 
536
0 0 0 0 
6.09051 2.70619 11.4611 13.8648 
0.294401 1.03786 0.170861 0.132096 
536
1 1 1 1 1 0 1 1 
5.85032 8.58235 11.1391 9.15492 12.2849 16.2356 14.6145 15.0233 
-0.17285 -0.843885 -0.0802411 -0.51605 -0.354585 -0.705708 -0.0430697 -0.264117 
540
0 0 0 0 
6.38694 2.7264 10.424 13.6144 
0.290784 1.03926 0.174462 0.131619 
540
1 1 1 0 1 1 1 
6.09403 9.07955 10.6544 12.3302 8.80413 14.8408 16.649 
-0.179655 -0.845796 -0.0799055 -0.702514 -0.511528 -0.362532 -0.0475981 
