0
1 1 1 0 1 1 1 1 1 0 1 1 1 1 0 1 
2.14232 6.56465 9.10329 13.0476 11.7845 14.0112 15.0598 13.1251 12.6403 10.1431 12.7889 14.6702 14.0348 12.8768 14.3829 12.3017 
-0.753084 -0.111475 -0.757098 -0.580161 -0.44702 -0.112631 -0.348868 -0.0641872 -0.162338 -0.625204 -0.215024 -0.303487 -0.275841 -0.0301395 -0.37114 -0.0129083 
4
1 1 1 0 1 0 1 1 1 1 1 1 1 1 0 0 
2.06515 6.54623 9.09738 15.5993 13.5111 13.4529 15.4774 13.4056 13.8217 12.0789 13.3383 13.9945 11.303 11.6965 17.0523 15.6773 
-0.755816 -0.121697 -0.756489 -0.625265 -0.448499 -0.581863 -0.0648374 -0.112509 -0.275628 -0.214337 -0.161098 -0.0316548 -0.30971 -0.00804602 -0.479064 -0.370884 
0
0 0 0 0 0 
5.94536 9.99816 16.2823 14.9745 11.209 
0.413584 0.263102 0.166224 0.0645104 0.363033 
4
0 0 0 0 0 
5.09092 10.4044 14.679 15.2251 12.7736 
0.423276 0.262842 0.169013 0.0636192 0.35945 
8
1 1 1 0 1 0 1 1 1 1 1 1 1 1 0 
2.16665 7.23571 9.15595 16.0403 12.5489 11.7869 12.5399 14.2875 13.6418 10.9888 13.2054 14.5207 12.4354 11.5007 14.1616 
-0.757551 -0.110915 -0.758132 -0.626387 -0.442382 -0.582792 -0.214153 -0.0654057 -0.343118 -0.0289117 -0.309636 -0.165118 -0.274287 -0.0125401 -0.370884 
12
1 1 1 0 1 0 1 1 1 1 1 1 1 1 1 0 0 0 
2.16525 6.89503 9.42002 16.2519 12.1919 12.161 14.9084 12.9578 14.3705 13.6848 14.0687 14.2681 11.627 11.0059 11.6617 14.9245 9.7995 14.3881 
-0.753263 -0.110963 -0.757714 -0.626201 -0.447214 -0.580946 -0.34847 -0.274358 -0.0656795 -0.220375 -0.114091 -0.0321042 -0.301448 -0.157634 -0.0122739 -0.474577 -0.488194 -0.370903 
8
0 0 0 0 0 
5.83762 10.2816 17.6678 14.1411 12.3092 
0.415421 0.263512 0.167492 0.065636 0.360402 
12
0 0 0 0 0 
5.45257 10.3916 11.723 9.76142 12.4166 
0.419831 0.262771 0.174373 0.0615047 0.360463 
16
0 0 0 0 0 
5.8738 9.70616 14.5561 15.8431 11.0136 
0.416038 0.264333 0.169692 0.0629146 0.363101 
16
1 1 1 1 1 1 1 1 1 0 0 1 1 1 0 1 0 0 
2.11243 6.15459 9.44235 11.934 12.1829 14.9648 12.7385 12.568 13.097 16.1216 11.6349 15.7643 14.0946 13.1841 15.5051 12.0069 12.9614 14.9186 
-0.756621 -0.114459 -0.757304 -0.446746 -0.31022 -0.165607 -0.217346 -0.337344 -0.275074 -0.626206 -0.581462 -0.112286 -0.0655034 -0.0304108 -0.474475 -0.0124182 -0.370952 -0.483608 
20
0 0 0 0 
5.98174 10.2203 12.2192 12.0039 
0.414148 0.262298 0.0574254 0.359801 
20
1 1 1 1 1 1 1 1 0 1 1 1 1 0 1 0 
2.21159 5.73784 7.01848 13.7806 11.5417 12.5018 11.1938 14.9171 10.5325 14.164 14.6253 11.2203 13.2504 16.2913 11.9756 13.3798 
-0.757042 -0.113501 -0.755096 -0.217141 -0.309854 -0.274779 -0.447003 -0.346907 -0.581971 -0.0651008 -0.113587 -0.162128 -0.0318954 -0.625523 -0.0129765 -0.37126 
24
1 1 1 1 1 1 0 0 1 1 1 1 1 1 1 
1.95264 6.75239 8.99167 13.3589 13.9508 13.0638 15.4413 13.0845 12.1504 12.5345 13.7088 14.164 13.2985 12.8613 11.8143 
-0.75257 -0.113189 -0.756974 -0.30869 -0.346249 -0.279932 -0.58519 -0.628339 -0.162687 -0.443405 -0.065625 -0.114347 -0.220516 -0.0322237 -0.012569 
24
0 0 0 0 0 
5.4386 10.0646 16.6185 15.7822 10.0726 
0.417424 0.263382 0.163746 0.0632448 0.358203 
28
1 1 1 1 1 1 1 1 1 1 0 0 1 1 1 
2.08342 5.92997 9.25938 14.5882 12.6441 11.9594 12.083 11.7559 13.592 10.9775 13.9492 12.5014 10.8482 11.8534 13.3942 
-0.766723 -0.120937 -0.757448 -0.308011 -0.347041 -0.27911 -0.221108 -0.162974 -0.0643173 -0.444636 -0.586134 -0.633834 -0.117835 -0.012314 -0.0318889 
28
0 0 0 0 
6.265 14.7257 13.1017 15.592 
0.409219 0.260965 0.163632 0.0616144 
32
0 0 0 0 0 
6.05742 12.0839 19.5941 15.6274 11.2416 
0.411957 0.165799 0.0572268 0.259594 0.356364 
32
1 1 1 1 1 1 1 0 1 1 1 1 0 1 1 0 
6.15625 2.19844 8.92889 12.1944 9.98061 12.6791 11.9065 12.0271 14.2482 13.5971 10.8317 13.8783 12.6166 11.7709 11.5218 16.4877 
-0.122045 -0.776908 -0.759914 -0.345653 -0.445947 -0.279532 -0.162942 -0.632485 -0.0698487 -0.0370568 -0.312539 -0.220915 -0.585651 -0.117151 -0.0125224 -0.479473 
36
1 1 1 1 0 1 1 1 1 1 1 1 0 1 1 
2.12155 6.01967 8.77912 13.8695 14.9775 12.1412 10.0516 11.3999 13.3497 13.9207 14.7737 12.4769 12.3479 12.7384 14.648 
-0.770256 -0.122777 -0.76225 -0.21997 -0.629666 -0.163237 -0.446129 -0.458344 -0.307746 -0.0708911 -0.0361991 -0.0132526 -0.586388 -0.115153 -0.281601 
36
0 0 0 0 0 
5.93375 15.2517 14.3795 21.3089 10.7943 
0.413482 0.257078 0.164575 0.0543648 0.369874 
40
0 0 0 0 0 
5.71828 18.529 11.8577 9.45614 12.1812 
0.414958 0.15734 0.263026 0.362871 0.0635443 
40
1 1 1 1 1 1 1 1 1 0 1 1 0 1 1 
2.10779 6.90877 8.17331 13.5578 12.6467 14.0118 12.2493 11.3579 11.4844 15.5088 12.8471 14.0661 13.0999 12.9245 12.0308 
-0.779796 -0.114398 -0.76071 -0.352394 -0.452377 -0.035145 -0.218608 -0.172247 -0.314253 -0.589563 -0.0682053 -0.115483 -0.636768 -0.279893 -0.0165928 
44
1 1 1 1 1 1 1 0 1 0 1 1 1 1 1 0 
1.98674 6.69177 8.82446 12.3729 12.8066 12.1074 10.8981 13.1381 13.0503 13.1071 13.0555 13.4102 14.3427 12.4671 12.3143 25.2321 
-0.790479 -0.117712 -0.768379 -0.451439 -0.0681899 -0.0390419 -0.171885 -0.589185 -0.218897 -0.636611 -0.312971 -0.117945 -0.34976 -0.282575 -0.0160039 -0.379262 
44
0 0 0 0 0 
6.42789 11.491 14.6826 13.6599 9.62689 
0.399712 0.262836 0.165489 0.0583606 0.362163 
48
0 0 0 0 0 0 
6.49129 15.0925 12.0863 13.5151 13.1332 12.6741 
0.399815 0.25784 0.161932 0.0601456 0.170253 0.354895 
52
0 0 0 0 0 
6.11192 13.4751 12.1468 23.9176 13.2523 
0.404655 0.164373 0.262478 0.051039 0.360179 
48
1 1 1 1 1 1 1 1 0 1 1 1 0 1 0 1 
1.94806 10.2574 5.36854 11.5638 12.382 12.6781 13.4164 11.424 13.1985 10.4901 12.8766 12.4644 14.5368 9.90357 14.8484 13.3119 
-0.794038 -0.771707 -0.112926 -0.455454 -0.166717 -0.0389729 -0.119685 -0.0682399 -0.635206 -0.34899 -0.282642 -0.222173 -0.590843 -0.306451 -0.489019 -0.0167146 
52
1 1 1 1 1 1 1 1 1 1 1 0 1 1 0 
1.83152 6.84376 8.99192 12.6601 11.0666 11.3564 14.0741 14.3674 11.3582 11.0053 13.4806 15.8302 10.922 11.9142 16.4839 
-0.795605 -0.127552 -0.771452 -0.166708 -0.460135 -0.122607 -0.039697 -0.0719875 -0.349927 -0.30857 -0.223189 -0.59567 -0.288221 -0.0183092 -0.48235 
56
1 1 1 1 1 1 1 1 0 1 1 0 1 1 1 0 
1.75056 8.9606 7.04024 13.0811 14.9612 13.3878 10.7851 13.8518 15.833 12.9238 11.3407 15.4769 12.2487 12.9565 11.9518 15.5974 
-0.803434 -0.778595 -0.125376 -0.17047 -0.351276 -0.042882 -0.460487 -0.0706306 -0.595166 -0.228434 -0.12286 -0.636296 -0.314043 -0.285771 -0.0174361 -0.486824 
60
0 0 0 0 0 
6.24346 14.9907 16.0826 12.4259 24.4765 
0.403341 0.25701 0.164486 0.360686 0.0514399 
60
1 1 1 1 0 0 1 1 1 1 1 1 1 1 1 0 
1.73462 6.46917 8.901 11.7487 14.8387 14.6939 11.9201 12.8255 9.14358 11.1114 12.5387 11.5038 11.558 10.951 14.363 17.4217 
-0.806375 -0.128591 -0.777792 -0.0763357 -0.645178 -0.59455 -0.174476 -0.04335 -0.468263 -0.127819 -0.354468 -0.229822 -0.0174578 -0.307848 -0.286711 -0.382793 
64
0 0 0 0 0 
6.17188 13.626 15.4084 15.4361 9.01528 
0.402521 0.255095 0.16216 0.0548908 0.354918 
68
1 1 1 1 0 1 1 1 0 1 1 1 1 1 1 
2.13165 5.70788 8.83659 11.5179 15.9502 12.7118 10.6284 13.6814 13.7831 12.5841 16.0444 13.3856 12.7924 14.6651 13.2513 
-0.832394 -0.125966 -0.782738 -0.354761 -0.640485 -0.464948 -0.235059 -0.0750831 -0.598709 -0.178514 -0.321236 -0.122987 -0.295689 -0.0436405 -0.0206437 
68
0 0 0 0 0 
6.4922 13.4827 12.6351 14.399 11.7023 
0.401092 0.0547542 0.255923 0.163519 0.363706 
72
1 1 1 1 1 1 0 0 1 1 1 1 1 1 1 1 0 
1.8059 6.81458 9.51064 11.1711 10.8559 12.6208 14.4226 14.6466 14.5079 12.3057 12.2421 12.4537 11.9455 9.77335 16.5114 12.2887 14.5885 
-0.810525 -0.129723 -0.784734 -0.35238 -0.236061 -0.463801 -0.644082 -0.59903 -0.0518536 -0.172672 -0.169186 -0.296448 -0.126549 -0.310788 -0.0840069 -0.0222184 -0.264885 
76
0 0 0 0 0 
5.97675 12.4177 15.4355 16.8606 13.1616 
0.402114 0.256161 0.0547745 0.159128 0.349649 
76
1 1 1 1 1 1 1 1 1 1 0 1 1 0 0 1 0 
1.88482 7.15173 8.73358 12.9557 11.6223 12.1175 11.4705 14.1621 9.92638 10.9763 14.4827 14.5719 9.1206 14.0399 18.5057 13.7833 14.4105 
-0.817969 -0.12861 -0.780253 -0.354168 -0.179007 -0.463355 -0.234242 -0.127252 -0.050151 -0.0809899 -0.603411 -0.32448 -0.0218288 -0.644298 -0.267365 -0.292144 -0.380049 
80
0 0 0 0 
4.72684 12.5596 11.4674 13.8947 
0.409413 0.255879 0.0567603 0.163806 
84
0 0 0 0 0 
6.28878 13.5404 17.2008 14.4614 10.009 
0.398189 0.253903 0.0526934 0.163558 0.35532 
80
1 1 1 1 1 1 1 0 1 1 0 1 1 1 1 1 0 0 
2.03311 6.17113 8.21323 10.4085 11.5847 9.66505 15.3378 14.7644 10.5885 14.1412 15.7315 13.8166 12.5498 13.0988 11.0889 11.0618 19.7751 16.5655 
-0.818114 -0.131615 -0.779179 -0.470254 -0.357346 -0.0826515 -0.131008 -0.60277 -0.0528392 -0.184241 -0.649412 -0.171753 -0.231827 -0.291256 -0.311854 -0.0212062 -0.268154 -0.387855 
88
1 1 1 1 0 1 0 1 1 1 1 1 1 1 0 1 0 1 0 
1.77636 9.07353 7.51878 12.3366 14.13 13.0827 12.7934 13.8659 13.3973 11.0323 14.9857 12.7124 11.8218 10.8319 15.1308 11.3399 17.4185 11.8967 14.8536 
-0.822363 -0.792353 -0.134733 -0.464551 -0.65055 -0.0474118 -0.60205 -0.131146 -0.0794395 -0.0219944 -0.184246 -0.294054 -0.356763 -0.236016 -0.272102 -0.317014 -0.385073 -0.169453 -0.388525 
88
0 0 0 0 0 
5.93782 12.1511 13.2488 14.8665 11.5965 
0.404189 0.255927 0.0619525 0.161933 0.350308 
92
0 0 0 0 0 
5.54802 11.4534 14.2363 14.0464 8.76209 
0.40376 0.264571 0.159439 0.0509148 0.347341 
96
0 0 0 0 0 
4.98651 13.3251 14.7271 12.9085 11.102 
0.407223 0.255994 0.0506201 0.160507 0.355536 
96
1 1 1 1 0 1 1 1 1 1 0 1 1 1 0 
6.25488 12.9303 7.99841 15.0324 16.2044 12.1662 11.3179 8.89009 13.3519 12.6895 13.518 13.5404 14.9579 12.2385 18.198 
-0.131054 -0.46855 -0.795451 -0.296781 -0.609855 -0.131511 -0.182916 -0.0864929 -0.0276389 -0.234732 -0.652386 -0.0458269 -0.334745 -0.361243 -0.504452 
100
0 0 0 0 0 
5.025 12.4627 13.6369 16.9239 10.0828 
0.404627 0.257486 0.156444 0.0487564 0.343896 
104
0 0 0 0 0 
12.0136 5.49281 16.7858 15.1067 7.32552 
0.256885 0.400482 0.0502335 0.158715 0.352238 
100
1 1 1 1 0 1 1 1 1 1 1 0 1 1 
6.49799 7.7572 8.44754 11.3975 13.0915 13.7906 12.5298 11.8966 11.8157 12.4478 14.0455 11.7955 11.6237 12.1921 
-0.132752 -0.792946 -0.0565625 -0.469105 -0.616719 -0.0811053 -0.184184 -0.366583 -0.131139 -0.235062 -0.295539 -0.650932 -0.328529 -0.0267221 
108
0 0 0 0 0 
5.85255 13.5267 13.8247 14.2156 6.70807 
0.402132 0.158926 0.249702 0.0514665 0.358953 
112
1 1 1 1 1 1 0 1 1 1 0 1 1 1 0 
5.81979 13.9451 8.81085 14.303 10.9015 12.5063 13.3622 10.9484 13.7139 12.2908 14.5542 9.0164 19.1144 13.1 26.7443 
-0.147198 -0.30788 -0.815509 -0.246197 -0.376216 -0.477736 -0.66211 -0.18844 -0.0566755 -0.0906691 -0.612712 -0.0275388 -0.139593 -0.336149 -0.394179 
112
0 0 0 0 
5.87345 11.5019 16.8071 7.85385 
0.401557 0.250595 0.151928 0.347724 
116
0 0 0 0 
6.06698 12.7849 10.9701 12.357 
0.400992 0.253614 0.0430261 0.150687 
116
1 1 1 1 1 1 0 0 1 1 1 1 1 1 0 1 0 
5.51329 8.45759 2.81231 11.928 13.8988 10.8847 14.2001 17.0484 13.2336 11.6496 12.1282 13.396 12.887 12.7356 16.1251 9.96173 16.7223 
-0.144901 -0.813157 -0.898724 -0.480214 -0.0936736 -0.312941 -0.614893 -0.665803 -0.242766 -0.142842 -0.334237 -0.193836 -0.378303 -0.055551 -0.400554 -0.0295373 -0.511641 
120
0 0 0 0 0 0 
6.28216 11.4729 15.4513 12.7958 12.9468 7.79126 
0.395802 0.250447 0.0420297 0.153081 0.145158 0.3434 
120
1 1 1 1 1 1 1 1 0 1 1 1 1 0 1 0 
5.77333 8.26891 10.8175 3.62238 11.4407 10.1704 12.9726 10.9673 13.2551 13.5418 13.1709 13.4682 13.6073 12.0859 10.1122 17.5551 
-0.149257 -0.821728 -0.484001 -0.916854 -0.310273 -0.381781 -0.196238 -0.345818 -0.666598 -0.0946681 -0.247286 -0.0563409 -0.138066 -0.508755 -0.0364761 -0.390974 
124
1 1 1 1 1 1 1 1 0 1 1 1 0 1 0 1 
8.31602 5.76771 13.5672 8.40627 11.6433 12.4482 12.3891 13.454 14.1924 6.25647 9.95126 14.7947 14.9783 10.8875 13.4049 12.2715 
-0.820301 -0.154889 -0.0964695 -0.492009 -0.0592704 -0.342385 -0.383074 -0.246165 -0.622212 -0.95868 -0.144713 -0.197638 -0.676332 -0.309205 -0.520321 -0.0365316 
124
0 0 0 0 
5.70129 14.7862 16.9796 13.6643 
0.405342 0.242991 0.147073 0.0402451 
132
0 0 0 0 0 
6.01388 12.4342 15.1848 15.6202 6.97018 
0.39889 0.244652 0.144928 0.0339581 0.346364 
132
1 1 1 0 1 1 1 1 1 1 1 0 1 0 1 
5.47133 7.13725 13.9954 11.7411 12.836 13.528 13.8465 12.1088 12.528 12.5119 13.3818 14.4288 13.1814 16.4676 10.1949 
-0.152405 -0.820527 -0.255337 -0.623882 -0.0947718 -0.319588 -0.382024 -0.49748 -0.200925 -0.0720785 -0.146885 -0.675224 -0.352875 -0.519556 -0.0410211 
136
0 0 0 0 0 
5.71774 14.0307 13.3445 13.0728 9.71337 
0.40304 0.236164 0.143598 0.0351799 0.338675 
136
1 1 1 1 1 0 1 1 0 1 0 1 1 1 1 0 1 0 0 
5.33945 9.74839 10.9285 11.1753 12.7889 12.4767 14.9714 14.2998 11.7252 12.8875 13.7826 11.1692 15.2953 12.3432 14.1359 12.9732 14.8952 18.2651 14.3623 
-0.160454 -0.836639 -0.390886 -0.505307 -0.260206 -0.632246 -0.320144 -0.349051 -0.683557 -0.100646 -0.640647 -0.206612 -0.0751109 -0.19967 -0.154561 -0.529358 -0.0399044 -0.406904 -0.296622 
140
0 0 0 0 
5.41136 12.182 13.4181 12.1007 
0.402531 0.24117 0.0250043 0.147492 
144
0 0 0 0 0 
5.42746 12.1964 13.4232 11.8932 13.8462 
0.402798 0.240613 0.139903 0.146509 0.0275291 
148
0 0 0 0 
5.66536 12.2436 14.7019 16.4313 
0.403035 0.24049 0.020038 0.13663 
144
1 1 1 1 1 1 0 1 1 1 0 1 1 1 
5.44724 8.14539 13.6445 9.99738 13.9991 13.1503 13.0698 11.3941 13.5461 11.4034 14.5037 13.4096 13.3346 9.11692 
-0.172856 -0.846808 -0.162476 -0.503513 -0.360185 -0.270651 -0.686506 -0.107004 -0.205248 -0.3953 -0.64842 -0.0787017 -0.10905 -0.0512272 
148
1 1 1 0 1 1 1 1 1 1 1 0 1 0 
8.27213 5.98309 14.2041 14.6997 10.8292 12.733 11.0883 12.4457 9.91387 12.6158 16.9611 15.2467 12.3993 14.707 
-0.856136 -0.170169 -0.394864 -0.687158 -0.504043 -0.0774239 -0.205359 -0.111667 -0.256207 -0.0512927 -0.361158 -0.647681 -0.328829 -0.535654 
152
1 1 0 1 1 1 1 1 1 0 1 1 0 1 0 1 
5.95538 9.09585 16.0909 12.2053 11.9338 13.2734 11.5943 13.1165 11.25 12.8278 13.9401 15.5208 15.4941 12.3223 8.85993 9.17626 
-0.174348 -0.860992 -0.693726 -0.508574 -0.111572 -0.337519 -0.397789 -0.216091 -0.260354 -0.652613 -0.163448 -0.366189 -0.543644 -0.0817291 -0.638643 -0.0539583 
156
0 0 0 0 0 
5.58455 13.6917 15.1841 15.675 11.4653 
0.403707 0.233637 0.127685 0.0279405 0.142102 
160
1 1 0 1 1 1 0 1 1 1 1 1 1 1 0 
4.94222 8.36192 12.983 13.9125 12.6054 9.87312 13.2355 10.5963 11.1359 10.404 11.9825 10.5265 12.1139 9.98585 12.3195 
-0.180394 -0.87088 -0.706361 -0.170875 -0.276793 -0.525716 -0.66173 -0.212291 -0.119211 -0.405654 -0.378715 -0.0836423 -0.363333 -0.0631837 -0.539655 
164
1 1 0 0 1 1 1 1 1 1 1 1 1 1 0 1 
6.63173 7.52572 15.9279 14.621 15.6206 12.1887 11.4709 13.317 14.1266 13.4868 13.8243 15.1836 13.0079 11.2745 14.9801 12.663 
-0.190861 -0.881458 -0.658361 -0.705272 -0.170341 -0.0897404 -0.524462 -0.34921 -0.221798 -0.123307 -0.276815 -0.382495 -0.0618085 -0.409528 -0.547745 -0.369472 
160
0 0 0 0 
5.28424 14.4359 14.3408 13.0373 
0.407314 0.231892 0.134756 0.0208097 
164
0 0 0 0 
12.55 5.19875 9.69829 10.7871 
0.230707 0.409453 0.0338567 0.131433 
168
1 1 1 1 1 1 1 1 0 0 1 1 1 1 0 0 
9.58467 5.82828 9.5179 10.518 13.7512 11.8753 12.9015 10.6665 15.0767 11.7827 11.139 15.3002 10.9408 11.6065 11.4191 14.5102 
-0.886307 -0.19623 -0.525619 -0.419086 -0.22922 -0.38516 -0.171879 -0.126197 -0.665616 -0.711849 -0.0675053 -0.280249 -0.0949061 -0.342262 -0.67949 -0.552104 
172
0 0 0 0 
5.24754 12.1653 14.0925 15.4915 
0.410209 0.227203 0.130026 0.0112723 
172
1 1 1 1 1 1 1 1 1 0 0 1 1 1 0 
6.31406 8.03854 12.6966 12.5352 11.1947 9.73949 12.275 14.5169 11.5859 16.1492 14.1286 11.1343 14.4151 10.1934 13.4343 
-0.196541 -0.894117 -0.536931 -0.352133 -0.383231 -0.233827 -0.429825 -0.177303 -0.0905147 -0.715683 -0.675076 -0.0666138 -0.126428 -0.279292 -0.554808 
176
0 0 0 0 
5.36634 11.6624 15.8053 14.3189 
0.409633 0.228216 0.00819468 0.123236 
180
1 1 1 1 1 1 1 0 1 1 1 0 1 1 0 0 
5.15818 10.6773 12.0732 13.6141 15.5177 12.4612 13.9425 14.4972 11.8908 13.2342 10.1063 12.2194 8.04941 4.27011 11.7242 18.817 
-0.20996 -0.548958 -0.182999 -0.294402 -0.237666 -0.43479 -0.129618 -0.736692 -0.391597 -0.104142 -0.365334 -0.689908 -0.0791944 -0.92409 -0.676803 -0.568438 
180
0 0 0 0 
5.67039 11.2344 11.5433 16.5343 
0.407073 0.228721 0.00962264 0.122663 
184
0 0 0 0 
5.54033 11.7438 9.78681 14.1195 
0.412363 0.229325 0.00673735 0.116911 
188
0 0 0 0 
4.33016 11.2769 15.494 15.6473 
0.434473 0.220706 0.116351 0.00231026 
184
1 1 0 1 1 1 1 1 1 0 1 1 1 
5.382 10.7487 11.6078 10.0824 11.9774 14.5155 12.49 11.6114 13.5001 13.4973 10.934 10.5983 8.74598 
-0.212646 -0.367896 -0.738651 -0.54628 -0.438811 -0.30001 -0.40027 -0.194122 -0.239944 -0.687921 -0.0782275 -0.143342 -0.106565 
192
0 0 0 0 
5.44823 12.4121 15.1758 9.95693 
0.416159 0.21967 0.11725 -0.00245977 
196
0 0 0 0 
4.71024 12.3771 12.3559 16.8455 
0.42604 0.118466 0.220399 -0.00851747 
192
1 1 1 1 1 1 0 1 0 1 1 1 0 1 1 
5.57429 11.041 13.6312 13.3006 13.0521 13.1654 16.2837 11.3754 15.3801 12.2919 14.1419 12.0388 10.6292 9.07413 6.56914 
-0.235455 -0.406539 -0.149056 -0.199057 -0.388665 -0.447143 -0.706627 -0.372427 -0.753596 -0.568301 -0.114799 -0.246757 -0.7537 -0.318155 -0.0943545 
196
1 1 0 0 1 1 1 1 1 1 1 1 1 1 0 
4.984 10.6661 14.5628 14.1444 11.7953 13.5681 10.9893 14.5449 11.6001 12.2492 11.3459 13.8728 10.9244 9.40194 16.0083 
-0.238556 -0.569313 -0.708754 -0.755954 -0.419268 -0.196512 -0.457286 -0.312862 -0.258584 -0.146258 -0.0904098 -0.114604 -0.376573 -0.209828 -0.587126 
200
1 1 0 1 0 1 1 1 1 1 1 1 1 
4.39807 8.62877 11.6932 11.3573 14.5402 14.1449 9.89557 11.3518 10.0039 12.1815 9.204 9.84986 13.4354 
-0.25317 -0.582665 -0.77356 -0.385916 -0.71664 -0.152337 -0.461321 -0.263414 -0.429931 -0.205727 -0.0923412 -0.122344 -0.324026 
200
0 0 0 0 
5.29089 11.126 11.5961 14.2134 
0.418126 0.107897 0.217314 -0.00866149 
204
0 0 0 
4.66291 13.9179 11.8384 
0.420541 0.10853 0.214079 
204
1 1 0 0 1 1 1 1 1 1 1 1 1 1 1 
4.97716 10.6217 12.9084 13.9341 10.7535 11.8705 11.6154 9.41291 14.4467 11.1572 10.4913 12.672 9.83537 9.10191 11.8097 
-0.254811 -0.586841 -0.782195 -0.723813 -0.0997729 -0.325442 -0.433607 -0.458255 -0.214522 -0.393613 -0.275911 -0.127638 -0.256012 -0.402017 -0.153986 
208
1 0 1 1 1 1 0 1 1 1 1 1 1 
4.45383 13.7592 12.2098 10.8894 11.377 12.2765 15.8134 11.2613 11.8302 11.6751 11.7647 10.0195 13.6558 
-0.252594 -0.787826 -0.325772 -0.591948 -0.433334 -0.271885 -0.730484 -0.400536 -0.214958 -0.472519 -0.159877 -0.105779 -0.12443 
212
1 1 1 1 1 1 0 0 1 1 1 1 1 
4.30929 10.3765 12.8482 13.2125 12.2134 13.2775 14.9439 12.2848 10.6672 11.3013 9.62134 11.2511 11.268 
-0.262373 -0.607539 -0.439819 -0.218224 -0.336808 -0.487967 -0.738788 -0.787868 -0.406962 -0.273429 -0.168348 -0.130616 -0.106857 
216
0 0 0 
4.50859 11.0754 9.34391 
0.451755 0.217425 0.111812 
216
1 1 1 0 1 1 0 1 1 1 1 1 
5.52399 11.8613 12.4747 12.8574 11.4247 9.96369 15.1156 12.5214 10.9072 14.0047 10.4934 12.4618 
-0.274343 -0.407629 -0.608457 -0.798178 -0.166909 -0.326684 -0.743292 -0.444383 -0.482856 -0.129281 -0.211881 -0.281142 
220
0 0 0 0 
4.49861 11.4543 11.9459 15.0105 
0.454208 0.216097 0.114116 0.100162 
224
0 0 0 
4.84332 11.4512 12.3192 
0.45624 0.101619 0.214487 
220
1 1 1 1 1 0 1 0 1 1 1 1 1 
4.26916 10.7412 13.7033 11.7162 10.779 13.4666 10.0183 14.4829 15.7479 14.2832 14.0622 11.2725 9.96728 
-0.285484 -0.622069 -0.44812 -0.415855 -0.346034 -0.807096 -0.492676 -0.755245 -0.284867 -0.230736 -0.135884 -0.169317 -0.277675 
228
1 0 1 1 1 1 1 1 1 0 1 1 1 0 
4.37052 15.0002 12.0149 11.1923 12.0973 8.50969 12.1473 11.2533 10.619 16.2165 10.7983 9.54956 12.3312 19.5219 
-0.293854 -0.824467 -0.345023 -0.631201 -0.506315 -0.464193 -0.288715 -0.235811 -0.182158 -0.755962 -0.427619 -0.11872 -0.14172 -0.379656 
228
0 0 0 0 
5.01241 14.3452 8.34213 12.3498 
0.455707 0.101813 0.223368 -0.0132421 
232
1 1 0 1 1 1 1 0 1 1 1 1 1 
4.60345 10.6767 10.9818 10.5298 14.0156 12.153 10.232 15.6001 12.9152 11.1393 8.9039 10.0931 10.5182 
-0.301626 -0.461725 -0.825399 -0.628653 -0.348543 -0.288886 -0.500776 -0.764675 -0.176597 -0.235557 -0.433786 -0.115722 -0.140824 
232
0 0 0 
4.00338 14.3125 10.4874 
0.490711 0.10624 0.220163 
236
0 0 0 
3.46772 10.0726 12.0225 
0.50706 0.223148 0.108834 
236
1 1 1 1 1 1 0 0 1 1 1 1 1 
4.14178 11.352 11.7681 12.7786 10.8771 10.5286 13.8606 14.4722 11.6568 10.1965 12.8192 10.1012 10.1741 
-0.306906 -0.351263 -0.292599 -0.435459 -0.240088 -0.637793 -0.829527 -0.770622 -0.467036 -0.177454 -0.143223 -0.513154 -0.115898 
240
1 0 1 0 1 1 1 1 1 1 1 1 1 
4.64137 15.0134 15.5523 13.856 10.2028 9.90381 10.948 11.4676 11.0239 10.2878 8.95909 18.9739 11.1218 
-0.325164 -0.773381 -0.239982 -0.832271 -0.645603 -0.476022 -0.146344 -0.30198 -0.43894 -0.516078 -0.123277 -0.356153 -0.18717 
240
0 0 0 
4.00253 11.0907 13.543 
0.502226 0.219598 0.102723 
248
0 0 0 
4.28453 10.5163 12.731 
0.518181 0.217957 0.104095 
248
1 0 1 1 1 0 1 1 1 1 1 1 1 0 0 
3.47999 10.1322 9.80093 12.1757 11.152 12.5843 12.278 14.0959 11.2824 11.9002 8.94352 10.4302 7.46904 18.2408 21.01 
-0.337488 -0.847213 -0.442918 -0.303465 -0.655391 -0.793211 -0.367903 -0.243115 -0.521702 -0.188494 -0.154869 -0.481466 -0.123185 0.0213983 -0.391177 
252
0 0 0 
3.95225 10.4595 9.31336 
0.529216 0.231888 0.110385 
256
0 0 0 
3.45342 8.77248 8.29843 
0.55347 0.115133 0.236125 
260
0 0 0 
3.34206 9.56595 9.79308 
0.57885 0.241937 0.117213 
256
1 1 1 0 1 0 1 1 1 1 1 1 0 1 0 
3.76895 11.7593 11.4899 15.1966 11.9718 17.3895 9.57678 9.98952 9.00833 10.1195 12.3506 14.7848 11.4387 9.80517 13.5241 
-0.360041 -0.251198 -0.672786 -0.859127 -0.375655 -0.798546 -0.19895 -0.528831 -0.458626 -0.489526 -0.310897 -0.159299 0.0242971 -0.128511 -0.66103 
260
1 1 1 1 1 1 1 0 0 1 1 1 0 0 1 
3.55094 13.2494 8.71988 9.66929 10.5518 9.95433 11.795 11.0788 13.026 10.2938 9.78745 10.6391 11.6933 14.5896 6.91974 
-0.371657 -0.252665 -0.461138 -0.370822 -0.673553 -0.195494 -0.310916 -0.865651 -0.809219 -0.493629 -0.156517 -0.544009 0.030605 -0.671338 -0.124519 
264
1 1 0 1 1 1 1 0 1 1 1 0 0 1 1 0 
3.51823 11.4145 13.4366 10.2377 9.59534 10.4524 9.92801 9.95526 11.3662 10.1546 9.42437 12.0873 16.3733 10.2247 8.4699 12.0089 
-0.380259 -0.499105 -0.870178 -0.312111 -0.253161 -0.692627 -0.196314 -0.821526 -0.378009 -0.547246 -0.46089 0.0282386 -0.674495 -0.163239 -0.130843 -0.533813 
264
0 0 0 
4.11422 9.96619 9.39193 
0.567683 0.24001 0.118885 
268
0 0 0 
3.52062 13.2078 11.5483 
0.595132 0.110994 0.233348 
272
1 1 1 1 0 1 1 0 1 0 1 1 1 0 1 0 0 
3.54822 10.0567 10.8837 9.92733 14.6613 9.86982 7.80056 11.1374 9.25962 10.9557 10.8491 10.1483 9.91794 18.171 7.24011 11.7552 13.7118 
-0.40683 -0.702958 -0.555424 -0.472585 -0.886811 -0.518488 -0.330783 -0.834227 -0.389865 0.020513 -0.261532 -0.162217 -0.196502 -0.682558 -0.134413 -0.539236 -0.114911 
272
0 0 0 
3.50057 12.3671 8.8271 
0.612148 0.112996 0.234913 
276
0 0 0 
3.55379 9.00051 10.3507 
0.626014 0.243852 0.113503 
280
1 1 1 1 0 1 1 0 1 1 1 0 0 1 0 0 
3.63996 9.47661 10.7551 11.5568 11.6092 11.5204 11.881 12.5712 10.4788 9.89613 8.28862 13.0536 12.8686 7.74442 14.8233 13.9663 
-0.428886 -0.709875 -0.567782 -0.517248 -0.896638 -0.405221 -0.331194 -0.833362 -0.167045 -0.200772 -0.273492 0.0317451 -0.689408 -0.14522 -0.552509 -0.11798 
280
0 0 0 
3.35287 12.3681 9.46443 
0.64197 0.116855 0.24989 
284
0 0 0 
3.51025 7.40143 11.9926 
0.655618 0.255903 0.118008 
284
1 1 1 1 1 1 1 1 0 1 1 1 0 0 0 0 0 
3.34186 9.25109 10.8408 9.97822 12.5246 12.1221 9.30273 10.2511 12.204 10.0638 10.2751 6.76856 17.9308 15.0893 14.4789 9.94841 8.57817 
-0.438603 -0.484493 -0.523439 -0.16526 -0.402736 -0.718951 -0.206297 -0.573201 -0.844128 -0.272227 -0.332335 -0.141451 -0.556886 0.0219903 -0.696126 -0.120949 -0.911393 
288
1 1 1 1 1 1 1 1 1 1 1 0 0 0 0 
3.07011 10.8876 9.57294 8.97694 11.0195 9.13281 9.47894 9.18577 6.16659 9.87937 9.13898 14.4478 11.0886 11.4288 14.069 
-0.455097 -0.727523 -0.405071 -0.33236 -0.578912 -0.490905 -0.273128 -0.174211 -0.147994 -0.52368 -0.202328 -0.84852 -0.697265 -0.570675 0.0234198 
292
0 0 0 
2.88938 9.435 11.73 
0.703523 0.257529 0.119032 
296
1 1 1 0 1 1 1 1 0 1 1 1 0 0 1 0 0 
3.11392 6.94549 10.1986 11.9686 8.95857 10.2638 9.66652 10.0418 15.0514 9.2892 12.0699 9.55627 13.0065 15.1797 7.55724 12.6292 17.7154 
-0.503889 -0.555315 -0.738984 -0.869245 -0.594538 -0.422065 -0.183465 -0.505494 0.015226 -0.283572 -0.226411 -0.348632 -0.71563 -0.579825 -0.157256 -0.722126 -0.1256 
296
0 0 0 
2.85418 10.1463 11.7268 
0.718767 0.119177 0.240859 
300
0 0 0 
2.74639 9.52454 11.0109 
0.735344 0.248084 0.10598 
304
0 0 0 
2.78421 12.2519 8.45374 
0.752942 0.104074 0.237649 
300
1 1 1 1 1 1 0 0 1 1 1 1 0 1 
2.81956 10.811 10.4296 9.83075 10.1793 10.3764 13.2594 13.0108 9.49872 9.89089 11.0894 10.0779 15.6173 5.60307 
-0.520644 -0.753591 -0.609693 -0.426921 -0.554975 -0.359822 -0.878475 -0.722478 -0.190233 -0.521663 -0.286324 -0.230529 0.0124078 -0.16408 
308
0 0 0 
2.8435 8.56215 9.76768 
0.764999 0.240578 0.103419 
312
0 0 0 
2.63233 7.7739 11.8981 
0.800416 0.237055 0.10056 
308
1 1 1 0 1 1 1 1 1 1 0 0 1 1 1 0 
2.60863 10.3531 10.2202 10.6277 8.18806 9.91284 9.51291 10.0701 11.0839 9.95582 14.1991 12.8579 8.50873 8.78966 8.12698 13.3936 
-0.569783 -0.780844 -0.631864 -0.897612 -0.377914 -0.244059 -0.532328 -0.576084 -0.446929 -0.309544 0.00745902 -0.752382 -0.201784 -0.166205 -0.183186 -0.143904 
312
1 1 1 1 1 1 1 0 1 0 1 1 0 0 1 0 
2.69876 8.53049 9.04679 11.1668 9.79349 9.20351 9.75358 15.3193 8.85472 13.4605 6.65033 10.0884 11.977 13.9261 8.12016 10.4208 
-0.594506 -0.793628 -0.644482 -0.540546 -0.452643 -0.383863 -0.248232 -0.75297 -0.319955 0.00540533 -0.21677 -0.587089 -0.615218 -0.153564 -0.179381 -0.908269 
316
1 1 1 1 1 1 1 1 1 0 1 1 0 0 
2.41624 10.2071 9.20388 9.96641 7.89049 6.54213 10.1432 10.1592 9.49147 15.2845 6.02316 9.66363 14.8665 9.44861 
-0.620789 -0.648367 -0.805197 -0.547678 -0.260364 -0.32882 -0.590173 -0.388297 -0.207799 -0.00373494 -0.181737 -0.461026 -0.76144 -0.161748 
320
1 1 1 1 1 1 1 1 1 0 1 1 0 0 0 
2.31776 9.35866 9.98777 8.59173 8.99269 8.76394 9.39203 6.5395 9.64482 13.1142 9.64562 8.86665 12.5528 11.2523 13.0252 
-0.645894 -0.55044 -0.808931 -0.654963 -0.597823 -0.38652 -0.32381 -0.186883 -0.457659 -0.761361 -0.257716 -0.211665 -0.00210037 -0.157196 -0.62461 
316
0 0 0 
2.78346 10.9866 9.43619 
0.812681 0.102943 0.244011 
324
1 1 1 1 1 1 1 1 0 1 0 1 0 1 0 
2.41586 9.91427 9.90849 7.80119 9.72613 7.89631 9.79467 9.91298 12.3998 8.5214 19.4155 6.30452 18.8412 7.90761 12.0945 
-0.673975 -0.818808 -0.565391 -0.666992 -0.26564 -0.399937 -0.470023 -0.32833 -0.00143531 -0.599602 -0.769076 -0.229877 -0.156611 -0.183533 -0.624888 
324
0 0 0 
2.73943 7.80405 10.2502 
0.869434 0.256778 0.100507 
328
0 0 0 
1.99531 9.1216 10.8213 
0.939556 0.248733 0.105613 
332
0 0 0 
1.97667 10.138 9.5985 
0.973318 0.10633 0.251705 
336
1 1 1 1 1 1 1 1 1 0 1 0 1 0 1 0 
2.0188 10.3119 7.85981 7.86162 11.3477 10.0407 9.66906 9.04226 8.10225 12.7175 8.01367 15.1821 4.5182 14.2026 7.80626 16.259 
-0.76901 -0.849562 -0.274217 -0.688347 -0.416206 -0.341118 -0.48713 -0.623847 -0.587493 -0.00543344 -0.234691 -0.79111 -0.206473 -0.164679 -0.221859 -0.640168 
336
0 0 0 
2.36065 10.6874 8.34891 
0.982542 0.103551 0.250115 
340
0 0 0 
2.1488 9.83024 8.73067 
1.02677 0.106061 0.254054 
340
1 1 1 1 1 1 1 0 1 1 0 0 1 1 1 0 
2.03886 8.21399 7.84485 7.51199 9.4161 7.74199 9.979 11.0949 7.02486 7.92581 11.5427 13.9445 9.68057 7.03151 8.13874 10.2717 
-0.800627 -0.855295 -0.346442 -0.695285 -0.592217 -0.427198 -0.49561 -0.794038 -0.226167 -0.285449 -0.00797506 -0.651706 -0.635139 -0.246754 -0.200247 -0.163138 
344
1 1 1 1 1 1 1 1 0 1 1 0 1 0 0 1 
1.95464 7.97856 9.05905 8.34756 8.47548 9.52257 9.0988 9.17279 12.1182 7.61821 8.26142 10.3129 7.61588 12.7261 15.8216 6.71219 
-0.843557 -0.863079 -0.705305 -0.596158 -0.353554 -0.502825 -0.427825 -0.648048 -0.805403 -0.279941 -0.202557 -0.0107082 -0.242895 -0.161756 -0.651318 -0.227888 
344
0 0 0 
2.20008 9.0797 9.48458 
1.04168 0.108758 0.256748 
348
0 0 0 
10.7514 2.30868 7.83994 
0.105193 1.02825 0.256929 
352
1 1 1 1 1 1 0 1 1 0 0 1 1 0 0 1 
9.10253 8.94845 9.19674 9.10759 9.11442 8.22305 14.1974 7.9876 8.89898 10.1657 14.1899 6.73764 7.44397 14.3898 10.6808 7.00142 
-0.888225 -0.727223 -0.614807 -0.655885 -0.517181 -0.285887 -0.820157 -0.437376 -0.364241 -0.00561703 -0.657472 -0.238622 -0.210257 -0.170638 -0.51045 -0.240933 
352
0 0 
9.2118 8.82242 
0.111698 0.261252 
356
0 0 
10.4186 8.35328 
0.109045 0.264025 
356
1 1 1 1 1 1 1 0 0 1 1 0 0 0 1 0 1 
9.29154 8.19589 8.75195 9.34231 7.32328 8.65021 9.04883 10.336 12.2282 8.57532 6.7992 16.3443 13.3873 10.8391 8.3113 13.6202 8.9758 
-0.899952 -0.728521 -0.626631 -0.518002 -0.440997 -0.669488 -0.3675 -0.00300252 -0.824266 -0.298855 -0.216732 -0.50862 -0.345544 -0.174039 -0.251535 -0.661292 -0.242011 
364
1 1 1 1 0 1 1 0 1 0 1 0 0 0 1 1 
8.79634 8.021 8.51261 9.11679 13.0056 8.62894 7.66328 10.7856 6.99501 9.68245 6.46658 13.9912 12.2651 15.2455 7.67935 4.56239 
-0.457015 -0.374898 -0.754523 -0.686397 -0.841192 -0.641622 -0.53471 -0.525301 -0.312789 -0.00823836 -0.252523 -0.677867 -0.349036 -0.184504 -0.227056 -0.279839 
364
0 0 
6.54933 7.85609 
0.107644 0.272061 
368
1 1 1 1 1 1 1 0 0 1 0 0 1 1 
5.58268 9.79621 8.53736 8.13669 8.30035 8.24164 9.658 8.8302 15.0728 7.47493 14.7396 12.7363 7.34106 5.8854 
-0.233227 -0.690839 -0.465262 -0.763708 -0.648745 -0.391067 -0.54908 -0.856745 -0.0180233 -0.316354 -0.686384 -0.53121 -0.265554 -0.249728 
372
1 1 1 1 1 1 0 1 1 1 0 0 0 1 0 0 
9.87839 8.28964 8.46216 7.65005 8.56915 9.10597 12.7642 5.03136 8.16848 5.20562 11.1453 14.6718 9.56307 6.46155 13.9674 15.3164 
-0.704843 -0.771995 -0.393351 -0.318871 -0.560404 -0.4664 -0.0169409 -0.25747 -0.651447 -0.249825 -0.851736 -0.187125 -0.53846 -0.269916 -0.359991 -0.68978 
376
1 1 1 1 1 1 0 1 0 1 1 1 0 0 0 0 0 
7.32802 8.82881 8.37728 9.61197 7.35224 5.24965 10.4789 8.42198 12.2468 8.86855 7.79758 7.80452 14.77 10.6509 18.7467 11.8382 12.8046 
-0.244267 -0.78708 -0.482672 -0.561808 -0.393756 -0.262223 -0.0204335 -0.716223 -0.861174 -0.6579 -0.32321 -0.28004 -0.188208 -0.531602 -0.366755 -0.703263 -0.694353 
372
0 0 
9.18689 7.73942 
0.108717 0.275362 
376
0 0 
5.92989 10.0233 
0.294168 0.104875 
380
1 1 1 1 1 1 0 1 1 1 1 0 0 0 0 0 
7.89436 7.5322 8.00381 7.25892 6.09668 8.40145 11.7387 7.59517 6.91029 7.01178 8.57981 11.8765 12.3996 13.1774 15.445 13.9624 
-0.670398 -0.794906 -0.403603 -0.246746 -0.275271 -0.569625 -0.0198185 -0.483119 -0.322287 -0.275104 -0.726356 -0.191083 -0.87295 -0.543845 -0.703696 -0.364602 
384
1 1 1 1 1 1 1 1 0 1 0 1 0 0 0 0 
8.72777 8.83455 7.76238 7.97084 7.19097 8.01762 7.44765 6.62374 11.2721 5.86657 12.7747 5.72586 11.7972 11.3576 17.1103 12.2941 
-0.573609 -0.809665 -0.415229 -0.732173 -0.679516 -0.486911 -0.332067 -0.256246 -0.0150554 -0.281784 -0.882046 -0.298473 -0.717279 -0.547677 -0.194432 -0.377026 
384
0 0 
7.32581 7.58434 
0.290786 0.118457 
388
0 0 
7.29761 6.70772 
0.293422 0.11661 
388
1 1 1 1 1 1 1 1 1 0 0 0 0 1 0 0 
8.00644 7.63706 6.65167 7.35895 9.0173 7.18423 6.97152 6.81818 6.1299 12.5416 10.3957 9.62093 14.1087 6.77767 17.6522 11.5203 
-0.742889 -0.686724 -0.814173 -0.492351 -0.58064 -0.34217 -0.261379 -0.423611 -0.286281 -0.893142 -0.725716 -0.0220101 -0.553039 -0.294702 -0.19837 -0.36642 
392
0 0 0 
7.06585 7.14742 4.44249 
0.121851 0.293879 0.536224 
400
0 0 
6.39636 9.30295 
0.308644 0.109856 
392
1 1 1 1 1 1 1 1 0 1 0 0 0 1 0 
7.66544 6.18488 8.51085 6.67702 8.04184 7.7035 8.57664 7.70786 9.38388 5.11978 13.984 15.2662 13.0914 8.25681 13.6387 
-0.50511 -0.267066 -0.7561 -0.349454 -0.829801 -0.423729 -0.698967 -0.591227 -0.0177442 -0.286468 -0.893762 -0.722435 -0.194489 -0.304425 -0.561075 
396
1 1 1 1 1 1 0 1 1 1 0 0 0 0 1 0 
8.04005 7.43694 8.51023 7.32537 6.88442 7.2954 9.0662 7.12861 5.72329 6.03718 13.4128 13.2692 10.1486 11.107 7.40534 9.59645 
-0.598112 -0.835732 -0.718253 -0.512491 -0.358362 -0.763047 -0.0213173 -0.43226 -0.303948 -0.272473 -0.729236 -0.204364 -0.191213 -0.9072 -0.304846 -0.568457 
404
0 0 0 
6.80611 6.78362 5.44048 
0.117051 0.309469 0.564214 
404
0 1 1 1 1 1 1 1 1 0 0 1 0 1 0 
9.98598 8.45424 7.26187 8.83653 7.05601 8.14661 6.1658 9.23543 5.72269 15.6481 11.1635 4.8269 12.9832 5.43661 11.7412 
-0.0253396 -0.617031 -0.523657 -0.730028 -0.439865 -0.862909 -0.35442 -0.787483 -0.275975 -0.578337 -0.197085 -0.313952 -0.392663 -0.330762 -0.753911 
408
1 1 1 1 1 1 0 1 1 0 1 0 0 0 1 
7.6689 6.07773 7.61128 8.34832 8.41416 7.66701 9.91416 7.46525 6.56479 12.0339 4.99992 12.7453 12.4528 12.1994 7.78579 
-0.448926 -0.294762 -0.877519 -0.794529 -0.740037 -0.622159 -0.0243606 -0.537578 -0.370145 -0.576388 -0.322644 -0.207604 -0.754798 -0.402976 -0.331453 
408
0 0 0 
8.26121 6.55397 5.18611 
0.113536 0.312838 0.575502 
412
0 0 
7.49088 6.33186 
0.119264 0.317763 
416
0 0 0 
7.67383 5.72778 5.46624 
0.117057 0.317961 0.600446 
416
1 1 1 1 1 0 1 1 1 0 0 1 1 0 0 
8.15204 6.02521 5.77925 7.21276 8.13557 10.0208 8.74043 4.6291 5.64476 11.2961 10.8117 8.42937 5.75936 11.4433 12.4922 
-0.470989 -0.909481 -0.387342 -0.553852 -0.64353 -0.0289136 -0.816421 -0.339177 -0.306907 -0.592317 -0.213178 -0.761452 -0.338145 -0.40436 -0.761127 
420
1 0 1 1 1 1 1 0 1 0 1 1 0 1 
3.86194 9.30216 6.10979 6.72362 6.84643 7.60414 6.35105 14.565 7.36435 11.4536 8.0373 5.48174 11.9556 7.54445 
-0.34891 -0.0283653 -0.312349 -0.469554 -0.566316 -0.650289 -0.391906 -0.599161 -0.82362 -0.217295 -0.770651 -0.913392 -0.766931 -0.348872 
420
0 0 0 
8.0377 6.70637 4.54227 
0.118792 0.324141 0.611647 
424
1 1 1 1 0 1 1 1 1 0 1 0 0 0 
7.12515 4.33037 7.90983 7.17184 9.2406 5.05322 7.03897 6.2468 5.65348 13.7463 6.73066 9.61463 11.9596 10.8112 
-0.783569 -0.365016 -0.836443 -0.660337 -0.031467 -0.314638 -0.567559 -0.480356 -0.401749 -0.602679 -0.351313 -0.417883 -0.220401 -0.784342 
428
1 1 1 1 1 1 1 1 0 0 1 0 0 
4.78025 7.11197 8.50156 6.8211 5.19864 7.827 6.87111 5.9992 9.46383 12.2941 6.61843 11.9116 9.97802 
-0.363079 -0.849733 -0.676446 -0.579837 -0.324386 -0.794692 -0.490331 -0.412077 -0.0313109 -0.609342 -0.359879 -0.793445 -0.430029 
428
0 0 0 
7.17533 5.53919 5.56044 
0.127852 0.329131 0.627808 
432
0 0 0 
7.74817 5.59412 4.44584 
0.122279 0.345698 0.645772 
436
0 0 0 
7.30963 5.60906 6.12723 
0.121513 0.64993 0.342165 
436
1 1 1 1 1 1 1 1 0 0 0 0 0 1 
6.26366 5.15189 4.12402 6.50914 7.3299 7.71454 6.35506 6.95823 7.95836 12.8041 12.4713 11.9182 13.0717 4.35168 
-0.51035 -0.341952 -0.391195 -0.692689 -0.876324 -0.81783 -0.598092 -0.426832 -0.0319653 -0.804312 -0.229903 -0.623625 -0.436503 -0.39513 
440
0 0 
6.31888 6.24475 
0.343445 0.133116 
440
1 1 1 1 0 1 1 1 1 1 0 0 0 0 
5.47533 4.31399 8.24566 8.59271 10.2998 7.38813 6.33133 6.75793 6.70742 5.11544 11.0088 12.2316 10.4259 11.5122 
-0.435704 -0.407241 -0.896728 -0.824474 -0.0401476 -0.701541 -0.516355 -0.605737 -0.396817 -0.354379 -0.233784 -0.813437 -0.44142 -0.625738 
444
1 1 1 1 1 1 1 0 1 0 0 0 0 1 
6.56678 4.23524 7.69702 6.10677 6.33931 5.85448 5.73795 8.87188 7.31116 12.1102 12.0363 11.0068 11.5654 6.00587 
-0.617557 -0.419502 -0.712836 -0.908109 -0.528161 -0.438435 -0.363876 -0.0386671 -0.849281 -0.632917 -0.820484 -0.442141 -0.238314 -0.403393 
448
1 1 1 1 1 1 1 0 0 0 0 0 1 1 
3.68944 6.96703 6.62754 6.77894 3.84418 5.94612 7.2544 15.5133 10.8558 7.26636 8.76662 10.4933 5.58166 5.9712 
-0.425744 -0.727704 -0.623975 -0.537197 -0.371304 -0.454711 -0.851556 -0.64403 -0.447267 -0.0458099 -0.232706 -0.832031 -0.408632 -0.917707 
448
0 0 0 
5.91658 6.00801 4.41333 
0.134384 0.358464 0.695336 
452
1 1 1 1 1 1 1 1 0 0 0 0 0 
6.83364 4.01435 6.15418 5.68693 3.62956 7.34823 7.50397 4.65635 10.2825 13.9885 10.5493 11.8411 11.9187 
-0.640536 -0.380555 -0.464728 -0.547156 -0.441031 -0.860669 -0.735142 -0.43268 -0.042786 -0.648287 -0.834752 -0.243926 -0.450774 
456
0 0 0 
6.16877 5.14415 4.67668 
0.13593 0.378612 0.717821 
456
1 1 1 1 1 1 1 0 0 0 0 0 1 
3.82867 4.6063 5.54042 6.7692 7.59755 6.43597 7.09653 9.2115 13.0532 12.0551 10.9134 12.5145 5.55235 
-0.44989 -0.39542 -0.482606 -0.558156 -0.88126 -0.65755 -0.751396 -0.0450667 -0.457538 -0.65182 -0.250658 -0.840243 -0.430195 
460
0 0 0 
6.40728 4.75098 3.2671 
0.133274 0.382442 0.761685 
460
1 1 1 1 1 1 1 0 1 0 0 0 
3.73009 5.46345 5.84402 8.24342 6.96589 6.58066 4.85937 8.49711 4.33416 8.49961 9.53291 11.2414 
-0.468902 -0.443331 -0.57593 -0.894192 -0.764274 -0.667361 -0.486391 -0.0440028 -0.407694 -0.262233 -0.474577 -0.671128 
464
0 0 
6.87899 4.83689 
0.130594 0.387287 
464
1 1 1 1 1 0 1 0 1 0 0 0 1 
3.01159 6.84599 5.88773 6.4663 4.98743 8.30414 5.53176 11.6095 5.76466 9.00692 10.6244 12.6024 5.2858 
-0.478344 -0.773684 -0.581358 -0.68113 -0.416927 -0.0474535 -0.907636 -0.859046 -0.498249 -0.265902 -0.468193 -0.675063 -0.454421 
468
0 0 0 
4.98924 5.64408 4.95391 
0.39624 0.139034 0.779064 
468
1 1 1 1 0 1 1 0 0 0 0 1 
3.61331 5.27345 6.66115 4.63078 11.416 5.66192 5.52034 7.96476 10.4681 12.7985 8.21131 4.45284 
-0.498289 -0.589456 -0.789082 -0.436771 -0.269615 -0.683089 -0.506491 -0.0443299 -0.469223 -0.865719 -0.688118 -0.470567 
472
0 0 0 
4.9348 6.26184 5.08112 
0.403727 0.137455 0.792115 
476
0 0 0 
4.77461 6.26275 4.4462 
0.413431 0.137066 0.813919 
480
1 1 1 1 0 1 1 0 0 0 1 0 
3.46157 6.4395 5.11262 6.63842 7.42811 4.771 4.06492 8.76931 13.0675 11.0299 5.5271 12.4548 
-0.555806 -0.727023 -0.627837 -0.826583 -0.0521552 -0.541905 -0.468055 -0.286545 -0.89285 -0.70053 -0.498788 -0.499956 
480
0 0 
4.64645 6.1271 
0.422539 0.137778 
484
1 1 1 1 1 0 1 0 0 0 0 1 
2.87715 5.30091 6.31891 5.97315 4.0196 7.17109 5.17557 9.63819 10.173 10.1634 10.2137 3.87035 
-0.575411 -0.644082 -0.839499 -0.748018 -0.486204 -0.0553893 -0.559731 -0.284824 -0.715291 -0.5006 -0.902908 -0.528256 
484
0 0 0 
5.80949 3.39766 4.378 
0.141952 0.861577 0.436439 
488
0 0 0 
5.24866 4.40945 3.55131 
0.146169 0.430578 0.896896 
488
1 1 1 1 1 1 0 0 0 0 1 0 
2.98464 5.19797 5.84729 6.74509 3.80109 5.1949 7.58469 10.2822 9.84431 11.8964 4.89725 13.4949 
-0.600047 -0.65446 -0.751947 -0.85485 -0.502174 -0.568025 -0.0556334 -0.291134 -0.506815 -0.72737 -0.534971 -0.910607 
492
1 1 1 1 0 1 1 0 0 0 1 
2.74488 6.18455 3.78914 5.34867 7.63614 6.10871 4.88427 8.63975 10.6645 10.8641 4.01762 
-0.624419 -0.769892 -0.512445 -0.668561 -0.062481 -0.864339 -0.583151 -0.291087 -0.731714 -0.514789 -0.56098 
496
0 0 0 
4.00943 5.5337 3.51627 
0.460052 0.145192 0.938997 
496
1 1 0 1 1 1 1 0 0 0 1 
2.70905 5.16116 8.59818 3.51438 5.77461 7.01581 5.09791 9.14563 10.2282 10.3391 4.8735 
-0.641184 -0.681679 -0.295101 -0.529871 -0.776598 -0.890886 -0.603367 -0.0676266 -0.522421 -0.738005 -0.562367 
500
0 0 0 
5.38407 4.48531 3.05554 
0.146642 0.459019 0.973409 
504
0 0 0 
3.78036 4.20914 5.59841 
0.971842 0.469336 0.147717 
500
1 1 1 1 1 0 0 0 1 1 0 
2.75623 4.68859 5.74793 3.68515 5.62 10.2975 7.67786 11.37 5.06121 5.01903 9.38453 
-0.677714 -0.909305 -0.79537 -0.555371 -0.698939 -0.53041 -0.0705904 -0.306294 -0.617128 -0.580323 -0.743881 
508
0 0 0 
4.16028 3.0045 5.10224 
0.474104 0.994987 0.149074 
508
1 1 1 0 1 1 0 0 0 
2.49475 5.34056 4.81848 6.63023 5.76901 3.40105 9.41094 9.26605 10.511 
-0.728952 -0.725684 -0.651922 -0.0698219 -0.821628 -0.586558 -0.762969 -0.30804 -0.54824 
512
1 1 0 1 1 0 0 0 1 
2.10262 4.62739 5.81493 5.2164 5.15287 9.00434 6.99447 10.9435 3.4483 
-0.760984 -0.746384 -0.068285 -0.847582 -0.665953 -0.548916 -0.328262 -0.771393 -0.6111 
512
0 0 0 
5.76676 4.23975 2.11584 
0.144774 0.480966 1.03026 
516
0 0 
5.24964 4.25752 
0.154653 0.496845 
516
1 0 0 1 1 1 0 1 0 1 
2.52826 7.05994 8.5004 4.89234 5.69786 2.89502 8.53293 4.1726 9.94195 4.46205 
-0.798123 -0.0800834 -0.326543 -0.679336 -0.867622 -0.635375 -0.568565 -0.767158 -0.776821 -0.65405 
520
1 0 1 1 1 0 1 0 0 1 
1.96416 5.96979 5.54453 4.77341 2.88121 7.8781 4.71778 8.2247 10.2194 4.25276 
-0.82489 -0.0772121 -0.888095 -0.786303 -0.665376 -0.573352 -0.70951 -0.323535 -0.78938 -0.660971 
524
1 1 1 1 0 0 1 0 0 1 
2.38353 5.21112 4.89489 3.09747 8.41197 6.54748 4.35838 9.2034 7.99408 3.92151 
-0.872591 -0.90475 -0.797103 -0.696056 -0.335198 -0.0803333 -0.735692 -0.580828 -0.79555 -0.686037 
524
0 0 
3.51252 5.19766 
0.529947 0.153107 
528
1 1 0 1 0 1 0 1 1 0 
1.95717 2.7753 9.14274 4.52588 6.28423 4.27958 7.33848 4.00943 4.39325 10.0518 
-0.919493 -0.715473 -0.344486 -0.819118 -0.0905227 -0.749964 -0.819802 -0.932633 -0.716262 -0.588356 
528
0 0 
3.22488 4.41332 
0.553811 0.162251 
532
0 1 1 1 0 0 0 1 1 
6.42864 3.11268 4.93659 4.48359 6.8737 9.4308 9.96744 1.61345 2.57559 
-0.0929718 -0.755694 -0.840644 -0.769167 -0.352896 -0.819583 -0.595437 -0.983113 -0.743902 
536
0 0 
3.60194 4.27709 
0.569491 0.170363 
536
1 1 0 0 0 0 1 1 
2.5152 5.0559 5.97226 7.95513 8.89932 7.72507 4.68425 3.05364 
-0.75295 -0.859888 -0.0954719 -0.355824 -0.831246 -0.606886 -0.793718 -0.761162 
540
0 0 
3.17075 3.85926 
0.597424 0.175897 
540
1 0 1 1 0 0 1 0 
2.32003 8.66835 5.36813 4.62518 7.99585 5.33453 3.40812 9.52763 
-0.811043 -0.618191 -0.886362 -0.819764 -0.362927 -0.0933291 -0.78243 -0.839293 
544
0 0 
3.18582 4.45478 
0.621271 0.171715 
544
1 1 0 0 0 0 1 1 
2.30686 3.82825 8.58313 5.4527 8.77436 9.80323 3.33401 4.10319 
-0.842756 -0.898213 -0.61937 -0.0965435 -0.365992 -0.848025 -0.816678 -0.828653 
548
1 0 0 0 0 1 
2.37278 5.56758 7.08217 9.88702 9.00916 3.56115 
-0.888637 -0.0961154 -0.378512 -0.854864 -0.625019 -0.93497 
552
0 0 
3.02032 4.13779 
0.666816 0.185667 
552
0 1 0 0 1 0 
5.65432 1.66898 9.40409 9.0089 3.48257 7.60806 
-0.0978281 -0.959415 -0.632541 -0.865387 -0.870513 -0.390211 
556
0 1 0 0 0 
5.77149 2.36514 6.71176 9.86906 7.51925 
-0.100503 -0.922803 -0.376897 -0.871401 -0.632601 
560
0 0 0 0 1 
5.90724 7.02217 7.68505 9.08826 1.79473 
-0.0961093 -0.384606 -0.650354 -0.885864 -0.959326 
564
0 0 0 0 1 
4.92234 7.90783 7.13076 9.71958 2.225 
-0.106463 -0.652169 -0.389115 -0.892342 -0.961461 
556
0 0 
2.83897 3.37105 
0.703236 0.204522 
560
0 0 
4.18632 2.81351 
0.196825 0.720715 
564
0 0 
2.8558 3.66199 
0.742509 0.213407 
568
0 0 0 0 
4.47329 7.39861 6.99858 8.19651 
-0.111721 -0.654279 -0.391714 -0.90167 
568
0 0 
2.61169 4.27849 
0.782964 0.21139 
572
0 0 
2.54349 3.42296 
0.816907 0.237225 
572
0 0 0 0 
4.35999 6.81584 6.30345 7.71911 
-0.102957 -0.39739 -0.913351 -0.666333 
576
0 0 0 0 
4.32778 7.77064 6.94187 6.06791 
-0.110228 -0.672071 -0.405616 -0.915841 
580
0 0 
3.17231 2.37541 
0.260007 0.886361 
580
0 0 0 
4.19797 5.83026 7.62185 
-0.0895725 -0.401516 -0.678608 
584
0 0 0 
5.92987 4.7288 7.66279 
-0.405723 -0.0918622 -0.681118 
584
0 0 
2.05202 3.67215 
0.9302 0.260448 
588
0 0 0 
4.15392 5.60204 6.57648 
-0.088244 -0.41165 -0.690573 
588
0 0 
2.20192 3.44755 
0.972581 0.270636 
592
0 0 
2.52212 2.59011 
0.981798 0.309887 
596
0 0 
2.15925 2.76661 
1.05046 0.323595 
592
0 0 0 
8.70697 5.09874 5.58776 
-0.695577 -0.0951649 -0.409056 
596
0 0 0 
7.85551 4.21857 5.95948 
-0.696412 -0.0894374 -0.414818 
600
0 0 0 
4.58538 6.73576 6.0236 
-0.0858138 -0.69343 -0.417896 
600
0 0 
2.57722 1.9361 
0.347029 1.07106 
604
0 
2.80839 
0.368203 
608
0 0 0 
3.77858 4.91936 6.08451 
-0.0571583 -0.402369 -0.69482 
608
0 
2.53544 
0.40308 
612
0 
2.48811 
0.432288 
612
0 0 0 
3.71963 5.52021 7.4547 
-0.0422285 -0.397051 -0.691895 
616
0 0 0 
3.55072 5.06092 6.11115 
-0.0163175 -0.386286 -0.684363 
620
0 0 0 
3.89664 5.44507 4.92051 
-0.00855862 -0.673339 -0.377943 
624
0 0 0 
3.72114 5.01869 6.41397 
0.00727866 -0.369031 -0.665691 
616
0 
2.53555 
0.461577 
620
0 
2.26882 
0.517386 
624
0 
2.47558 
0.531845 
628
0 
2.25518 
0.596809 
628
0 0 0 0 
3.99845 5.50684 6.55756 5.10276 
0.0288537 -0.347383 -0.653173 -0.920747 
632
0 
2.01046 
0.653489 
632
0 0 0 0 
2.76751 4.99086 6.07978 5.5946 
0.027502 -0.34226 -0.650083 -0.910014 
636
0 
2.10413 
0.694299 
636
0 0 0 0 
5.74529 5.14564 7.25263 2.88097 
-0.632479 -0.326265 -0.906282 0.0254593 
640
0 0 0 
6.11273 4.22517 7.47859 
-0.631154 -0.32363 -0.898828 
644
0 0 0 
4.47191 5.84813 8.13329 
-0.304532 -0.625728 -0.884909 
648
0 0 0 
3.9503 5.42154 6.7115 
-0.285606 -0.611452 -0.874431 
644
0 0 
2.06824 3.18234 
0.806259 0.067543 
648
0 0 
1.93066 3.16957 
0.87512 0.0973051 
652
0 0 0 
5.99596 4.08642 7.20509 
-0.609515 -0.265425 -0.861655 
652
0 0 
2.7312 1.67217 
0.132374 0.949235 
656
0 0 
2.72865 2.38867 
0.163339 1.00406 
660
0 0 
2.62529 2.61156 
0.204906 1.08433 
656
0 0 0 
4.31432 4.62858 6.89255 
-0.245725 -0.587035 -0.854661 
660
0 0 0 
4.32472 5.58154 7.34895 
-0.224173 -0.570726 -0.83488 
664
0 
2.70234 
0.245598 
664
0 0 0 
3.95938 6.13254 4.62956 
-0.190743 -0.807093 -0.538972 
668
0 0 0 
3.73707 7.13219 4.77038 
-0.176327 -0.790698 -0.524941 
672
0 0 0 
3.39568 4.30069 6.14442 
-0.13697 -0.493393 -0.770328 
672
0 
2.41968 
0.345411 
676
0 0 0 
3.42827 5.71807 7.35686 
-0.108622 -0.478335 -0.747482 
680
0 0 0 
2.95601 5.17666 7.09338 
-0.073347 -0.444427 -0.726805 
676
0 
2.27413 
0.40883 
680
0 
2.4433 
0.437905 
684
0 
2.2745 
0.503735 
684
0 0 0 
3.82216 4.7051 5.36937 
-0.0478602 -0.428237 -0.694806 
688
0 
2.1398 
0.556372 
688
0 0 0 0 
3.57927 6.42722 5.04983 5.25832 
-0.013005 -0.686945 -0.402492 -0.917627 
692
0 
2.01748 
0.622882 
692
0 0 0 0 
3.60078 6.94829 8.6805 4.98036 
0.0100731 -0.665824 -0.893131 -0.375764 
696
0 0 0 0 
3.16715 4.72278 6.19962 6.56815 
0.0277121 -0.349934 -0.634581 -0.870459 
696
0 
1.88843 
0.678839 
700
0 0 
1.96238 1.62572 
0.737657 0.0336749 
700
0 0 0 0 
8.61027 4.75872 6.88762 2.1752 
-0.852386 -0.327526 -0.618119 0.0202017 
704
0 0 0 
4.84918 5.93521 7.51998 
-0.307166 -0.602884 -0.825484 
708
0 0 0 
3.62093 5.92995 8.23325 
-0.274668 -0.569279 -0.80679 
708
0 0 
3.08741 1.48417 
0.0973728 0.931001 
712
0 0 
3.17923 2.29291 
0.124212 0.925959 
712
0 0 0 
4.03959 7.19418 5.67012 
-0.255363 -0.797022 -0.554166 
716
0 0 
2.88656 2.47565 
0.176388 1.00459 
716
0 0 0 
4.78324 7.13597 7.90497 
-0.220047 -0.530695 -0.765651 
720
0 0 0 
4.42797 6.27758 5.31523 
-0.187652 -0.512012 -0.749908 
720
0 0 
2.47832 2.33474 
0.239002 1.02127 
724
0 
2.65007 
0.267269 
724
0 0 0 
4.52825 5.51834 7.97815 
-0.166 -0.47539 -0.727111 
728
0 0 0 
4.30671 5.37244 8.07315 
-0.141766 -0.450733 -0.699508 
732
0 
2.42558 
0.359696 
732
0 0 0 0 
3.58417 5.54638 7.65236 5.88933 
-0.102549 -0.432182 -0.677927 -0.91196 
736
0 
2.19949 
0.409492 
736
0 0 0 0 
3.57231 6.78657 4.819 7.67223 
-0.076599 -0.661603 -0.404472 -0.893172 
740
0 
2.37358 
0.454631 
740
0 0 0 0 
3.63914 4.88876 7.54774 7.76012 
-0.0415417 -0.384778 -0.631604 -0.858946 
744
0 
2.07794 
0.517275 
744
0 0 0 0 
3.5295 5.30757 7.91849 7.44618 
-0.0137996 -0.363399 -0.853545 -0.610709 
748
0 
2.23063 
0.565835 
748
0 0 0 0 
3.54636 4.91847 7.30337 8.02969 
0.0215936 -0.329398 -0.586844 -0.818392 
752
0 0 0 0 
3.15994 6.19775 5.70512 8.30467 
0.0362084 -0.562182 -0.30094 -0.801275 
756
0 0 0 0 
6.64716 5.01878 7.45639 2.58477 
-0.544954 -0.281926 -0.76646 0.0273729 
760
0 0 0 
5.79366 4.78857 7.56656 
-0.506582 -0.241661 -0.750387 
756
0 0 
1.98431 2.99509 
0.707807 0.0349538 
760
0 0 
2.04186 3.10063 
0.766102 0.0812055 
764
0 0 0 
6.02015 7.06956 5.21165 
-0.486339 -0.727642 -0.216972 
768
0 0 0 
6.14397 5.97474 4.35438 
-0.463817 -0.703527 -0.186136 
764
0 0 
2.03016 3.12092 
0.838664 0.116463 
768
0 0 
1.93807 2.85641 
0.906992 0.168875 
772
0 0 0 
5.1174 6.11468 5.75108 
-0.155206 -0.677884 -0.432395 
776
0 0 0 0 
5.66914 4.27009 5.78853 6.14852 
-0.406534 -0.129562 -0.646767 -0.916967 
772
0 
2.80723 
0.210696 
776
0 0 
2.82284 3.09145 
0.244376 1.03159 
780
0 0 0 0 
5.41769 4.76292 7.78758 7.42127 
-0.383669 -0.102485 -0.88534 -0.634769 
784
0 0 0 0 
5.37367 4.27623 7.5733 8.59411 
-0.350993 -0.0595098 -0.604945 -0.861336 
780
0 
2.58559 
0.306138 
788
0 0 0 0 
3.94371 5.21964 6.99758 8.92918 
-0.0214059 -0.321699 -0.578109 -0.841271 
788
0 
2.47015 
0.415263 
792
0 
2.59386 
0.450492 
792
0 0 0 0 0 
3.67679 5.59171 7.09768 6.47426 5.61984 
0.0205672 -0.289756 -0.550118 -0.810547 -0.91737 
796
0 0 0 0 0 
3.19072 5.7233 6.00421 8.82397 7.86737 
0.0332998 -0.261077 -0.517345 -0.787891 -0.897211 
796
0 
2.32549 
0.518909 
800
0 0 0 0 
6.64673 5.90734 6.51702 7.66765 
-0.494637 -0.22719 -0.754776 -0.859703 
800
0 0 
2.47442 3.07361 
0.578325 0.0278099 
804
0 0 
2.20983 3.49646 
0.651161 0.0900789 
804
0 0 0 0 
6.12986 4.76421 8.84222 7.43222 
-0.460426 -0.19177 -0.828022 -0.729675 
808
0 0 
2.48984 3.37915 
0.701699 0.119523 
812
0 0 
2.03107 3.45068 
0.797299 0.169667 
808
0 0 0 0 
4.5364 6.12576 10.132 6.95787 
-0.157508 -0.434555 -0.810272 -0.705881 
816
0 0 0 0 
5.82072 5.61692 7.96767 9.1148 
-0.379208 -0.097204 -0.654808 -0.757014 
816
0 0 
2.23216 3.4093 
0.85505 0.207685 
820
0 0 
2.88491 2.39534 
0.2707 0.919128 
820
0 0 0 0 
4.05193 7.05218 7.65421 8.44152 
-0.0564522 -0.34922 -0.629579 -0.733858 
824
0 0 0 0 
4.42105 5.86959 7.42838 9.70726 
-0.0274043 -0.320952 -0.602746 -0.711149 
824
0 0 
2.23162 3.03472 
1.0041 0.312622 
828
0 0 
2.74762 3.37949 
0.371426 1.02494 
828
0 0 0 0 
4.60108 4.97695 8.03749 7.08485 
0.00920566 -0.290588 -0.686564 -0.578289 
832
0 
2.86089 
0.419515 
832
0 0 0 0 
5.34469 3.81241 8.47142 6.33776 
-0.262681 0.0339876 -0.653707 -0.5513 
836
0 0 0 
5.47641 8.45261 5.87617 
-0.231129 -0.62764 -0.522868 
836
0 0 
2.62738 4.17089 
0.479989 0.0259904 
840
0 0 
2.77516 4.29089 
0.524375 0.0744905 
844
0 0 0 
8.01675 5.48509 6.95324 
-0.57724 -0.157297 -0.461702 
844
0 0 
2.5467 3.82667 
0.591504 0.120409 
848
0 0 0 0 1 
5.2732 7.02828 6.95944 9.08014 3.95365 
-0.122605 -0.439231 -0.544281 -0.905368 -0.928645 
852
0 1 0 0 0 
6.22211 6.37743 6.72353 7.5279 11.7037 
-0.0950686 -0.896987 -0.411011 -0.524124 -0.879264 
848
0 0 
3.85752 2.67439 
0.166976 0.640801 
852
0 0 
2.72251 3.69852 
0.699907 0.210625 
856
0 0 
2.51674 3.4983 
0.77199 0.261183 
856
0 0 0 1 0 
5.1992 5.58424 7.24489 4.88841 11.679 
-0.0602255 -0.376238 -0.491088 -0.871422 -0.845825 
860
0 0 
2.35515 3.62197 
0.85835 0.292464 
860
0 0 0 1 0 1 
5.66313 5.14779 7.15971 5.2939 11.9866 1.73553 
-0.348242 -0.0235521 -0.465019 -0.853592 -0.827653 -0.999403 
864
0 0 
2.25809 3.20439 
0.929319 0.350157 
868
0 0 
2.28179 3.43299 
0.994355 0.395095 
872
0 0 0 
2.19729 3.26851 4.36385 
1.03028 0.441744 0.0326825 
876
0 0 
3.37932 4.3928 
0.49593 0.0789926 
880
0 0 
4.11229 2.8162 
0.112405 0.575686 
884
0 0 
3.16127 3.73304 
0.610819 0.163599 
868
0 1 0 0 1 0 
7.02741 5.68052 4.3336 5.30063 1.41891 12.2318 
-0.405827 -0.815063 0.0355193 -0.287561 -0.995494 -0.770578 
872
1 0 0 1 0 
4.25351 5.70241 6.54428 1.60453 11.8297 
-0.789209 -0.264985 -0.37801 -0.973232 -0.743927 
876
1 0 0 1 0 0 
4.42655 5.78449 6.44344 1.82695 11.2649 14.8331 
-0.770864 -0.227548 -0.352888 -0.947497 -0.716185 -0.878903 
880
0 1 0 0 0 1 0 
9.93281 4.7063 5.57857 7.10479 14.3415 1.39021 10.3834 
-0.688541 -0.752942 -0.19635 -0.31844 -0.848628 -0.986549 -0.859475 
888
0 0 
2.83594 3.93005 
0.666921 0.199259 
888
0 1 1 0 1 0 1 0 0 
6.2507 4.3408 2.35408 6.19334 2.1356 9.03523 3.84017 15.0474 20.9049 
-0.127211 -0.716623 -0.895752 -0.26202 -0.955136 -0.637866 -0.867948 -0.788722 -0.866913 
892
0 0 
2.88242 4.3579 
0.729871 0.241357 
892
1 0 0 1 1 1 0 0 1 0 
4.1588 5.64199 6.60783 2.87029 1.54203 3.66024 9.87452 13.2653 7.58399 18.2579 
-0.685268 -0.106201 -0.223759 -0.889543 -0.962609 -0.876447 -0.603677 -0.761113 -0.907703 -0.843891 
896
1 0 0 1 1 1 0 1 0 0 0 
4.59882 5.54646 5.67057 2.3196 1.83511 10.1403 9.66227 3.26637 16.808 16.6451 27.153 
-0.686409 -0.0654484 -0.193217 -0.883634 -0.952601 -0.883222 -0.57405 -0.866453 -0.736412 -0.82112 -0.859036 
896
0 0 
2.37792 4.06703 
0.814843 0.284658 
900
0 0 
3.06722 3.91433 
0.840342 0.329315 
904
0 0 
2.49707 3.54286 
0.933884 0.389603 
904
1 1 0 0 1 1 0 1 0 1 0 0 
4.45006 2.59372 5.25115 5.17571 3.13266 8.84984 11.4352 16.594 13.074 2.40718 12.3746 14.561 
-0.635229 -0.881361 -0.133455 0.00277301 -0.859314 -0.834138 -0.519802 -0.895343 -0.675539 -0.965876 -0.693141 -0.769898 
908
1 0 1 1 0 1 0 1 0 0 
1.88006 5.75259 4.0733 2.59803 5.42696 8.49498 9.92689 12.8617 13.7798 19.9786 
-0.891582 -0.0983188 -0.609604 -0.847036 0.0326876 -0.818347 -0.498059 -0.869256 -0.653226 -0.730231 
908
0 0 
3.89407 2.4593 
0.413689 1.00081 
912
1 1 1 0 1 0 0 1 0 0 
2.3459 4.1685 3.04226 5.54517 9.49911 9.56255 2.9275 18.3481 13.5192 23.6867 
-0.88148 -0.600336 -0.82874 -0.0728786 -0.788498 -0.470878 0.0236552 -0.840162 -0.627922 -0.705504 
912
0 0 0 
3.41737 2.22341 3.44971 
0.479248 1.02607 0.0226132 
916
1 1 0 1 1 1 0 1 0 0 1 
2.31323 2.67733 5.69054 4.15009 7.19547 7.70224 10.109 12.2706 13.7195 14.2509 12.6469 
-0.897698 -0.828045 -0.0451681 -0.60108 -0.766923 -0.820317 -0.448674 -0.830693 -0.608606 -0.679948 -0.842521 
916
0 0 
3.12918 5.30263 
0.527527 0.0445444 
920
1 1 1 0 1 0 1 0 0 0 1 
2.27444 2.72618 3.84802 4.60036 8.93272 9.30337 12.7064 12.9945 18.3208 19.0506 15.5755 
-0.887512 -0.833849 -0.581098 -0.0135576 -0.754912 -0.426792 -0.800267 -0.584357 -0.700765 -0.662966 -0.825161 
924
1 1 1 0 1 1 0 0 0 0 1 
2.51455 3.73322 2.24327 5.5399 8.57247 13.016 7.43232 12.6356 19.1355 22.4323 17.6817 
-0.853328 -0.574956 -0.898464 0.0110098 -0.738483 -0.78602 -0.423643 -0.569344 -0.642573 -0.681958 -0.798986 
924
0 0 
3.39173 5.22434 
0.617435 0.11099 
928
1 1 0 1 0 1 0 0 1 
2.78969 3.09883 4.71924 8.76643 9.31221 10.7805 13.9431 19.2878 17.8974 
-0.866884 -0.558653 0.0368495 -0.730049 -0.392402 -0.764892 -0.549928 -0.62529 -0.784914 
932
1 1 1 0 0 1 0 1 0 
2.62961 3.53674 9.53265 3.96339 7.05012 13.4953 12.7339 17.8899 17.8364 
-0.871693 -0.568863 -0.718358 0.0244035 -0.36846 -0.755842 -0.53296 -0.767113 -0.600841 
936
1 1 1 0 0 1 0 
2.39823 3.04157 7.86148 9.18607 13.6281 15.8238 10.772 
-0.901285 -0.561632 -0.712335 -0.366703 -0.517305 -0.762382 -0.593935 
940
1 1 1 0 1 0 0 1 
3.49484 2.13256 8.38718 8.23136 10.9152 11.8723 16.3129 16.4424 
-0.564533 -0.931491 -0.6956 -0.349342 -0.72301 -0.502189 -0.575886 -0.740659 
932
0 0 
2.83427 3.40423 
0.72485 0.182451 
936
0 0 0 
2.94467 3.98917 4.81737 
0.766989 0.201768 0.0271735 
940
0 0 0 
4.04145 2.92846 4.35405 
0.221244 0.811839 0.0520087 
944
1 1 0 1 1 0 0 
3.05468 7.28637 8.79674 1.94279 12.5537 15.2601 16.169 
-0.576438 -0.690437 -0.336701 -0.971892 -0.725057 -0.496929 -0.564078 
944
0 0 0 
3.53951 2.98271 5.55097 
0.262064 0.855259 0.0605703 
948
0 0 0 
2.44109 3.58173 4.56417 
0.928666 0.278218 0.0807753 
952
1 1 0 1 0 0 
2.3505 7.76171 8.81714 12.8906 12.9403 17.6825 
-0.610783 -0.693369 -0.320698 -0.702592 -0.471964 -0.543195 
952
0 0 0 
3.24317 2.6282 4.48915 
0.311015 0.973825 0.103338 
956
0 0 0 
2.39459 3.11609 4.39163 
1.03247 0.345095 0.119707 
956
1 0 1 1 0 0 1 
2.78562 8.69234 6.59923 12.0764 11.6944 12.7949 26.8188 
-0.613198 -0.314543 -0.680947 -0.696178 -0.471552 -0.543724 -0.900076 
960
1 0 1 0 0 
2.64197 8.06137 6.0952 11.8619 18.2126 
-0.643504 -0.298402 -0.683314 -0.457762 -0.525071 
960
0 0 0 
3.6858 3.67509 2.35767 
0.352873 0.149214 1.03414 
964
0 0 
3.50292 3.7964 
0.383817 0.165534 
968
1 0 1 0 1 0 
2.51556 7.66324 7.93146 12.8215 10.638 14.7735 
-0.660817 -0.281563 -0.686036 -0.44556 -0.677892 -0.512022 
972
1 0 1 1 0 0 1 
2.66382 6.74468 6.46545 11.6941 12.0834 15.2633 34.6785 
-0.689313 -0.275855 -0.683761 -0.669739 -0.501778 -0.425134 -0.861141 
968
0 0 
2.95127 3.66143 
0.426607 0.183377 
972
0 0 
2.57629 3.39194 
0.478892 0.216168 
976
1 1 0 1 0 1 0 
2.41619 8.01887 7.84288 10.2949 7.84276 13.7541 18.5622 
-0.713521 -0.667231 -0.257753 -0.653482 -0.405162 -0.893878 -0.482416 
976
0 0 
2.53575 3.42273 
0.513455 0.239915 
980
1 0 1 1 0 0 1 0 
2.44497 6.73458 6.93631 11.5056 13.5838 11.385 23.2348 18.1665 
-0.725914 -0.243473 -0.661672 -0.650966 -0.398858 -0.474066 -0.879875 -0.465603 
980
0 0 
3.45587 2.75033 
0.2692 0.55057 
984
0 0 
2.39378 2.7322 
0.604808 0.323787 
984
1 0 1 0 1 0 1 1 
2.43111 7.93467 6.83113 17.7438 9.12308 12.7599 23.5929 15.2316 
-0.754442 -0.22599 -0.647321 -0.451476 -0.64451 -0.380056 -0.862099 -0.634653 
988
0 0 
2.28948 3.08891 
0.667984 0.352955 
992
1 1 0 1 0 0 1 
1.28119 6.19197 6.42838 11.0097 10.2734 19.4557 17.6065 
-0.781332 -0.624858 -0.18531 -0.604581 -0.343335 -0.409098 -0.902809 
996
1 1 0 1 0 1 1 1 0 
1.96806 6.93719 7.02729 9.56547 12.3684 18.2882 17.6127 23.1145 17.7929 
-0.755688 -0.612285 -0.173756 -0.578318 -0.323933 -0.891042 -0.578502 -0.81101 -0.3921 
992
0 0 
2.27026 2.52259 
0.723614 0.404752 
996
0 0 
2.41271 2.84436 
0.753196 0.429343 
1000
1 0 1 1 1 0 1 0 1 0 
5.79611 7.0153 11.7743 2.45837 14.3601 11.308 19.4628 11.6846 25.2142 10.8039 
-0.606556 -0.148034 -0.570336 -0.784412 -0.867164 -0.307172 -0.791606 -0.380224 -0.743144 -0.370436 
1000
0 0 
2.5311 2.20846 
0.496728 0.832118 
1004
0 1 1 0 1 1 1 1 0 
6.89805 5.81481 10.6071 11.1246 2.57661 14.4853 22.6636 16.4991 15.9955 
-0.1321 -0.591247 -0.552286 -0.287183 -0.836251 -0.856771 -0.77226 -0.539811 -0.353707 
1008
0 0 
2.15778 2.27358 
0.971132 0.590221 
1008
0 1 1 0 1 1 1 1 0 
6.13617 6.19136 10.9433 12.028 14.8551 18.2629 15.5783 21.2722 14.0463 
-0.112651 -0.582396 -0.537123 -0.271107 -0.831467 -0.75887 -0.523475 -0.837957 -0.329955 
1012
0 0 
2.04058 2.20143 
1.05578 0.6521 
1016
0 0 
2.14819 1.53441 
0.705868 1.08096 
1012
0 1 1 0 1 1 1 0 
5.61571 5.66674 11.0214 10.9391 15.983 21.4773 14.5126 17.9555 
-0.0910024 -0.571961 -0.518637 -0.252904 -0.816099 -0.739806 -0.502333 -0.315376 
1020
0 1 1 0 1 0 1 1 
5.08847 5.62009 10.4031 10.8971 17.4333 15.5294 17.2383 15.1105 
-0.0407257 -0.54046 -0.480156 -0.211272 -0.787455 -0.276082 -0.463937 -0.694795 
1020
0 
1.99978 
0.774148 
1024
0 1 1 0 0 1 1 1 1 
6.04062 5.06815 10.506 11.3201 12.1068 13.5388 14.6263 21.9833 10.4684 
-0.0164485 -0.534755 -0.475425 -0.190768 -0.255551 -0.769995 -0.445361 -0.420751 -0.683973 
1024
0 
2.16992 
0.827723 
1028
0 
2.04156 
0.899739 
1032
0 
1.78172 
0.999543 
1028
0 1 1 0 1 0 1 1 1 
5.25874 5.82108 10.2854 10.0381 12.3584 12.6052 17.0583 12.3741 14.4485 
0.00374146 -0.521062 -0.449027 -0.159168 -0.761545 -0.226626 -0.755651 -0.657086 -0.425425 
1032
0 1 1 0 1 1 1 1 
6.06894 4.59359 10.1548 10.9589 16.5495 8.08 13.8061 13.8672 
0.0236463 -0.505528 -0.43535 -0.144329 -0.738931 -0.905807 -0.405421 -0.639703 
1036
1 0 0 1 1 1 0 1 1 0 
5.02544 11.3971 4.74375 8.58088 10.0837 14.754 16.4067 13.0364 16.1933 11.8812 
-0.497346 -0.127788 0.0339377 -0.424021 -0.885865 -0.723735 -0.189877 -0.618246 -0.364955 -0.892546 
1040
1 0 1 1 1 0 1 1 
5.11918 11.0996 10.2073 12.6273 11.3429 17.4707 16.0381 24.7424 
-0.485997 -0.108029 -0.403968 -0.881546 -0.371052 -0.170073 -0.707711 -0.610531 
1040
0 
4.90953 
0.024991 
1044
0 
5.49152 
0.0517064 
1044
1 1 1 0 1 1 0 1 
5.18925 9.31378 11.2798 8.5089 12.9359 14.6192 12.283 22.5424 
-0.472901 -0.385208 -0.859098 -0.0845472 -0.347525 -0.691043 -0.154359 -0.59327 
1048
1 0 1 1 1 0 1 1 
4.67581 10.986 9.00517 13.4527 15.1996 12.218 15.1063 15.6718 
-0.472433 -0.0640145 -0.362552 -0.851526 -0.333576 -0.122533 -0.673546 -0.576994 
1052
1 1 0 1 0 1 1 1 
4.75427 10.5238 8.52382 8.62806 13.5556 16.7132 16.0597 15.0015 
-0.451776 -0.83496 -0.0425085 -0.338802 -0.106655 -0.549403 -0.310486 -0.278058 
1056
1 1 1 0 0 1 1 1 
4.50525 10.6667 9.88244 10.8877 15.0909 13.9564 16.983 18.4995 
-0.434373 -0.824473 -0.332375 -0.0164079 -0.0825058 -0.635592 -0.287902 -0.534907 
1052
0 
5.06737 
0.106005 
1056
0 
4.99466 
0.135696 
1060
0 
5.06199 
0.159306 
1060
1 0 1 1 1 0 1 1 0 
4.38026 10.8247 9.53161 9.34336 13.6566 12.2909 16.746 15.6673 17.6801 
-0.426556 0.00529558 -0.813409 -0.305379 -0.269436 -0.054635 -0.619764 -0.511144 -0.795269 
1064
1 0 1 1 0 1 1 1 1 0 
4.27751 8.03655 10.186 9.81056 17.2545 15.3677 14.8411 14.5773 20.6748 16.8927 
-0.411604 0.0237401 -0.294434 -0.791353 -0.0401297 -0.605726 -0.246342 -0.220625 -0.493448 -0.77598 
1068
0 0 
4.58939 9.9333 
0.225753 0.00597787 
1068
1 1 1 1 1 0 0 0 1 0 1 
4.32364 11.7147 10.5406 9.17168 14.2624 10.7486 8.2736 13.7979 24.7739 13.102 14.4269 
-0.401455 -0.237383 -0.783915 -0.27556 -0.582233 -0.0261989 0.0344064 -0.760805 -0.477754 -0.0602503 -0.200039 
1072
0 0 
4.40436 10.84 
0.254493 0.0197435 
1072
1 1 1 0 1 1 1 0 1 
4.56229 10.9954 9.29626 11.0766 13.9807 14.5889 18.1835 17.6231 16.3094 
-0.395646 -0.773218 -0.25879 0.00509339 -0.208531 -0.571662 -0.462701 -0.0312252 -0.176689 
1076
0 0 
4.26635 9.66416 
0.279634 0.0435831 
1076
1 1 1 1 0 1 0 0 1 1 
4.11248 7.49698 11.9938 13.4637 11.7313 13.2588 18.59 21.6044 15.9097 20.7442 
-0.381809 -0.236954 -0.765407 -0.190743 0.0282674 -0.557982 -0.73656 -0.0156902 -0.448559 -0.16398 
1080
1 1 1 1 1 0 1 0 1 0 
3.97287 10.5924 7.91801 14.1893 18.1988 15.0284 20.0315 21.6793 21.27 17.1509 
-0.376911 -0.755247 -0.221792 -0.545097 -0.178312 0.0374104 -0.42983 0.0028975 -0.146528 -0.72613 
1084
0 0 0 
4.00664 9.14317 13.6444 
0.342847 0.0850585 0.0094815 
1084
1 1 1 1 1 1 0 1 0 
3.55264 9.66675 8.34939 11.0672 14.5878 21.0319 18.796 9.96845 15.9479 
-0.366938 -0.738739 -0.204392 -0.524268 -0.163892 -0.417061 0.0218643 -0.125144 -0.709745 
1088
1 1 1 1 1 1 1 
4.03247 8.30201 10.9462 16.0393 12.3189 12.039 19.0111 
-0.360393 -0.18908 -0.733835 -0.14877 -0.5127 -0.115529 -0.399852 
1092
1 1 1 1 1 0 1 1 
4.09895 16.6547 8.50418 9.15837 10.8217 17.013 17.7101 15.5613 
-0.361726 -0.134083 -0.725002 -0.184318 -0.502604 -0.690569 -0.392551 -0.0970362 
1088
0 0 0 
4.08023 8.93848 11.4049 
0.368573 0.107156 0.0333641 
1092
0 0 0 0 
3.72573 7.74591 12.7961 20.4103 
0.393917 0.131465 0.044768 0.0065198 
1096
0 0 0 
3.15611 9.02047 13.1327 
0.443176 0.145785 0.0604001 
1100
0 0 0 0 
3.28892 7.16608 12.765 17.8252 
0.46273 0.160357 0.0785019 0.0384567 
1100
1 1 1 1 1 1 1 0 
3.17553 7.74091 10.9235 11.5287 12.4422 18.7083 20.0364 16.0734 
-0.346794 -0.157289 -0.711943 -0.114381 -0.494498 -0.363037 -0.071367 -0.674453 
1104
1 1 1 1 1 1 1 0 1 
15.1792 3.67766 8.71057 9.54435 10.7843 15.8031 12.2292 14.4363 25.631 
-0.0971051 -0.358112 -0.150004 -0.716426 -0.475919 -0.356329 -0.0613082 -0.663887 -0.28288 
1104
0 0 0 0 
3.25302 8.33518 12.0928 20.1696 
0.488696 0.168541 0.0923767 0.049346 
1108
0 0 0 0 
3.72691 9.59204 12.2311 14.7438 
0.511841 0.174946 0.0969712 0.0536261 
1112
1 1 1 1 1 1 
3.29088 10.0963 8.37795 12.423 10.597 15.6761 
-0.36494 -0.718128 -0.152176 -0.0840895 -0.475242 -0.056659 
1116
1 1 1 1 1 1 1 0 
3.25117 8.63777 11.4729 10.7671 12.7264 17.8269 17.2222 15.2559 
-0.387426 -0.148082 -0.728581 -0.478964 -0.0945385 -0.354643 -0.0585864 -0.672687 
1112
0 0 0 0 
3.47735 8.92372 12.5856 18.3134 
0.534052 0.183706 0.102144 0.0586068 
1116
0 0 0 0 
3.25414 7.69494 12.938 19.0637 
0.547281 0.187016 0.0984134 0.0606221 
1120
1 1 1 1 1 1 1 0 1 
3.06685 6.79954 8.92145 12.7845 15.0105 18.8865 24.2305 14.73 15.1071 
-0.400957 -0.153764 -0.738381 -0.0967115 -0.492633 -0.358304 -0.285506 -0.683675 -0.056783 
1120
0 0 0 0 
3.0308 7.28379 11.8827 17.101 
0.569366 0.194299 0.103033 0.0631679 
1124
0 0 0 0 
3.06055 7.42209 11.1055 17.5099 
0.584921 0.182807 0.103849 0.0526705 
1128
1 1 1 1 1 1 1 
2.49799 7.15612 9.83601 13.2382 13.9477 20.4246 11.5659 
-0.448722 -0.166219 -0.76473 -0.503552 -0.108085 -0.370661 -0.0554706 
1132
1 1 1 1 1 1 1 
2.3614 6.3085 10.0359 12.2975 11.1643 19.7246 15.1937 
-0.465885 -0.163942 -0.77823 -0.112804 -0.509051 -0.378659 -0.0643787 
1128
0 0 0 0 
3.28504 6.89824 12.0283 17.1192 
0.593957 0.183398 0.103199 0.0542819 
1132
0 0 0 0 
2.7846 6.45333 13.3638 19.2689 
0.625489 0.196626 0.0933094 0.053109 
1136
0 0 0 0 
2.51951 6.82653 9.86046 16.3841 
0.671161 0.196455 0.104221 0.0525142 
1140
1 1 1 1 1 1 1 0 
2.46642 7.20591 9.07525 11.3262 13.2289 14.5285 19.1911 14.9575 
-0.529593 -0.185379 -0.798605 -0.520436 -0.113 -0.388929 -0.0711051 -0.71779 
1140
0 0 0 0 
2.31191 7.26384 12.5052 15.7151 
0.70052 0.195712 0.09527 0.0486125 
1144
0 0 0 0 
2.49293 6.96484 11.4263 16.7869 
0.712506 0.198632 0.0994728 0.0570825 
1144
1 1 1 1 1 1 1 0 1 
2.15836 7.38233 6.44602 11.4562 12.104 20.4462 16.7672 15.0443 12.1675 
-0.555481 -0.805737 -0.19069 -0.530373 -0.117312 -0.391488 -0.0755572 -0.723427 -0.29614 
1148
0 0 0 0 
2.26902 7.32069 10.2253 16.2258 
0.745715 0.194656 0.101744 0.0530358 
1148
1 1 1 1 1 1 1 
1.71773 6.88903 8.30247 11.9289 13.6673 17.8684 18.5961 
-0.585299 -0.188482 -0.819378 -0.540724 -0.116524 -0.390175 -0.0799886 
1152
0 0 0 0 
2.0593 6.90115 9.59616 13.9199 
0.809857 0.205734 0.090492 0.0511805 
1156
0 0 0 0 
2.13666 7.2829 11.4357 15.6882 
0.825683 0.204535 0.0970019 0.0551994 
1156
1 1 1 1 1 1 1 
2.12514 9.12317 7.06085 12.5691 12.6753 19.856 21.8467 
-0.675479 -0.849696 -0.198273 -0.123352 -0.550368 -0.0805756 -0.396336 
1160
1 1 1 1 1 1 1 1 
1.82037 6.13225 8.39603 10.0519 11.9851 18.5419 16.725 19.9252 
-0.723314 -0.204695 -0.856964 -0.127113 -0.558332 -0.407129 -0.0807968 -0.313503 
1160
0 0 0 0 
2.10523 5.8476 8.83037 18.074 
0.876686 0.216031 0.0941396 0.0486494 
1164
0 0 0 0 
2.06917 5.32588 12.5254 14.0862 
0.918461 0.226378 0.09897 0.0494077 
1164
1 1 1 1 1 1 1 
1.62201 6.10257 8.04304 10.5917 10.3079 19.1008 18.7766 
-0.753404 -0.212123 -0.870429 -0.126935 -0.570368 -0.41173 -0.0787544 
1168
1 1 1 1 1 1 1 
1.46619 5.4751 8.31244 11.0322 14.0414 17.0173 13.7442 
-0.775083 -0.21523 -0.886124 -0.129039 -0.564716 -0.408066 -0.0863171 
1172
0 0 0 0 
6.06189 2.83042 10.9987 19.0783 
0.231221 1.00251 0.102566 0.0547129 
1172
1 1 1 1 1 1 1 1 
6.20419 8.26542 2.30364 10.1657 16.195 17.98 10.8981 22.1108 
-0.214676 -0.89839 -0.838226 -0.126012 -0.0798396 -0.41217 -0.563603 -0.318712 
1176
0 0 0 0 
5.84488 10.3005 2.9797 12.0493 
0.243865 0.116377 1.00958 0.0621803 
1176
1 1 1 1 1 1 1 
6.07985 8.39881 10.4901 10.2549 13.6369 16.5512 22.2213 
-0.208508 -0.899966 -0.117604 -0.569919 -0.406976 -0.0757627 -0.311602 
1180
1 1 1 1 1 1 1 
5.2996 7.15335 10.5884 13.6298 11.0853 12.711 14.9035 
-0.206407 -0.906806 -0.11624 -0.0592448 -0.563759 -0.397179 -0.300274 
1180
0 0 0 
5.5814 9.18078 15.0418 
0.263943 0.13459 0.0721481 
1184
1 1 1 1 1 1 
6.18681 10.4418 6.16986 15.4823 12.56 13.7989 
-0.199159 -0.100095 -0.912665 -0.0571779 -0.561624 -0.399308 
1184
0 0 0 
5.59206 9.54519 16.0907 
0.275606 0.142629