0
1 0 
3.08395 2.02135 
-0.301607 -0.646863 
0
0 
3.33764 
0.551342 
4
1 0 
2.93545 2.19231 
-0.300334 -0.643955 
4
0 
3.2599 
0.547134 
8
0 
3.73156 
0.546466 
8
1 0 
2.9679 2.19549 
-0.298149 -0.646858 
12
0 
3.60937 
0.537274 
12
1 0 
3.07219 2.34837 
-0.301628 -0.643302 
16
0 
3.42327 
0.541026 
16
1 0 
3.19776 2.64703 
-0.301482 -0.641346 
20
0 
3.41409 
0.543275 
20
1 0 
3.08143 2.14369 
-0.307485 -0.644426 
24
0 
3.0874 
0.559198 
24
1 0 
3.2421 2.40606 
-0.304766 -0.639655 
28
0 
3.50982 
0.540881 
28
1 0 
3.24235 2.20578 
-0.303242 -0.647047 
32
0 
3.48606 
0.541396 
32
1 0 
3.65785 2.6551 
-0.305284 -0.637729 
36
0 
3.45923 
0.549675 
36
1 0 
3.16873 2.3045 
-0.303531 -0.643543 
40
1 0 
3.08506 2.19972 
-0.300843 -0.639971 
40
0 
3.63341 
0.542704 
44
1 0 
3.30747 2.72538 
-0.303435 -0.624521 
44
0 
3.61659 
0.54243 
52
1 0 
3.46793 2.25103 
-0.304616 -0.648324 
52
0 
3.54329 
0.539506 
56
0 
3.24501 
0.546961 
56
1 0 
3.19242 2.39884 
-0.302905 -0.639448 
60
0 
3.54633 
0.547787 
60
1 0 
2.87152 2.3872 
-0.303414 -0.642651 
64
0 
3.68681 
0.54398 
64
1 0 
3.10482 2.31015 
-0.301163 -0.646147 
68
0 
3.4458 
0.54614 
68
1 0 
3.07557 2.32043 
-0.302177 -0.640678 
76
0 
3.18784 
0.550234 
76
1 0 
3.51227 2.42505 
-0.303606 -0.643054 
80
0 
3.25149 
0.546687 
80
1 0 
3.42504 2.42874 
-0.3111 -0.635689 
84
0 
3.72649 
0.533854 
84
1 0 
3.50296 2.39428 
-0.313073 -0.638456 
88
0 
3.40772 
0.545313 
88
1 0 
3.22567 2.17176 
-0.299183 -0.642265 
92
0 
3.18797 
0.549326 
92
1 0 
2.98037 3.1853 
-0.302549 -0.630038 
100
0 
3.21497 
0.549149 
100
1 0 
3.13465 2.02048 
-0.302468 -0.647872 
104
0 
3.21981 
0.548058 
104
1 0 
2.95321 2.14576 
-0.300287 -0.646545 
108
0 
3.41862 
0.556968 
108
1 0 
3.68256 2.95863 
-0.307182 -0.623529 
112
1 0 
2.92127 2.76808 
-0.299385 -0.636274 
112
0 
3.26315 
0.545531 
116
1 0 
3.24466 2.04405 
-0.305519 -0.651693 
116
0 
3.44246 
0.547888 
124
0 
3.28498 
0.546786 
124
1 0 
3.41526 2.71276 
-0.306009 -0.614708 
128
0 
3.42408 
0.547815 
128
1 0 
3.32078 2.33502 
-0.306913 -0.638422 
132
1 0 
3.03908 2.53059 
-0.299691 -0.635525 
132
0 
3.44217 
0.551319 
136
0 
2.73438 
0.561909 
136
1 0 
3.50381 2.8438 
-0.298936 -0.643217 
140
0 
3.36131 
0.544016 
140
1 0 
3.71009 2.20905 
-0.308714 -0.648576 
148
1 0 
3.29916 2.46881 
-0.303744 -0.634457 
148
0 
3.3692 
0.542933 
152
1 0 
3.50037 2.41509 
-0.305272 -0.637077 
152
0 
3.36002 
0.553567 
156
1 0 
2.87648 2.17905 
-0.300015 -0.656039 
156
0 
3.33923 
0.54434 
160
0 
3.39887 
0.544931 
160
1 0 
3.15195 2.10603 
-0.300612 -0.63927 
168
0 
3.2507 
0.549898 
168
1 0 
3.27 2.16112 
-0.302318 -0.642005 
172
0 
3.37898 
0.542066 
172
1 0 
3.31244 2.29413 
-0.310572 -0.644596 
176
0 
2.67851 
0.572247 
176
1 0 
3.12876 2.2618 
-0.3024 -0.641043 
180
0 
3.41287 
0.549985 
180
1 0 
2.97225 2.07647 
-0.301396 -0.650839 
184
0 
3.46132 
0.553574 
184
1 0 
3.04309 2.25028 
-0.302881 -0.645067 
192
1 0 
3.35026 2.37613 
-0.312122 -0.640036 
192
0 
3.25075 
0.547437 
196
0 
3.39654 
0.547073 
196
1 0 
3.60974 2.13254 
-0.309138 -0.63576 
200
0 
3.62611 
0.537303 
200
1 0 
3.27811 2.25053 
-0.301271 -0.642759 
204
1 0 
3.24511 2.39508 
-0.315482 -0.63467 
204
0 
3.44222 
0.539864 
208
0 
3.33576 
0.543412 
208
1 0 
3.15343 2.30181 
-0.302963 -0.636555 
216
1 0 
3.42344 2.3998 
-0.301668 -0.642268 
216
0 
3.39439 
0.548849 
220
0 
3.54336 
0.543545 
220
1 0 
3.27148 2.11393 
-0.304433 -0.646795 
224
0 
3.53078 
0.551358 
224
1 0 
3.68888 2.53839 
-0.307678 -0.638123 
228
1 0 
3.25756 2.41687 
-0.314097 -0.643808 
228
0 
3.20146 
0.556797 
236
0 
3.44012 
0.541339 
236
1 0 
2.74455 2.21991 
-0.310403 -0.64626 
240
0 
3.508 
0.540321 
240
1 0 
3.18531 2.07951 
-0.302007 -0.643386 
244
0 
3.31498 
0.553979 
244
1 0 
3.37195 2.69071 
-0.305578 -0.620696 
248
0 
3.3964 
0.548381 
248
1 0 
3.56801 2.23305 
-0.306236 -0.646372 
252
0 
3.27522 
0.546757 
252
1 0 
3.46076 2.15082 
-0.304201 -0.64997 
260
1 0 
2.93088 2.7352 
-0.305936 -0.626438 
260
0 
3.49532 
0.540063 
264
1 0 
3.75779 2.14317 
-0.305738 -0.646962 
264
0 
3.49749 
0.546156 
268
0 
3.65226 
0.541198 
268
1 0 
3.14508 2.19046 
-0.300707 -0.644095 
272
1 0 
3.22982 2.06635 
-0.307367 -0.648583 
272
0 
3.31217 
0.544554 
276
1 0 
3.08569 2.59321 
-0.305538 -0.634148 
276
0 
3.56897 
0.541479 
284
0 
3.09931 
0.55197 
284
1 0 
3.09835 2.17875 
-0.304754 -0.637428 
288
1 0 
2.83413 2.34358 
-0.29866 -0.643724 
288
0 
3.31125 
0.546987 
292
1 0 
3.37637 2.10342 
-0.301716 -0.646213 
292
0 
3.51191 
0.546694 
296
1 0 
3.05125 2.80699 
-0.302106 -0.629878 
296
0 
3.45981 
0.54747 
300
1 0 
3.07916 2.20636 
-0.300449 -0.6444 
300
0 
3.24508 
0.554129 
308
1 0 
3.39073 2.28595 
-0.306008 -0.636705 
308
0 
3.13997 
0.563339 
312
1 0 
2.98332 2.21972 
-0.301694 -0.648531 
312
0 
3.43542 
0.542914 
316
1 0 
3.38381 2.19753 
-0.302191 -0.640678 
316
0 
3.28828 
0.54964 
320
1 0 
3.02983 1.98436 
-0.301792 -0.647463 
320
0 
3.57458 
0.537566 
328
1 0 
3.4432 2.3995 
-0.307787 -0.633746 
328
0 
3.71593 
0.541178 
332
0 
3.4496 
0.54054 
332
1 0 
3.27768 2.45887 
-0.308505 -0.642832 
336
1 0 
3.08604 2.81927 
-0.302478 -0.634563 
336
0 
3.45179 
0.541246 
340
0 
3.33169 
0.545831 
340
1 0 
3.38569 2.30935 
-0.304917 -0.642259 
344
0 
2.98184 
0.558742 
344
1 0 
3.35717 2.39548 
-0.296259 -0.642378 
352
1 0 
3.15082 2.22036 
-0.304033 -0.644327 
352
0 
3.48965 
0.538083 
356
1 0 
3.71976 2.30059 
-0.306908 -0.636948 
356
0 
3.59177 
0.538282 
360
0 
3.45249 
0.546127 
360
1 0 
2.92649 2.2748 
-0.304279 -0.637504 
364
0 
3.30255 
0.546904 
364
1 0 
3.10106 2.87998 
-0.313894 -0.625032 
368
1 0 
3.57564 2.32881 
-0.296557 -0.645011 
368
0 
3.36625 
0.544372 
376
1 0 
3.40345 2.62159 
-0.302967 -0.623174 
376
0 
3.26395 
0.549389 
380
0 
3.56585 
0.553935 
380
1 0 
3.35741 2.49546 
-0.307992 -0.640687 
384
1 0 
3.03042 2.18847 
-0.303653 -0.645294 
384
0 
3.26907 
0.549618 
388
1 0 
3.551 2.02524 
-0.302247 -0.643989 
388
0 
3.33661 
0.547616 
396
1 0 
3.47233 2.76689 
-0.306843 -0.621279 
396
0 
3.34756 
0.54384 
400
1 0 
3.07371 2.33323 
-0.313513 -0.640844 
400
0 
3.35372 
0.544358 
404
0 
3.77227 
0.547221 
404
1 0 
3.1311 2.77404 
-0.303621 -0.630552 
408
1 0 
2.88237 2.8186 
-0.303626 -0.62193 
408
0 
3.22916 
0.556352 
412
0 
3.69935 
0.534225 
412
1 0 
3.11325 2.08332 
-0.301873 -0.643305 
420
1 0 
3.04956 2.07074 
-0.30442 -0.650978 
420
0 
3.1453 
0.55116 
424
1 0 
3.07936 2.13553 
-0.303283 -0.640571 
424
0 
3.23753 
0.544954 
428
1 0 
3.01447 2.84426 
-0.300262 -0.618185 
428
0 
3.45634 
0.542969 
432
1 0 
3.66558 2.35428 
-0.306226 -0.643919 
432
0 
3.66631 
0.535068 
436
1 0 
3.37094 2.95226 
-0.298995 -0.628666 
440
0 
3.2155 
0.547636 
444
1 0 
3.93934 2.18287 
-0.307569 -0.647271 
444
0 
3.40506 
0.558607 
448
1 0 
3.05153 2.57731 
-0.305675 -0.644148 
448
0 
3.35829 
0.557431 
452
1 0 
3.08629 2.4877 
-0.292012 -0.639689 
452
0 
3.47912 
0.538823 
456
0 
3.25425 
0.54683 
456
1 0 
3.41953 2.41004 
-0.305182 -0.642619 
464
1 0 
2.97606 2.00923 
-0.301101 -0.645401 
464
0 
3.31306 
0.550386 
468
0 
3.44846 
0.54253 
468
1 0 
3.03134 2.16529 
-0.299256 -0.64855 
472
0 
3.25497 
0.546505 
472
1 0 
3.06349 2.36823 
-0.299979 -0.638823 
476
1 0 
3.38176 2.18757 
-0.302311 -0.639609 
476
0 
3.44472 
0.539156 
480
1 0 
3.32177 2.15768 
-0.306754 -0.643048 
480
0 
3.27678 
0.550083 
488
0 
3.31565 
0.553007 
488
1 0 
3.27603 2.36752 
-0.303828 -0.642626 
492
0 
3.23775 
0.546802 
492
1 0 
3.13519 2.36663 
-0.302583 -0.638257 
496
1 0 
3.24851 2.47964 
-0.302921 -0.638752 
496
0 
3.35398 
0.542982 
500
0 
3.41267 
0.550233 
500
1 0 
3.418 2.39004 
-0.305876 -0.636616 
504
0 
3.19221 
0.550314 
504
1 0 
3.18326 2.07892 
-0.308529 -0.64084 
512
1 0 
3.25402 2.5733 
-0.305247 -0.639414 
512
0 
3.707 
0.541753 
516
0 
3.57471 
0.53933 
516
1 0 
2.9495 2.32178 
-0.300788 -0.643997 
520
0 
3.37308 
0.542721 
520
1 0 
3.27631 2.03613 
-0.304352 -0.651857 
524
0 
3.49809 
0.540134 
524
1 0 
3.22938 2.96167 
-0.30636 -0.624879 
532
0 
3.25085 
0.548555 
532
1 0 
3.33068 2.38322 
-0.30465 -0.641524 
536
0 
3.45477 
0.542708 
536
1 0 
3.16725 2.30298 
-0.306178 -0.639838 
540
0 
3.30358 
0.54487 
540
1 0 
3.23853 2.79656 
-0.305588 -0.623241 
544
0 
3.34764 
0.547382 
544
1 0 
3.09933 2.17242 
-0.302995 -0.647538 
548
1 0 
2.92042 2.47061 
-0.29965 -0.63622 
548
0 
3.3833 
0.545528 
556
1 0 
3.46719 2.47438 
-0.304172 -0.639079 
556
0 
3.42788 
0.551638 
560
1 0 
3.11094 2.10073 
-0.301945 -0.645944 
560
0 
3.47058 
0.550112 
564
1 0 
3.2349 2.20262 
-0.314881 -0.648976 
564
0 
3.35602 
0.544326 
568
1 0 
3.59803 2.08063 
-0.308056 -0.636713 
568
0 
3.54506 
0.551264 
576
1 0 
3.16516 3.04498 
-0.303262 -0.620583 
576
0 
3.41238 
0.54347 
580
1 0 
3.06829 2.36217 
-0.302178 -0.641143 
580
0 
3.58988 
0.543426 
584
0 
3.54408 
0.5379 
584
1 0 
3.16694 2.97142 
-0.303123 -0.621716 
588
0 
3.45326 
0.542392 
588
1 0 
3.55585 2.34381 
-0.306529 -0.640146 
592
1 0 
3.37311 2.56316 
-0.305038 -0.643297 
592
0 
3.56673 
0.551711 
600
0 
3.31817 
0.546874 
600
1 0 
3.33561 2.53873 
-0.30882 -0.638301 
604
0 
3.49104 
0.537236 
604
1 0 
2.96301 2.55447 
-0.300412 -0.646065 
608
1 0 
3.22795 2.52553 
-0.3034 -0.641869 
608
0 
3.25415 
0.552881 
612
1 0 
3.49511 2.63964 
-0.298209 -0.643275 
612
0 
3.43476 
0.544184 
616
1 0 
3.40406 2.19074 
-0.302046 -0.645613 
616
0 
3.51756 
0.540057 
624
1 0 
3.2744 2.41797 
-0.300381 -0.641395 
624
0 
3.34714 
0.545776 
628
0 
3.28294 
0.543297 
628
1 0 
3.24897 1.90249 
-0.302836 -0.647675 
632
1 0 
3.41149 2.12744 
-0.305476 -0.645603 
632
0 
2.75497 
0.563312 
636
1 0 
3.47467 2.46759 
-0.315951 -0.634521 
636
0 
3.31203 
0.544824 
644
0 
3.35049 
0.544097 
644
1 0 
3.10251 2.61814 
-0.301515 -0.638493 
648
0 
2.58831 
0.561101 
648
1 0 
3.56293 2.21016 
-0.295419 -0.6369 
652
0 
3.54385 
0.545742 
652
1 0 
3.4413 2.20105 
-0.306556 -0.647963 
656
1 0 
3.18471 2.35277 
-0.302333 -0.639527 
656
0 
3.40384 
0.543581 
660
0 
3.40483 
0.544643 
660
1 0 
3.06215 2.94769 
-0.299772 -0.623714 
668
0 
3.48229 
0.540865 
668
1 0 
3.2096 2.74417 
-0.304394 -0.635279 
672
0 
3.56918 
0.540944 
672
1 0 
3.20899 2.49614 
-0.304417 -0.639642 
676
0 
3.45236 
0.5447 
676
1 0 
3.53452 2.2467 
-0.305929 -0.644081 
680
0 
3.53748 
0.546647 
680
1 0 
3.23433 2.18244 
-0.304288 -0.634863 
688
1 0 
3.17539 2.17484 
-0.302999 -0.641682 
688
0 
3.07572 
0.556721 
692
0 
3.24582 
0.550617 
692
1 0 
3.483 2.986 
-0.30516 -0.624203 
696
1 0 
3.07518 2.33552 
-0.302147 -0.637468 
696
0 
3.24184 
0.549506 
700
1 0 
3.18824 3.01533 
-0.30137 -0.624053 
700
0 
3.13629 
0.553077 
704
0 
3.47111 
0.546437 
704
1 0 
3.41394 3.21424 
-0.303196 -0.627797 
712
0 
3.33275 
0.54391 
712
1 0 
3.10073 2.70043 
-0.300632 -0.635167 
716
1 0 
3.85664 2.82429 
-0.305814 -0.62534 
716
0 
3.42231 
0.541472 
720
1 0 
3.20905 3.01857 
-0.304268 -0.625661 
720
0 
3.40877 
0.551076 
724
0 
3.39255 
0.554536 
724
1 0 
3.17707 2.70505 
-0.302028 -0.638884 
728
0 
3.31856 
0.547984 
728
1 0 
3.62037 2.18406 
-0.304805 -0.652641 
736
1 0 
2.90167 2.15044 
-0.305432 -0.641669 
736
0 
3.4919 
0.546091 
740
1 0 
3.40675 2.8987 
-0.295476 -0.624273 
740
0 
3.43099 
0.555496 
744
1 0 
3.24533 2.06118 
-0.306096 -0.653756 
744
0 
3.22401 
0.546729 
748
1 0 
3.47289 2.52239 
-0.305348 -0.632475 
748
0 
3.23352 
0.550224 
756
1 0 
3.14501 2.74742 
-0.301882 -0.611754 
756
0 
3.59598 
0.53757 
760
1 0 
3.30277 2.80803 
-0.304491 -0.639458 
760
0 
3.52391 
0.540916 
764
0 
3.17393 
0.546876 
764
1 0 
3.19386 2.29403 
-0.295874 -0.642916 
768
0 
3.27275 
0.550457 
768
1 0 
3.09185 2.634 
-0.302767 -0.630475 
772
0 
3.53189 
0.537504 
772
1 0 
3.48567 2.79405 
-0.297508 -0.624483 
780
0 
3.5406 
0.551361 
780
1 0 
2.97455 2.95686 
-0.300745 -0.625194 
784
0 
3.48203 
0.552437 
784
1 0 
3.44392 2.22357 
-0.305849 -0.639381 
788
0 
3.39243 
0.543842 
788
1 0 
3.60818 2.44659 
-0.305121 -0.63497 
792
0 
3.783 
0.543461 
792
1 0 
3.36493 2.71814 
-0.30023 -0.619218 
796
0 
3.19244 
0.548976 
796
1 0 
3.0386 2.24736 
-0.302341 -0.630083 
800
0 
3.48088 
0.541976 
804
1 0 
3.1241 2.98267 
-0.310749 -0.626993 
808
0 
2.93944 
0.567424 
808
1 0 
3.37281 2.2198 
-0.303845 -0.637979 
812
0 
3.56258 
0.550902 
812
1 0 
3.05957 2.39089 
-0.299355 -0.640873 
816
0 
3.42593 
0.556274 
816
1 0 
3.15451 2.13061 
-0.30385 -0.643044 
820
0 
3.41371 
0.542687 
820
1 0 
3.25498 1.94105 
-0.295318 -0.650487 
828
0 
3.27222 
0.55668 
828
1 0 
3.01622 1.95486 
-0.306095 -0.648738 
832
0 
3.44997 
0.556211 
832
1 0 
3.40309 2.76513 
-0.305878 -0.623485 
836
0 
3.3796 
0.549101 
836
1 0 
3.15085 2.04944 
-0.306646 -0.650678 
840
0 
3.40296 
0.541758 
840
1 0 
3.2681 2.31102 
-0.303814 -0.645105 
844
0 
3.39152 
0.551795 
844
1 0 
2.99843 1.90998 
-0.303231 -0.641663 
852
0 
3.49233 
0.544541 
852
1 0 
3.69078 2.73737 
-0.307498 -0.622678 
856
0 
3.23794 
0.5478 
856
1 0 
3.32369 1.96934 
-0.296804 -0.642921 
860
0 
3.45441 
0.54235 
860
1 0 
3.34059 2.01785 
-0.305913 -0.640615 
864
1 0 
3.40372 2.23876 
-0.304909 -0.648103 
864
0 
2.61613 
0.574358 
868
1 0 
3.50025 2.35759 
-0.298265 -0.642494 
868
0 
3.44259 
0.551042 
876
0 
3.38138 
0.543317 
876
1 0 
3.52895 2.28691 
-0.301832 -0.644712 
880
0 
3.32092 
0.547304 
880
1 0 
3.25745 2.84257 
-0.299009 -0.621984 
884
1 0 
3.32993 2.36887 
-0.295798 -0.644319 
884
0 
3.35978 
0.544801 
888
0 
3.52635 
0.546376 
888
1 0 
3.2466 2.72745 
-0.303349 -0.644311 
892
1 0 
3.52067 2.16166 
-0.304743 -0.648652 
892
0 
3.30116 
0.547009 
900
1 0 
3.19509 2.22121 
-0.304189 -0.644224 
900
0 
3.16735 
0.550492 
904
0 
3.36866 
0.552915 
904
1 0 
3.67547 2.19704 
-0.307191 -0.646103 
908
1 0 
3.13866 2.20663 
-0.300625 -0.646104 
908
0 
3.34536 
0.545332 
912
1 0 
3.14114 2.14405 
-0.308445 -0.646049 
912
0 
3.15859 
0.549871 
916
1 0 
2.93246 2.07092 
-0.300632 -0.644652 
916
0 
3.37316 
0.54332 
924
1 0 
3.19964 2.19772 
-0.303146 -0.645406 
924
0 
3.61909 
0.535497 
928
0 
3.67847 
0.541184 
928
1 0 
2.99167 2.38689 
-0.302367 -0.638145 
932
1 0 
3.42243 2.85753 
-0.301103 -0.624158 
932
0 
3.03528 
0.554179 
936
0 
3.2576 
0.550203 
936
1 0 
3.04169 2.04904 
-0.300497 -0.651588 
944
1 0 
3.27602 2.48009 
-0.304947 -0.638439 
944
0 
3.33157 
0.544761 
948
1 0 
3.01808 2.42787 
-0.305006 -0.64252 
948
0 
3.47044 
0.540293 
952
0 
3.43054 
0.540851 
952
1 0 
3.23996 2.23947 
-0.303534 -0.639142 
956
0 
3.23188 
0.547596 
956
1 0 
3.02312 2.4257 
-0.301811 -0.638027 
960
1 0 
3.46691 2.29662 
-0.304298 -0.640485 
960
0 
3.35182 
0.542974 
968
1 0 
2.91858 2.13769 
-0.300515 -0.653433 
968
0 
3.32562 
0.544286 
972
1 0 
3.28684 2.25417 
-0.309701 -0.646374 
972
0 
3.3792 
0.544428 
976
1 0 
3.13916 2.70859 
-0.307188 -0.636698 
976
0 
3.35051 
0.545201 
980
1 0 
3.57241 2.86139 
-0.306226 -0.623473 
980
0 
2.62328 
0.573175 
984
0 
3.3116 
0.544954 
984
1 0 
3.04479 1.98287 
-0.302292 -0.652296 
992
0 
3.44781 
0.549415 
992
1 0 
3.01362 2.74062 
-0.30132 -0.631002 
996
1 0 
3.00797 2.28079 
-0.301285 -0.6372 
996
0 
3.57201 
0.550427 
1000
0 
2.93354 
0.578231 
1000
1 0 
3.27891 2.53715 
-0.308625 -0.641517 
1004
0 
3.33624 
0.547347 
1004
1 0 
3.46814 3.00148 
-0.306979 -0.624758 
1012
1 0 
3.097 2.24305 
-0.306691 -0.642518 
1012
0 
3.34233 
0.544247 
1016
0 
3.08608 
0.553674 
1016
1 0 
3.01601 2.45727 
-0.302705 -0.641828 
1020
1 0 
3.35106 2.68557 
-0.305984 -0.637608 
1020
0 
3.38728 
0.543582 
1024
1 0 
2.94962 2.74343 
-0.301229 -0.623621 
1024
0 
3.16668 
0.551791 
1028
0 
3.29694 
0.543221 
1028
1 0 
3.52045 2.83951 
-0.306801 -0.624002 
1036
1 0 
3.21331 3.11783 
-0.305934 -0.625445 
1036
0 
3.53085 
0.545671 
1040
0 
3.37066 
0.550123 
1040
1 0 
3.71766 2.07046 
-0.305951 -0.647305 
1044
0 
3.49754 
0.540385 
1044
1 0 
2.98919 2.28598 
-0.301398 -0.645091 
1048
1 0 
3.25466 2.34719 
-0.304051 -0.64124 
1048
0 
3.33818 
0.545655 
1056
0 
3.51838 
0.548101 
1056
1 0 
3.40191 2.53323 
-0.30383 -0.640656 
1060
0 
3.38631 
0.542865 
1060
1 0 
3.22895 2.76263 
-0.304157 -0.620588 
1064
1 0 
3.19023 2.86883 
-0.303201 -0.623086 
1064
0 
3.53574 
0.538396 
1068
0 
3.39385 
0.551698 
1068
1 0 
3.05505 2.24586 
-0.300508 -0.641131 
1072
1 0 
3.1614 2.80847 
-0.311484 -0.626225 
1072
0 
3.30529 
0.545181 
1080
0 
3.28527 
0.545707 
1080
1 0 
2.94631 2.38229 
-0.304325 -0.6416 
1084
0 
3.1253 
0.551147 
1084
1 0 
3.11841 2.04036 
-0.30257 -0.649757 
1088
1 0 
3.36827 2.86723 
-0.303426 -0.62659 
1088
0 
3.734 
0.545383 
1092
1 0 
3.52426 1.97127 
-0.30385 -0.648218 
1092
0 
3.40285 
0.549879 
1100
0 
3.34525 
0.54239 
1100
1 0 
3.25656 2.52031 
-0.307023 -0.619877 
1104
1 0 
3.03718 2.36198 
-0.301611 -0.645626 
1104
0 
3.39605 
0.542963 
1108
0 
3.61823 
0.551057 
1108
1 0 
3.12384 2.94672 
-0.304705 -0.624538 
1112
1 0 
3.4257 2.9884 
-0.305041 -0.622545 
1112
0 
3.26624 
0.546081 
1116
0 
3.13051 
0.558692 
1116
1 0 
3.50612 2.28363 
-0.305505 -0.640234 
1124
0 
2.89765 
0.561406 
1124
1 0 
3.05241 2.09512 
-0.301075 -0.648134 
1128
0 
3.27217 
0.544316 
1128
1 0 
3.14587 2.78333 
-0.302471 -0.623412 
1132
0 
3.30325 
0.54689 
1132
1 0 
3.53261 2.73861 
-0.300431 -0.623103 
1136
0 
3.51294 
0.550636 
1136
1 0 
2.95336 2.42961 
-0.302174 -0.643893 
1144
0 
3.14065 
0.559429 
1144
1 0 
3.13817 2.11958 
-0.304376 -0.65028 
1148
0 
2.7828 
0.560709 
1148
1 0 
3.39845 2.32154 
-0.29621 -0.638694 
1152
1 0 
3.02852 2.74456 
-0.302356 -0.624414 
1152
0 
3.44009 
0.544368 
1156
1 0 
3.04755 2.23437 
-0.299723 -0.647233 
1156
0 
3.32071 
0.547278 
1160
1 0 
3.19833 2.22977 
-0.30665 -0.64428 
1160
0 
3.18141 
0.548421 
1168
0 
3.3188 
0.550781 
1168
1 0 
3.35802 2.58929 
-0.304251 -0.637679 
1172
0 
3.47077 
0.540062 
1172
1 0 
3.45492 2.35635 
-0.304388 -0.638433 
1176
0 
3.58666 
0.553392 
1176
1 0 
3.6315 2.16391 
-0.305317 -0.648781 
1180
1 0 
3.10241 2.37654 
-0.303342 -0.642694 
1180
0 
3.66261 
0.546952 
1188
1 0 
3.14889 2.36798 
-0.302328 -0.642983 
1188
0 
3.28425 
0.548372 
1192
1 0 
3.27989 2.79115 
-0.30277 -0.624021 
1192
0 
3.38192 
0.548473 
1196
1 0 
2.85238 2.34486 
-0.297842 -0.6412 
1196
0 
3.37949 
0.54108 
1200
1 0 
3.4641 2.44115 
-0.303374 -0.619871 
1200
0 
3.49259 
0.552315 
1208
0 
3.48318 
0.539655 
1208
1 0 
3.09584 2.77491 
-0.301957 -0.639837 
1212
0 
3.5755 
0.54989 
1212
1 0 
3.45057 2.4217 
-0.308118 -0.645565 
1216
1 0 
3.5025 2.6053 
-0.304368 -0.633321 
1216
0 
3.27342 
0.552876 
1220
1 0 
3.09212 2.78524 
-0.304019 -0.632937 
1220
0 
3.37779 
0.547526 
1224
0 
3.46425 
0.542188 
1224
1 0 
3.2677 2.94479 
-0.305942 -0.622422 
1232
0 
3.18647 
0.558732 
1232
1 0 
3.21917 2.48795 
-0.307431 -0.641301 
1236
1 0 
3.23222 2.44446 
-0.304044 -0.628619 
1236
0 
2.84915 
0.564879 
1240
1 0 
3.60634 2.23706 
-0.302666 -0.649336 
1240
0 
2.98539 
0.56154 
1244
1 0 
3.16677 2.16643 
-0.302334 -0.641137 
1244
0 
3.50091 
0.548011 
1248
0 
3.14465 
0.551508 
1248
1 0 
3.35051 2.77566 
-0.303559 -0.628902 
1256
1 0 
3.2577 2.27507 
-0.31433 -0.641457 
1256
0 
3.27413 
0.561254 
1260
0 
3.77213 
0.545018 
1260
1 0 
3.24915 2.25654 
-0.308481 -0.643666 
1264
1 0 
3.0917 2.80762 
-0.290602 -0.622992 
1264
0 
3.3062 
0.547284 
1268
0 
3.20108 
0.547801 
1268
1 0 
3.42109 2.03068 
-0.306694 -0.651374 
1276
0 
3.26851 
0.559858 
1276
1 0 
3.11722 2.19173 
-0.305761 -0.645363 
1280
0 
3.49523 
0.542246 
1280
1 0 
3.09745 2.2676 
-0.303059 -0.644855 
1284
1 0 
3.51042 2.42476 
-0.307756 -0.637065 
1284
0 
3.19824 
0.560918 
1288
1 0 
3.06929 2.35811 
-0.300606 -0.633982 
1288
0 
3.28195 
0.548223 
1292
0 
3.49478 
0.542327 
1292
1 0 
3.36298 1.94567 
-0.312794 -0.650894 
1300
0 
3.40379 
0.541772 
1300
1 0 
3.64523 2.55923 
-0.304708 -0.641027 
1304
0 
3.10872 
0.551893 
1304
1 0 
3.37046 2.39213 
-0.303463 -0.638108 
1308
1 0 
3.17454 1.83714 
-0.304943 -0.644797 
1308
0 
3.32541 
0.545294 
1312
1 0 
2.92263 1.98075 
-0.302005 -0.654584 
1312
0 
3.44275 
0.54528 
1316
1 0 
3.34275 2.42307 
-0.303765 -0.635629 
1316
0 
3.54358 
0.540595 
1324
1 0 
3.07347 2.59756 
-0.301591 -0.610914 
1324
0 
3.47621 
0.540382 
1328
1 0 
3.20384 2.23504 
-0.3068 -0.641936 
1328
0 
3.31307 
0.550425 
1332
1 0 
3.28645 2.63257 
-0.304588 -0.632367 
1332
0 
3.3672 
0.544652 
1336
1 0 
3.28356 2.14309 
-0.307488 -0.648976 
1336
0 
3.83843 
0.536944 
1344
1 0 
3.33023 1.79529 
-0.305048 -0.648449 
1344
0 
3.62119 
0.542097 
1348
1 0 
3.30808 2.44057 
-0.30535 -0.643844 
1348
0 
3.42659 
0.542765 
1352
1 0 
2.87878 1.94253 
-0.301911 -0.652957 
1352
0 
3.2626 
0.547334 
1356
0 
3.42519 
0.541186 
1356
1 0 
3.61001 2.41586 
-0.298494 -0.644057 
1360
0 
3.08752 
0.552862 
1360
1 0 
2.94741 2.12265 
-0.304803 -0.648271 
1368
0 
3.4853 
0.543679 
1368
1 0 
3.18928 2.53832 
-0.306107 -0.633307 
1372
1 0 
3.45647 2.87612 
-0.299888 -0.620574 
1372
0 
3.11554 
0.556335 
1376
1 0 
2.92456 3.01114 
-0.300137 -0.629822 
1376
0 
3.05017 
0.554932 
1380
0 
3.30288 
0.547682 
1380
1 0 
3.03111 2.70919 
-0.306851 -0.621715 
1388
1 0 
2.92435 2.04722 
-0.301704 -0.653613 
1388
0 
3.23541 
0.546939 
1392
0 
3.12339 
0.555138 
1392
1 0 
3.3195 2.38582 
-0.30334 -0.644063 
1396
1 0 
3.33682 2.90434 
-0.29592 -0.612071 
1396
0 
3.21792 
0.549486 
1400
1 0 
3.00928 2.22 
-0.300286 -0.642523 
1400
0 
3.43045 
0.545621 
1404
1 0 
3.15042 2.12275 
-0.311326 -0.648204 
1404
0 
3.03542 
0.557414 
1412
1 0 
3.26908 2.30111 
-0.309868 -0.643907 
1412
0 
2.60028 
0.569812 
1416
1 0 
3.4669 2.84706 
-0.297929 -0.625128 
1416
0 
3.36732 
0.543619 
1420
1 0 
3.39741 2.13532 
-0.303936 -0.632664 
1420
0 
3.23277 
0.549504 
1424
1 0 
2.7943 2.22866 
-0.301155 -0.641795 
1424
0 
3.31472 
0.546795 
1432
0 
3.1308 
0.551486 
1432
1 0 
3.0587 2.09873 
-0.312166 -0.654985 
1436
1 0 
2.98445 2.71957 
-0.301319 -0.620183 
1436
0 
3.44709 
0.546925 
1440
1 0 
3.16959 2.37202 
-0.304613 -0.645588 
1440
0 
3.31092 
0.545859 
1444
1 0 
3.0864 2.09545 
-0.301586 -0.642801 
1444
0 
3.5609 
0.551216 
1448
1 0 
3.24798 2.15669 
-0.295517 -0.647567 
1448
0 
3.33797 
0.544117 
1456
1 0 
3.27538 1.95935 
-0.304463 -0.651429 
1456
0 
3.31768 
0.546581 
1460
1 0 
3.30563 2.89165 
-0.307401 -0.621584 
1460
0 
3.3287 
0.551734 
1464
1 0 
3.07409 2.88171 
-0.300388 -0.622845 
1464
0 
3.20875 
0.547322 
1468
0 
3.13424 
0.549205 
1468
1 0 
3.66819 2.50743 
-0.298473 -0.643057 
1476
1 0 
3.31607 2.78225 
-0.303946 -0.613005 
1476
0 
3.24136 
0.546225 
1480
1 0 
3.52465 2.81951 
-0.309929 -0.628196 
1480
0 
3.49585 
0.53993 
1484
0 
3.61444 
0.541449 
1484
1 0 
3.31294 2.67549 
-0.306545 -0.639067 
1488
1 0 
3.25515 2.34256 
-0.305693 -0.644889 
1488
0 
3.41676 
0.55505 
1492
1 0 
3.17726 2.84311 
-0.303398 -0.622664 
1492
0 
3.41957 
0.553787 
1500
1 0 
3.01459 2.69085 
-0.303816 -0.6261 
1500
0 
3.48761 
0.550665 
1504
1 0 
3.14083 2.5056 
-0.30448 -0.644181 
1504
0 
3.43474 
0.548011 
1508
1 0 
3.38596 2.7261 
-0.29559 -0.637528 
1508
0 
3.48608 
0.543447 
1512
1 0 
3.17898 2.03812 
-0.312161 -0.637862 
1512
0 
3.47045 
0.546604 
1516
1 0 
2.87246 2.27534 
-0.298168 -0.643153 
1520
0 
3.32801 
0.545275 
1524
1 0 
3.60984 2.42258 
-0.304807 -0.640787 
1524
0 
3.30226 
0.546079 
1528
1 0 
3.46124 2.55552 
-0.305415 -0.630439 
1528
0 
3.28769 
0.550891 
1532
1 0 
3.08086 1.94163 
-0.302349 -0.653842 
1532
0 
3.41405 
0.543929 
1536
1 0 
3.42305 2.61894 
-0.305637 -0.644853 
1536
0 
3.21014 
0.551005 
1544
1 0 
3.32192 2.86364 
-0.30327 -0.623712 
1544
0 
3.61278 
0.547292 
1548
0 
3.1938 
0.550278 
1548
1 0 
3.27137 2.35545 
-0.30399 -0.638956 
1552
1 0 
3.05814 2.00665 
-0.301723 -0.64675 
1552
0 
3.5395 
0.539418 
1556
0 
3.31097 
0.545037 
1556
1 0 
3.24267 2.6034 
-0.302746 -0.6212 
1560
1 0 
3.09629 2.1533 
-0.30358 -0.642644 
1560
0 
3.41194 
0.552137 
1568
1 0 
3.11754 2.34353 
-0.301698 -0.643339 
1568
0 
3.3468 
0.544068 
1572
1 0 
3.28568 2.35754 
-0.304905 -0.641135 
1572
0 
3.30143 
0.545432 
1576
0 
3.34264 
0.548598 
1576
1 0 
3.15927 2.42675 
-0.302045 -0.639742 
1580
1 0 
3.12174 2.4277 
-0.301872 -0.639798 
1580
0 
3.35264 
0.548943 
1588
0 
3.24956 
0.546865 
1588
1 0 
3.10155 2.0924 
-0.301392 -0.646294 
1592
0 
3.22118 
0.550247 
1592
1 0 
3.31794 1.99379 
-0.305638 -0.647454 
1596
0 
3.4091 
0.550385 
1596
1 0 
3.52124 2.26576 
-0.304552 -0.642122 
1600
1 0 
3.08401 2.21725 
-0.305471 -0.639558 
1600
0 
3.13649 
0.555458 
1608
1 0 
3.08892 1.83951 
-0.30305 -0.656847 
1608
0 
3.318 
0.546997 
1612
1 0 
3.46072 2.67003 
-0.306075 -0.637609 
1612
0 
3.26979 
0.549655 
1616
1 0 
3.30479 2.14283 
-0.302115 -0.647211 
1616
0 
3.27 
0.549352 
1620
0 
3.4908 
0.54433 
1620
1 0 
3.21417 2.16769 
-0.307369 -0.646735 
1624
0 
3.34813 
0.553177 
1624
1 0 
2.97015 2.35861 
-0.304894 -0.637717 
1632
0 
3.40142 
0.543965 
1632
1 0 
2.94955 2.21733 
-0.300963 -0.642311 
1636
0 
3.3873 
0.54387 
1636
1 0 
3.12054 2.27454 
-0.315959 -0.64517 
1640
0 
2.96537 
0.557254 
1640
1 0 
3.27145 2.22368 
-0.301535 -0.63851 
1644
0 
3.57794 
0.537888 
1644
1 0 
3.36503 2.85319 
-0.303724 -0.622431 
1652
0 
3.40065 
0.549114 
1652
1 0 
3.14254 2.57955 
-0.313007 -0.611178 
1656
0 
3.10481 
0.552653 
1656
1 0 
3.05999 2.1619 
-0.309447 -0.639387 
1660
0 
3.3547 
0.543809 
1660
1 0 
3.05184 2.50285 
-0.300505 -0.642425 
1664
0 
3.09776 
0.550861 
1664
1 0 
3.01164 2.13168 
-0.30043 -0.643702 
1668
0 
3.12586 
0.567636 
1672
1 0 
3.14222 2.74299 
-0.302422 -0.62306 
1676
0 
3.4889 
0.546278 
1676
1 0 
3.0435 2.8318 
-0.301526 -0.623167 
1680
0 
3.36674 
0.542248 
1680
1 0 
3.18661 2.15489 
-0.304188 -0.647161 
1684
0 
3.5718 
0.540079 
1684
1 0 
2.97852 2.29361 
-0.299665 -0.641049 
1688
0 
3.29023 
0.546541 
1688
1 0 
3.03304 2.90512 
-0.30622 -0.62327 
1696
0 
3.51883 
0.543842 
1696
1 0 
3.07014 2.15181 
-0.30165 -0.64895 
1700
1 0 
3.07888 2.1705 
-0.302421 -0.646019 
1700
0 
3.30031 
0.547424 
1704
0 
3.20473 
0.550157 
1704
1 0 
3.43838 2.21059 
-0.307399 -0.64157 
1708
1 0 
3.04169 2.64552 
-0.30541 -0.637574 
1708
0 
3.12021 
0.552603 
1716
1 0 
3.16992 2.25597 
-0.301594 -0.645147 
1716
0 
3.00157 
0.557721 
1720
1 0 
3.01671 2.878 
-0.305809 -0.615523 
1720
0 
3.33732 
0.544154 
1724
0 
2.56453 
0.567758 
1724
1 0 
3.18216 2.435 
-0.31061 -0.640801 
1728
1 0 
3.13196 2.20225 
-0.301255 -0.641136 
1728
0 
3.34046 
0.548663 
1732
1 0 
3.36571 2.25933 
-0.304226 -0.648122 
1732
0 
3.24436 
0.558674 
1740
1 0 
3.33428 2.29102 
-0.302134 -0.643567 
1740
0 
3.51775 
0.540811 
1744
1 0 
3.46099 2.28316 
-0.303579 -0.643608 
1744
0 
3.49289 
0.541597 
1748
1 0 
3.2032 2.26735 
-0.299972 -0.648676 
1748
0 
3.5305 
0.547876 
1752
1 0 
2.93453 2.00714 
-0.298622 -0.650235 
1752
0 
3.39904 
0.541659 
1760
1 0 
3.33598 2.97753 
-0.30433 -0.626215 
1760
0 
3.33033 
0.54461 
1764
1 0 
3.05929 2.73378 
-0.300214 -0.619874 
1764
0 
3.39411 
0.542692 
1768
1 0 
3.47201 1.93983 
-0.308085 -0.648222 
1768
0 
3.2849 
0.548122 
1772
0 
3.45114 
0.54169 
1772
1 0 
3.22656 2.36015 
-0.304288 -0.641859 
1780
1 0 
3.19566 2.42447 
-0.302506 -0.646867 
1780
0 
3.41507 
0.542504 
1784
0 
3.42728 
0.542144 
1784
1 0 
3.51138 2.2194 
-0.305984 -0.642745 
1788
0 
3.30566 
0.552019 
1788
1 0 
3.37954 2.66995 
-0.303618 -0.618609 
1792
0 
3.43945 
0.548427 
1792
1 0 
2.89254 2.32274 
-0.299241 -0.641758 
1796
0 
3.58285 
0.542996 
1796
1 0 
3.6982 2.7091 
-0.30145 -0.623099 
1804
0 
3.49607 
0.54925 
1804
1 0 
3.52684 2.62577 
-0.304569 -0.620681 
1808
1 0 
3.33262 2.49947 
-0.306444 -0.637585 
1808
0 
3.5248 
0.550642 
1812
0 
3.63165 
0.538567 
1812
1 0 
3.38113 2.44936 
-0.304386 -0.646015 
1816
0 
2.95359 
0.550388 
1816
1 0 
3.39837 2.21685 
-0.304157 -0.645316 
1824
0 
3.33836 
0.553093 
1824
1 0 
3.6115 2.28929 
-0.312054 -0.64226 
1828
0 
3.47155 
0.541512 
1828
1 0 
3.26476 2.48199 
-0.313393 -0.610347 
1832
0 
3.36842 
0.549993 
