0
1 0 1 1 0 1 1 0 0 1 1 1 
5.36288 14.798 10.3039 9.40905 13.2293 12.8943 13.0222 15.5711 13.7675 14.935 12.0046 10.7344 
-0.120082 0.0129023 -0.571534 -0.190919 -0.767614 -0.529432 -0.37242 -0.652172 -0.731294 -0.313502 -0.266765 -0.475929 
4
1 0 1 1 1 0 0 1 1 1 1 1 
5.55903 14.3898 10.5057 12.8448 8.18498 15.0488 15.2219 13.5966 13.6893 15.187 13.7381 11.2487 
-0.126654 0.0138303 -0.571578 -0.530111 -0.19783 -0.767867 -0.651761 -0.36763 -0.474982 -0.312936 -0.224788 -0.266251 
8
1 1 0 1 1 0 0 1 1 1 0 1 1 
6.2889 10.8131 14.4852 11.5209 10.2088 14.8073 13.2797 13.4028 13.9439 11.52 19.3434 11.1989 12.5749 
-0.127568 -0.572124 0.0122547 -0.532636 -0.195897 -0.651514 -0.767051 -0.367037 -0.313503 -0.473865 -0.090404 -0.267876 -0.429705 
12
1 0 1 0 1 1 1 1 0 1 0 1 1 
4.77618 14.3512 10.6924 15.4579 7.96113 14.0392 11.8647 13.5557 13.7641 13.6191 13.7295 11.2247 10.4539 
-0.120696 0.0133922 -0.571932 -0.652458 -0.197124 -0.368049 -0.309989 -0.530606 -0.767434 -0.474418 -0.731906 -0.266971 -0.231817 
16
1 0 1 1 0 1 1 0 1 1 0 1 1 
6.22743 15.1354 11.5019 10.5164 12.7675 11.4326 12.4538 15.0062 11.4378 12.9159 12.7153 9.79296 11.5249 
-0.12775 0.0119366 -0.572786 -0.193979 -0.766674 -0.526338 -0.309703 -0.651516 -0.368173 -0.474672 -0.730585 -0.232611 -0.266802 
20
1 0 1 1 1 1 1 0 0 1 
5.43068 14.4217 10.4273 10.0151 14.4194 13.1128 11.9325 15.4328 12.8764 10.7538 
-0.129817 0.0121203 -0.571971 -0.196125 -0.312569 -0.531949 -0.473754 -0.652051 -0.766178 -0.369443 
24
1 0 1 1 0 1 1 0 1 1 0 1 1 0 
5.72576 15.0485 11.044 9.6816 14.1202 8.61784 12.4535 13.3039 10.8604 14.2029 14.2687 13.7937 16.7539 17.9266 
-0.120854 0.0127035 -0.572709 -0.526151 -0.767624 -0.197212 -0.367857 -0.650598 -0.472642 -0.31329 -0.726174 -0.430951 -0.266058 -0.0946368 
28
1 0 1 0 1 1 0 1 1 1 1 1 
5.30836 12.5222 10.3049 15.0705 9.06884 10.8778 15.9381 13.611 13.0691 14.8891 11.1713 12.4832 
-0.126848 0.0152631 -0.57161 -0.767518 -0.197288 -0.53891 -0.651758 -0.371025 -0.479283 -0.312533 -0.266831 -0.229582 
32
1 1 0 1 0 0 0 1 1 1 1 1 0 
5.63272 10.8773 12.385 12.3764 15.9416 17.1613 12.1097 13.3548 9.66473 12.1564 12.2392 11.5817 15.6736 
-0.120736 -0.571537 0.0170131 -0.532915 -0.767039 -0.651851 -0.724562 -0.367557 -0.194887 -0.309486 -0.428365 -0.4735 -0.0937827 
36
1 0 1 0 0 1 1 0 1 1 1 1 1 0 
5.23839 12.6949 10.8853 16.0795 12.8512 11.798 10.9868 12.7651 12.3485 11.0502 8.55788 12.0965 13.0563 17.8146 
-0.121385 0.016032 -0.57212 -0.767479 -0.653677 -0.532515 -0.368518 -0.729746 -0.309862 -0.267007 -0.195636 -0.473626 -0.431703 -0.0940957 
40
1 1 0 0 1 1 1 0 1 0 1 1 
6.28015 11.5448 14.1519 12.2433 8.29817 10.49 11.2619 16.3037 14.6386 13.9235 12.7085 13.2677 
-0.124914 -0.573005 0.0138986 -0.766827 -0.193916 -0.369959 -0.531998 -0.652198 -0.31284 -0.726236 -0.474522 -0.23027 
44
1 0 1 1 0 0 1 1 1 1 0 1 1 1 0 
6.04838 13.076 11.0889 8.78134 15.2083 13.4877 13.199 13.9124 12.4438 12.824 12.8886 13.1213 14.6148 13.0252 16.8563 
-0.124407 0.0155697 -0.572575 -0.189916 -0.6516 -0.766939 -0.533794 -0.370696 -0.30977 -0.472915 -0.730413 -0.428734 -0.268707 -0.223987 -0.0945592 
48
1 1 0 0 1 1 1 0 0 1 1 1 0 
5.84087 11.4973 12.7692 12.7156 10.0251 12.1068 12.048 15.3416 12.8236 14.704 12.7573 10.1979 16.0392 
-0.126675 -0.57219 0.0154202 -0.764719 -0.195909 -0.370392 -0.532925 -0.651508 -0.730955 -0.312481 -0.431163 -0.47505 -0.0940634 
52
1 0 1 1 0 0 1 1 1 1 1 0 0 1 0 
5.52343 12.7988 9.80242 12.3096 14.9754 15.0423 13.7727 8.71904 13.6404 11.9092 15.0278 12.99 10.3086 11.8119 16.771 
-0.124802 0.0155579 -0.571966 -0.53296 -0.651247 -0.767007 -0.364599 -0.194345 -0.312488 -0.473878 -0.267991 -0.72559 -0.522297 -0.428598 -0.0942946 
56
1 0 1 1 0 1 0 1 0 1 1 1 1 
5.45604 14.7699 10.9702 12.0533 13.8434 9.42285 16.1556 13.9069 14.8661 14.4891 15.4984 14.8117 12.2266 
-0.126181 0.0140169 -0.571696 -0.538259 -0.766969 -0.194146 -0.651415 -0.370819 -0.729576 -0.478446 -0.316905 -0.223522 -0.265705 
60
1 0 1 0 1 1 1 0 1 1 0 0 
5.11258 12.7949 11.3142 15.2566 10.8347 13.1448 18.3607 13.5747 11.8836 13.6186 15.6716 18.5408 
-0.120594 0.0160937 -0.571907 -0.650965 -0.192726 -0.533667 -0.371329 -0.767195 -0.472694 -0.316005 -0.735017 -0.094329 
64
1 0 1 0 1 1 0 1 0 1 1 1 1 0 
6.49032 14.3457 10.5949 15.3019 9.51979 14.4594 13.943 12.3573 14.6564 10.8514 14.658 12.996 13.2087 15.031 
-0.126277 0.0135528 -0.571676 -0.651358 -0.196231 -0.370271 -0.731287 -0.533247 -0.776787 -0.266843 -0.313003 -0.429657 -0.478578 -0.0932057 
68
1 0 1 0 1 1 0 1 0 1 0 1 1 0 
5.92482 14.0064 11.1001 15.7558 9.88723 11.841 16.0587 13.744 16.0115 12.2904 14.1673 12.6675 12.9406 16.4631 
-0.12542 0.014878 -0.57194 -0.766449 -0.195789 -0.533341 -0.651299 -0.368106 -0.728749 -0.310026 -0.516491 -0.429785 -0.478884 -0.0942475 
72
1 0 1 0 0 1 1 1 0 1 1 1 0 
5.39665 12.6286 12.0845 15.6672 15.0972 9.17501 12.6085 13.276 13.0708 11.7732 15.0987 13.3215 18.2045 
-0.117895 0.0166065 -0.573275 -0.767453 -0.651444 -0.190319 -0.533553 -0.3676 -0.72538 -0.266015 -0.312835 -0.478844 -0.0937214 
76
1 0 1 1 1 1 0 0 1 1 0 1 1 
6.20694 14.9141 10.4027 13.0418 8.09727 11.8461 12.9521 16.0917 12.3972 11.8636 14.1203 12.2401 11.0523 
-0.128281 0.0130674 -0.571214 -0.533889 -0.19589 -0.369975 -0.771615 -0.652184 -0.310018 -0.473126 -0.729452 -0.42885 -0.265999 
80
1 0 1 0 1 1 1 0 0 1 1 1 1 
5.38702 13.2173 11.5776 15.3651 10.3087 11.5811 9.23203 15.759 12.5113 15.1604 10.4451 12.4065 10.8271 
-0.129141 0.0138984 -0.572457 -0.650645 -0.371301 -0.532798 -0.196246 -0.776277 -0.730766 -0.313109 -0.474505 -0.431019 -0.266659 
84
1 0 1 0 1 1 1 0 1 1 0 1 1 
5.68949 14.4732 10.4638 14.592 7.54167 10.9869 12.8438 14.0568 11.8036 15.6646 12.9884 12.5453 12.4685 
-0.126788 0.0131875 -0.571581 -0.766961 -0.196622 -0.369842 -0.536231 -0.650974 -0.265944 -0.312796 -0.725209 -0.431518 -0.473589 
88
1 0 1 1 1 0 0 1 1 1 1 1 1 0 
6.34338 13.5411 10.7017 8.89791 12.1612 15.7151 13.083 14.9597 12.5357 14.2484 10.4316 11.2473 9.16319 15.7662 
-0.126657 0.0141748 -0.571333 -0.195096 -0.533607 -0.651626 -0.766093 -0.371376 -0.473533 -0.30045 -0.424135 -0.266366 -0.232999 -0.729676 
92
1 0 1 0 1 1 0 1 1 1 1 0 1 0 
5.10419 13.7414 10.1271 16.2624 8.49751 11.9112 14.4395 12.985 14.3385 11.2192 12.2588 12.4808 12.0701 16.4429 
-0.117579 0.0134462 -0.571227 -0.76704 -0.194694 -0.532985 -0.650329 -0.368474 -0.313405 -0.476053 -0.262616 -0.731316 -0.229694 -0.0940039 
96
1 0 1 1 0 1 0 1 1 1 
5.94058 15.4785 11.3347 12.2211 13.5446 8.02212 15.3759 13.8145 11.9396 11.4364 
-0.12515 0.0127152 -0.571705 -0.533989 -0.767002 -0.195019 -0.651291 -0.367183 -0.474278 -0.266181 
100
1 1 0 1 1 1 0 0 1 1 1 1 1 
6.20382 10.9906 14.5432 8.33952 14.2566 12.181 12.8433 13.7 13.6651 10.8822 12.2831 11.5136 13.4033 
-0.127639 -0.572146 0.0120785 -0.197499 -0.312662 -0.533198 -0.764768 -0.649515 -0.371388 -0.474009 -0.43037 -0.266164 -0.224079 
104
1 0 1 0 1 1 1 0 0 1 1 1 1 1 
6.10484 14.7117 11.4484 16.128 8.9791 12.8846 12.9311 16.4221 12.6648 13.1307 11.1606 14.4028 12.1804 10.5479 
-0.126378 0.0128532 -0.567907 -0.766723 -0.192013 -0.370906 -0.53466 -0.652029 -0.724194 -0.47394 -0.266319 -0.313369 -0.429391 -0.232124 
108
1 0 1 1 1 0 1 0 0 1 1 1 1 
5.83608 16.2076 10.743 13.3563 8.40618 17.7113 11.0722 14.9314 12.3544 12.3156 11.7588 12.0097 13.1362 
-0.124475 0.0115751 -0.57222 -0.534111 -0.189539 -0.768341 -0.368969 -0.650676 -0.726852 -0.262387 -0.43145 -0.309419 -0.474203 
112
1 0 1 1 0 1 1 0 1 0 1 1 1 1 
5.09259 12.8203 10.6493 8.71984 15.6896 13.2642 12.3995 12.3479 15.2565 16.0577 12.8027 14.119 11.1843 14.5909 
-0.120819 0.0163622 -0.57272 -0.189016 -0.767698 -0.365402 -0.533415 -0.725165 -0.312373 -0.649802 -0.428795 -0.223356 -0.472452 -0.264498 
116
1 0 1 1 1 1 0 1 1 0 1 1 0 
5.47381 12.7126 11.445 12.691 11.4447 8.65563 15.634 15.236 13.4043 13.5414 11.2158 11.1784 15.6629 
-0.119086 0.0161965 -0.572598 -0.537614 -0.364696 -0.189451 -0.768009 -0.313346 -0.26872 -0.653631 -0.424191 -0.47363 -0.0929598 
120
1 1 0 0 1 1 0 0 1 1 1 1 1 
5.21518 10.4487 12.765 14.6696 9.66433 10.7196 16.0028 9.0921 10.3751 9.8006 11.7421 11.9209 11.199 
-0.120944 -0.571292 0.0152788 -0.767571 -0.524611 -0.370358 -0.651047 -0.733622 -0.192589 -0.315239 -0.473295 -0.43133 -0.266137 
124
1 0 1 0 1 1 1 0 0 1 1 1 1 0 
5.4478 12.1228 11.2937 15.6636 12.9577 10.1446 12.4147 13.4181 15.1543 14.1887 11.7286 12.2832 10.8163 15.5845 
-0.127737 0.0171908 -0.572689 -0.650266 -0.533505 -0.194754 -0.369469 -0.772335 -0.727731 -0.316324 -0.265441 -0.428633 -0.476655 -0.0941822 
128
1 1 0 1 0 1 1 0 0 1 0 1 1 
5.7753 11.7651 12.3748 12.4432 15.1057 13.5787 9.35704 15.04 15.7194 14.8753 10.9009 11.1516 11.8087 
-0.126496 -0.572313 0.0163584 -0.532834 -0.767611 -0.371964 -0.19931 -0.649936 -0.735212 -0.317004 -0.522495 -0.425117 -0.473865 
132
1 0 1 0 1 1 0 1 1 1 0 1 1 
5.59274 15.6497 11.2132 14.5234 7.17883 12.3784 14.3954 14.3879 11.4877 11.0145 12.1661 11.2764 11.2634 
-0.12602 0.0117492 -0.572123 -0.767475 -0.194894 -0.533142 -0.650712 -0.313083 -0.369855 -0.475102 -0.726291 -0.421105 -0.266715 
136
1 1 0 0 0 1 1 1 1 1 0 0 0 1 1 
4.52767 10.9286 9.23391 14.3714 15.9114 12.2515 8.85602 13.0846 12.2702 13.3077 17.5982 10.2251 13.1155 12.7526 11.8815 
-0.120472 -0.571985 0.00611334 -0.650676 -0.766551 -0.53503 -0.198035 -0.368228 -0.3106 -0.474867 -0.095159 -0.50889 -0.730717 -0.429938 -0.267115 
140
1 0 1 1 1 1 0 0 1 1 1 0 0 1 0 
5.5899 12.3355 10.7001 8.2452 11.3487 13.0859 12.4259 14.5313 9.99987 11.5207 12.0035 12.9821 15.7972 13.7514 16.3611 
-0.123786 0.0127321 -0.569903 -0.195098 -0.369053 -0.533098 -0.648087 -0.775721 -0.422702 -0.315956 -0.265978 -0.508464 -0.735505 -0.481059 -0.094815 
144
1 1 0 1 1 0 0 1 1 0 1 1 0 1 0 
5.37296 10.681 14.705 12.6061 14.1408 16.4549 12.8328 8.98264 15.3065 17.1612 14.598 10.8376 14.5856 12.7105 16.2731 
-0.121162 -0.571537 0.0133085 -0.531913 -0.371874 -0.649958 -0.770762 -0.196616 -0.315744 -0.51549 -0.478734 -0.424472 -0.735268 -0.267284 -0.0943674 
148
1 1 0 1 1 1 0 0 1 1 0 0 1 
5.45568 10.2106 15.7138 12.1922 9.7515 13.801 15.8827 14.405 13.0725 11.4844 13.8404 11.9911 12.6636 
-0.11984 -0.572274 0.0113216 -0.527765 -0.195794 -0.371015 -0.76736 -0.650396 -0.313835 -0.474194 -0.730706 -0.088037 -0.431873 
152
1 1 1 0 1 0 1 0 1 1 1 0 
5.78277 10.1505 13.6626 10.8355 14.1698 19.0621 11.7943 11.8454 12.7171 11.1722 11.8591 17.2778 
-0.116788 -0.572589 -0.529752 0.00640495 -0.373164 -0.657008 -0.194787 -0.768174 -0.482217 -0.431581 -0.301407 -0.0914735 
156
0 0 
4.07972 7.89038 
0.32932 0.164453 
156
1 1 0 1 0 1 1 0 0 1 1 1 0 1 
5.98123 10.1979 15.9181 12.1208 14.973 11.6018 11.9114 15.9991 16.5343 9.95907 12.5673 12.791 11.2087 13.1751 
-0.128184 -0.57625 0.0107861 -0.528343 -0.656253 -0.378868 -0.478988 -0.731095 -0.772455 -0.193325 -0.314153 -0.367712 -0.0866266 -0.429737 
160
1 1 1 1 0 0 0 1 1 0 1 0 1 
5.02093 10.5567 12.2374 11.7817 14.5774 13.4832 16.3147 10.4738 11.4709 12.5605 11.2119 11.4329 11.1451 
-0.122319 -0.577858 -0.529309 -0.479689 0.0109514 -0.0928062 -0.654607 -0.194353 -0.424934 -0.732064 -0.306423 -0.772216 -0.364377 
164
0 0 
4.91266 9.59118 
0.333814 0.170149 
164
1 1 1 0 1 0 1 1 0 1 0 0 0 
5.71224 10.5291 10.2157 10.5249 16.4986 16.493 10.3079 11.4031 13.53 11.3781 16.9841 14.2504 16.4851 
-0.126823 -0.542615 -0.581275 0.00496004 -0.373109 -0.660997 -0.428567 -0.194633 -0.748753 -0.315909 -0.0944376 -0.781204 -0.518449 
168
1 1 1 1 0 1 0 0 1 1 0 0 1 
5.20704 9.36609 10.6729 8.96756 9.30084 12.1832 12.7261 14.3955 12.6518 10.9286 15.0971 12.7521 13.2303 
-0.128252 -0.49536 -0.57572 -0.19335 0.00749821 -0.536644 -0.744708 -0.784062 -0.429204 -0.383166 -0.659345 -0.0902006 -0.315459 
172
1 0 1 1 1 1 1 0 0 1 1 0 0 
5.70077 14.6437 10.9348 13.4094 12.5071 11.6986 10.9769 15.5817 14.3002 12.7276 12.8132 16.5802 12.1447 
-0.131226 0.0127876 -0.584697 -0.54211 -0.486194 -0.38209 -0.197152 -0.663663 -0.746958 -0.437051 -0.3204 -0.787718 -0.0892755 
172
0 0 0 
4.52553 10.5378 13.8956 
0.333572 0.160703 0.0762213 
176
0 0 
4.07652 11.0405 
0.342411 0.161097 
176
1 0 1 1 1 1 1 1 1 1 0 0 0 0 0 0 
4.81778 14.5596 11.0472 6.95682 9.80553 13.1267 12.1521 12.8781 11.4955 12.8028 12.2444 15.6476 12.3233 15.7148 13.1306 14.6416 
-0.13926 0.0141125 -0.588812 -0.1925 -0.548385 -0.323059 -0.275554 -0.493455 -0.373491 -0.440927 -0.758645 -0.672856 -0.75024 -0.521256 -0.7953 -0.0952561 
180
1 1 1 1 1 1 0 0 0 0 1 1 1 0 0 
5.20995 14.1031 9.53543 12.8961 10.8387 11.4493 14.628 13.9466 16.4245 12.2167 12.7057 12.1219 11.8002 16.5775 14.626 
-0.139288 -0.546601 -0.590041 -0.384747 -0.204548 -0.438368 -0.670199 -0.799053 -0.0977215 0.00583651 -0.49826 -0.315742 -0.273009 -0.530564 -0.758566 
180
0 0 
4.08302 11.2597 
0.347171 0.159677 
184
1 1 1 1 0 1 1 1 1 0 0 1 0 1 1 
5.02901 13.1006 9.68195 10.5211 12.2021 12.9618 11.3065 11.1409 12.5304 17.7541 13.7147 13.489 19.6181 14.2755 14.7678 
-0.140173 -0.557916 -0.208366 -0.604502 -0.672853 -0.388123 -0.456516 -0.441233 -0.319719 -0.100401 0.00810104 -0.501893 -0.530851 -0.273965 -0.238814 
188
1 1 0 1 1 1 0 1 0 1 1 0 1 0 0 
5.12582 10.4307 15.4869 9.96288 12.7942 12.3599 11.988 8.75488 15.1501 11.8655 13.2198 13.0242 11.5133 11.0492 13.3519 
-0.147726 -0.601783 -0.678455 -0.566922 -0.389855 -0.502267 -0.807873 -0.201373 -0.097884 -0.452682 -0.330049 0.0089312 -0.277122 -0.76288 -0.525962 
184
0 0 0 
4.21293 10.8879 15.7073 
0.350664 0.161188 0.0755258 
188
0 0 0 
11.0249 4.38626 10.7996 
0.161973 0.353076 0.072094 
192
0 0 0 
4.15438 10.65 11.8555 
0.364157 0.158669 0.0721462 
196
0 0 0 
4.92515 10.6199 11.1946 
0.363812 0.162527 0.0727803 
204
0 0 0 
4.13657 10.3183 11.8019 
0.381244 0.162105 0.0716547 
192
1 1 1 1 0 0 1 0 0 1 0 1 1 0 1 1 
4.55231 10.8787 11.1701 11.3182 17.3923 13.2168 12.0808 16.2518 13.8935 10.7041 15.9237 10.8738 11.8413 16.6845 11.1761 9.85744 
-0.152262 -0.612144 -0.563952 -0.503205 -0.682286 0.0089952 -0.393078 -0.817395 -0.771937 -0.456909 -0.104466 -0.21312 -0.337858 -0.538341 -0.284661 -0.244364 
200
1 1 0 1 1 1 1 1 1 0 0 0 1 0 
11.1725 4.76275 14.0431 9.83107 12.0695 14.446 14.3863 9.92252 11.3148 11.4969 11.5889 13.9152 11.6258 16.2562 
-0.618577 -0.157807 -0.692104 -0.515671 -0.471049 -0.578852 -0.403013 -0.220047 -0.335915 0.00648529 -0.825128 -0.541446 -0.281814 -0.783911 
204
1 1 1 1 0 1 1 0 0 1 1 1 0 0 0 1 
4.82578 9.90261 11.8821 11.1675 14.5618 10.9346 12.9005 11.9538 13.0508 6.99394 10.4897 12.1046 15.492 15.6581 14.4707 13.2839 
-0.160831 -0.63512 -0.521656 -0.587107 -0.00063465 -0.473451 -0.405141 -0.69578 -0.836143 -0.227315 -0.292082 -0.350413 -0.109343 -0.546926 -0.790248 -0.263243 
208
1 0 1 1 1 1 0 0 0 1 1 1 1 0 
4.45374 10.3796 8.51999 10.2318 11.0106 12.7464 13.6808 12.5561 11.932 10.8756 9.68043 13.4917 12.1151 13.029 
-0.171914 -0.701829 -0.223368 -0.64297 -0.478632 -0.41457 -0.796877 -0.842614 0.00396135 -0.590826 -0.5264 -0.297195 -0.349618 -0.108132 
216
0 0 0 
3.39504 7.39304 12.1394 
0.420732 0.170258 0.0723421 
216
1 1 0 0 1 1 1 1 1 1 0 0 1 1 
4.01705 10.9664 13.5533 14.2575 11.3583 11.2647 8.35462 11.6891 12.1609 10.6092 13.0376 12.3057 13.1918 8.85899 
-0.185168 -0.66726 -0.721231 -0.81938 -0.489059 -0.601286 -0.241486 -0.427157 -0.546509 -0.307301 -0.864084 -0.00630912 -0.362683 -0.276883 
220
1 1 0 1 0 1 1 0 1 0 1 1 0 0 1 
4.31555 11.0032 7.48225 12.8416 15.3021 8.04962 9.55217 10.3322 12.0122 10.71 13.1694 11.8959 14.4186 15.208 12.7087 
-0.190722 -0.553233 -0.819668 -0.497567 -0.728488 -0.246587 -0.607009 -0.00878126 -0.430283 -0.866522 -0.368667 -0.311083 -0.577177 -0.123096 -0.272752 
224
0 0 0 
3.70572 6.35776 12.4509 
0.435907 0.174901 0.072377 
228
1 1 1 1 1 1 1 0 1 1 0 0 0 0 0 1 0 
4.09171 10.3635 9.93007 10.271 13.2567 9.91451 11.6855 11.0182 9.44065 8.19345 14.3994 13.6266 12.6165 12.1406 14.3218 9.91413 14.0422 
-0.219246 -0.627302 -0.685613 -0.503575 -0.444065 -0.318435 -0.374101 -0.756529 -0.562481 -0.250914 -0.838969 -0.122437 -0.00577358 -0.580418 -0.892883 -0.278199 -0.740085 
228
0 0 0 
3.08807 7.69392 10.083 
0.464928 0.176713 0.0735576 
232
0 0 0 
3.1445 8.03821 11.476 
0.473095 0.175921 0.0773327 
236
0 0 0 
3.80392 8.26173 10.4958 
0.485218 0.177131 0.0737926 
232
1 1 1 1 1 1 1 0 1 1 0 0 0 0 
3.13429 12.7533 10.3251 10.4432 11.258 8.78897 10.107 12.8486 12.2618 8.83366 13.798 13.2934 14.6606 13.7361 
-0.21823 -0.454072 -0.389878 -0.694645 -0.573409 -0.321667 -0.525132 -0.00636924 -0.646761 -0.25778 -0.127263 -0.898051 -0.754816 -0.589786 
236
1 1 1 1 1 1 0 1 1 1 0 0 0 0 1 
3.16239 10.1747 10.5051 10.0999 10.9178 11.7239 10.3147 10.9985 10.8335 8.67765 14.9615 12.3165 12.6073 13.9044 13.0312 
-0.233735 -0.462239 -0.583315 -0.713477 -0.652518 -0.530251 -0.0143305 -0.391271 -0.333117 -0.261618 -0.135246 -0.760077 -0.859601 -0.602853 -0.291972 
240
0 0 0 
3.33738 7.15915 10.4053 
0.500967 0.18572 0.0790008 
244
0 0 0 
3.12239 7.03089 11.8039 
0.532397 0.196333 0.077308 
244
1 1 1 1 1 0 1 1 1 1 1 0 0 
3.27536 9.83433 11.3745 10.4658 11.4213 13.1573 9.58759 13.5045 9.62011 8.42986 11.115 10.7273 14.498 
-0.252563 -0.604265 -0.674556 -0.732156 -0.470881 -0.882352 -0.346028 -0.408437 -0.536008 -0.275355 -0.306518 -0.0126239 -0.137637 
248
1 1 1 1 1 1 1 1 0 0 1 1 0 
3.22781 7.7206 9.01637 10.6519 9.95696 11.6267 9.42686 11.1598 12.6097 18.5101 10.5415 10.8867 12.9303 
-0.274484 -0.738115 -0.678869 -0.355345 -0.478623 -0.609938 -0.280215 -0.549803 -0.0153394 -0.786915 -0.308814 -0.41038 -0.138055 
248
0 0 0 
2.81971 6.56545 10.8992 
0.564421 0.199154 0.0772928 
252
0 0 0 
2.80367 5.89502 9.71625 
0.593772 0.202107 0.0812356 
256
1 1 1 1 1 1 0 1 1 1 1 0 0 
2.94927 9.27008 8.34196 6.23015 9.25455 9.84341 10.1354 10.5875 9.48727 11.1667 9.9327 13.1267 11.917 
-0.304561 -0.701364 -0.760557 -0.284624 -0.487091 -0.562631 -0.0132412 -0.364925 -0.427284 -0.320781 -0.623817 -0.144723 -0.798928 
260
1 1 1 1 1 1 0 1 1 0 0 1 
2.65617 10.1366 10.0898 10.8961 9.9079 12.9252 11.5844 11.249 8.63905 14.5724 12.5171 7.2849 
-0.319359 -0.786799 -0.713491 -0.637056 -0.367173 -0.57119 -0.0111477 -0.427116 -0.498914 -0.809749 -0.136961 -0.359546 
260
0 0 0 
2.57352 7.83354 9.16049 
0.671421 0.20686 0.0922916 
264
0 0 0 
1.9579 5.36151 10.3288 
0.744358 0.23461 0.093359 
264
1 1 1 1 1 1 1 1 1 0 0 0 1 0 
2.52747 9.22413 10.6716 10.5737 9.66635 10.5939 9.75146 6.52382 11.5775 11.2614 12.6145 11.735 9.26576 11.4733 
-0.345924 -0.795955 -0.649198 -0.724176 -0.50426 -0.577884 -0.378534 -0.302299 -0.438767 -0.00662413 -0.139369 -0.824827 -0.324516 -0.480655 
268
0 0 0 
2.11528 7.89582 9.60603 
0.775599 0.216772 0.0944092 
272
0 0 0 
1.97077 6.05081 8.92921 
0.840085 0.232781 0.0929506 
268
1 1 1 1 1 0 1 1 1 1 0 0 1 0 0 
2.06984 8.57817 11.1541 9.13986 10.1343 11.4142 11.5885 7.8338 10.1079 9.67728 14.07 13.1298 5.71315 14.6674 11.9832 
-0.373472 -0.808692 -0.659956 -0.599436 -0.731416 -0.0147637 -0.504972 -0.344227 -0.441983 -0.384716 -0.826569 -0.145289 -0.320174 -0.484283 -0.307362 
276
1 1 1 1 1 0 1 1 1 0 1 0 0 1 
1.76085 9.45842 9.3932 10.7615 9.33897 10.7653 8.12661 10.8173 8.9609 12.9664 6.20959 17.2967 15.1979 9.65234 
-0.450331 -0.686382 -0.841068 -0.608625 -0.527422 -0.0113254 -0.400994 -0.765872 -0.469873 -0.145043 -0.333642 -0.85171 -0.670728 -0.344238 
276
0 0 0 
6.92914 1.60593 9.99702 
0.236496 0.948756 0.0982533 
280
0 0 0 
5.78661 9.58962 2.52544 
0.244613 0.108252 0.957514 
284
1 1 1 0 1 1 1 0 1 0 1 1 0 1 0 1 0 
1.85227 8.13166 8.60107 14.9569 10.0482 8.85978 10.1988 9.38704 8.89385 14.0997 8.68368 9.00107 11.9835 6.55815 13.7127 7.35747 13.6248 
-0.548301 -0.871055 -0.706338 -0.686037 -0.793546 -0.551597 -0.486576 -0.00745755 -0.639505 -0.157749 -0.415311 -0.366242 -0.873183 -0.354282 -0.325646 -0.341145 -0.51206 
288
0 0 
4.87542 8.05525 
0.265925 0.105138 
288
1 1 1 1 0 1 1 1 1 1 0 1 0 0 0 0 1 
2.20039 8.61601 10.6052 8.09361 11.5099 9.10446 8.85617 9.48396 9.98272 5.07257 8.68644 7.26296 14.6148 12.0108 9.339 10.6991 9.95357 
-0.578366 -0.902506 -0.723072 -0.649605 -0.150012 -0.487468 -0.426885 -0.810093 -0.562377 -0.362916 -0.00435481 -0.347876 -0.88493 -0.327873 -0.69454 -0.514059 -0.376756 
292
0 0 
4.89404 9.10319 
0.275617 0.111179 
292
1 1 1 0 1 1 1 1 0 1 1 0 0 0 1 1 0 
3.11255 8.07771 8.34998 12.0194 9.80248 10.3375 8.63191 9.65104 9.56812 7.04657 7.101 15.5982 14.7976 9.55658 8.02095 5.30742 12.7727 
-0.757267 -0.829552 -0.739352 -0.152453 -0.577776 -0.666075 -0.434506 -0.503254 -0.00257019 -0.91195 -0.362109 -0.703908 -0.894053 -0.331875 -0.391695 -0.371147 -0.520374 
296
1 1 1 0 1 0 1 1 1 0 0 0 1 1 
9.17276 9.02443 7.52413 10.3936 9.65465 10.0771 9.88433 8.42658 5.81964 12.3431 13.9398 11.5023 5.42138 7.03577 
-0.755948 -0.519552 -0.457166 -0.0134731 -0.595825 -0.166642 -0.680313 -0.850461 -0.374431 -0.529937 -0.714703 -0.348812 -0.389431 -0.397283 
296
0 0 
5.58647 7.50616 
0.282347 0.110091 
300
0 0 
5.74293 7.602 
0.292519 0.121107 
304
1 1 1 0 0 1 1 1 1 0 1 0 
9.07928 8.84245 10.3914 10.1995 10.4582 8.78975 4.95968 8.30361 7.15157 12.9489 6.96401 11.5639 
-0.772465 -0.697904 -0.608988 -0.00423594 -0.160236 -0.527203 -0.423529 -0.466638 -0.878629 -0.731827 -0.395214 -0.350473 
304
0 0 
5.0755 8.9447 
0.319252 0.123841 
308
1 1 0 1 1 1 0 0 1 1 1 1 0 
8.14684 4.44658 10.9376 9.16325 7.77467 8.0214 11.0308 9.23497 5.91636 7.49334 7.97008 9.18668 12.0613 
-0.887716 -0.42159 -0.151837 -0.696262 -0.61017 -0.776616 -0.721296 0.00920808 -0.38112 -0.467179 -0.418101 -0.526355 -0.341148 
312
0 1 1 1 1 1 1 1 1 0 0 0 1 
10.8949 8.27231 9.17552 8.61503 7.73398 4.55074 9.34879 5.315 6.83719 9.85701 11.7169 11.9418 6.67051 
-0.136796 -0.70188 -0.788107 -0.608597 -0.5269 -0.419042 -0.896664 -0.387946 -0.461728 0.0253297 -0.730812 -0.330316 -0.410302 
312
0 0 
4.44591 7.10248 
0.377078 0.169641 
316
0 0 
4.77797 8.19688 
0.413583 0.188527 
316
1 1 1 1 1 0 1 1 1 0 0 1 0 0 0 
4.79594 6.38175 8.44056 5.70369 9.60704 10.4755 7.72832 8.06122 8.65255 14.646 10.243 5.88239 8.77112 7.79451 11.8013 
-0.417006 -0.459708 -0.776315 -0.378288 -0.894493 -0.123678 -0.607079 -0.529248 -0.695441 -0.315475 -0.711133 -0.398761 -0.329949 0.034785 -0.523958 
320
1 1 1 1 0 1 1 1 1 0 0 0 
8.78548 4.9773 7.62636 6.55817 8.70121 8.68565 7.72921 8.19079 5.5719 10.9791 11.6842 10.1784 
-0.792344 -0.42345 -0.528704 -0.451433 -0.112409 -0.702278 -0.604235 -0.897159 -0.378341 -0.316055 -0.716407 -0.520094 
324
0 1 1 1 1 1 1 1 1 0 0 0 1 
9.05593 9.26017 8.17527 4.59353 7.77526 8.31567 9.86299 7.55842 5.2544 12.3454 11.158 14.1931 6.96376 
-0.0982159 -0.790449 -0.521351 -0.423489 -0.453139 -0.903212 -0.60457 -0.699412 -0.383524 -0.508039 -0.714415 -0.299644 -0.397498 
328
0 0 0 
3.92982 6.8283 7.99828 
0.530726 0.264606 0.0475492 
328
1 1 1 1 1 1 1 0 0 0 0 1 1 
3.98443 7.33502 7.24843 8.94456 5.02519 8.6723 6.5453 8.98495 10.2393 10.7891 13.2253 4.02091 6.14853 
-0.435954 -0.801075 -0.515602 -0.607148 -0.378576 -0.707209 -0.44941 -0.0904172 -0.291861 -0.502744 -0.70966 -0.926072 -0.39852 
332
0 0 0 
3.72835 5.87417 8.06109 
0.568221 0.284458 0.0530239 
336
1 1 0 1 1 1 1 1 1 0 0 0 
4.03947 6.20696 7.74624 7.32695 5.07113 8.6221 8.62377 8.40387 5.03153 11.9552 11.8002 11.9678 
-0.45941 -0.468209 -0.0681745 -0.540159 -0.397099 -0.627604 -0.728608 -0.822939 -0.423593 -0.29132 -0.71524 -0.508243 
340
1 1 0 1 1 1 1 0 1 0 0 1 
3.80626 5.60719 8.10181 7.23111 8.7164 7.54455 8.39542 11.0264 4.79274 11.5783 8.93449 6.04669 
-0.486112 -0.492267 -0.073751 -0.838002 -0.552081 -0.642237 -0.744501 -0.289977 -0.413231 -0.726404 -0.516861 -0.441117 
336
0 0 0 
3.52242 6.75314 7.79549 
0.609785 0.296113 0.0608916 
344
0 0 0 
3.32255 4.64934 7.65604 
0.686029 0.336874 0.0750093 
344
1 1 0 1 1 1 1 1 0 0 0 
3.06559 4.60143 8.82323 5.00682 8.14696 8.46008 6.16998 6.46697 8.87418 11.7197 9.49743 
-0.500236 -0.4355 -0.0721934 -0.493517 -0.654738 -0.866074 -0.560991 -0.765578 -0.746246 -0.522743 -0.298518 
348
0 0 0 
2.69397 5.66413 7.49112 
0.751488 0.343888 0.0842543 
348
0 1 1 1 1 1 1 1 0 0 1 0 
8.36576 3.13667 4.01077 5.71668 7.79545 7.79977 5.92662 9.0284 10.4967 11.364 4.45053 10.1145 
-0.0732567 -0.532131 -0.452708 -0.512433 -0.680197 -0.778816 -0.582784 -0.880323 -0.295936 -0.751293 -0.455234 -0.530846 
352
0 0 0 
2.80093 5.68736 6.58661 
0.793387 0.360586 0.0862533 
352
1 1 1 1 0 1 1 0 0 1 0 
2.76736 6.09055 5.72386 7.00732 7.27123 3.38973 7.21635 9.28145 9.2561 6.35245 12.2466 
-0.569811 -0.53204 -0.60372 -0.802172 -0.0732654 -0.477544 -0.697579 -0.300523 -0.536291 -0.910011 -0.760393 
356
0 0 0 
2.89219 5.12935 6.43577 
0.844598 0.383516 0.0963903 
356
1 1 0 1 1 1 1 0 0 0 1 
2.79184 4.12098 6.56675 6.05766 7.1858 5.74263 6.64609 10.3662 10.3731 8.29782 5.58557 
-0.613497 -0.493431 -0.0712214 -0.617159 -0.820526 -0.551274 -0.715982 -0.304181 -0.773983 -0.560059 -0.510807