0
0 0 
2.77069 8.14714 
1.03458 0.280594 
4
0 
2.51463 
1.05017 
0
1 1 1 1 1 1 
6.332 9.22283 10.709 16.26 10.1158 15.8475 
-0.17954 -0.841427 -0.0810314 -0.364864 -0.51319 -0.0420378 
4
1 1 1 1 1 0 1 
6.10972 9.09805 9.03621 10.107 16.1058 10.2349 18.2978 
-0.174371 -0.844653 -0.0807882 -0.51409 -0.362284 -0.709776 -0.0461153 
8
0 0 
2.71975 7.30004 
1.03835 0.284886 
12
0 0 
2.73335 7.55178 
1.03828 0.28526 
8
1 1 1 1 1 0 1 
6.10779 8.97986 10.4372 16.2223 16.376 16.1426 10.1564 
-0.173844 -0.849581 -0.0801257 -0.0382898 -0.362292 -0.705571 -0.514135 
12
1 1 1 1 1 1 0 
6.43951 9.03817 10.8863 10.681 15.5717 14.7302 13.4833 
-0.175278 -0.843812 -0.0846225 -0.523699 -0.357707 -0.0387695 -0.703222 
16
0 0 
2.65586 5.76824 
1.0383 0.287344 
20
0 0 
6.09714 2.84559 
0.286972 1.03017 
16
1 1 1 1 1 0 1 
5.18151 8.19883 10.5666 16.3518 11.772 14.6912 14.7657 
-0.168122 -0.84936 -0.0838653 -0.361869 -0.523735 -0.705648 -0.0469076 
20
1 1 1 1 1 0 1 1 
5.92456 8.66926 9.97867 10.5299 13.5714 12.5493 13.2519 15.9104 
-0.173255 -0.844503 -0.0811061 -0.523792 -0.0395981 -0.703539 -0.271198 -0.362812 
24
0 0 0 
6.9131 2.80506 10.9286 
0.285727 1.03544 0.165426 
28
0 0 
3.02704 6.5298 
1.02144 0.28217 
24
1 1 1 0 1 1 1 1 
6.05431 8.68753 11.2537 12.6269 10.2244 17.4763 18.3399 16.5512 
-0.174193 -0.841122 -0.077886 -0.70319 -0.523006 -0.357722 -0.367064 -0.0383301 
28
1 1 1 0 1 1 1 1 
5.91577 9.32568 10.916 14.7793 19.3517 8.31636 15.7466 12.9136 
-0.173309 -0.845475 -0.0815082 -0.705115 -0.35898 -0.510569 -0.0400804 -0.275651 
32
1 1 1 1 1 0 1 1 
6.0634 9.54535 10.7678 12.5823 9.70818 16.2054 13.434 18.9302 
-0.173265 -0.84486 -0.0808812 -0.360833 -0.513454 -0.704771 -0.034799 -0.270621 
32
0 0 0 
5.77811 3.0068 7.92116 
0.296401 1.02018 0.176864 
36
0 0 0 
4.72961 3.03077 10.4557 
0.292507 1.01714 0.173091 
40
0 0 0 
6.64214 3.05793 11.9842 
0.289736 1.01865 0.168378 
36
1 1 1 1 0 1 1 1 
6.33401 9.70181 11.0583 17.0682 15.6727 10.7364 16.062 17.8081 
-0.179859 -0.8448 -0.0809969 -0.0431332 -0.706425 -0.523012 -0.362847 -0.268475 
40
1 1 1 0 1 1 1 
5.37453 8.65384 10.5253 15.5896 10.7129 12.821 16.1569 
-0.16822 -0.848674 -0.0798679 -0.705252 -0.523349 -0.361577 -0.0415763 
44
1 1 1 0 1 1 1 1 
6.51507 9.98326 10.5123 14.5176 15.6867 10.8389 13.968 14.6108 
-0.178261 -0.845245 -0.0794089 -0.703333 -0.362817 -0.523579 -0.042353 -0.271462 
44
0 0 0 
5.50015 3.08222 12.4106 
0.289859 1.01797 0.171258 
48
0 0 0 
6.3946 2.82599 10.1234 
0.290933 1.03085 0.176961 
48
1 1 1 1 0 1 1 
5.91089 11.0795 9.15933 15.4154 13.414 8.93236 15.1493 
-0.172127 -0.0804759 -0.845306 -0.362654 -0.704382 -0.51246 -0.0441387 
52
0 0 0 
6.87343 10.4133 2.72607 
0.286989 0.174592 1.03475 
56
0 0 0 
6.59407 3.10862 10.4055 
0.288877 1.01317 0.173597 
52
1 1 1 0 1 1 1 
5.44441 9.49659 11.1711 14.9269 12.8224 13.8984 10.2028 
-0.170951 -0.845461 -0.0808831 -0.704008 -0.35944 -0.0447828 -0.522511 
56
1 1 1 1 1 0 1 1 
5.99097 8.30269 9.70465 15.6522 13.8396 11.9754 11.3072 20.0353 
-0.173186 -0.842493 -0.079399 -0.363238 -0.0444186 -0.701093 -0.523598 -0.267182 
60
0 0 0 
5.83235 3.03039 7.35125 
0.296733 1.01694 0.17838 
60
1 1 1 0 1 1 1 
5.69102 8.81374 10.2135 13.1532 11.6659 15.9708 13.2571 
-0.176635 -0.848983 -0.0795377 -0.703313 -0.522849 -0.363572 -0.0448543 
64
0 0 0 
6.29082 3.1068 9.2492 
0.291792 1.02023 0.174797 
64
1 1 1 0 1 1 1 1 
5.44708 8.14931 10.9917 13.0362 13.4676 11.0056 19.3414 13.7254 
-0.170923 -0.84831 -0.0808011 -0.702799 -0.358578 -0.522891 -0.266311 -0.0405472 
68
1 1 1 1 0 1 1 1 
5.18469 10.4125 9.29248 12.9639 12.6756 11.1207 20.0489 15.6777 
-0.168494 -0.0792549 -0.843524 -0.361341 -0.701922 -0.524189 -0.266796 -0.0457265 
68
0 0 0 
6.23455 2.95523 9.51502 
0.292554 1.0242 0.176536 
72
1 1 1 1 0 1 1 1 
5.77058 10.1696 10.2232 17.4173 12.4913 10.7136 19.3588 16.0652 
-0.172967 -0.844482 -0.0801877 -0.363534 -0.701829 -0.522491 -0.266426 -0.0455447 
76
1 1 1 1 0 1 1 
6.28149 9.09328 10.3479 15.491 13.8664 11.5721 14.4842 
-0.174412 -0.849124 -0.0794264 -0.363 -0.702785 -0.523656 -0.047233 
72
0 0 0 0 
6.56262 2.92154 10.4748 16.6094 
0.289449 1.02356 0.169323 0.12387 
76
0 0 0 
6.85278 3.09932 10.4331 
0.288474 1.02134 0.173172 
80
1 1 1 1 0 1 1 1 
6.08153 8.63676 10.7736 11.1005 13.5773 14.4871 14.9915 13.7077 
-0.174064 -0.849234 -0.0799315 -0.523172 -0.702247 -0.0447976 -0.361719 -0.271907 
80
0 0 0 0 
6.3726 3.20415 10.8055 17.661 
0.29197 1.01331 0.173273 0.123026 
84
1 1 1 0 1 1 1 
5.14843 11.1471 7.74066 14.4943 10.7586 15.4083 15.2899 
-0.167956 -0.081135 -0.842206 -0.704854 -0.523705 -0.362502 -0.0464739 
84
0 0 0 
5.92768 9.7951 3.04775 
0.29571 0.168753 1.0207 
88
1 1 1 1 0 1 1 
5.769 8.86117 10.2004 10.927 12.9899 15.9299 14.8768 
-0.171497 -0.848702 -0.0793341 -0.514701 -0.70136 -0.362997 -0.0410315 
88
0 0 0 
6.7137 3.05314 11.7644 
0.292141 1.01672 0.174012 
92
0 0 0 0 
6.31603 3.09943 8.77845 14.0414 
0.292394 1.01743 0.176374 0.119146 
92
1 1 1 0 1 1 1 
5.88435 10.2335 10.3599 12.2729 10.4757 14.9171 15.6159 
-0.171816 -0.845055 -0.080104 -0.702039 -0.514258 -0.362323 -0.0468269 
96
1 1 1 0 1 1 1 1 
6.21337 8.73725 11.0492 10.9364 12.2774 15.3014 15.0093 19.0786 
-0.173486 -0.84387 -0.0803551 -0.700626 -0.523779 -0.363464 -0.047846 -0.266468 
96
0 0 0 0 
6.13005 2.84259 9.21597 20.3779 
0.293007 1.02741 0.1776 0.120735 
100
0 0 0 
6.01431 3.00413 8.61664 
0.294012 1.02102 0.177462 
100
1 1 1 0 1 1 1 
5.15827 8.73013 10.5434 12.6533 14.8372 11.549 14.9032 
-0.171751 -0.848842 -0.0800664 -0.702812 -0.358533 -0.523813 -0.0422523 
104
0 0 0 0 
6.12374 3.1 10.141 18.9617 
0.292875 1.01327 0.17482 0.122 
108
0 0 0 
6.0481 2.61438 9.6703 
0.292485 1.03901 0.177349 
104
1 1 1 0 1 1 1 1 
6.35005 8.75181 11.0235 11.713 10.5637 14.5242 15.5986 20.0107 
-0.178023 -0.848063 -0.0805574 -0.701645 -0.523482 -0.0479738 -0.362798 -0.266847 
108
1 1 1 0 1 1 1 
5.98607 8.71492 10.5815 12.1086 11.5527 15.4864 18.6215 
-0.172081 -0.844672 -0.080094 -0.701401 -0.52381 -0.362557 -0.0382975 
112
1 1 1 0 1 1 1 
5.65259 9.64347 9.82856 12.1641 16.4647 8.73701 16.0504 
-0.171074 -0.850048 -0.0800956 -0.702571 -0.363011 -0.511417 -0.0376761 
112
0 0 0 0 
6.31846 3.20032 9.9749 19.4577 
0.292205 1.01016 0.175669 0.121893 
116
0 0 0 
6.36198 3.12739 11.7508 
0.293491 1.01795 0.171233 
116
1 1 1 1 1 0 1 
6.11573 9.12408 10.5634 11.3015 13.9662 14.1442 12.6553 
-0.172045 -0.844118 -0.0796948 -0.522765 -0.362263 -0.704543 -0.0391447 
120
0 0 0 
6.2952 2.77442 12.048 
0.292665 1.02698 0.17237 
124
0 0 0 
6.82729 3.00494 9.93865 
0.288725 1.01927 0.176025 
128
0 0 0 
6.48418 2.99012 9.10105 
0.290123 1.02106 0.173347 
124
1 1 1 0 1 1 
6.14629 10.9059 9.84735 12.3104 10.6711 13.2999 
-0.179814 -0.0805298 -0.844005 -0.702273 -0.52375 -0.362102 
128
1 1 1 0 1 1 1 
5.86979 9.41924 11.1367 12.1536 11.6293 17.2216 13.8482 
-0.173244 -0.844379 -0.0806568 -0.701782 -0.523352 -0.357962 -0.0408776 
132
0 0 0 
6.27591 2.82135 8.9449 
0.292175 1.03167 0.176911 
136
0 0 0 
5.71876 8.93961 2.80728 
0.292812 0.176319 1.03041 
132
1 1 1 1 0 1 1 1 1 
5.77776 2.02687 8.66147 10.4529 12.201 14.6922 10.3473 14.0361 19.4561 
-0.172805 -0.789754 -0.84873 -0.0796521 -0.70196 -0.363172 -0.522605 -0.0409886 -0.266087 
136
1 1 1 1 1 0 1 1 1 
6.58022 8.7775 1.80461 10.1988 16.9904 15.8811 11.1561 17.0385 12.8843 
-0.178214 -0.848904 -0.78117 -0.0798033 -0.36305 -0.704799 -0.523751 -0.0466494 -0.270639 
140
1 1 1 1 1 0 1 1 
6.90404 8.62515 11.2539 16.0631 10.2415 12.0056 15.3474 19.0887 
-0.18015 -0.848705 -0.0809228 -0.362721 -0.524072 -0.702609 -0.0412487 -0.26675 
144
0 0 0 
5.95883 2.96194 11.454 
0.295068 1.027 0.17477 
148
0 0 0 
6.05493 2.69132 10.7159 
0.292787 1.03949 0.171535 
144
1 1 1 1 1 1 0 1 1 1 
6.17271 8.35896 10.6839 11.9601 11.6007 14.2412 14.5846 16.7506 16.0265 18.7726 
-0.172696 -0.84538 -0.0793982 -0.360041 -0.523879 -0.369515 -0.704504 -0.0379862 -0.35437 -0.266257 
148
1 1 1 0 1 1 1 
5.74299 8.698 10.7092 11.6326 10.3856 15.8755 16.8296 
-0.172093 -0.849234 -0.0806677 -0.701634 -0.522856 -0.363387 -0.0439322 
152
0 0 0 
6.50561 2.47848 10.306 
0.290444 1.05175 0.174218 
152
1 1 1 1 0 1 1 1 
5.68287 8.59957 10.2433 10.5023 12.0109 18.4636 17.2243 13.982 
-0.17325 -0.844183 -0.0803996 -0.523575 -0.702072 -0.040423 -0.363478 -0.275484 
156
0 0 0 0 
5.69398 2.89398 11.4266 15.4641 
0.290091 1.02628 0.173834 0.128923 
160
0 0 0 0 
6.28288 2.57934 12.1551 19.1301 
0.293329 1.04127 0.171791 0.121027 
160
1 1 1 0 1 1 1 
5.93639 8.87125 10.4062 12.7744 10.7254 14.9432 15.9946 
-0.172472 -0.84503 -0.0788604 -0.702649 -0.523094 -0.362525 -0.0446061 
164
1 1 1 1 0 1 1 1 
5.85453 2.2632 8.60747 9.30015 13.0538 10.2101 14.1825 16.0081 
-0.172608 -0.800488 -0.849173 -0.0793658 -0.703359 -0.522216 -0.359164 -0.0436291 
164
0 0 0 
6.91652 2.5774 11.4266 
0.287627 1.04512 0.171216 
168
0 0 0 
6.18961 3.05289 9.81387 
0.293466 1.02117 0.17522 
168
1 1 1 0 1 1 1 
5.76115 8.8026 10.5497 12.8357 10.46 13.9043 14.9974 
-0.179602 -0.848868 -0.0801205 -0.701753 -0.523238 -0.3591 -0.0421905 
172
0 0 0 
5.81261 2.82122 8.88637 
0.297544 1.03103 0.18055 
172
1 1 1 1 1 0 1 1 
5.65108 7.55323 9.87081 10.9955 15.4667 12.7784 13.154 19.6154 
-0.170568 -0.847515 -0.0807991 -0.522878 -0.36317 -0.702922 -0.0400531 -0.266668 
176
1 1 1 1 0 1 1 
5.69048 10.9032 8.79334 10.8964 14.7146 16.2926 15.315 
-0.170727 -0.0811968 -0.849139 -0.523547 -0.704531 -0.363505 -0.0464981 
176
0 0 0 
5.93595 12.6127 2.69351 
0.294796 0.167196 1.0404 
180
0 0 0 
6.22161 2.77737 11.7871 
0.292896 1.03404 0.173054 
180
1 1 1 0 1 1 1 
6.0214 8.66911 11.0389 15.6173 17.0989 10.4305 15.8845 
-0.172212 -0.847754 -0.0813753 -0.705279 -0.362459 -0.514461 -0.0423997 
184
1 1 1 1 0 1 1 
5.74184 9.95754 10.049 11.0168 14.2143 15.1828 15.8891 
-0.174661 -0.848744 -0.0796647 -0.515006 -0.703805 -0.362956 -0.0424802 
184
0 0 0 
5.35966 10.643 2.76376 
0.296362 0.169363 1.0357 
188
1 1 1 1 0 1 1 
6.63946 8.38693 10.2465 13.58 11.8106 10.3383 17.3373 
-0.177244 -0.849343 -0.0802993 -0.0443316 -0.701007 -0.522253 -0.363024 
192
1 1 1 1 0 1 1 1 
5.71449 8.32664 10.2261 11.0128 12.513 14.9326 15.8601 14.2612 
-0.171613 -0.849036 -0.0790134 -0.523447 -0.702488 -0.0421255 -0.363324 -0.275159 
196
0 0 0 
6.29456 2.89748 10.1802 
0.292801 1.0296 0.174089 
196
1 1 1 1 0 1 1 1 
6.22554 9.38303 9.32657 12.7759 13.734 12.4256 11.0363 15.0644 
-0.174842 -0.84919 -0.0835274 -0.0441512 -0.702161 -0.36086 -0.523567 -0.27124 
200
1 1 1 1 0 1 1 
5.77192 9.93267 10.5229 14.7526 16.5652 10.6318 15.1639 
-0.171783 -0.845593 -0.0807326 -0.364371 -0.704616 -0.523279 -0.0455764 
204
1 1 1 1 0 1 1 
7.00075 8.59468 10.1849 10.0778 11.6825 15.0287 16.0788 
-0.179495 -0.848377 -0.0795335 -0.523072 -0.70103 -0.36229 -0.0430622 
208
1 1 1 0 1 1 1 
6.7195 8.90969 10.6419 13.1899 11.1878 15.5393 11.9421 
-0.180561 -0.849069 -0.0801885 -0.70162 -0.524329 -0.0450669 -0.361678 
204
0 0 0 
6.11889 2.70293 11.9419 
0.294558 1.04028 0.168558 
208
0 0 0 
6.11862 3.08304 11.6716 
0.293558 1.01945 0.168319 
212
1 1 1 0 1 1 1 
5.47666 8.38726 10.8335 15.9468 11.0724 13.6064 16.7982 
-0.171856 -0.84878 -0.0794069 -0.704723 -0.522457 -0.359082 -0.0431431 
212
0 0 0 0 
6.83451 9.66958 2.81502 14.6145 
0.286769 0.170635 1.03483 0.130835 
216
1 1 1 1 0 1 1 
5.67068 7.73445 9.56236 15.4428 12.4795 10.7669 15.9019 
-0.172009 -0.848468 -0.0786692 -0.364424 -0.702109 -0.52268 -0.046869 
216
0 0 0 0 
6.10092 10.933 2.54193 15.8028 
0.294563 0.168186 1.04704 0.128878 
220
1 1 1 0 1 1 1 
5.58391 8.99673 11.3146 15.1848 10.3947 14.9212 14.5334 
-0.170249 -0.849845 -0.0810864 -0.704635 -0.513741 -0.36258 -0.0415164 
224
1 1 1 1 0 1 1 1 1 
5.49092 2.03807 8.27567 12.0538 11.2981 15.6169 11.1279 14.8331 12.4511 
-0.172569 -0.79691 -0.848692 -0.0829554 -0.700942 -0.362505 -0.522487 -0.0454465 -0.271874 
220
0 0 0 
6.28533 2.73724 9.82515 
0.292074 1.03528 0.169649 
228
0 0 0 
6.04634 12.4669 2.80932 
0.296563 0.173993 1.03359 
228
1 1 1 1 0 1 1 1 
6.18707 10.6478 8.49242 11.0767 12.5949 14.3514 13.4007 15.3515 
-0.174623 -0.0806076 -0.848709 -0.514474 -0.702041 -0.362086 -0.275575 -0.0476067 
232
0 0 0 
6.20758 3.08992 10.3119 
0.29392 1.01816 0.169919 
232
1 1 1 1 0 1 1 1 
5.87811 8.96666 11.2503 11.0756 11.8457 13.1202 13.7634 14.7137 
-0.173089 -0.848344 -0.0811423 -0.522978 -0.70109 -0.361686 -0.040382 -0.275474 
236
1 1 1 1 1 0 1 
6.4214 10.3724 8.66543 11.3545 15.9998 13.2958 15.4795 
-0.175202 -0.0797849 -0.84883 -0.524856 -0.36242 -0.703137 -0.0395494 
240
1 1 1 1 0 1 1 
7.24864 8.45059 10.8428 17.1405 17.1292 15.268 10.0103 
-0.176297 -0.8486 -0.0810199 -0.046311 -0.705269 -0.363834 -0.513909 
236
0 0 0 0 
5.88777 2.58555 11.2333 18.1014 
0.289139 1.05242 0.174757 0.12276 
244
0 0 0 0 
6.71477 10.4778 2.65131 16.6891 
0.289222 0.175634 1.04104 0.124047 
244
1 1 1 0 1 1 1 
6.1166 9.08996 9.63637 12.2462 10.6029 15.534 16.3979 
-0.173177 -0.849718 -0.0852146 -0.701625 -0.522694 -0.362633 -0.046033 
248
0 0 0 
6.72547 2.71241 9.32129 
0.287541 1.03662 0.177147 
248
1 1 1 0 1 1 1 
5.82878 8.82952 10.5357 14.7428 17.0358 10.7409 16.0915 
-0.172435 -0.849224 -0.0807485 -0.704387 -0.363605 -0.513105 -0.0428483 
252
0 0 0 0 
5.59716 2.51061 11.1192 14.8877 
0.290969 1.0458 0.172745 0.128653 
252
1 1 1 0 1 1 1 
5.80073 8.50083 10.2153 16.3399 10.3326 14.1187 12.4202 
-0.171373 -0.843457 -0.0764449 -0.705012 -0.523217 -0.362159 -0.0442036 
256
0 0 0 
6.22036 9.1281 2.5621 
0.291558 0.1713 1.04782 
256
1 1 1 1 0 1 1 
5.53961 10.2824 9.6088 15.7981 17.4028 14.4029 9.87707 
-0.16943 -0.0796457 -0.844659 -0.362726 -0.704986 -0.0472531 -0.514337 
260
1 1 1 1 0 1 1 
6.38446 8.98214 10.3724 15.4466 14.5552 9.55655 14.7685 
-0.174073 -0.845189 -0.0791691 -0.362579 -0.704474 -0.513079 -0.0469925 
264
0 0 0 0 
5.7844 10.7661 2.7228 18.0964 
0.298033 0.170137 1.03741 0.122509 
264
1 1 1 0 1 1 1 
6.2052 9.0387 10.1337 13.1667 15.4796 11.0757 17.2247 
-0.17295 -0.848385 -0.0842405 -0.7013 -0.363535 -0.522499 -0.04639 
268
1 1 1 1 0 1 1 
5.9472 10.225 8.3065 11.768 12.3278 15.861 16.3612 
-0.173617 -0.0801688 -0.847699 -0.523948 -0.701672 -0.362269 -0.0463649 
268
0 0 0 0 
6.10917 2.69343 10.5761 16.9277 
0.294068 1.03957 0.16938 0.123184 
272
1 1 1 1 0 1 1 
6.02946 8.77777 10.9972 10.0832 12.059 15.4955 18.4501 
-0.172948 -0.848619 -0.0807221 -0.5145 -0.701773 -0.36263 -0.046588 
276
1 1 1 1 1 1 0 
5.89842 9.22777 10.2193 9.62721 14.7355 13.477 12.2649 
-0.172393 -0.848221 -0.0793577 -0.512918 -0.362636 -0.0473155 -0.701788 
276
0 0 0 0 
5.85019 8.98482 2.97131 18.1414 
0.297047 0.173789 1.0267 0.122175 
280
0 0 0 0 
6.59311 9.30433 2.69415 16.9071 
0.288694 0.171733 1.03592 0.123779 
280
1 1 1 1 0 1 1 1 
5.54859 8.3698 10.0686 16.0636 12.5536 11.7003 15.6682 19.9841 
-0.172983 -0.848073 -0.079869 -0.363012 -0.700939 -0.524256 -0.0456986 -0.26865 
284
0 0 0 0 
6.54978 10.1989 2.63779 14.3059 
0.291149 0.170225 1.04277 0.130671 
284
1 1 1 1 0 1 1 
5.70169 8.85174 11.1486 16.6816 12.8799 9.86601 14.7593 
-0.172153 -0.84886 -0.0771067 -0.363037 -0.701887 -0.513368 -0.0473982 
288
0 0 0 0 
5.66117 9.30879 2.53894 17.2623 
0.293188 0.171856 1.04659 0.123169 
292
1 1 1 1 1 0 1 1 
5.73849 7.46286 10.6022 12.4502 15.0213 13.5119 11.1134 12.5511 
-0.172519 -0.846593 -0.0800994 -0.359969 -0.0474336 -0.703762 -0.522111 -0.275482 
292
0 0 0 0 
6.15043 2.60643 9.04362 14.6818 
0.29518 1.04477 0.171595 0.126671 
296
0 0 0 0 
6.317 10.2308 2.44541 16.9328 
0.292542 0.170149 1.05073 0.122341 
300
0 0 0 0 
5.44089 9.07211 2.70915 18.41 
0.293206 0.17228 1.04122 0.121466 
296
1 1 1 0 1 1 1 
6.38697 8.94468 11.0339 14.6299 9.78198 15.0837 16.8685 
-0.17267 -0.848576 -0.0810359 -0.704911 -0.513229 -0.0466267 -0.362228 
300
1 1 1 0 1 1 1 
5.83241 8.77008 10.9654 12.4238 15.3271 10.9423 15.251 
-0.17199 -0.848502 -0.0806471 -0.701621 -0.362952 -0.522626 -0.0470103 
304
1 1 1 1 1 0 1 
5.9489 8.73405 12.3311 9.39405 16.7365 13.0977 16.8853 
-0.172019 -0.849428 -0.0780353 -0.513698 -0.370519 -0.701785 -0.0465135 
304
0 0 0 0 
6.50213 10.2193 2.77934 17.6585 
0.293808 0.170913 1.03818 0.122418 
308
0 0 0 0 
6.61922 10.9744 2.66709 16.462 
0.290082 0.170141 1.04399 0.128437 
312
0 0 0 0 
5.85744 2.57865 11.1539 17.4524 
0.290328 1.04863 0.169717 0.123095 
316
0 0 0 0 
9.47816 5.43478 2.73025 17.5459 
0.172691 0.292092 1.04026 0.122277 
320
0 0 0 0 
7.00984 9.35418 2.60767 14.2363 
0.286598 0.170599 1.04781 0.126751 
312
1 1 1 1 0 1 1 
5.97411 9.9764 11.3909 15.2057 11.3591 9.67289 14.3069 
-0.17278 -0.84351 -0.0814095 -0.362228 -0.700622 -0.516918 -0.0471069 
316
1 1 1 1 1 0 1 
5.74169 10.28 8.9708 15.5761 9.52536 14.0711 15.6306 
-0.172384 -0.0797963 -0.849641 -0.363013 -0.513127 -0.703867 -0.0458732 
320
1 1 1 0 1 1 1 1 
6.39023 8.91836 10.4341 13.3501 11.8199 15.5913 15.8631 13.6323 
-0.173986 -0.848827 -0.0799088 -0.7013 -0.522317 -0.362431 -0.0474837 -0.271572 
324
0 0 0 0 
6.06218 10.1851 2.70791 15.4629 
0.296161 0.170636 1.0372 0.123609 
324
1 1 1 0 1 1 1 
6.68311 7.90615 10.7899 11.9708 9.98583 15.2285 16.793 
-0.174612 -0.846734 -0.0805156 -0.701665 -0.513637 -0.363038 -0.046236 
328
1 1 1 0 1 1 1 1 
6.23239 8.59605 10.3071 13.4942 9.26861 14.2268 12.7204 13.5522 
-0.173314 -0.843055 -0.0795964 -0.701975 -0.511514 -0.372194 -0.0500519 -0.352006 
332
0 0 0 0 
7.09487 9.65255 3.06169 16.5071 
0.287861 0.170996 1.02303 0.123059 
332
1 1 1 1 1 0 1 1 1 
5.87692 1.80788 10.8703 9.26066 9.94256 12.6599 18.5776 14.4504 13.3366 
-0.171179 -0.808801 -0.080151 -0.848361 -0.5135 -0.702442 -0.370783 -0.0475099 -0.351627 
336
0 0 0 0 
6.64993 10.8537 2.51036 16.4044 
0.289468 0.169117 1.04811 0.123511 
336
1 1 1 1 1 0 1 
6.23451 8.48454 11.0196 16.045 9.89837 12.1336 15.5097 
-0.173199 -0.848315 -0.0805524 -0.363706 -0.514212 -0.701288 -0.046742 
340
1 1 1 0 1 1 1 1 
6.59248 10.2586 8.72907 11.9195 10.6421 13.4439 15.4152 14.9594 
-0.179657 -0.0798653 -0.848438 -0.701838 -0.513959 -0.368745 -0.0458629 -0.352199 
344
0 0 0 0 
10.353 5.5988 2.88293 14.031 
0.171022 0.294812 1.02727 0.127611 
344
1 1 1 0 1 1 1 1 
5.88283 8.98357 10.7618 12.5808 9.54393 16.5091 14.1924 18.555 
-0.176362 -0.842384 -0.0806985 -0.701907 -0.513493 -0.363273 -0.0472825 -0.267917 
348
1 1 1 0 1 1 
6.02693 10.9393 7.98739 12.1653 9.81659 14.7785 
-0.172614 -0.0810386 -0.847498 -0.702692 -0.516811 -0.363417 
348
0 0 0 0 
5.89676 2.54608 10.7233 17.2995 
0.292212 1.05081 0.171383 0.122754 
352
1 1 1 0 1 1 1 1 
6.04006 8.54327 10.3152 12.0264 10.8374 14.9018 21.3132 15.8041 
-0.173417 -0.848144 -0.0788636 -0.701486 -0.514762 -0.372419 -0.266743 -0.0459387 
352
0 0 0 0 
5.89428 10.3344 2.67088 17.3532 
0.297886 0.169734 1.04033 0.122522 
356
0 0 0 0 
10.0374 6.72048 2.6965 14.1672 
0.171059 0.288675 1.03813 0.127446 
360
0 0 0 0 
5.85457 11.0248 2.77917 15.4783 
0.291793 0.169888 1.03499 0.125504 
356
1 1 1 1 0 1 1 
6.4633 8.50012 10.8012 8.65976 12.3399 17.0998 14.9052 
-0.179646 -0.847872 -0.0801429 -0.511805 -0.702629 -0.363243 -0.0459679 
360
1 1 1 1 0 1 1 1 
6.54691 8.59932 10.9482 10.2163 12.0158 15.029 21.122 16.779 
-0.176327 -0.849056 -0.0805258 -0.513708 -0.701679 -0.367932 -0.267123 -0.0476549 
364
1 1 1 1 0 1 1 1 
6.5551 10.1229 9.41035 9.51611 11.673 16.5481 16.3257 19.5802 
-0.174329 -0.0803099 -0.849128 -0.512842 -0.701586 -0.362816 -0.0471751 -0.266245 
368
1 1 1 1 1 0 1 
5.39572 8.93704 10.9771 10.8511 14.1768 12.0586 13.7186 
-0.168286 -0.841136 -0.0803891 -0.514914 -0.36755 -0.702296 -0.044287 
368
0 0 0 0 
8.66892 6.54226 2.86273 16.1277 
0.17298 0.291314 1.0306 0.123688 
372
0 0 0 0 
6.17509 3.2736 10.1286 16.4582 
0.292411 1.01708 0.170439 0.123038 
372
1 1 1 1 0 1 1 1 
6.02603 11.3302 8.22313 10.98 12.3503 17.4211 15.0014 18.0418 
-0.172099 -0.0803004 -0.849281 -0.514902 -0.70269 -0.0472039 -0.362458 -0.268723 
376
1 1 1 1 0 1 1 
6.30208 11.3433 8.44437 8.96756 11.8487 15.7633 14.9456 
-0.183502 -0.0811948 -0.847873 -0.511828 -0.701915 -0.363337 -0.042529 
376
0 0 0 0 
5.81473 11.8072 3.55104 12.7389 
0.295661 0.167902 1.00606 0.134636 
380
1 1 1 0 1 1 1 
5.95334 9.05699 11.7165 12.9535 10.4451 12.4117 13.7902 
-0.171402 -0.84852 -0.0781698 -0.703379 -0.517186 -0.371331 -0.0412784 
384
0 0 0 0 
5.60717 2.9817 10.0035 11.8716 
0.290558 1.02574 0.169243 0.135542 
384
1 1 1 1 0 1 1 
5.79219 8.93208 10.5883 8.56918 14.6199 16.433 16.3603 
-0.170943 -0.84966 -0.0804587 -0.514906 -0.711811 -0.364296 -0.0462321 
388
0 0 0 0 
5.10973 11.3283 3.11783 12.6753 
0.297106 0.169385 1.02044 0.134799 
392
0 0 0 0 
6.35785 10.7556 3.17122 12.1025 
0.287626 0.169057 1.01706 0.13496 
388
1 1 1 1 1 0 1 
6.63244 8.62797 11.1049 9.46084 15.3419 12.9682 17.1091 
-0.176418 -0.84953 -0.0810628 -0.517995 -0.362769 -0.702696 -0.0472278 
392
1 1 1 1 0 1 1 1 
5.58514 8.83645 10.7132 10.6876 11.9655 14.8987 13.1269 17.9101 
-0.170528 -0.84974 -0.0806202 -0.514487 -0.701554 -0.363384 -0.0447645 -0.267483 
396
0 0 0 0 
6.1386 11.9234 3.31251 12.8443 
0.288116 0.168204 1.01141 0.132898 
400
1 1 1 0 1 1 1 
5.75518 8.76098 10.2107 13.3036 9.36112 12.7569 14.063 
-0.181924 -0.848707 -0.0798345 -0.703108 -0.515992 -0.371178 -0.351955 
400
0 0 0 0 
5.71213 3.15618 11.3172 13.3747 
0.290513 1.0131 0.168785 0.133348 
404
1 1 1 1 1 0 1 1 
6.0239 8.557 11.7938 9.77536 15.0375 12.933 19.4143 15.8465 
-0.173033 -0.848651 -0.0775865 -0.513249 -0.362812 -0.702614 -0.266664 -0.046095 
404
0 0 0 0 
6.78094 11.2654 2.74779 12.1171 
0.287791 0.170117 1.03897 0.134523 
408
1 1 1 1 0 1 1 1 
6.05694 8.70999 11.7346 11.8912 13.0633 14.9751 20.8817 15.6953 
-0.173351 -0.849087 -0.0821162 -0.523153 -0.702021 -0.362366 -0.267295 -0.047044 
408
0 0 0 
5.67934 12.1319 13.8911 
0.292434 0.167725 0.131349 
412
0 0 0 
5.32147 11.0318 17.6856 
0.301355 0.169907 0.121377 
412
1 1 1 1 0 1 1 
6.44922 8.3421 11.3041 11.3014 14.7871 17.0467 14.4043 
-0.179383 -0.848252 -0.0834386 -0.518755 -0.708869 -0.359294 -0.041793 
416
1 1 1 1 0 1 1 
5.8568 7.44096 10.448 10.1981 12.0497 16.5565 17.2946 
-0.17294 -0.84653 -0.0804403 -0.513543 -0.702015 -0.363794 -0.043047 
420
0 0 0 0 
6.21782 11.2708 2.75854 17.6212 
0.291173 0.173754 1.04331 0.126446 
420
1 1 1 1 1 0 1 1 
6.00691 8.56527 10.4266 9.7025 17.723 12.1738 18.6731 14.9829 
-0.177905 -0.848428 -0.0805393 -0.516328 -0.359254 -0.715876 -0.266622 -0.041764 
424
0 0 0 0 
5.42842 11.1528 2.92021 17.7636 
0.292637 0.169447 1.03273 0.120647 
424
1 1 1 1 0 1 1 1 
5.96664 9.16242 10.7144 10.3281 17.3213 15.4633 15.6101 16.0585 
-0.177102 -0.852682 -0.523398 -0.0806534 -0.710681 -0.368176 -0.355937 -0.0430106 
428
1 1 0 1 1 1 1 1 1 
5.71016 9.17567 11.4036 10.6169 11.284 18.4377 19.1778 14.3651 13.7136 
-0.175726 -0.851351 -0.705399 -0.0806353 -0.518156 -0.366425 -0.270755 -0.0417503 -0.356004 
432
1 1 0 1 1 1 1 
6.38819 7.36239 11.8297 10.5391 10.4562 19.4671 15.4814 
-0.178206 -0.851069 -0.70608 -0.0855846 -0.523678 -0.370018 -0.0427286 
428
0 0 0 
6.76465 3.48717 9.7988 
0.284104 1.00911 0.178855 
436
0 0 
10.165 2.76812 
0.176186 1.06579 
436
1 1 1 0 1 1 1 
5.47803 7.92027 10.2582 12.4676 10.6679 13.7241 17.2298 
-0.174134 -0.854127 -0.0868569 -0.708103 -0.523495 -0.367369 -0.0437893 
440
1 1 1 0 1 1 1 
6.0881 9.52465 8.73865 14.7762 9.61324 15.1543 15.9408 
-0.183122 -0.856277 -0.0882414 -0.713392 -0.516065 -0.367403 -0.0426225 
444
0 
14.2082 
0.166012 
448
0 
12.2569 
0.165522 
444
1 1 1 0 1 1 1 1 
5.32065 9.15174 2.23042 12.9956 9.62945 13.1529 13.0986 15.4989 
-0.172544 -0.855915 -0.848801 -0.707411 -0.0858187 -0.356804 -0.523135 -0.0433224 
448
1 1 1 0 1 1 1 
6.00938 7.66276 10.4655 10.7953 16.1682 11.0596 17.4651 
-0.186726 -0.851729 -0.0860407 -0.709792 -0.360696 -0.527077 -0.0429995 
452
1 1 1 1 0 1 1 1 1 
6.40604 2.08224 8.41729 11.8284 13.0007 15.8046 11.7714 17.8969 14.8762 
-0.186283 -0.858545 -0.857174 -0.0842565 -0.711779 -0.368485 -0.527615 -0.0435696 -0.275831 
456
1 1 1 1 1 1 0 1 
5.92944 9.35537 2.5792 10.9575 11.1509 14.6502 15.7901 16.8768 
-0.179558 -0.857548 -0.875753 -0.082775 -0.523999 -0.359944 -0.713143 -0.0463011 
460
1 1 1 1 1 0 1 1 
6.84536 8.76077 9.93823 2.51429 11.4193 11.2699 16.7455 13.593 
-0.184842 -0.863529 -0.0928345 -0.886945 -0.52493 -0.720031 -0.362062 -0.0501092 
464
1 1 1 0 1 1 1 1 1 
6.22236 8.46883 2.25818 16.9909 11.1969 10.8072 9.80944 14.7537 16.99 
-0.186231 -0.864027 -0.898144 -0.717713 -0.0863373 -0.376428 -0.527283 -0.366954 -0.0452424 
468
1 1 0 1 1 1 1 1 1 
5.80459 7.11302 10.724 9.6224 12.2624 12.7357 12.6831 4.5629 12.7742 
-0.182604 -0.87119 -0.730793 -0.0925625 -0.535821 -0.374569 -0.367324 -0.920119 -0.0529468 
472
1 1 0 1 1 1 1 
5.51397 7.04658 11.9999 11.2641 11.4106 10.7679 14.9012 
-0.187291 -0.874124 -0.719726 -0.0910206 -0.377436 -0.533684 -0.0507982 
476
1 1 1 0 1 1 1 
5.69965 7.97104 11.0565 14.8529 10.398 15.1895 13.8914 
-0.190996 -0.873534 -0.0898261 -0.721815 -0.537799 -0.373281 -0.0526496 
480
1 1 1 1 0 1 
5.61491 7.18207 11.7332 10.6752 14.4265 13.012 
-0.204329 -0.888865 -0.090452 -0.541589 -0.72567 -0.381121 
484
1 1 1 0 1 1 1 
5.45207 8.1466 11.9845 9.55591 11.6671 11.4612 14.2091 
-0.200308 -0.899262 -0.090484 -0.732606 -0.541006 -0.375793 -0.371773 
488
1 1 1 1 0 1 1 1 
9.07999 5.35709 9.93962 9.35623 13.9767 14.0505 14.0988 12.9597 
-0.898744 -0.197663 -0.0905255 -0.553775 -0.735849 -0.374272 -0.381566 -0.0578346 
492
1 1 1 1 0 1 1 
5.29947 10.1241 7.48974 9.87919 11.1953 12.716 12.0898 
-0.199587 -0.0871322 -0.902657 -0.553763 -0.735983 -0.380303 -0.0602682 
496
1 1 1 1 0 1 1 
5.50612 9.78443 9.2549 12.6422 12.3831 14.0955 3.93853 
-0.209343 -0.0911247 -0.392704 -0.559176 -0.746139 -0.053911 -0.92701 
500
1 0 1 1 1 1 
5.58758 11.645 10.8403 11.0129 16.0847 13.7797 
-0.21828 -0.743253 -0.554894 -0.0965828 -0.0550045 -0.388595 
500
0 
7.13726 
0.303239 
504
1 1 1 0 1 1 1 
10.0821 9.2732 4.57802 13.2705 16.4443 13.545 11.0239 
-0.571931 -0.105381 -0.227574 -0.757254 -0.0575545 -0.385345 -0.378612 
504
0 
7.35806 
0.303403 
508
1 1 1 0 1 1 1 
5.21853 11.8721 10.6869 10.9281 15.0341 15.6275 14.2725 
-0.225321 -0.101631 -0.5652 -0.760944 -0.391723 -0.0598891 -0.230729 
512
1 1 1 0 1 1 1 
5.05092 9.84109 10.8578 14.6708 14.628 17.2874 18.4437 
-0.227068 -0.105799 -0.574204 -0.765264 -0.390183 -0.0621684 -0.29204 
516
0 
6.07548 
0.327781 
516
1 1 1 0 1 0 1 1 
5.18754 10.2438 10.1407 15.7842 14.3632 18.0166 18.2005 15.3143 
-0.237689 -0.105695 -0.586793 -0.773543 -0.401738 -0.563267 -0.296312 -0.0606576 
520
1 1 1 1 0 1 1 0 
4.93721 9.23077 16.6824 11.6613 10.0457 15.8 18.9332 11.1942 
-0.24501 -0.108674 -0.399771 -0.591172 -0.780952 -0.0675648 -0.295911 -0.559715 
524
1 1 1 1 0 1 0 1 1 
4.65903 10.6566 11.4345 12.4047 13.058 12.9028 12.375 10.3118 15.0117 
-0.253417 -0.109855 -0.59669 -0.399759 -0.786614 -0.0712473 -0.564103 -0.420531 -0.298144 
524
0 
4.69478 
0.355627 
528
1 1 1 1 1 0 0 
4.94387 9.6652 10.2773 14.1939 14.2215 11.5205 14.4362 
-0.256426 -0.112682 -0.600118 -0.411164 -0.0704867 -0.800575 -0.577618 
532
1 1 1 1 1 
4.75724 9.77978 10.1976 14.3971 13.2405 
-0.277698 -0.607016 -0.120108 -0.417241 -0.0699962 
532
0 
4.32535 
0.368968 
536
0 0 
4.80263 9.19405 
0.371484 0.183564 
536
1 1 1 0 1 1 0 1 
4.72845 9.43787 10.4451 14.1901 13.6591 13.8872 18.1168 17.618 
-0.278132 -0.119522 -0.628796 -0.807736 -0.0720482 -0.422271 -0.588976 -0.3068 
540
1 1 1 1 0 1 0 0 
4.25369 7.9915 14.2464 10.7931 12.1053 15.9866 11.8921 19.5682 
-0.286145 -0.120792 -0.430355 -0.635154 -0.825949 -0.0781755 -0.603115 -0.45284 
540
0 0 
4.68514 9.2335 
0.380836 0.179375 
544
0 0 
4.24105 9.27988 
0.399338 0.181114 
544
1 1 1 0 1 1 1 0 
4.2815 9.88641 8.60998 12.0654 13.4973 13.6698 19.86 17.2715 
-0.304947 -0.641995 -0.12502 -0.832012 -0.0786043 -0.438624 -0.318696 -0.60498 
548
1 1 1 1 0 1 0 1 
3.9742 10.3525 8.24481 10.1422 10.6414 11.8187 23.4427 18.6869 
-0.318689 -0.653319 -0.134107 -0.434891 -0.851777 -0.0743534 -0.602659 -0.3219 
552
1 1 1 0 0 1 1 
3.87849 10.6005 6.59043 13.5946 10.2573 11.7773 14.1455 
-0.331745 -0.666998 -0.142623 -0.860672 -0.6094 -0.448692 -0.0807027 
548
0 0 
4.06855 7.83251 
0.410797 0.187044 
552
0 0 0 
4.00828 9.88347 12.5662 
0.430425 0.189579 0.120148 
556
1 1 1 0 1 1 0 1 
3.79957 8.172 10.4314 12.9796 13.8432 10.5644 15.2038 10.6483 
-0.35379 -0.132147 -0.67481 -0.865032 -0.445038 -0.0877522 -0.616649 -0.461273 
560
0 0 0 
3.54273 8.29069 13.7234 
0.472223 0.211095 0.124157 
560
1 1 0 1 1 0 1 1 
3.37004 7.75081 11.9505 11.9273 10.6374 16.5093 10.5706 13.1393 
-0.35634 -0.131522 -0.877954 -0.454427 -0.686087 -0.625482 -0.0871376 -0.334747 
564
0 0 
3.51499 9.17706 
0.500164 0.20948 
564
1 1 1 0 1 1 0 
2.84429 8.33153 7.59102 13.0293 11.9378 13.5208 15.9116 
-0.375295 -0.692046 -0.137853 -0.884588 -0.454628 -0.0815113 -0.630735 
568
0 0 0 
3.44894 8.94316 10.834 
0.526664 0.218951 0.136885 
568
1 1 1 1 0 1 1 
3.39873 6.97283 8.97665 10.0799 11.8266 11.5129 14.4549 
-0.401395 -0.130275 -0.699782 -0.455798 -0.892275 -0.0820006 -0.332782 
572
1 1 1 1 1 0 1 
3.02501 8.21601 12.6569 10.2958 13.4823 15.2472 16.3518 
-0.416804 -0.137178 -0.0766323 -0.708439 -0.465572 -0.643385 -0.334285 
576
0 0 0 
2.88914 7.95196 16.7504 
0.60457 0.232 0.141463 
576
1 1 1 1 1 
3.2188 9.01488 7.59184 12.917 11.0833 
-0.444551 -0.726681 -0.14041 -0.0757222 -0.46531 
580
0 0 0 
2.94456 8.39217 11.9618 
0.630827 0.236128 0.14881 
580
1 1 1 1 1 0 1 
2.96916 9.57567 6.92352 12.137 11.3029 12.3939 17.5181 
-0.474743 -0.739686 -0.144249 -0.475372 -0.0787875 -0.650589 -0.338136 
584
0 0 0 0 
2.59399 7.91581 13.0432 22.0861 
0.689315 0.2461 0.150576 0.111255 
592
0 0 0 0 
2.26688 8.65714 13.2462 17.5748 
0.791138 0.244047 0.136656 0.105446 
584
1 1 1 1 1 0 1 
2.64131 7.94989 8.7132 12.682 13.1899 14.6836 17.4645 
-0.51719 -0.155644 -0.757956 -0.0825967 -0.487346 -0.659147 -0.350453 
588
1 1 1 1 1 0 1 
2.51399 7.00955 7.88619 12.749 11.9778 16.0201 15.7635 
-0.570219 -0.171062 -0.777811 -0.0953737 -0.498897 -0.68628 -0.349531 
592
1 1 1 1 1 0 1 
2.35436 5.69817 9.83007 11.2918 8.09301 10.8796 15.9662 
-0.631056 -0.186681 -0.799243 -0.0943704 -0.526783 -0.694497 -0.362579 
596
1 1 1 1 0 1 1 
2.08135 6.08646 8.70137 10.2439 15.3496 10.145 15.0238 
-0.697338 -0.197794 -0.826271 -0.10362 -0.708285 -0.382878 -0.371721 
596
0 0 0 0 
2.31187 7.11792 8.57197 15.9059 
0.838574 0.257654 0.139292 0.108519 
600
0 0 0 0 
2.08539 5.68293 15.5694 13.0072 
0.929524 0.262431 0.10925 0.141114 
600
1 1 1 1 1 1 
2.065 6.14507 9.41608 10.3081 10.7549 14.6669 
-0.776761 -0.201163 -0.846992 -0.106488 -0.529667 -0.381819 
604
1 1 1 0 1 1 1 
6.38852 1.73697 8.20964 10.405 12.2506 12.0697 14.338 
-0.210031 -0.834895 -0.862857 -0.730695 -0.110391 -0.556398 -0.389696 
608
1 1 1 1 0 1 
8.78103 5.98782 10.7452 10.2138 14.5451 14.487 
-0.900149 -0.215935 -0.11533 -0.554219 -0.747072 -0.395727 
612
1 1 1 1 0 1 0 
5.14852 10.0969 9.48663 14.1946 14.4077 14.7344 14.978 
-0.222982 -0.572538 -0.117906 -0.401175 -0.761939 -0.0818569 -0.564398 
616
1 1 1 0 1 1 
5.11595 10.6613 10.4919 11.3846 14.4136 13.629 
-0.254189 -0.12582 -0.588949 -0.768327 -0.411458 -0.164706 
608
0 0 0 
5.81639 10.518 14.0795 
0.27986 0.143298 0.103573 
612
0 0 
5.34083 14.5789 
0.288029 0.101074 
616
0 0 0 
4.56007 8.79888 14.6412 
0.298361 0.145795 0.109257 
620
0 0 0 0 
4.79543 9.76014 11.01 18.2397 
0.310436 0.147622 0.110949 0.0742322 
620
1 1 1 0 1 1 
5.32042 10.1993 10.4719 13.3637 14.9143 13.9885 
-0.257851 -0.133151 -0.601533 -0.793218 -0.425241 -0.0966336 
624
1 1 1 1 0 1 0 
5.10049 10.4741 11.2083 14.3276 10.7477 14.5389 14.0485 
-0.281689 -0.14008 -0.611105 -0.429692 -0.798794 -0.0962661 -0.594821 
624
0 0 0 
5.24804 10.4757 15.9023 
0.320362 0.147219 0.100005 
628
0 0 0 
4.21126 9.56555 14.508 
0.341904 0.157353 0.10398 
632
1 1 1 0 0 1 
4.39536 7.82473 10.1994 15.12 16.9772 12.4231 
-0.316226 -0.146488 -0.642107 -0.842453 -0.617057 -0.106636 
632
0 0 0 
4.58983 6.60859 15.8402 
0.350907 0.164403 0.0999968 
636
1 1 1 0 0 1 1 
4.0917 8.6621 9.14473 17.0992 13.3913 11.3744 13.7165 
-0.331118 -0.159533 -0.661444 -0.625542 -0.857505 -0.109668 -0.462164 
636
0 0 0 0 
4.28318 10.1687 12.3006 18.7609 
0.366238 0.156744 0.105828 0.0704263 
640
1 1 1 0 0 1 1 
4.73968 8.49563 9.62533 16.5905 13.2325 13.2913 17.9234 
-0.357447 -0.16924 -0.683003 -0.635467 -0.872512 -0.113063 -0.469221 
640
0 0 0 
4.24863 8.03794 11.5302 
0.385206 0.172993 0.108406 
644
1 1 1 1 0 0 1 1 
4.12349 10.0018 11.1215 13.7394 11.7138 14.4053 13.0483 17.0418 
-0.388874 -0.179051 -0.701561 -0.482342 -0.88946 -0.643467 -0.118761 -0.16555 
648
1 1 1 1 1 0 1 
3.75343 8.55855 9.71007 10.7068 13.4635 13.1084 21.2073 
-0.419585 -0.186504 -0.721651 -0.127346 -0.492983 -0.669543 -0.163696 
648
0 0 0 0 
3.83186 7.09531 13.6645 18.4007 
0.427533 0.164305 0.101508 0.0630208 
652
1 1 1 0 1 1 1 1 1 
3.64445 7.89241 10.3516 14.8413 13.7956 11.4451 20.0543 15.446 22.3058 
-0.452563 -0.191945 -0.736158 -0.670117 -0.501112 -0.130486 -0.168464 -0.388054 -0.233915 
652
0 0 0 0 
3.57948 8.55462 11.0041 20.05 
0.455073 0.166931 0.100217 0.0658052 
656
0 0 0 0 
3.13377 8.51225 11.5497 11.9809 
0.498195 0.168859 0.0995426 0.0640902 
660
0 0 0 0 
2.92633 7.65764 12.9126 15.0539 
0.538152 0.177441 0.101496 0.067148 
656
1 1 1 1 1 1 0 0 1 1 
3.52282 7.2841 9.46723 12.5589 16.382 12.1151 10.7753 13.1868 22.1008 16.0368 
-0.489119 -0.204582 -0.761374 -0.130413 -0.388618 -0.517993 -0.692801 -0.682271 -0.172952 -0.319117 
660
1 1 1 1 1 0 1 1 
3.3249 7.25384 9.27291 11.4473 11.4804 17.8747 15.5783 17.1047 
-0.530776 -0.213469 -0.7858 -0.522982 -0.137394 -0.69695 -0.390123 -0.244188 
664
1 1 1 1 1 1 1 1 
2.75344 10.8313 6.81141 11.3057 11.9901 15.016 22.5323 19.9379 
-0.585671 -0.801935 -0.220488 -0.533157 -0.133538 -0.395984 -0.280237 -0.248298 
664
0 0 0 0 
2.80162 7.30247 10.6582 14.2675 
0.58944 0.181091 0.110738 0.0655328 
668
0 0 0 0 0 
2.21771 7.46634 12.2231 19.4597 16.2826 
0.652774 0.19487 0.106403 0.0736244 0.0114657 
672
0 0 0 0 
2.15971 7.19028 12.2545 16.9812 
0.720912 0.212439 0.110595 0.0804676 
672
1 1 1 1 1 1 0 1 1 
2.40952 6.96697 8.79977 14.6583 7.33695 16.3295 11.0195 18.8828 15.6734 
-0.688765 -0.230904 -0.836066 -0.545978 -0.143933 -0.400121 -0.716808 -0.32944 -0.243272 
676
1 1 1 1 1 0 1 1 0 1 1 
1.83198 6.75193 9.1835 9.00654 9.09627 13.5229 14.8592 19.6713 18.5602 14.9491 15.188 
-0.764712 -0.2373 -0.854497 -0.143086 -0.551745 -0.734599 -0.170811 -0.282502 -0.533761 -0.402459 -0.335117 
676
0 0 0 0 0 
1.85273 11.7034 6.90179 13.5389 18.2632 
0.826808 0.12388 0.217852 0.0777938 0.0193711 
680
0 0 0 0 
1.72897 6.19184 12.3443 21.4515 
0.927197 0.231877 0.124868 0.0251561 
684
0 0 0 0 
5.48934 9.87401 15.9727 2.58715 
0.24246 0.140559 0.0885065 0.99478 
688
0 0 0 0 
5.6976 11.5041 12.946 16.9955 
0.256283 0.137381 0.0945897 0.022019 
684
1 1 1 1 1 0 1 1 1 1 
8.90668 6.56019 11.3521 9.79831 1.60946 11.9767 15.3792 17.9834 16.2586 23.4747 
-0.906274 -0.254147 -0.141441 -0.569375 -0.973334 -0.753815 -0.415283 -0.251585 -0.139681 -0.215249 
688
1 1 1 0 1 0 1 1 1 1 1 
6.02215 10.8648 8.77814 12.0823 14.6277 18.8684 16.8581 16.3805 14.5553 15.0127 17.6368 
-0.274279 -0.589789 -0.138265 -0.768967 -0.421604 -0.5776 -0.215966 -0.252152 -0.322357 -0.340879 -0.179713 
692
0 0 0 
5.2863 10.5911 9.54564 
0.26978 0.142463 0.0926806 
692
1 1 0 1 1 0 1 0 1 1 1 1 1 1 
5.6062 9.90539 11.523 16.5081 14.7055 17.811 17.9248 15.6101 14.4502 17.0602 13.684 16.4768 17.4199 16.5171 
-0.279858 -0.149802 -0.7823 -0.431187 -0.344318 -0.55581 -0.183109 -0.582831 -0.259252 -0.301377 -0.326753 -0.226748 -0.110705 -0.295796 
696
1 1 1 1 1 0 0 1 1 1 1 1 0 
9.85971 5.60859 12.4983 15.0301 13.0951 14.6795 12.3842 16.0654 17.8245 16.6022 17.3027 16.8215 16.3481 
-0.154256 -0.298494 -0.611336 -0.355735 -0.437437 -0.797578 -0.603375 -0.185024 -0.226729 -0.26343 -0.146843 -0.334424 -0.567916 
700
1 1 1 0 1 1 1 1 0 0 
4.93597 12.5913 11.2839 12.3452 12.8569 19.1253 13.79 15.991 17.8292 15.0331 
-0.318549 -0.165713 -0.632734 -0.816108 -0.448677 -0.19438 -0.339938 -0.152492 -0.577592 -0.500494 
696
0 0 0 
5.34692 10.3619 19.9947 
0.277454 0.138891 0.0882458 
704
1 1 1 1 0 0 1 1 1 0 1 0 
4.8302 11.4186 9.2032 12.9394 12.6113 14.9699 15.7894 15.0712 13.8279 11.1525 14.3353 18.152 
-0.347055 -0.651575 -0.172639 -0.468518 -0.839604 -0.622539 -0.240818 -0.385792 -0.205522 -0.597671 -0.284541 -0.515365 
708
0 0 0 0 
3.75305 9.79594 14.9207 17.8056 
0.321043 0.146895 0.0911375 0.0104015 
708
1 1 1 0 0 1 1 1 1 1 0 1 0 1 1 0 
4.32064 8.95706 11.8523 18.6042 12.5 18.0915 14.5322 15.6597 13.5881 14.5233 22.7144 15.0101 19.1902 13.0719 19.6015 20.9294 
-0.362037 -0.186732 -0.678703 -0.635541 -0.859502 -0.208909 -0.469424 -0.389279 -0.169889 -0.2901 -0.520789 -0.36346 -0.521593 -0.336941 -0.251678 -0.0275462 
712
0 0 0 0 
4.14617 8.82716 18.6812 14.8402 
0.32874 0.146729 0.0111243 0.0868382 
712
1 1 1 1 0 1 0 1 1 1 0 1 0 
3.87717 10.3567 11.3854 12.834 13.4427 17.3053 13.24 12.4383 14.8804 14.5868 20.6148 15.1925 16.1388 
-0.396669 -0.194183 -0.69264 -0.402026 -0.869962 -0.257061 -0.655498 -0.492545 -0.373524 -0.215667 -0.614198 -0.170665 -0.529985 
716
0 0 0 0 
3.75932 8.01208 15.3163 11.6997 
0.352508 0.155558 0.084029 0.0161283 
720
0 0 0 0 0 
3.62655 9.3739 14.8855 15.8615 10.052 
0.377536 0.148783 0.0803871 0.0138801 0.159299 
720
1 1 1 0 1 1 1 1 1 1 1 0 0 0 0 
3.9589 11.1348 8.27652 14.3731 16.6734 16.0736 17.7264 13.2553 18.6911 15.6846 16.3302 14.4665 15.2517 18.329 17.3465 
-0.456217 -0.727946 -0.207292 -0.674056 -0.184652 -0.507403 -0.2752 -0.224308 -0.311498 -0.387005 -0.41442 -0.631864 -0.638297 -0.548165 -0.0354174 
724
1 1 1 1 0 1 1 1 1 0 1 1 0 1 1 
3.4871 8.37601 10.4564 13.4109 13.4525 16.0405 13.1876 13.7073 14.155 15.1589 13.9092 13.9651 16.1145 12.7727 14.0475 
-0.482659 -0.218159 -0.743431 -0.516534 -0.679454 -0.317741 -0.397628 -0.425254 -0.276433 -0.645793 -0.198618 -0.238262 -0.0345194 -0.139138 -0.36231 
724
0 0 0 0 
3.1488 7.80342 14.4714 16.8734 
0.411783 0.152667 0.0851281 0.00331718 
728
1 1 1 1 1 1 1 0 1 0 1 1 0 1 1 
2.94768 7.93408 10.1691 14.4874 13.3762 14.5002 12.4428 14.9521 12.63 18.5297 16.5947 15.0177 15.2085 12.5599 12.9333 
-0.52211 -0.229481 -0.766032 -0.438517 -0.526948 -0.407417 -0.197037 -0.697974 -0.377527 -0.661433 -0.279266 -0.325488 -0.0442791 -0.164692 -0.236972 
728
0 0 0 0 
3.33776 9.13967 14.6307 16.696 
0.42663 0.15926 0.0833408 0.00687091 
732
0 0 0 0 
2.81111 7.49598 13.0181 14.4206 
0.472091 0.17165 0.08544 0.0032328 
736
0 0 0 0 
2.4439 7.80049 15.223 17.0223 
0.523106 0.173842 0.0840695 0.00595554 
736
1 1 1 1 0 1 0 1 1 0 1 1 1 1 1 0 1 
3.20918 8.15053 7.42765 14.0363 14.5945 10.7748 15.1301 15.0562 13.8889 14.0805 13.5783 13.2381 13.3344 14.8309 13.5702 17.8528 12.9736 
-0.626912 -0.822837 -0.245287 -0.425644 -0.718858 -0.552279 -0.715565 -0.456118 -0.206629 -0.681661 -0.29669 -0.250467 -0.163894 -0.385556 -0.345375 -0.48838 -0.171032 
740
1 1 1 1 1 1 0 0 1 1 1 1 1 0 
2.63166 9.481 7.35043 13.8237 14.4532 17.8049 12.6958 14.4957 15.2765 15.421 14.9388 13.1172 13.196 12.933 
-0.672605 -0.833353 -0.257168 -0.565105 -0.300558 -0.439983 -0.690146 -0.739244 -0.25921 -0.347029 -0.470276 -0.214075 -0.178982 -0.496277 
744
0 0 0 0 
2.26171 7.22148 13.5023 15.4922 
0.603094 0.179033 0.0843505 0.00411746 
744
1 1 1 1 1 0 1 0 1 1 1 1 1 0 0 0 
2.66633 6.33012 8.36128 15.9994 15.2545 14.6124 15.629 14.0959 12.4485 13.6241 13 15.3159 11.5803 9.74198 19.7604 22.8111 
-0.754758 -0.273989 -0.856585 -0.311858 -0.577108 -0.752169 -0.441233 -0.713622 -0.35037 -0.478489 -0.21822 -0.40615 -0.2697 -0.751187 -0.607139 -0.499039 
748
1 1 1 1 0 1 0 1 1 1 1 0 1 1 0 1 1 
2.50757 7.07995 9.49018 13.5915 13.3439 12.5103 12.6463 12.305 12.2635 13.8682 12.6111 14.3509 16.687 17.0449 14.5892 16.7272 12.9579 
-0.827519 -0.288082 -0.886749 -0.319059 -0.717214 -0.590987 -0.762462 -0.368325 -0.228806 -0.457254 -0.489566 -0.72164 -0.270229 -0.177597 -0.0572935 -0.414663 -0.19018 
752
1 1 1 0 1 1 1 1 1 0 1 1 0 1 
1.97769 8.09024 13.8195 14.2497 13.102 13.2628 14.7045 6.06154 13.7482 15.3296 15.2126 11.7168 17.0554 13.8802 
-0.941411 -0.298392 -0.504877 -0.776139 -0.6018 -0.23071 -0.46582 -0.916322 -0.425192 -0.741943 -0.371952 -0.325144 -0.629476 -0.193509 
748
0 0 0 0 
2.11246 6.28564 14.6728 16.3991 
0.676504 0.190407 0.0850278 0.00419937 
756
0 0 0 0 
6.00689 2.55657 7.88859 12.215 
0.199977 0.85695 0.0966349 -0.00104194 
756
1 1 1 0 0 1 1 1 1 1 1 0 0 1 1 0 
5.65889 12.6443 12.3451 14.2567 12.701 15.2301 12.6273 11.2095 11.5125 11.2168 13.177 13.219 18.7316 12.3882 7.81631 17.6388 
-0.330902 -0.516061 -0.615081 -0.793291 -0.74959 -0.237864 -0.331056 -0.385888 -0.469183 -0.284519 -0.435702 -0.755976 -0.0601198 -0.473521 -0.188536 -0.638764 
760
1 1 1 1 1 1 0 1 0 1 1 1 1 0 
6.1552 12.1254 14.7088 13.3481 12.1039 11.4081 10.9719 11.5071 14.6263 13.5968 13.3134 12.2229 10.9962 16.7046 
-0.328104 -0.522735 -0.452103 -0.488172 -0.633954 -0.238116 -0.819783 -0.349416 -0.0622202 -0.296629 -0.39312 -0.199517 -0.207252 -0.660109 
760
0 0 0 
5.46394 12.413 12.0358 
0.213095 6.68186e-05 0.0903323 
764
1 1 0 1 1 1 1 1 0 0 1 1 0 1 1 
5.37074 12.2161 16.0676 11.86 11.2459 11.7781 12.1467 13.9553 14.3036 16.6798 12.4252 13.0881 18.8045 10.5218 12.9663 
-0.343304 -0.533687 -0.828337 -0.643643 -0.502516 -0.303261 -0.254362 -0.458418 -0.78219 -0.0659775 -0.347988 -0.404494 -0.181431 -0.19757 -0.217901 
768
0 0 0 0 
4.50001 10.2907 10.8306 8.70975 
0.238128 0.107305 -0.00255011 0.203658 
772
1 1 0 0 1 1 1 1 1 0 0 1 1 0 
5.56351 13.0882 15.8071 14.0561 12.4252 12.8448 12.4746 12.7323 11.3433 17.0432 16.4986 9.7617 12.9108 16.8209 
-0.384978 -0.518698 -0.801023 -0.856155 -0.472226 -0.364299 -0.42355 -0.674891 -0.260703 -0.683199 -0.0667007 -0.561553 -0.315992 -0.185795 
772
0 0 0 
5.08409 9.97237 14.7332 
0.233412 0.110352 0.0014448 
776
0 0 0 0 
4.82994 12.3408 10.2106 9.94278 
0.253705 0.101227 0.00413497 0.210585 
776
1 0 1 0 1 1 1 1 1 1 1 1 0 0 
4.44349 15.2282 12.0879 12.534 11.2942 13.352 12.7322 12.8352 12.261 13.3909 10.8799 10.7579 15.0464 17.9677 
-0.40452 -0.81594 -0.269735 -0.865168 -0.685815 -0.527118 -0.376477 -0.479737 -0.569308 -0.431905 -0.313247 -0.213649 -0.0632356 -0.189951 
780
1 1 1 1 1 1 1 1 0 0 1 0 1 0 1 0 0 
4.65358 13.7558 10.2882 11.8302 10.0802 11.7288 11.5845 12.8396 11.515 12.2598 12.2013 12.0248 6.70959 12.1464 9.96087 14.0984 17.6937 
-0.416645 -0.538439 -0.384264 -0.495128 -0.57618 -0.44039 -0.270015 -0.318263 -0.83245 -0.893808 -0.703473 -0.88066 -0.219722 -0.0651795 -0.233273 -0.46382 -0.192225 
780
0 0 0 
4.41403 12.704 9.31962 
0.279192 0.104706 0.00938103 
784
0 0 0 0 
4.01998 11.6956 9.24679 10.2984 
0.3031 0.103877 0.222213 0.00739342 
788
1 0 1 1 1 1 0 1 1 1 1 1 0 
4.57923 15.421 9.8721 8.65232 10.2229 11.5409 15.735 10.0212 13.2381 9.93019 10.7378 8.11286 13.1598 
-0.478285 -0.862607 -0.738197 -0.522307 -0.6148 -0.28855 -0.076542 -0.344116 -0.564523 -0.405282 -0.454883 -0.23531 -0.729864 
788
0 0 0 0 
4.16429 11.1386 9.68147 7.11226 
0.315428 0.112217 0.00684168 0.224992 
792
0 0 0 0 
3.87491 11.3156 13.5783 7.70257 
0.342228 0.117465 0.0094596 0.235258 
792
1 1 1 1 0 1 1 1 1 1 1 0 0 0 
4.19164 10.3516 12.3051 11.2518 12.6334 8.60665 10.8759 10.4716 12.4428 11.132 8.49462 11.9157 14.9778 15.7097 
-0.500876 -0.755435 -0.469626 -0.57666 -0.87293 -0.281088 -0.617549 -0.349113 -0.527563 -0.40167 -0.228551 -0.206107 -0.0677828 -0.737406 
796
0 0 0 0 
3.78676 11.8026 11.8201 7.3765 
0.368921 0.123985 0.00636242 0.246842 
800
1 1 1 1 1 0 0 1 1 1 0 1 1 1 0 0 
3.41388 11.198 8.58383 11.3807 9.71012 12.1609 14.5493 9.40809 9.58652 10.6531 7.99182 5.75834 9.16158 11.6004 17.422 15.6216 
-0.575731 -0.787509 -0.435374 -0.652249 -0.611491 -0.0736291 -0.762476 -0.301795 -0.546546 -0.482326 -0.909328 -0.249642 -0.242398 -0.365487 -0.623062 -0.203378 
800
0 0 0 0 
3.36707 11.2647 12.8351 7.83611 
0.392771 0.124217 0.0101066 0.257152 
804
1 1 1 1 1 1 1 1 0 1 1 0 0 1 0 
3.45624 10.1089 9.9191 11.0254 9.8349 10.1869 8.91537 11.4866 15.7643 8.73884 11.2206 15.3683 12.3861 7.6627 13.7778 
-0.626999 -0.558783 -0.622086 -0.671053 -0.812336 -0.439011 -0.309269 -0.497042 -0.774171 -0.248961 -0.376864 -0.0758279 -0.206227 -0.26404 -0.642121 
808
0 0 0 
2.7478 9.96854 9.01078 
0.470584 0.0108534 0.138659 
808
1 1 1 1 1 0 1 1 1 0 1 1 0 0 0 
3.3447 11.8788 10.5644 11.1032 10.2115 13.8965 9.4813 9.68316 10.107 10.7939 9.94995 8.3127 12.7604 15.5933 15.3082 
-0.667072 -0.829826 -0.635265 -0.576572 -0.388214 -0.789166 -0.442496 -0.320371 -0.686197 -0.0777896 -0.512053 -0.265134 -0.213203 -0.653671 -0.372273 
812
1 1 1 1 1 1 1 1 1 0 0 0 0 1 1 
3.03892 9.13925 8.6558 11.2196 9.00103 9.99133 10.2094 9.8771 8.61381 16.1215 14.3253 11.4087 15.055 7.23264 7.02316 
-0.722678 -0.854398 -0.710114 -0.657443 -0.587969 -0.457654 -0.525777 -0.332185 -0.403738 -0.806894 -0.0818364 -0.225928 -0.667824 -0.279225 -0.274944 
812
0 0 0 0 
2.47514 9.67504 8.1878 9.39936 
0.511021 0.00395561 0.152167 0.282418 
816
0 0 0 0 
2.37697 8.60249 11.6962 7.4184 
0.564697 0.144612 0.00243615 0.291061 
820
1 1 1 1 1 1 1 0 1 0 1 0 1 0 0 1 
2.58704 9.20908 10.3671 10.0302 8.73811 9.68574 8.44303 11.5099 10.4029 14.1884 9.14739 10.7696 7.44178 14.1923 12.239 9.24764 
-0.851407 -0.738539 -0.685782 -0.894076 -0.421524 -0.561516 -0.362938 -0.842477 -0.620163 -0.234104 -0.481782 -0.0904671 -0.313182 -0.396653 -0.68481 -0.296885 
820
0 0 0 0 
1.99777 9.42433 8.18254 7.03919 
0.628814 0.139819 0.00820436 0.29729 
824
1 1 1 1 1 1 1 0 1 0 0 0 0 0 1 1 
8.20187 9.89256 8.84585 10.7785 8.32927 2.36385 10.2802 12.7379 9.40511 14.3692 15.0555 11.7095 10.5946 11.8294 8.74709 7.38416 
-0.368461 -0.706207 -0.764075 -0.57026 -0.635081 -0.948883 -0.502489 -0.852099 -0.438884 -0.244761 -0.399456 -0.0978386 -0.713173 -0.561779 -0.304929 -0.328942 
824
0 0 0 0 
1.85481 9.03 6.9433 7.29381 
0.714417 0.142774 0.0134663 0.307177 
828
1 1 1 1 1 1 0 1 1 0 1 0 0 0 0 
7.00447 7.96021 9.22274 9.93873 7.07646 10.9831 12.6277 6.36332 8.67647 9.23454 9.86324 14.4028 11.9262 14.0721 13.028 
-0.670267 -0.789577 -0.516587 -0.451304 -0.382965 -0.729393 -0.87189 -0.34096 -0.583772 -0.095884 -0.319225 -0.248926 -0.403771 -0.570261 -0.713341 
832
0 0 0 0 
10.4258 7.72652 6.0997 2.24117 
0.00940625 0.164962 0.328681 0.812841 
832
1 1 1 1 1 1 0 1 0 1 0 0 0 0 1 0 
10.1253 9.87106 9.14284 8.3539 9.15583 7.99242 12.4988 7.80134 12.7154 7.23958 13.3836 16.8383 15.0501 14.484 8.729 17.765 
-0.741678 -0.807969 -0.674844 -0.523316 -0.605985 -0.39429 -0.882921 -0.47123 -0.102209 -0.355084 -0.260991 -0.726567 -0.419236 -0.580757 -0.331542 -0.246353 
836
0 0 0 
9.84085 7.8664 6.80871 
0.00790332 0.154213 0.339626 
836
1 1 1 0 1 1 1 1 0 0 1 0 1 0 
9.10607 9.16176 10.9214 11.9879 6.47286 8.5705 9.0185 9.06188 13.0012 12.1846 7.6608 11.3402 6.94598 14.5908 
-0.830481 -0.472789 -0.615641 -0.902487 -0.370804 -0.76783 -0.69498 -0.539306 -0.73899 -0.0994035 -0.407673 -0.262335 -0.348654 -0.431875 
840
1 1 1 1 1 0 0 1 1 1 0 0 0 0 1 
9.28464 9.32942 9.21897 8.93447 8.74553 11.151 13.1105 5.37742 7.42062 9.38459 14.1155 15.412 10.9972 5.79675 6.21151 
-0.560627 -0.852597 -0.719364 -0.791176 -0.644884 -0.765754 -0.106193 -0.385558 -0.420994 -0.496297 -0.273154 -0.440002 -0.608601 0.027008 -0.366153 
844
1 1 1 1 1 1 1 1 0 0 0 0 1 0 0 
7.83636 5.0625 7.99344 8.47094 9.003 9.21414 8.99197 6.31212 10.17 14.173 12.8929 11.0381 8.5943 10.5518 5.8081 
-0.653396 -0.416308 -0.51042 -0.802821 -0.727908 -0.579736 -0.879116 -0.374402 -0.107064 -0.61958 -0.767114 -0.274166 -0.438591 -0.441666 0.0293457 
840
0 0 0 
9.27097 8.10848 6.9138 
0.158753 0.00417934 0.35327 
848
1 1 1 1 1 1 1 0 1 0 0 1 0 0 0 
7.84229 7.47286 6.77226 8.33095 7.59708 8.85172 5.43863 11.1216 9.34853 13.5066 12.0578 6.70158 5.70768 12.5267 13.3015 
-0.90024 -0.67911 -0.45358 -0.595401 -0.524112 -0.752 -0.417578 -0.109747 -0.82668 -0.628492 -0.282271 -0.391862 0.0293529 -0.78273 -0.465871 
848
0 0 0 
6.46021 8.80569 5.78111 
0.178029 0.00297892 0.394235 
852
0 0 0 
6.49731 9.26491 5.28338 
0.179831 0.0065437 0.409937 
856
1 1 1 1 1 1 1 0 0 0 0 0 0 1 0 
7.16254 9.38219 7.5182 5.20403 8.15397 8.45118 7.41161 12.1139 9.88772 13.782 8.02231 9.04728 11.2026 6.32328 11.654 
-0.568949 -0.794249 -0.628752 -0.472766 -0.715371 -0.876493 -0.488519 -0.824921 -0.123862 -0.656763 0.0338273 -0.304433 -0.485563 -0.421889 -0.81999 
856
0 0 0 
7.03031 4.51335 8.85989 
0.177376 0.426431 0.0114469 
860
1 1 1 1 1 0 1 0 1 1 0 0 0 0 
7.43701 9.05914 5.33347 6.69713 7.87715 9.43566 9.91426 13.2394 6.59982 3.80774 13.7627 10.0847 6.47539 11.4161 
-0.899292 -0.819122 -0.492699 -0.578105 -0.652265 -0.127057 -0.73731 -0.835839 -0.504348 -0.436958 -0.668667 -0.309818 0.031784 -0.497228 
864
1 1 1 1 0 0 1 1 0 0 0 1 0 
4.64696 9.71259 7.85743 4.35871 8.39859 11.7217 7.5015 8.13023 10.6271 11.2521 5.86415 7.34453 10.2545 
-0.510572 -0.758762 -0.836492 -0.456356 -0.127935 -0.849024 -0.599514 -0.680721 -0.506197 -0.315797 0.0313882 -0.522431 -0.684684 
860
0 0 0 
6.46627 6.31188 4.73242 
0.190244 0.00537378 0.44104 
868
0 0 0 
5.29796 7.05694 4.2866 
0.222396 0.0218277 0.507314 
868
1 1 1 0 1 1 0 1 1 0 0 0 0 
4.29477 7.72861 7.77332 9.10067 7.47949 7.82848 10.2184 5.68678 3.72301 10.7756 12.4424 13.9525 4.92275 
-0.54225 -0.860471 -0.773624 -0.128779 -0.611646 -0.683182 -0.50062 -0.525285 -0.492088 -0.85893 -0.314426 -0.68619 0.0309337 
872
1 0 1 1 1 1 1 0 0 0 1 0 
4.14445 9.48848 6.70493 7.63332 7.47428 7.70283 5.95819 14.0627 10.6481 9.88178 5.3809 9.54833 
-0.548401 -0.121796 -0.621004 -0.695874 -0.780768 -0.872935 -0.536116 -0.687283 -0.50519 -0.311711 -0.482175 -0.858859 
872
0 0 0 
5.02385 4.41544 7.1693 
0.242154 0.544037 0.0268376 
876
1 1 1 1 1 1 0 0 1 0 0 0 
4.17735 6.19344 7.80271 7.82426 6.17906 7.38168 9.05268 11.3256 6.05539 13.9959 10.3597 12.8892 
-0.562238 -0.61762 -0.869927 -0.790672 -0.544233 -0.700149 -0.109269 -0.862421 -0.489483 -0.682593 -0.300413 -0.495605 
880
0 0 0 
4.87513 7.02484 3.36795 
0.300343 0.0739917 0.66444 
880
1 1 1 1 1 1 1 0 0 0 0 0 
3.83464 6.40971 6.96924 7.4153 5.62063 7.56794 5.10574 8.66145 8.37162 10.511 11.8782 10.7165 
-0.57424 -0.624821 -0.701404 -0.791303 -0.544748 -0.876919 -0.494907 -0.0898397 -0.492702 -0.283716 -0.67711 -0.854609 
884
1 1 1 1 1 1 0 0 0 0 0 1 
3.69175 6.52845 7.97964 6.90483 5.94604 5.4263 7.9229 11.2935 10.5041 12.2053 11.7309 4.96946 
-0.589326 -0.698873 -0.880053 -0.798768 -0.540695 -0.609594 -0.0608785 -0.846869 -0.26973 -0.664193 -0.471133 -0.500976 
884
0 0 0 
5.91478 3.88286 5.10493 
0.099212 0.722525 0.334945 
888
1 1 1 1 1 1 1 0 0 0 0 1 0 
3.23351 6.81083 7.82203 6.3233 4.29518 5.65497 5.44112 8.19566 12.0263 10.4177 9.62728 5.91949 10.3293 
-0.585395 -0.798432 -0.880134 -0.702488 -0.497265 -0.618138 -0.544791 -0.0451492 -0.839502 -0.251663 -0.654244 -0.484052 -0.459335 
896
0 1 1 1 1 1 1 0 1 0 0 0 1 
9.02069 3.84167 2.72094 6.17956 6.9155 5.79393 5.21718 7.80554 5.31 12.1816 10.1337 10.8902 6.11142 
-0.212168 -0.505107 -0.610164 -0.784505 -0.876376 -0.605458 -0.526066 0.00727173 -0.479214 -0.627575 -0.42298 -0.817302 -0.691914 
888
0 0 0 
5.93959 3.68565 4.6746 
0.134718 0.788687 0.387406 
892
0 0 0 
3.36378 4.39798 5.55808 
0.882443 0.430759 0.168343 
896
0 0 0 
3.19007 4.44225 5.11566 
0.966917 0.477724 0.210553 
900
1 1 1 1 1 0 0 1 1 0 0 0 1 
3.12778 5.98718 6.21284 7.34649 5.60569 7.57651 9.68317 3.44174 5.11816 10.4574 10.9661 8.55972 4.23648 
-0.631127 -0.78308 -0.687383 -0.877849 -0.603777 0.0349331 -0.799168 -0.5022 -0.525376 -0.404165 -0.612067 -0.186522 -0.473423 
900
0 0 0 
4.09423 6.19151 1.74805 
0.541935 0.226731 1.05076 
904
1 1 1 1 1 1 1 0 1 0 0 0 
2.98305 3.54198 6.32893 5.93921 5.21338 3.80951 7.33398 9.74269 5.0866 9.77167 10.62 9.88107 
-0.647786 -0.496399 -0.780616 -0.683796 -0.598271 -0.478728 -0.87901 -0.163728 -0.52087 -0.791809 -0.390522 -0.601351 
908
1 1 1 1 1 0 1 1 1 0 0 0 
2.43064 3.20928 6.84202 5.89907 6.15234 7.9267 4.7755 3.54373 4.8122 8.9634 10.9373 10.7033 
-0.673312 -0.511003 -0.877744 -0.68439 -0.782421 -0.37385 -0.596876 -0.476534 -0.523444 -0.147655 -0.588698 -0.783254 
908
0 0 0 
3.36969 4.89437 7.44279 
0.672032 0.320706 0.0457755 
912
0 0 0 
3.39459 4.56141 6.24034 
0.741137 0.359046 0.0804421 
912
1 1 1 1 1 1 1 0 0 1 0 0 
2.35703 3.02216 7.1257 5.53977 4.36217 4.63387 5.45881 7.80841 9.65006 3.83599 9.70411 11.1998 
-0.709623 -0.528328 -0.887046 -0.781499 -0.600779 -0.530395 -0.690467 -0.12853 -0.772087 -0.482296 -0.576165 -0.365448 
916
1 1 1 1 1 1 1 1 0 0 0 0 
2.03891 2.81452 4.5727 5.53485 5.40298 6.58017 4.70633 3.79071 9.11133 10.4515 8.83982 8.77525 
-0.755829 -0.551269 -0.607151 -0.686641 -0.79298 -0.89279 -0.523329 -0.486984 -0.341312 -0.77288 -0.57644 -0.107033 
920
0 0 0 
3.15408 4.53086 4.98545 
0.877317 0.441286 0.142224 
920
1 1 1 1 1 1 0 1 1 0 0 0 
2.15872 2.25001 4.54775 5.6395 3.95031 4.66044 9.45025 5.29661 3.11954 6.20806 6.87662 10.2419 
-0.811217 -0.567896 -0.532219 -0.802359 -0.617769 -0.700655 -0.764866 -0.908121 -0.488417 -0.340135 -0.0880857 -0.563499 
924
1 1 1 1 1 1 0 0 0 1 0 1 
2.31493 4.41973 3.10035 5.02162 1.57046 5.16033 7.89915 8.51658 7.25545 3.78659 10.546 4.69572 
-0.60216 -0.631978 -0.516294 -0.70939 -0.842865 -0.81381 -0.3225 -0.561915 -0.0755943 -0.560447 -0.761932 -0.925246 
924
0 0 0 
3.077 4.33151 5.80233 
0.951226 0.484945 0.146037 
928
0 0 0 
4.30327 4.28167 2.3313 
0.206243 0.526459 1.01765 
928
1 1 1 1 0 1 0 0 1 0 
2.25766 2.70567 6.05493 3.9754 8.23314 4.48405 9.21624 6.13259 3.76735 8.66486 
-0.651707 -0.531745 -0.830485 -0.719264 -0.317753 -0.647927 -0.55236 -0.0513325 -0.573007 -0.763712 
932
1 1 1 1 1 1 0 0 0 
1.96488 2.39071 4.60319 3.80014 4.28238 3.7546 5.90954 10.0373 8.5498 
-0.690718 -0.563232 -0.841765 -0.65652 -0.736085 -0.580713 -0.0401407 -0.764475 -0.550568 
932
0 0 
3.46784 4.86822 
0.588575 0.216272 
936
0 0 
3.56378 4.55405 
0.647436 0.255406 
936
1 1 1 1 1 0 1 0 0 0 
1.72857 4.95787 3.77695 2.28332 3.16114 6.63873 4.76475 7.57716 8.7886 6.30743 
-0.734299 -0.742739 -0.669692 -0.5978 -0.597833 -0.0167503 -0.856245 -0.299331 -0.758317 -0.551662 
940
1 1 1 1 0 0 1 1 0 0 
2.20051 2.7304 4.53089 2.8747 8.27918 6.80781 4.16057 3.78039 5.13141 7.96083 
-0.625155 -0.609814 -0.85692 -0.807919 -0.532075 -0.275737 -0.756222 -0.68914 0.0194257 -0.738307 
944
1 1 1 1 1 0 0 0 0 
1.87808 3.03981 4.74769 3.77914 2.94754 8.31393 9.48494 7.91173 4.36367 
-0.641125 -0.619266 -0.862752 -0.754237 -0.685526 -0.24719 -0.729753 -0.501092 0.030265 
944
0 0 
3.43794 4.59485 
0.782975 0.352703 
948
0 0 0 
3.254 6.26837 4.30831 
0.900137 0.0445855 0.408434 
952
1 1 1 1 1 0 0 0 0 
5.09623 3.25723 2.69737 3.83056 1.4782 8.1138 6.22937 6.51959 7.22699 
-0.852279 -0.69114 -0.639447 -0.749371 -0.70356 -0.678162 -0.909173 -0.172938 -0.435105 
956
1 1 1 1 0 0 0 1 0 
2.37014 3.68052 3.64129 3.47929 6.12825 9.36944 7.50909 3.82277 6.71929 
-0.651037 -0.846322 -0.746685 -0.693881 -0.126086 -0.877028 -0.649583 -0.750674 -0.407133 
952
0 0 0 
3.42644 3.99148 5.16275 
0.98999 0.482186 0.101849 
956
0 0 
4.8892 3.75867 
0.163734 0.565843 
960
0 0 
3.26863 4.94952 
0.661887 0.217283 
960
1 1 1 0 1 0 0 0 
3.59603 2.40669 4.23868 5.5035 2.96903 8.81368 9.5762 7.58208 
-0.742871 -0.666594 -0.84312 -0.0840037 -0.702931 -0.856968 -0.616845 -0.372476 
964
1 1 1 1 0 0 0 0 
1.62264 2.51067 4.3545 3.52307 6.71491 6.40044 10.1869 7.93723 
-0.674443 -0.690058 -0.844252 -0.74436 -0.0420992 -0.343879 -0.815799 -0.584842 
964
0 0 
3.28267 3.7443 
0.742374 0.299587 
968
0 0 
3.76773 4.72599 
0.821195 0.350899 
972
1 1 1 0 0 0 1 
2.2844 4.28181 3.5409 8.27154 7.75472 7.11223 3.09189 
-0.701722 -0.915922 -0.814082 -0.754555 -0.505392 -0.237676 -0.726655 
976
1 1 1 1 0 0 0 
1.9076 2.39662 3.10517 3.89084 6.27975 7.97113 7.18504 
-0.716257 -0.70545 -0.79511 -0.891207 -0.186991 -0.71186 -0.455954 
972
0 0 0 
3.27554 6.51734 3.74198 
0.949423 0.0205384 0.44333 
976
0 0 0 
5.36723 3.84258 1.21309 
0.0962384 0.530028 1.06474 
980
1 1 1 0 1 0 0 
3.96131 1.81635 3.29034 5.99785 2.69563 7.48812 7.18278 
-0.873657 -0.700017 -0.781838 -0.132909 -0.70057 -0.673952 -0.41541 
980
0 0 
4.27505 4.08449 
0.172338 0.607274 
984
0 0 
3.44759 4.87307 
0.714121 0.226959 
984
1 1 1 0 0 0 1 
2.48955 3.50336 3.03739 5.55864 7.30588 7.46673 2.25885 
-0.694945 -0.865434 -0.777035 -0.0765212 -0.626869 -0.370822 -0.695502 
988
1 1 0 0 1 0 0 
2.1283 3.01375 5.87856 7.22439 3.22688 8.46057 7.79237 
-0.703136 -0.76747 -0.0302567 -0.594208 -0.846375 -0.887061 -0.327848 
992
1 1 1 0 0 0 0 
1.86818 2.62193 2.92851 5.50013 7.38514 6.28455 8.36633 
-0.70486 -0.761636 -0.848409 0.0262184 -0.56114 -0.278434 -0.849483 
996
1 1 1 0 0 0 
1.72214 3.40411 2.54242 6.47044 7.16615 7.29682 
-0.689287 -0.840234 -0.768281 -0.242081 -0.524592 -0.821578 
992
0 0 
3.96333 3.81679 
0.888654 0.37436 
996
0 0 0 
3.75481 4.19503 5.45024 
0.987573 0.443525 0.0317781 
1000
0 0 
4.02695 5.10521 
0.520254 0.0837657 
1000
1 0 1 1 0 0 0 
2.3787 6.03706 3.12708 2.14058 6.29082 7.98462 6.54052 
-0.781467 -0.199877 -0.843563 -0.723672 -0.492825 -0.794551 -0.914617 
1004
1 1 0 0 0 0 
1.9364 2.9013 5.71476 7.09697 7.89971 8.86832 
-0.782717 -0.84119 -0.155321 -0.457372 -0.759805 -0.887958 
1004
0 0 
3.83636 5.09081 
0.601637 0.134209 
1008
1 0 0 1 0 0 
1.47996 5.36542 6.25819 2.79814 6.7001 7.93658 
-0.827483 -0.422083 -0.113995 -0.869781 -0.73135 -0.861518 
1012
0 0 1 1 0 0 
5.92349 5.78265 2.64337 1.64201 7.63677 6.42337 
-0.0701998 -0.386984 -0.850182 -0.789862 -0.707487 -0.830078 
1016
1 0 0 0 0 1 
2.5206 6.13972 7.6129 5.28903 6.94433 2.07485 
-0.84636 -0.340282 -0.666499 -0.0148908 -0.798245 -0.806421 
1012
0 0 
3.78881 4.38269 
0.764857 0.252241 
1016
0 0 
3.52125 3.82344 
0.864858 0.340083 
1020
0 0 
4.04529 3.51763 
0.416605 0.965891 
1020
1 0 0 0 0 1 
2.52205 7.39392 4.18015 6.72883 7.50482 1.88538 
-0.859759 -0.627306 0.0319911 -0.291163 -0.749553 -0.967798 
1024
0 0 
4.92591 3.84113 
0.0569015 0.488089 
1024
1 0 0 0 1 
2.4099 5.23621 7.60961 6.49559 1.69161 
-0.852826 -0.244097 -0.58796 -0.709519 -0.971991 
1028
0 0 
3.43074 4.52042 
0.58208 0.130537 
1028
1 0 0 0 1 
1.90298 5.59679 5.76373 7.25586 1.77404 
-0.851139 -0.199133 -0.53964 -0.685677 -0.974766 
1032
0 0 0 1 
6.11877 5.62414 7.41855 1.77169 
-0.509911 -0.158156 -0.64584 -0.985231 
1036
0 0 0 1 
6.21511 5.44712 6.22987 2.28765 
-0.474911 -0.10951 -0.60837 -0.877659 
1032
0 0 
3.45913 4.37432 
0.664061 0.186484 
1040
0 0 0 1 
5.31246 5.53628 5.90684 3.19149 
-0.438607 -0.0615701 -0.571741 -0.959881 
1040
0 0 
3.69453 4.28364 
0.822783 0.311191 
1044
0 0 
3.50846 3.90997 
0.914523 0.391329 
1048
0 0 
3.30921 2.03569 
0.48268 1.02994 
1052
0 0 
3.30885 5.02456 
0.558481 0.061885 
1044
0 0 0 1 
5.10377 6.44529 6.16642 1.77843 
-0.00685665 -0.402049 -0.532254 -0.989167 
1048
0 0 0 1 1 
6.05195 5.87908 3.21314 3.23477 2.203 
-0.48652 -0.349467 0.0258235 -0.923901 -0.970803 
1052
0 1 0 0 
5.47336 4.28561 6.25618 11.1374 
-0.302868 -0.901059 -0.454359 -0.894693 
1056
1 0 0 0 
4.17862 5.6614 5.66506 9.65295 
-0.876738 -0.40539 -0.254926 -0.857199 
1056
0 0 
3.51576 3.85525 
0.637507 0.136762 
1060
1 0 0 0 
4.3008 5.71504 5.57736 9.60881 
-0.854598 -0.208852 -0.364256 -0.824602 
1060
0 0 
3.41081 4.36397 
0.72197 0.191651 
1064
0 0 
3.90965 3.29917 
0.797425 0.277197 
1064
1 0 0 0 
3.22211 9.05034 5.69965 4.87625 
-0.819318 -0.776978 -0.330667 -0.155344 
1068
0 0 
2.92683 3.65016 
0.904222 0.33063 
1068
1 0 0 0 
3.23394 4.81889 9.25698 5.11745 
-0.812204 -0.117619 -0.745518 -0.27249 
1072
1 0 0 0 0 
3.16208 4.75446 5.10474 8.68685 15.4753 
-0.790321 -0.0611728 -0.241083 -0.706895 -0.889207 
1072
0 0 
3.68167 3.45938 
0.971845 0.398599 
1076
0 
3.53731 
0.467433 
1080
0 
3.24333 
0.545724 
1080
1 0 0 0 0 
3.33666 4.64316 4.38091 8.6122 16.647 
-0.756325 -0.141279 0.0367107 -0.630862 -0.812849 
1084
1 0 0 0 0 
3.21339 4.43378 8.91238 13.6905 21.5333 
-0.736922 -0.0993593 -0.59871 -0.776045 -0.861846 
1084
0 0 
2.71397 3.94122 
0.613265 0.0287695 
1088
1 0 0 0 0 
3.082 4.34828 14.415 8.48911 16.1663 
-0.723678 -0.056367 -0.740588 -0.565647 -0.817995 
1088
0 0 
3.64007 4.27654 
0.676105 0.076733 
1092
1 0 0 0 1 0 
2.82292 4.13422 9.1645 15.4078 4.90671 21.3085 
-0.718104 -0.0128913 -0.532958 -0.71284 -0.918215 -0.792756 
1092
0 0 
2.43623 3.68261 
0.80054 0.133287 
1096
0 0 
3.5114 3.02636 
0.176586 0.832865 
1096
1 0 0 1 0 0 
2.91545 4.11702 7.23427 7.91454 15.1055 19.0736 
-0.711444 0.020818 -0.513425 -0.892393 -0.689151 -0.764728 
1100
1 0 0 1 0 0 
2.52344 3.56141 7.78798 8.53118 15.9707 9.66595 
-0.730561 0.0348866 -0.497484 -0.877219 -0.664663 -0.754396 
1104
1 1 0 0 1 0 
2.61401 5.7034 8.39732 15.1737 13.1301 18.5614 
-0.757033 -0.864256 -0.473799 -0.645263 -0.886694 -0.723242 
1104
0 0 0 
3.07294 3.03836 2.82455 
0.967044 0.277022 0.0337019 
1108
1 1 0 1 0 0 
2.21886 7.17645 7.586 12.4696 11.7343 21.4452 
-0.782041 -0.861867 -0.457331 -0.873419 -0.633035 -0.705476 
1108
0 0 0 
3.78218 3.56852 2.99026 
0.285595 0.0699858 1.00905 
1112
1 1 0 0 1 0 
1.90488 6.97326 7.21065 14.0015 15.083 11.6091 
-0.817335 -0.852653 -0.440316 -0.611709 -0.864156 -0.682882 
1112
0 0 
2.78126 3.30215 
0.364081 0.102448 
1116
0 0 
2.77554 2.78292 
0.416773 0.149734 
1120
0 0 
2.72157 2.48267 
0.483702 0.213857 
1116
1 1 0 0 1 0 
2.05889 7.30892 7.4359 14.0605 12.1943 18.1459 
-0.82348 -0.842622 -0.427138 -0.593106 -0.845467 -0.663025 
1120
1 1 0 0 1 
7.93832 2.23392 6.58439 11.171 14.1486 
-0.828456 -0.838103 -0.393149 -0.564236 -0.818241 
1124
0 0 
2.58543 2.86818 
0.56744 0.253151 
1124
1 0 1 0 0 1 
6.48931 7.09261 12.6143 11.5959 10.506 2.35248 
-0.807858 -0.359375 -0.791707 -0.522932 -0.608479 -0.873935 
1128
1 0 1 0 1 0 
5.22389 7.04787 12.5189 11.4613 15.6823 16.9384 
-0.778812 -0.32738 -0.756404 -0.494323 -0.74493 -0.558423 
1128
0 0 
2.2755 2.7507 
0.659471 0.312816 
1132
0 0 
2.24483 2.73539 
0.755166 0.375665 
1132
1 0 0 1 0 
6.38162 6.04462 12.8527 11.92 18.6096 
-0.76269 -0.293683 -0.461914 -0.729193 -0.533232 
1136
0 1 0 1 0 1 1 
6.14004 5.20749 10.9484 13.1154 12.4581 14.1696 28.3867 
-0.271813 -0.746548 -0.434961 -0.697299 -0.495941 -0.68919 -0.871687 
1140
0 1 1 0 1 1 1 
5.77958 6.44998 11.1113 12.3407 34.0364 13.1833 24.8052 
-0.230112 -0.718426 -0.679315 -0.399711 -0.890647 -0.659271 -0.841364 
1140
0 0 
2.15055 2.1594 
0.558372 0.950497 
1144
0 
2.46774 
0.6182 
1144
1 0 1 0 1 1 
4.90694 5.57912 12.3331 8.92148 18.4079 23.0715 
-0.705144 -0.195668 -0.648285 -0.375334 -0.624181 -0.861431 
1148
0 
2.17826 
0.732798 
1148
0 1 1 0 1 1 
6.30995 6.04273 10.474 9.24206 14.7976 21.4124 
-0.154965 -0.683014 -0.608746 -0.323067 -0.582807 -0.827905 
1152
1 0 1 1 0 1 0 1 
5.48149 5.56455 10.0534 16.1946 10.6227 17.0963 12.9113 15.2324 
-0.662081 -0.119518 -0.574674 -0.886791 -0.295548 -0.786035 -0.36232 -0.555796 
1156
1 0 1 0 1 1 0 
4.73463 5.4839 10.8224 9.79233 13.4617 15.1879 13.7819 
-0.630174 -0.0780047 -0.540308 -0.24836 -0.843334 -0.513966 -0.321794 
1160
0 1 1 1 0 1 0 1 1 
4.98846 5.35344 9.82802 15.4654 9.72022 21.2789 11.9548 14.015 10.9113 
-0.0233439 -0.606882 -0.511678 -0.814685 -0.209411 -0.714847 -0.276696 -0.475869 -0.469658 
1156
0 
3.34388 
0.926512 
1168
0 
4.28884 
0.0281254 
1164
1 0 1 0 1 1 0 
4.87866 5.45593 8.70119 10.3593 15.8418 14.8425 12.7461 
-0.580473 0.0222538 -0.475442 -0.163325 -0.77918 -0.435297 -0.826763 
1168
1 1 0 1 1 0 1 
4.86737 8.81368 9.99118 10.65 11.6488 12.5507 17.1721 
-0.546601 -0.423552 -0.116297 -0.733885 -0.741675 -0.173525 -0.389081 
1172
1 1 0 1 0 1 0 1 1 
4.69675 10.2495 10.1014 10.6522 13.8214 17.0163 19.5432 15.7188 17.1238 
-0.518405 -0.384826 -0.069084 -0.889393 -0.12706 -0.692087 -0.869292 -0.342067 -0.579664 
1172
0 
4.97815 
0.0864784 
1176
1 1 1 0 0 1 1 0 
4.32646 11.6331 8.76771 9.52267 15.1923 16.1319 17.2911 13.973 
-0.479684 -0.855858 -0.341681 -0.0192328 -0.832789 -0.651527 -0.296632 -0.0833143 
1184
1 1 1 1 0 1 0 
3.80086 9.65036 8.78096 13.8099 12.3548 11.4058 13.2319 
-0.41963 -0.250339 -0.775368 -0.558782 0.0132745 -0.20819 -0.746134 
1176
0 
4.50692 
0.147166 
1180
0 0 
4.53334 6.65348 
0.213203 -0.0104135 
1184
0 0 
4.16289 9.93437 
0.295104 0.043959 
1188
1 1 1 1 0 0 1 1 
3.74921 7.95947 10.2561 13.9942 19.5693 15.9428 15.2351 21.3335 
-0.392515 -0.199984 -0.745462 -0.522448 -0.707047 -0.56157 -0.152609 -0.126699 
1188
0 0 0 
3.61923 10.015 13.5129 
0.375139 0.0962945 0.0280141 
1192
0 0 0 0 
3.59747 7.92501 12.4867 8.10161 
0.437804 0.154777 0.0686067 0.0717118 
1192
1 1 1 1 1 0 1 
3.58184 9.94236 10.3562 12.513 13.5672 14.4511 20.414 
-0.370066 -0.168179 -0.718403 -0.118651 -0.487299 -0.68237 -0.0812553 
1196
1 1 1 1 1 0 1 
3.45965 8.46909 10.1269 12.0854 15.7419 13.4728 20.4463 
-0.374789 -0.157617 -0.719098 -0.0936796 -0.484846 -0.66326 -0.0710404 
1200
0 0 0 0 
3.20984 9.31416 12.0074 18.801 
0.508933 0.150897 0.0779432 0.0386191 
1204
0 0 0 0 
2.63495 8.42912 12.1065 22.4559 
0.523399 0.145129 0.059712 0.0173803 
1200
1 1 1 1 1 1 0 
2.95883 8.57666 9.66575 12.5977 13.3833 21.478 13.3962 
-0.412101 -0.174778 -0.753577 -0.11371 -0.499775 -0.0854585 -0.685353 
1204
1 1 1 1 1 1 0 1 
2.85242 7.38352 9.0117 9.97165 12.1319 19.4353 13.3215 14.147 
-0.476346 -0.199336 -0.787018 -0.523463 -0.139833 -0.401796 -0.716704 -0.111905 
1208
1 1 1 1 1 0 1 1 
2.83643 8.09638 10.1944 10.6497 12.8192 15.6603 19.1489 12.6827 
-0.517155 -0.211806 -0.804703 -0.152926 -0.543364 -0.733131 -0.114473 -0.415116 
1208
0 0 0 0 
2.73714 8.76459 14.6182 21.692 
0.551279 0.145164 0.052975 0.0153227 
1212
0 0 0 0 
2.50573 6.85933 11.3047 17.965 
0.605638 0.15893 0.0585553 0.0278751 
1216
0 0 0 0 
2.49613 12.5553 7.22472 15.92 
0.654819 0.0693834 0.179237 0.0357337 
1212
1 1 1 1 1 0 0 
2.63469 7.82607 8.61822 13.3533 12.0314 11.4538 13.4749 
-0.54896 -0.214342 -0.81173 -0.140983 -0.544195 -0.734266 -0.742899 
1216
1 1 1 1 0 1 1 1 
2.68288 7.51782 8.2377 16.7345 13.2359 13.0533 14.4348 13.5933 
-0.594409 -0.204808 -0.818148 -0.129784 -0.73989 -0.543271 -0.404359 -0.0954331 
1220
1 1 1 1 0 1 1 1 
2.3179 9.36181 7.4381 10.1444 15.2 16.6308 10.4394 19.2616 
-0.644573 -0.838447 -0.203197 -0.130786 -0.741122 -0.0941919 -0.542779 -0.3981 
1224
0 0 0 0 
2.01684 6.88025 9.7103 18.22 
0.835088 0.202857 0.103258 0.0537525 
1228
0 0 0 0 
1.66956 5.94391 10.596 17.4315 
0.933376 0.227828 0.112527 0.0538412 
1224
1 1 1 1 1 0 1 1 
2.09047 8.66938 6.61754 10.9222 14.5667 15.2768 17.1842 19.8952 
-0.704997 -0.847615 -0.205744 -0.130315 -0.546798 -0.74362 -0.399951 -0.085093 
1228
1 1 1 0 1 1 1 
2.17452 5.94111 8.52345 10.6189 19.1102 12.5033 11.0462 
-0.791973 -0.21382 -0.861428 -0.754525 -0.0796924 -0.548483 -0.401181 
1232
0 0 0 0 
6.81422 10.4713 2.30002 17.4007 
0.230754 0.117484 1.03318 0.0693124 
1236
1 1 0 1 1 1 1 1 
5.4424 10.9997 13.2672 15.2487 5.63277 13.1648 10.1411 14.5695 
-0.226759 -0.124116 -0.758248 -0.400305 -0.914041 -0.0714012 -0.566588 -0.0606021 
1240
1 1 1 1 1 0 1 
5.84712 9.28054 15.3836 15.9109 11.0423 14.251 14.6271 
-0.228222 -0.123873 -0.074629 -0.0603989 -0.571572 -0.772974 -0.406907 
1236
0 0 
6.17139 11.1256 
0.239814 0.118232 
1240
0 0 0 
5.22264 10.6503 15.2149 
0.259991 0.118685 0.0732663 
1244
1 0 1 1 1 1 1 
5.37179 14.5248 10.2475 10.1081 17.7546 13.6141 13.1843 
-0.244699 -0.792526 -0.595257 -0.126688 -0.0793362 -0.41986 -0.0562112 
1244
0 0 0 
10.6644 5.64078 16.1197 
0.125422 0.27304 0.07536 
1248
1 1 1 0 1 1 0 
5.66181 10.5967 14.5673 13.9341 11.7973 13.7948 12.9022 
-0.257591 -0.609493 -0.0755428 -0.809998 -0.128157 -0.423693 -0.584182 
1248
0 0 0 
5.43483 8.68071 16.2673 
0.288573 0.126647 0.0809814 
1252
0 0 0 
4.72939 9.37951 13.1039 
0.317208 0.140094 0.0947916 
1252
1 1 1 0 0 1 1 
5.20777 7.83334 10.1592 16.25 15.3998 17.0816 22.5585 
-0.268792 -0.12319 -0.610575 -0.811966 -0.595461 -0.0727903 -0.0492793 
1256
0 0 0 
4.94312 8.6741 12.4924 
0.334579 0.15986 0.105134 
1256
1 1 1 0 1 0 1 1 
4.62528 6.94279 10.3542 13.126 18.7544 11.9879 9.67678 24.8378 
-0.273471 -0.110734 -0.611556 -0.818888 -0.0628875 -0.586953 -0.420269 -0.0425683 
1260
1 1 1 0 1 1 0 1 
4.28709 11.1789 11.2725 10.7045 15.1523 11.189 18.7315 21.6942 
-0.281157 -0.623487 -0.11759 -0.83954 -0.058586 -0.411664 -0.589764 -0.0315382 
1264
0 0 0 0 
3.6505 9.24637 14.609 23.4655 
0.429101 0.190104 0.11988 0.093888 
1264
1 1 1 1 0 1 1 0 
4.37321 8.28098 11.0931 15.7674 14.5208 16.5824 13.9761 15.8134 
-0.297943 -0.106627 -0.631285 -0.0509963 -0.82612 -0.41497 -0.029634 -0.588353 
1268
0 0 
3.35852 7.28574 
0.461898 0.205189 
1268
1 1 1 0 1 1 1 0 1 
3.74576 9.52706 9.4905 14.5686 12.4543 12.2214 18.2257 15.0584 18.8788 
-0.305616 -0.105486 -0.641502 -0.843134 -0.0438133 -0.41803 -0.0185566 -0.59184 -0.295923 
1272
1 1 0 1 1 0 1 1 
3.32548 9.71182 11.0932 10.2441 13.5103 17.4762 16.7786 18.4199 
-0.326203 -0.103794 -0.850823 -0.653061 -0.0386102 -0.601186 -0.42062 -0.00907733 
1276
1 1 1 0 1 0 1 1 
3.04371 11.1238 9.33896 12.1159 13.0612 14.7229 12.8449 14.6611 
-0.349226 -0.665741 -0.105768 -0.865095 -0.426253 -0.600433 -0.0349376 -0.0137277 
1272
0 0 0 0 
3.76526 8.61904 13.9488 20.4613 
0.486006 0.217299 0.142557 0.110823 
1280
1 1 1 1 0 1 0 1 
3.24682 8.10341 8.8199 12.3662 14.2032 19.4063 15.2934 12.0721 
-0.395224 -0.108732 -0.682433 -0.0363188 -0.888625 -0.0090148 -0.618527 -0.43178 
1280
0 0 0 0 
2.94147 8.68477 13.9353 17.6466 
0.583537 0.233169 0.154796 0.123109 
1284
0 0 0 0 
2.87867 8.01502 14.191 14.0231 
0.641482 0.243045 0.159895 0.124881 
1288
0 0 0 0 
2.60983 7.29453 11.0928 20.825 
0.713206 0.259168 0.161938 0.125342 
1292
0 0 0 0 
2.11954 7.08823 9.55844 18.3927 
0.823601 0.267639 0.17029 0.133605 
1284
1 1 1 1 1 0 1 1 0 
2.73433 8.72868 9.33504 11.6977 10.8771 13.7352 15.0888 22.2705 5.96155 
-0.431218 -0.109646 -0.709597 -0.0366481 -0.440432 -0.62927 -0.0133995 -0.307849 -0.911173 
1288
1 1 1 1 1 0 1 1 
2.34788 7.18675 8.5806 10.2797 13.2228 15.0385 12.9717 17.2652 
-0.478529 -0.12116 -0.73071 -0.0401027 -0.011046 -0.645855 -0.455893 -0.308915 
1292
1 1 1 1 1 0 1 1 1 1 
2.33188 6.36157 10.4402 11.4578 14.4022 13.4674 17.9341 10.8651 11.33 18.1367 
-0.549109 -0.123978 -0.757461 -0.0382379 -0.464584 -0.650245 -0.00992588 -0.319792 -0.312466 -0.229379 
1296
1 1 1 1 1 0 1 
2.00357 7.27636 9.07667 10.5007 11.6431 16.254 21.7092 
-0.638403 -0.133397 -0.777225 -0.471003 -0.0435722 -0.667791 -0.00813964 
1300
0 0 0 0 
5.82842 2.66412 9.28166 21.0067 
0.304364 1.0036 0.182245 0.135225 
1300
1 1 1 1 1 0 1 
1.71224 5.99237 9.27173 9.65411 10.7502 16.7506 13.0857 
-0.724197 -0.133401 -0.800756 -0.474838 -0.0387427 -0.673365 -0.00932862 
1304
0 0 0 0 
7.13786 9.19206 15.4851 13.4925 
0.312678 0.196636 0.147011 0.155688 
1304
1 1 1 0 1 1 1 1 
4.94037 6.77661 10.6587 12.9088 13.9902 10.8001 4.16591 16.1309 
-0.139574 -0.823207 -0.040443 -0.684949 -0.00421582 -0.492041 -0.868564 -0.327894 
1308
1 1 0 1 1 1 1 
5.66967 8.06475 10.3153 9.89833 11.8221 14.0547 18.0531 
-0.147057 -0.856754 -0.706006 -0.0337931 -0.509609 0.000845848 -0.338838 
1312
0 0 0 
5.32176 11.0465 16.1243 
0.365208 0.206007 0.153808 
1312
1 1 1 1 1 0 1 1 
6.02982 8.64185 10.183 10.6977 17.9878 13.5186 12.8273 15.7088 
-0.167572 -0.89278 -0.0497785 -0.522189 -0.00239628 -0.721349 -0.349224 -0.238394 
1316
1 0 1 1 1 1 
5.67685 12.1193 11.1415 11.8398 15.2827 14.5065 
-0.176154 -0.74146 -0.537504 -0.0441106 -0.349395 -0.00199684 
1320
1 1 1 1 1 
4.68511 9.66118 8.73056 12.6512 13.6617 
-0.197022 -0.0515359 -0.547567 -0.367767 -0.00972198 
1316
0 0 0 
4.93768 8.67795 15.8137 
0.386733 0.206865 0.160646 
1320
0 0 0 
4.88267 10.7712 17.1914 
0.41146 0.208752 0.157848 
1324
1 1 1 0 1 1 1 1 
4.14986 8.38354 9.84795 12.8183 15.3037 14.2894 21.2431 17.4872 
-0.215761 -0.0624362 -0.582064 -0.776815 -0.0124296 -0.375461 -0.261072 0.0136279 
1328
0 0 0 
4.0956 10.0085 13.2487 
0.461144 0.222579 0.159866 
1328
1 1 1 0 1 1 1 
4.29904 8.68681 8.5875 13.1601 10.6195 15.3171 19.2294 
-0.2442 -0.0640867 -0.599717 -0.803311 -0.0274747 -0.390028 -0.269428 
1332
0 0 0 
3.79224 15.6669 8.44012 
0.48916 0.145025 0.223013 
1332
1 1 0 1 1 1 
4.05457 7.93176 11.7355 9.54765 12.1808 13.7531 
-0.286186 -0.0922997 -0.840293 -0.634343 -0.036954 -0.407465 
1336
1 1 1 1 0 1 1 
3.66382 8.05683 8.60289 13.9873 11.1553 11.3126 17.2103 
-0.333447 -0.0992367 -0.672992 -0.0441601 -0.872803 -0.437969 -0.0248535 
1336
0 0 0 0 0 
3.15239 8.59755 9.19187 13.1413 14.7136 
0.54198 0.215424 0.137039 0.138603 0.0969686 
1340
1 1 1 1 1 0 1 
2.95158 9.66473 8.54381 12.7822 12.1063 12.0875 26.4913 
-0.367601 -0.695606 -0.111818 -0.057237 -0.453344 -0.896982 -0.0263359 
1344
0 0 0 0 
2.66672 7.33776 11.4631 14.0848 
0.648948 0.238801 0.143445 0.102133 
1344
1 1 1 1 1 1 1 
2.84707 7.65359 8.12564 11.5387 13.8002 20.7692 17.7035 
-0.419318 -0.116717 -0.721802 -0.468579 -0.0576244 -0.0281063 -0.329553 
1348
0 0 0 0 
2.6708 6.5176 13.0042 15.6798 
0.712518 0.231182 0.150606 0.102723 
1348
1 1 1 1 1 
2.44332 7.24489 8.97 11.3952 20.8349 
-0.492693 -0.121996 -0.757461 -0.474077 -0.031877 
1352
1 1 1 1 1 1 1 1 
2.06511 6.27648 9.29048 11.7378 13.5275 16.59 14.3761 25.8277 
-0.575621 -0.140346 -0.787175 -0.497671 -0.0593055 -0.341834 -0.0310192 -0.260494 
1352
0 0 0 0 
1.91468 7.63527 11.4389 19.6853 
0.847915 0.250878 0.147543 0.0964371 
1356
0 0 0 0 
1.73834 6.21455 10.945 19.2164 
0.967467 0.264056 0.151345 0.0970455 
1360
1 1 1 1 1 1 
6.10761 8.0478 11.6241 2.29202 21.4697 17.2391 
-0.169766 -0.855605 -0.079363 -0.816641 -0.275569 -0.368186 
1360
0 0 0 0 
5.34538 2.71463 12.0252 18.6235 
0.282973 1.0577 0.151148 0.0935063 
1364
1 1 1 1 1 1 
5.46652 12.1935 6.3188 10.6081 13.0182 15.8911 
-0.18716 -0.0915503 -0.908234 -0.549649 -0.380936 -0.0498875 
1364
0 0 0 
5.12399 11.5951 13.7707 
0.287312 0.148231 0.0894715 
1368
0 0 
5.35092 10.2074 
0.305188 0.154575 
1372
0 0 0 
4.84849 10.6144 14.1567 
0.326158 0.153092 0.0943415 
1376
0 0 0 
4.6968 9.99742 12.1063 
0.33826 0.163321 0.0908303 
1368
1 1 1 1 1 
5.89414 11.5746 21.1037 10.5147 15.4905 
-0.201975 -0.0967444 -0.3967 -0.565658 -0.0565873 
1372
1 1 1 1 1 1 
4.92861 10.975 9.67107 19.441 13.5739 22.8751 
-0.229051 -0.107208 -0.598038 -0.41087 -0.0551845 -0.306547 
1376
1 1 1 1 1 0 1 
4.75566 9.16903 13.4955 10.8318 16.1006 14.1313 20.63 
-0.262948 -0.115764 -0.0714764 -0.616234 -0.425515 -0.581739 -0.317489 
1380