0
0 0 0 0 
4.60616 7.06974 8.80577 8.2095 
-0.0485221 -0.349522 -0.629061 -0.880258 
0
0 
3.66355 
0.2246 
4
0 
3.86941 
0.221215 
8
0 
3.29987 
0.235479 
12
0 
3.12386 
0.234898 
4
0 0 0 0 
5.57008 7.25496 8.89102 8.52131 
-0.0523298 -0.350159 -0.630802 -0.881368 
8
0 0 0 0 
4.17769 7.74057 6.77229 9.33604 
-0.045108 -0.358583 -0.628864 -0.881363 
12
0 0 0 0 
4.35863 7.83874 5.38951 8.15069 
-0.0517265 -0.352805 -0.62368 -0.888127 
16
0 0 0 0 
4.83607 7.96907 5.91117 8.47731 
-0.0447762 -0.635577 -0.339181 -0.888136 
20
0 0 0 0 
5.09655 8.3332 6.27336 9.25942 
-0.0551825 -0.354584 -0.626899 -0.887971 
16
0 
3.77971 
0.218036 
20
0 
3.53545 
0.22562 
24
0 0 0 0 
4.86958 7.29205 5.66786 8.87781 
-0.0505123 -0.356081 -0.628546 -0.886683 
24
0 
3.82118 
0.221134 
28
0 0 0 0 
4.89984 8.95591 9.30698 10.3886 
-0.0532904 -0.362311 -0.635792 -0.888454 
28
0 
3.41076 
0.227918 
32
0 0 0 0 
4.42915 7.31719 10.2895 7.68269 
-0.0499907 -0.356131 -0.636781 -0.8742 
32
0 
3.41604 
0.229835 
36
0 0 0 0 
4.78215 6.98662 10.5338 6.70281 
-0.050812 -0.356319 -0.889832 -0.629573 
36
0 
4.53986 
0.213263 
40
0 0 0 0 
4.52172 7.15112 8.45599 8.67534 
-0.0496384 -0.627818 -0.358164 -0.884455 
40
0 
3.67002 
0.230717 
44
0 0 0 0 
4.44125 8.34695 8.083 8.49888 
-0.0513325 -0.635835 -0.88408 -0.358102 
44
0 
4.21773 
0.213718 
48
0 0 0 0 
4.4561 8.62468 7.91504 9.04073 
-0.0522038 -0.637124 -0.35737 -0.887996 
52
0 0 0 0 
4.93744 8.93308 7.42715 7.17172 
-0.0510695 -0.359347 -0.630352 -0.899271 
56
0 0 0 0 
4.80453 6.96001 8.15848 7.53319 
-0.0521625 -0.62769 -0.35698 -0.898493 
60
0 0 0 0 
4.62756 8.71123 8.32032 9.43271 
-0.0476428 -0.637185 -0.361476 -0.888007 
64
0 0 0 0 
4.57335 7.0881 9.01778 8.94014 
-0.0511441 -0.354225 -0.636687 -0.887866 
68
0 0 0 0 
4.78337 7.31368 7.80857 10.4844 
-0.0490236 -0.628884 -0.363084 -0.88051 
72
0 0 0 0 
5.14256 7.15935 8.47441 10.5723 
-0.0547185 -0.628747 -0.358392 -0.881928 
76
0 0 0 0 
4.19818 7.84043 6.56037 6.84414 
-0.0499657 -0.631621 -0.900717 -0.366112 
80
0 0 0 0 
5.00842 9.10747 7.84611 6.70318 
-0.0473783 -0.637118 -0.369659 -0.898685 
84
0 0 0 0 
5.19751 7.26243 7.82474 9.3052 
-0.0506903 -0.629891 -0.359675 -0.887661 
88
0 0 0 0 
5.305 9.0082 7.71431 6.7399 
-0.0550089 -0.636541 -0.360534 -0.89826 
92
0 0 0 0 
5.15572 8.60479 7.70262 8.99876 
-0.0474419 -0.636101 -0.358146 -0.887722 
96
0 0 0 0 
4.86965 8.15798 7.29956 8.73081 
-0.0508473 -0.889933 -0.367604 -0.636693 
100
0 0 0 0 
4.7145 9.13865 9.44808 6.83936 
-0.0536565 -0.63715 -0.880519 -0.369403 
104
0 0 0 0 
4.32381 7.07341 8.88488 6.30019 
-0.0486107 -0.627876 -0.359791 -0.901424 
108
0 0 0 0 
5.04476 7.24401 8.03368 10.1044 
-0.0545026 -0.632096 -0.360813 -0.881195 
112
0 0 0 0 
4.97977 7.77613 9.04686 7.27789 
-0.0505513 -0.629227 -0.888339 -0.356251 
116
0 0 0 0 
4.94817 8.13063 6.33751 9.5566 
-0.0485784 -0.360873 -0.631066 -0.880532 
120
0 0 0 0 
5.28523 8.52494 6.08313 7.82533 
-0.0512732 -0.63736 -0.903018 -0.361395 
124
0 0 0 0 
4.66053 6.47402 7.67046 8.06973 
-0.0488752 -0.632639 -0.362859 -0.88967 
128
0 0 0 0 
4.77522 7.56809 7.53165 7.84328 
-0.0503387 -0.630932 -0.357013 -0.889312 
132
0 0 0 0 
4.85868 8.417 7.63304 9.55172 
-0.0468496 -0.637089 -0.360182 -0.877142 
136
0 0 0 0 
4.96027 8.73525 6.69508 11.0753 
-0.0523281 -0.635463 -0.368749 -0.88154 
140
0 0 0 0 
4.5671 8.95778 9.39112 8.76216 
-0.0480625 -0.636558 -0.880039 -0.361681 
144
0 0 0 0 
4.53606 5.90592 6.58602 8.97618 
-0.0509087 -0.628838 -0.365048 -0.877622 
148
0 0 0 0 
4.82715 6.41726 7.94343 7.17986 
-0.0477795 -0.899285 -0.357409 -0.629916 
152
0 0 0 0 
4.62149 7.20927 7.36686 9.27435 
-0.0501629 -0.628656 -0.360384 -0.87932 
156
0 0 0 0 
4.69178 9.27444 7.26519 8.56781 
-0.0529039 -0.637251 -0.369613 -0.876007 
160
0 0 0 0 
4.84699 8.27121 7.10063 6.04804 
-0.0497605 -0.357955 -0.628853 -0.902903 
164
0 0 0 0 
4.82109 8.63791 7.35141 9.08739 
-0.0487782 -0.635366 -0.360026 -0.873308 
168
0 0 0 0 
5.21886 9.45027 7.58972 9.3667 
-0.0498851 -0.636586 -0.362544 -0.89115 
172
0 0 0 0 
4.39675 10.415 7.7174 6.23128 
-0.0483737 -0.638828 -0.361455 -0.902035 
176
0 0 0 0 
4.78083 9.11941 7.57329 8.57103 
-0.05065 -0.637955 -0.359312 -0.876292 
180
0 0 0 0 
5.03761 8.38568 8.58396 6.82633 
-0.0503318 -0.635928 -0.889256 -0.369735 
184
0 0 0 0 
4.70355 6.71644 8.82806 7.42783 
-0.0525601 -0.634234 -0.885394 -0.356312 
188
0 0 0 0 
5.14907 8.92316 8.02861 8.49669 
-0.0530139 -0.635728 -0.361993 -0.885387 
192
0 0 0 0 
5.08068 6.7602 8.22618 7.31641 
-0.0542142 -0.628613 -0.359538 -0.897529 
196
0 0 0 0 
5.32432 8.60956 7.10843 7.09159 
-0.0521462 -0.636014 -0.366429 -0.901088 
200
0 0 0 0 
4.54808 9.26202 6.47651 10.5931 
-0.0474064 -0.636457 -0.366502 -0.881532 
204
0 0 0 0 
4.78327 8.83446 9.43929 7.37969 
-0.0478661 -0.636685 -0.880296 -0.361416 
208
0 0 0 0 
5.09585 9.83945 8.22836 8.85298 
-0.0555905 -0.638165 -0.362173 -0.875575 
212
0 0 0 0 
4.55001 8.96127 8.63773 9.08633 
-0.0480324 -0.637071 -0.36124 -0.878276 
216
0 0 0 0 
4.48925 9.04784 8.14443 6.7717 
-0.050702 -0.636384 -0.361533 -0.900756 
220
0 0 0 0 
4.72424 7.63834 8.03969 6.92688 
-0.0496767 -0.63008 -0.357035 -0.900301 
224
0 0 0 0 
4.47127 8.78082 7.49851 6.75479 
-0.0523106 -0.636827 -0.368983 -0.897435 
228
0 0 0 0 
4.83892 8.51492 8.89036 7.02168 
-0.0547397 -0.358086 -0.876318 -0.627995 
232
0 
3.24248 
0.233143 
232
0 0 0 0 
4.5805 6.65161 6.99178 8.04464 
-0.0476363 -0.646423 -0.898852 -0.356947 
236
0 0 0 0 
4.68944 6.63927 9.22192 7.04128 
-0.0534477 -0.628699 -0.363578 -0.900071 
236
0 
3.61654 
0.22106 
240
0 0 0 0 
4.54902 6.26538 8.5243 7.76173 
-0.0477274 -0.635617 -0.359014 -0.897161 
240
0 
3.28055 
0.229935 
244
0 0 0 0 
4.94061 8.57695 7.60788 6.7813 
-0.0554177 -0.636042 -0.354901 -0.903772 
244
0 0 
2.88588 3.36168 
0.810139 0.232076 
248
0 0 0 0 
4.59914 9.42149 7.95012 7.11894 
-0.0521941 -0.637077 -0.356143 -0.899136 
248
0 0 
4.19184 2.58398 
0.213802 0.824904 
252
0 0 0 0 
5.24315 9.73724 9.50053 7.52867 
-0.0514669 -0.637443 -0.363554 -0.897187 
256
0 0 0 0 
4.45417 7.48174 7.38793 9.31628 
-0.0514711 -0.356825 -0.627947 -0.887454 
256
0 0 
2.22904 3.20669 
0.844245 0.236109 
260
0 0 0 0 
4.51642 6.88091 7.41988 8.4423 
-0.0508676 -0.354158 -0.62909 -0.887314 
260
0 0 
2.51745 3.21121 
0.826532 0.236802 
264
0 0 0 0 
4.81689 10.817 7.68802 6.81258 
-0.0486995 -0.63678 -0.355377 -0.904119 
264
0 0 
2.48512 3.70854 
0.82979 0.227119 
268
0 0 
2.55467 3.46893 
0.825888 0.228642 
268
0 0 0 0 
4.8268 8.81983 9.69385 7.0379 
-0.0519815 -0.636604 -0.362173 -0.89858 
272
0 0 0 0 
4.89624 8.07905 6.65304 7.58729 
-0.0527781 -0.367134 -0.62674 -0.902435 
276
0 0 0 0 
4.86953 7.93554 10.0496 6.89765 
-0.0536254 -0.356753 -0.635719 -0.899005 
276
0 0 
2.61877 3.77909 
0.820287 0.225534 
280
0 0 
2.44284 3.62222 
0.832464 0.229405 
280
0 0 0 0 
4.8039 8.33035 7.82846 6.75848 
-0.0523533 -0.361735 -0.645764 -0.898591 
284
0 0 0 0 
4.65483 7.98035 8.5058 7.52462 
-0.0518164 -0.361997 -0.636054 -0.898926 
284
0 0 
2.43986 3.33843 
0.835789 0.231969 
288
0 0 0 0 
5.22388 4.84141 8.73417 5.79238 
-0.0548559 -0.37079 -0.643765 -0.903964 
288
0 0 
2.42803 3.1375 
0.830046 0.239017 
292
0 0 0 0 
4.61569 7.44407 8.4013 7.2386 
-0.0454883 -0.632978 -0.361369 -0.900454 
296
0 0 
2.50066 3.40258 
0.832629 0.229082 
296
0 0 0 0 
4.68826 6.7893 4.82711 8.34707 
-0.0520171 -0.636148 -0.367157 -0.875019 
300
0 0 0 0 
4.38309 6.60044 8.26408 7.49006 
-0.0450672 -0.353902 -0.635618 -0.897915 
300
0 0 
2.4491 3.3362 
0.833571 0.230234 
304
0 0 
2.51632 3.33258 
0.828256 0.235322 
304
0 0 0 0 
5.23442 8.78462 7.94224 7.19763 
-0.0547589 -0.635926 -0.359844 -0.899206 
308
0 0 0 0 
5.19626 7.03239 4.74866 8.63041 
-0.0500948 -0.633141 -0.377763 -0.888083 
308
0 0 
2.35634 3.02413 
0.832621 0.242637 
312
0 0 0 0 
4.60269 8.58268 7.32162 8.6419 
-0.0459478 -0.644223 -0.356168 -0.876376 
316
0 0 0 0 
4.61342 4.81849 7.16859 7.15466 
-0.0518632 -0.369744 -0.631438 -0.898925 
316
0 0 
2.42763 3.17992 
0.833223 0.238353 
320
0 0 0 0 
4.38352 6.7959 7.27432 7.0953 
-0.0519926 -0.353701 -0.644004 -0.90068 
320
0 0 
2.32867 3.50078 
0.838069 0.228311 
324
0 0 0 0 
5.02587 7.48329 7.94107 6.78465 
-0.0517359 -0.354799 -0.62918