0
0 0 0 0 0 
2.47433 8.06388 4.76161 12.2888 11.9013 
0.630205 0.161781 0.282728 0.115098 0.0952879 
0
1 1 1 1 1 
2.6389 4.6843 7.35383 11.4333 14.9565 
-0.543323 -0.254712 -0.159892 -0.10846 -0.0845205 
12
0 0 0 0 0 
2.46688 5.41052 7.86142 12.4067 12.6471 
0.633624 0.282144 0.162777 0.113172 0.0947794 
32
0 0 0 0 0 
2.67974 5.4631 8.3313 12.7638 11.5211 
0.620233 0.277426 0.167466 0.114452 0.094716 
24
1 1 1 1 1 
2.55693 5.47452 8.28419 11.7 16.4988 
-0.544289 -0.252371 -0.161727 -0.109044 -0.0853223 
56
0 0 0 0 0 0 
2.64901 7.85162 5.28045 12.0721 12.586 19.1928 
0.622724 0.162312 0.287174 0.115782 0.094701 0.0655639 
60
1 1 1 1 1 
2.4629 5.69079 8.40567 11.164 12.0866 
-0.535857 -0.254497 -0.162686 -0.108883 -0.0903298 
76
0 0 0 0 0 
2.5663 5.38584 7.37387 12.5542 12.8676 
0.627401 0.284184 0.161978 0.114378 0.0957453 
96
0 0 0 0 0 
2.553 5.51337 7.72134 11.4562 12.4187 
0.62942 0.283597 0.163165 0.115479 0.0950924 
96
1 1 1 1 1 
2.20879 4.94259 8.69052 12.1074 12.2703 
-0.55049 -0.252654 -0.162093 -0.109068 -0.0918086 
120
0 0 0 0 0 
2.48345 5.56989 8.2007 10.368 13.2124 
0.629787 0.283051 0.16047 0.117152 0.0935421 
128
1 1 1 1 1 
2.51278 5.0212 7.63041 11.5183 13.462 
-0.545849 -0.26227 -0.161008 -0.113429 -0.0898908 
140
0 0 0 0 0 
2.49185 5.32722 7.19172 11.115 13.4464 
0.630848 0.283845 0.160463 0.11644 0.0926673 
164
0 0 0 0 0 
2.32386 5.58573 7.47953 9.74643 14.353 
0.643981 0.281849 0.165049 0.129116 0.0917394 
168
1 1 1 1 1 
4.62448 7.53957 13.8523 2.33263 11.9756 
-0.253023 -0.163745 -0.109932 -0.552759 -0.0847535 
188
0 0 0 0 
8.95908 5.01246 11.7375 15.2416 
0.168496 0.299388 0.127255 0.097156 
208
0 0 0 0 
7.99169 10.0274 17.0615 9.4068 
0.190576 0.138044 0.0819666 0.107186 
204
1 1 1 1 
7.5493 4.8555 13.2493 17.1076 
-0.113379 -0.193222 -0.0843721 -0.0658546 
232
0 
8.15963 
0.162042 
256
0 0 0 
8.15048 8.94026 14.3218 
0.18988 0.142181 0.116643 
240
1 1 
11.3706 14.093 
-0.0915884 -0.0606299 
276
0 0 
9.52211 13.5261 
0.159838 0.120179 
300
0 0 
9.79639 17.8765 
0.14494 0.101325 
320
0 0 
8.39403 7.83617 
0.16585 0.113721 
388
0 
6.27805 
0.147473 
