0
1 1 
4.71531 12.834 
-0.223387 -0.10078 
4
1 1 
4.46413 12.7341 
-0.220042 -0.101542 
8
1 1 
4.54123 12.5157 
-0.221715 -0.100255 
12
1 1 
4.77947 13.5716 
-0.223064 -0.101427 
16
1 1 
4.39699 13.9847 
-0.227531 -0.100582 
20
0 
15.5879 
0.0670254 
20
1 1 
4.35941 12.3142 
-0.220018 -0.101304 
24
0 2 
20.5081 6.67665 
0.0612564 0.137022 
24
1 1 
4.81989 12.5272 
-0.223897 -0.101954 
28
1 1 1 
4.3339 21.2762 13.7752 
-0.228914 -0.34731 -0.100322 
28
0 2 
17.4081 7.6331 
0.0634361 0.153151 
32
1 1 
4.44 13.9451 
-0.219921 -0.100841 
32
0 2 
13.7564 4.89627 
0.0717171 0.141917 
36
1 1 1 
4.7349 13.3161 16.1665 
-0.222832 -0.101986 -0.346734 
36
0 2 
14.8056 8.35721 
0.0679089 0.136535 
40
0 
13.7978 
0.0717409 
40
1 1 1 
4.10027 20.1095 11.8898 
-0.222958 -0.346974 -0.10103 
44
1 1 1 
4.74821 20.5831 14.9058 
-0.222689 -0.347278 -0.102005 
44
0 
16.2212 
0.0670127 
48
0 
22.3013 
0.0600564 
52
0 
15.7618 
0.0656866 
48
1 1 
4.4084 13.0712 
-0.218199 -0.101129 
52
1 1 
4.3793 13.1649 
-0.220786 -0.101043 
56
0 
17.8201 
0.0637941 
56
1 1 
13.1326 4.83052 
-0.100598 -0.218848 
60
1 
11.8731 
-0.102962 
60
0 
12.765 
0.0686754 
64
0 
13.7706 
0.0672906 
64
1 
11.8529 
-0.1031 
68
0 
12.6195 
0.0693019 
72
0 
15.6932 
0.0650647 
76
0 0 
13.0221 6.08065 
0.0682618 0.335761 
80
0 0 
5.39822 15.1185 
0.345061 0.0656513 
84
0 0 
5.50033 8.18772 
0.343549 0.0663865 
80
1 
13.1355 
-0.101965 
88
0 
5.06287 
0.343805 
92
0 
5.77622 
0.341431 
96
0 
5.25334 
0.342621 
100
0 
5.70858 
0.338868 
104
0 
5.20446 
0.343291 
108
0 
5.97322 
0.336113 
108
1 
13.4226 
-0.102974 
112
0 
5.8126 
0.333863 
116
0 
5.59652 
0.337335 
116
1 
12.139 
-0.103876 
120
0 
5.5401 
0.335108 
124
0 
5.335 
0.341633 
120
1 
13.1822 
-0.101807 
124
1 
13.1125 
-0.0959007 
128
0 
4.71616 
0.343536 
132
1 
14.0402 
-0.103649 
132
0 
4.95732 
0.346087 
136
0 
5.08739 
0.340277 
140
0 
5.05814 
0.336665 
144
1 
13.4175 
-0.100616 
144
0 
4.82405 
0.335554 
148
0 
5.32972 
0.335502 
152
0 
5.2889 
0.337095 
152
1 
11.9081 
-0.102417 
156
1 
12.1039 
-0.101503 
156
0 
5.07567 
0.332802 
160
0 
5.06065 
0.332543 
160
1 
13.9365 
-0.100528 
164
0 
4.86694 
0.333258 
164
1 
12.725 
-0.101937 
168
0 
5.2669 
0.335976 
168
1 
12.8412 
-0.0999611 
172
1 
12.7723 
-0.101373 
172
0 
5.87713 
0.335458 
176
0 
6.14125 
0.332805 
180
0 
5.56171 
0.338722 
176
1 
12.778 
-0.101892 
184
0 
5.50587 
0.340437 
188
0 
5.37425 
0.341208 
192
0 1 
12.4338 13.2018 
-0.830729 -0.100623 
192
0 
5.92781 
0.334076 
196
0 
5.42356 
0.33581 
200
0 
13.8877 
-0.826638 
200
0 
5.46061 
0.33607 
204
0 
4.20419 
0.334223 
204
0 
12.5491 
-0.832934 
208
0 
4.61262 
0.336549 
208
0 
13.8119 
-0.827477 
212
0 
4.59965 
0.339521 
212
0 
13.1257 
-0.828406 
216
0 
5.30918 
0.328281 
216
0 
12.0418 
-0.825059 
220
0 
13.0904 
-0.826711 
224
0 
11.567 
-0.825049 
220
0 
5.15595 
0.329162 
224
0 
4.77418 
0.332217 
228
0 
5.33573 
0.327507 
228
0 
12.667 
-0.826718 
232
0 
12.2989 
-0.831561 
236
0 
5.52699 
0.327694 
236
0 
11.1561 
-0.832942 
240
0 
5.32862 
0.327422 
240
0 
13.3748 
-0.827749 
244
0 
5.3637 
0.324807 
244
0 
13.2395 
-0.831613 
248
0 
5.50678 
0.326562 
248
0 
13.4327 
-0.825951 
252
0 
5.30844 
0.331792 
252
0 
14.0777 
-0.831068 
256
0 
12.6824 
-0.832429 
256
0 
4.87811 
0.337663 
260
0 
11.9377 
-0.83075 
260
0 
5.29827 
0.332202 
264
0 
11.9967 
-0.825423 
264
0 
4.98226 
0.336188 
268
0 1 0 
10.2512 11.3652 19.7232 
-0.823015 -0.626912 -0.614301 
268
0 
5.08431 
0.332424 
272
0 
4.50006 
0.333037 
272
0 1 0 
11.4699 9.28771 16.6336 
-0.825565 -0.629262 -0.612026 
276
0 
5.03047 
0.33322 
276
0 1 0 
10.5127 8.88869 15.9251 
-0.822769 -0.630169 -0.614528 
280
0 1 0 
10.4774 9.14497 16.772 
-0.82468 -0.629252 -0.612038 
284
0 
5.04136 
0.333262 
288
0 1 0 
11.5468 9.79091 19.0157 
-0.831728 -0.630608 -0.614567 
288
0 
5.70795 
0.33162 
292
0 
5.23593 
0.336954 
292
0 1 0 
12.1759 9.51587 12.7109 
-0.825137 -0.623879 -0.611745 
296
0 1 0 
10.9388 10.1778 13.4292 
-0.823453 -0.624101 -0.611919 
300
0 0 
10.1104 19.0461 
-0.823806 -0.61503 
296
0 
5.40883 
0.335782 
304
0 0 1 
12.8757 17.4142 11.217 
-0.826001 -0.61512 -0.625718 
304
0 
5.06363 
0.338301 
308
0 1 0 
10.5651 9.69782 17.4715 
-0.823949 -0.621364 -0.614882 
308
0 
5.39007 
0.329968 
312
0 
5.04336 
0.336605 
312
0 1 
10.9203 10.0997 
-0.823593 -0.624109 
316
0 
4.66721 
0.339554 
316
0 1 0 
10.2728 8.96551 17.3367 
-0.823035 -0.629604 -0.61449 
320
0 1 0 
11.1539 10.247 17.9225 
-0.823999 -0.624225 -0.614672 
320
0 
5.6404 
0.332611 
324
0 1 0 
10.804 10.8245 18.1369 
-0.824123 -0.623572 -0.614318 
324
0 
5.16852 
0.337769 
328
0 
5.16763 
0.338003 
332
0 
4.99438 
0.335894 
332
0 0 1 
11.3325 17.3695 10.7017 
-0.825408 -0.61451 -0.624098 
336
0 1 0 
10.516 9.37335 18.2422 
-0.823566 -0.62422 -0.614778 
336
0 
4.73402 
0.339663 
340
0 1 0 
10.7069 9.31457 19.3657 
-0.823778 -0.630075 -0.614492 
344
0 1 0 
12.7016 9.10175 17.6301 
-0.826427 -0.629932 -0.614561 
348
1 0 0 
8.7456 10.4171 18.0974 
-0.629446 -0.833671 -0.615273 
352
0 1 0 
13.5888 10.5342 13.6207 
-0.825845 -0.623365 -0.612301 
356
0 1 0 
10.1139 10.6127 14.3137 
-0.824935 -0.622999 -0.612716 
360
0 1 0 
11.0059 9.56378 17.2723 
-0.824658 -0.624472 -0.614498 
364
0 1 0 0 
11.5352 10.2611 13.315 11.9571 
-0.825286 -0.625709 -0.607911 -0.61928 
368
0 1 0 1 0 
11.327 9.99883 17.3484 14.7618 14.9138 
-0.824701 -0.62435 -0.614822 -0.444725 -0.488502 
376
0 1 0 1 0 
12.2503 9.62387 16.2408 14.1792 16.6106 
-0.825413 -0.631526 -0.612897 -0.443878 -0.488684 
380
0 1 0 1 
13.6005 11.4719 16.5476 14.4851 
-0.826979 -0.624862 -0.615131 -0.449321 
384
0 1 0 1 
11.2946 10.4758 17.2109 14.4579 
-0.825601 -0.625173 -0.614948 -0.443694 
388
0 1 1 0 0 
10.5983 11.3326 14.1789 17.5064 14.5743 
-0.825397 -0.624057 -0.443914 -0.614647 -0.490658 
392
0 1 1 0 0 0 
9.76375 11.5705 12.7813 14.5587 20.2817 10.2193 
-0.822482 -0.623683 -0.4435 -0.606992 -0.482335 -0.624482 
396
0 1 1 0 0 0 
9.79271 9.8683 13.6207 14.7498 9.29481 20.8167 
-0.822678 -0.623895 -0.448911 -0.608458 -0.624723 -0.481789 
400
0 1 1 1 0 0 0 
10.433 11.2087 5.48934 14.3567 15.691 13.9171 9.46549 
-0.82338 -0.623931 -0.224385 -0.443974 -0.607763 -0.489068 -0.623279 
404
0 1 1 0 
9.99396 10.3638 14.4907 16.6605 
-0.823828 -0.622475 -0.444156 -0.613936 
408
0 1 1 0 
9.65869 10.8696 13.6164 16.9394 
-0.822773 -0.629338 -0.444103 -0.615335 
412
0 1 1 0 
12.2284 10.6298 15.2213 18.9273 
-0.831455 -0.629697 -0.454773 -0.615046 
416
0 1 1 0 0 0 
11.9635 10.2188 14.3848 14.3948 10.5193 20.0719 
-0.831035 -0.623574 -0.44408 -0.606798 -0.623349 -0.481839 
420
0 1 1 0 
8.69657 11.3096 11.6394 18.0294 
-0.82103 -0.624111 -0.44315 -0.615157 
424
0 1 1 1 0 
10.5328 10.3074 6.30778 13.7716 18.3588 
-0.822651 -0.624336 -0.219792 -0.44307 -0.614268 
428
0 1 1 1 0 
9.90718 9.42013 6.58301 14.0417 16.6621 
-0.821539 -0.630461 -0.22293 -0.444232 -0.614277 
432
0 1 1 1 0 
10.6639 10.6511 13.5715 5.46464 16.7781 
-0.823644 -0.623783 -0.444135 -0.223541 -0.608033 
440
0 1 1 0 1 0 
10.6041 9.66444 14.7454 17.7226 5.52589 11.0552 
-0.828801 -0.623693 -0.444876 -0.607652 -0.228557 -0.622701 
444
0 1 1 0 1 
10.715 9.31935 13.4159 15.9174 6.5373 
-0.823534 -0.628724 -0.444057 -0.611875 -0.227487 
448
0 1 0 1 
10.4854 9.29814 18.1818 14.6827 
-0.823705 -0.623347 -0.614563 -0.443691 
452
0 1 1 0 0 
11.6805 9.95715 11.4489 14.9089 9.89366 
-0.829652 -0.623298 -0.446266 -0.606563 -0.622784 
456
1 0 1 0 0 0 
9.91599 11.8681 14.2598 16.7604 10.8618 21.4319 
-0.624139 -0.829906 -0.443061 -0.608356 -0.62355 -0.482287 
460
0 1 1 0 
9.07023 10.4232 14.0433 17.4006 
-0.821553 -0.62478 -0.444362 -0.614395 
464
0 1 1 0 
9.7174 10.3508 14.2917 19.0916 
-0.823327 -0.623226 -0.456773 -0.614693 
468
0 1 1 0 0 
10.5455 10.6965 14.7758 16.952 16.6138 
-0.822346 -0.623286 -0.444243 -0.612185 -0.487339 
472
0 1 1 0 
10.2386 11.1281 14.6274 17.5643 
-0.822579 -0.623698 -0.454531 -0.614365 
476
0 1 1 0 
9.71793 11.7143 14.2227 15.4296 
-0.821575 -0.623688 -0.453992 -0.607316 
480
0 1 1 0 
11.0654 12.2267 14.1655 17.4394 
-0.824447 -0.623784 -0.444478 -0.614022 
484
1 0 1 0 
9.45016 11.2784 14.8357 17.9487 
-0.623384 -0.825421 -0.444816 -0.614725 
492
0 1 1 0 0 
10.627 10.7069 14.1579 19.0099 15.0318 
-0.824121 -0.623627 -0.455751 -0.61483 -0.489048 
496
0 1 1 0 0 
12.1267 10.2042 12.2373 17.6319 19.0752 
-0.825043 -0.630273 -0.443212 -0.614599 -0.481066 
500
0 1 1 0 0 
10.8211 10.6717 13.2123 15.4359 19.1412 
-0.823748 -0.622947 -0.444448 -0.607019 -0.48145 
504
1 1 0 0 0 
11.0371 13.0175 14.5809 12.5007 8.52345 
-0.624138 -0.454976 -0.612378 -0.827816 -0.827355 
508
1 1 0 
11.7557 13.2915 15.4514 
-0.624595 -0.442896 -0.611364 
512
1 1 0 0 
10.6262 14.7125 13.6693 13.5718 
-0.624904 -0.455113 -0.612981 -0.490289 
516
1 1 0 1 
9.58859 15.4281 17.5779 19.3563 
-0.623951 -0.454396 -0.615525 -0.349852 
520
1 1 0 1 
9.3118 11.7708 18.2022 16.1839 
-0.623659 -0.441424 -0.614724 -0.346239 
524
1 1 0 1 
11.2927 14.8202 17.3521 17.3579 
-0.623939 -0.45537 -0.61371 -0.346811 
528
1 1 1 0 0 
11.2361 14.096 17.8698 16.9799 19.9429 
-0.623849 -0.44386 -0.347237 -0.614672 -0.481859 
536
1 0 1 0 0 0 
11.4827 11.3529 15.5601 15.0508 13.1988 11.8976 
-0.624367 -0.823782 -0.455181 -0.607526 -0.4904 -0.621521 
540
0 1 1 0 0 
11.9447 11.3081 14.1803 15.0258 11.0623 
-0.824371 -0.624228 -0.453476 -0.607659 -0.621971 
544
0 1 1 0 
11.1293 9.71572 12.7859 17.0774 
-0.834091 -0.623831 -0.444417 -0.61189 
548
0 1 0 0 
13.4134 10.4365 15.7086 10.1522 
-0.827879 -0.625131 -0.608631 -0.623002 
552
0 1 0 
14.6298 11.8155 19.2584 
-0.831552 -0.623959 -0.615361 
556
0 1 0 
11.5834 11.578 17.8451 
-0.824648 -0.623644 -0.614825 
568
0 1 0 
9.79709 9.25364 18.2177 
-0.824989 -0.62367 -0.614597 
572
0 1 0 
11.8008 11.2867 15.4166 
-0.831913 -0.624265 -0.608185 
576
0 0 1 0 
14.8073 16.2604 10.5366 15.3635 
-0.827055 -0.612431 -0.623576 -0.489291 
580
0 1 0 
12.8215 15.0821 15.3966 
-0.831773 -0.449156 -0.488837 
584
0 1 0 
11.141 16.3259 18.1618 
-0.825296 -0.455569 -0.481932 
588
0 1 0 
10.6353 13.6049 13.9018 
-0.823638 -0.453474 -0.490499 
592
0 1 1 
11.3986 14.6891 18.5999 
-0.825009 -0.454175 -0.347873 
596
0 1 1 1 0 0 
10.0299 16.5623 9.40918 17.1411 18.1831 15.4156 
-0.823854 -0.455081 -0.624254 -0.346917 -0.614416 -0.489379 
600
0 1 1 1 0 
13.0712 13.8281 10.9117 16.5183 16.1065 
-0.831527 -0.45424 -0.623114 -0.346655 -0.488836 
604
0 1 1 0 1 0 
10.5501 15.1026 9.38868 16.5598 17.3043 16.8127 
-0.822871 -0.455168 -0.623364 -0.61166 -0.347184 -0.489164 
608
0 1 1 0 1 
11.7229 10.5138 14.4107 14.9134 15.0972 
-0.824915 -0.624725 -0.454484 -0.612841 -0.346656 
612
0 1 1 1 1 0 
10.6636 4.36262 9.88073 13.7226 17.4599 17.5019 
-0.824667 -0.236384 -0.62444 -0.454694 -0.34714 -0.613963 
620
1 0 1 1 0 
4.62497 12.5398 11.0311 20.1606 12.9172 
-0.22509 -0.825258 -0.623671 -0.347311 -0.612187 
624
0 1 1 1 0 
10.9818 10.5426 3.65216 21.609 15.3926 
-0.82377 -0.625034 -0.239494 -0.347344 -0.60826 
628
0 1 0 1 0 
11.0032 10.6142 16.6489 22.1176 14.9255 
-0.830101 -0.624586 -0.612222 -0.347393 -0.489394 
632
0 1 0 1 1 0 
10.5644 11.6023 17.0365 15.738 18.0732 14.7017 
-0.825591 -0.623724 -0.614323 -0.454864 -0.346235 -0.489802 
636
0 1 0 1 1 
11.0629 10.0169 17.6645 16.3199 17.9327 
-0.824637 -0.624724 -0.614852 -0.454671 -0.346943 
640
0 1 1 0 0 
11.5248 9.83091 14.1687 17.363 14.662 
-0.825674 -0.625119 -0.44363 -0.614311 -0.488048 
644
0 1 1 0 0 
14.1557 9.85152 14.7022 13.5843 13.6909 
-0.826772 -0.631182 -0.454691 -0.61276 -0.488008 
648
0 1 1 0 0 
11.001 9.30877 12.6804 18.9255 15.3053 
-0.82414 -0.630469 -0.444249 -0.614875 -0.489031 
652
0 1 1 0 0 
11.6844 9.28399 14.1838 17.5501 16.8422 
-0.825019 -0.630561 -0.442829 -0.614734 -0.489539 
656
0 1 1 0 0 
12.3784 9.53693 12.4611 17.1653 13.693 
-0.825693 -0.624652 -0.442103 -0.614968 -0.48802 
660
0 1 1 0 0 1 
10.8686 14.0916 9.88224 18.1657 13.8296 17.1484 
-0.824575 -0.453803 -0.624347 -0.614676 -0.489733 -0.347223 
664
0 1 1 0 0 
10.8159 8.52758 16.9119 17.3243 13.8009 
-0.825439 -0.632284 -0.45522 -0.614842 -0.489035 
668
0 1 1 0 0 
14.5043 9.6908 12.5835 17.3718 15.032 
-0.827688 -0.624073 -0.44289 -0.615006 -0.488909 
672
0 1 1 0 0 
11.6194 9.88654 12.6976 17.561 13.0664 
-0.825502 -0.624473 -0.441524 -0.614648 -0.490871 
680
0 1 1 0 0 
10.4846 10.3402 12.4359 16.8577 17.0986 
-0.82457 -0.624828 -0.442731 -0.614045 -0.488603 
684
0 1 1 0 0 
9.8424 9.84179 13.3191 14.8336 15.4578 
-0.823835 -0.629749 -0.442823 -0.61183 -0.488626 
688
0 1 0 1 
11.9276 9.72559 17.8862 15.0805 
-0.825281 -0.624595 -0.614305 -0.449198 
692
0 1 0 0 0 
10.7689 10.6819 14.2208 10.3735 15.1342 
-0.82336 -0.623871 -0.607205 -0.622508 -0.488993 
696
0 1 0 0 
10.9118 9.79101 14.7769 17.9086 
-0.824299 -0.6236 -0.613768 -0.482424 
700
0 1 0 
11.0113 10.854 18.1279 
-0.825496 -0.623752 -0.614497 
704
0 1 0 0 
12.5323 10.6085 14.812 10.9534 
-0.825003 -0.625083 -0.608578 -0.622535 
708
0 1 0 
12.7412 11.1387 15.0584 
-0.825451 -0.623419 -0.61315 
712
0 1 0 
11.6347 9.14044 16.7664 
-0.825001 -0.625292 -0.61195 
716
0 1 0 0 
12.2533 11.3732 14.891 10.2594 
-0.825552 -0.623336 -0.607724 -0.622164 
720
0 1 0 
13.7392 9.57983 14.9561 
-0.831522 -0.623418 -0.613065 
724
0 1 0 0 
10.5311 8.65311 15.094 9.99016 
-0.823316 -0.629289 -0.607336 -0.622552 
728
1 0 0 
9.38345 10.64 18.3184 
-0.629694 -0.823133 -0.614402 
732
0 1 0 
10.9842 9.08655 15.7933 
-0.824462 -0.622963 -0.612132 
736
0 1 0 
10.7739 11.2865 15.6894 
-0.824579 -0.624336 -0.608465 
740
0 1 0 
9.27184 10.8683 19.2437 
-0.821597 -0.623982 -0.614674 
744
0 1 0 
11.1405 10.6839 18.0511 
-0.824364 -0.623159 -0.614755 
748
0 1 0 
10.2201 10.954 17.5106 
-0.82344 -0.623763 -0.614107 
752
0 1 0 
10.3285 12.1907 14.3055 
-0.825213 -0.62478 -0.606803 
756
0 1 1 0 0 
11.2086 10.7888 13.8909 16.7239 16.463 
-0.823934 -0.623624 -0.453404 -0.612447 -0.488116 
760
0 1 1 0 0 
10.4934 10.3268 13.8282 15.8954 12.8491 
-0.823649 -0.625342 -0.443235 -0.611937 -0.488836 
764
0 1 1 0 0 0 
10.5632 10.6904 14.6279 13.7475 15.1689 9.91346 
-0.824001 -0.623097 -0.453956 -0.607687 -0.488216 -0.623156 
768
0 1 0 1 0 
12.5774 10.2829 16.7081 19.1819 14.6745 
-0.830644 -0.62469 -0.612344 -0.339017 -0.488867 
772
0 1 1 0 1 0 
10.8185 11.6836 15.6716 17.5246 22.0566 15.2277 
-0.824755 -0.623982 -0.454294 -0.614653 -0.347275 -0.488354 
776
0 1 1 0 1 0 0 
11.8295 9.39672 14.2313 14.0846 21.7199 19.2715 9.91573 
-0.832135 -0.622647 -0.44371 -0.606893 -0.347693 -0.481197 -0.62304 
784
0 
6.13047 
0.338752 
788
0 
4.73732 
0.350893 
780
0 1 1 0 0 1 
10.7916 9.5555 13.3361 18.2285 15.0654 18.8336 
-0.823583 -0.623696 -0.45447 -0.614427 -0.489317 -0.347412 
784
0 1 1 0 1 
11.8375 10.6877 13.9471 15.5239 17.8361 
-0.830755 -0.623694 -0.44244 -0.614794 -0.347356 
788
0 1 1 1 0 
11.8127 9.38664 13.6676 16.5156 15.1062 
-0.830959 -0.630405 -0.45467 -0.34599 -0.607676 
792
0 
4.75087 
0.341104 
792
0 1 1 0 1 0 0 
10.5795 9.6595 12.5008 14.9552 18.5803 10.3535 15.476 
-0.824093 -0.623265 -0.444137 -0.607272 -0.347235 -0.623134 -0.488983 
796
0 1 1 1 0 1 0 0 
12.3595 10.3412 13.7815 5.2656 15.3008 17.4489 15.0734 10.3067 
-0.831447 -0.623826 -0.443524 -0.250782 -0.607655 -0.346642 -0.491744 -0.622868 
800
0 
3.72336 
0.373739 
800
0 1 1 1 0 1 0 
11.0738 9.48283 3.94966 16.1258 14.6035 16.7036 15.3225 
-0.832155 -0.623627 -0.248097 -0.455093 -0.612783 -0.346438 -0.488969 
804
0 
4.6269 
0.344899 
804
0 1 1 1 0 1 0 
11.318 4.99436 11.5418 13.8198 14.1697 16.2962 22.3704 
-0.824858 -0.242382 -0.623462 -0.453546 -0.61222 -0.346863 -0.482076 
808
0 
4.30202 
0.349802 
812
0 1 1 1 0 1 0 
10.479 3.83827 9.77932 14.6451 14.59 17.001 21.5068 
-0.825096 -0.243109 -0.623553 -0.454572 -0.606351 -0.346649 -0.482311 
812
0 
4.56294 
0.346145 
816
1 1 0 1 0 1 0 0 
4.18037 9.44092 11.9302 14.2962 15.0118 18.5402 10.9365 15.1993 
-0.246804 -0.623879 -0.830881 -0.454658 -0.607596 -0.347892 -0.621833 -0.488532 
820
0 
4.57038 
0.342525 
820
0 1 1 0 1 1 0 0 
10.7601 3.43883 11.9163 14.95 14.867 17.8956 14.0126 10.7582 
-0.825155 -0.251193 -0.623934 -0.607368 -0.454747 -0.34699 -0.489928 -0.621953 
824
1 0 1 1 0 1 0 0 
5.65851 11.4515 10.7193 15.3338 14.2014 17.8484 15.9157 9.31761 
-0.237899 -0.824429 -0.626004 -0.456761 -0.607081 -0.346704 -0.489983 -0.624034 
824
0 
4.6972 
0.344147 
828
0 
4.32547 
0.349597 
828
0 1 1 0 1 0 
13.5351 9.76995 14.5672 15.5866 21.9301 15.5104 
-0.830857 -0.624007 -0.454427 -0.611451 -0.3473 -0.489027 
832
0 
4.46806 
0.347323 
832
0 1 1 0 1 
11.9972 9.47414 14.5954 16.2163 18.3045 
-0.832085 -0.62428 -0.454284 -0.61192 -0.347438 
836
0 
4.81362 
0.341574 
840
0 1 1 0 0 
11.9214 10.1849 16.756 13.6101 10.1302 
-0.824582 -0.624925 -0.456365 -0.610783 -0.62287 
840
0 
4.71339 
0.342468 
844
0 
4.45845 
0.348894 
844
0 1 0 1 0 
12.0622 10.9207 14.5795 13.1283 9.38494 
-0.831991 -0.623497 -0.60728 -0.443341 -0.624331 
848
0 
4.74744 
0.344485 
848
0 1 0 
10.6745 9.67744 15.9281 
-0.823479 -0.623923 -0.614171 
852
0 
4.83936 
0.342801 
852
1 0 0 1 
9.15883 11.1984 17.128 13.043 
-0.629922 -0.823864 -0.614843 -0.101333 
856
1 1 0 0 1 
5.49809 10.4776 12.6403 17.6358 12.8767 
-0.222165 -0.625668 -0.831174 -0.614269 -0.101937 
860
0 
4.85222 
0.34067 
864
0 
4.39738 
0.359427 
860
1 0 1 1 
4.56688 11.1109 10.4722 13.2039 
-0.222242 -0.824839 -0.623284 -0.0961627 
864
1 0 1 
4.45017 13.0536 13.9494 
-0.219042 -0.826104 -0.100255 
868
1 0 1 1 
4.96986 12.3384 17.8281 13.3807 
-0.224204 -0.825127 -0.346615 -0.101406 
872
1 0 1 1 
5.14963 11.1043 18.6891 13.0739 
-0.224138 -0.823438 -0.340041 -0.0955335 
868
0 
4.45621 
0.348242 
872
0 
4.48888 
0.356685 
876
0 
4.95162 
0.350164 
876
1 1 1 
5.25106 13.8208 18.3186 
-0.226242 -0.10086 -0.346925 
880
0 
4.93035 
0.339235 
880
1 1 1 1 
4.66091 13.1419 13.1766 16.3747 
-0.222307 -0.453643 -0.100896 -0.345948 
884
0 
4.39964 
0.348586 
888
0 
4.63483 
0.353151 
888
1 1 1 0 1 
4.21322 14.8861 17.5654 15.9352 12.57 
-0.21952 -0.454794 -0.346711 -0.487813 -0.100534 
892
1 1 1 1 
5.01647 13.4411 12.6961 17.8888 
-0.223392 -0.453908 -0.101076 -0.346888 
892
0 
5.09684 
0.346702 
896
0 
4.73241 
0.341674 
896
1 1 1 1 
4.61929 14.2435 17.0416 13.7464 
-0.224204 -0.454702 -0.346776 -0.101724 
900
0 
4.4325 
0.346567 
900
1 1 1 1 1 0 
5.59325 9.10958 15.0822 13.1671 18.4423 17.7902 
-0.227282 -0.630553 -0.454852 -0.0957466 -0.347476 -0.615111 
904
1 1 1 1 0 1 
4.78097 10.3728 16.5527 18.9746 15.759 12.9751 
-0.223748 -0.624754 -0.455662 -0.347174 -0.611701 -0.102322 
908
1 0 1 1 0 1 0 1 
5.33597 11.0463 9.79348 13.1432 18.9707 17.2673 15.9741 12.8798 
-0.224363 -0.824087 -0.623817 -0.45357 -0.615485 -0.346573 -0.487935 -0.100693 
912
0 
4.56308 
0.354617 
912
1 0 1 1 0 1 1 
4.54147 10.8024 10.2658 15.3126 19.9069 20.8559 12.4256 
-0.219497 -0.823753 -0.62421 -0.444302 -0.615454 -0.347817 -0.101234 
916
1 0 1 1 0 1 0 0 
4.76482 11.7819 9.41624 16.1547 14.4465 17.7183 9.73031 15.2152 
-0.223131 -0.825086 -0.630875 -0.455148 -0.607996 -0.346827 -0.624319 -0.489374 
920
0 
4.54036 
0.356871 
920
1 0 1 1 0 1 0 
4.7168 11.5943 10.9489 15.1869 16.1191 17.842 19.2852 
-0.222709 -0.825334 -0.623534 -0.455159 -0.612354 -0.34676 -0.481342 
924
1 0 1 1 0 1 
4.73757 11.6185 11.5794 13.077 15.5581 17.5137 
-0.22542 -0.82498 -0.623163 -0.454308 -0.611876 -0.347075 
924
0 
4.38136 
0.347782 
928
0 
4.24067 
0.36258 
932
0 
5.11512 
0.345068 
932
1 0 1 1 1 0 1 
4.53402 11.7321 10.9852 13.647 18.8437 17.8615 13.0051 
-0.222772 -0.824398 -0.622697 -0.454004 -0.346842 -0.614615 -0.101054 
936
0 
5.01488 
0.337959 
936
1 0 1 1 0 1 1 
4.67106 12.1415 13.0947 11.0684 14.5991 13.0458 17.6729 
-0.224326 -0.825422 -0.453303 -0.624058 -0.607483 -0.100732 -0.346781 
940
1 1 0 1 0 1 1 
5.36009 10.7565 10.3674 14.4938 16.8163 14.1451 19.6447 
-0.226063 -0.623682 -0.822978 -0.454253 -0.616514 -0.0970385 -0.34739 
944
1 0 1 1 0 1 1 
5.01612 11.4025 9.5657 14.116 14.0392 17.6965 13.1154 
-0.22542 -0.830741 -0.623484 -0.454782 -0.611863 -0.346726 -0.101113 
948
1 0 1 1 0 1 1 0 
5.11963 12.0123 9.76201 13.1514 16.9591 13.7083 16.9532 16.7047 
-0.225892 -0.826305 -0.623692 -0.453708 -0.611639 -0.0964429 -0.346516 -0.488123 
948
0 
4.60462 
0.353437 
952
0 
4.61356 
0.346431 
956
0 
4.71497 
0.344452 
960
0 
4.30321 
0.346139 
964
0 
4.13819 
0.350677 
956
1 0 1 1 1 0 1 
4.66124 11.705 9.22408 16.0997 22.1076 13.0856 13.3803 
-0.221737 -0.830954 -0.630492 -0.454529 -0.347677 -0.611408 -0.102188 
968
0 
4.94719 
0.347261 
964
1 0 1 1 0 1 1 
4.54817 11.8163 9.33258 13.4783 14.612 18.973 12.8645 
-0.221714 -0.830621 -0.624291 -0.454646 -0.612771 -0.347273 -0.0953275 
968
1 0 1 1 1 0 1 
4.52819 11.9487 10.3006 15.1965 19.9799 17.9392 13.1466 
-0.221315 -0.826021 -0.622919 -0.455652 -0.34819 -0.61426 -0.101445 
972
1 0 1 1 0 0 1 1 
4.11547 10.667 10.7286 14.3977 17.6715 18.797 13.3612 22.2676 
-0.218318 -0.822688 -0.623145 -0.456825 -0.614672 -0.481185 -0.101705 -0.346657 
976
1 0 1 1 0 1 1 0 
4.90749 13.8576 11.1917 13.7248 16.8852 16.1109 13.3047 13.693 
-0.223845 -0.827824 -0.624318 -0.455214 -0.614373 -0.346458 -0.10128 -0.489379 
972
0 
5.28371 
0.334702 
976
0 
4.49228 
0.346954 
980
1 0 1 1 0 1 0 1 
4.42544 10.0605 11.1521 13.9209 15.592 18.0669 16.409 14.6837 
-0.220975 -0.824096 -0.62483 -0.453866 -0.613639 -0.347238 -0.488956 -0.100914 
984
1 0 1 1 0 1 1 
4.90778 10.7586 9.98119 14.9208 18.0117 13.2055 22.5039 
-0.223439 -0.824131 -0.62425 -0.454487 -0.614531 -0.101895 -0.3482 
984
0 
4.40268 
0.347398 
988
1 0 1 1 0 1 1 0 0 
4.67131 10.8103 11.1654 12.9585 15.4064 18.1025 12.7139 10.4828 21.2155 
-0.222711 -0.823611 -0.623895 -0.45357 -0.607092 -0.347274 -0.0959192 -0.624105 -0.481908 
992
1 0 1 1 0 1 1 
4.64149 9.38727 10.0262 14.3864 13.8867 19.7951 12.1578 
-0.221653 -0.82294 -0.624015 -0.444991 -0.607803 -0.346725 -0.101304 
996
1 0 1 0 1 1 0 
9.21624 11.8524 15.5634 13.8029 17.6144 6.47212 14.0285 
-0.629635 -0.830309 -0.455936 -0.612121 -0.347096 -0.220517 -0.488875 
1000
0 1 1 0 1 
11.9684 9.60646 16.1124 16.2478 18.736 
-0.825533 -0.623722 -0.456828 -0.607532 -0.346951 
1004
0 1 0 0 
11.4351 10.9214 16.31 15.5552 
-0.82465 -0.623825 -0.612257 -0.487339 
1008
0 1 0 
10.0646 9.69671 16.3481 
-0.824504 -0.624172 -0.614899 
1012
0 1 0 
12.0726 9.03449 16.9861 
-0.825454 -0.630567 -0.615611 
1016
0 1 0 
10.9037 11.0418 16.132 
-0.82367 -0.623373 -0.611805 
1020
0 1 0 
11.376 9.55738 16.3485 
-0.824064 -0.63032 -0.611793 
1024
0 1 0 
10.7051 11.0792 17.6256 
-0.823565 -0.629331 -0.614866 
1028
0 1 0 
10.5622 11.5801 15.1884 
-0.822828 -0.625586 -0.607467 
1032
0 1 0 
12.2562 10.8925 16.0716 
-0.824783 -0.625321 -0.616278 
1036
0 1 0 
10.2554 10.8755 16.1373 
-0.824071 -0.624225 -0.611346 
1040
0 1 0 
12.7866 10.3274 15.8051 
-0.825324 -0.624672 -0.611694 
1044
0 1 
11.1366 9.2153 
-0.825105 -0.629845 
1048
0 0 
12.0357 9.5902 
-0.830398 -0.624595 
1052
0 
11.7424 
-0.830939 
1056
0 1 0 0 
9.76903 10.5252 14.5989 9.85022 
-0.822801 -0.626322 -0.605915 -0.623527 
1060
0 1 0 
8.96007 10.4168 16.9171 
-0.821103 -0.623682 -0.611204 
1064
0 1 0 
10.5029 10.5509 15.8387 
-0.822224 -0.623646 -0.611297 
1068
0 
10.5061 
-0.822778 
1072
0 
13.0996 
-0.825747 
1076
0 
11.4299 
-0.823591 
1080
0 
10.1026 
-0.821802 
1084
0 
12.8029 
-0.830151 
1088
0 
13.1626 
-0.830361 
1092
0 
12.1422 
-0.825163 
1096
0 
11.3408 
-0.833126 
1100
0 
9.91601 
-0.822027 
1104
0 1 
9.77946 10.9311 
-0.822551 -0.617293 
1108
1 0 0 
11.3431 12.6279 16.5555 
-0.623443 -0.824416 -0.606871 
1112
0 1 0 
9.88828 9.55837 15.542 
-0.822688 -0.623219 -0.610894 
1116
0 
11.8403 
-0.824832 
1120
0 
10.8208 
-0.8243 
1124
0 
8.1283 
-0.820294 
1128
0 
13.9319 
-0.825786 
1132
0 
11.1705 
-0.823059 
1136
0 
10.2661 
-0.821326 
1140
0 
10.6647 
-0.824427 
1144
0 
11.2467 
-0.824743 
1180
0 
10.3457 
-0.823649 
1184
1 0 1 0 0 
9.56111 12.1462 13.8816 17.8092 18.5287 
-0.622844 -0.83145 -0.454902 -0.612311 -0.481034 
1188
0 1 1 0 1 0 
11.631 10.9937 13.9464 19.2299 21.0953 20.4873 
-0.824005 -0.624332 -0.444838 -0.615148 -0.347355 -0.48156 
1192
0 1 1 0 1 0 
10.0177 9.53498 13.1147 16.2779 19.9874 21.7447 
-0.823289 -0.623414 -0.442256 -0.615609 -0.34673 -0.48172 
1196
0 1 1 0 1 
11.1645 9.36546 13.3838 19.4024 21.5681 
-0.823698 -0.6231 -0.444552 -0.614428 -0.347029 
1200
0 1 1 0 1 0 
11.242 9.87497 14.1203 14.6413 18.8183 10.6558 
-0.824188 -0.623849 -0.45465 -0.605805 -0.346629 -0.622571 
1204
0 1 1 0 1 
10.8717 11.7796 15.2065 18.5364 18.655 
-0.82258 -0.623903 -0.456298 -0.614986 -0.346644 
1208
0 1 1 0 1 
9.78162 14.7586 9.24429 15.7622 21.8492 
-0.822485 -0.455008 -0.623869 -0.611555 -0.347459 
1212
0 1 0 1 1 
11.5539 9.16286 20.094 15.5258 17.719 
-0.824566 -0.623183 -0.614668 -0.454567 -0.346899 
1216
0 1 0 1 1 
11.7768 11.0646 15.9262 13.3172 18.8897 
-0.82429 -0.623537 -0.614512 -0.453442 -0.346875 
1220
0 1 1 0 1 0 
10.4297 11.3111 14.2616 16.2626 19.283 14.9775 
-0.823442 -0.624442 -0.455304 -0.615144 -0.347319 -0.48848 
1224
0 1 1 0 1 
12.1275 9.65572 16.089 17.2872 19.0288 
-0.830401 -0.623575 -0.454565 -0.614856 -0.346803 
1228
0 1 1 0 1 
12.613 11.3046 13.8788 18.2497 18.6653 
-0.830801 -0.624011 -0.455206 -0.614503 -0.347218 
1232
0 1 1 0 1 
11.0342 9.26803 14.8158 14.0396 18.4224 
-0.829642 -0.622464 -0.455055 -0.612154 -0.347059 
1236
0 1 1 0 1 
10.6016 9.26097 13.6931 18.0311 21.9468 
-0.830129 -0.623241 -0.443731 -0.614828 -0.347413 
1240
0 1 1 0 1 
9.93214 15.1822 11.3561 17.25 17.1296 
-0.821948 -0.454603 -0.623609 -0.612338 -0.346303 
1244
0 1 1 0 1 
13.8343 10.3879 14.2222 16.3269 21.1939 
-0.826713 -0.622929 -0.454513 -0.611726 -0.347034 
1248
0 1 1 0 1 
12.2854 10.0081 14.9546 17.3291 18.1318 
-0.826083 -0.624151 -0.454184 -0.614685 -0.346679 
1252
0 1 1 0 1 
13.8596 12.3826 13.399 13.603 19.4109 
-0.826647 -0.624269 -0.4435 -0.612006 -0.347316 
1256
1 0 1 0 1 
11.0906 11.3238 13.7288 16.5486 16.7534 
-0.623931 -0.832208 -0.45353 -0.614664 -0.346582 
1260
1 1 0 1 
15.5201 9.56312 16.65 18.6185 
-0.455624 -0.623574 -0.607827 -0.346899 
1264
1 1 0 1 
9.62818 14.1947 16.597 21.4678 
-0.623382 -0.454322 -0.611752 -0.347021 
1268
1 1 0 1 0 
10.864 14.4969 14.4812 18.211 10.4287 
-0.6239 -0.453501 -0.606173 -0.346262 -0.624053 
1272
1 1 0 1 
10.7717 15.5736 16.9009 18.3838 
-0.623417 -0.45407 -0.611916 -0.346644 
1276
1 1 0 1 
10.2913 14.0396 18.2753 21.5592 
-0.624322 -0.45422 -0.614447 -0.347231 
1280
1 1 0 1 0 
11.7884 12.5324 15.1528 20.5238 9.2275 
-0.624135 -0.444945 -0.606661 -0.349385 -0.622913 
1288
1 1 0 1 
11.2776 14.9134 16.7992 17.8472 
-0.623585 -0.455875 -0.614918 -0.346567 
1292
1 1 0 
13.4413 10.3819 17.6713 
-0.454231 -0.621803 -0.614562 
1296
1 1 0 
9.46955 15.078 17.1926 
-0.622587 -0.455448 -0.611582 
1300
1 1 0 1 
9.26194 12.9339 17.4028 23.0559 
-0.622122 -0.453623 -0.614513 -0.347392 
1304
1 1 
14.0704 20.9579 
-0.443923 -0.349352 
1308
1 1 
13.854 19.2283 
-0.454173 -0.346927 
1312
1 1 
13.8497 17.7227 
-0.442102 -0.346938 
1316
0 1 1 
10.8221 14.644 17.1818 
-0.834548 -0.454255 -0.346307 
1320
0 1 1 
13.5393 18.1875 12.5082 
-0.831552 -0.347426 -0.447206 
1324
0 1 
11.8316 19.1496 
-0.82452 -0.34767 
1328
0 1 
10.3907 16.5751 
-0.823891 -0.346691 
1332
0 
11.3616 
-0.824278 
1336
0 1 
11.0486 11.4852 
-0.824027 -0.623448 
1340
0 1 0 
12.1208 10.9095 17.5737 
-0.831754 -0.623118 -0.614913 
1344
0 
11.2721 
-0.823886 
1348
0 1 
12.3516 11.4585 
-0.825254 -0.619254 
1356
0 
11.8779 
-0.832382 
1360
0 
11.3369 
-0.824627 
1364
0 
12.3692 
-0.825264 
1368
0 
14.183 
-0.826941 
1372
0 
9.59872 
-0.821142 
1376
0 
12.9247 
-0.825185 
1380
0 
11.219 
-0.82339 
1384
0 
12.9442 
-0.831304 
1388
0 
12.5201 
-0.826198 
1392
0 
11.4386 
-0.825018 
1396
0 
10.3475 
-0.824467 
1400
0 
11.1162 
-0.824883 
1404
0 
10.4493 
-0.824378 
1408
0 
11.6121 
-0.82519 
1412
0 
11.6264 
-0.825252 
1416
0 
12.1643 
-0.825294 
1420
0 
11.0617 
-0.823405 
1424
0 
9.28419 
-0.821814 
1428
0 
10.9955 
-0.822751 
1432
0 
9.47136 
-0.822012 
1436
0 
12.5435 
-0.826134 
1440
0 
11.8727 
-0.832733 
1444
0 
10.8592 
-0.823373 
1448
0 
12.0973 
-0.825482 
1452
0 
14.8562 
-0.826713 
1456
0 1 
11.8558 21.2534 
-0.82399 -0.34703 
1460
0 1 1 
14.0009 16.0797 21.6287 
-0.827123 -0.454172 -0.34741 
1464
1 
20.6032 
-0.346717 
1468
1 
17.9691 
-0.34679 
1472
1 
19.3026 
-0.34753 
1476
1 
19.0103 
-0.346012 
1480
1 
19.3312 
-0.346938 
1496
0 
11.5847 
-0.830436 
1500
0 
11.8974 
-0.825659 
1504
0 
9.45442 
-0.822724 
1508
0 
12.487 
-0.82481 
1512
0 
14.0127 
-0.82625 
1516
0 
12.4487 
-0.825711 
1520
0 
12.5771 
-0.83352 
1524
0 
12.7255 
-0.82563 
1528
0 
11.7592 
-0.831594 
1532
0 
11.893 
-0.824871 
1536
0 
12.8249 
-0.831934 
1540
0 1 
13.9875 10.1197 
-0.827742 -0.634459 
1544
0 1 0 
13.0633 11.566 10.2147 
-0.829532 -0.62432 -0.623736 
1548
0 1 0 
13.6916 10.9221 14.2055 
-0.826242 -0.623397 -0.612971 
1552
0 1 0 
11.7175 10.6175 14.5238 
-0.82443 -0.624448 -0.613197 
1556
0 1 0 
11.096 9.68903 15.7826 
-0.832408 -0.623814 -0.612418 
1560
0 1 0 
12.5022 9.5924 10.2307 
-0.83113 -0.622608 -0.623701 
1564
0 1 0 
14.8056 11.1481 11.4439 
-0.8272 -0.624038 -0.619847 
1568
0 1 
13.6329 11.2352 
-0.826358 -0.624093 
1572
0 1 
12.7597 11.575 
-0.82536 -0.622943 
1576
0 1 
10.6061 10.9114 
-0.823651 -0.623678 
1580
0 1 
11.9901 10.6011 
-0.825528 -0.623386 
1584
0 1 
13.2258 10.2494 
-0.827706 -0.624134 
1588
0 1 
11.338 10.7373 
-0.82465 -0.623498 
1592
1 0 1 
5.2743 14.1961 11.1591 
-0.222217 -0.827418 -0.624826 
1596
0 1 1 
12.7592 5.18775 9.43049 
-0.827509 -0.221421 -0.6285 
1600
0 1 1 
13.5329 11.6635 4.61894 
-0.826902 -0.629086 -0.222156 
1604
0 
13.4975 
-0.826559 
1608
0 
13.5861 
-0.831385 
1612
0 
11.8777 
-0.832023 
1616
0 
11.9468 
-0.824881 
1620
0 
15.3777 
-0.827438 
1624
0 
12.8209 
-0.831786 
1628
0 
12.0684 
-0.830798 
1632
0 
13.3699 
-0.826682 
1636
1 0 
4.65429 14.3123 
-0.223305 -0.826747 
1640
1 0 
5.18755 10.361 
-0.224987 -0.824822 
1644
1 0 
4.46099 13.3366 
-0.226373 -0.827088 
1648
1 0 
4.8023 10.0363 
-0.222896 -0.822419 
1652
1 0 
4.57128 11.2264 
-0.222103 -0.8328 
1656
1 0 
4.76332 12.1999 
-0.217442 -0.83173 
1660
1 0 
4.24903 14.5646 
-0.21742 -0.826119 
1664
0 1 
11.8335 4.4528 
-0.830777 -0.22712 
1668
0 
11.2905 
-0.825111 
1672
0 1 
11.846 4.30103 
-0.825107 -0.218949 
1676
0 
11.4637 
-0.831081 
1720
0 
13.2654 
-0.829202 
1724
1 0 
4.28448 11.2307 
-0.221375 -0.830355 
1728
1 0 
4.57371 12.715 
-0.222289 -0.82566 
1732
1 0 
4.60883 11.445 
-0.222052 -0.832253 
1736
0 
12.2607 
-0.829897 
1744
0 
11.4012 
-0.831945 
1748
1 0 
4.89604 11.7538 
-0.231735 -0.831602 
1752
1 0 
4.74773 11.5096 
-0.220828 -0.832877 
1756
1 0 
4.65072 10.3586 
-0.22096 -0.833147 
1760
1 0 
4.73007 11.7475 
-0.221207 -0.830623 
1764
0 
11.3242 
-0.832284 
1768
0 
12.503 
-0.830172 
1864
0 
11.361 
-0.831798 
1868
0 
10.9947 
-0.827811 
1872
0 
12.2728 
-0.8314 
1876
0 
12.5953 
-0.826286 
2036
0 
3.77199 
0.343015 
2040
0 
4.74908 
0.338109 
2044
0 
5.05333 
0.346444 
2048
0 
4.64397 
0.345531 
2052
0 
4.64289 
0.345284 
2076
0 
4.23412 
0.352857 
2080
0 
3.83568 
0.343493 
2084
0 
5.70802 
0.334617 
2088
0 
5.12558 
0.343806 
2092
1 
13.8384 
-0.454368 
2092
0 
4.6861 
0.349656 
2096
1 
13.9673 
-0.444892 
2096
0 
4.79492 
0.343157 
2100
1 
14.4588 
-0.454666 
2100
0 
4.32962 
0.351504 
2104
1 0 
12.381 19.8253 
-0.454429 -0.482094 
2104
0 
4.83265 
0.348064 
2108
1 
14.1487 
-0.444198 
2108
0 
4.53958 
0.357073 
2112
1 
13.0522 
-0.443393 
2112
0 
3.62296 
0.354732 
2124
0 
5.15067 
0.343943 
2128
1 
11.5487 
-0.624092 
2128
0 
4.84039 
0.343331 
2132
1 
10.4966 
-0.622359 
2136
1 
9.95576 
-0.623877 
2132
0 
4.85596 
0.348206 
2136
0 
5.11916 
0.341142 
2140
1 1 0 
9.52071 14.5644 13.4741 
-0.623264 -0.4454 -0.489824 
2140
0 
5.40271 
0.334696 
2144
0 
5.42528 
0.342086 
2144
1 1 
9.85824 14.4562 
-0.623465 -0.453544 
2148
0 
5.91742 
0.337127 
2148
1 1 
10.9732 12.8513 
-0.624489 -0.44647 
2152
1 
14.8218 
-0.453735 
2156
1 0 
15.2819 13.4929 
-0.445873 -0.490176 
2152
0 
5.19471 
0.339766 
2160
1 
13.9045 
-0.454833 
2164
1 
15.2538 
-0.444884 
2168
1 
14.8504 
-0.454541 
2172
1 
13.9233 
-0.453262 
2172
0 
5.76112 
0.340024 
2176
0 
6.1383 
0.333487 
2176
1 
13.5471 
-0.446747 
2180
0 
5.84764 
0.334247 
2184
0 
4.65361 
0.352066 
2188
0 
4.68428 
0.345327 
2192
0 
5.62314 
0.338409 
2196
0 
4.86983 
0.3469 
2200
0 
5.15541 
0.341898 
2204
0 
4.58173 
0.344574 
2208
0 
5.48314 
0.337311 
2212
0 
4.66333 
0.342062 
2208
1 
14.8847 
-0.454473 
2212
1 
14.7356 
-0.454632 
2216
0 
4.80659 
0.336097 
2220
0 
4.78412 
0.34935 
2216
1 
13.6256 
-0.444024 
2220
1 0 
14.7579 22.6589 
-0.444072 -0.481691 
2224
0 
4.70054 
0.339385 
2224
1 
15.0308 
-0.444388 
2228
1 
15.1993 
-0.444509 
2232
0 
4.77814 
0.349393 
2232
1 
14.8859 
-0.454388 
2236
0 
4.65939 
0.352932 
2236
1 
13.7091 
-0.443561 
2240
1 0 
15.2432 21.1846 
-0.454552 -0.481571 
2240
0 
4.49682 
0.342692 
2244
0 
4.80986 
0.343542 
2244
1 
13.6604 
-0.456006 
2248
1 0 
14.9486 15.4111 
-0.454571 -0.491047 
2252
1 
14.1803 
-0.453906 
2252
0 
4.82993 
0.344469 
2256
0 
5.00049 
0.345858 
2260
0 
4.47758 
0.353246 
2256
1 0 
14.4262 14.9579 
-0.454079 -0.48738 
2260
1 
14.4979 
-0.45531 
2264
0 
5.00145 
0.344945 
2264
1 
14.7379 
-0.454475 
2268
1 
13.9301 
-0.454684 
2268
0 
4.65214 
0.344422 
2272
1 
12.5319 
-0.442991 
2272
0 
4.81922 
0.34736 
2276
0 
4.14853 
0.352978 
2276
1 0 
15.2149 19.4545 
-0.443751 -0.481766 
2280
0 
5.14076 
0.34457 
2280
1 
15.064 
-0.456048 
2284
1 0 
15.3087 19.0777 
-0.454325 -0.481893 
2284
0 
4.81632 
0.343818 
2288
1 0 
14.5007 18.8258 
-0.454629 -0.481066 
2292
0 
4.69681 
0.350276 
2292
1 
13.7209 
-0.443833 
2296
1 
14.5999 
-0.454136 
2296
0 
4.46069 
0.349442 
2300
0 
4.93217 
0.346379 
2304
0 
4.59901 
0.353611 
2308
0 
4.90336 
0.34087 
2312
0 
4.97588 
0.339762 
2316
0 
4.37007 
0.348974 
2320
0 
4.26465 
0.350368 
2324
0 
4.79875 
0.343185 
2328
0 
4.68363 
0.344568 
2332
0 
4.6938 
0.350611 
2336
0 
4.28559 
0.350803 
2340
0 
4.7102 
0.35122 
2344
0 
4.77559 
0.349585 
2348
0 
4.30307 
0.349497 
2352
0 
5.19492 
0.341359 
2356
0 
4.46252 
0.350279 
2360
1 
13.964 
-0.444435 
2360
0 
4.70888 
0.344445 
2364
0 
4.71056 
0.345188 
2368
1 0 
14.9548 14.8915 
-0.44421 -0.489415 
2368
0 
4.84816 
0.348835 
2372
0 
4.57663 
0.346882 
2372
1 
15.2533 
-0.444204 
2376
1 1 
15.78 17.7092 
-0.454024 -0.347067 
2376
0 
4.53283 
0.341317 
2380
0 
4.78728 
0.343244 
2380
1 1 
14.7979 17.2136 
-0.454291 -0.346553 
2384
0 
4.75474 
0.3429 
2384
1 
15.0624 
-0.454965 
2388
1 0 
13.6038 14.2217 
-0.454073 -0.488614 
2388
0 
4.67119 
0.344036 
2392
0 
4.46445 
0.345757 
2392
1 0 
13.9714 14.7579 
-0.454105 -0.489417 
2396
1 
12.939 
-0.443242 
2396
0 
4.9288 
0.34481 
2400
0 
5.04156 
0.34682 
2404
0 
4.62278 
0.34133 
2408
0 
16.5859 
-0.608135 
2412
1 0 
13.8528 14.1079 
-0.0966033 -0.607763 
2416
0 1 1 
15.1719 10.0944 6.53233 
-0.607212 -0.624028 -0.110546 
2420
1 1 0 1 
10.2348 4.52448 16.245 15.3037 
-0.623241 -0.227868 -0.61163 -0.0978023 
2424
1 1 0 1 
4.74596 11.0806 14.329 12.6481 
-0.219525 -0.623012 -0.60665 -0.10077 
2428
1 1 0 1 
5.44486 9.51402 16.5903 13.8372 
-0.222977 -0.624815 -0.61258 -0.101217 
2432
1 1 0 1 
4.55395 11.6448 15.1742 13.1052 
-0.220506 -0.623267 -0.607421 -0.101167 
2436
1 1 0 
4.56287 10.5099 16.8344 
-0.220239 -0.623923 -0.612014 
2440
1 1 1 0 0 
5.20848 11.3192 14.7488 14.9689 9.61153 
-0.223843 -0.624124 -0.10081 -0.608296 -0.623639 
2444
1 1 1 0 
4.74377 11.1029 13.559 14.6818 
-0.224883 -0.62399 -0.100779 -0.605725 
2448
1 1 0 
4.67417 13.4833 14.634 
-0.218309 -0.0998971 -0.60771 
2452
1 1 0 
4.61316 14.4274 18.3002 
-0.220231 -0.0966487 -0.612806 
2456
1 
4.49424 
-0.220124 
2460
1 1 1 0 
4.78602 10.6655 13.5062 13.7372 
-0.222107 -0.623465 -0.101889 -0.60521 
2464
1 1 1 
5.33757 11.6745 7.17609 
-0.226135 -0.623886 -0.109277 
2468
1 1 
4.48234 9.35511 
-0.228058 -0.622923 
2472
1 1 
4.52729 12.9806 
-0.221286 -0.101422 
2472
0 
5.25369 
0.342141 
2476
0 
4.76429 
0.345246 
2476
1 1 
4.4437 13.5982 
-0.218821 -0.0958891 
2480
1 1 
4.80131 13.2052 
-0.221015 -0.0957922 
2480
0 
4.74282 
0.343283 
2484
1 1 
4.75933 12.9773 
-0.22152 -0.100013 
2488
1 
4.7407 
-0.223364 
2492
1 1 
4.87356 12.4761 
-0.224982 -0.100862 
2496
1 
6.33976 
-0.227415 
2500
1 
13.9874 
-0.0964454 
2504
1 
13.7486 
-0.0963459 
2508
0 1 
11.5043 5.93553 
-0.824909 -0.218097 
2512
1 0 
4.60579 12.3328 
-0.220916 -0.830632 
2512
0 
15.6331 
0.0595427 
2516
1 0 
4.37779 14.2542 
-0.228803 -0.826857 
2520
1 0 1 
4.66347 12.2369 12.4555 
-0.227131 -0.826139 -0.0953728 
2520
0 
18.8532 
0.0337106 
2524
1 0 1 
4.93846 13.0263 13.0197 
-0.225117 -0.826265 -0.0961619 
2528
1 0 1 
4.63534 13.5836 20.5316 
-0.220889 -0.830894 -0.346664 
2532
1 0 1 1 
4.87142 12.3648 19.9046 14.2564 
-0.225142 -0.832849 -0.346587 -0.0963061 
2536
1 0 1 1 
4.64161 13.4578 14.2614 24.1187 
-0.222514 -0.825529 -0.0973747 -0.34161 
2540
1 0 1 1 
4.21034 10.6019 21.0093 13.505 
-0.220763 -0.825098 -0.339285 -0.0955397 
2544
1 0 1 1 
4.9951 14.3696 18.09 13.7909 
-0.223958 -0.826687 -0.346648 -0.0965007 
2548
1 0 1 1 
4.93133 12.5263 21.8751 13.2374 
-0.224109 -0.825555 -0.347315 -0.101461 
2548
0 0 
19.4257 12.3164 
0.0373683 0.0685535 
2552
0 0 
15.4624 17.9281 
0.0655557 0.0386724 
2552
1 0 1 
4.645 13.1722 19.0926 
-0.223063 -0.830707 -0.346863 
2556
1 0 
4.44774 12.1606 
-0.219623 -0.830665 
2560
0 2 0 
14.8692 8.89513 12.9789 
0.0650241 0.136011 0.0400938 
2560
1 
4.74895 
-0.222899 
2564
1 1 1 
4.44445 21.6493 13.0057 
-0.230525 -0.347643 -0.0950762 
2564
0 
15.1994 
0.0656303 
2568
0 
17.2768 
0.0585643 
2572
2 
9.46047 
0.135934 
2568
1 1 1 
4.44351 18.0008 15.0006 
-0.221543 -0.346197 -0.102066 
2572
1 1 1 
4.81391 13.1018 13.8501 
-0.223458 -0.446929 -0.100895 
2576
1 1 
4.47024 13.6988 
-0.218762 -0.102274 
2580
1 1 
4.54728 13.4065 
-0.219252 -0.0965213 
2584
1 1 
4.83373 12.7734 
-0.223615 -0.100282 
2588
1 1 
6.60272 13.8181 
-0.220788 -0.0997319 
2596
1 
13.7205 
-0.101203 
2600
1 
2.94382 
-0.242244 
2604
1 
4.65934 
-0.221314 
2608
1 
4.76723 
-0.220722 
2612
1 
4.65818 
-0.221836 
2616
1 
4.43349 
-0.224554 
2628
0 
5.13627 
0.337976 
2632
0 
5.57234 
0.341744 
2636
0 
5.2627 
0.34034 
2636
1 
5.04023 
-0.223667 
2640
0 
4.62175 
0.345641 
2644
0 
4.56913 
0.345052 
2644
0 1 
10.8501 4.58274 
-0.824483 -0.23235 
2648
0 
4.42485 
0.349148 
2652
0 1 
13.8887 4.67877 
-0.827104 -0.222882 
2652
0 
4.42488 
0.348352 
2656
0 1 
13.2431 4.5421 
-0.831576 -0.227089 
2656
0 
3.65242 
0.371973 
2660
0 
4.17257 
0.365046 
2660
0 1 
13.7538 4.47881 
-0.827005 -0.233129 
2664
1 0 
4.26719 14.4056 
-0.227735 -0.827442 
2664
0 
4.41761 
0.35702 
2668
0 1 
12.6388 4.29292 
-0.827746 -0.220891 
2668
0 
4.78419 
0.343592 
2672
0 
12.1964 
-0.831504 
2672
0 
4.67966 
0.344813 
2676
0 
14.6583 
-0.826695 
2676
0 
4.64344 
0.344511 
2680
0 
14.1122 
-0.827067 
2680
0 
4.75345 
0.3418 
2684
0 
13.2986 
-0.827409 
2688
0 
4.7298 
0.343837 
2692
0 
4.52505 
0.353436 
2688
0 
13.1509 
-0.826713 
2692
0 
11.0901 
-0.832166 
2696
0 2 
4.24418 8.3716 
0.350828 0.140803 
2700
0 
4.5462 
0.346976 
2704
0 2 
3.74398 11.2172 
0.36985 0.133465 
2696
0 
11.4485 
-0.830847 
2700
0 
14.0193 
-0.826865 
2704
0 
13.3745 
-0.831453 
2708
0 
4.99366 
0.348024 
2712
0 
4.70897 
0.344402 
2708
0 
14.3202 
-0.826313 
2716
0 0 
4.61372 16.91 
0.351397 0.0636201 
2720
0 
4.69827 
0.34532 
2724
0 
4.15493 
0.351371 
2728
0 
4.26437 
0.349991 
2732
0 
4.47123 
0.347869 
2736
0 0 
4.51874 16.866 
0.347132 0.0642373 
2740
0 0 
5.18253 16.2469 
0.338349 0.0644692 
2744
0 0 0 
4.33583 15.1531 19.3561 
0.354655 0.065394 0.037085 
2748
0 0 
4.67771 16.3144 
0.345239 0.0649086 
2752
0 
4.8973 
0.340639 
2756
0 
5.44388 
0.334434 
2760
0 
5.12482 
0.339803 
2764
0 0 
5.24783 14.8673 
0.330059 0.0653502 
2768
0 0 0 
6.50571 15.4446 11.6485 
0.320408 0.0639637 0.0422556 
2772
0 0 
15.8487 22.1304 
0.0648371 0.0350279 
2776
0 0 0 
6.23351 15.2227 19.1933 
0.310554 0.0654608 0.0377554 
2780
0 0 0 
6.31202 15.8049 18.5837 
0.304887 0.0650474 0.0374616 
2784
0 0 0 2 
5.89305 15.1743 14.1285 8.90283 
0.31321 0.0658565 0.0372353 0.135376 
2788
0 
5.40976 
0.325694 
2792
0 
4.71257 
0.343679 
2796
0 
4.83571 
0.341163 
2800
0 
4.76563 
0.34803 
2804
0 
4.55573 
0.348498 
2808
0 
4.50273 
0.345152 
2812
0 
4.41953 
0.355346 
2816
0 
4.7215 
0.344159 
2820
0 
4.55774 
0.346363 
2824
0 
4.78321 
0.343622 
2828
0 
4.53625 
0.34707 
2832
0 
4.46512 
0.349022 
2836
0 
4.57277 
0.343932 
2840
0 
5.11509 
0.338276 
2844
0 
4.56541 
0.346982 
2848
0 
4.91847 
0.342312 
2852
0 
4.77098 
0.342764 
2856
0 
4.34901 
0.350431 
2860
0 
4.8505 
0.340911 
2864
0 
4.13101 
0.351128 
2868
0 
4.83318 
0.347253 
2872
0 
4.59425 
0.354505 
2876
0 
4.93396 
0.347264 
2880
0 
4.09383 
0.349871 
2904
0 
3.60353 
0.34961 
2988
0 
4.4495 
0.355447 
2992
0 
4.57598 
0.336959 
2996
0 0 
4.49933 12.6767 
0.337431 0.0738539 
3000
0 0 0 
5.49603 16.5227 18.6826 
0.337259 0.0640664 0.0383448 
3004
0 0 0 
4.99715 13.8447 20.8492 
0.342379 0.0713805 0.0361373 
3008
0 0 0 
4.44113 16.4035 18.9353 
0.339828 0.0645506 0.0378658 
3012
0 0 
5.17629 16.3826 
0.33288 0.0643986 
3016
0 
5.22906 
0.342385 
3020
0 
4.72246 
0.336628 
3024
0 
4.5502 
0.344506 
3028
0 
4.56328 
0.337859 
3032
0 
4.80322 
0.340535 
3036
0 
5.71152 
0.336434 
3040
0 
5.0602 
0.344889 
3044
0 
4.8461 
0.34346 
3048
0 
5.50747 
0.33991 
3192
0 
4.6502 
0.340059 
3196
0 
6.1443 
0.33762 
3252
0 
4.66558 
0.343823 
3276
0 
4.69823 
0.342348 
3280
0 
4.38962 
0.357663 
3284
0 
5.13021 
0.340279 
3288
0 
4.71284 
0.351442 
3292
0 2 
4.51317 7.00283 
0.355347 0.156686 
3296
0 
4.86132 
0.347449 
3300
0 
4.79523 
0.343083 
3304
0 0 0 
4.47342 14.791 20.793 
0.347997 0.0655218 0.0367495 
3308
0 0 0 
4.8688 15.2909 19.62 
0.34899 0.0638775 0.0372412 
3312
0 0 0 
4.63482 14.9004 19.1001 
0.354159 0.0658296 0.0378579 
3316
0 0 0 
4.71941 15.6062 20.7857 
0.351811 0.065824 0.0355044 
3320
0 0 1 0 
4.12589 15.4582 2.59837 22.6928 
0.360686 0.0648188 0.0741279 0.0346382 
3324
0 0 1 0 
4.30325 14.9455 2.71234 17.4848 
0.350313 0.0647651 0.0654997 0.0390885 
3328
0 0 1 0 
4.42546 13.2674 2.85619 24.411 
0.356385 0.0657555 0.0566135 0.0343163 
3332
0 0 1 0 
4.57207 13.2805 2.37813 20.3767 
0.354695 0.0653035 0.0515924 0.0351232 
3336
0 0 0 
5.11028 15.1323 19.2766 
0.345453 0.0654602 0.0372259 
3340
0 0 1 0 
4.43943 15.9423 3.24167 19.2399 
0.356753 0.0649606 0.0831623 0.0355472 
3348
0 0 1 0 
4.49037 15.9078 2.3267 9.63815 
0.358204 0.0649182 0.0504637 0.04306 
3352
0 0 0 
4.58067 12.7151 14.7062 
0.354297 0.0661748 0.0372707 
3356
0 0 0 
4.99083 16.2557 19.3799 
0.34104 0.0638791 0.0363628 
3360
0 0 0 
3.8195 15.5819 18.973 
0.370019 0.0646164 0.0383972 
3364
0 0 0 
4.33244 16.1778 19.4883 
0.350271 0.0643578 0.0377111 
3368
0 0 0 
4.66374 14.8427 20.7806 
0.345828 0.0649323 0.0369911 
3372
0 0 0 
4.87055 16.2901 20.4317 
0.341845 0.0642742 0.0370848 
3376
0 0 0 
4.87348 15.1709 20.2442 
0.343047 0.0645827 0.0371074 
3380
0 0 0 
3.5354 15.4113 21.9285 
0.377083 0.064167 0.0359473 
3384
0 0 0 
4.50672 11.0459 20.3895 
0.357364 0.0775913 0.0355811 
3388
0 0 0 
4.82411 16.2045 22.5092 
0.352225 0.0644846 0.0350581 
3392
1 
12.7573 
-0.443461 
3392
0 0 0 
4.39707 16.3016 19.337 
0.3499 0.0644383 0.0369689 
3396
0 0 1 0 
4.92237 14.7918 3.30487 18.2924 
0.348924 0.064357 0.0873344 0.0387896 
3396
1 
14.7617 
-0.445919 
3400
1 
15.4304 
-0.445171 
3400
0 0 0 
4.61403 15.6747 17.4911 
0.353275 0.0644005 0.0394089 
3404
1 
14.4317 
-0.444642 
3404
0 0 0 
4.45996 15.347 22.81 
0.359584 0.0648691 0.0339467 
3408
0 0 0 
4.10677 15.9957 18.6121 
0.360757 0.0643315 0.0376043 
3408
1 
16.0555 
-0.445712 
3412
0 0 0 
3.65363 15.5227 21.5141 
0.376361 0.064726 0.0349207 
3412
1 0 
14.5357 13.1502 
-0.443743 -0.83213 
3416
0 1 
12.6848 15.0263 
-0.826085 -0.44521 
3416
0 0 0 
4.08657 15.9412 20.6694 
0.361485 0.0640904 0.0358608 
3420
0 
11.0102 
-0.825519 
3424
0 
11.4411 
-0.824608 
3424
0 0 0 
4.88349 14.9732 21.5933 
0.341994 0.0656557 0.0361829 
3428
1 0 0 
11.2834 13.3751 17.0628 
-0.623866 -0.830416 -0.613936 
3428
0 0 0 
3.6752 13.5454 13.3283 
0.370027 0.0677445 0.0411003 
3432
0 1 0 
12.2611 11.2446 17.0547 
-0.826713 -0.623975 -0.614912 
3432
0 0 0 
4.662 15.8211 20.0858 
0.353835 0.0647657 0.0375208 
3436
1 0 0 
10.7963 12.6294 17.5523 
-0.623857 -0.825779 -0.614754 
3440
0 1 1 0 0 
11.926 8.67689 12.8307 15.3478 14.8188 
-0.825522 -0.630503 -0.453649 -0.611941 -0.479301 
3440
0 0 0 
4.29313 15.7975 20.3845 
0.358078 0.064242 0.0369399 
3444
0 0 0 
4.57896 16.127 21.9416 
0.355632 0.0649366 0.0359081 
3448
0 1 1 0 
12.6276 10.4519 15.5412 16.439 
-0.825851 -0.623313 -0.44482 -0.614286 
3448
0 0 0 
4.67898 15.0112 19.6065 
0.353076 0.0655536 0.0377599 
3452
0 0 0 
4.64572 16.5929 24.8359 
0.344914 0.0638385 0.0340985 
3452
1 1 0 
11.1279 16.6028 17.2976 
-0.630966 -0.446195 -0.6144 
3456
0 0 0 
4.83831 16.3043 21.7983 
0.350518 0.0644172 0.0361916 
3456
1 1 0 0 
10.6935 14.0094 17.1127 24.1843 
-0.624472 -0.44473 -0.614791 -0.488131 
3460
1 1 0 
11.6662 14.5247 16.0643 
-0.624684 -0.445093 -0.612097 
3460
0 0 0 
4.15274 15.9699 19.1491 
0.364166 0.0644573 0.0371712 
3464
0 0 0 
4.33281 15.2374 13.6061 
0.359089 0.064198 0.041203 
3468
1 0 1 
15.9013 16.5727 11.3046 
-0.444905 -0.612427 -0.624003 
3472
1 
14.3543 
-0.45349 
3468
0 
4.46416 
0.346654 
3472
0 
3.4351 
0.380368 
3476
1 1 
14.5976 11.9599 
-0.444617 -0.460421 
3476
0 
4.56559 
0.348485 
3480
0 
4.48038 
0.348933 
3480
1 
14.1894 
-0.444771 
3484
0 0 
16.6161 13.7457 
0.0679749 0.0406167 
3484
1 1 
13.7971 11.5034 
-0.444868 -0.460002 
3488
1 0 
14.3002 13.3852 
-0.444715 -0.482158 
3492
1 0 
14.4346 12.0459 
-0.443739 -0.480825 
3496
1 
13.8067 
-0.445126 
3492
0 0 
15.4919 18.7109 
0.0646346 0.0363165 
3496
0 0 
15.6301 20.1723 
0.0646896 0.0375459 
3500
0 0 
16.3766 19.5361 
0.0641579 0.03643 
3500
1 1 
15.777 12.9385 
-0.444554 -0.459075 
3504
1 
15.9825 
-0.445269 
3508
0 0 
15.4553 20.359 
0.0655708 0.036239 
3508
1 
15.0798 
-0.44568 
3512
1 
14.4119 
-0.443972 
3512
0 1 0 
14.81 2.56905 19.9332 
0.0642845 0.0592417 0.037833 
3516
0 0 
15.9643 17.3951 
0.0640251 0.0402745 
3516
1 
14.7189 
-0.445469 
3520
0 0 0 
4.98659 15.2365 19.8476 
0.342473 0.0659204 0.0365776 
3524
0 0 1 0 
4.34048 16.8895 3.02169 19.1867 
0.350401 0.0635692 0.100956 0.0373489 
3520
1 
13.1067 
-0.443488 
3524
1 0 
15.7837 16.6597 
-0.453619 -0.61257 
3528
0 0 0 
4.84183 16.944 19.1609 
0.34268 0.0641858 0.0362916 
3528
1 1 0 
11.5789 13.6474 18.0894 
-0.624312 -0.443358 -0.614513 
3532
1 1 0 
10.6641 14.3502 16.8929 
-0.625117 -0.444367 -0.614328 
3532
0 0 0 1 
4.32673 15.6876 21.2361 2.44775 
0.350532 0.0647021 0.0362755 0.0632981 
3536
0 0 0 1 
4.35842 15.3577 18.2221 3.36863 
0.348828 0.0652022 0.0379908 0.0898888 
3536
1 1 0 
10.0576 14.1434 16.6009 
-0.624794 -0.444309 -0.614125 
3540
0 0 0 
4.35084 13.3675 16.7793 
0.349555 0.0649701 0.0396926 
3544
1 1 0 
11.6365 15.0727 16.7197 
-0.62446 -0.444471 -0.614846 
3544
0 0 0 
4.63627 15.7801 21.3932 
0.345147 0.0640636 0.0358074 
3548
1 1 0 
14.7844 10.5946 14.8267 
-0.453058 -0.623636 -0.613027 
3548
0 0 0 1 
4.5056 14.7927 16.6436 3.44178 
0.345695 0.0659697 0.0405263 0.0820221 
3552
0 0 0 
4.9326 16.6233 21.5977 
0.339376 0.0630548 0.0356028 
3556
0 0 0 
4.45061 20.1942 17.097 
0.346464 0.0369427 0.0631912 
3556
1 
14.6124 
-0.444595 
3560
0 0 0 
4.73406 14.6362 18.6853 
0.344278 0.0654912 0.0378134 
3560
1 
13.576 
-0.445203 
3564
1 
14.3331 
-0.44543 
3564
0 0 0 
4.73664 16.4894 19.5642 
0.34077 0.0650405 0.0362028 
3568
1 
15.0561 
-0.444422 
3568
0 0 0 
4.52554 16.1164 18.7522 
0.357105 0.0643716 0.0380187 
3572
0 0 0 
4.8098 14.8199 20.3925 
0.343727 0.0648568 0.0375469 
3572
1 
15.7983 
-0.446335 
3576
1 
12.4855 
-0.447449 
3576
0 0 0 
4.74284 15.4081 21.2439 
0.343794 0.0657001 0.0353483 
3580
0 0 0 
4.80816 15.8414 15.623 
0.342246 0.0651204 0.0431745 
3584
0 0 0 
4.89977 15.1489 20.6064 
0.340446 0.0650824 0.0362922 
3588
0 0 0 
4.39996 16.2258 17.8905 
0.348426 0.0636728 0.0377196 
3592
0 0 0 
4.63411 16.1629 18.3974 
0.346133 0.0643126 0.0314607 
3600
1 
11.7061 
-0.445867 
3596
0 0 0 
4.48174 15.4412 22.1102 
0.351539 0.0649861 0.0359127 
3600
0 0 0 
3.72062 14.8021 18.131 
0.369822 0.0646761 0.0392044 
3604
0 0 0 
4.66535 16.9503 20.4951 
0.343213 0.0637632 0.0361984 
3608
0 0 0 
4.34529 14.9235 21.3678 
0.349124 0.0648616 0.0361359 
3612
0 0 0 
4.57192 13.8302 18.979 
0.347877 0.0665823 0.0377795 
3616
0 0 0 
4.63081 15.3916 22.1158 
0.345704 0.0647328 0.0353308 
3620
0 0 0 
4.39055 14.4703 13.7955 
0.358483 0.0656776 0.0394524 
3624
0 0 0 
4.56209 15.6169 17.1937 
0.347552 0.0640193 0.0389362 
3628
0 0 0 
4.38871 13.392 17.8547 
0.348177 0.0671856 0.0388092 
3632
0 0 0 
4.68945 15.436 23.04 
0.345089 0.0654323 0.0352583 
3636
0 0 0 
4.59138 10.9423 19.2036 
0.344977 0.076059 0.036252 
3640
0 0 0 
4.79591 15.5289 11.8333 
0.343046 0.0649329 0.0427065 
3644
0 0 0 
5.0109 13.264 20.8609 
0.341373 0.0658264 0.0353822 
3648
0 0 0 
4.37762 16.4722 18.9892 
0.360671 0.0641085 0.0364136 
3652
0 0 0 1 
4.54547 11.7703 17.5674 2.90061 
0.35574 0.0745481 0.0382981 0.0994367 
3656
0 0 0 
4.4133 16.4781 22.5842 
0.346723 0.0645779 0.0351223 
3660
0 0 0 
4.31086 15.9209 20.6239 
0.350943 0.0647401 0.0363295 
3664
0 0 0 
4.68123 16.0169 10.3934 
0.354146 0.0649788 0.0421797 
3668
0 0 0 1 
4.80726 11.3598 17.4722 2.34168 
0.350142 0.0749331 0.0395052 0.0430221 
3672
0 0 0 
4.58745 14.6858 18.8986 
0.356331 0.0650384 0.0375153 
3676
0 0 0 
4.66955 16.2361 21.8323 
0.352643 0.0638901 0.0362143 
3680
0 0 0 
4.65048 13.5315 19.8326 
0.345453 0.0673279 0.0362491 
3684
0 0 0 
4.40902 16.3341 19.0655 
0.349117 0.0645952 0.0378074 
3688
0 0 0 
4.28629 15.059 22.0746 
0.351575 0.0659764 0.0348122 
3692
0 0 0 1 
4.75571 15.3317 19.7031 2.93498 
0.342613 0.0646236 0.0369843 0.0779305 
3696
0 0 0 
4.50959 16.5745 18.9503 
0.355659 0.0638713 0.0378387 
3700
0 0 0 
4.61552 16.2207 19.9679 
0.353446 0.0644239 0.0353598 
3704
0 0 0 
4.87169 14.5059 21.6166 
0.341385 0.0660677 0.0364896 
3708
0 0 0 
4.55462 16.0612 19.8261 
0.354129 0.0642455 0.0368745 
3712
0 0 0 
4.71792 17.2675 16.1019 
0.351126 0.0633508 0.038155 
3716
0 0 0 1 
4.33115 16.5055 19.6075 2.85261 
0.357994 0.063278 0.0367512 0.0786812 
3720
0 0 0 
4.70605 15.0137 17.983 
0.351806 0.0655135 0.0377624 
3724
0 0 0 
4.34778 15.1501 20.4037 
0.358789 0.0655547 0.0363869 
3728
0 0 0 1 
4.21527 16.2576 19.7599 2.56196 
0.350593 0.0644445 0.0362044 0.112298 
3732
0 0 0 
4.62409 16.5865 23.6252 
0.355465 0.0644444 0.0345872 
3736
0 0 0 
4.54514 16.3376 21.604 
0.35294 0.0643287 0.0358186 
3740
0 0 0 
4.74354 16.4153 24.0207 
0.342935 0.0642065 0.0338597 
3744
0 0 0 
4.17148 15.372 19.9763 
0.364931 0.0640697 0.0366077 
3748
0 0 0 
4.56324 15.5563 20.7409 
0.347421 0.0644998 0.0358635 
3752
0 0 0 
4.41832 11.5498 19.1193 
0.35785 0.0746119 0.0320471 
3756
0 0 0 
4.39796 16.2845 20.2789 
0.359172 0.0637171 0.0353418 
3760
0 0 0 
3.93056 15.5407 19.7862 
0.36702 0.0650883 0.0374824 
3764
0 0 0 1 
4.75229 14.9881 20.3198 3.02823 
0.353031 0.0648373 0.0372999 0.100829 
3772
0 0 0 
4.80255 15.585 18.1168 
0.349165 0.0649614 0.0383689 
3776
0 0 0 
4.8792 15.6171 19.414 
0.347453 0.064716 0.0369217 
3780
0 0 0 
4.47567 14.9025 18.3856 
0.356489 0.0659096 0.0390955 
3784
0 0 0 
5.06769 15.9024 19.9719 
0.337859 0.0651245 0.0365911 
3788
0 0 0 
4.3414 14.7787 22.6878 
0.348686 0.0643075 0.0353255 
3792
0 0 0 
4.37945 16.0813 18.8025 
0.355393 0.0643561 0.036658 
3796
0 0 0 
4.81785 14.8969 21.7895 
0.340476 0.0641723 0.035217 
3800
0 0 0 
5.90152 16.4309 20.5588 
0.329251 0.064363 0.0361369 
3804
0 0 0 
4.37518 16.2587 16.1553 
0.350579 0.0631083 0.0375992 
3808
0 0 0 
4.05059 15.9091 21.925 
0.341587 0.0650065 0.0346611 
3812
0 0 0 
5.13035 16.2432 23.0921 
0.338794 0.0645972 0.0360269 
3816
0 0 0 
5.20816 15.6438 21.7407 
0.336836 0.0636243 0.0365533 
3824
0 0 0 
5.20102 16.0024 17.405 
0.336328 0.06501 0.0384405 
3828
0 0 
4.38851 16.6224 
0.349333 0.0640312 
3832
0 0 0 
4.51468 15.4474 17.6684 
0.346874 0.0651816 0.0390604 
3836
0 0 0 
4.79154 15.8097 17.9095 
0.35122 0.0638468 0.03888 
3840
0 0 0 
4.76595 15.339 22.32 
0.34101 0.0653829 0.0353686 
3844
0 0 0 
4.44821 16.5249 20.5767 
0.346091 0.0640247 0.0357268 
3848
0 0 0 
5.04576 15.0801 18.955 
0.346255 0.0649085 0.0355396 
3852
0 0 0 
4.16831 16.0907 9.12242 
0.362264 0.0642335 0.0745467 
3856
0 0 0 
4.48515 15.6913 8.98906 
0.346813 0.0637493 0.0435534 
3860
0 0 0 
4.51896 15.6443 10.7076 
0.348664 0.0649109 0.0432097 
3864
0 0 0 
4.67663 13.8594 17.6677 
0.344405 0.0662345 0.0394036 
3868
0 0 0 
4.54423 16.5641 17.5695 
0.347364 0.0644439 0.0387836 
3872
0 0 0 
4.52926 15.587 18.7188 
0.347764 0.0643812 0.0372968 
3880
0 0 0 
3.52791 15.6161 17.5326 
0.378655 0.064482 0.0396347 
3884
0 0 0 
4.63368 16.4158 19.7233 
0.346164 0.063927 0.0377239 
3888
0 0 0 
4.3378 16.2073 17.7232 
0.347744 0.0644806 0.0386852 
3892
0 0 0 
4.16964 15.4108 25.2817 
0.353124 0.0653663 0.0334276 
3896
0 0 0 
4.04754 16.4104 18.2034 
0.363527 0.064438 0.038116 
3900
0 0 0 
4.74599 15.0243 18.7245 
0.344903 0.0661516 0.0376665 
3904
0 0 0 
4.55776 16.99 22.2026 
0.345623 0.063608 0.0351755 
3908
0 0 0 
5.12008 15.3567 19.3864 
0.338897 0.0643592 0.0377735 
3912
0 0 0 
5.05805 15.6931 20.059 
0.343278 0.0648759 0.0354022 
3916
0 0 0 
4.44007 15.8622 18.385 
0.348162 0.0641189 0.0377469 
3920
0 0 0 
4.80962 14.2733 20.8332 
0.342415 0.0648825 0.0353883 
3924
0 0 0 
4.51277 15.7741 20.6623 
0.347098 0.065169 0.0368125 
3928
0 0 0 
4.84095 16.0856 17.5747 
0.349098 0.0643214 0.0396676 
3932
0 0 0 
4.72065 15.9898 17.7193 
0.349648 0.0650597 0.0395533 
3936
0 0 0 
4.49322 15.2348 19.039 
0.346292 0.0651634 0.0370388 
3940
0 0 0 
4.4028 17.1168 19.1548 
0.347863 0.0636619 0.0373106 
3944
0 0 0 
4.75141 14.4403 19.5105 
0.351118 0.0659897 0.0378399 
3948
0 0 0 
4.46428 15.4761 20.4694 
0.356788 0.0646 0.0381581 
3952
0 0 0 
5.06576 15.2851 21.0099 
0.345087 0.0652005 0.0363214 
3956
0 0 
15.0852 18.1295 
0.0644867 0.0390822 
3960
0 0 0 
4.78885 15.1392 22.3376 
0.350403 0.0650535 0.0361075 
3964
0 0 0 
4.85527 16.503 20.3133 
0.347393 0.0637002 0.0366104 
3968
0 0 
14.9244 16.0735 
0.0657983 0.0408302 
3972
0 0 
4.7372 16.0769 
0.344338 0.064844 
3976
0 0 
4.68772 16.3527 
0.344159 0.0646087 
3980
0 0 
4.75635 18.2538 
0.349426 0.0391616 
3984
0 
4.32263 
0.351198 
3988
0 
4.48372 
0.34942 
3992
0 0 
4.55286 15.493 
0.353835 0.0650382 
3996
0 0 0 
5.10191 13.23 20.2691 
0.343706 0.0715185 0.0371876 
4000
0 0 0 
4.4009 16.3093 20.7934 
0.347356 0.0639754 0.0364853 
4004
0 0 0 
4.61653 14.4787 20.192 
0.344377 0.0644481 0.0359378 
4008
0 0 0 
4.56256 15.3232 24.113 
0.35491 0.0651892 0.0342218 
4012
0 0 0 
4.88794 14.1121 20.5672 
0.342445 0.0652086 0.0355668 
4016
0 0 0 
4.89525 16.8397 18.2402 
0.349972 0.0637796 0.0389481 
4020
0 0 0 
4.99573 15.6705 17.6844 
0.339895 0.0649887 0.0393063 
4024
0 0 0 
4.59111 16.0588 21.6882 
0.345571 0.0650402 0.0364441 
4024
1 
15.9425 
-0.45404 
4028
0 0 0 
5.0194 16.3162 17.5157 
0.335414 0.0639148 0.0394371 
4032
0 0 0 
4.35362 15.4644 23.0009 
0.349667 0.0644923 0.0350825 
4032
1 
15.2485 
-0.444683 
4036
0 0 0 
4.41179 15.0363 17.8232 
0.349333 0.0650762 0.0363206 
4036
1 
11.5788 
-0.445878 
4040
1 
14.4732 
-0.449879 
4040
0 0 0 
4.34546 15.6471 21.8618 
0.349851 0.0652136 0.0353879 
4044
0 0 0 
4.4607 17.664 19.4033 
0.347491 0.0630829 0.0380491 
4048
0 0 0 
4.56159 15.5977 18.1218 
0.343841 0.0646042 0.0392135 
4052
0 0 0 
4.67723 16.1416 17.301 
0.351961 0.0641477 0.0389919 
4056
0 0 0 
4.79397 14.3268 21.1743 
0.341979 0.0647101 0.0358819 
4060
0 0 0 
5.12171 16.1754 21.5715 
0.339409 0.063875 0.0360476 
4064
0 0 0 
4.51692 14.9716 21.5777 
0.348143 0.0646718 0.0361381 
4068
0 0 0 
4.32309 15.9864 21.4375 
0.349161 0.0641074 0.0358008 
4072
0 0 0 
4.92756 17.3332 19.5634 
0.340503 0.0633326 0.0371142 
4076
0 0 0 
4.40598 15.2383 17.324 
0.348265 0.0647621 0.0403403 
4080
0 0 0 
4.51174 16.181 19.3086 
0.34646 0.0646748 0.0369875 
4084
0 0 0 
4.89482 15.1457 24.1146 
0.347852 0.0654139 0.0329492 
4088
0 0 0 
4.5493 17.0938 19.472 
0.345825 0.0636752 0.0376189 
4092
0 0 0 
5.15526 12.2729 22.0147 
0.337853 0.0746934 0.0353898 
4096
0 0 0 
3.6118 14.7838 18.9636 
0.374564 0.0651708 0.0372219 
4100
0 0 0 
4.15643 15.7517 21.1195 
0.35165 0.0651706 0.035786 
4104
0 0 0 
3.29899 15.9344 19.7861 
0.386396 0.0649074 0.0373151 
4108
0 0 0 
4.74794 14.8206 16.6228 
0.343455 0.0658321 0.0401864 
4112
0 0 0 
4.59997 13.8399 19.4414 
0.345995 0.0656602 0.0364738 
4116
0 0 0 
4.69839 16.0472 21.4065 
0.343918 0.0637897 0.0347609 
4120
0 0 0 
4.79432 14.2891 22.081 
0.342202 0.0652746 0.0349967 
4124
0 0 0 
4.5539 14.8559 22.5801 
0.347545 0.0656641 0.0347311 
4128
0 0 0 
4.47686 14.5776 20.7834 
0.3478 0.0647929 0.0355894 
4132
0 0 0 
4.77475 13.8375 18.3662 
0.344383 0.0659509 0.0383036 
4136
0 0 0 
4.42943 15.7328 19.6292 
0.348167 0.0644807 0.0368607 
4140
0 0 0 
4.60359 15.0706 19.0717 
0.346399 0.0655871 0.0374557 
4144
0 0 0 
3.90671 15.4708 23.8864 
0.366467 0.065231 0.0335396 
4148
0 0 0 
4.76349 16.2323 20.2905 
0.340906 0.06398 0.0355643 
4152
0 0 0 
4.96275 16.2068 20.818 
0.340001 0.0644654 0.03479 
4156
0 0 0 
4.44274 15.4407 20.9748 
0.347881 0.0691269 0.0360568 
4160
0 0 0 
4.7891 15.894 16.2293 
0.345403 0.0648652 0.0398457 
4164
0 0 0 
4.77261 15.4834 18.0709 
0.342465 0.064442 0.0389591 
4168
0 0 0 
4.75939 15.1389 19.4582 
0.339737 0.0653002 0.0372443 
4172
1 
13.709 
-0.448232 
4172
0 0 0 
4.30238 15.8811 23.4703 
0.349059 0.0645563 0.0344328 
4176
0 1 1 
17.2944 13.6344 7.17071 
-0.614628 -0.448857 -0.619091 
4176
0 0 0 
4.07563 16.3452 24.4259 
0.355146 0.0647356 0.0344156 
4180
1 0 1 
11.4597 18.5636 14.4802 
-0.62415 -0.614542 -0.445989 
4180
0 0 0 
4.89005 14.6084 18.6106 
0.340266 0.0655962 0.0377104 
4184
0 0 0 
4.43549 16.7751 23.929 
0.349342 0.0640405 0.035375 
4184
1 0 1 
10.6667 20.0045 13.9855 
-0.623655 -0.615298 -0.443639 
4188
0 0 0 
4.19294 15.8961 17.6622 
0.353936 0.0652607 0.0390483 
4192
0 0 0 
3.85322 15.5597 23.3367 
0.369527 0.0641062 0.0344669 
4192
1 0 1 
10.7256 16.083 11.7991 
-0.623921 -0.614253 -0.443916 
4196
0 0 0 
4.56505 17.2608 24.6107 
0.355 0.0635396 0.0344417 
4200
0 0 0 
4.44545 16.1105 22.6996 
0.34878 0.0637935 0.0347093 
4196
1 1 0 
8.0697 16.1535 17.923 
-0.631975 -0.445935 -0.614528 
4200
1 1 0 
9.07287 16.5058 17.059 
-0.622605 -0.444701 -0.61466 
4204
1 0 1 
9.6611 16.1458 14.8394 
-0.623707 -0.612073 -0.454147 
4204
0 0 1 0 
4.14606 15.9038 2.80101 20.1993 
0.353887 0.0653578 0.0831022 0.0362063 
4208
0 0 0 1 
4.45026 16.196 18.3598 3.08355 
0.349347 0.0646314 0.0383451 0.0894393 
4212
0 0 0 
4.84299 16.3468 20.1235 
0.342376 0.0650753 0.0367989 
4212
1 1 
10.242 13.737 
-0.624189 -0.444132 
4216
0 0 0 
4.41966 13.5279 19.6331 
0.349766 0.0660286 0.0366114 
4216
1 1 
14.9344 11.3286 
-0.44528 -0.626967 
4220
0 0 1 0 
4.51781 16.9542 3.35546 20.3353 
0.345603 0.0636831 0.0701822 0.0350288 
4224
0 0 0 
4.48565 15.8438 18.6988 
0.346634 0.0647795 0.0372107 
4220
1 1 
14.2593 11.2916 
-0.445094 -0.622778 
4224
1 1 
8.59033 15.9502 
-0.625086 -0.443782 
4228
1 1 
15.4344 9.15559 
-0.445146 -0.621387 
4232
0 0 0 
3.85876 15.1562 17.3977 
0.36799 0.0655147 0.0393113 
4232
1 0 1 
15.0159 17.1528 10.5503 
-0.445347 -0.612663 -0.62273 
4236
1 0 1 
14.1403 15.5292 10.6992 
-0.444244 -0.608508 -0.622885 
4236
0 0 0 
4.78137 16.2688 18.8495 
0.343308 0.0632942 0.0371153 
4240
1 1 0 
10.8269 13.9839 18.3406 
-0.618087 -0.454027 -0.614216 
4240
0 0 0 
4.82123 17.2936 24.4058 
0.341119 0.0636569 0.0343871 
4244
1 1 0 
9.75097 16.84 16.9492 
-0.624126 -0.445438 -0.614566 
4248
1 1 0 
10.0572 13.9442 13.6403 
-0.624104 -0.443764 -0.612386 
4248
0 0 0 
4.85722 16.9723 23.0203 
0.341006 0.0640079 0.0353875 
4252
0 0 0 
4.6071 15.4893 20 
0.355002 0.0648073 0.0369795 
4252
1 1 0 
10.883 14.2523 16.8281 
-0.624691 -0.44479 -0.614936 
4256
1 1 0 
9.93275 16.0466 17.5268 
-0.624154 -0.444113 -0.614641 
4256
0 0 0 
4.93807 16.8341 19.6207 
0.341517 0.063985 0.0379122 
4260
0 0 0 
4.42937 16.4993 23.2844 
0.346687 0.0639952 0.0336023 
4264
0 0 0 
4.98119 14.0472 22.0533 
0.337497 0.0654729 0.0354166 
4260
1 0 1 
9.96455 17.3091 13.592 
-0.624449 -0.614593 -0.442873 
4264
1 1 0 
9.72557 14.5579 17.57 
-0.625434 -0.443698 -0.614755 
4268
0 0 0 
3.64792 17.1835 20.3337 
0.373136 0.0636164 0.0361076 
4272
0 0 0 
4.54801 16.2906 21.2209 
0.344687 0.0647574 0.0358482 
4268
1 1 0 
8.82447 13.1357 15.7924 
-0.630632 -0.443257 -0.615206 
4276
1 1 0 
11.759 14.0427 15.0864 
-0.624736 -0.444116 -0.611217 
4276
0 0 0 
4.41155 17.3425 25.1085 
0.349716 0.0638026 0.0346009 
4280
1 1 
14.9973 9.64084 
-0.453965 -0.622864 
4280
0 0 0 
5.19264 16.8839 22.3481 
0.336895 0.063592 0.0355917 
4284
1 
13.816 
-0.444067 
4284
0 0 0 
4.31145 17.5046 22.5693 
0.338101 0.0633262 0.034935 
4288
1 
14.4868 
-0.444859 
4288
0 0 0 
4.84583 16.2599 20.074 
0.324548 0.0648826 0.0369602 
4292
1 
16.212 
-0.454373 
4292
0 0 
16.1931 23.0528 
0.0637144 0.034942 
4296
1 
13.3337 
-0.448984 
4300
0 0 
15.4537 22.2358 
0.0648122 0.0351716 
4304
0 0 0 1 
6.25448 15.9251 21.2773 3.06731 
0.313105 0.0643832 0.0355489 0.0656343 
4300
1 
13.5092 
-0.453122 
4304
1 
13.0251 
-0.448049 
4308
0 0 0 1 
4.22431 16.6775 19.4555 2.6151 
0.322999 0.0638957 0.0350795 0.0436185 
