0
1 1 1 1 0 1 
2.59456 7.93458 13.2572 9.95337 15.8089 17.7671 
-0.422197 -0.162627 -0.511651 -0.11162 -0.688741 -0.401095 
4
1 1 1 1 0 1 
2.73053 7.15865 13.044 12.0379 13.3315 15.8876 
-0.424176 -0.159983 -0.509087 -0.114927 -0.688291 -0.399636 
0
0 0 0 0 
2.80797 7.02594 10.4442 18.0991 
0.59147 0.186423 0.0989824 0.0508214 
4
0 0 0 0 
2.76471 7.58979 11.3288 20.4345 
0.594118 0.192683 0.0923728 0.0487507 
8
0 0 0 0 
2.85048 6.8469 11.2422 13.2104 
0.589211 0.197619 0.0932375 0.0551066 
8
1 1 1 1 0 1 
2.77599 6.19407 11.9871 12.9293 11.9015 16.3543 
-0.423973 -0.152035 -0.11514 -0.515101 -0.687312 -0.400186 
12
0 0 0 0 
2.94677 7.03065 8.64659 18.3894 
0.586233 0.185399 0.104806 0.049977 
12
1 1 1 1 1 1 0 
2.6221 7.91978 12.3289 12.3976 9.46027 15.4024 11.6806 
-0.422795 -0.161538 -0.510758 -0.112185 -0.76517 -0.399608 -0.687218 
16
1 1 1 1 1 
2.8556 7.2036 12.0264 7.75638 15.0543 
-0.414447 -0.160027 -0.510176 -0.763798 -0.399224 
16
0 0 0 0 
2.89914 6.07732 10.8204 16.6307 
0.590202 0.184334 0.0995364 0.055321 
20
0 0 0 0 
2.73248 7.42565 10.1456 16.6632 
0.591885 0.187998 0.104806 0.0552297 
24
0 0 0 0 
2.72618 11.9547 7.31047 17.7619 
0.595773 0.0911388 0.190015 0.0489021 
20
1 1 1 1 1 
2.67095 7.07808 11.0299 15.6481 9.16004 
-0.427556 -0.159657 -0.111723 -0.399213 -0.763198 
24
1 1 1 1 1 
2.7503 6.53595 14.2248 10.8032 16.1584 
-0.421278 -0.153539 -0.5196 -0.112443 -0.399993 
28
1 1 1 1 1 
2.79806 7.79543 13.8414 17.4076 11.1486 
-0.425646 -0.166973 -0.510493 -0.401116 -0.112163 
28
0 0 0 0 
2.98757 6.27369 11.283 15.2307 
0.590098 0.181022 0.0940028 0.0563593 
32
0 0 0 0 
2.78802 6.2503 10.3275 16.2096 
0.592323 0.199683 0.10381 0.0556998 
36
0 0 0 0 
2.77079 7.263 8.02074 14.6406 
0.594751 0.194176 0.0906254 0.0539593 
32
1 1 1 1 1 
2.70032 6.66222 14.8613 10.8206 15.1937 
-0.421866 -0.155715 -0.516657 -0.115793 -0.400369 
36
1 1 1 1 1 
2.61088 7.91784 11.5673 13.9512 17.3849 
-0.421927 -0.162802 -0.520825 -0.116721 -0.400241 
40
1 1 1 1 0 1 
2.8597 7.09363 13.8582 11.3722 11.8479 15.7832 
-0.428666 -0.156748 -0.510317 -0.114032 -0.685911 -0.399892 
40
0 0 0 0 
2.7166 7.09728 11.8318 18.9986 
0.593864 0.185764 0.091865 0.0493788 
44
1 1 1 0 1 1 
2.96922 6.64228 11.1447 11.073 12.6409 15.9729 
-0.424849 -0.153465 -0.521654 -0.687912 -0.11432 -0.400448 
48
1 1 1 1 1 0 
2.49619 7.25519 14.2576 11.7053 16.6444 17.7099 
-0.421266 -0.165734 -0.511083 -0.109709 -0.400703 -0.690657 
44
0 0 0 0 
2.75924 8.19614 10.4807 17.8181 
0.59446 0.182001 0.100199 0.051518 
48
0 0 0 0 
2.76289 6.27464 10.5665 17.4056 
0.596752 0.191707 0.0995208 0.0511551 
52
0 0 0 0 
2.8501 6.74984 7.0389 16.345 
0.591173 0.191986 0.0931939 0.0556029 
56
0 0 0 0 
2.68262 6.91592 9.60135 16.4949 
0.598779 0.187504 0.101476 0.0551918 
52
1 1 1 1 1 1 
2.6886 6.82188 14.1744 15.5509 11.4978 13.3362 
-0.421464 -0.15397 -0.511634 -0.400549 -0.104228 -0.110847 
56
1 1 1 1 1 
2.71611 6.4394 11.2906 11.1914 14.4657 
-0.423591 -0.15454 -0.521753 -0.113041 -0.399257 
60
1 1 1 1 1 
2.84969 6.75703 10.898 11.7496 17.6685 
-0.427942 -0.154898 -0.519692 -0.117982 -0.400222 
60
0 0 0 0 
2.63437 7.5547 7.5679 15.8563 
0.600349 0.190152 0.091238 0.0562605 
64
1 1 1 1 0 1 
2.62065 6.81582 13.2276 11.7252 10.9869 18.0473 
-0.423482 -0.155478 -0.509558 -0.115695 -0.68799 -0.401247 
68
1 1 1 0 1 1 
2.83967 7.10336 10.7653 11.8424 11.7774 15.9204 
-0.425746 -0.1563 -0.519961 -0.688402 -0.111825 -0.398937 
64
0 0 0 0 
3.0032 5.90294 11.7444 19.3119 
0.588001 0.185223 0.0921064 0.0496658 
68
0 0 0 0 
2.71489 8.409 11.6471 14.2101 
0.600973 0.185703 0.0925682 0.0541786 
72
1 1 1 0 1 1 1 
2.8461 6.55607 13.5673 11.4798 11.2656 17.0705 13.872 
-0.424167 -0.153543 -0.509836 -0.687759 -0.104954 -0.400489 -0.110624 
76
1 1 1 1 1 
2.52219 7.51989 11.7559 12.3272 14.231 
-0.420136 -0.161847 -0.112998 -0.514593 -0.399664 
72
0 0 0 0 
2.65766 6.45327 10.0953 19.2632 
0.597042 0.199255 0.104959 0.0498139 
76
0 0 0 0 
2.93715 7.84527 7.86738 15.6391 
0.589561 0.190166 0.0950384 0.0499225 
80
0 0 0 0 
2.6857 6.6744 7.5323 15.4754 
0.597931 0.189749 0.0925738 0.0504361 
80
1 1 1 1 0 1 
2.68559 7.21551 14.5787 14.3759 13.7878 15.4651 
-0.423956 -0.160638 -0.107723 -0.510094 -0.688903 -0.399451 
84
0 0 0 0 
2.94241 6.44276 11.6674 15.9236 
0.589158 0.19853 0.0917232 0.0561034 
84
1 1 1 1 
2.87226 7.51975 12.8723 18.0583 
-0.423144 -0.161658 -0.106612 -0.401203 
88
0 0 0 0 
2.50715 6.8243 9.55835 18.1339 
0.604441 0.190034 0.105283 0.0511448 
92
0 0 0 0 
2.86315 6.40189 11.6123 16.0477 
0.590102 0.201244 0.0922444 0.0549655 
88
1 1 1 1 0 1 
2.69455 6.95181 11.527 16.9397 13.9038 11.7439 
-0.424926 -0.156057 -0.514703 -0.401254 -0.689274 -0.113856 
92
1 1 1 1 1 
2.6408 8.08024 10.4184 10.9349 16.5826 
-0.421073 -0.161494 -0.520956 -0.114746 -0.400719 
96
0 0 0 0 
2.58164 6.44278 10.9394 15.8285 
0.603727 0.190831 0.0942378 0.0560867 
100
0 0 0 0 
2.79361 6.31434 8.25892 19.4505 
0.591982 0.200725 0.0922877 0.0493217 
100
1 1 1 0 1 1 
2.54675 7.12665 13.984 11.3014 11.5643 15.0795 
-0.418926 -0.157265 -0.511003 -0.687827 -0.112096 -0.400086 
104
1 1 1 1 1 1 
2.74986 7.3869 12.4681 12.7725 11.7334 17.2178 
-0.428486 -0.157089 -0.51041 -0.110209 -0.103788 -0.400678 
104
0 0 0 0 
2.67079 5.83952 10.7742 17.3289 
0.602697 0.184951 0.0940298 0.051374 
108
1 1 1 1 1 1 
2.94549 8.019 11.4498 10.7069 17.288 12.739 
-0.428826 -0.161519 -0.760896 -0.521135 -0.400961 -0.117554 
108
0 0 0 0 
2.60602 5.91157 8.6386 18.8547 
0.601101 0.204765 0.0914487 0.0499008 
112
0 0 0 0 
2.70694 8.38689 9.13801 15.7851 
0.601636 0.188297 0.101777 0.0560173 
116
0 0 0 0 
2.73227 5.39876 10.7062 12.8492 
0.595021 0.184503 0.098533 0.0552404 
116
1 1 1 1 1 0 1 
2.85527 6.59554 11.0329 10.731 11.1879 11.1559 16.5866 
-0.423655 -0.153189 -0.761774 -0.519677 -0.11279 -0.686604 -0.400304 
120
0 0 0 0 
2.87652 6.83463 11.5564 18.4628 
0.59242 0.187507 0.0917118 0.0505356 
120
1 1 1 1 1 0 1 
2.59425 6.84702 10.312 10.3601 15.5774 10.6264 14.0453 
-0.419379 -0.160451 -0.760697 -0.508287 -0.399288 -0.686794 -0.116588 
124
1 1 1 1 0 1 1 
2.81646 6.60301 9.56408 11.6621 11.8454 11.8086 14.9707 
-0.425335 -0.153477 -0.760608 -0.520683 -0.687455 -0.115337 -0.399902 
128
1 1 1 1 1 1 1 
2.66766 6.86089 9.92215 12.7036 16.0573 12.6666 12.7272 
-0.42358 -0.15488 -0.759867 -0.509666 -0.400153 -0.105869 -0.110037 
128
0 0 0 0 
2.73689 6.88406 10.4826 17.7431 
0.598248 0.196332 0.0992715 0.0510052 
132
1 1 1 1 0 1 1 
2.4457 7.1325 11.8337 8.35433 12.9252 15.787 10.688 
-0.420649 -0.154924 -0.510107 -0.759117 -0.685859 -0.399211 -0.112652 
132
0 0 0 0 
2.67259 6.69966 11.1258 18.0879 
0.596617 0.185841 0.0926597 0.0508413 
136
1 1 1 1 1 1 0 
2.72554 7.76278 9.85368 14.4579 11.84 16.0064 12.2558 
-0.423109 -0.161864 -0.762065 -0.106188 -0.508228 -0.399723 -0.687532 
140
0 0 0 0 
2.90655 6.84137 9.41938 17.3155 
0.588605 0.195598 0.103946 0.0507232 
140
1 1 1 1 0 1 1 
2.89283 7.47184 9.29435 13.5741 12.2328 11.6111 17.4916 
-0.425426 -0.160239 -0.760902 -0.110056 -0.6859 -0.104334 -0.400949 
144
1 1 1 1 1 0 1 
2.782 6.624 9.89515 16.2641 16.416 15.8594 11.6902 
-0.423744 -0.154435 -0.761003 -0.51115 -0.399935 -0.691311 -0.111622 
144
0 0 0 0 
2.79437 7.083 10.7393 19.0736 
0.598002 0.190514 0.0933225 0.0497886 
148
1 1 1 1 1 0 1 1 
2.52668 7.60325 10.1741 12.0703 15.9247 11.1971 12.7386 16.279 
-0.417352 -0.160791 -0.762921 -0.520148 -0.400095 -0.687592 -0.110739 -0.108806 
148
0 0 0 0 
3.12095 8.43734 10.8 15.8712 
0.580842 0.189261 0.0933307 0.0549291 
152
0 0 0 0 
2.70105 7.38002 9.92572 20.2664 
0.593829 0.185202 0.100708 0.0496218 
156
1 1 1 1 1 1 0 
2.68402 6.74409 9.90301 11.6664 17.8103 12.1903 15.9744 
-0.423469 -0.15367 -0.760804 -0.522129 -0.400942 -0.116661 -0.690202 
156
0 0 0 0 
2.63425 7.60681 11.1461 19.1916 
0.601388 0.191323 0.0979557 0.0500689 
160
0 0 0 0 
2.71626 5.94921 11.616 18.8464 
0.596681 0.194606 0.0915331 0.0498929 
168
0 0 0 0 
2.59425 7.39554 11.1478 18.6228 
0.60189 0.192018 0.0985158 0.0502809 
160
1 1 1 1 1 0 1 
2.77222 6.6442 10.6249 13.3943 10.0655 11.3114 17.0204 
-0.423884 -0.154915 -0.761092 -0.514754 -0.112071 -0.687349 -0.400846 
164
1 1 1 1 1 0 1 1 
2.86625 6.43396 9.81647 10.5277 16.5107 10.7601 11.3431 13.0374 
-0.427807 -0.153135 -0.761067 -0.508133 -0.399549 -0.687069 -0.102994 -0.110753 
168
1 1 1 1 1 
2.82417 6.91583 9.58854 14.0955 15.6496 
-0.424789 -0.166339 -0.754496 -0.51142 -0.400046 
172
0 0 0 0 
2.76007 6.61632 11.6626 14.2984 
0.591958 0.200155 0.0920307 0.0510234 
172
1 1 1 1 1 
2.73514 7.29153 10.6383 12.1252 15.9777 
-0.422725 -0.16601 -0.521762 -0.113889 -0.400929 
176
0 0 0 0 
2.64127 7.12388 10.5723 17.7172 
0.5991 0.192338 0.0994467 0.0510803 
180
0 0 0 0 
2.85191 11.7003 7.20754 19.4347 
0.58868 0.0922181 0.196487 0.0497829 
180
1 1 1 1 1 1 
2.57009 6.96499 10.8186 11.8254 10.9843 16.2225 
-0.422942 -0.15493 -0.508892 -0.761951 -0.111925 -0.399312 
184
0 0 0 
2.90547 7.29926 12.5394 
0.595398 0.188257 0.0903591 
184
1 1 1 0 1 1 1 
2.56949 7.1416 10.7223 11.4212 15.4657 12.4114 8.60732 
-0.419697 -0.159886 -0.507568 -0.684613 -0.399739 -0.114839 -0.763377 
188
0 0 0 0 
2.85563 5.91411 8.85423 15.9815 
0.594116 0.183016 0.0910946 0.0550953 
192
0 0 0 0 
2.92435 5.67066 10.7379 15.2353 
0.589665 0.184288 0.0977114 0.0554175 
188
1 1 1 0 1 1 
2.60291 8.16685 12.9582 12.5957 16.8508 16.6046 
-0.421674 -0.162326 -0.509662 -0.686835 -0.40102 -0.116334 
192
1 1 0 1 1 1 
2.62766 6.54261 12.5726 13.1471 16.4333 12.0665 
-0.42046 -0.154137 -0.686095 -0.509883 -0.399751 -0.113334 
196
1 1 1 1 1 
2.76929 7.63691 13.2315 16.3833 12.7047 
-0.42642 -0.161534 -0.510279 -0.399981 -0.117304 
200
1 1 1 0 1 1 
2.74698 7.1713 12.8994 11.3297 11.4975 15.9928 
-0.422873 -0.160328 -0.511533 -0.687454 -0.114345 -0.399997 
200
0 0 0 0 
2.80994 6.61854 11.0814 18.4427 
0.591769 0.199695 0.0978922 0.0501613 
204
0 0 0 0 
2.84949 9.01537 11.6101 16.0357 
0.596371 0.186936 0.0913958 0.0556063 
208
1 1 1 0 1 1 
2.74404 6.80979 11.2541 12.0696 12.7862 16.4133 
-0.42626 -0.165087 -0.511164 -0.686924 -0.114682 -0.400522 
212
1 1 1 1 0 1 
2.58444 6.8138 15.0251 13.2606 10.5733 16.5882 
-0.420622 -0.154487 -0.511071 -0.110373 -0.687483 -0.4 
208
0 0 0 0 
2.73691 5.68181 11.2291 18.8978 
0.597273 0.184593 0.092504 0.0501885 
216
1 1 1 0 1 1 
2.73111 6.77097 13.8938 11.8125 16.3533 11.4243 
-0.426999 -0.154396 -0.509584 -0.685768 -0.399914 -0.112316 
212
0 0 0 0 
2.79158 6.54734 11.8234 13.7637 
0.594124 0.19766 0.0954267 0.0545208 
216
0 0 0 0 
2.78148 8.28737 11.17 17.6348 
0.591816 0.193066 0.0932448 0.0509563 
220
1 1 1 1 0 1 
2.69436 6.93523 12.6827 10.6692 10.6525 15.8993 
-0.421485 -0.160252 -0.509966 -0.111677 -0.688525 -0.399297 
220
0 0 0 0 
2.72911 7.05178 11.1218 19.233 
0.59659 0.191101 0.0934787 0.0501636 
224
1 1 1 1 1 
2.68505 6.36596 11.7456 10.4611 16.3853 
-0.422998 -0.153993 -0.515097 -0.111771 -0.400996 
224
0 0 0 0 
2.91956 7.39652 10.7623 16.8506 
0.587037 0.193636 0.103 0.0485937 
232
0 0 0 0 
2.32606 7.20898 11.2236 18.4788 
0.616639 0.183921 0.0927057 0.0501661 
232
1 1 1 0 1 1 1 
2.67605 6.75108 11.1417 12.1566 12.2931 15.3322 12.8006 
-0.422969 -0.154808 -0.514515 -0.686922 -0.110273 -0.400478 -0.106279 
236
1 1 1 1 0 1 
2.60101 6.75017 10.61 14.0467 12.0347 10.8306 
-0.421254 -0.154499 -0.520588 -0.398891 -0.68667 -0.112433 
236
0 0 0 0 
3.02307 8.13656 8.70493 16.8132 
0.589204 0.188119 0.0921963 0.0553528 
240
0 0 0 0 
2.70243 6.48336 8.35524 18.043 
0.610077 0.194964 0.0915451 0.0502973 
244
0 0 0 0 
2.76223 8.42298 11.8536 17.5677 
0.5925 0.187569 0.0913498 0.0514332 
248
0 0 0 0 
2.59971 6.93207 10.1103 15.4737 
0.599537 0.19603 0.0986936 0.055634 
244
1 1 1 1 0 1 
2.69652 7.56646 12.1215 10.9468 11.0736 16.5277 
-0.424943 -0.161935 -0.52003 -0.112457 -0.688123 -0.400589 
248
1 1 1 0 1 1 
2.71146 7.05601 13.8094 11.5792 11.6811 15.8648 
-0.425584 -0.155834 -0.509832 -0.686276 -0.112558 -0.400169 
252
0 0 0 0 
2.82093 7.10905 11.1176 16.3825 
0.587207 0.194358 0.0931536 0.0553882 
256
1 1 1 1 1 
2.68448 7.45932 12.9774 12.007 14.7378 
-0.422675 -0.161873 -0.509819 -0.117329 -0.399141 
256
0 0 0 0 
2.71932 6.15534 11.9054 13.5172 
0.59929 0.18379 0.0920074 0.0554829 
260
0 0 0 0 
2.59922 4.73551 10.7775 18.1544 
0.603631 0.218383 0.0942144 0.0507667 
260
1 1 1 0 1 1 
2.88988 6.88725 13.3379 11.8106 17.7341 11.0289 
-0.427642 -0.158875 -0.510959 -0.684486 -0.399907 -0.115933 
264
1 1 1 1 1 0 
2.47136 7.62699 11.2886 12.5758 15.0774 11.7343 
-0.418519 -0.161721 -0.111762 -0.511488 -0.400228 -0.685983 
268
1 1 1 1 1 
2.59211 6.5191 13.4431 11.4142 16.8679 
-0.424136 -0.153238 -0.511016 -0.111698 -0.400946 
272
1 1 1 1 1 0 
2.8109 7.08335 14.5251 16.2136 11.7209 14.4792 
-0.430055 -0.156539 -0.511429 -0.400845 -0.112705 -0.688908 
268
0 0 0 0 
2.74381 6.37795 11.1964 15.3917 
0.599015 0.193398 0.0941223 0.0560981 
272
0 0 0 0 
2.73445 6.22633 11.4165 15.9708 
0.59645 0.191416 0.0917384 0.0561683 
276
0 0 0 0 
2.94385 7.11006 8.6487 13.8269 
0.587399 0.196419 0.0929156 0.0545308 
276
1 1 1 1 0 1 1 
2.64146 6.31557 10.2642 13.0285 11.0287 15.0856 12.2159 
-0.422001 -0.153316 -0.507854 -0.10995 -0.685684 -0.399619 -0.10403 
280
0 0 0 0 
2.7491 7.46746 11.3436 18.6344 
0.594773 0.180952 0.097795 0.0503302 
284
0 0 0 0 
2.77919 8.47121 10.0423 18.8859 
0.592887 0.187174 0.101256 0.0500104 
280
1 1 1 0 1 1 
2.97731 6.58641 13.4698 10.2522 16.0661 10.1804 
-0.429615 -0.15475 -0.510359 -0.687601 -0.400333 -0.115295 
288
0 0 0 0 
2.74886 7.73369 12.4876 18.3583 
0.597072 0.190348 0.0911718 0.050361 
288
1 1 1 0 1 1 
2.63 6.7092 15.1192 11.8705 11.1126 17.3307 
-0.420052 -0.153716 -0.51111 -0.686067 -0.115187 -0.399387 
292
1 1 1 1 1 
2.67892 7.32123 12.941 10.3449 15.3539 
-0.4234 -0.156849 -0.510986 -0.112619 -0.399407 
292
0 0 0 0 
2.66279 7.03869 10.5896 13.746 
0.600306 0.19564 0.0990447 0.0523615 
296
0 0 0 0 
2.89743 6.06399 11.3818 15.6579 
0.599283 0.184524 0.0967202 0.0534119 
300
1 1 1 1 1 0 
2.98811 7.69111 15.5536 12.9325 10.7529 13.7862 
-0.431289 -0.162072 -0.400115 -0.509614 -0.11227 -0.682492 
300
0 0 0 0 
2.93976 6.69116 10.2784 18.2498 
0.59336 0.183364 0.10038 0.0507449 
304
0 0 0 0 
2.78946 8.30473 10.8379 15.3346 
0.5957 0.187729 0.098405 0.0539274 
304
1 1 1 1 0 1 
2.64054 7.70237 15.3146 11.2782 11.8075 15.5901 
-0.424587 -0.164094 -0.510762 -0.11285 -0.686105 -0.400539 
308
1 1 1 1 1 
2.74652 6.69339 13.5772 10.4065 17.6414 
-0.427118 -0.15361 -0.520438 -0.111628 -0.400582 
308
0 0 0 0 
2.94692 7.95074 9.98422 15.5984 
0.591828 0.187032 0.100987 0.0491757 
312
1 1 0 1 1 1 
2.78583 8.1586 11.2351 10.0349 13.1822 16.9501 
-0.417663 -0.162132 -0.687496 -0.507265 -0.116174 -0.400692 
312
0 0 0 0 
2.81386 7.66019 11.3643 17.4824 
0.594177 0.182878 0.0927327 0.051411 
316
0 0 0 0 
2.75939 8.43427 12.2084 17.6459 
0.591101 0.184681 0.0910769 0.0508157 
320
0 0 0 0 
2.8515 7.29476 8.99849 13.8069 
0.59151 0.193747 0.106229 0.0544636 
324
0 0 0 0 
2.95321 7.09201 10.657 13.7289 
0.589495 0.194596 0.0944533 0.0548068 
324
1 1 1 1 1 
2.92949 8.05087 14.3881 17.5924 12.8634 
-0.425828 -0.1614 -0.509419 -0.400899 -0.112771 
328
0 0 0 0 
2.75596 7.34118 11.2142 18.4005 
0.598033 0.189342 0.0972332 0.0532066 
328
1 1 1 1 0 1 
2.84811 6.58386 12.543 10.2256 15.4389 16.9875 
-0.430662 -0.153781 -0.510276 -0.112873 -0.687198 -0.400817 
332
1 1 1 1 1 
2.73213 7.43465 14.26 10.6312 18.6386 
-0.423155 -0.160278 -0.510881 -0.114341 -0.401251 
332
0 0 0 0 
2.61348 7.76997 12.1339 17.1267 
0.598641 0.188776 0.0918229 0.0543298 
336
1 1 1 0 1 1 
2.89812 6.39241 14.9595 10.2834 15.9673 12.924 
-0.426383 -0.152845 -0.514802 -0.687152 -0.399911 -0.114855 
340
1 1 1 1 0 1 
2.7334 7.29285 13.886 10.4523 11.8947 17.0756 
-0.423016 -0.160734 -0.510807 -0.112774 -0.682235 -0.400533 
340
0 0 0 0 
2.69086 7.91728 11.3866 15.6849 
0.595714 0.190109 0.0975486 0.0557365 
344
1 1 1 1 1 
2.77349 6.24303 10.8826 11.4138 16.4287 
-0.424161 -0.151472 -0.113554 -0.508312 -0.399868 
344
0 0 0 0 
2.7235 6.63281 10.7829 15.495 
0.598464 0.196948 0.0941029 0.0559525 
348
0 0 0 0 
3.10717 7.75602 10.9979 15.6619 
0.579949 0.190798 0.0980977 0.0551567 
348
1 1 1 0 1 1 1 
2.53191 7.39702 11.8721 15.584 16.1345 12.9746 10.2528 
-0.418499 -0.165495 -0.508654 -0.68926 -0.400113 -0.110563 -0.102865 
352
1 1 1 1 1 
2.87353 7.3998 13.1662 16.3993 12.297 
-0.423981 -0.160308 -0.51047 -0.400911 -0.112802 
352
0 0 0 0 
2.76339 7.16185 7.89332 18.0645 
0.594081 0.190793 0.0928769 0.0506967 
356
0 0 0 0 
2.79702 6.64908 8.65872 18.32 
0.595794 0.198422 0.10642 0.0503855 
356
1 1 1 1 0 1 
2.5556 7.49046 11.3472 11.9365 10.8562 15.4088 
-0.418257 -0.160784 -0.510202 -0.112178 -0.686825 -0.399459 
360
1 1 1 1 1 0 
2.86388 6.61551 13.8411 12.0499 16.3538 17.5208 
-0.428315 -0.152712 -0.515027 -0.111411 -0.40034 -0.689688 
360
0 0 0 0 
2.92569 7.07719 10.8202 19.2265 
0.590218 0.196033 0.0934848 0.0500884 
368
0 0 0 0 
2.73878 7.07252 11.6681 14.3509 
0.598342 0.189724 0.092228 0.0539998 
368
1 1 1 1 0 1 
2.66728 7.65672 12.749 13.4135 11.1713 17.0392 
-0.422685 -0.161398 -0.11114 -0.510442 -0.687923 -0.400049 
372
1 1 1 1 0 1 
2.60001 6.63979 12.7838 11.8702 13.9457 17.0207 
-0.419184 -0.15452 -0.509692 -0.110585 -0.688649 -0.40096 
376
1 1 1 0 1 1 
2.79682 6.98819 11.515 11.9118 16.41 13.1711 
-0.421561 -0.154442 -0.521014 -0.686597 -0.400028 -0.11234 
380
1 1 1 1 1 
2.78426 6.32293 10.7554 16.4544 11.0291 
-0.423279 -0.152283 -0.507695 -0.40014 -0.112786 
384
1 1 1 1 1 
2.6869 7.59396 17.4224 12.7326 11.8062 
-0.420737 -0.16179 -0.401265 -0.509297 -0.114253 
372
0 0 0 0 
2.82552 8.55421 11.1809 16.0181 
0.597075 0.187332 0.0924987 0.0549875 
376
0 0 0 0 
2.78761 7.21652 11.7276 17.8264 
0.592787 0.194957 0.0916699 0.0513371 
380
0 0 0 0 
2.81191 6.64412 8.37722 18.0665 
0.597123 0.186502 0.0929519 0.0505722 
388
0 0 0 0 
2.92923 7.72125 11.2806 15.6215 
0.588933 0.187877 0.0925558 0.0537008 
388
1 1 1 0 1 1 
2.80767 6.71314 13.4354 11.289 13.3113 16.8111 
-0.428835 -0.154244 -0.514696 -0.685614 -0.116665 -0.400915 
392
1 1 1 0 1 1 
3.11991 6.32143 9.60089 13.6494 16.2764 11.6571 
-0.430105 -0.153617 -0.508678 -0.688601 -0.399886 -0.113382 
392
0 0 0 0 
2.95258 6.67669 11.5178 20.0588 
0.586821 0.1932 0.0924552 0.0492226 
396
0 0 0 0 
2.95712 7.09566 8.55994 18.7526 
0.587268 0.195241 0.0897417 0.05005 
400
1 1 1 1 1 0 
2.74397 6.13297 12.7482 11.1161 16.4538 10.6409 
-0.425358 -0.151813 -0.509646 -0.112129 -0.400214 -0.685788 
404
1 1 1 0 1 
2.84436 6.86984 14.3169 13.5953 15.1159 
-0.422727 -0.155492 -0.515846 -0.688876 -0.399917 
400
0 0 0 0 
2.55779 7.09997 8.06756 13.3394 
0.603556 0.190478 0.0936744 0.0563363 
404
0 0 0 0 
3.27811 7.18355 11.6838 16.3757 
0.584135 0.192921 0.0921402 0.054625 
408
1 1 1 1 1 
2.55874 6.58841 13.6952 12.2567 16.5705 
-0.425608 -0.155434 -0.514754 -0.109931 -0.400371 
408
0 0 0 0 
2.62214 6.28456 12.2867 16.3144 
0.601173 0.195933 0.0915021 0.0546223 
412
0 0 0 0 
2.98141 7.42443 11.8948 16.5856 
0.588322 0.194467 0.0920841 0.0550032 
416
0 0 0 0 
2.97579 8.67524 9.57863 17.9229 
0.581263 0.185964 0.102043 0.050228 
412
1 1 1 1 0 1 1 
2.81844 7.02033 13.4666 13.1207 12.3872 17.0441 17.3234 
-0.425541 -0.154668 -0.509829 -0.110412 -0.68662 -0.400219 -0.109005 
420
1 1 1 1 0 1 
2.59093 6.96079 11.5576 11.1628 12.0604 17.2569 
-0.43319 -0.154738 -0.521159 -0.115456 -0.688478 -0.400388 
424
1 1 1 0 1 1 
2.91548 6.93133 13.0609 12.2447 15.265 11.555 
-0.425677 -0.154165 -0.508985 -0.68837 -0.399313 -0.112296 
424
0 0 0 0 
2.71616 6.96296 11.2961 15.9698 
0.59616 0.189884 0.0934148 0.055452 
428
1 1 1 1 1 
2.64771 6.94384 14.4435 16.3353 10.9704 
-0.425289 -0.155105 -0.510629 -0.400393 -0.111693 
432
1 1 1 1 1 0 1 
2.67361 6.67895 13.281 12.3356 16.9418 13.7768 12.4806 
-0.423614 -0.153997 -0.509104 -0.110264 -0.400455 -0.68898 -0.104582 
436
1 1 1 0 1 1 
2.62933 7.17859 12.6286 12.1338 16.5314 12.2541 
-0.421223 -0.155383 -0.509659 -0.687456 -0.400085 -0.112917 
428
0 0 0 0 
3.11263 6.95364 9.88801 13.0984 
0.582324 0.190632 0.1021 0.0549428 
432
0 0 0 0 
2.76817 6.79712 11.3911 16.5656 
0.591911 0.187589 0.0931757 0.0548552 
440
1 1 1 1 0 
2.63004 6.88117 16.5804 12.5416 10.439 
-0.424015 -0.155279 -0.400544 -0.111239 -0.686382 
440
0 0 0 0 
2.76477 6.97625 11.12 15.9899 
0.590791 0.183537 0.0935627 0.0558769 
444
0 0 0 0 
2.60795 10.9786 6.7073 15.6847 
0.602632 0.0938983 0.192517 0.055824 
444
1 1 1 0 1 1 
2.8745 7.11752 12.4511 11.0882 9.86432 15.085 
-0.42583 -0.154814 -0.508874 -0.686535 -0.110371 -0.399938 
448
0 0 0 0 
2.80936 8.36203 11.0994 17.216 
0.597341 0.181119 0.0972069 0.0547607 
448
1 1 1 0 1 1 
2.64451 7.118 11.6354 13.3177 15.3209 11.9341 
-0.420696 -0.15507 -0.509805 -0.686559 -0.399608 -0.111531 
452
1 1 1 0 1 1 1 
2.72569 6.80195 11.9064 12.3798 17.7645 12.3158 10.9635 
-0.423481 -0.154227 -0.510682 -0.686077 -0.400863 -0.110334 -0.102071 
456
1 1 1 1 1 0 1 
2.80458 8.60037 11.9964 13.1654 17.1179 11.4876 12.4979 
-0.423906 -0.167455 -0.516147 -0.110285 -0.400949 -0.686629 -0.105517 
460
0 0 0 
2.78975 6.4456 11.8022 
0.593291 0.1886 0.0916621 
460
1 1 1 0 1 1 
2.74344 7.31552 12.8365 11.3182 16.7106 11.8692 
-0.425901 -0.162268 -0.509079 -0.687279 -0.400191 -0.116552 
464
0 0 0 0 
2.90217 7.53885 10.8757 16.735 
0.591226 0.193362 0.0932342 0.0545693 
464
1 1 1 0 1 1 
2.69012 8.90177 9.65038 11.7096 12.1991 14.4672 
-0.42132 -0.163437 -0.506171 -0.685737 -0.117132 -0.399603 
468
0 0 0 0 
2.46394 8.47408 11.4477 16.7458 
0.607048 0.187875 0.0926974 0.0547375 
468
1 1 1 1 1 
2.81553 6.32034 11.3412 14.3362 17.4624 
-0.424739 -0.152095 -0.508579 -0.118 -0.3999 
472
0 0 0 0 
2.75374 6.68748 11.2907 16.327 
0.59287 0.198594 0.0976012 0.0544628 
476
1 1 1 1 1 
2.78706 7.87407 13.7079 18.2712 13.1818 
-0.427107 -0.167281 -0.509059 -0.401066 -0.11379 
476
0 0 0 0 
2.57412 6.69329 9.50249 16.0581 
0.601056 0.197446 0.104579 0.056398 
480
1 1 1 0 1 1 
2.67247 7.08268 9.07812 14.2858 14.3198 14.1862 
-0.421178 -0.155373 -0.506469 -0.688859 -0.399862 -0.115389 
480
0 0 0 0 
3.21343 6.46717 11.0075 15.5471 
0.582251 0.198758 0.0946767 0.0561419 
484
1 1 1 1 1 
2.70445 6.61867 10.5423 13.6102 16.5931 
-0.421671 -0.153634 -0.521396 -0.117681 -0.400309 
488
0 0 0 0 
2.60545 6.01742 10.8475 17.4713 
0.599612 0.184992 0.0982306 0.0509646 
488
1 1 0 1 1 
2.79276 6.95766 11.9612 10.0016 16.684 
-0.422688 -0.153781 -0.68725 -0.115054 -0.401017 
492
1 1 1 1 0 1 
2.88173 6.515 10.5205 10.7282 12.5196 15.6282 
-0.426749 -0.152752 -0.520235 -0.11235 -0.685616 -0.400736 
492
0 0 0 0 
2.88234 6.73793 11.2201 16.2448 
0.590185 0.18466 0.0936442 0.0544672 
496
1 1 1 0 1 1 
2.76024 7.65945 12.7992 11.0641 15.709 12.4924 
-0.426881 -0.161623 -0.509897 -0.687298 -0.399336 -0.113588 
500
1 1 1 0 1 
2.51962 7.29626 14.6966 12.3186 16.9609 
-0.421227 -0.165854 -0.510573 -0.686631 -0.400724 
500
0 0 0 0 
2.50137 6.87399 9.24616 16.0867 
0.607202 0.190459 0.106729 0.0551322 
504
0 0 0 0 
2.90242 7.72207 12.0779 15.7248 
0.599487 0.197439 0.0910658 0.0560761 
504
1 1 1 1 1 0 
2.81884 7.86702 16.8777 12.0885 9.52674 10.9337 
-0.424378 -0.161903 -0.400738 -0.509582 -0.110442 -0.687809 
508
1 1 1 1 0 1 
2.73001 7.21795 14.3927 10.8023 12.1956 17.0859 
-0.424208 -0.156383 -0.510636 -0.113686 -0.686328 -0.400181 
508
0 0 0 0 
2.67419 5.532 9.56991 14.5519 
0.597904 0.185518 0.101006 0.0501455 
512
1 1 1 0 1 1 1 
2.7805 7.15959 14.9964 13.436 15.2912 12.7805 10.859 
-0.426057 -0.156211 -0.510315 -0.688385 -0.399848 -0.111016 -0.102613 
516
1 1 1 0 1 1 
2.47346 6.77232 10.892 11.3715 12.1741 15.0857 
-0.41993 -0.155071 -0.520392 -0.688074 -0.109473 -0.399598 
516
0 0 0 0 
2.9848 7.52927 10.8998 16.5219 
0.58424 0.187622 0.0941455 0.055605 
520
1 1 1 0 1 1 
2.78138 6.78882 11.0364 10.8034 13.99 16.6095 
-0.424467 -0.153844 -0.520858 -0.687329 -0.117497 -0.399536 
520
0 0 0 0 
3.09513 5.51583 11.5817 18.5602 
0.584497 0.197029 0.0919888 0.0506935 
524
1 1 1 1 1 1 
2.85347 6.51091 12.528 13.7164 16.3852 11.4214 
-0.424721 -0.152206 -0.509304 -0.109937 -0.400159 -0.103242 
528
0 0 0 0 
2.6916 7.1643 11.5391 18.5383 
0.598047 0.182766 0.0922137 0.0507266 
528
1 1 1 0 1 1 
2.70208 6.09385 14.6132 13.4624 15.657 11.6666 
-0.425117 -0.152264 -0.511778 -0.689527 -0.399857 -0.113613 
532
0 0 0 0 
2.76007 8.30976 11.5237 18.2351 
0.597339 0.190746 0.0919119 0.0507341 
532
1 1 1 1 
2.88077 6.62138 11.5752 16.268 
-0.42459 -0.1551 -0.114301 -0.399519 
536
0 0 0 0 
2.55402 7.55323 9.35592 17.4917 
0.603377 0.186555 0.102626 0.0538822 
536
1 1 1 1 1 
2.73964 6.7246 12.91 15.0337 11.7066 
-0.428492 -0.155113 -0.519441 -0.399286 -0.113961 
540
0 0 0 0 
2.72484 7.58284 10.5225 14.9996 
0.594623 0.191868 0.0999441 0.0542385 
544
1 1 1 0 1 1 
2.57791 6.54772 13.7382 10.4647 12.9529 17.0948 
-0.419761 -0.153587 -0.508658 -0.686146 -0.111998 -0.400674 
544
0 0 0 0 
2.76061 6.6909 11.0831 17.1365 
0.589694 0.185263 0.0936694 0.0542537 
548
0 0 0 0 
2.77012 7.12806 8.01289 17.4069 
0.593659 0.192776 0.091564 0.0541975 
548
1 1 1 1 1 
2.69961 6.9568 12.819 16.2054 11.1966 
-0.42337 -0.155083 -0.509548 -0.400327 -0.112947 
552
0 0 0 0 
3.07736 6.91294 11.5612 19.3038 
0.582173 0.19054 0.0926388 0.0497053 
552
1 1 0 1 1 1 1 0 
2.70461 6.54866 11.9129 12.3837 13.1123 11.5207 15.8122 17.5263 
-0.423235 -0.152948 -0.685897 -0.510779 -0.110562 -0.102823 -0.399843 -0.526894 
556
0 0 0 0 
2.81571 8.56997 7.68498 15.904 
0.588954 0.187805 0.0932008 0.0559517 
560
1 1 1 1 0 1 
2.64864 6.91849 11.9033 11.0858 11.522 16.4744 
-0.418504 -0.154987 -0.508731 -0.111762 -0.684644 -0.40003 
560
0 0 0 0 
2.68029 7.03735 10.908 17.3351 
0.599355 0.196849 0.0935261 0.0538423 
564
1 1 1 1 0 1 
2.6855 6.92416 12.3593 11.66 12.3623 16.6773 
-0.421721 -0.155024 -0.510005 -0.115408 -0.684641 -0.399751 
568
0 0 0 0 
2.83745 7.37607 11.554 15.7613 
0.593603 0.193661 0.0921373 0.0556992 
568
1 1 1 1 1 0 
2.74294 6.73173 13.1897 15.6427 12.4031 14.3569 
-0.421064 -0.154454 -0.510936 -0.399889 -0.117559 -0.689435 
572
1 1 1 1 0 1 
2.80559 6.59573 12.6534 13.7854 14.9161 17.8246 
-0.42648 -0.154596 -0.510556 -0.115015 -0.689344 -0.401371 
576
1 1 1 0 1 1 
2.70949 6.71525 13.9066 14.8562 12.697 17.6401 
-0.4221 -0.154616 -0.515022 -0.689722 -0.117263 -0.400685 
572
0 0 0 0 
2.89481 6.75646 11.3046 17.7545 
0.592476 0.196379 0.0973688 0.0509207 
576
0 0 0 0 
2.89004 7.25214 11.6264 17.7697 
0.592009 0.191097 0.0923806 0.0510089 
580
1 1 1 1 1 
2.71247 6.67562 14.5977 11.0242 17.1635 
-0.42426 -0.153681 -0.510455 -0.112074 -0.399968 
580
0 0 0 0 
2.92183 8.82098 8.09854 14.4235 
0.588224 0.184798 0.0925963 0.0549922 
584
0 0 0 0 
2.76346 6.1277 12.2353 18.6408 
0.59269 0.193697 0.0911325 0.050369 
588
0 0 0 0 
2.90474 7.7734 11.9109 18.5315 
0.587642 0.193512 0.0916629 0.0495308 
588
1 1 1 1 0 1 1 
2.75073 6.65224 12.5744 10.97 14.0224 16.1615 13.8389 
-0.423643 -0.152765 -0.510381 -0.76692 -0.68886 -0.400136 -0.117015 
592
1 1 1 1 1 1 0 1 
2.74331 7.9843 9.92637 16.8925 12.2639 12.7902 12.4622 10.3012 
-0.425456 -0.161667 -0.760026 -0.400013 -0.51001 -0.110398 -0.68561 -0.101824 
592
0 0 0 0 
3.14429 6.66514 10.9084 15.2108 
0.585145 0.200013 0.0934517 0.0569128 
596
0 0 0 0 
2.84147 7.1723 11.7617 15.9249 
0.59131 0.188228 0.0919297 0.055966 
596
1 1 1 1 0 1 1 0 
2.71261 6.5721 11.7444 13.7988 11.2236 16.5324 10.639 18.308 
-0.422543 -0.153051 -0.760715 -0.514876 -0.686201 -0.399879 -0.112705 -0.526959 
600
1 1 1 1 0 1 1 
2.84623 6.57297 10.456 12.1577 10.8354 13.5485 16.4063 
-0.424337 -0.154456 -0.761994 -0.50922 -0.686539 -0.11799 -0.400384 
600
0 0 0 0 
2.88339 6.64995 11.1395 16.0345 
0.590461 0.197798 0.0939112 0.055713 
604
1 1 1 1 1 0 1 1 
2.58262 9.58234 6.44903 13.7138 12.03 11.2147 17.921 11.2067 
-0.422227 -0.760237 -0.153238 -0.510753 -0.109357 -0.686195 -0.401064 -0.103114 
612
1 1 1 1 0 1 1 
2.76222 7.30856 6.97454 14.1196 13.8319 17.6199 11.5742 
-0.426386 -0.156983 -0.750465 -0.51082 -0.688343 -0.401385 -0.113085 
608
0 0 0 0 
2.69282 6.07636 11.8014 16.1137 
0.59536 0.194101 0.0917593 0.0560022 
612
0 0 0 0 
2.95762 11.0382 6.76315 16.174 
0.592015 0.0939029 0.192076 0.0555639 
616
0 0 0 0 
2.81881 7.32398 10.9692 15.0034 
0.589267 0.188207 0.0978024 0.0557078 
620
0 0 0 0 
2.51458 7.01787 10.505 16.3816 
0.601848 0.190912 0.0945738 0.0549325 
624
0 0 0 0 
2.76582 7.34941 11.5703 17.1207 
0.5946 0.194506 0.0960615 0.054721 
616
1 1 1 1 1 1 0 
2.66148 7.3055 7.38642 14.0267 12.4707 16.7834 13.8726 
-0.424882 -0.156514 -0.753599 -0.509694 -0.110406 -0.40048 -0.6888 
620
1 1 1 1 0 1 1 
2.72999 7.39063 8.34789 14.9226 16.3107 12.7818 16.8045 
-0.425929 -0.161247 -0.754986 -0.511086 -0.690205 -0.113344 -0.400145 
624
1 1 1 1 1 1 0 
2.76953 6.4056 8.31784 11.3353 13.5251 17.465 14.1877 
-0.425162 -0.153552 -0.751837 -0.508602 -0.116767 -0.400214 -0.688671 
628
0 0 0 0 
2.92863 6.4801 11.5335 16.197 
0.59497 0.18608 0.0922093 0.0545147 
632
0 0 0 0 
2.82107 6.27925 7.63754 19.0981 
0.587667 0.187834 0.0927283 0.0495585 
632
1 1 1 1 0 1 1 
2.67645 6.91059 7.03354 13.5193 11.5543 9.22171 19.5734 
-0.424082 -0.154751 -0.752415 -0.515264 -0.688781 -0.111677 -0.401512 
636
1 1 1 1 1 0 1 
2.79445 7.2685 9.26087 13.1303 12.441 11.2095 16.0653 
-0.426983 -0.156577 -0.755292 -0.519196 -0.11536 -0.684857 -0.399801 
636
0 0 0 0 
2.97152 7.26328 11.1542 17.4811 
0.585141 0.188243 0.0961292 0.0538127 
640
0 0 0 0 
2.80198 5.25198 11.0422 16.5327 
0.587735 0.186383 0.0924332 0.0544802 
640
1 1 1 1 1 1 0 1 
2.56206 6.86003 7.89932 11.1928 12.1134 15.7731 11.144 10.9994 
-0.420919 -0.155798 -0.754666 -0.522048 -0.10913 -0.400067 -0.686725 -0.101868 
644
0 0 0 0 
3.01962 6.22445 11.4874 16.4352 
0.584768 0.192594 0.0921949 0.0549298 
648
0 0 0 0 
2.87757 7.27651 9.64807 15.9033 
0.596727 0.183189 0.104002 0.0553954 
648
1 1 1 1 1 1 0 
2.85426 7.20055 9.21842 12.5764 15.8459 10.3766 15.8423 
-0.429776 -0.165081 -0.75998 -0.510697 -0.400577 -0.11125 -0.68999 
652
1 1 1 1 1 1 0 
2.79194 7.1763 9.91889 16.6553 12.6605 11.0393 14.2226 
-0.424793 -0.15526 -0.76078 -0.400328 -0.519888 -0.113041 -0.689376 
660
1 1 1 1 1 1 
2.71703 7.65884 9.02403 13.6078 15.5319 11.3126 
-0.427915 -0.161956 -0.761416 -0.509434 -0.399717 -0.114599 
664
1 1 1 1 1 1 0 0 
2.61852 6.6315 9.96456 13.6374 15.9486 13.294 14.592 18.6104 
-0.423671 -0.153799 -0.760029 -0.515719 -0.400198 -0.110986 -0.689315 -0.52611 
652
0 0 0 0 
2.91618 6.33634 12.2654 14.8865 
0.591792 0.190671 0.0901599 0.0567087 
656
0 0 0 0 
2.59823 6.77979 11.9981 16.161 
0.601727 0.1935 0.0911805 0.0548969 
660
0 0 0 0 
2.67906 7.86543 10.3221 13.8931 
0.600529 0.187324 0.100234 0.054659 
668
1 1 1 1 1 0 
2.6585 6.67911 12.575 10.8328 15.5405 13.4078 
-0.422767 -0.154383 -0.510346 -0.112544 -0.399372 -0.689355 
668
0 0 0 0 
2.91511 6.61489 11.9568 14.9673 
0.590409 0.197481 0.0954826 0.0560686 
672
0 0 0 0 
2.52226 6.8427 10.6324 16.3628 
0.607749 0.196021 0.0946111 0.0550738 
672
1 1 1 1 1 1 0 
2.75036 7.64939 10.3335 13.4095 11.8461 15.4698 11.5996 
-0.429444 -0.161735 -0.759834 -0.510087 -0.111503 -0.399369 -0.686898 
676
0 0 0 0 
2.72279 7.74189 9.67794 15.7099 
0.597918 0.192805 0.102986 0.0555392 
676
1 1 1 1 1 1 0 1 
2.62159 6.60226 9.40839 10.7035 15.4458 12.4692 16.3628 11.5724 
-0.419559 -0.153495 -0.755426 -0.511087 -0.399853 -0.10984 -0.690174 -0.105238 
680
0 0 0 0 
2.65355 6.61201 11.0689 17.6773 
0.599336 0.1982 0.0932561 0.05153 
684
0 0 0 0 
2.60473 7.6406 11.1803 18.6011 
0.602732 0.192169 0.09334 0.0499189 
684
1 1 1 1 1 1 0 
2.7228 6.75986 10.1535 13.3115 10.7663 16.0133 15.7941 
-0.425747 -0.153685 -0.760785 -0.511579 -0.111701 -0.400768 -0.690111 
688
1 1 1 1 1 1 0 
2.87396 7.5966 9.39877 13.2899 10.305 15.256 15.7263 
-0.423339 -0.166285 -0.754645 -0.509076 -0.111239 -0.400448 -0.689013 
692
0 0 0 0 
2.60454 7.83474 12.1044 16.9774 
0.598691 0.180395 0.0915477 0.051676 
692
1 1 1 1 1 1 0 
2.72362 7.64206 9.70773 12.2075 13.0428 16.2256 10.9021 
-0.421978 -0.163174 -0.760743 -0.112031 -0.509923 -0.400016 -0.687762 
696
1 1 1 1 1 1 0 
2.64303 6.50643 9.26884 13.0054 15.6505 10.6198 13.855 
-0.423948 -0.15329 -0.753637 -0.519921 -0.399998 -0.115681 -0.688755 
700
1 1 1 1 1 1 
2.63074 6.53709 12.953 12.7734 16.9458 10.4005 
-0.422103 -0.152365 -0.516 -0.110072 -0.40111 -0.102033 
696
0 0 0 0 
2.92327 7.08172 7.68557 14.7292 
0.590459 0.184227 0.0942026 0.0533763 
704
0 0 0 0 
2.62527 7.47122 12.136 16.3364 
0.601844 0.188758 0.0909768 0.055662 
704
1 1 1 1 1 1 0 
2.64647 7.18155 10.0443 11.5029 13.0038 15.2242 15.7485 
-0.42086 -0.155592 -0.761728 -0.114851 -0.513665 -0.39968 -0.689931 
708
0 0 0 0 
3.04591 7.64322 10.0852 16.1557 
0.583376 0.18852 0.101674 0.0549831 
708
1 1 1 1 1 0 1 
2.67667 6.97898 10.1742 18.3098 14.1226 10.933 10.9095 
-0.422863 -0.155845 -0.760883 -0.400771 -0.511037 -0.68726 -0.112163 
712
1 1 1 1 1 0 1 
2.77229 7.32978 10.1019 12.3788 13.9259 10.966 16.6129 
-0.426828 -0.155814 -0.760914 -0.114551 -0.509007 -0.68646 -0.400628 
716
1 1 1 1 0 1 
2.57934 7.04026 9.5134 10.7142 11.8004 16.1692 
-0.41739 -0.154797 -0.760544 -0.115818 -0.686241 -0.399617 
716
0 0 0 0 
2.92307 7.10501 11.3753 14.7257 
0.588087 0.198169 0.0924227 0.0566918 
720
1 1 1 1 0 1 1 
2.84432 7.95284 9.73741 14.0275 11.534 16.0923 12.2029 
-0.428932 -0.166091 -0.759957 -0.520355 -0.686847 -0.400011 -0.115743 
720
0 0 0 0 
2.70297 7.34502 11.159 13.2335 
0.596824 0.192847 0.0975515 0.0553415 
724
1 1 1 1 1 1 0 
2.84564 7.01947 11.8651 11.5591 13.1629 14.8887 12.5306 
-0.426953 -0.155764 -0.762267 -0.112356 -0.510219 -0.399811 -0.687538 
724
0 0 0 0 
2.66886 7.03138 9.40273 18.601 
0.595365 0.196299 0.102423 0.0501135 
728
1 1 1 1 1 0 1 
2.65983 6.6013 12.7496 11.05 10.489 11.2572 17.0272 
-0.423725 -0.152615 -0.510437 -0.76144 -0.112453 -0.685328 -0.400863 
728
0 0 0 0 
3.07638 6.9869 10.8093 18.4696 
0.583857 0.196264 0.093167 0.0504998 
732
1 1 1 1 1 0 1 
2.81059 6.73287 11.4913 13.4949 17.3541 17.0011 12.3981 
-0.427272 -0.153935 -0.761111 -0.508927 -0.400416 -0.688285 -0.115888 
736
0 0 0 0 
2.69903 10.7647 6.91819 17.8065 
0.597308 0.0940695 0.1966 0.0507169 
736
1 1 1 1 1 0 1 1 
3.01712 5.84659 14.0773 11.3238 12.766 11.2794 16.6553 15.328 
-0.426121 -0.151311 -0.521171 -0.767035 -0.109433 -0.687382 -0.400685 -0.107901 
740
1 1 1 1 1 1 0 
2.80157 7.16696 10.2094 10.908 15.5267 12.4193 13.0588 
-0.419983 -0.156411 -0.507303 -0.760836 -0.399431 -0.115166 -0.688394 
744
1 1 1 1 1 0 1 
2.73311 6.69992 7.74587 16.5577 13.3245 12.5478 13.6563 
-0.423156 -0.154358 -0.763158 -0.400272 -0.510596 -0.688192 -0.11486 
740
0 0 0 0 
2.8766 7.14955 10.699 16.345 
0.595193 0.195042 0.0928789 0.0554499 
748
0 0 0 0 
2.796 8.15741 10.7684 13.5866 
0.595556 0.188559 0.0937712 0.0552553 
748
1 1 1 1 1 1 
2.82535 6.91459 9.26665 8.95245 17.496 11.4389 
-0.424654 -0.155802 -0.507217 -0.75685 -0.400702 -0.112365 
752
1 1 1 1 1 1 1 
2.55461 7.22622 12.8741 8.55307 16.1283 13.2135 10.1555 
-0.418489 -0.162538 -0.514701 -0.757425 -0.399748 -0.110604 -0.102776 
756
1 1 1 1 1 1 0 
2.71809 6.88326 10.3906 13.4091 16.1309 8.23249 11.8168 
-0.424209 -0.155318 -0.519376 -0.117315 -0.400288 -0.756717 -0.687234 
756
0 0 0 0 
2.9072 7.53216 10.6952 17.1138 
0.591453 0.193125 0.0988061 0.0546931 
760
0 0 0 0 
2.89263 6.78907 11.7147 17.7089 
0.59597 0.191293 0.090773 0.0510248 
760
1 1 1 1 1 0 1 
2.47227 6.79546 12.3539 11.5017 15.3794 13.5623 9.62643 
-0.420028 -0.15597 -0.509464 -0.112063 -0.399861 -0.688741 -0.75478 
764
1 1 1 1 0 1 1 
2.85368 6.85389 17.1122 10.7037 11.4568 11.5914 8.31383 
-0.429478 -0.154378 -0.401262 -0.508077 -0.686955 -0.111481 -0.764046 
768
0 0 0 0 
2.70419 7.45475 9.50678 12.9229 
0.608293 0.188656 0.104508 0.0548112 
772
0 0 0 0 
2.56783 7.18244 11.9521 16.8739 
0.604332 0.188722 0.0920563 0.0543041 
768
1 1 1 1 1 1 1 
2.69058 6.75974 12.9985 10.3782 13.0692 17.621 10.8013 
-0.426127 -0.16491 -0.50983 -0.753864 -0.110411 -0.401043 -0.105123 
772
1 1 1 1 1 
2.82305 6.54687 12.285 15.2018 9.81998 
-0.427978 -0.153233 -0.11435 -0.40054 -0.751217 
776
0 0 0 0 
3.01201 7.08209 10.9068 15.7607 
0.584984 0.187385 0.0975146 0.0559748 
780
0 0 0 0 
2.94747 6.89066 9.19656 14.71 
0.585719 0.184548 0.105036 0.0539206 
780
1 1 1 1 0 1 
2.89838 7.07752 7.13182 18.9199 12.2355 11.3835 
-0.429665 -0.155863 -0.767313 -0.401388 -0.686255 -0.116892 
784
0 0 0 0 
2.85467 8.29427 11.173 16.7124 
0.586324 0.187094 0.0936146 0.0551245 
788
0 0 0 0 
2.84464 6.74363 12.5784 17.5519 
0.585165 0.194083 0.0903861 0.0512409 
792
0 0 0 0 
2.86049 7.61013 9.47852 14.986 
0.586899 0.188076 0.103222 0.0543893 
796
0 0 0 0 
2.74021 6.99358 10.9952 14.9122 
0.594935 0.193815 0.093264 0.0558421 
788
1 1 1 1 1 1 0 0 
2.61707 6.86204 11.641 14.7075 12.6888 15.5856 14.5387 18.0845 
-0.422544 -0.153402 -0.760608 -0.114847 -0.514745 -0.399681 -0.689428 -0.526477 
792
1 1 1 1 1 1 
2.75788 6.52299 12.5231 13.9337 16.8702 12.2965 
-0.425613 -0.153599 -0.761563 -0.509854 -0.400712 -0.109819 
796
1 1 1 1 1 1 0 
2.80541 7.11373 12.1922 12.0757 13.3953 15.9019 13.8409 
-0.423165 -0.155369 -0.761765 -0.111477 -0.509645 -0.400435 -0.689549 
800
0 0 0 0 
2.7245 7.42854 10.6563 14.2979 
0.594208 0.193033 0.0955232 0.0540957 
804
0 0 0 0 
2.78075 7.75678 11.342 17.0449 
0.591879 0.195813 0.0943876 0.0549315 
804
1 1 1 1 1 0 1 1 
2.62663 6.65519 11.7899 17.9761 12.0156 10.8449 12.8056 11.1842 
-0.421184 -0.153922 -0.761423 -0.40027 -0.508482 -0.687165 -0.110557 -0.104273 
808
0 0 0 0 
2.91892 7.65628 7.602 15.456 
0.586542 0.191288 0.092032 0.0560747 
812
1 1 1 1 1 0 1 1 
2.68808 6.8208 11.0919 11.8888 13.1273 14.1192 16.7009 11.6165 
-0.420977 -0.153628 -0.514821 -0.760486 -0.110118 -0.689256 -0.399815 -0.104005 
812
0 0 0 0 
3.03869 6.96673 12.6459 14.0042 
0.587424 0.184756 0.0946381 0.0548178 
816
0 0 0 0 
2.83729 8.07906 9.6347 13.784 
0.594018 0.18917 0.103339 0.0548899 
820
0 0 0 0 
2.91312 6.86165 10.227 14.772 
0.587232 0.196258 0.0940876 0.0537741 
816
1 1 1 1 1 1 0 
2.66269 6.54245 9.1743 13.7625 14.9941 13.4697 14.2777 
-0.424807 -0.154555 -0.768714 -0.515508 -0.399525 -0.118306 -0.691083 
820
1 1 1 1 0 1 
2.74378 6.67587 10.1806 10.2297 10.8953 17.7393 
-0.421934 -0.154378 -0.766663 -0.112794 -0.68624 -0.401013 
824
1 1 1 1 1 1 0 
2.76478 6.5721 11.982 13.8391 16.7827 11.1824 14.2903 
-0.428897 -0.153285 -0.762278 -0.510365 -0.401259 -0.111296 -0.689159 
828
0 0 0 0 
2.87994 6.57316 9.21232 18.3087 
0.592496 0.198828 0.0893874 0.0503939 
828
1 1 1 1 1 1 1 
2.56844 6.5287 12.4383 13.3393 17.248 12.1901 11.2766 
-0.422554 -0.154046 -0.761752 -0.50948 -0.400127 -0.109643 -0.104289 
832
1 1 1 1 0 1 
2.82955 7.17429 12.4285 16.4321 10.4891 14.1444 
-0.426943 -0.156244 -0.761943 -0.400681 -0.686957 -0.116338 
836
1 1 1 1 1 1 0 1 
2.889 7.3295 10.4918 12.5514 15.0097 15.6966 14.9033 15.4588 
-0.430084 -0.160247 -0.767197 -0.511413 -0.111461 -0.400271 -0.686648 -0.10819 
832
0 0 0 0 
2.74218 7.18914 11.3492 15.125 
0.594627 0.189813 0.0927085 0.0562593 
840
0 0 0 0 
2.94194 8.13544 10.0349 16.3543 
0.585101 0.187893 0.101108 0.0541333 
840
1 1 1 1 1 1 0 
2.69427 8.23243 10.5499 12.0567 12.681 15.2464 15.2799 
-0.4239 -0.162641 -0.767722 -0.114394 -0.514672 -0.399689 -0.690073 
844
1 1 1 1 1 1 
2.79263 7.58996 12.02 8.90248 12.9025 12.5084 
-0.424367 -0.161377 -0.510157 -0.761898 -0.398 -0.117423 
844
0 0 0 0 
2.8071 6.07387 10.1036 16.4254 
0.596781 0.202636 0.100362 0.0550419 
848
0 0 0 0 
2.6903 6.72182 10.2748 15.1679 
0.599334 0.185734 0.106203 0.0561423 
848
1 1 1 1 1 0 1 1 
2.65859 7.50526 12.0074 13.6225 12.4687 13.4453 17.1712 12.1246 
-0.424092 -0.161404 -0.760467 -0.511239 -0.110287 -0.686246 -0.400574 -0.108103 
852
1 1 1 1 0 1 1 
2.70688 6.43117 13.5524 15.9431 13.3813 8.08967 12.8723 
-0.423621 -0.153474 -0.514269 -0.39983 -0.688429 -0.757761 -0.117976 
856
1 1 1 1 1 1 1 
2.51177 6.7298 11.3234 13.082 16.8264 9.78274 11.2578 
-0.419754 -0.155158 -0.508825 -0.109734 -0.399372 -0.753812 -0.103934 
856
0 0 0 0 
2.89716 7.1552 11.3147 18.8948 
0.590641 0.195837 0.0932943 0.0503939 
860
1 1 1 1 1 
2.63157 6.72705 11.0666 16.297 12.7133 
-0.42187 -0.153003 -0.102887 -0.400442 -0.10942 
860
0 0 0 0 
2.74849 7.87927 10.7546 13.6698 
0.599202 0.192402 0.0990075 0.0551501 
864
0 0 0 0 
2.8758 6.3417 11.5386 16.7659 
0.591509 0.194979 0.0921926 0.0543495 
868
1 1 1 1 0 1 
2.57655 6.36354 13.8569 16.422 11.332 10.8669 
-0.418957 -0.152517 -0.515862 -0.399551 -0.686905 -0.1109 
868
0 0 0 0 
3.0055 6.18778 9.86364 18.8254 
0.584807 0.182621 0.102004 0.0503187 
872
0 0 0 0 
2.49785 7.56699 11.2911 16.1397 
0.608654 0.189594 0.092438 0.0556185 
872
1 1 1 1 1 
2.83633 6.74821 11.1583 16.4352 13.0328 
-0.422639 -0.153881 -0.520801 -0.400146 -0.109959 
876
1 1 0 1 1 1 
2.68339 6.56406 10.5301 12.1903 17.3721 12.5673 
-0.424796 -0.155545 -0.686539 -0.509451 -0.400406 -0.116636 
880
1 1 1 0 1 1 
2.80372 7.19905 13.9636 13.0362 14.1999 10.091 
-0.428119 -0.156173 -0.509643 -0.686637 -0.398532 -0.111276 
880
0 0 0 0 
2.67913 7.53384 9.34991 18.786 
0.595474 0.186027 0.0923928 0.0502431 
884
0 0 0 0 
2.89637 7.04814 11.6726 15.4062 
0.596765 0.196091 0.0917221 0.0562662 
884
1 1 1 1 1 0 
2.58813 6.61871 12.8231 14.7901 15.0068 14.0935 
-0.420983 -0.153374 -0.510398 -0.112684 -0.400569 -0.687316 
888
1 1 1 1 1 0 
2.67341 6.03789 12.6634 17.4632 10.7228 11.6079 
-0.423472 -0.15334 -0.509554 -0.400316 -0.111548 -0.685326 
892
0 0 0 0 
2.61463 7.01518 10.9898 14.962 
0.604182 0.194376 0.0980349 0.0533568 
892
1 1 0 1 1 
2.80422 6.43679 11.9394 15.9675 14.6614 
-0.428039 -0.15225 -0.688168 -0.400279 -0.11711 
896
0 0 0 0 
2.87603 7.38772 11.3991 15.6358 
0.589044 0.189828 0.0923795 0.0562619 
896
1 1 1 1 1 0 
2.72607 7.13191 11.2067 17.3008 10.136 10.4487 
-0.422975 -0.160704 -0.508688 -0.400225 -0.112929 -0.686387 
900
0 0 0 0 
2.82136 7.16532 11.2062 19.0049 
0.595679 0.195905 0.0930431 0.0498088 
900
1 1 1 1 1 
2.65814 7.13442 14.2331 17.2968 12.1099 
-0.421994 -0.15594 -0.511001 -0.400981 -0.112617 
904
1 1 1 1 1 0 
2.78435 6.97506 12.9236 13.8622 17.163 13.7231 
-0.427163 -0.156063 -0.511396 -0.115757 -0.400918 -0.690727 
908
0 0 0 0 
2.61251 6.91255 10.8759 14.8433 
0.599182 0.192529 0.0937454 0.054181 
908
1 1 1 1 0 1 
2.77226 8.54124 13.317 13.3984 14.8506 16.6411 
-0.42224 -0.163586 -0.510755 -0.112479 -0.68802 -0.400676 
912
1 1 1 1 1 
2.64872 7.22558 11.0846 14.9561 12.1532 
-0.420657 -0.155774 -0.519743 -0.398924 -0.110549 
912
0 0 0 0 
2.85669 6.76261 11.1255 14.2512 
0.595491 0.19883 0.0932217 0.0566525 
916
0 0 0 0 
2.63728 6.51406 10.851 16.7765 
0.596895 0.187061 0.0936878 0.0544126 
920
0 0 0 0 
2.89228 7.98314 10.8473 16.7712 
0.592079 0.188894 0.0936556 0.054235 
924
0 0 0 0 
2.70774 7.92475 10.8797 15.5947 
0.595632 0.18232 0.0932775 0.0561391 
920
1 1 1 1 1 0 
2.59188 6.63299 14.0741 13.4053 17.8367 9.88197 
-0.420065 -0.156017 -0.510174 -0.116117 -0.400717 -0.685612 
924
1 1 1 1 1 0 
2.63871 6.71641 13.0196 16.3322 10.3648 16.0474 
-0.421037 -0.154374 -0.50967 -0.400052 -0.112609 -0.688 
928
0 0 0 0 
2.70676 6.09107 11.438 13.2654 
0.597546 0.193157 0.0965875 0.0553481 
932
1 1 1 1 0 1 
2.67603 7.43127 12.4437 16.5923 13.3103 16.4676 
-0.418813 -0.157725 -0.524484 -0.10991 -0.685618 -0.402651 
932
0 0 0 0 
2.61396 7.918 13.3532 18.4717 
0.610228 0.181314 0.0920625 0.0490918 
936
1 1 1 1 0 1 
2.75062 7.01004 12.9155 11.6776 14.5261 16.731 
-0.416516 -0.155978 -0.522067 -0.106899 -0.692071 -0.401553 
936
0 0 0 0 
2.69311 7.09707 12.4787 15.2898 
0.599444 0.194979 0.0941337 0.0538671 
940
1 1 1 1 1 0 
2.80476 7.55604 12.0185 17.4893 10.8431 17.5553 
-0.417052 -0.158892 -0.510972 -0.402546 -0.10711 -0.693405 
940
0 0 0 0 
2.87925 6.46303 12.628 18.0506 
0.594991 0.199879 0.0934003 0.0493396 
944
0 0 0 0 
2.70439 6.88619 11.5688 18.6547 
0.598015 0.197676 0.0950191 0.0529271 
948
1 1 1 0 1 1 
2.79469 7.22707 12.4397 15.6224 11.1541 17.4594 
-0.416185 -0.167245 -0.521626 -0.692361 -0.107427 -0.402292 
948
0 0 0 0 
2.70277 7.46637 11.9768 16.4087 
0.596584 0.192247 0.0944752 0.0510097 
952
1 1 1 0 1 1 
2.60262 7.62855 12.7387 12.2741 10.4189 17.9023 
-0.411786 -0.15845 -0.521204 -0.687681 -0.108163 -0.402669 
952
0 0 0 0 
2.67118 6.36406 11.4639 15.4362 
0.59506 0.197362 0.0954132 0.0516683 
956
0 0 0 0 
2.70879 7.60161 12.6401 15.1257 
0.605029 0.191101 0.0931697 0.0519095 
956
1 1 1 1 0 1 
2.70538 7.97489 13.6637 11.8444 17.5958 19.4207 
-0.419973 -0.168375 -0.52157 -0.107268 -0.692812 -0.403215 
960
0 0 0 
2.63997 7.4368 11.9518 
0.5992 0.191191 0.0942835 
960
1 1 1 1 1 0 
2.6677 7.7686 11.7676 18.2812 13.0494 14.4941 
-0.415686 -0.159829 -0.523452 -0.403477 -0.109057 -0.691933 
964
0 0 0 0 
2.66762 7.61768 12.4773 14.4227 
0.596954 0.182294 0.0937878 0.0486847 
968
1 1 1 0 1 1 
2.6209 8.19929 12.8595 12.7538 11.9512 18.663 
-0.413143 -0.161431 -0.523393 -0.689104 -0.107338 -0.403312 
968
0 0 0 0 
2.70976 8.07189 12.3636 12.7678 
0.606425 0.180443 0.0938873 0.0495849 
972
0 0 0 0 
2.87942 7.08004 12.9476 15.3919 
0.58916 0.19546 0.0931176 0.0509252 
976
0 0 0 0 
2.83544 6.74519 12.2816 14.9785 
0.591304 0.197223 0.0939298 0.0517836 
976
1 1 1 0 1 1 
2.62013 7.18431 12.7551 13.1662 11.3169 16.3482 
-0.412684 -0.158151 -0.512447 -0.689035 -0.107045 -0.401983 
980
0 0 0 0 
2.92527 7.62602 12.6224 14.507 
0.588085 0.194549 0.0935356 0.0542662 
980
1 1 1 1 0 1 
2.72399 7.23823 14.9222 17.1686 15.5401 10.8156 
-0.41861 -0.158542 -0.513385 -0.402558 -0.692725 -0.106598 
984
0 0 0 
3.11161 7.46203 12.4031 
0.584225 0.1912 0.0936497 
988
1 1 1 0 1 1 
2.62104 7.43951 12.8183 12.4673 10.8599 18.3728 
-0.416702 -0.16789 -0.522393 -0.68949 -0.107323 -0.402933 
988
0 0 0 0 
2.77971 7.61071 12.3721 15.2958 
0.593031 0.191298 0.0930108 0.0478034 
992
0 0 0 0 
2.57541 8.29837 12.0088 15.7946 
0.603231 0.180309 0.0942673 0.0543494 
992
1 1 1 0 1 1 
2.76435 6.62152 14.5533 12.4563 11.8087 17.2613 
-0.416014 -0.156329 -0.514359 -0.689273 -0.107898 -0.402546 
996
1 1 1 0 1 1 
2.64584 7.60115 12.2576 11.5161 11.3029 18.4889 
-0.416822 -0.171025 -0.514188 -0.688916 -0.102635 -0.402902 
1000
0 0 0 0 
2.7966 6.15111 11.3158 17.0152 
0.595184 0.201517 0.0991318 0.0486892 
1000
1 1 1 0 1 1 
2.62579 6.62547 14.499 12.5175 16.3702 11.2732 
-0.412127 -0.15601 -0.513518 -0.688687 -0.40139 -0.1027 
1004
1 1 1 0 1 1 
2.34044 7.26799 13.6918 12.5685 11.108 17.012 
-0.413146 -0.157821 -0.513567 -0.689184 -0.106599 -0.403686 
1004
0 0 0 0 
2.54461 6.79589 12.3015 15.4933 
0.603254 0.191223 0.0933545 0.0544141 
1008
1 1 1 0 1 1 
2.56932 7.70768 15.2319 15.3233 13.738 18.127 
-0.413376 -0.168511 -0.51417 -0.692251 -0.110367 -0.403245 
1012
1 1 1 0 1 1 
2.76262 7.1953 11.375 12.8522 13.1073 17.7646 
-0.41613 -0.159143 -0.515167 -0.687386 -0.10431 -0.402162 
1016
1 1 1 0 1 1 
2.96723 7.23888 11.5355 13.4291 14.8779 17.8747 
-0.417125 -0.166527 -0.513653 -0.68889 -0.109218 -0.401829 
1012
0 0 0 0 
3.00116 6.56741 12.4495 14.1005 
0.592572 0.199257 0.0935071 0.0484173 
1016
0 0 0 0 
2.84944 6.10116 12.5096 15.256 
0.59055 0.201277 0.0945894 0.0477548 
1020
1 1 1 0 1 1 
2.67542 7.27409 12.3092 12.7673 11.1582 16.9082 
-0.413385 -0.165479 -0.521447 -0.686741 -0.105681 -0.401333 
1020
0 0 0 
2.93096 6.59147 12.5435 
0.585964 0.196851 0.0930848 
1024
0 0 0 0 
2.72421 6.85602 13.0969 16.787 
0.597101 0.197122 0.0928539 0.0506662 
1028
0 0 0 0 
2.90173 7.39453 13.1746 18.2881 
0.589965 0.191073 0.0935773 0.0490457 
1028
1 1 1 0 1 1 
2.55225 7.12914 11.4707 14.3851 10.3072 17.5623 
-0.422992 -0.165173 -0.510961 -0.690599 -0.11481 -0.402305 
1032
1 1 1 0 1 1 
2.67153 8.64655 12.0652 12.7947 10.8463 16.1928 
-0.422767 -0.164021 -0.512065 -0.686327 -0.103868 -0.401488 
1032
0 0 0 0 
2.72026 8.29298 12.1193 15.7326 
0.597354 0.179451 0.0951276 0.0537169 
1036
0 0 0 0 
2.70535 8.21899 9.41317 16.3154 
0.59612 0.188767 0.0911885 0.0538128 
1036
1 1 1 0 1 1 
2.72581 5.98997 13.5701 14.3859 10.7185 15.9597 
-0.420826 -0.153199 -0.511561 -0.688642 -0.115429 -0.400784 
1040
0 0 0 0 
2.73093 6.38272 11.9372 15.6548 
0.59644 0.199786 0.0963449 0.0545883 
1044
1 1 1 1 0 1 
2.62508 7.07177 12.6168 11.6726 13.2355 17.0904 
-0.421871 -0.155037 -0.511758 -0.114858 -0.686476 -0.401291 
1044
0 0 0 0 
2.79514 7.32074 12.4492 16.1631 
0.593909 0.18616 0.0940053 0.054685 
1048
0 0 0 0 
2.76736 7.19306 11.8028 15.8691 
0.596621 0.194292 0.0961673 0.0545011 
1048
1 1 1 0 1 1 
2.67329 6.98978 12.1769 12.1835 11.5709 17.134 
-0.421456 -0.155027 -0.509702 -0.686429 -0.114951 -0.400157 
1052
0 0 0 0 
2.69304 6.54991 11.18 16.7124 
0.598863 0.198337 0.0977624 0.0541508 
1056
0 0 0 0 
2.73682 6.96443 12.3469 17.0269 
0.595771 0.189272 0.0950133 0.0539992 
1056
1 1 1 1 1 0 1 
2.66108 7.86219 14.4045 16.4383 16.2599 13.8849 12.7918 
-0.42502 -0.167953 -0.510377 -0.108503 -0.399661 -0.688553 -0.110064 
1060
1 1 1 0 1 1 
2.75414 7.04053 12.1495 12.9175 11.2646 15.7164 
-0.424125 -0.155822 -0.509121 -0.688203 -0.11366 -0.400442 
1060
0 0 0 0 
2.65088 8.29853 12.1202 15.5657 
0.599053 0.180037 0.0956609 0.0553707 
1064
0 0 0 0 
2.44079 7.57989 13.4122 14.8473 
0.609519 0.188441 0.0928398 0.0538894 
1068
0 0 0 0 
2.57685 7.08964 11.3555 18.1153 
0.600399 0.189988 0.097358 0.0500564 
1064
1 1 1 1 1 0 1 
2.88583 6.60996 12.9307 12.9017 16.1757 14.5748 11.7052 
-0.424348 -0.15294 -0.510208 -0.114332 -0.400376 -0.690026 -0.759179 
1072
0 0 0 0 
2.64976 7.01463 11.2912 17.6206 
0.597555 0.187554 0.0971216 0.0541116 
1072
1 1 1 1 1 0 
2.62401 6.96368 13.5626 11.0824 15.2871 12.7584 
-0.42203 -0.155666 -0.51171 -0.110989 -0.399633 -0.685862 
1076
0 0 0 0 
2.77739 6.55365 9.28502 16.9423 
0.593537 0.190689 0.0915922 0.0549377 
1080
0 0 0 0 
2.80147 7.47021 11.533 14.6606 
0.593714 0.183032 0.0960036 0.0543532 
1084
0 0 0 0 
2.85126 6.58573 11.5373 15.452 
0.590587 0.19755 0.0967142 0.0551793 
1080
1 1 0 1 1 
2.588 6.5443 15.5841 16.6918 11.7241 
-0.416087 -0.153541 -0.690569 -0.400333 -0.115499 
1084
1 1 1 1 1 
2.53985 7.00634 13.2972 11.9449 16.5698 
-0.418383 -0.154969 -0.509969 -0.115697 -0.39987 
1088
1 1 1 0 1 1 
2.66522 7.25512 9.81332 11.1536 16.5805 12.3357 
-0.422807 -0.156161 -0.507071 -0.687064 -0.40035 -0.113117 
1092
1 1 1 1 0 1 
3.13428 6.71362 14.4659 16.0842 13.8545 12.2497 
-0.420088 -0.154129 -0.509053 -0.399675 -0.689764 -0.112162 
1092
0 0 0 0 
2.7508 7.36397 8.97365 14.8668 
0.595631 0.193124 0.0918695 0.0539945 
1096
1 1 1 1 0 1 1 
2.69229 7.01437 12.7896 12.8419 9.69721 16.7471 11.4647 
-0.420031 -0.155069 -0.509103 -0.110594 -0.689528 -0.400375 -0.10498 
1096
0 0 0 0 
2.85285 7.01734 11.1328 15.7342 
0.590051 0.190752 0.0937078 0.0549553 
1100
0 0 0 0 
2.7018 6.78358 10.4203 16.3898 
0.60053 0.194892 0.100257 0.0546369 
1104
1 1 1 1 0 1 
2.55987 7.09898 12.7128 12.016 14.0809 16.7419 
-0.419637 -0.155445 -0.510049 -0.117108 -0.689316 -0.401083 
1104
0 0 0 0 
2.51796 6.4025 11.0358 15.6715 
0.604608 0.200619 0.0990762 0.056678 
1108
1 1 1 1 0 1 
2.6812 7.38612 12.9787 10.837 12.7191 16.846 
-0.4206 -0.155777 -0.510854 -0.113023 -0.686585 -0.400255 
1112
1 1 1 0 1 1 
2.45126 6.61594 14.255 13.0235 15.6788 13.4846 
-0.422757 -0.155066 -0.510634 -0.685501 -0.400259 -0.112452 
1108
0 0 0 0 
2.71683 11.144 6.85167 16.1532 
0.594484 0.092921 0.192177 0.0550581 
1112
0 0 0 0 
2.90653 7.234 11.0858 16.2762 
0.59063 0.190754 0.0915128 0.0561291 
1116
1 1 1 0 1 1 
2.83747 7.51938 12.8983 11.5987 12.7661 17.0142 
-0.42478 -0.161438 -0.509305 -0.686441 -0.117045 -0.400448 
1120
0 0 0 0 
2.72063 6.12964 10.4309 15.4131 
0.59384 0.182097 0.0951978 0.056178 
1120
1 1 1 1 1 1 0 
2.70555 6.96069 12.5582 14.9301 17.4116 12.353 13.0198 
-0.421806 -0.155451 -0.510055 -0.10834 -0.401215 -0.109865 -0.685818 
1124
0 0 0 0 
2.71769 7.34349 11.4489 16.1293 
0.598447 0.191162 0.0968 0.0547461 
1132
0 0 0 0 
2.88738 6.35 11.0786 13.4515 
0.5919 0.192343 0.0972463 0.0553232 
1124
1 1 1 0 1 1 
2.98888 7.39107 12.7394 12.79 16.1877 12.7543 
-0.428423 -0.155876 -0.512104 -0.686959 -0.399964 -0.114429 
1128
1 1 1 1 1 0 
2.59716 6.75343 11.3314 11.0941 16.1587 12.5212 
-0.421053 -0.153244 -0.520363 -0.113059 -0.400369 -0.685704 
1136
0 0 0 0 
2.72823 7.80094 9.73056 17.8305 
0.597519 0.194132 0.100996 0.050317 
1132
1 1 1 0 1 1 
2.69058 7.5625 11.1359 12.7095 16.7958 11.2108 
-0.421441 -0.162068 -0.514917 -0.685355 -0.399963 -0.111923 
1136
1 1 1 1 0 1 
2.62209 7.16934 12.9877 15.7238 13.5647 11.2125 
-0.412436 -0.159807 -0.510329 -0.400019 -0.688207 -0.111598 
1140
0 0 0 0 
2.56605 7.50272 10.4044 14.4404 
0.598433 0.184654 0.0939323 0.0542776 
1144
1 1 1 1 0 1 
2.67485 7.03582 12.9651 15.0063 14.4051 12.1605 
-0.425707 -0.155917 -0.510681 -0.399744 -0.689114 -0.110486 
1144
0 0 0 0 
2.82336 6.57479 9.35865 16.8205 
0.593796 0.198064 0.103605 0.0544202 
1148
1 1 1 0 1 
2.84892 8.00946 11.0628 12.1603 16.7702 
-0.423534 -0.162733 -0.1115 -0.686497 -0.401764 
1148
0 0 0 0 
2.65214 6.8908 11.3329 15.6449 
0.602741 0.184034 0.0925091 0.0553221 
1152
0 0 0 0 
2.78322 7.70204 10.9566 15.2731 
0.593134 0.190758 0.0934054 0.0561444 
1152
1 1 1 1 1 0 
2.6416 6.98686 11.1478 17.076 12.0565 14.3277 
-0.418229 -0.15935 -0.521029 -0.400769 -0.116992 -0.688798 
1156
1 1 1 1 0 1 
2.76666 7.41597 12.7457 16.3791 14.7803 12.0965 
-0.425293 -0.162458 -0.510028 -0.400408 -0.68718 -0.114288 
1156
0 0 0 0 
2.73552 7.9755 11.4677 15.7078 
0.592863 0.190565 0.0920581 0.0557199 
1160
1 1 1 1 1 0 
2.75406 7.1166 13.3903 16.874 11.0213 14.7834 
-0.426537 -0.155757 -0.51065 -0.400613 -0.1134 -0.687889 
1160
0 0 0 0 
2.61113 7.33015 11.7556 16.2922 
0.601248 0.194639 0.0914692 0.0555218 
1164
0 0 0 0 
2.69259 7.0131 8.16943 16.9951 
0.600315 0.190398 0.0929145 0.054766 
1168
0 0 0 0 
2.88737 7.12873 10.7274 19.1762 
0.590723 0.190564 0.0996227 0.0501063 
1172
1 1 1 1 1 0 1 
2.82308 7.52476 12.2008 13.2001 16.1628 16.8836 11.3842 
-0.429737 -0.15706 -0.509203 -0.110926 -0.401038 -0.690555 -0.105262 
1176
1 1 1 1 0 1 1 
2.7247 6.71463 14.0955 12.2629 14.8772 15.8708 11.1284 
-0.423897 -0.154734 -0.510164 -0.109905 -0.689445 -0.400179 -0.104346 
1180
1 1 1 0 1 1 
2.83595 7.51251 12.7665 11.219 16.4125 11.3097 
-0.429549 -0.165942 -0.509106 -0.68624 -0.40126 -0.112553 
1172
0 0 0 0 
2.93703 5.84292 8.17001 15.81 
0.588782 0.185432 0.0917473 0.0547315 
1176
0 0 0 0 
2.72931 6.6554 11.3831 16.4459 
0.594301 0.199845 0.0931252 0.0555886 
1184
1 1 1 1 0 1 
2.89019 6.75529 11.6772 10.727 11.8683 17.4427 
-0.423632 -0.154132 -0.509782 -0.113665 -0.687326 -0.400956 
1180
0 0 0 0 
2.72921 6.82756 10.1329 14.3993 
0.594421 0.190047 0.101202 0.0531207 
1184
0 0 0 0 
2.9311 6.76611 9.8179 19.7437 
0.589501 0.195841 0.102407 0.0496061 
1188
1 1 1 1 1 0 
2.72166 7.28577 13.6304 12.532 17.7975 11.7778 
-0.421551 -0.156152 -0.51048 -0.112487 -0.400776 -0.684096 
1192
0 0 0 0 
3.15805 7.32399 10.3347 16.0377 
0.582861 0.194964 0.0947185 0.0557078 
1196
0 0 0 0 
2.65667 5.97993 11.6205 17.9422 
0.601855 0.20249 0.0961062 0.0503773 
1192
1 1 1 1 0 1 
2.76133 7.4385 13.7078 11.3308 10.738 16.5652 
-0.413274 -0.161111 -0.510942 -0.113262 -0.688394 -0.400706 
1196
1 1 1 1 1 0 
2.94211 7.03142 11.5917 16.7881 13.5292 11.2683 
-0.42563 -0.155457 -0.510359 -0.399941 -0.116221 -0.685422 
1200
1 1 1 1 1 0 
2.75461 7.25561 13.1741 11.7575 16.9885 12.0104 
-0.42579 -0.156198 -0.510721 -0.112712 -0.399993 -0.687952 
1208
1 1 1 1 0 1 
2.78547 7.35046 12.1735 11.7233 12.5985 17.7159 
-0.426494 -0.160674 -0.508645 -0.112969 -0.686128 -0.400973 
1200
0 0 0 0 
3.00495 7.7184 10.8346 15.8207 
0.589419 0.192838 0.0983178 0.0556941 
1204
0 0 0 0 
2.89493 7.21533 11.0334 12.6868 
0.590461 0.196268 0.0937645 0.0554082 
1208
0 0 0 0 
2.56363 6.73183 10.5229 17.1208 
0.606725 0.189866 0.0999275 0.0541271 
1212
0 0 0 0 
2.6138 6.38932 10.7029 15.2901 
0.597419 0.19858 0.0947341 0.0497514 
