0
1 0 
3.11243 3.01328 
-0.303171 -0.624666 
0
0 
3.26307 
0.545809 
4
1 0 
3.41561 2.8605 
-0.317165 -0.627546 
4
0 
2.769 
0.544932 
8
1 0 
2.76154 2.9376 
-0.310522 -0.624565 
8
0 
2.79825 
0.543175 
12
1 0 
3.54076 2.88342 
-0.304768 -0.625475 
12
0 
3.27681 
0.552933 
16
1 0 
3.33621 2.82927 
-0.307219 -0.622263 
16
0 
3.25096 
0.544884 
20
0 
2.96582 
0.543543 
20
1 0 
3.31195 2.96438 
-0.304522 -0.624305 
24
0 
3.55517 
0.544649 
24
1 0 
2.98109 2.32625 
-0.306192 -0.634395 
28
0 
3.40717 
0.551326 
28
1 0 
3.30281 2.59529 
-0.305541 -0.618535 
32
1 0 
3.18645 2.77246 
-0.303554 -0.626716 
32
0 
3.27612 
0.554254 
36
0 
3.01116 
0.538126 
36
1 0 
3.31834 2.07972 
-0.314609 -0.649047 
40
1 0 
2.99006 2.81846 
-0.297502 -0.623901 
40
0 
3.15668 
0.548909 
44
1 0 
3.3948 3.01442 
-0.303569 -0.626014 
44
0 
3.22148 
0.553998 
52
0 
2.9054 
0.556131 
52
1 0 
3.21153 2.66134 
-0.312836 -0.629399 
56
1 0 
3.51461 2.91021 
-0.308395 -0.62334 
56
0 
2.61212 
0.550909 
60
1 0 
3.12277 2.83835 
-0.302168 -0.623796 
60
0 
3.25242 
0.535614 
64
0 
3.16437 
0.559797 
64
1 0 
3.07464 2.80009 
-0.301712 -0.622273 
68
1 0 
2.89933 2.13538 
-0.306492 -0.645316 
68
0 
2.8142 
0.546271 
76
0 
3.36075 
0.555116 
76
1 0 
3.2992 2.31146 
-0.307196 -0.643333 
80
0 
3.28551 
0.535152 
80
1 0 
2.8769 2.61285 
-0.297948 -0.636975 
84
0 
2.9866 
0.556007 
84
1 0 
3.26312 2.75558 
-0.311251 -0.621927 
88
1 0 
2.83764 2.64609 
-0.304311 -0.631118 
88
0 
3.16949 
0.53523 
92
1 0 
2.92354 2.83172 
-0.320635 -0.621186 
92
0 
2.87036 
0.538656 
100
1 0 
3.05903 2.85788 
-0.303852 -0.623416 
100
0 
3.24243 
0.55439 
104
0 
2.97001 
0.562607 
104
1 0 
3.30011 2.49513 
-0.30435 -0.636634 
108
1 0 
3.28773 2.79534 
-0.305154 -0.628416 
108
0 
3.13666 
0.549143 
112
1 0 
3.37379 2.99311 
-0.304618 -0.622607 
112
0 
3.15992 
0.536866 
116
1 0 
3.13962 2.59467 
-0.310415 -0.621035 
116
0 
3.31617 
0.541331 
124
1 0 
3.23552 2.54451 
-0.302256 -0.629725 
124
0 
3.45229 
0.550003 
128
0 
2.70687 
0.546721 
128
1 0 
3.86337 2.79922 
-0.308263 -0.621865 
132
1 0 
3.4598 2.81714 
-0.307604 -0.619891 
132
0 
3.49877 
0.533389 
136
1 0 
3.29021 2.77973 
-0.305062 -0.625758 
136
0 
3.21805 
0.555527 
140
0 
3.27773 
0.553396 
140
1 0 
3.01946 2.7721 
-0.307861 -0.627461 
148
1 0 
3.15943 2.54978 
-0.301508 -0.640473 
148
0 
3.10384 
0.549038 
152
1 0 
3.15296 2.59201 
-0.305583 -0.619162 
152
0 
2.80933 
0.546517 
156
1 0 
3.51258 2.88893 
-0.306532 -0.631998 
156
0 
2.92025 
0.558914 
160
0 
2.74599 
0.550892 
160
1 0 
3.37203 2.69657 
-0.307694 -0.623875 
164
1 0 
3.17746 2.56404 
-0.309125 -0.641845 
164
0 
3.18453 
0.548836 
172
0 
2.71896 
0.544609 
172
1 0 
3.4071 2.58232 
-0.305756 -0.626548 
176
1 0 
3.37822 2.6298 
-0.30572 -0.635412 
176
0 
3.04737 
0.547317 
180
1 0 
3.38209 3.01291 
-0.304601 -0.624074 
180
0 
3.04659 
0.53917 
184
0 
3.26453 
0.550217 
184
1 0 
4.00261 2.79844 
-0.309453 -0.62133 
192
0 
3.12146 
0.530862 
192
1 0 
3.24682 2.6395 
-0.303943 -0.619995 
196
1 0 
3.25649 2.4524 
-0.30497 -0.617062 
196
0 
3.21842 
0.553295 
200
1 0 
3.30079 2.57124 
-0.305527 -0.634725 
200
0 
3.15676 
0.535944 
204
0 
3.22454 
0.554112 
204
1 0 
2.9021 2.33128 
-0.298199 -0.63436 
208
1 0 
2.92124 2.45842 
-0.298379 -0.636315 
208
0 
2.76776 
0.539794 
216
1 0 
3.31946 2.45345 
-0.304113 -0.63393 
216
0 
3.24683 
0.545086 
220
0 
3.21543 
0.557124 
220
1 0 
3.29078 2.24327 
-0.308318 -0.644833 
224
0 
3.38595 
0.550809 
224
1 0 
3.23035 2.37563 
-0.305294 -0.619018 
228
1 0 
3.25352 2.66844 
-0.304344 -0.624908 
228
0 
3.10474 
0.536262 
232
0 
2.99783 
0.539629 
232
1 0 
2.85941 2.75441 
-0.304797 -0.622222 
240
0 
2.88627 
0.54764 
240
1 0 
3.4594 2.87959 
-0.305658 -0.628571 
244
1 0 
3.21856 2.76224 
-0.309341 -0.638553 
244
0 
3.06653 
0.559176 
248
0 
3.48007 
0.545794 
248
1 0 
3.40719 2.76712 
-0.30682 -0.630968 
252
0 
3.61522 
0.544858 
252
1 0 
3.13357 2.17398 
-0.303194 -0.643351 
260
0 
2.8551 
0.555676 
260
1 0 
3.00403 2.50344 
-0.302627 -0.632758 
264
1 0 
3.1306 2.33288 
-0.318476 -0.639896 
264
0 
3.35848 
0.549994 
268
0 
3.05783 
0.550098 
268
1 0 
3.20214 2.95025 
-0.302703 -0.631821 
272
0 
3.08287 
0.56075 
272
1 0 
3.39697 2.71458 
-0.304913 -0.61943 
276
0 
2.7582 
0.549594 
276
1 0 
3.30183 2.98253 
-0.305075 -0.625761 
284
1 0 
3.44216 2.82324 
-0.306382 -0.623737 
284
0 
3.37765 
0.542286 
288
1 0 
2.78253 2.89262 
-0.304719 -0.62362 
288
0 
3.07316 
0.542032 
292
1 0 
3.51498 2.78714 
-0.306639 -0.627422 
292
0 
2.98343 
0.551363 
296
0 
3.12819 
0.550751 
296
1 0 
3.38616 2.83677 
-0.306099 -0.624365 
300
1 0 
2.91394 2.76649 
-0.31146 -0.622815 
300
0 
3.28563 
0.553897 
308
0 
3.22557 
0.55659 
308
1 0 
3.16751 2.67389 
-0.3095 -0.628285 
312
1 0 
3.29505 2.86232 
-0.304035 -0.623299 
312
0 
2.82122 
0.548323 
316
1 0 
3.05426 2.77451 
-0.311697 -0.622205 
316
0 
3.34766 
0.554265 
320
0 
3.38407 
0.549581 
320
1 0 
3.09354 2.93197 
-0.300948 -0.623708 
324
0 
3.33707 
0.549122 
324
1 0 
3.38514 2.80348 
-0.303848 -0.630133 
332
0 
3.33591 
0.541024 
332
1 0 
3.26623 2.75462 
-0.305011 -0.620508 
336
1 0 
3.38444 2.79951 
-0.308782 -0.623631 
336
0 
3.20574 
0.543394 
340
1 0 
3.0921 2.75211 
-0.302872 -0.622021 
340
0 
2.98688 
0.547413 
344
1 0 
3.16844 2.89622 
-0.305789 -0.624004 
344
0 
3.49732 
0.546058 
348
0 
2.93208 
0.541885 
348
1 0 
3.30876 2.94929 
-0.316227 -0.628208 
356
0 
3.28828 
0.542721 
356
1 0 
3.21796 3.05657 
-0.305211 -0.624986 
360
0 
3.43022 
0.552273 
360
1 0 
3.50415 2.74822 
-0.308585 -0.622317 
364
0 
3.32951 
0.551358 
364
1 0 
3.27745 2.40475 
-0.303581 -0.643325 
368
0 
3.20662 
0.558074 
368
0 1 
2.76957 3.4843 
-0.624797 -0.30719 
376
0 
3.18412 
0.545833 
376
1 0 
3.23201 2.98561 
-0.303652 -0.623805 
380
0 
3.11294 
0.559191 
380
1 0 
3.18119 2.94565 
-0.309185 -0.626177 
384
0 
3.13415 
0.538919 
384
1 0 
3.41683 2.76607 
-0.302882 -0.621997 
388
0 
2.9406 
0.544617 
388
1 0 
3.16211 2.90588 
-0.311547 -0.622837 
392
0 
2.66938 
0.550684 
392
1 0 
3.44536 2.30839 
-0.305642 -0.635336 
400
0 
3.35061 
0.549324 
400
1 0 
3.27262 2.75512 
-0.305824 -0.626386 
404
0 
3.25453 
0.54369 
404
1 0 
3.24355 2.54347 
-0.305673 -0.643511 
408
0 
3.29798 
0.555956 
408
1 0 
3.28289 2.89078 
-0.3109 -0.624623 
412
0 
2.92121 
0.550796 
412
1 0 
3.29777 2.60235 
-0.3053 -0.630819 
416
0 
3.2688 
0.547377 
416
1 0 
3.18782 2.90917 
-0.303632 -0.628276 
424
0 
3.4908 
0.545683 
424
1 0 
3.1664 2.20347 
-0.302876 -0.650535 
428
1 0 
3.49744 2.89555 
-0.304712 -0.623658 
428
0 
3.59021 
0.543153 
432
1 0 
3.33029 2.80394 
-0.30412 -0.62302 
432
0 
3.30745 
0.553705 
436
1 0 
3.08422 2.94971 
-0.308457 -0.625081 
436
0 
3.19659 
0.55442 
440
0 
3.65307 
0.533947 
440
1 0 
3.24122 2.21726 
-0.3087 -0.633169 
448
1 0 
3.234 2.95409 
-0.305189 -0.629266 
448
0 
3.10691 
0.552486 
452
1 0 
3.34294 2.81212 
-0.305407 -0.633703 
452
0 
3.25853 
0.543808 
456
0 
3.17179 
0.541739 
456
1 0 
3.23227 2.72164 
-0.30766 -0.627346 
460
1 0 
2.89527 2.41014 
-0.307636 -0.622042 
460
0 
2.69526 
0.546338 
468
0 
2.98973 
0.555216 
468
1 0 
3.05194 2.89519 
-0.307854 -0.627028 
472
1 0 
2.98756 3.0017 
-0.309278 -0.622874 
472
0 
3.27629 
0.542402 
476
0 
2.71313 
0.54928 
476
1 0 
3.19147 2.95053 
-0.303618 -0.622953 
480
1 0 
3.08602 2.87226 
-0.300792 -0.626137 
480
0 
3.30892 
0.544041 
484
0 
3.3316 
0.544944 
484
0 1 
2.9135 3.46584 
-0.630121 -0.306028 
492
0 
3.16507 
0.548819 
492
1 0 
3.26877 2.64325 
-0.308168 -0.643614 
496
1 0 
3.19391 2.49102 
-0.30077 -0.639595 
496
0 
2.7168 
0.546834 
500
1 0 
3.17212 2.49058 
-0.304278 -0.631539 
500
0 
3.23157 
0.534287 
504
1 0 
3.27414 2.39418 
-0.305229 -0.637548 
504
0 
3.19629 
0.54622 
508
0 
3.42051 
0.550667 
508
1 0 
3.5508 2.8251 
-0.306097 -0.620841 
516
0 
3.43639 
0.547951 
516
0 1 
2.35255 2.88762 
-0.64184 -0.298846 
520
0 
3.38309 
0.552773 
520
1 0 
3.3426 2.95816 
-0.304591 -0.62299 
524
1 0 
3.24638 2.61857 
-0.302289 -0.631342 
524
0 
3.16172 
0.546953 
528
1 0 
3.01351 2.21677 
-0.306701 -0.648588 
528
0 
2.63021 
0.550224 
532
1 0 
3.24249 2.67565 
-0.305518 -0.620497 
532
0 
2.70029 
0.547119 
540
1 0 
3.19918 2.65875 
-0.30322 -0.630752 
540
0 
3.37124 
0.552145 
544
1 0 
3.20612 2.67919 
-0.30789 -0.625085 
544
0 
3.45752 
0.547761 
548
0 
3.18556 
0.533535 
548
1 0 
3.12261 2.50746 
-0.303596 -0.634575 
552
1 0 
3.58214 2.79379 
-0.30548 -0.6221 
552
0 
3.20948 
0.557666 
556
0 
3.37709 
0.550683 
556
1 0 
2.99843 2.6904 
-0.315282 -0.623302 
564
0 
3.1278 
0.535333 
564
1 0 
3.11837 2.70972 
-0.320559 -0.6214 
568
0 
3.17672 
0.556484 
568
1 0 
3.38141 2.57025 
-0.30552 -0.628977 
572
1 0 
3.29754 2.95868 
-0.30589 -0.622731 
572
0 
2.75315 
0.54705 
576
0 
3.19313 
0.546131 
576
1 0 
3.00885 2.88175 
-0.307994 -0.624568 
584
0 
3.32656 
0.544164 
584
1 0 
3.46353 2.94841 
-0.306467 -0.627944 
588
0 
3.3667 
0.554729 
588
1 0 
3.28785 2.80807 
-0.305072 -0.624142 
592
1 0 
3.24951 2.88172 
-0.309257 -0.622344 
592
0 
3.00465 
0.564329 
596
0 
3.20666 
0.538279 
596
1 0 
2.96311 2.66273 
-0.321503 -0.621435 
600
0 
3.37618 
0.552089 
600
1 0 
2.91304 3.05317 
-0.304237 -0.631292 
608
1 0 
3.61981 2.63781 
-0.30743 -0.624263 
608
0 
3.6596 
0.525718 
612
0 
3.21451 
0.546079 
612
1 0 
2.92989 2.74694 
-0.306802 -0.622072 
616
1 0 
2.99785 2.65488 
-0.301267 -0.619109 
616
0 
3.42951 
0.550328 
620
0 
3.0437 
0.562127 
620
1 0 
3.42404 2.69859 
-0.305882 -0.622792 
624
1 0 
3.33007 1.99633 
-0.304617 -0.651167 
624
0 
3.06768 
0.561159 
632
1 0 
3.08001 2.91632 
-0.317313 -0.623712 
632
0 
3.24664 
0.5424 
636
1 0 
3.03012 2.42768 
-0.307762 -0.647146 
636
0 
3.28608 
0.554048 
640
1 0 
3.33197 2.32748 
-0.303057 -0.643509 
640
0 
3.41886 
0.537315 
644
0 
2.77391 
0.543969 
644
1 0 
3.18765 1.92262 
-0.305118 -0.648596 
648
0 
3.21106 
0.540553 
648
1 0 
3.32288 2.73903 
-0.302358 -0.621573 
656
0 
3.18338 
0.535945 
656
1 0 
3.39428 2.18009 
-0.305399 -0.646542 
660
0 
3.15121 
0.545193 
660
1 0 
3.00219 2.90733 
-0.307055 -0.623677 
664
1 0 
2.92407 2.94434 
-0.303139 -0.624102 
664
0 
2.79853 
0.549108 
668
1 0 
3.70376 2.70457 
-0.304512 -0.628719 
668
0 
2.76273 
0.554851 
676
0 
3.07277 
0.560594 
676
1 0 
3.26953 2.80083 
-0.304299 -0.621002 
680
0 
2.45733 
0.575224 
680
1 0 
3.44406 2.51163 
-0.30373 -0.619395 
684
0 
3.21331 
0.550687 
684
1 0 
3.39589 2.91274 
-0.308183 -0.628014 
688
1 0 
3.53424 2.77454 
-0.306081 -0.629762 
688
0 
2.80586 
0.543144 
692
1 0 
3.49693 2.77071 
-0.306987 -0.631504 
692
0 
3.27663 
0.554134 
700
1 0 
2.94897 2.7267 
-0.304955 -0.619632 
700
0 
2.97369 
0.548475 
704
1 0 
3.45049 2.98373 
-0.304279 -0.627189 
704
0 
3.6148 
0.542099 
708
1 0 
3.22514 2.55069 
-0.306 -0.619812 
708
0 
3.32582 
0.540513 
712
1 0 
3.34808 2.88837 
-0.305248 -0.626619 
712
0 
2.95357 
0.557253 
716
1 0 
3.488 2.61636 
-0.307853 -0.625364 
716
0 
3.15745 
0.54995 
724
0 
3.388 
0.550681 
724
1 0 
3.07823 2.99402 
-0.316746 -0.624806 
728
1 0 
3.30147 2.86119 
-0.304638 -0.623723 
728
0 
3.33958 
0.553529 
732
0 
3.42182 
0.551389 
732
1 0 
3.12623 2.40701 
-0.302728 -0.64573 
736
0 
3.2988 
0.545585 
736
1 0 
3.50244 2.53302 
-0.307808 -0.622092 
740
1 0 
3.20625 2.69536 
-0.302826 -0.620825 
740
0 
2.49187 
0.548561 
748
0 
3.2086 
0.558245 
748
1 0 
3.44932 2.94426 
-0.306393 -0.628539 
752
0 
2.72399 
0.546806 
752
1 0 
3.02182 2.64798 
-0.305313 -0.619182 
756
0 
3.14333 
0.548138 
756
1 0 
3.28811 2.8653 
-0.304456 -0.623027 
760
1 0 
3.35366 2.82521 
-0.30299 -0.620499 
760
0 
2.81681 
0.539885 
764
0 
2.78556 
0.539778 
764
1 0 
3.19504 2.54853 
-0.303722 -0.621145 
772
1 0 
3.02074 2.5001 
-0.304613 -0.619426 
772
0 
3.2186 
0.532571 
776
0 
3.32176 
0.541077 
776
0 1 
2.71153 3.48647 
-0.630844 -0.307731 
780
0 
3.3008 
0.552698 
780
1 0 
3.13929 2.71196 
-0.309589 -0.619553 
784
0 
3.35644 
0.548864 
784
1 0 
3.55883 2.43712 
-0.305869 -0.61733 
788
0 
3.10416 
0.552482 
788
1 0 
3.19622 2.53598 
-0.304474 -0.620569 
796
1 0 
3.8529 2.69569 
-0.309908 -0.618004 
796
0 
3.2288 
0.5553 
800
0 
3.55797 
0.547189 
800
1 0 
3.62929 2.78186 
-0.306517 -0.621525 
804
0 
3.38531 
0.541507 
804
1 0 
2.91436 2.82541 
-0.300481 -0.630798 
808
1 0 
3.40874 2.41292 
-0.304838 -0.617904 
808
0 
3.05118 
0.550712 
816
1 0 
3.52665 2.79848 
-0.309367 -0.627557 
816
0 
2.68385 
0.549217 
820
0 
3.45435 
0.54603 
820
1 0 
3.44688 2.55516 
-0.306689 -0.619947 
824
0 
3.26423 
0.555477 
824
1 0 
3.42739 2.77831 
-0.30732 -0.621596 
828
1 0 
3.55303 2.93351 
-0.30474 -0.625355 
828
0 
3.00635 
0.540099 
832
1 0 
3.10475 2.85434 
-0.308128 -0.623409 
832
0 
2.79303 
0.546448 
840
1 0 
3.40693 3.18754 
-0.305928 -0.626905 
840
0 
3.36993 
0.549998 
844
1 0 
3.5468 2.78365 
-0.309583 -0.623951 
844
0 
3.25993 
0.545306 
848
0 
3.54423 
0.549774 
848
1 0 
3.53109 2.83697 
-0.307558 -0.620312 
852
0 
2.7161 
0.547836 
852
1 0 
3.47507 2.60047 
-0.307393 -0.633496 
856
0 
2.8826 
0.542854 
856
1 0 
2.97157 2.81853 
-0.309075 -0.62342 
864
0 
2.94912 
0.550341 
864
1 0 
3.58221 2.75067 
-0.310143 -0.623728 
868
1 0 
3.30333 2.77723 
-0.304969 -0.621516 
868
0 
2.86317 
0.543865 
872
1 0 
3.27516 2.44383 
-0.304901 -0.64566 
872
0 
3.19656 
0.544061 
876
0 
3.33277 
0.553256 
876
1 0 
3.20771 2.97147 
-0.302028 -0.623481 
880
0 
3.66456 
0.53592 
880
1 0 
3.01694 2.90777 
-0.302442 -0.623369 
888
1 0 
3.39815 2.66288 
-0.306599 -0.63062 
888
0 
3.22826 
0.555252 
892
0 
3.17418 
0.557223 
892
0 1 
2.4655 3.14078 
-0.617105 -0.306268 
896
1 0 
3.24653 2.9442 
-0.30428 -0.624668 
896
0 
3.15693 
0.559999 
900
0 
3.46582 
0.535449 
900
1 0 
3.21623 2.83843 
-0.305279 -0.624388 
904
1 0 
2.8704 2.74588 
-0.30579 -0.624547 
904
0 
3.24767 
0.5574 
912
0 
3.36554 
0.544723 
912
1 0 
3.31578 3.07599 
-0.302551 -0.625639 
916
0 
3.32221 
0.551615 
916
1 0 
3.58942 2.87148 
-0.305944 -0.625734 
920
0 
2.74331 
0.545766 
920
1 0 
3.2462 2.50525 
-0.3023 -0.629086 
924
0 
2.52548 
0.549109 
924
1 0 
3.37751 2.67089 
-0.305311 -0.620717 
928
1 0 
3.48584 2.85721 
-0.310165 -0.622685 
928
0 
3.16361 
0.555859 
936
0 
3.18191 
0.550182 
936
1 0 
3.23988 2.66362 
-0.301862 -0.638572 
940
0 
3.41224 
0.548938 
940
1 0 
3.61658 3.02262 
-0.30985 -0.62277 
944
0 
2.92368 
0.544337 
944
1 0 
3.10541 2.59351 
-0.303027 -0.619535 
948
0 
2.98225 
0.544449 
948
1 0 
3.1487 2.61313 
-0.305054 -0.634126 
956
0 
3.17746 
0.555669 
956
1 0 
3.52049 2.75228 
-0.308528 -0.619919 
960
1 0 
3.77542 2.54266 
-0.307261 -0.618816 
960
0 
3.66538 
0.543863 
964
0 
3.40406 
0.552396 
964
1 0 
3.22553 2.86596 
-0.304776 -0.625818 
968
0 
3.03232 
0.551125 
968
1 0 
3.19153 2.69839 
-0.301307 -0.625608 
972
0 
2.75744 
0.544355 
972
1 0 
3.59902 2.71587 
-0.303466 -0.633498 
980
1 0 
3.3723 2.27711 
-0.305759 -0.646687 
980
0 
2.83728 
0.547279 
984
0 
3.28495 
0.55389 
984
1 0 
3.03801 2.46938 
-0.305353 -0.618044 
