0
1 
2.55128 
-0.309692 
4
1 
3.20629 
-0.301024 
8
1 
3.2752 
-0.316449 
12
1 
3.46746 
-0.320042 
12
0 
3.32004 
0.552419 
16
0 
3.3332 
0.542267 
16
1 
3.52274 
-0.317219 
20
0 
3.67299 
0.537836 
20
1 
3.40236 
-0.315465 
24
1 
3.11546 
-0.317721 
24
0 
3.1301 
0.547337 
28
1 0 
3.01744 2.39718 
-0.313353 -0.621369 
28
0 
3.65854 
0.547755 
32
0 
3.2925 
0.545117 
32
1 
3.41203 
-0.322257 
36
0 
3.53188 
0.546377 
36
1 
3.44461 
-0.31865 
40
0 
3.60779 
0.542885 
40
1 
3.40332 
-0.320397 
44
1 
3.57725 
-0.31937 
44
0 
3.25905 
0.555383 
48
1 
3.46445 
-0.318464 
48
0 
3.41747 
0.553028 
56
0 
3.41271 
0.543397 
56
1 
3.51331 
-0.315677 
60
1 
3.13429 
-0.31332 
60
0 
3.29164 
0.542473 
64
0 
3.2372 
0.548532 
68
0 
3.25271 
0.547629 
72
0 
3.35282 
0.556737 
80
0 
3.22306 
0.549305 
84
0 
3.19227 
0.551791 
88
0 
3.29159 
0.549366 
92
0 
3.65904 
0.537618 
96
0 
3.40143 
0.550805 
104
0 
3.25136 
0.547052 
108
0 
3.28669 
0.547584 
112
0 
3.44749 
0.55179 
116
0 
2.20983 
-0.649525 
116
0 
3.51292 
0.536886 
120
0 
2.78866 
-0.61933 
120
0 
3.53383 
0.539209 
128
0 
2.46386 
-0.641991 
128
0 
3.34782 
0.546971 
132
0 
2.3119 
-0.650124 
132
0 
3.43876 
0.552634 
136
0 
3.59366 
0.539153 
136
0 
3.15388 
-0.62665 
140
0 
3.24688 
0.547688 
140
0 
2.91244 
-0.62731 
144
0 
3.27493 
0.544691 
144
0 
2.96515 
-0.627962 
148
0 
2.33357 
-0.642667 
148
0 
3.09636 
0.549492 
156
0 
3.20804 
0.551677 
156
0 
2.51278 
-0.643378 
160
0 
3.29958 
0.546957 
