0
1 0 
3.13144 2.35472 
-0.304054 -0.638064 
0
0 
3.50829 
0.539354 
4
1 0 
3.10003 2.60678 
-0.303575 -0.617191 
4
0 
2.6715 
0.570134 
8
0 
3.38428 
0.543899 
8
1 0 
3.1817 2.44603 
-0.303127 -0.644079 
12
0 
3.07061 
0.555211 
12
1 0 
3.0684 2.14613 
-0.300128 -0.638962 
16
0 
3.35427 
0.552374 
16
1 0 
3.15155 2.58711 
-0.307795 -0.61893 
20
0 
3.4664 
0.541505 
20
1 0 
3.22745 2.90878 
-0.30418 -0.626247 
24
0 
3.21651 
0.549799 
24
1 0 
3.16248 2.11846 
-0.302475 -0.648259 
28
0 
3.07719 
0.552228 
28
1 0 
3.1555 2.4004 
-0.302696 -0.62111 
32
0 
3.42356 
0.54465 
32
1 0 
2.93086 2.25148 
-0.298113 -0.640345 
36
0 
3.35854 
0.559212 
36
1 0 
2.97033 2.1796 
-0.303771 -0.645619 
40
0 
3.43743 
0.549351 
40
1 0 
3.12141 2.27476 
-0.302026 -0.641646 
44
0 
3.43072 
0.549556 
44
1 0 
3.21696 2.15755 
-0.304899 -0.640309 
48
0 
2.88803 
0.564402 
48
1 0 
3.32925 2.45838 
-0.306018 -0.646032 
56
0 
3.40802 
0.548449 
56
1 0 
3.50108 2.39398 
-0.296824 -0.634493 
60
0 
3.54336 
0.537977 
60
1 0 
2.98958 2.14783 
-0.304437 -0.646829 
64
0 
3.34163 
0.543676 
64
1 0 
3.22656 2.45963 
-0.303313 -0.618051 
68
0 
2.89728 
0.562297 
68
1 0 
3.23479 2.43796 
-0.303701 -0.639488 
72
0 
3.44043 
0.550127 
76
1 0 
3.3713 1.94897 
-0.305152 -0.647896 
80
0 
3.13711 
0.549875 
80
1 0 
3.52612 2.93353 
-0.305144 -0.625555 
84
0 
3.17103 
0.550123 
84
1 0 
3.47547 2.12044 
-0.310919 -0.644357 
88
0 
3.15736 
0.55885 
88
1 0 
3.59644 2.70074 
-0.305965 -0.622365 
92
0 
3.37755 
0.551538 
92
1 0 
3.29642 2.85237 
-0.29555 -0.624954 
96
0 
3.40759 
0.548797 
100
1 0 
3.14652 2.22342 
-0.305717 -0.6471 
104
0 
3.21361 
0.545446 
104
1 0 
3.29152 2.76652 
-0.304354 -0.619785 
108
0 
3.42975 
0.545211 
108
1 0 
3.25197 2.05216 
-0.313476 -0.648808 
112
1 0 
3.06302 2.42524 
-0.307473 -0.640508 
112
0 
3.40097 
0.541603 
116
0 
3.58992 
0.544474 
116
1 0 
3.47563 2.26714 
-0.308609 -0.644947 
124
0 
3.35608 
0.543818 
124
1 0 
3.42836 2.2452 
-0.305724 -0.64069 
128
0 
3.18493 
0.56034 
128
1 0 
3.18808 2.2017 
-0.301189 -0.643052 
132
0 
3.22383 
0.554521 
132
1 0 
3.86761 2.73061 
-0.301197 -0.623201 
136
0 
3.3735 
0.54263 
136
1 0 
3.30631 2.12875 
-0.309628 -0.64765 
140
1 0 
3.04875 2.28698 
-0.293256 -0.645739 
140
0 
3.56762 
0.53864 
148
1 0 
3.14252 2.17059 
-0.302837 -0.643302 
148
0 
3.30308 
0.54804 
152
1 0 
3.20656 2.14099 
-0.304528 -0.644608 
152
0 
3.43972 
0.54098 
156
0 
3.2524 
0.553236 
156
1 0 
3.1433 2.65077 
-0.304516 -0.617974 
160
1 0 
3.68287 2.82309 
-0.304732 -0.624425 
160
0 
3.032 
0.555859 
164
0 
3.27443 
0.546548 
164
1 0 
3.24413 2.27094 
-0.304241 -0.638737 
172
1 0 
3.1457 2.22757 
-0.303035 -0.646395 
172
0 
3.26004 
0.548517 
176
0 
3.17753 
0.547628 
176
1 0 
3.0236 2.95201 
-0.304077 -0.623822 
180
0 
3.40932 
0.554793 
180
1 0 
3.5303 2.48583 
-0.309664 -0.639116 
184
0 
3.47009 
0.540624 
184
1 0 
3.58242 2.80948 
-0.30567 -0.621718 
188
0 
3.4374 
0.548659 
188
1 0 
3.16562 2.38997 
-0.303262 -0.643011 
196
0 
3.44699 
0.539454 
196
1 0 
3.22478 3.17588 
-0.305091 -0.619872 
200
0 
3.52218 
0.550473 
200
1 0 
3.26805 2.23488 
-0.305936 -0.646876 
204
1 0 
3.22432 2.75408 
-0.294371 -0.623469 
204
0 
3.51669 
0.542077 
208
1 0 
3.49729 2.37731 
-0.302998 -0.640371 
208
0 
3.12774 
0.551777 
216
0 
3.2107 
0.550624 
216
1 0 
2.84436 2.42259 
-0.301133 -0.638445 
220
0 
3.4825 
0.547944 
220
1 0 
3.06215 2.41806 
-0.300375 -0.638443 
224
1 0 
3.15021 2.23356 
-0.303311 -0.643387 
224
0 
3.26647 
0.547879 
228
0 
3.32081 
0.54852 
228
1 0 
3.35552 2.35508 
-0.304974 -0.644956 
232
1 0 
3.22577 2.90187 
-0.304606 -0.623012 
232
0 
3.35408 
0.547436 
240
1 0 
3.11452 2.68158 
-0.303027 -0.622349 
240
0 
3.41407 
0.542104 
244
0 
3.35255 
0.541611 
244
1 0 
3.2982 2.64123 
-0.313891 -0.624613 
248
1 0 
3.23656 2.73341 
-0.308167 -0.620117 
248
0 
3.38673 
0.548398 
252
1 0 
2.939 2.93341 
-0.301762 -0.624293 
252
0 
3.37694 
0.545316 
256
1 0 
3.04252 2.83316 
-0.303593 -0.624833 
256
0 
3.2638 
0.565872 
264
0 
3.00923 
0.555053 
264
1 0 
3.44799 2.81214 
-0.306404 -0.622522 
268
0 
3.38088 
0.54216 
268
1 0 
3.16374 2.18235 
-0.301916 -0.643416 
272
0 
3.14214 
0.551454 
272
1 0 
3.34136 2.84328 
-0.306732 -0.628056 
276
0 
3.33144 
0.548231 
276
1 0 
3.24659 2.39369 
-0.305426 -0.643757 
280
0 
3.45893 
0.547854 
284
1 0 
3.14144 3.0492 
-0.303495 -0.622907 
288
0 
3.29366 
0.548576 
288
1 0 
3.12073 2.36166 
-0.302984 -0.644911 
292
0 
3.2975 
0.54909 
292
1 0 
3.56207 2.56128 
-0.305692 -0.639871 
296
0 
3.27662 
0.545685 
296
1 0 
3.51454 2.1879 
-0.310421 -0.638439 
300
0 
3.55875 
0.537727 
300
1 0 
3.34456 2.19313 
-0.307804 -0.638858 
304
0 
3.47288 
0.543505 
304
1 0 
3.43692 2.30651 
-0.314329 -0.641995 
312
0 
3.49366 
0.543023 
312
1 0 
3.36948 2.41692 
-0.302088 -0.646944 
316
0 
3.37308 
0.546008 
316
1 0 
3.25109 2.29281 
-0.305086 -0.644656 
320
0 
3.43389 
0.544855 
320
1 0 
3.34038 2.33635 
-0.316112 -0.642765 
324
0 
3.25759 
0.546377 
324
1 0 
3.35885 2.58755 
-0.301603 -0.628 
328
0 
3.39665 
0.54982 
332
1 0 
3.22161 3.05147 
-0.304452 -0.627489 
336
0 
3.47483 
0.539896 
336
1 0 
3.0662 2.50703 
-0.317504 -0.643791 
340
0 
3.49176 
0.55048 
340
1 0 
3.07848 2.25025 
-0.300851 -0.643133 
344
0 
3.56374 
0.542943 
344
1 0 
3.36344 2.28774 
-0.305061 -0.642606 
348
0 
3.52889 
0.541099 
348
1 0 
3.40233 2.35884 
-0.306306 -0.645471 
352
0 
3.19763 
0.551184 
356
1 0 
3.28191 2.20088 
-0.303254 -0.647596 
360
0 
3.44545 
0.549945 
360
1 0 
3.14101 2.25883 
-0.302974 -0.640186 
364
0 
2.87628 
0.559191 
364
1 0 
3.19102 2.05703 
-0.302963 -0.643067 
368
0 
3.1254 
0.551322 
368
1 0 
3.41448 2.69434 
-0.303717 -0.618656 
372
0 
3.41575 
0.550806 
372
1 0 
3.0806 2.22646 
-0.303129 -0.644571 
376
0 
3.14156 
0.551442 
380
1 0 
3.07549 2.50841 
-0.304681 -0.638222 
384
0 
3.349 
0.546481 
384
1 0 
3.02831 2.66977 
-0.30114 -0.620079 
388
0 
3.08688 
0.553815 
388
1 0 
3.56409 2.90743 
-0.307446 -0.626007 
392
0 
3.2253 
0.549765 
392
1 0 
3.4874 1.99328 
-0.306428 -0.645846 
396
0 
3.24524 
0.561426 
396
1 0 
3.36767 2.09563 
-0.313467 -0.64528 
400
0 
2.83695 
0.559282 
404
1 0 
3.03683 2.42249 
-0.301191 -0.639568 
408
0 
3.5973 
0.540943 
408
1 0 
3.19902 2.73596 
-0.303064 -0.620354 
412
0 
3.62159 
0.538031 
412
1 0 
3.07609 2.90989 
-0.299423 -0.625133 
416
0 
3.28852 
0.554272 
416
1 0 
3.27502 3.10421 
-0.302591 -0.626651 
420
0 
3.00163 
0.556464 
420
1 0 
3.19781 2.70399 
-0.303618 -0.627086 
428
0 
3.4849 
0.545874 
428
1 0 
3.06065 2.5295 
-0.302891 -0.634115 
432
0 
3.17338 
0.549666 
432
1 0 
3.11331 2.82719 
-0.305448 -0.622347 
436
0 
3.5738 
0.54647 
436
1 0 
3.46915 2.96938 
-0.30627 -0.625719 
440
0 
3.20104 
0.547513 
440
1 0 
3.37278 2.29705 
-0.304787 -0.636773 
444
0 
3.35827 
0.543944 
444
1 0 
3.50566 2.15207 
-0.305217 -0.644243 
452
0 
3.5304 
0.540603 
452
1 0 
3.13072 2.77 
-0.303949 -0.623558 
456
0 
3.34314 
0.543733 
456
1 0 
3.56577 2.36504 
-0.306058 -0.638609 
460
0 
3.32696 
0.544728 
460
1 0 
3.41618 2.49232 
-0.304899 -0.641637 
464
0 
3.29061 
0.548854 
464
1 0 
3.53855 2.33892 
-0.310963 -0.639378 
468
0 
3.52998 
0.537663 
468
1 0 
3.29968 2.21922 
-0.304346 -0.641327 
476
0 
3.28744 
0.544991 
476
1 0 
2.87276 1.9473 
-0.298594 -0.651819 
480
0 
3.28044 
0.546959 
480
1 0 
3.13084 2.13577 
-0.301935 -0.642775 
484
1 0 
3.39552 2.34056 
-0.301393 -0.639996 
484
0 
3.39593 
0.544853 
488
1 0 
3.32993 2.3008 
-0.303554 -0.640328 
488
0 
3.251 
0.546523 
492
1 0 
3.54226 2.1309 
-0.301521 -0.645939 
496
0 
3.30846 
0.544416 
500
1 0 
3.20632 2.4764 
-0.30402 -0.641482 
500
0 
3.35871 
0.542924 
504
1 0 
3.39084 2.28944 
-0.292495 -0.641046 
504
0 
3.31871 
0.545372 
508
1 0 
3.42314 2.96233 
-0.303185 -0.625444 
508
0 
3.28945 
0.553374 
512
1 0 
2.86397 2.76648 
-0.299967 -0.620759 
512
0 
3.3126 
0.547134 
520
1 0 
3.1618 2.17727 
-0.300804 -0.639087 
520
0 
3.29687 
0.545948 
524
1 0 
3.24812 2.28141 
-0.303385 -0.638529 
524
0 
3.35215 
0.549652 
528
1 0 
3.42087 2.23936 
-0.303767 -0.644506 
528
0 
3.29495 
0.544795 
532
1 0 
2.93246 2.69858 
-0.304475 -0.622201 
532
0 
3.58067 
0.539536 
536
1 0 
3.26349 2.70942 
-0.304035 -0.621696 
536
0 
3.43817 
0.542177 
544
1 0 
3.22187 2.18618 
-0.313987 -0.64734 
544
0 
3.25016 
0.545077 
548
1 0 
3.45645 2.36473 
-0.306181 -0.638573 
548
0 
3.2616 
0.548352 
552
1 0 
3.01004 2.29201 
-0.302111 -0.644516 
552
0 
3.28869 
0.545292 
556
1 0 
2.91322 2.97304 
-0.298784 -0.633261 
556
0 
3.43937 
0.540843 
560
1 0 
3.58784 2.43231 
-0.304522 -0.639944 
564
0 
3.66374 
0.550557 
568
1 0 
3.36139 2.3287 
-0.302552 -0.639211 
568
0 
3.34029 
0.553126 
572
1 0 
3.06406 2.8356 
-0.300996 -0.633972 
572
0 
3.43702 
0.541776 
576
1 0 
3.31229 2.63316 
-0.303762 -0.630414 
576
0 
3.09691 
0.553133 
580
1 0 
3.51409 2.21148 
-0.299443 -0.64193 
580
0 
3.40951 
0.543049 
584
1 0 
3.61154 2.42432 
-0.307842 -0.63971 
588
0 
3.30356 
0.547454 
592
1 0 
2.89864 2.81234 
-0.300006 -0.624832 
592
0 
3.17246 
0.555028 
596
1 0 
3.24497 2.27776 
-0.305186 -0.634419 
596
0 
3.4127 
0.55764 
600
1 0 
3.24847 2.61661 
-0.306091 -0.629756 
600
0 
3.41996 
0.544335 
604
1 0 
3.07644 2.38539 
-0.301262 -0.641253 
608
0 
3.50847 
0.545002 
608
1 0 
3.1769 2.33907 
-0.302342 -0.637554 
612
0 
2.99772 
0.556853 
616
1 0 
3.19389 2.73113 
-0.30492 -0.640308 
616
0 
3.17717 
0.556441 
620
1 0 
3.15375 2.3323 
-0.303288 -0.641446 
620
0 
3.44256 
0.54385 
624
1 0 
3.06739 2.5492 
-0.30033 -0.644578 
624
0 
3.52014 
0.53921 
628
1 0 
3.18307 2.17931 
-0.308528 -0.650782 
632
0 
3.5297 
0.538998 
632
1 0 
3.16225 2.09752 
-0.30268 -0.64492 
636
0 
3.5943 
0.542075 
640
1 0 
2.95837 2.27208 
-0.30693 -0.646541 
640
0 
3.44887 
0.542333 
644
1 0 
3.04521 2.83498 
-0.30136 -0.622536 
644
0 
3.38183 
0.542879 
648
1 0 
3.07545 2.24922 
-0.303378 -0.643934 
648
0 
3.27676 
0.547455 
652
1 0 
3.12486 2.52593 
-0.303257 -0.639382 
656
0 
3.18815 
0.550814 
656
1 0 
3.36117 2.77524 
-0.296201 -0.639771 
660
0 
3.67583 
0.542732 
664
1 0 
3.07696 2.58445 
-0.302256 -0.621921 
664
0 
3.32154 
0.54462 
668
1 0 
3.27599 2.13011 
-0.31487 -0.646655 
668
0 
3.22412 
0.547365 
672
1 0 
3.45591 2.63675 
-0.304486 -0.616861 
672
0 
3.32865 
0.553639 
676
1 0 
3.1382 2.07486 
-0.290222 -0.648675 
680
0 
3.03388 
0.554427 
684
1 0 
3.2345 3.03411 
-0.301521 -0.62237 
688
1 0 
3.31622 2.91961 
-0.309164 -0.616074 
684
0 
3.12901 
0.55514 
688
0 
3.40061 
0.5443 
692
1 0 
2.93832 2.21033 
-0.300586 -0.646236 
692
0 
3.25103 
0.547643 
696
1 0 
3.20117 2.74793 
-0.304112 -0.621471 
696
0 
3.3729 
0.544536 
700
1 0 
3.35382 2.2759 
-0.297396 -0.638342 
704
0 
3.27928 
0.549993 
708
1 0 
3.3325 2.47904 
-0.296666 -0.636449 
708
0 
3.12362 
0.552785 
712
1 0 
3.13599 2.22061 
-0.302556 -0.645391 
712
0 
3.38202 
0.543543 
716
1 0 
3.12939 2.77013 
-0.312328 -0.620033 
716
0 
3.50834 
0.537287 
720
1 0 
3.21574 2.80014 
-0.308812 -0.622382 
720
0 
3.46718 
0.541143 
724
1 0 
3.12623 2.41278 
-0.302934 -0.641056 
728
0 
2.97904 
0.557548 
732
1 0 
3.17992 2.24085 
-0.296091 -0.645225 
732
0 
3.35004 
0.545303 
736
1 0 
3.09744 2.4453 
-0.298049 -0.641326 
736
0 
3.52869 
0.539852 
740
1 0 
3.36157 2.48981 
-0.302363 -0.641123 
740
0 
3.35238 
0.550965 
744
1 0 
3.33029 2.03265 
-0.303528 -0.650631 
744
0 
2.9134 
0.559745 
748
1 0 
3.00585 2.44434 
-0.30082 -0.641072 
752
0 
3.12532 
0.549692 
756
1 0 
3.42978 2.04821 
-0.311561 -0.641442 
756
0 
3.45539 
0.541373 
760
1 0 
3.22478 2.65349 
-0.303653 -0.621189 
760
0 
3.31519 
0.544901 
764
1 0 
3.4421 2.41435 
-0.304323 -0.638808 
764
0 
3.24996 
0.546394 
768
1 0 
3.25355 2.91021 
-0.306499 -0.619048 
768
0 
3.51426 
0.539064 
772
1 0 
3.28827 2.22849 
-0.30357 -0.644063 
776
0 
3.28927 
0.545656 
780
1 0 
3.0757 2.47606 
-0.298479 -0.618711 
780
0 
3.21045 
0.549396 
784
1 0 
2.94409 2.24131 
-0.301282 -0.645229 
784
0 
3.35459 
0.543276 
788
1 0 
3.4701 2.03069 
-0.304459 -0.645904 
788
0 
3.11129 
0.552943 
792
1 0 
3.34794 2.37779 
-0.306772 -0.64327 
792
0 
3.44072 
0.549887 
796
1 0 
3.22234 2.22843 
-0.30517 -0.645186 
800
0 
3.35686 
0.545073 
804
1 0 
3.15594 2.30101 
-0.308858 -0.64499 
804
0 
3.31014 
0.548401 
808
1 0 
3.20505 2.53909 
-0.313107 -0.638166 
808
0 
3.42887 
0.556896 
812
1 0 
3.46715 2.2781 
-0.295067 -0.641768 
812
0 
3.48729 
0.545311 
816
1 0 
3.2342 2.7622 
-0.316498 -0.629197 
816
0 
3.48216 
0.541689 
820
1 0 
3.07057 2.32679 
-0.299089 -0.640309 
824
0 
3.3575 
0.543302 
828
1 0 
3.21999 2.32248 
-0.303899 -0.646373 
828
0 
3.45069 
0.543558 
832
1 0 
3.04279 2.47569 
-0.299989 -0.637642 
832
0 
3.15338 
0.550538 
836
1 0 
3.407 2.24186 
-0.305063 -0.645104 
836
0 
3.54205 
0.539158 
840
1 0 
3.74349 2.12261 
-0.308447 -0.641035 
840
0 
3.51476 
0.541046 
844
1 0 
3.34126 2.22125 
-0.302291 -0.64756 
844
0 
3.28432 
0.547681 
852
1 0 
3.0996 2.07202 
-0.301893 -0.649459 
852
0 
3.33625 
0.546246 
856
1 0 
2.91622 2.06466 
-0.29985 -0.637825 
856
0 
3.23287 
0.549315 
860
1 0 
3.41189 2.34486 
-0.304353 -0.632019 
860
0 
3.38308 
0.548191 
864
1 0 
3.2455 2.24703 
-0.299498 -0.64494 
864
0 
3.41682 
0.545166 
868
1 0 
3.19983 2.19547 
-0.301951 -0.646413 
868
0 
3.09259 
0.550864 
876
1 0 
3.0559 2.80839 
-0.306293 -0.62594 
876
0 
3.36461 
0.543704 
880
1 0 
3.35742 2.35182 
-0.308809 -0.643071 
880
0 
3.46025 
0.543632 
884
1 0 
3.37583 1.93152 
-0.304799 -0.651327 
884
0 
3.21365 
0.547765 
888
1 0 
3.16814 2.27855 
-0.292344 -0.644385 
888
0 
3.11021 
0.551841 
892
0 
3.3238 
0.555331 
892
1 0 
3.48221 2.17014 
-0.304586 -0.647952 
900
1 0 
3.34007 2.16089 
-0.305848 -0.652484 
900
0 
3.2421 
0.551172 
904
1 0 
3.65474 2.25714 
-0.306267 -0.645363 
904
0 
3.24239 
0.549363 
908
1 0 
3.08621 2.43939 
-0.303232 -0.637059 
908
0 
3.18188 
0.550224 
912
1 0 
3.05495 2.6083 
-0.305549 -0.620145 
912
0 
3.35827 
0.547443 
920
1 0 
3.49121 2.83097 
-0.303729 -0.630209 
920
0 
3.48416 
0.544131 
924
1 0 
3.89154 2.86251 
-0.300316 -0.619391 
924
0 
3.4509 
0.548218 
928
0 
3.1538 
0.552982 
928
1 0 
3.16222 2.24368 
-0.303269 -0.643813 
932
0 
3.28258 
0.550936 
932
1 0 
3.21282 2.04754 
-0.304059 -0.642071 
936
0 
3.09823 
0.555143 
936
1 0 
3.5609 2.02643 
-0.306877 -0.647692 
944
1 0 
3.53835 2.11347 
-0.296472 -0.641739 
944
0 
3.41138 
0.550657 
948
1 0 
3.65184 2.57097 
-0.30495 -0.620006 
948
0 
3.10931 
0.552501 
952
1 0 
2.74874 2.16533 
-0.302566 -0.640191 
952
0 
2.84758 
0.564267 
956
1 0 
3.49685 2.16059 
-0.306367 -0.64312 
956
0 
3.30596 
0.546581 
960
0 
3.6508 
0.536838 
960
1 0 
3.50005 2.92403 
-0.305248 -0.625303 
968
1 0 
3.0958 2.34084 
-0.300933 -0.641336 
968
0 
3.30056 
0.546123 
972
1 0 
3.28813 2.32049 
-0.302389 -0.64062 
972
0 
2.80763 
0.563814 
976
1 0 
3.00408 2.40715 
-0.300974 -0.639022 
976
0 
3.45261 
0.546119 
980
1 0 
3.09407 2.64204 
-0.303521 -0.640332 
980
0 
3.38699 
0.550724 
988
0 
3.3974 
0.542181 
988
1 0 
3.23243 1.91967 
-0.314098 -0.652707 
992
0 
3.45581 
0.541303 
992
1 0 
3.17653 3.07885 
-0.303737 -0.624941 
996
0 
3.28167 
0.547409 
996
1 0 
3.20873 2.16322 
-0.304114 -0.64497 
1000
0 
3.32198 
0.54569 
1000
1 0 
3.37728 2.63765 
-0.305039 -0.630705 
1004
0 
3.18467 
0.55306 
1004
1 0 
3.13711 2.64385 
-0.306735 -0.619306 
1012
0 
3.07499 
0.553682 
1012
1 0 
3.15615 2.23355 
-0.30342 -0.643938 
1016
0 
2.96508 
0.562192 
1016
1 0 
3.59356 2.60646 
-0.308087 -0.641271 
1020
0 
3.47254 
0.538398 
1020
1 0 
3.36718 2.21457 
-0.291663 -0.646874 
1024
0 
3.37742 
0.543157 
1024
1 0 
3.31451 2.84605 
-0.314148 -0.623854 
1028
0 
3.59204 
0.54886 
1032
1 0 
3.10011 2.13542 
-0.304681 -0.643583 
1036
0 
3.37641 
0.544977 
1036
1 0 
3.19885 2.09347 
-0.303777 -0.64199 
1040
0 
3.2867 
0.546748 
1040
1 0 
3.30072 2.12702 
-0.310846 -0.647168 
1044
0 
3.29225 
0.550232 
1044
1 0 
3.02857 2.14951 
-0.302974 -0.645227 
1048
0 
3.34462 
0.54274 
1048
1 0 
3.14819 2.16084 
-0.303364 -0.645694 
1052
0 
2.75304 
0.562091 
1056
1 0 
2.94183 2.38858 
-0.303514 -0.642927 
1060
0 
3.32969 
0.558663 
1060
1 0 
3.01733 2.97459 
-0.301811 -0.625887 
1064
0 
3.32083 
0.546155 
1064
1 0 
3.18978 2.89327 
-0.307405 -0.623601 
1068
0 
3.01921 
0.557093 
1068
1 0 
3.22318 2.83674 
-0.303786 -0.620668 
1072
0 
3.32474 
0.544161 
1072
1 0 
3.09159 1.9625 
-0.298517 -0.643827 
1076
0 
3.69 
0.543689 
1080
1 0 
3.02609 2.90725 
-0.301313 -0.625838 
1084
0 
3.44909 
0.551031 
1084
1 0 
3.06003 2.1378 
-0.300942 -0.646836 
1088
0 
3.22896 
0.547169 
1088
1 0 
2.96799 2.87052 
-0.303031 -0.623693 
