0
0 0 0 0 
2.85291 7.21846 12.628 17.9277 
0.59462 0.184063 0.0949787 0.0483978 
4
0 0 0 0 
2.64288 7.78151 11.7685 13.3401 
0.600371 0.186598 0.0937583 0.0545554 
0
1 1 1 1 0 1 1 
2.97403 9.87923 6.68755 12.2368 14.2031 11.8275 14.0651 
-0.422878 -0.762713 -0.164953 -0.509825 -0.690375 -0.386738 -0.110422 
4
1 1 1 1 0 1 1 
2.72999 7.25059 8.40377 11.9662 12.1205 12.5573 12.1235 
-0.412354 -0.164158 -0.761107 -0.50968 -0.68799 -0.38613 -0.111082 
8
1 1 1 1 0 1 1 
2.83506 7.71151 9.69287 11.4167 13.6145 13.8364 12.6235 
-0.413792 -0.16612 -0.764674 -0.509924 -0.687397 -0.38679 -0.108843 
8
0 0 0 0 
2.68568 8.05668 12.3304 15.2155 
0.597254 0.188572 0.0950166 0.0555143 
12
1 1 1 1 0 1 1 
2.83739 7.36299 8.76847 11.6609 17.8694 11.3161 13.6809 
-0.424499 -0.165459 -0.761902 -0.5102 -0.691857 -0.116878 -0.384552 
12
0 0 0 0 
2.65974 7.94209 12.1771 17.5917 
0.598907 0.18804 0.0911519 0.0537823 
16
1 1 1 1 1 0 1 
2.66318 7.18366 8.34126 12.1294 11.6486 17.5896 11.8795 
-0.418743 -0.165263 -0.760516 -0.510465 -0.108208 -0.69137 -0.387457 
16
0 0 0 0 
2.50007 8.84 11.6482 15.4053 
0.599825 0.18213 0.0974917 0.050161 
20
1 1 1 1 1 0 1 
2.67923 7.36265 8.18764 11.6163 12.1151 12.4707 9.82711 
-0.410566 -0.165771 -0.761282 -0.509957 -0.114684 -0.684404 -0.387506 
20
0 0 0 0 
2.83298 8.00529 11.9071 15.6484 
0.591273 0.188024 0.0909875 0.0549478 
24
0 0 0 0 
2.90098 8.63968 11.9497 12.7126 
0.588077 0.184192 0.0963969 0.0553682 
28
0 0 0 0 
2.88879 7.58551 12.8547 15.9076 
0.587905 0.191809 0.0949772 0.0527663 
32
0 0 0 0 
2.73905 6.68318 12.3496 14.8013 
0.596311 0.18166 0.0941503 0.056675 
24
1 1 1 1 0 1 1 
2.82931 7.48258 7.887 11.6705 18.2702 14.4995 10.8071 
-0.415109 -0.164988 -0.759346 -0.509891 -0.691133 -0.110761 -0.388476 
28
1 1 1 1 1 0 1 
2.57451 7.58306 8.54691 11.3563 12.1887 16.2524 12.5108 
-0.420311 -0.165615 -0.760303 -0.509745 -0.385282 -0.690615 -0.111668 
32
1 1 1 1 1 0 0 1 
2.97403 9.82856 7.06347 10.6821 10.9109 18.7828 18.9482 16.742 
-0.423494 -0.760673 -0.164044 -0.503691 -0.110095 -0.691495 -0.527176 -0.378802 
36
1 1 1 1 1 0 1 
2.86817 7.17596 9.127 12.2652 12.4977 12.5061 10.5622 
-0.419243 -0.163713 -0.762296 -0.510558 -0.114346 -0.687084 -0.387205 
36
0 0 0 0 
2.66655 7.2571 12.5658 18.2987 
0.603233 0.18926 0.0940168 0.0505439 
40
1 1 1 1 1 0 1 
2.63131 6.61059 9.91109 12.0799 12.8062 17.1146 11.8702 
-0.412231 -0.154488 -0.76185 -0.510088 -0.114294 -0.690362 -0.387486 
40
0 0 0 0 
3.16571 7.15518 10.1153 16.0219 
0.581481 0.199549 0.101145 0.0498688 
44
0 0 0 0 
2.67633 7.54873 7.70774 18.3138 
0.593784 0.186738 0.0933468 0.0506792 
48
0 0 0 0 
2.93158 7.5399 8.0141 14.8375 
0.5863 0.188591 0.095192 0.0561582 
44
1 1 1 1 0 1 1 
2.74545 9.02889 7.16942 9.86982 13.7021 12.7494 9.62541 
-0.425663 -0.760761 -0.16641 -0.503242 -0.687043 -0.109341 -0.388938 
48
1 1 1 1 1 0 1 
2.77462 8.97539 8.13817 12.0433 13.4008 17.0953 10.2492 
-0.423035 -0.760604 -0.16686 -0.510647 -0.114742 -0.690864 -0.387178 
52
1 1 1 1 1 0 1 
2.88008 7.58796 8.34963 10.2745 12.3684 17.5434 11.7063 
-0.428987 -0.166441 -0.760878 -0.50871 -0.114359 -0.690759 -0.385867 
52
0 0 0 0 
2.95104 7.173 11.8656 15.066 
0.585891 0.195747 0.0921006 0.0556971 
56
0 0 0 0 
2.83462 6.7106 12.0133 14.2373 
0.577681 0.197147 0.0956329 0.0545312 
56
1 1 1 1 1 0 1 
2.90951 7.32565 7.67554 10.63 11.6617 18.3084 10.4537 
-0.415469 -0.165693 -0.760232 -0.509056 -0.115551 -0.691156 -0.389781 
60
0 0 0 0 
3.14718 8.51026 12.4342 16.0554 
0.583716 0.183329 0.0947 0.0550433 
64
0 0 0 0 
2.88688 8.27305 11.2192 13.3709 
0.58751 0.190743 0.0929439 0.0548963 
60
1 1 1 1 1 0 1 
2.65505 8.44582 8.19999 12.9751 12.6613 17.1888 15.9869 
-0.41703 -0.761735 -0.165039 -0.505027 -0.115718 -0.691772 -0.378462 
64
1 1 1 1 0 1 1 
2.7743 7.37773 7.7704 11.1064 17.4977 12.9925 11.2557 
-0.427824 -0.165176 -0.76019 -0.510178 -0.691124 -0.108992 -0.38774 
68
1 1 1 1 1 0 1 
2.84124 7.78638 7.28332 12.4014 12.7815 17.2851 10.2681 
-0.426195 -0.761209 -0.164748 -0.510304 -0.113816 -0.691653 -0.388112 
68
0 0 0 0 
2.73468 7.71336 11.4112 19.7105 
0.5957 0.187072 0.0927998 0.049847 
72
0 0 0 0 
3.14714 7.59415 11.3156 16.2915 
0.584932 0.183272 0.0975619 0.0549832 
72
1 1 1 1 0 1 1 
2.93013 8.39568 7.43714 10.9457 13.0594 11.5575 10.5448 
-0.424911 -0.760938 -0.164852 -0.508492 -0.685804 -0.38546 -0.116923 
76
1 1 1 1 1 0 1 
2.54275 8.49353 8.78601 10.9145 10.1716 17.0959 10.8259 
-0.416451 -0.761451 -0.166463 -0.509647 -0.114938 -0.690031 -0.390005 
76
0 0 0 0 
2.84392 7.4298 12.1629 16.5328 
0.591394 0.193785 0.0958808 0.0545241 
80
1 1 1 1 1 1 0 
2.66433 8.31142 7.309 12.6699 13.3593 12.3813 17.0385 
-0.421057 -0.760911 -0.165149 -0.510658 -0.115833 -0.386084 -0.690474 
80
0 0 0 0 
2.77558 7.5496 12.0712 19.0977 
0.596368 0.189615 0.0958529 0.0505085 
84
0 0 0 0 
2.72274 6.71038 12.2375 14.899 
0.599194 0.186161 0.0910428 0.0556292 
84
1 1 1 1 1 0 1 
2.82092 7.30189 9.0829 12.9474 11.3226 12.6875 12.2666 
-0.427103 -0.164303 -0.762386 -0.510062 -0.115049 -0.685571 -0.386622 
88
0 0 0 0 
2.57574 7.87883 11.2699 13.7032 
0.602626 0.187021 0.0977808 0.0546028 
88
1 1 1 1 0 1 1 
2.9889 7.43373 8.36312 12.7733 12.5468 9.98933 11.9676 
-0.411671 -0.165278 -0.76021 -0.510857 -0.686434 -0.116319 -0.386488 
92
1 1 1 1 1 1 0 
2.63995 8.23409 6.93587 10.9434 11.5632 12.2504 17.8383 
-0.413121 -0.761255 -0.164154 -0.509828 -0.38512 -0.114181 -0.690589 
92
0 0 0 0 
2.9033 6.69454 11.7302 17.9204 
0.586788 0.182286 0.0916104 0.0493959 
96
1 1 1 1 1 1 0 
2.96998 7.23363 9.13277 10.4899 10.5761 12.498 12.6904 
-0.414102 -0.165675 -0.760421 -0.508489 -0.387464 -0.109471 -0.687335 
100
0 0 0 0 
2.82892 8.85247 11.7893 17.1022 
0.592354 0.18664 0.0918887 0.0540481 
100
1 1 1 1 1 0 1 
2.98435 7.84989 8.68511 10.7894 10.8689 12.6356 13.109 
-0.413745 -0.165959 -0.761065 -0.509176 -0.106758 -0.686617 -0.385684 
104
1 1 1 1 1 0 1 
2.46983 7.78858 8.02234 11.4015 12.8613 15.8253 10.2638 
-0.407798 -0.165075 -0.761697 -0.509209 -0.10901 -0.689372 -0.39005 
104
0 0 0 0 
2.85486 7.27548 10.5396 15.1684 
0.585777 0.187711 0.0997502 0.0542476 
108
0 0 0 0 
2.9442 7.49502 11.4986 15.0536 
0.585449 0.188089 0.0982257 0.0541023 
112
0 0 0 0 
2.8512 6.87335 12.5952 14.0417 
0.591436 0.19139 0.0956469 0.0546351 
112
1 1 1 1 1 0 1 
2.86455 8.68652 7.12049 12.0282 10.7735 13.425 11.006 
-0.429007 -0.76152 -0.157717 -0.509965 -0.107272 -0.686282 -0.388851 
116
1 1 1 1 1 0 1 
2.69347 8.65546 8.69304 11.7843 12.171 16.6019 11.5565 
-0.415693 -0.161008 -0.763647 -0.503577 -0.114267 -0.690563 -0.387171 
120
1 1 1 1 1 1 0 
2.62489 7.76476 8.51946 12.671 10.5611 11.8393 11.4523 
-0.419979 -0.164243 -0.761191 -0.51072 -0.117166 -0.385639 -0.686307 
120
0 0 0 0 
2.67872 8.38723 12.3071 15.14 
0.599313 0.184877 0.0948021 0.0542504 
124
0 0 0 0 
2.76819 8.34747 11.3383 14.0408 
0.59352 0.186404 0.0973023 0.0542488 
128
0 0 0 0 
2.78259 7.32147 11.5554 15.4281 
0.593401 0.194953 0.0931393 0.0552901 
128
1 1 1 1 1 1 0 0 
2.56903 9.11941 8.4551 10.7921 11.2376 11.6169 16.1612 15.5371 
-0.424171 -0.76103 -0.166858 -0.508873 -0.11424 -0.387289 -0.690971 -0.530327 
132
0 0 0 0 
2.76329 8.25497 13.1487 15.3635 
0.59615 0.187117 0.0899374 0.0542271 
136
0 0 0 0 
2.58644 8.15337 12.8394 14.6357 
0.597403 0.184873 0.0912748 0.054963 
140
0 0 0 0 
2.66873 7.98578 12.6771 13.3616 
0.596094 0.186679 0.0920057 0.0543592 
144
0 0 0 0 
2.61969 6.49946 13.8855 15.8981 
0.597694 0.200717 0.0910283 0.0540518 
136
1 1 1 1 1 0 1 
2.74553 9.70253 10.3486 7.42622 10.39 12.3245 12.1738 
-0.425054 -0.761209 -0.508173 -0.165487 -0.115082 -0.685945 -0.386168 
140
1 1 1 1 1 0 1 
2.733 7.84971 7.2291 12.3117 10.8756 16.7693 11.7309 
-0.426299 -0.75987 -0.164933 -0.509441 -0.115598 -0.691448 -0.385709 
144
1 1 1 1 1 0 1 0 
2.65793 7.97165 9.05968 12.0108 11.2692 19.5952 12.449 18.3951 
-0.421958 -0.166449 -0.762012 -0.509527 -0.107844 -0.691714 -0.385758 -0.531716 
148
1 1 1 1 0 1 1 0 
2.86258 8.34981 8.60718 11.1021 15.7741 11.4451 12.2158 16.3115 
-0.417349 -0.161607 -0.760209 -0.50954 -0.690549 -0.113838 -0.385155 -0.530222 
152
0 0 0 0 
2.72174 6.96029 12.7338 15.5482 
0.594132 0.183622 0.0920532 0.0554576 
152
1 1 1 1 0 1 1 0 
2.67009 9.38737 7.53037 11.5953 11.2355 12.1175 12.552 15.3744 
-0.410833 -0.760536 -0.166496 -0.5095 -0.686129 -0.115334 -0.385606 -0.530607 
156
0 0 0 0 
2.60114 7.17774 12.3033 13.3786 
0.599239 0.186179 0.092269 0.057281 
160
0 0 0 0 
2.66831 7.13811 12.9736 19.7528 
0.599946 0.187221 0.0913884 0.0503719 
160
1 1 1 0 1 1 1 0 
2.52009 7.74592 8.39311 21.1932 10.8301 11.1161 12.7427 18.0028 
-0.420889 -0.165368 -0.759989 -0.691933 -0.508815 -0.106288 -0.384965 -0.531112 
164
0 0 0 0 
2.80703 7.36979 12.3248 19.6529 
0.595122 0.189617 0.0915784 0.0506755 
164
1 1 1 1 0 1 1 0 
2.76882 7.30648 9.2382 10.7343 11.0154 11.7398 14.3587 17.6501 
-0.422212 -0.163539 -0.76006 -0.509437 -0.686261 -0.115859 -0.383933 -0.532085 
168
1 1 1 1 1 1 0 
2.67746 7.7136 8.35626 10.463 10.2402 12.2795 15.3222 
-0.41008 -0.1653 -0.760546 -0.508583 -0.114924 -0.38642 -0.690397 
168
0 0 0 0 0 
2.80594 7.4826 12.8199 15.2347 22.1848 
0.591794 0.184009 0.0916894 0.0572199 0.0284159 
172
0 0 0 0 0 
2.80814 8.09997 11.7819 18.9132 25.3423 
0.597342 0.19052 0.0928871 0.0492159 0.0271087 
176
1 1 1 1 0 1 1 
2.86641 7.93652 9.60601 11.7677 17.5817 11.601 12.7093 
-0.42608 -0.165304 -0.76134 -0.508864 -0.690628 -0.116008 -0.384306 
176
0 0 0 0 
2.68184 7.50686 11.8982 15.3964 
0.59921 0.186544 0.0926523 0.055301 
180
1 1 1 1 1 0 1 
2.87657 9.14621 7.17707 12.4461 10.1796 13.8029 13.1259 
-0.42784 -0.761713 -0.165437 -0.510376 -0.117694 -0.688268 -0.385479 
184
0 0 0 0 
2.83726 12.8537 7.78564 14.1989 
0.591019 0.0916902 0.188205 0.0570619 
184
1 1 1 0 1 1 1 
2.63794 8.75698 7.04896 17.0118 11.2163 12.4188 12.392 
-0.425978 -0.759909 -0.163373 -0.689893 -0.509387 -0.384466 -0.107526 
188
1 1 1 1 1 1 0 0 
2.67508 9.02988 7.31931 11.6694 14.082 12.8952 18.2653 16.7905 
-0.422235 -0.760761 -0.163981 -0.509376 -0.108797 -0.383738 -0.690061 -0.5307 
188
0 0 0 0 
2.75592 12.1816 7.62445 15.3192 
0.594932 0.0920164 0.185395 0.0557224 
192
0 0 0 0 
2.68762 7.02428 13.4962 18.6592 
0.59636 0.186752 0.0907617 0.0516082 
192
1 1 1 1 1 1 
2.62998 8.50987 7.32848 11.863 13.1324 12.2532 
-0.406926 -0.760912 -0.164213 -0.509094 -0.109378 -0.383595 
196
1 1 1 1 0 1 1 0 
2.66586 7.7913 7.79709 12.4263 13.0976 10.3518 13.707 18.7931 
-0.424632 -0.165779 -0.759611 -0.509168 -0.687115 -0.116362 -0.38283 -0.530899 
196
0 0 0 0 
2.64399 7.44502 12.7698 16.0792 
0.602248 0.190761 0.0917449 0.0544525 
200
0 0 0 0 
2.73566 7.79161 11.8036 15.6018 
0.601623 0.182477 0.0937135 0.0551224 
200
1 1 1 1 1 0 1 
2.48514 7.0775 8.54104 11.2262 14.5097 17.3087 12.8735 
-0.418726 -0.164027 -0.760942 -0.509525 -0.109628 -0.690348 -0.3845 
204
1 1 1 1 0 1 1 
2.87999 9.27856 7.37015 12.2405 12.9769 13.2462 16.1 
-0.412679 -0.761927 -0.164744 -0.510054 -0.687079 -0.108736 -0.377424 
204
0 0 0 0 
2.68239 8.57695 13.8646 15.162 
0.598768 0.188196 0.089622 0.0552598 
208
0 0 0 0 
2.654 7.90579 12.8093 15.596 
0.598409 0.187671 0.0924388 0.0546657 
212
0 0 0 0 
2.6611 7.52746 13.0612 16.1934 
0.597982 0.185579 0.091465 0.054731 
212
1 1 1 1 0 1 1 
2.50499 7.98567 7.80101 11.5125 19.5338 11.3659 11.7157 
-0.408378 -0.760995 -0.16521 -0.508915 -0.690635 -0.11458 -0.386075 
220
0 0 0 0 
2.68969 7.08222 13.1415 17.4618 
0.596191 0.18735 0.0908677 0.049424 
224
0 0 0 0 
2.64592 6.81663 13.2322 15.3868 
0.601113 0.19905 0.0904389 0.0549719 
216
1 1 1 1 1 0 1 
2.6381 7.07066 9.59768 10.8772 11.8791 14.4568 12.9398 
-0.420121 -0.163692 -0.762321 -0.509228 -0.109798 -0.688623 -0.384951 
220
1 1 1 1 1 0 1 
2.71035 9.03515 6.78259 12.1925 12.4941 18.9087 13.1247 
-0.425967 -0.760752 -0.164288 -0.509801 -0.116206 -0.691052 -0.383522 
228
1 1 1 1 1 0 1 0 
2.69203 7.40081 8.67229 12.9025 11.4146 16.531 12.0269 15.9412 
-0.422209 -0.164736 -0.762245 -0.510602 -0.107851 -0.690123 -0.386534 -0.530912 
228
0 0 0 0 
2.69875 7.01267 12.5847 14.6331 
0.598587 0.196455 0.0917627 0.053871 
232
0 0 0 0 
2.96723 6.66633 11.8861 15.9595 
0.58607 0.183562 0.091996 0.055173 
232
1 1 1 1 0 1 1 
2.75814 8.64641 7.55157 12.481 18.0658 11.337 10.684 
-0.423739 -0.762524 -0.165486 -0.509595 -0.690816 -0.116715 -0.388259 
236
1 1 1 1 1 0 1 0 
2.75519 8.64739 7.70516 12.0053 11.2124 19.4624 11.0469 16.4831 
-0.424252 -0.760998 -0.164299 -0.510297 -0.114526 -0.690643 -0.386187 -0.531796 
240
1 1 1 1 1 0 1 
2.53396 7.63699 8.52882 12.4099 12.9811 15.8567 12.0548 
-0.419141 -0.165051 -0.761006 -0.510095 -0.113252 -0.690383 -0.385697 
240
0 0 0 0 
2.75259 7.43817 13.0653 15.3459 
0.591548 0.181765 0.090408 0.0552744 
244
0 0 0 
2.88133 7.3431 14.5311 
0.594417 0.183068 0.0559491 
248
1 1 1 1 1 0 1 
2.59566 7.61113 8.62934 11.0009 11.7384 18.0882 12.0558 
-0.421477 -0.164351 -0.761516 -0.509594 -0.113864 -0.690933 -0.385287 
252
1 1 1 1 1 0 1 0 
2.92674 7.60886 7.80251 10.6409 11.4262 12.8897 11.0734 16.8931 
-0.412511 -0.759781 -0.165696 -0.503425 -0.108708 -0.686533 -0.388889 -0.53098 
248
0 0 0 0 
2.94965 6.86428 9.07642 15.8273 
0.588809 0.187424 0.105457 0.0558285 
252
0 0 0 0 
2.9 7.42462 12.1233 16.8253 
0.590574 0.191982 0.0919549 0.0540922 
256
1 1 1 1 0 1 1 
2.63915 7.84982 8.00803 11.1193 18.3716 11.671 10.8294 
-0.406873 -0.164734 -0.759895 -0.50965 -0.690202 -0.114422 -0.38665 
256
0 0 0 0 
2.74106 7.7745 11.467 16.8969 
0.595644 0.18762 0.0928574 0.0545774 
260
1 1 1 1 0 1 1 
2.86709 7.46655 7.94232 12.7191 13.4025 10.9071 14.8945 
-0.43065 -0.165885 -0.760678 -0.510809 -0.686949 -0.116457 -0.377331 
264
0 0 0 0 
3.05332 8.02207 12.1408 15.9917 
0.590906 0.188173 0.0962804 0.0551397 
264
1 1 1 1 0 1 1 
2.58077 7.65839 9.89297 10.4366 14.4826 13.3795 11.3984 
-0.408829 -0.165293 -0.761788 -0.508626 -0.686476 -0.114124 -0.387135 
268
0 0 0 0 
2.81927 7.02689 12.542 17.7053 
0.593957 0.194805 0.0945831 0.0514443 
272
0 0 0 0 
2.63062 7.25683 10.3686 16.6253 
0.60254 0.184941 0.100429 0.0544552 
268
1 1 1 1 1 0 1 
2.86524 8.81256 7.33686 11.0111 13.6056 12.5434 17.9907 
-0.429683 -0.762525 -0.157891 -0.509696 -0.109561 -0.68675 -0.379023 
272
1 1 1 1 1 1 0 
2.77259 7.84122 7.65047 12.4281 12.0862 10.9364 12.2252 
-0.424193 -0.165371 -0.759847 -0.510142 -0.110065 -0.38685 -0.687078 
276
0 0 0 0 
3.06129 6.83603 12.6259 15.5922 
0.590221 0.198893 0.0944683 0.0555349 
280
0 0 0 0 
2.80187 8.1282 9.65326 15.224 
0.587248 0.185593 0.100862 0.0565231 
280
1 1 1 1 0 1 1 
2.72726 9.11819 7.90609 10.0659 15.9453 10.1064 12.1817 
-0.41294 -0.761787 -0.166416 -0.508275 -0.690537 -0.386351 -0.116405 
284
1 1 1 1 1 1 0 
2.60732 8.26432 7.042 12.617 12.9025 16.4308 16.309 
-0.425389 -0.760597 -0.163915 -0.51056 -0.116606 -0.378225 -0.690424 
284
0 0 0 
2.67714 7.5475 13.8014 
0.596678 0.188812 0.0555078 
288
1 1 1 1 1 0 1 
2.86614 8.51888 8.00722 11.3187 11.625 19.5334 12.3974 
-0.425479 -0.165996 -0.759859 -0.509945 -0.114978 -0.691746 -0.385843 
288
0 0 0 0 
2.76551 7.05313 10.9048 16.2107 
0.595905 0.191757 0.0996521 0.0552653 
292
0 0 0 0 
3.01811 8.90968 16.3811 9.71279 
0.587188 0.183901 0.0544055 0.103217 
292
1 1 1 1 0 1 1 
2.64989 7.93232 8.32799 10.757 13.1901 11.7182 12.1283 
-0.411763 -0.165019 -0.760713 -0.50918 -0.687152 -0.112971 -0.385833 
296
1 1 1 1 0 1 1 
2.75639 7.84565 7.74672 12.2779 18.8667 13.5209 12.0138 
-0.42532 -0.165175 -0.761236 -0.510151 -0.691805 -0.109765 -0.385744 
300
1 1 1 1 1 0 1 
2.50666 7.64526 8.49854 11.809 11.0948 20.6149 10.5732 
-0.4194 -0.165475 -0.761844 -0.50886 -0.106711 -0.691898 -0.386007 
304
0 0 0 0 
2.71122 7.94102 11.7289 13.8447 
0.599557 0.187797 0.0969049 0.0550823 
304
1 1 1 1 1 0 1 
2.6336 10.742 7.22391 12.2129 12.3535 12.2197 12.6332 
-0.410211 -0.762798 -0.164414 -0.510581 -0.113863 -0.687822 -0.386558 
308
0 0 0 0 
2.67082 8.09815 9.97964 15.8941 
0.599776 0.186269 0.10133 0.0554709 
312
0 0 0 0 
2.62824 7.71264 11.9437 16.2286 
0.599942 0.18802 0.0963632 0.0550512 
308
1 1 1 1 1 0 1 
2.59965 8.29393 7.87365 10.5116 12.6067 18.2647 12.0865 
-0.420793 -0.761784 -0.165071 -0.509326 -0.11434 -0.691485 -0.38695 
312
1 1 1 1 1 0 1 
2.5658 8.29054 7.51653 12.5902 13.4209 12.7938 11.6326 
-0.415067 -0.165085 -0.759641 -0.510733 -0.115531 -0.687063 -0.386088 
316
0 0 0 0 
2.62055 8.21437 9.15404 15.4454 
0.599466 0.189597 0.10277 0.0560663 
320
0 0 0 0 
3.00072 8.14283 12.0134 17.1769 
0.583448 0.186457 0.0914119 0.0543165 
320
1 1 1 1 1 0 1 
2.756 7.6417 9.05529 12.7632 11.9349 17.0195 10.1833 
-0.424644 -0.165596 -0.76228 -0.510355 -0.107914 -0.690166 -0.387222 
324
0 0 0 0 
2.63795 8.41018 11.7823 16.4166 
0.598522 0.185333 0.0921299 0.0549263 
324
1 1 1 1 1 0 1 
2.67114 7.30329 8.87328 10.3776 11.1391 16.8038 11.7808 
-0.412386 -0.159481 -0.76141 -0.508503 -0.115491 -0.690768 -0.386505 
