0
1 1 1 1 1 
2.69467 5.4611 8.39881 12.1403 17.0021 
-0.426185 -0.207989 -0.144928 -0.108872 -0.0862431 
0
0 0 0 0 0 
6.06817 9.35472 12.2692 8.16466 18.3792 
0.267362 0.15355 0.104495 0.841131 0.0752612 
4
0 0 0 0 0 
4.75636 8.79952 12.8461 9.34981 18.7713 
0.280387 0.15315 0.104022 0.837925 0.0737347 
4
1 1 1 1 1 
2.43123 5.5961 8.68821 13.9747 16.5455 
-0.42229 -0.215288 -0.145149 -0.110963 -0.0863322 
8
1 1 1 1 1 
2.65088 6.72176 9.48911 14.1859 16.7035 
-0.428111 -0.210052 -0.150173 -0.111231 -0.0861723 
12
1 1 1 1 1 
2.66533 9.14783 5.9847 11.6142 15.7913 
-0.422377 -0.146424 -0.216491 -0.107967 -0.0863268 
8
0 0 0 0 0 
6.44139 12.4164 9.06131 8.127 15.8448 
0.266728 0.104416 0.155818 0.840701 0.0739145 
12
0 0 0 0 0 
6.33232 12.854 8.90025 8.42161 17.7192 
0.267845 0.103599 0.156124 0.840113 0.0723965 
16
0 0 0 0 0 
6.26008 12.5778 9.78764 7.8701 16.9435 
0.267891 0.104191 0.151558 0.841861 0.0723482 
16
1 1 1 1 1 
2.56009 5.7994 9.30876 9.44164 14.2557 
-0.423981 -0.209629 -0.150303 -0.106229 -0.0853013 
20
0 0 0 0 0 
5.45889 12.9697 7.95412 8.77224 17.3289 
0.276427 0.103816 0.16047 0.839116 0.072645 
20
1 1 1 1 1 
2.81419 5.74072 9.50933 11.8133 15.3553 
-0.426544 -0.209696 -0.145695 -0.105209 -0.0861503 
24
1 1 1 1 1 
2.54777 5.42292 10.5158 11.1143 15.6661 
-0.425955 -0.215109 -0.147487 -0.10557 -0.0861142 
28
1 1 1 1 1 
2.56644 5.55251 8.75254 13.4763 16.0456 
-0.423349 -0.207351 -0.144517 -0.109947 -0.0871673 
24
0 0 0 0 0 
5.63549 11.9659 9.43028 17.7964 8.01398 
0.275216 0.105225 0.152701 0.0713457 0.841872 
28
0 0 0 0 0 
6.69698 9.77912 13.1929 7.98602 21.4413 
0.264769 0.152312 0.10311 0.840446 0.0736167 
32
1 1 1 1 1 
2.783 5.46901 9.59275 11.5043 14.8251 
-0.431139 -0.206572 -0.147057 -0.107469 -0.0854943 
36
1 1 1 1 1 
2.42292 5.73415 9.11546 10.6496 11.5635 
-0.420576 -0.206969 -0.145873 -0.104528 -0.0817287 
40
1 1 1 1 
2.68259 5.31838 8.64568 11.25 
-0.426793 -0.206282 -0.144611 -0.107721 
32
0 0 0 0 0 
6.47065 11.3488 8.34877 8.41914 19.9599 
0.264913 0.105891 0.16336 0.840216 0.0738108 
44
1 1 1 1 
2.70787 5.62479 8.38345 13.2148 
-0.424688 -0.209581 -0.144042 -0.105035 
36
0 0 0 0 0 
6.10682 12.3981 9.27344 8.23238 15.9893 
0.269987 0.103814 0.153944 0.84112 0.0743269 
40
0 0 0 0 0 
5.77189 13.2872 8.52667 8.59677 18.9951 
0.272155 0.102597 0.156638 0.841273 0.0717081 
44
0 0 0 0 0 
5.80462 11.1609 9.1346 7.69806 17.1382 
0.271981 0.105812 0.155025 0.841871 0.0730579 
48
0 0 0 0 0 
6.01349 11.6721 8.54805 7.69688 17.349 
0.270984 0.10509 0.163358 0.842981 0.0729237 
52
0 0 0 0 0 
5.34316 11.3168 9.95367 7.77805 17.8919 
0.274467 0.105517 0.151706 0.841355 0.073458 
48
1 1 1 1 1 
2.67789 5.23363 8.86362 13.0688 15.3673 
-0.416977 -0.21665 -0.145601 -0.110188 -0.0859031 
52
1 1 1 1 1 
2.5922 5.9665 9.50199 11.4229 14.3328 
-0.42519 -0.20922 -0.145898 -0.107876 -0.0847632 
56
0 0 0 0 0 
6.38333 12.364 8.92472 8.55157 15.4799 
0.266949 0.104233 0.160367 0.83986 0.0732319 
56
1 1 1 1 1 
2.47896 5.61301 9.61389 10.2492 14.1949 
-0.419898 -0.208577 -0.145191 -0.105805 -0.0853113 
60
0 0 0 0 0 
6.18574 12.5349 8.94105 7.6012 18.5483 
0.26854 0.104618 0.156135 0.842894 0.0727356 
64
0 0 0 0 0 
5.6946 12.1467 9.31182 8.89955 19.066 
0.27194 0.104162 0.152724 0.839885 0.0747635 
60
1 1 1 1 1 
2.69737 6.2124 8.6707 12.1937 17.1784 
-0.42633 -0.210168 -0.145092 -0.105192 -0.0870211 
64
1 1 1 1 
2.66276 5.75885 8.98508 12.369 
-0.424323 -0.210863 -0.145067 -0.105147 
68
0 0 0 0 0 
5.75508 10.6367 8.99621 8.08697 17.6383 
0.273642 0.107207 0.159409 0.840042 0.0729358 
68
1 1 1 1 1 
2.49796 5.43531 8.3266 11.103 13.9515 
-0.421519 -0.209832 -0.143825 -0.107178 -0.0847195 
72
1 1 1 1 
2.68771 5.69649 9.47051 8.9673 
-0.426318 -0.210206 -0.145636 -0.116112 
72
0 0 0 0 0 
6.78164 12.2257 8.94183 10.8456 19.1941 
0.265023 0.104194 0.156225 0.84083 0.0719516 
76
0 0 0 0 0 
5.85496 8.29869 13.1476 11.4855 17.4281 
0.271007 0.167166 0.103075 0.841847 0.0765871 
76
1 1 1 1 1 
2.62846 5.34902 8.90778 12.7778 14.7961 
-0.422121 -0.207236 -0.145424 -0.107554 -0.084606 
80
1 1 1 1 1 
2.66757 5.49426 9.13558 12.198 17.8946 
-0.42484 -0.216643 -0.144611 -0.10857 -0.0877869 
80
0 0 0 0 0 
6.4687 12.1179 10.0482 8.92038 18.6452 
0.266192 0.104079 0.157744 0.83763 0.0718589 
84
0 0 0 0 0 
6.18611 12.6424 9.8954 10.5771 18.3699 
0.268492 0.103612 0.151669 0.843973 0.0726413 
84
1 1 1 1 1 
2.59796 5.53713 9.12323 10.5778 15.7409 
-0.423384 -0.208324 -0.145766 -0.106609 -0.0859729 
88
0 0 0 0 0 
6.6748 11.691 8.92947 7.71218 16.6765 
0.265731 0.105 0.15666 0.841896 0.0736376 
88
1 1 1 1 1 
2.59377 9.08898 5.80889 11.2022 17.0782 
-0.421837 -0.145308 -0.207959 -0.105049 -0.0870735 
92
1 1 1 1 1 
2.7089 8.15582 5.52484 13.777 14.6061 
-0.430985 -0.144464 -0.209334 -0.109828 -0.0848962 
92
0 0 0 0 0 
6.822 11.7473 8.62442 7.66055 16.5527 
0.266394 0.105054 0.156077 0.842043 0.0780432 
96
0 0 0 0 0 
5.69079 12.5579 9.84202 7.56307 18.7019 
0.271681 0.103241 0.151644 0.841239 0.0712062 
96
1 1 1 1 1 
2.73915 5.43707 9.6808 13.4922 16.1478 
-0.43143 -0.205389 -0.146211 -0.110232 -0.0857575 
100
1 1 1 1 1 
2.62442 5.63577 8.45586 10.1218 16.086 
-0.423349 -0.208937 -0.143761 -0.106645 -0.0861923 
100
0 0 0 0 0 
12.8061 10.2583 7.463 7.97474 18.3154 
0.102831 0.149462 0.25549 0.838829 0.0726682 
104
0 0 
8.16246 19.8749 
0.841217 0.0740384 
108
1 1 1 1 1 
2.5899 5.92059 8.40952 10.2584 14.1958 
-0.427381 -0.20972 -0.143206 -0.105693 -0.08442 
108
0 0 0 
3.82418 9.02919 7.95314 
0.565 0.158609 0.839967 
112
1 1 1 1 1 
2.48789 5.93521 8.82714 10.2149 14.6514 
-0.42245 -0.218156 -0.144399 -0.104582 -0.0857196 
112
0 0 0 
3.58307 9.11083 8.60617 
0.56619 0.159551 0.840644 
116
1 1 1 1 1 
2.61223 10.39 5.73843 12.4942 16.1403 
-0.428539 -0.146724 -0.20845 -0.108309 -0.085983 
116
0 0 0 
3.41192 9.38838 7.52694 
0.572635 0.104282 0.843792 
120
1 1 1 1 1 
2.69127 5.30216 9.00194 12.8662 16.414 
-0.424258 -0.208503 -0.146397 -0.110504 -0.0867838 
120
0 0 
3.2717 7.392 
0.563811 0.843144 
124
1 1 1 1 1 
2.38735 6.01517 8.78864 13.7821 14.9703 
-0.421789 -0.210534 -0.144839 -0.110357 -0.0857226 
128
1 1 1 1 1 
2.58263 5.67611 9.40174 11.0802 14.4801 
-0.418606 -0.206854 -0.145737 -0.106422 -0.08445 
128
0 0 
3.59505 8.38388 
0.564498 0.841126 
132
1 1 1 1 1 
2.65341 6.4324 8.40608 13.1975 15.2087 
-0.423557 -0.209899 -0.144513 -0.109811 -0.0856148 
132
0 0 
3.25877 8.79781 
0.57644 0.839131 
136
0 0 
3.08162 8.81408 
0.580972 0.838072 
136
1 1 1 1 1 
2.52168 4.76669 8.87473 11.8381 16.6784 
-0.422481 -0.215593 -0.145067 -0.108472 -0.0861937 
140
0 0 
3.51032 8.07668 
0.569786 0.839531 
140
1 1 1 1 
2.51169 5.92574 9.37472 11.2036 
-0.41816 -0.211718 -0.150518 -0.106796 
144
0 0 
3.70196 8.51167 
0.566239 0.840655 
144
1 1 1 1 1 
2.57471 5.59945 8.97271 11.1903 14.5169 
-0.422299 -0.207883 -0.144783 -0.106469 -0.0847549 
148
1 1 1 1 1 
2.67168 5.69411 8.78366 11.3615 18.0503 
-0.428024 -0.216559 -0.144628 -0.107783 -0.087047 
152
0 0 
3.4179 7.97746 
0.570261 0.840975 
152
1 1 1 1 
2.78795 6.01845 8.35262 11.3404 
-0.425878 -0.210629 -0.143594 -0.10768 
156
0 0 
3.7021 7.59392 
0.564626 0.841357 
156
1 1 1 1 
2.46789 8.74891 5.4734 9.84856 
-0.420753 -0.144452 -0.217395 -0.105776 
160
0 0 
3.50084 8.18364 
0.567697 0.839273 
164
0 0 
3.31459 8.34671 
0.565413 0.839492 
160
1 1 1 1 
2.64088 5.2927 9.21026 10.6351 
-0.423625 -0.218663 -0.145153 -0.102899 
164
1 1 1 1 1 
2.51707 5.97803 8.57365 10.9978 14.3326 
-0.419987 -0.214643 -0.143687 -0.104371 -0.0851509 
168
0 0 
3.47111 7.7399 
0.567766 0.840941 
168
1 1 1 1 1 
2.79192 5.4168 8.74554 11.5264 15.8701 
-0.427692 -0.218427 -0.145276 -0.10458 -0.086396 
172
0 0 
3.66894 8.52501 
0.555373 0.838627 
176
0 0 
3.55389 12.3627 
0.567135 0.840131 
176
1 1 1 1 1 
2.69337 5.57333 9.35729 12.5407 16.2602 
-0.428765 -0.207771 -0.14664 -0.11092 -0.085778 
180
1 1 1 1 
2.55139 5.51723 8.87683 11.0565 
-0.421426 -0.20993 -0.145923 -0.107904 
180
0 0 
3.22862 7.57841 
0.577793 0.841419 
184
0 0 
3.18412 7.56955 
0.577551 0.841591 
184
1 1 1 1 
2.49735 5.72992 9.06675 10.3228 
-0.421879 -0.215573 -0.145796 -0.102821 
188
0 0 
3.38653 8.70075 
0.572727 0.839087 
188
1 1 1 1 
2.58517 8.61005 5.49958 10.1771 
-0.428015 -0.144525 -0.207167 -0.107105 
192
0 0 
3.41453 7.86607 
0.572023 0.841496 
192
1 1 1 1 1 
2.58892 5.33596 9.95695 10.1015 13.9201 
-0.41868 -0.21601 -0.145556 -0.102692 -0.0852471 
196
1 1 1 1 1 
2.48084 5.99025 8.89299 11.4039 13.895 
-0.425278 -0.204088 -0.151646 -0.105125 -0.0852079 
200
0 0 
3.24456 8.32142 
0.557506 0.839639 
200
1 1 1 1 
2.67186 5.5353 8.22008 11.3875 
-0.422773 -0.209016 -0.143407 -0.104513 
204
1 1 1 1 1 
2.37795 6.00878 9.47666 10.6701 14.1022 
-0.419189 -0.208282 -0.146619 -0.114583 -0.0846399 
204
0 0 
3.15493 7.95995 
0.580953 0.841477 
208
1 1 1 1 
2.32857 4.79653 9.67653 12.4919 
-0.42087 -0.206335 -0.145876 -0.105963 
208
0 0 
3.28279 7.8514 
0.572059 0.841767 
212
1 1 1 1 
2.37396 6.67984 9.15159 12.0211 
-0.419074 -0.210824 -0.146405 -0.106031 
212
0 0 
3.60314 8.39909 
0.565096 0.841364 
216
1 1 1 1 1 
2.53614 5.25968 9.19518 10.9114 14.371 
-0.426658 -0.208614 -0.145221 -0.103964 -0.0849546 
220
0 0 
3.58922 8.11057 
0.564892 0.840618 
224
0 
3.5415 
0.569187 
220
1 1 1 1 1 
2.6262 5.48062 9.0341 12.1679 16.6203 
-0.428509 -0.209682 -0.145503 -0.110304 -0.0863198 
224
1 1 1 1 1 
2.66134 6.4777 9.0375 12.9677 16.1094 
-0.425329 -0.209358 -0.144364 -0.107119 -0.0863164 
228
1 1 1 1 
2.58237 5.73063 8.79171 11.4847 
-0.420747 -0.210134 -0.144909 -0.104862 
228
0 0 
3.29898 8.55632 
0.572927 0.838894 
232
1 1 1 1 1 
2.59932 6.44517 8.76167 12.0612 17.032 
-0.429605 -0.210324 -0.144578 -0.106696 -0.0871588 
236
1 1 1 1 1 
2.48015 6.00678 9.2383 13.1886 15.4321 
-0.420523 -0.210636 -0.145925 -0.110909 -0.0857742 
232
0 0 
3.33025 9.15716 
0.572685 0.836898 
240
1 1 1 1 1 
2.64362 8.6016 5.38477 11.6829 16.3685 
-0.425183 -0.14457 -0.200734 -0.10499 -0.0869835 
244
1 1 1 1 1 
2.66937 6.60943 8.67117 10.5825 17.6941 
-0.424257 -0.21209 -0.144612 -0.113648 -0.0868178 
240
0 0 
3.57084 7.9155 
0.558032 0.841724 
244
0 0 
3.36182 8.9908 
0.57275 0.838496 
248
1 1 1 1 1 
2.68533 5.805 9.07656 11.5055 18.4746 
-0.422243 -0.212258 -0.145679 -0.105635 -0.0871356 
248
0 0 
3.18905 8.5032 
0.572906 0.838615 
252
1 1 1 1 1 
2.62366 6.36725 8.90509 12.7803 12.8936 
-0.423374 -0.208977 -0.145012 -0.10561 -0.0841362 
252
0 0 
3.39719 7.86769 
0.566266 0.842013 
256
0 0 
3.22582 7.69129 
0.577091 0.841471 
260
1 1 1 1 1 
2.68464 5.76544 8.41173 14.3794 14.956 
-0.425623 -0.216999 -0.142957 -0.109912 -0.0891336 
264
1 1 1 1 
2.63267 9.67694 5.90651 10.5459 
-0.425763 -0.144656 -0.20784 -0.104825 
260
0 0 
3.12274 8.07834 
0.582442 0.841211 
264
0 0 
3.0622 8.30542 
0.580021 0.841878 
268
0 0 
3.57806 8.12249 
0.557974 0.842002 
268
1 1 1 1 
2.57769 6.20975 9.05328 12.7209 
-0.423304 -0.209542 -0.14441 -0.112197 
272
0 0 
3.26871 8.26159 
0.576518 0.839946 
272
1 1 1 1 1 
2.75368 8.72758 5.51097 12.7969 17.2606 
-0.42314 -0.149249 -0.209007 -0.108027 -0.0899148 
276
0 0 
3.17381 8.4059 
0.570166 0.839161 
280
1 1 1 1 1 
2.43116 5.32381 9.86582 11.8682 14.6682 
-0.422414 -0.206233 -0.149019 -0.10633 -0.0885199 
280
0 
3.49758 
0.568366 
284
1 1 1 1 1 
2.75778 5.49064 10.4802 13.2141 17.8659 
-0.422457 -0.205406 -0.145862 -0.112384 -0.0896049 
284
0 0 
3.22 7.99876 
0.577113 0.841637 
288
0 0 
3.46515 9.50933 
0.569412 0.837005 
288
1 1 1 1 
2.6777 6.44067 10.4599 12.0667 
-0.422658 -0.212202 -0.149264 -0.108258 
292
1 1 1 1 1 
2.30237 5.47319 7.88682 10.5141 16.3221 
-0.416454 -0.205478 -0.139955 -0.104464 -0.0890065 
296
1 1 1 1 1 
2.47914 5.75867 10.7976 11.395 16.4862 
-0.422215 -0.209901 -0.149543 -0.105723 -0.0887236 
292
0 
3.56173 
0.56651 
300
0 0 
3.45682 8.66878 
0.568227 0.838318 
300
1 1 1 1 1 
2.41995 5.61789 7.82024 12.0513 15.0126 
-0.424636 -0.208313 -0.146577 -0.106814 -0.0884572 
304
1 1 1 1 
2.54275 6.3259 8.50292 11.8419 
-0.423058 -0.21795 -0.146835 -0.106945 
304
0 0 
3.55807 8.23524 
0.566632 0.839032 
308
1 1 1 1 
2.51682 6.10016 9.40957 13.1964 
-0.424588 -0.207498 -0.150129 -0.112699 
308
0 
3.57763 
0.565305 
312
1 1 1 1 1 
2.87422 5.96593 8.10103 11.7319 18.2844 
-0.424675 -0.208498 -0.146962 -0.106165 -0.0893722 
316
1 1 1 1 
2.73312 6.33323 9.2038 11.3984 
-0.423762 -0.212091 -0.143656 -0.10583 
312
0 0 
3.38372 9.34297 
0.571455 0.836008 
320
0 0 
3.30906 10.7009 
0.576442 0.832652 
320
1 1 1 1 1 
2.64829 5.89431 9.12776 12.4022 16.358 
-0.422938 -0.207369 -0.150731 -0.107198 -0.0890568 
324
0 0 
3.35177 8.39798 
0.574536 0.838406 
328
0 0 
3.36302 7.29191 
0.561138 0.841222 
324
1 1 1 1 1 
2.66702 6.04521 9.60612 11.0118 15.9378 
-0.425356 -0.206907 -0.144668 -0.105874 -0.0889293 
328
1 1 1 1 
2.76027 6.05757 9.22559 12.6308 
-0.428126 -0.209544 -0.144028 -0.111773 
332
0 0 
3.39452 7.95515 
0.558482 0.839914 
332
1 1 1 1 1 
2.74717 5.55305 9.33506 12.6643 14.5512 
-0.421831 -0.20568 -0.148796 -0.107151 -0.0871889 
336
0 0 
3.22207 8.21329 
0.577061 0.839049 
336
1 1 1 1 
2.76523 6.82838 9.53173 11.6678 
-0.423388 -0.211465 -0.149168 -0.106418 
340
0 0 
3.27035 7.84728 
0.57668 0.840724 
344
0 0 
3.58091 8.26102 
0.565069 0.839986 
344
1 1 1 1 
2.66657 5.97566 10.1673 11.3262 
-0.421592 -0.214021 -0.143813 -0.105908 
348
1 1 1 1 1 
2.72421 5.87726 8.85859 13.3217 15.3439 
-0.428672 -0.217412 -0.149689 -0.112399 -0.0881657 
352
0 0 
3.14179 8.20741 
0.578967 0.839986 
352
1 1 1 1 
2.68938 5.70741 9.81117 12.2724 
-0.423064 -0.212589 -0.149949 -0.108296 
356
0 0 0 0 0 
3.36893 11.1313 10.0779 15.4939 10.4398 
0.5714 0.102374 0.152726 0.0763851 0.834549 
360
0 0 0 0 0 
3.38126 9.81348 12.8905 16.5372 8.34563 
0.572289 0.149918 0.10462 0.0757573 0.838182 
356
1 1 1 1 1 
2.71075 5.95568 9.57622 12.3471 16.7318 
-0.420394 -0.209849 -0.143339 -0.10662 -0.0887659 
360
1 1 1 1 
2.3116 5.2947 8.5333 10.5136 
-0.419552 -0.211513 -0.142147 -0.10433 
364
1 1 1 1 1 
2.39726 5.5365 10.2545 12.7948 16.8416 
-0.418076 -0.21526 -0.144188 -0.111742 -0.0891819 
364
0 0 0 0 0 
3.22869 11.7387 9.87261 16.4335 8.78756 
0.573976 0.106793 0.152622 0.0754221 0.837416 
368
0 0 0 0 
3.34052 9.31732 11.2954 20.1743 
0.570483 0.150893 0.103084 0.0725676 
368
1 1 1 1 1 
2.47291 10.6337 5.48714 12.5512 17.3614 
-0.416314 -0.146358 -0.206679 -0.109587 -0.0891764 
372
0 0 0 0 0 
3.38416 9.57606 12.75 16.9087 8.50605 
0.571236 0.150249 0.104428 0.0741006 0.840292 
376
1 1 1 1 1 
2.43876 5.92773 9.92334 9.89745 18.4169 
-0.421493 -0.215072 -0.145105 -0.104639 -0.0896771 
376
0 0 0 0 0 
3.46883 11.8559 7.25992 17.9727 6.99866 
0.562347 0.101692 0.148595 0.0740269 0.843953 
380
1 1 1 1 1 
2.71009 5.54123 8.92011 12.13 16.6948 
-0.422393 -0.21562 -0.148231 -0.110498 -0.0887371 
380
0 0 0 
3.34073 11.1828 18.2623 
0.573006 0.102383 0.0736563 
384
0 0 0 0 
2.90027 15.8647 11.3002 8.83237 
0.576414 0.0766166 0.102121 0.838528 
384
1 1 1 1 
2.70483 5.77639 10.6462 11.7434 
-0.424639 -0.213383 -0.144465 -0.106232 
388
1 1 1 1 1 
2.76004 5.43654 8.56983 12.6298 14.8001 
-0.428143 -0.214719 -0.142993 -0.107234 -0.0879491 
388
0 0 0 
3.22622 16.8779 8.16832 
0.566944 0.0747855 0.840173 
392
0 0 
3.4308 8.05364 
0.56934 0.842479 
396
1 1 1 1 
2.61318 9.97833 5.51762 10.6582 
-0.421141 -0.148566 -0.207024 -0.104118 
396
0 0 
3.75941 9.12331 
0.562673 0.837446 
400
0 0 0 
3.36687 6.1518 8.32415 
0.572845 0.270272 0.839771 
400
1 1 1 1 
2.88641 8.01808 5.75878 12.3055 
-0.426542 -0.141387 -0.206266 -0.106328 
404
0 0 0 
3.32511 6.39411 8.13724 
0.575637 0.267896 0.841062 
408
0 0 0 
3.5578 6.12323 8.1601 
0.556732 0.269656 0.839141 
408
1 1 1 1 
2.55195 5.48912 8.96132 12.9976 
-0.420978 -0.217818 -0.143142 -0.112255 
412
1 1 1 1 
2.64236 6.0129 9.47328 13.4189 
-0.42272 -0.209957 -0.143092 -0.112169 
412
0 0 
3.31989 6.51101 
0.574239 0.266163 
416
1 1 1 1 1 
2.66594 5.6149 9.59031 13.6991 15.2874 
-0.420497 -0.215585 -0.144254 -0.112546 -0.0878548 
416
0 0 0 
3.68549 5.71179 8.10589 
0.554138 0.275843 0.840096 
420
0 0 0 
3.27129 6.15021 8.83683 
0.565437 0.270643 0.838156 
420
1 1 1 1 1 
2.60645 5.77415 10.3658 13.6358 18.0144 
-0.426901 -0.21511 -0.149469 -0.112749 -0.0895737 
424
0 0 
3.49053 6.60271 
0.561688 0.266889 
424
1 1 1 1 1 
2.64289 6.40585 9.00716 11.419 16.7961 
-0.427849 -0.217828 -0.142827 -0.106309 -0.0889003 
428
1 1 1 1 1 
2.44488 5.69713 9.74616 14.2166 16.8307 
-0.424488 -0.213015 -0.143787 -0.112831 -0.0887336 
432
1 1 1 1 1 
2.74339 5.82671 9.80995 12.7656 16.8337 
-0.425647 -0.208093 -0.144351 -0.11064 -0.0890273 
432
0 0 0 
3.6086 6.77997 7.70507 
0.559054 0.265693 0.16043 
436
0 0 0 0 
3.5039 6.51954 11.0849 8.19036 
0.559935 0.267569 0.155465 0.840567 
436
1 1 1 1 
2.5139 6.16838 9.9364 13.5351 
-0.421478 -0.210382 -0.148338 -0.111959 
440
0 0 0 0 0 
3.42858 6.57796 9.91088 11.8266 8.07586 
0.572211 0.26631 0.153691 0.102249 0.840611 
444
1 1 1 1 1 
2.69106 9.42707 5.69081 13.1669 16.0526 
-0.425492 -0.147683 -0.210324 -0.112252 -0.088346 
444
0 0 0 0 0 0 
3.32842 6.47521 11.9592 7.9977 9.11301 16.196 
0.561718 0.266932 0.102279 0.16038 0.839431 0.0756279 
448
1 1 1 1 
2.69657 5.96359 9.42885 11.1835 
-0.422287 -0.212692 -0.147982 -0.105638 
448
0 0 0 0 0 0 
3.36052 6.19033 7.6026 11.6355 18.2985 10.7393 
0.574101 0.270262 0.160477 0.10046 0.0734201 0.833967 
452
0 0 0 0 0 0 
3.43084 5.55877 9.19627 12.1176 17.5514 9.35987 
0.571419 0.274342 0.157632 0.106401 0.0741889 0.84124 
452
1 1 1 1 
2.51866 5.96354 9.21293 11.5934 
-0.419343 -0.209291 -0.148533 -0.106208 
456
0 0 0 0 0 0 
3.2308 6.67729 8.91985 11.6015 18.9925 10.1744 
0.578248 0.265893 0.157227 0.101918 0.0728424 0.836357 
460
0 0 0 0 0 0 
3.48838 6.8813 9.92515 16.0887 11.124 8.13567 
0.568448 0.264164 0.152138 0.0759693 0.101149 0.840875 
460
1 1 1 
2.59055 5.65253 8.21091 
-0.419743 -0.206944 -0.147351 
464
0 0 0 0 0 0 
3.57356 5.60581 10.6013 11.3599 16.7403 7.94603 
0.566602 0.274387 0.152243 0.101377 0.0748249 0.840697 
464
1 1 1 
2.64641 5.92002 9.03374 
-0.425015 -0.207277 -0.144796 
468
0 0 0 0 0 0 
5.59494 3.45205 12.2771 8.22715 20.2267 8.55194 
0.274428 0.560073 0.105952 0.160467 0.0720559 0.840301 
472
1 1 1 
2.52233 6.34038 9.2482 
-0.421155 -0.210897 -0.150329 
472
0 0 0 0 0 0 
3.30605 5.1175 12.1476 9.39649 18.6235 9.59114 
0.573805 0.277957 0.105519 0.156077 0.0731456 0.83974 
476
0 0 0 0 0 
3.36008 5.58314 8.99778 12.9793 16.1223 
0.562191 0.275388 0.156178 0.10466 0.0756563 
476
1 1 1 
2.5145 6.0984 9.12708 
-0.420728 -0.210284 -0.149063 
480
0 0 0 0 0 
3.55179 6.42252 9.52538 10.2027 17.8624 
0.560907 0.267511 0.154303 0.103241 0.0738937 
480
1 1 
2.62316 5.37628 
-0.422319 -0.211654 
484
0 0 0 0 0 
3.45966 6.34786 11.159 8.99991 18.6617 
0.558096 0.26854 0.107206 0.161941 0.0725041 
484
1 1 
2.6678 5.28927 
-0.428356 -0.211292 
488
0 0 0 0 0 
3.6428 6.19349 8.51659 10.4754 18.1495 
0.558293 0.269405 0.157991 0.10192 0.0735023 
488
1 1 
2.61905 6.02831 
-0.422977 -0.210548 
492
1 1 
2.81124 6.88626 
-0.426657 -0.210331 
492
0 0 0 0 0 0 
3.23084 5.82931 8.91781 18.0427 10.9898 9.74589 
0.562604 0.271852 0.158351 0.0734024 0.103172 0.837907 
496
0 0 0 0 0 0 
3.58184 6.63286 13.0616 7.31824 18.721 7.95476 
0.55536 0.265666 0.103981 0.16421 0.0726773 0.841595 
500
1 1 
2.72085 5.18288 
-0.423329 -0.206442 
500
0 0 0 0 0 0 
3.38058 6.42181 8.68283 12.4012 19.0207 8.56447 
0.562555 0.267051 0.158515 0.106038 0.0726751 0.838664 
504
0 0 0 0 0 
3.61375 5.83216 8.12334 11.9329 17.7507 
0.558643 0.27149 0.159873 0.10694 0.0741129 
504
1 1 
2.82454 6.13366 
-0.425238 -0.213589 
508
1 
2.87932 
-0.428398 
512
0 0 0 0 0 0 
3.18854 5.17893 12.3441 9.53062 17.1235 8.96823 
0.566126 0.280124 0.105516 0.154613 0.0743135 0.839052 
512
1 
2.55339 
-0.422238 
516
1 
2.69328 
-0.426355 
516
0 0 0 0 0 0 
3.30233 5.18645 8.76851 12.5476 18.7868 8.58625 
0.565633 0.275585 0.156966 0.105192 0.0731847 0.838143 
520
1 
2.33289 
-0.419822 
520
0 0 0 0 0 
3.1833 5.17581 8.41632 12.8152 18.1147 
0.562552 0.275209 0.159241 0.105016 0.0736187 
524
1 
2.63018 
-0.422134 
528
1 1 
2.74578 11.6458 
-0.425621 -0.110341 
524
0 0 0 0 0 
3.10342 5.07875 12.9374 10.3483 18.0279 
0.563132 0.280533 0.103815 0.154354 0.0734409 
532
1 1 
2.89037 11.5464 
-0.43633 -0.106225 
532
0 0 0 0 0 
3.40966 5.9417 9.0117 12.8897 17.8903 
0.562076 0.271316 0.156817 0.104565 0.0737536 
536
1 1 1 
3.02235 9.21745 11.3674 
-0.437619 -0.142675 -0.106648 
536
0 0 0 0 0 0 
3.44147 5.94811 8.56002 12.6062 17.1791 8.61683 
0.557708 0.269756 0.159256 0.104944 0.07406 0.839938 
540
0 0 0 0 0 0 
3.51467 5.9207 12.9347 8.23013 18.2971 8.46213 
0.566963 0.272473 0.104342 0.158306 0.073385 0.839988 
540
1 1 1 
8.64953 3.04398 11.8338 
-0.146507 -0.452185 -0.106508 
544
1 1 1 1 
4.7301 7.99965 3.30767 13.6373 
-0.214867 -0.146124 -0.450798 -0.111501 
544
0 0 0 0 0 0 
3.3696 6.5714 8.70394 11.5249 18.2898 9.36032 
0.562383 0.266786 0.158349 0.10263 0.0737204 0.836767 
548
1 1 1 1 
6.66869 8.93383 2.47807 11.69 
-0.217541 -0.143147 -0.463295 -0.106272 
548
0 0 0 0 0 0 
3.29671 5.34222 8.69532 12.8994 19.7234 8.17887 
0.568292 0.275658 0.156866 0.103975 0.0722037 0.84177 
552
1 1 1 1 
5.91687 9.6289 2.92743 12.1262 
-0.209992 -0.148438 -0.461466 -0.107244 
556
1 1 1 1 
6.63296 9.81307 2.29782 12.582 
-0.209532 -0.148264 -0.490589 -0.111378 
556
0 0 0 0 0 
3.47345 5.80627 9.76623 12.7611 18.8139 
0.558355 0.274244 0.15484 0.10467 0.0729571 
560
0 0 0 0 0 
3.44588 5.82406 10.4207 15.44 12.3507 
0.562936 0.272007 0.153534 0.0764333 0.105955 
560
1 1 1 1 1 
5.86618 9.04928 3.35798 13.1185 17.6254 
-0.206882 -0.146919 -0.468701 -0.112263 -0.0896554 
564
0 0 0 0 0 0 
3.36469 5.76406 13.309 9.01501 15.7971 8.94666 
0.55956 0.274753 0.103879 0.156951 0.0759881 0.838354 
568
1 1 1 1 
6.58233 9.46487 3.29808 14.0842 
-0.209201 -0.153367 -0.47304 -0.113056 
568
0 0 0 0 0 
3.11154 5.9677 12.2417 8.80483 17.1247 
0.57432 0.271823 0.106065 0.156756 0.0748267 
572
0 0 0 0 0 0 
3.32155 6.53479 9.75813 12.3169 18.2434 8.39996 
0.572898 0.266313 0.15374 0.105701 0.0733983 0.840593 
572
1 1 1 1 
6.17223 9.23703 12.0228 18.3327 
-0.209781 -0.147874 -0.106359 -0.0895724 
576
0 0 0 0 0 0 
3.9709 5.52253 10.3735 12.3163 18.4049 8.37991 
0.560261 0.274723 0.151045 0.104971 0.0732 0.839861 
576
1 1 1 1 1 
5.89733 8.46045 2.93691 11.8578 15.3154 
-0.207848 -0.146485 -0.469233 -0.106313 -0.0881604 
580
1 1 1 1 1 
5.74907 8.46386 11.2148 2.2112 18.0588 
-0.207257 -0.147118 -0.105325 -0.484359 -0.0889364 
584
0 0 0 0 0 
3.52436 5.96583 10.155 18.914 12.9231 
0.568848 0.272551 0.151586 0.0723136 0.104578 
584
1 1 1 
6.16496 11.0182 11.1063 
-0.208818 -0.149123 -0.105101 
588
0 0 0 0 0 
3.43617 5.42435 7.97567 12.7447 19.2041 
0.572585 0.276641 0.160649 0.104937 0.0721965 
588
1 1 1 
5.93209 9.74077 12.7915 
-0.208679 -0.144379 -0.107678 
592
0 0 0 0 0 0 
3.31228 5.77957 10.1862 11.5123 16.0963 8.57444 
0.565153 0.271592 0.151418 0.106928 0.0752591 0.839082 
592
1 1 1 
5.61635 8.69146 13.608 
-0.206978 -0.148236 -0.107659 
596
1 1 1 
6.54047 8.01301 11.6525 
-0.210358 -0.147839 -0.106273 
600
1 1 1 
5.70534 9.27976 10.6208 
-0.206229 -0.14665 -0.104736 
600
0 0 0 0 0 
3.16539 6.46357 9.52758 11.1738 16.9878 
0.578268 0.267076 0.155089 0.102596 0.0746348 
604
0 0 0 0 0 0 
3.20777 5.92996 13.0344 10.3419 18.1672 7.86846 
0.576645 0.271983 0.10398 0.151487 0.0736455 0.842115 
604
1 1 1 
5.47663 9.07951 12.3764 
-0.214064 -0.151724 -0.106986 
608
1 1 1 
5.6921 10.0459 13.1535 
-0.203809 -0.149391 -0.111521 
608
0 0 0 0 0 0 
3.47946 6.09983 12.8034 6.47815 15.2569 7.90127 
0.560492 0.268889 0.103964 0.153802 0.0763644 0.842699 
612
1 1 1 1 
6.43118 9.88809 3.34288 11.2518 
-0.209174 -0.145227 -0.459335 -0.104649 
612
0 0 0 0 0 0 
3.24814 5.98661 12.3698 8.9682 19.3377 8.56834 
0.567302 0.269049 0.106074 0.157491 0.0728337 0.840583 
616
0 0 0 0 0 0 
3.30769 5.20035 9.25936 20.1552 12.0882 8.21272 
0.57222 0.277324 0.156484 0.0720315 0.106218 0.839606 
616
1 1 1 1 
6.28203 8.2591 13.0767 17.0173 
-0.209871 -0.146211 -0.111757 -0.0886889 
620
0 0 0 0 0 
3.59975 5.53649 9.06029 11.9888 16.2822 
0.557879 0.275244 0.155295 0.106591 0.0753665 
624
1 1 1 
5.93966 9.06703 11.2893 
-0.206965 -0.147227 -0.114031 
624
0 0 0 0 0 0 
3.37178 5.08843 8.80545 18.4217 13.1159 8.54731 
0.564476 0.278618 0.15812 0.0734356 0.104459 0.838641 
628
1 1 1 1 
6.13155 8.50869 11.158 17.0001 
-0.206343 -0.142548 -0.109471 -0.0886317 
632
0 0 0 0 0 0 
3.34955 5.67206 9.11672 12.7258 15.3519 8.08171 
0.562289 0.273061 0.156818 0.105128 0.0767364 0.842847 
632
1 1 1 
5.90314 9.54517 11.7727 
-0.206023 -0.144287 -0.106 
636
1 1 1 
5.81363 9.40124 12.9876 
-0.208988 -0.143912 -0.107066 
636
0 0 0 0 0 0 
3.47004 5.09006 9.13152 12.711 18.6419 7.78107 
0.562779 0.279815 0.156881 0.104882 0.0733164 0.841427 
640
0 0 0 0 0 0 
3.31061 5.42629 17.7629 8.70465 12.3745 8.2122 
0.564543 0.27367 0.0738291 0.157797 0.105723 0.840234 
640
1 1 1 
6.30897 8.66198 9.59882 
-0.207186 -0.147123 -0.102231 
644
0 0 0 0 0 0 
3.3935 6.70061 8.93241 12.9624 19.3006 7.84682 
0.57101 0.266184 0.157209 0.104815 0.0730029 0.841796 
644
1 1 1 
5.42808 11.7047 13.9668 
-0.205893 -0.150726 -0.108853 
648
1 1 1 1 
6.14009 9.0007 2.08076 12.542 
-0.20766 -0.144118 -0.434451 -0.111471 
648
0 0 0 0 0 0 
3.48235 5.12556 9.28639 12.7251 17.069 8.43657 
0.558228 0.277795 0.155723 0.105014 0.0740979 0.838477 
652
1 1 1 1 
2.68199 6.28675 9.71591 13.2979 
-0.42118 -0.208734 -0.143614 -0.111884 
652
0 0 0 0 0 0 
3.14243 6.68158 13.1924 15.3571 9.22342 8.86613 
0.570729 0.266385 0.103238 0.0767195 0.161537 0.838924 
656
0 0 0 0 0 0 
3.53957 6.90048 8.10635 19.9063 11.7202 8.54814 
0.568271 0.264709 0.16005 0.0724354 0.102739 0.841313 
656
1 1 1 1 1 
2.72096 5.78632 8.95753 13.368 17.9105 
-0.429169 -0.20695 -0.142555 -0.112549 -0.0893955 
660
0 0 0 0 0 0 
3.41267 5.83931 9.13671 11.1204 19.2134 7.98623 
0.561592 0.27366 0.156668 0.102768 0.0731462 0.842231 
660
1 1 1 1 1 
2.30513 5.83772 10.7291 10.7631 17.5886 
-0.420043 -0.21774 -0.144155 -0.104042 -0.0891117 
668
0 0 0 0 0 0 
3.55947 6.21097 16.9231 12.696 9.42234 7.93183 
0.555895 0.269609 0.0751216 0.104651 0.161077 0.841383 
668
1 1 1 1 1 
2.76905 10.3975 6.0018 11.982 17.8431 
-0.423721 -0.149034 -0.217579 -0.105887 -0.0895751 
672
1 1 1 1 1 
2.75127 5.93837 10.8817 12.8925 19.1762 
-0.426822 -0.209141 -0.145522 -0.111395 -0.089298 
672
0 0 0 0 0 0 
3.37729 6.67762 7.93973 11.4009 19.0735 7.65691 
0.566431 0.265237 0.161915 0.103319 0.0728926 0.842723 
676
0 0 0 0 0 0 
3.53667 5.45723 5.55982 10.1876 18.1977 7.86045 
0.557917 0.27659 0.158797 0.103997 0.0741963 0.841498 
680
0 0 0 0 0 0 
3.41164 5.84164 8.3435 10.9417 18.0652 7.71459 
0.564055 0.277869 0.15858 0.101855 0.0740986 0.842636 
676
1 1 1 1 1 
2.8043 5.53594 10.942 12.5484 17.2177 
-0.426137 -0.211825 -0.149784 -0.11143 -0.0892451 
684
1 1 1 1 1 
2.53758 5.83106 9.6966 13.2469 17.3461 
-0.418449 -0.212232 -0.145619 -0.111728 -0.0890405 
684
0 0 0 0 0 0 
3.49675 6.62275 10.0344 10.8546 19.231 7.22202 
0.560019 0.267345 0.153977 0.101017 0.0728085 0.844072 
688
1 1 1 1 1 
2.52699 5.76078 10.0516 12.9042 19.6361 
-0.420423 -0.207902 -0.14915 -0.111771 -0.0899782 
688
0 0 0 0 0 0 
3.3376 5.74042 9.96525 9.21301 19.1917 11.105 
0.565344 0.273432 0.102684 0.16123 0.0728323 0.842332 
692
0 0 0 0 0 0 
3.61848 5.70839 9.89742 10.7345 17.5411 7.28608 
0.553039 0.27353 0.153595 0.102235 0.0751068 0.843807 
692
1 1 1 1 1 
2.51202 5.55622 9.98369 10.6278 18.4597 
-0.419048 -0.210617 -0.147677 -0.102909 -0.0892537 
696
0 0 0 0 0 
3.46166 5.81206 9.0294 10.7855 18.0793 
0.561894 0.278513 0.156917 0.1026 0.0736097 
696
1 1 1 1 
2.19832 6.27518 9.87692 10.5939 
-0.431015 -0.209477 -0.143493 -0.114623 
700
1 1 1 1 1 
2.53024 5.92819 11.1173 13.6867 17.3487 
-0.429443 -0.211401 -0.145194 -0.11173 -0.0889973 
704
0 0 0 0 0 0 
3.28213 4.97919 8.63882 10.7508 18.6356 8.31279 
0.562351 0.285293 0.159675 0.102792 0.0733155 0.841517 
704
1 1 1 1 1 
2.64877 5.64588 10.7479 13.0075 17.3509 
-0.424105 -0.208863 -0.144093 -0.111644 -0.0889368 
708
1 1 1 1 
2.62284 6.14977 9.38855 14.1844 
-0.430075 -0.21035 -0.147857 -0.112815 
708
0 0 0 0 0 0 
3.55733 5.61125 10.1209 10.2323 18.2265 7.62454 
0.557953 0.275089 0.152432 0.103393 0.0735142 0.841247 
712
0 0 0 0 0 0 
3.15586 5.90747 9.11456 10.6298 18.5273 7.56202 
0.566888 0.271372 0.156416 0.103189 0.0735302 0.842322 
716
1 1 1 1 
5.16615 2.52766 10.9062 13.0522 
-0.204605 -0.436776 -0.145205 -0.106721 
716
0 0 0 0 0 
3.33854 6.16411 10.2503 11.37 19.7941 
0.564712 0.270152 0.152481 0.102476 0.0731474 
720
1 1 1 1 
5.74504 9.7089 1.35711 13.6753 
-0.211066 -0.147962 -0.453294 -0.112025 
720
0 0 0 0 0 0 
3.36964 5.68116 8.38703 11.2663 17.5687 9.58514 
0.562185 0.273265 0.159203 0.10187 0.0745318 0.836814 
724
1 1 1 1 
5.97658 10.5443 3.19131 12.3849 
-0.209604 -0.151383 -0.428387 -0.106895 
728
1 1 1 1 1 
5.65396 8.40926 1.97865 12.6881 16.675 
-0.204745 -0.145677 -0.430242 -0.111893 -0.0889453 
728
0 0 0 0 0 0 
3.46789 6.02379 12.4752 7.68585 18.112 7.90609 
0.570193 0.271224 0.105212 0.160306 0.0740631 0.842105 
732
1 1 1 1 
10.0669 5.64295 2.26189 12.0441 
-0.144841 -0.206884 -0.440164 -0.110203 
732
0 0 0 0 0 0 
3.57233 6.50979 11.2571 7.49037 18.2399 7.9591 
0.552334 0.266966 0.102685 0.162548 0.0734331 0.841541 
736
0 0 0 0 0 0 
3.4004 5.66439 12.5742 8.52188 18.4808 9.01456 
0.560349 0.275264 0.105483 0.164562 0.0734356 0.839306 
736
1 1 1 1 
6.47196 8.24514 3.81695 12.1172 
-0.209929 -0.145724 -0.434557 -0.116032 
740
1 1 1 
5.37845 10.2898 13.1534 
-0.211986 -0.14554 -0.112077 
744
1 1 1 1 1 
9.32612 5.66879 4.24791 12.5613 17.0085 
-0.1466 -0.206964 -0.431183 -0.111404 -0.0889881 
744
0 0 0 0 0 
3.30199 5.9446 8.71586 10.8288 17.7026 
0.567038 0.272785 0.15791 0.101571 0.0741639 
748
1 1 1 1 
9.29868 5.23955 3.62383 13.7242 
-0.148941 -0.204384 -0.415857 -0.111598 
752
1 1 1 1 
5.81098 9.76052 1.98021 13.558 
-0.206688 -0.143991 -0.437722 -0.111935 
748
0 0 0 0 0 0 
3.62434 5.99031 12.6327 9.65934 18.1071 8.14891 
0.555293 0.271313 0.104734 0.153824 0.0737734 0.839599 
752
0 0 0 0 0 0 
3.13327 5.81243 8.65918 12.2422 18.1746 8.05568 
0.570468 0.272115 0.158781 0.105606 0.0734461 0.841332 
756
0 0 0 0 0 
3.66088 5.04172 8.07404 11.8605 17.6824 
0.55779 0.281161 0.161593 0.101432 0.0741276 
760
1 1 1 1 
5.94545 9.36349 2.2861 12.0708 
-0.208605 -0.148206 -0.428913 -0.110163 
760
0 0 0 0 0 0 
3.18619 6.06394 9.1305 17.8201 11.1726 7.96995 
0.56507 0.2713 0.156623 0.0738271 0.103558 0.841959 
764
1 1 1 1 1 
5.72828 10.0296 13.5808 17.6109 2.1688 
-0.207438 -0.144769 -0.112862 -0.0894471 -0.426384 
764
0 0 0 0 0 0 
3.40322 5.66426 7.98193 11.2477 15.0637 9.39758 
0.558882 0.27916 0.160452 0.102944 0.0768766 0.837738 
768
1 1 1 1 
5.79768 9.98884 2.24228 12.251 
-0.20732 -0.152745 -0.42658 -0.110571 
772
1 1 1 1 1 
4.85142 10.6702 3.44042 13.243 18.1558 
-0.208655 -0.144076 -0.42222 -0.111991 -0.0893645 
772
0 0 0 0 0 0 
3.17755 6.93703 8.01354 11.3739 18.1081 8.70246 
0.573381 0.263995 0.159999 0.100923 0.0737433 0.839692 
776
1 1 1 1 
5.53644 10.3153 2.73256 11.5384 
-0.207912 -0.144466 -0.420026 -0.104897 
776
0 0 0 0 0 0 
3.36997 6.61674 9.83116 11.0219 18.8961 7.42075 
0.571236 0.266998 0.153398 0.10312 0.072815 0.842519 
780
1 1 1 1 
6.05547 11.1455 12.3372 16.9486 
-0.210072 -0.145245 -0.106322 -0.0885525 
780
0 0 0 0 0 0 
3.58589 6.85505 12.0224 7.94107 19.3831 8.09075 
0.556828 0.266059 0.101664 0.15955 0.0735566 0.841906 
784
0 0 0 0 0 0 
3.58179 5.8721 8.67686 10.9802 17.6113 8.12587 
0.556426 0.271987 0.158035 0.103877 0.0744969 0.841979 
788
1 1 1 1 
5.74198 10.0538 12.4926 17.0986 
-0.210363 -0.145919 -0.110855 -0.0886905 
788
0 0 0 0 0 0 
3.4745 5.94302 8.02604 13.2133 18.6485 7.08309 
0.561614 0.270332 0.161517 0.104093 0.0732319 0.844281 
792
1 1 1 1 
9.88559 5.83211 2.54373 11.7829 
-0.144472 -0.209561 -0.463696 -0.105643 
792
0 0 0 0 0 0 
3.07719 5.70707 8.42173 12.7735 15.0552 8.47687 
0.561829 0.273324 0.158722 0.104576 0.0769018 0.840674 
796
1 1 1 1 1 
3.19042 6.00375 9.98453 12.4351 17.2366 
-0.433108 -0.208952 -0.149647 -0.106959 -0.0889992 
796
0 0 0 0 0 
3.34721 5.38586 13.8491 9.01951 17.346 
0.560924 0.277147 0.102923 0.157636 0.074514 
800
0 0 0 0 0 0 
3.27307 6.60463 12.238 14.9338 7.95375 8.08551 
0.562008 0.266279 0.105317 0.077283 0.15984 0.840777 
800
1 1 1 1 1 
3.21248 5.30211 10.2035 13.0857 17.1526 
-0.43136 -0.209925 -0.146122 -0.11221 -0.0887042 
804
1 1 1 1 
6.13605 9.50897 12.8143 17.8274 
-0.208226 -0.144006 -0.11077 -0.089305 
808
1 1 1 
5.74505 9.6009 11.9914 
-0.209025 -0.144927 -0.106967 
808
0 0 0 0 0 0 
3.30808 6.69964 17.478 12.4997 8.52921 8.79151 
0.562061 0.265632 0.0747247 0.105139 0.16411 0.838739 
812
1 1 1 1 1 
2.98675 5.35492 9.68183 12.7143 17.8543 
-0.44262 -0.213532 -0.144222 -0.111047 -0.089072 
812
0 0 0 0 0 0 
3.39585 6.35881 12.95 8.9845 17.9868 7.98599 
0.571809 0.268804 0.104593 0.156571 0.0735725 0.840673 
816
1 1 1 1 1 
2.67466 5.95936 11.6752 11.96 17.467 
-0.421801 -0.209593 -0.146588 -0.107132 -0.0889225 
820
0 0 0 0 0 0 
3.46262 6.22864 7.84799 11.6079 17.8849 8.21716 
0.557023 0.269288 0.161671 0.10187 0.0737545 0.841782 
820
1 1 1 1 
2.2841 9.18738 11.0307 17.7843 
-0.415861 -0.143553 -0.10536 -0.089097 
824
1 1 1 1 
2.64384 10.2072 12.9468 17.811 
-0.425785 -0.144783 -0.112809 -0.0895311 
824
0 0 0 0 0 0 
3.49939 5.62443 9.21869 12.2442 18.1 8.10788 
0.56952 0.275893 0.156437 0.10633 0.0733775 0.842708 
828
0 0 0 0 0 0 
3.72584 5.80446 11.2105 9.60741 18.2873 7.7899 
0.553052 0.273876 0.102611 0.149816 0.0736123 0.841634 
832
1 1 
2.76617 11.773 
-0.422341 -0.108083 
832
0 0 0 0 0 0 
3.23572 6.51457 9.5036 12.3286 17.398 8.16365 
0.56904 0.265849 0.15568 0.10644 0.0748176 0.839539 
836
1 
2.74217 
-0.424488 
836
0 0 0 0 0 0 
3.47188 5.2062 8.77446 11.7527 14.8803 10.33 
0.560961 0.276074 0.153791 0.101921 0.0770083 0.836343 
840
0 0 0 0 0 0 
3.36117 6.29109 9.24648 11.5311 14.7945 8.61071 
0.571205 0.269085 0.15564 0.102162 0.0777849 0.839617 
840
1 1 
2.75304 5.82045 
-0.424035 -0.212301 
844
1 1 
2.785 5.16674 
-0.423531 -0.204519 
844
0 0 0 0 0 0 
3.58599 6.20675 8.01676 12.2818 15.7747 7.39647 
0.556875 0.269805 0.160355 0.105918 0.0761133 0.844019 
848
1 1 
2.57107 5.48554 
-0.422871 -0.210051 
852
1 1 1 
2.7507 6.05869 9.37863 
-0.427472 -0.210304 -0.143039 
852
0 0 0 0 0 0 
3.43009 6.03358 8.75771 11.8292 18.122 7.89434 
0.563263 0.269762 0.157909 0.106982 0.0740592 0.842292 
856
0 0 0 0 0 0 
3.45687 5.65319 7.53025 12.1545 16.4189 7.89953 
0.560416 0.274066 0.161194 0.106152 0.0756199 0.840955 
856
1 1 1 
2.54557 5.8676 9.77713 
-0.420143 -0.208327 -0.147536 
860
0 0 0 0 0 0 
3.54674 6.63991 9.33975 10.8178 18.0607 8.34457 
0.556656 0.266706 0.155748 0.103153 0.0734564 0.839062 
864
1 1 1 1 
2.77402 5.19404 8.54324 12.1498 
-0.425265 -0.208717 -0.142138 -0.11059 
868
1 1 1 1 1 
2.69102 5.34675 8.89148 11.2452 16.2438 
-0.422433 -0.211199 -0.148173 -0.105081 -0.0881409 
864
0 0 0 0 0 0 
3.21889 6.77879 11.4375 8.93773 19.0976 8.41609 
0.567739 0.264156 0.101971 0.157257 0.0730742 0.840944 
868
0 0 0 0 0 0 
3.31167 6.8352 12.6841 7.47443 15.7934 9.10946 
0.56416 0.269954 0.105243 0.162475 0.0758094 0.840286 
872
1 1 1 1 1 
2.58896 5.11926 8.87246 14.1042 19.2713 
-0.419108 -0.209611 -0.147261 -0.112154 -0.0893897 
876
0 0 0 0 0 0 
3.55224 7.0636 9.3226 11.9711 18.4479 7.85865 
0.567429 0.264667 0.159978 0.102634 0.0735513 0.841405 
876
1 1 1 1 1 
2.60622 5.46391 9.3525 13.1259 16.3645 
-0.425183 -0.218616 -0.147216 -0.111519 -0.0883878 
880
0 0 0 0 0 
3.40717 4.97507 8.31101 10.8662 9.37665 
0.562747 0.279985 0.157713 0.103353 0.839323 
880
1 1 1 1 1 
2.68831 5.92102 9.42547 12.5331 17.2375 
-0.424169 -0.207192 -0.14503 -0.106217 -0.0886478 
884
0 0 0 0 0 
3.12935 6.26381 10.0254 8.2149 11.5799 
0.570591 0.268719 0.152775 0.839588 0.102146 
884
1 1 1 1 
2.60565 5.92842 9.3692 12.7388 
-0.4238 -0.20546 -0.148601 -0.111311 
888
0 0 0 0 
3.745 5.79397 8.16783 7.5981 
0.551818 0.273095 0.160365 0.843256 
892
0 0 0 0 
3.46406 5.83832 8.50657 8.71938 
0.562016 0.276165 0.158573 0.83901 
892
1 1 1 1 1 
2.56604 6.23295 9.24087 10.1664 16.9242 
-0.423457 -0.212513 -0.14808 -0.114831 -0.0889154 
896
0 0 0 
3.57173 5.44928 8.49572 
0.554768 0.275487 0.839652 
896
1 1 1 1 1 
2.68393 6.18667 8.50615 12.7267 18.6831 
-0.424537 -0.211425 -0.147693 -0.111746 -0.089861 
900
1 1 1 1 
2.61809 6.74263 10.6755 13.5624 
-0.42146 -0.209535 -0.145416 -0.112374 
900
0 0 0 
3.5709 5.90564 8.25699 
0.555663 0.27243 0.838024 
904
0 0 0 
3.68142 5.45179 8.61744 
0.555457 0.275349 0.838586 
904
1 1 1 1 1 
2.70748 6.24978 9.29481 11.4003 17.6523 
-0.42659 -0.20837 -0.147937 -0.106201 -0.0890764 
908
0 0 0 
3.17424 5.98922 8.54805 
0.565067 0.271395 0.840689 
912
0 0 0 
3.4103 6.93564 8.04087 
0.564185 0.263359 0.841981 
916
0 0 
3.2606 8.74527 
0.567211 0.839205 
920
0 0 
3.27372 8.27231 
0.567226 0.837912 
912
1 1 1 1 1 
2.74864 5.58171 9.75423 14.9655 16.9843 
-0.420576 -0.206607 -0.147964 -0.11285 -0.0889853 
916
1 1 1 1 
2.81093 6.2875 9.82703 12.8477 
-0.426534 -0.213666 -0.147773 -0.111302 
920
1 1 1 1 
2.56112 5.47782 9.5278 12.3177 
-0.418563 -0.20842 -0.144177 -0.111195 
924
0 0 
3.43694 8.64005 
0.560522 0.837467 
924
1 1 1 1 1 
2.66675 5.92728 9.14742 13.7498 18.3724 
-0.42541 -0.212643 -0.144388 -0.111881 -0.0898974 
928
0 0 
3.49343 7.48258 
0.562002 0.842627 
932
0 0 0 
3.5234 17.6578 8.52919 
0.557281 0.0741202 0.839875 
932
1 1 1 1 1 
2.69766 5.832 8.83393 10.4961 17.7121 
-0.427369 -0.209637 -0.143594 -0.103967 -0.089139 
936
1 1 1 1 1 
2.64987 5.93805 10.4789 12.3693 17.2334 
-0.422743 -0.209392 -0.144064 -0.11113 -0.0887167 
936
0 0 0 
3.42335 14.9602 8.55009 
0.568935 0.0768724 0.838112 
940
0 0 0 0 
3.40676 16.7718 10.8584 8.43645 
0.561049 0.0748181 0.103816 0.839446 
940
1 1 1 1 1 
2.68918 5.16503 9.63613 14.9621 16.8995 
-0.42251 -0.202982 -0.148695 -0.11252 -0.0882727 
944
0 0 0 0 
3.66234 18.7499 11.4154 8.11317 
0.557809 0.0732472 0.102575 0.840817 
944
1 1 1 1 
2.43423 5.45757 9.15386 12.1282 
-0.418835 -0.205164 -0.147315 -0.10538 
948
1 1 1 1 
2.81805 6.3119 10.9008 13.0963 
-0.423424 -0.208589 -0.148926 -0.111702 
952
1 1 1 1 
2.60259 5.85028 10.0151 11.6711 
-0.420485 -0.208799 -0.149441 -0.105292 
952
0 0 0 0 0 
3.56321 12.0056 7.86784 15.3273 8.02484 
0.566971 0.0998463 0.159425 0.0770671 0.84216 
956
0 0 0 0 0 
3.38447 10.0756 15.2404 11.1654 8.91471 
0.562118 0.155265 0.0765357 0.102859 0.837784 
956
1 1 1 1 
2.54633 5.53615 10.1643 13.3164 
-0.422931 -0.206006 -0.144393 -0.112284 
960
1 1 1 1 1 
2.5291 9.43683 6.12957 12.9948 17.3252 
-0.418835 -0.14643 -0.207857 -0.111861 -0.0887709 
964
1 1 1 1 
2.87848 9.85994 5.23784 13.7163 
-0.425672 -0.147423 -0.208875 -0.111972 
968
1 1 1 1 1 
2.63855 6.3757 9.53955 12.8896 18.023 
-0.423158 -0.213909 -0.143193 -0.105658 -0.0895332 
964
0 0 0 0 0 0 
3.29218 6.12013 10.6013 12.4855 14.9573 7.85651 
0.566651 0.271166 0.151742 0.105296 0.0773188 0.841644 
968
0 0 0 0 0 0 
3.22534 6.16842 11.6493 8.05572 20.4108 8.37243 
0.575615 0.270217 0.101726 0.160341 0.0721476 0.840375 
972
1 1 1 1 
2.60672 5.96512 9.84074 11.9486 
-0.42297 -0.206383 -0.147775 -0.106766 
972
0 0 0 0 0 0 
3.28064 6.2724 11.0942 7.96805 15.7959 8.4659 
0.560438 0.268904 0.103064 0.160934 0.0759562 0.839343 
976
1 1 1 1 1 
2.50479 5.51326 11.9018 13.0415 16.7942 
-0.418485 -0.211549 -0.149507 -0.1106 -0.0886445 
976
0 0 0 0 0 0 
3.37076 6.48796 10.2186 11.4455 18.8605 10.2497 
0.572842 0.268433 0.152647 0.102007 0.0732104 0.836647 
980
0 0 0 0 0 0 
3.28289 6.66995 8.46554 11.0808 19.5687 8.36593 
0.576079 0.266369 0.157781 0.103221 0.0722672 0.839622 
984
1 1 1 1 1 
2.63132 5.58372 9.12919 12.5964 19.3656 
-0.420437 -0.205639 -0.147488 -0.111091 -0.0899703 
984
0 0 0 0 0 0 
6.55802 3.24703 9.49444 12.4542 18.6162 7.88106 
0.266861 0.576552 0.155895 0.105878 0.0736153 0.841159 
988
0 0 0 0 0 0 
4.22368 6.60063 10.1552 12.7466 14.7867 8.4433 
0.550768 0.265878 0.153445 0.104717 0.0771594 0.839891 
988
1 1 1 1 
2.78236 6.41601 8.21506 10.4982 
-0.430496 -0.208525 -0.146536 -0.116089 
992
1 1 1 1 
2.85317 10.0479 6.77254 13.066 
-0.425042 -0.149216 -0.211496 -0.111425 
996
1 1 1 1 1 
2.54542 5.86994 10.0263 14.7524 17.7946 
-0.418796 -0.215848 -0.144589 -0.112452 -0.0889933 
996
0 0 0 0 
6.02444 11.3218 7.8648 18.6169 
0.270578 0.10248 0.159631 0.0738021 
1000
1 1 1 1 
2.54643 5.79487 8.31839 12.4227 
-0.419781 -0.208115 -0.1394 -0.107402 
1000
0 0 0 0 
5.98742 9.24349 10.9126 15.4718 
0.272442 0.155896 0.103839 0.0769534 
1004
0 0 0 0 
6.00775 7.98427 11.1613 18.9906 
0.272135 0.156212 0.103343 0.072935 
1004
1 1 1 1 
2.6094 4.92576 9.09384 10.8772 
-0.418491 -0.203376 -0.146816 -0.104778 
1008
1 1 1 1 1 
2.52047 5.89034 9.18947 13.3149 19.0139 
-0.419871 -0.207569 -0.148629 -0.111401 -0.0891326 
1008
0 0 0 0 
5.29676 8.17974 11.1414 15.5287 
0.276667 0.160574 0.101122 0.0771222 
1012
0 0 0 0 
6.17913 11.198 7.96192 14.9777 
0.269874 0.102435 0.159704 0.0771039 
1016
1 1 1 1 1 
2.68269 5.96372 8.84857 13.1695 15.6314 
-0.420828 -0.20692 -0.148779 -0.111963 -0.0880441 
1016
0 0 0 0 
6.10929 9.16671 13.0195 18.8442 
0.27033 0.157026 0.103876 0.073781 
1020
1 1 1 1 
2.81217 9.52582 6.04628 13.1366 
-0.42616 -0.147106 -0.208767 -0.110753 
1020
0 0 0 0 
5.67038 9.60615 13.1418 18.4386 
0.272307 0.153157 0.104223 0.0734864 
1024
0 0 0 0 
6.18557 7.25912 10.9675 15.7237 
0.270249 0.157003 0.102003 0.0764793 
1024
1 1 1 1 1 
2.94866 5.49914 8.79958 11.6616 17.3915 
-0.431633 -0.210869 -0.147264 -0.105158 -0.0888901 
1028
0 0 0 0 
6.02128 7.15457 11.2863 18.2788 
0.27032 0.153951 0.101587 0.0735825 
1028
1 1 1 1 
2.74436 6.73413 10.4309 11.6558 
-0.424139 -0.209182 -0.145874 -0.110858 
1032
1 1 1 1 1 
2.69995 5.76421 10.112 12.5849 17.911 
-0.425363 -0.214502 -0.144547 -0.111624 -0.0893618 
1036
1 1 1 1 1 
2.64741 5.39702 9.5418 12.1426 17.9738 
-0.422329 -0.217846 -0.147865 -0.110563 -0.0892774 
1036
0 0 0 0 
5.7757 10.2013 12.0377 15.8532 
0.273276 0.157884 0.101372 0.0760188 
1040
1 1 1 1 
2.52393 5.70644 8.71254 12.2124 
-0.418897 -0.209623 -0.146182 -0.106513 
1040
0 0 0 0 
6.34601 9.83591 15.4871 12.6623 
0.269057 0.153131 0.0769453 0.0994488 
1044
0 0 0 0 
5.94403 10.3787 16.2621 12.9569 
0.272095 0.156993 0.0759498 0.104341 
1048
1 1 1 1 1 
2.65038 5.68009 10.0028 14.1367 17.3922 
-0.427166 -0.205679 -0.145198 -0.112616 -0.088767 
1048
0 0 0 0 
6.77457 12.4563 10.7953 18.9676 
0.264659 0.101343 0.150402 0.0738986 
1052
0 0 0 0 
6.02238 9.99478 12.5823 18.9039 
0.271629 0.153971 0.100871 0.0735836 
1052
1 1 1 1 
2.66928 5.09472 10.1515 11.8252 
-0.423332 -0.20859 -0.143808 -0.106273 
1056
0 0 0 0 
5.55723 9.83173 16.4341 12.6782 
0.273977 0.154005 0.0758484 0.105885 
1056
1 1 1 1 
2.78021 6.15603 9.5676 10.715 
-0.424276 -0.211358 -0.148599 -0.104272 
1060
0 0 0 0 
5.59017 9.83505 12.0172 20.7121 
0.276148 0.154538 0.101019 0.0721918 
1060
1 1 1 1 1 
2.57215 5.79795 9.75015 11.8699 17.4788 
-0.42348 -0.206108 -0.145834 -0.106851 -0.0889485 
1064
0 0 0 0 
6.81395 11.5572 7.82354 15.9663 
0.270019 0.100757 0.157036 0.076121 
1068
0 0 0 0 
5.9846 6.81873 11.6949 15.4939 
0.272532 0.153825 0.100194 0.0769098 
1068
1 1 1 1 
2.71625 9.39857 6.02741 12.6564 
-0.42381 -0.144298 -0.209362 -0.107623 
1072
1 1 1 1 
2.76711 6.05436 9.69223 10.5813 
-0.422988 -0.209814 -0.14521 -0.103895 
1076
1 1 1 1 1 
2.73916 5.81073 10.4521 13.2064 18.7505 
-0.425548 -0.2079 -0.145123 -0.112523 -0.0893615 
1072
0 0 0 0 0 
6.06847 9.09726 10.9206 21.1237 8.3276 
0.272403 0.158085 0.101709 0.0720396 0.839351 
1076
0 0 0 0 0 
5.27281 11.3028 9.91214 16.4777 8.20525 
0.281641 0.101763 0.159848 0.075312 0.839301 
1080
1 1 1 1 
2.6011 6.38441 9.28063 11.9711 
-0.42235 -0.210731 -0.146334 -0.106582 
1080
0 0 0 0 0 
7.12796 11.9481 7.9034 15.3673 8.43591 
0.27005 0.100511 0.151934 0.077123 0.840057 
1084
1 1 1 1 1 
2.69128 6.58913 9.6283 13.7062 17.6971 
-0.428305 -0.210325 -0.143803 -0.112231 -0.0887202 
1088
1 1 1 1 1 
2.73519 4.74103 10.4804 13.4282 17.1466 
-0.42549 -0.207855 -0.144539 -0.111664 -0.0890406 
1088
0 0 0 0 0 
6.46546 6.80509 16.131 7.25815 10.7692 
0.267503 0.156835 0.0762165 0.843624 0.102107 
1092
1 1 1 1 1 
2.66157 6.12666 10.2553 14.039 16.9456 
-0.420995 -0.211446 -0.146081 -0.112673 -0.0887381 
1092
0 0 0 0 0 
6.4753 9.28872 7.51664 11.3374 20.5462 
0.263579 0.157729 0.841449 0.102321 0.0727855 
1096
1 1 1 1 
2.55582 5.68856 10.1559 13.1058 
-0.427736 -0.207361 -0.144451 -0.111589 
1096
0 0 0 0 0 
6.22958 7.88586 11.6144 15.5642 7.17523 
0.271002 0.150357 0.102589 0.0764072 0.843171 
1100
1 1 1 1 1 
2.67358 6.03637 10.296 13.7655 18.5991 
-0.427903 -0.209009 -0.148878 -0.112427 -0.0897047 
1100
0 0 0 0 0 
5.52924 5.86559 11.9427 17.5859 8.18938 
0.275165 0.157555 0.101862 0.0748896 0.839785 
1104
1 1 1 1 1 
2.64915 6.06962 9.96657 12.5536 16.756 
-0.422272 -0.209016 -0.144153 -0.111788 -0.0883486 
1108
0 0 0 0 0 
5.71009 11.3528 9.72169 16.6659 8.62863 
0.274361 0.102021 0.149988 0.075385 0.838796 
1108
1 1 1 1 1 
2.68199 9.72744 6.4158 12.3054 17.1043 
-0.420655 -0.147863 -0.21283 -0.110858 -0.0887532 
1112
0 0 0 0 0 
5.61558 11.0052 11.6236 16.8504 7.70037 
0.273152 0.150675 0.102415 0.0749383 0.841815 
1112
1 1 1 1 
2.58078 5.09122 10.2786 13.359 
-0.420112 -0.206283 -0.14814 -0.111753 
1116
0 0 0 0 0 
5.81707 11.2521 7.41138 19.3482 7.97056 
0.273136 0.100879 0.151994 0.073053 0.839898 
1116
1 1 1 1 
2.70755 6.09148 10.3315 11.9939 
-0.423452 -0.20639 -0.144435 -0.106398 
1120
0 0 0 0 0 
6.0324 9.53974 11.8822 16.3737 7.68316 
0.271617 0.15581 0.101529 0.0760927 0.842246 
1120
1 1 1 1 1 
2.76515 5.46382 10.8364 13.039 16.3498 
-0.425097 -0.21089 -0.145271 -0.111859 -0.0875332 
1124
1 1 1 1 1 
2.68252 5.72199 9.84086 13.3187 18.6679 
-0.427198 -0.212031 -0.144841 -0.111669 -0.0893445 
1128
1 1 1 1 
2.67129 5.94468 9.95498 11.1238 
-0.424399 -0.208357 -0.150632 -0.110187 
1128
0 0 0 0 0 
6.39249 9.36449 15.7124 12.8665 9.03849 
0.267845 0.155328 0.0767432 0.100324 0.838388 
1132
0 0 0 0 0 
6.05345 11.635 7.12846 16.1618 11.5374 
0.271079 0.100991 0.152405 0.075855 0.834875 
1132
1 1 1 1 1 
2.66881 6.29547 9.8714 10.0347 17.2227 
-0.424385 -0.213131 -0.143859 -0.103578 -0.0890682 
1136
0 0 0 0 0 
5.89773 7.39418 16.1623 12.9711 7.05837 
0.272747 0.150855 0.0761131 0.100071 0.843666 
1140
1 1 1 1 1 
2.65564 6.53672 9.92923 11.9104 17.6119 
-0.422799 -0.213426 -0.144649 -0.106291 -0.0891092 
1140
0 0 0 0 0 
6.01814 10.1433 11.3059 19.7988 12.888 
0.271907 0.153506 0.101805 0.0727979 0.832561 
1144
0 0 0 0 
5.55335 10.8909 10.3219 16.1867 
0.276174 0.101809 0.154835 0.0760452 
1144
1 1 1 1 
2.54282 5.78166 9.45029 13.6282 
-0.419907 -0.205929 -0.146248 -0.107216 
1148
0 0 0 0 0 
6.22899 12.0776 7.89123 16.4993 8.14953 
0.2688 0.101747 0.150359 0.0752876 0.839958 
1148
1 1 1 1 
2.84614 10.446 7.00834 10.8105 
-0.429976 -0.148591 -0.216233 -0.103849 
1152
1 1 1 1 1 
2.53503 6.94765 10.1213 11.3882 17.4551 
-0.426861 -0.211446 -0.148503 -0.105756 -0.0890009 
1152
0 0 0 0 0 
6.10096 11.7447 10.0627 19.2578 8.89754 
0.270613 0.101114 0.153049 0.0733151 0.837435 
1156
1 1 1 1 
2.56861 5.85906 10.7991 12.1338 
-0.418752 -0.2116 -0.149626 -0.106026 
1160
0 0 0 0 0 
6.14062 10.3543 11.5066 21.146 8.15745 
0.270337 0.152017 0.101466 0.0720215 0.840362 
1160
1 1 1 1 
2.58304 5.84986 10.1265 12.1233 
-0.420353 -0.207939 -0.149065 -0.111046 
1164
0 0 0 0 0 
6.79436 10.133 12.423 16.5428 9.95371 
0.264389 0.153739 0.0997903 0.0759358 0.834824 
1164
1 1 1 1 1 
2.60665 6.24246 9.27817 12.819 18.2387 
-0.420861 -0.210839 -0.148487 -0.111657 -0.0896351 
1168
0 0 0 0 0 
5.8843 10.6483 11.659 16.2266 7.63064 
0.273935 0.152199 0.103121 0.0758596 0.84195 
1168
1 1 1 1 
2.62092 5.67461 10.4211 14.197 
-0.420879 -0.208686 -0.148273 -0.112497 
1172
0 0 0 0 0 
6.46905 16.0969 6.25145 11.3689 7.87674 
0.267663 0.0764456 0.15699 0.101671 0.841876 
1172
1 1 1 1 
2.53368 5.45941 9.39569 11.2022 
-0.420867 -0.205977 -0.148408 -0.105058 
1176
1 1 1 1 
2.59274 6.84186 9.93375 10.2308 
-0.424295 -0.214513 -0.144599 -0.104839 
1180
0 0 0 0 0 
6.09836 5.91311 11.9341 15.5086 9.05362 
0.271141 0.157342 0.101968 0.0772679 0.839399 
1180
1 1 1 1 1 
2.55754 6.109 9.84485 12.5207 17.918 
-0.420329 -0.209007 -0.149017 -0.110857 -0.0891242 
1184
1 1 1 1 
2.68634 6.12589 10.2626 13.3088 
-0.423012 -0.213881 -0.144635 -0.11205 
1188
0 0 0 0 0 
6.46393 10.726 15.3313 11.3447 8.47866 
0.267559 0.150731 0.0768054 0.101551 0.839135 
1192
0 0 0 0 0 
5.47253 6.99002 10.8983 7.94645 15.9748 
0.274579 0.151282 0.102641 0.841963 0.0764623 
1188
1 1 1 1 1 
2.37459 9.90664 4.44423 12.4306 17.9243 
-0.416729 -0.144113 -0.207545 -0.106682 -0.0891654 
1192
1 1 1 1 1 
2.42809 5.9438 9.71555 13.7662 17.5009 
-0.418598 -0.208084 -0.148166 -0.107585 -0.0888156 
1196
1 1 1 1 
2.78896 5.73447 9.90913 11.6977 
-0.425132 -0.216441 -0.144901 -0.105705 
1196
0 0 0 0 0 
6.00718 9.94706 11.6703 20.2935 7.59717 
0.268464 0.152675 0.101025 0.0731955 0.841625 
1200
0 0 0 0 0 
5.7727 10.4848 15.6619 11.6761 7.83652 
0.27412 0.152695 0.0764787 0.100862 0.840747 
1200
1 1 1 1 
2.64488 6.98814 8.68121 14.1914 
-0.423532 -0.212645 -0.146857 -0.111918 
1204
1 1 1 1 1 
2.6719 6.52896 10.0616 13.3633 17.4071 
-0.421676 -0.206904 -0.145495 -0.112077 -0.0889347 
1208
1 1 1 1 
2.69108 6.00854 8.51506 11.2173 
-0.42333 -0.208949 -0.141536 -0.109793 
1208
0 0 0 0 0 
6.11533 7.25084 8.65474 12.8009 20.5527 
0.270574 0.154161 0.838102 0.0983777 0.0725274 
1212
0 0 0 0 0 0 
6.59272 2.49071 7.92776 11.1427 16.2163 8.64217 
0.266593 0.562432 0.149973 0.101884 0.0759608 0.839501 
1212
1 1 1 1 1 
2.70734 5.35839 10.0595 12.4658 17.4161 
-0.424065 -0.212141 -0.147584 -0.106245 -0.0893876 
1216
1 1 1 1 1 
2.80031 5.33023 9.73281 12.6164 17.5643 
-0.423878 -0.217124 -0.144464 -0.110884 -0.0891927 
1216
0 0 0 0 0 0 
2.77666 5.78929 7.32166 11.9968 8.07741 15.5855 
0.570906 0.271835 0.152725 0.102104 0.840453 0.0762441 
1220
0 0 0 0 0 0 
3.25653 6.43592 12.408 8.23479 8.29163 17.5229 
0.576578 0.263794 0.0998595 0.154365 0.840924 0.0742517 
1224
0 0 0 0 0 0 
3.25087 6.90183 9.86408 8.96402 12.171 18.9619 
0.574255 0.263995 0.155123 0.836902 0.100018 0.0730391 
1220
1 1 1 1 1 
2.58153 6.70826 10.8412 13.9233 19.1361 
-0.421933 -0.210023 -0.149884 -0.112195 -0.0894469 
1224
1 1 1 1 1 
2.84459 6.57297 9.4605 11.5158 18.742 
-0.420783 -0.213029 -0.143874 -0.109573 -0.0896304 
1228
0 0 0 0 0 0 
3.32261 5.84362 10.4826 7.91162 8.35113 16.0166 
0.575236 0.273138 0.1032 0.156359 0.83973 0.0757472 
1228
1 1 1 1 1 
2.44031 5.64494 8.30341 12.3287 17.486 
-0.422746 -0.208833 -0.145448 -0.111107 -0.0888508 
1236
1 1 1 1 1 
2.61942 10.3039 5.17696 12.5253 16.7066 
-0.422416 -0.149722 -0.20465 -0.111091 -0.0888699 
1236
0 0 0 0 0 0 
3.55326 6.50343 10.3737 11.5699 19.5971 8.48545 
0.564971 0.267437 0.152971 0.101514 0.0728358 0.83977 
1240
0 0 0 0 0 
2.98182 5.05021 6.80331 16.5542 11.2165 
0.580358 0.281912 0.153691 0.0754784 0.101688 
1244
0 0 0 0 0 
3.40419 5.31172 5.60295 11.4322 17.1756 
0.570172 0.280576 0.158795 0.100885 0.0749334 
1248
0 0 0 0 0 
3.46591 5.95888 11.3799 11.2855 20.4134 
0.568815 0.270123 0.149629 0.102 0.072505 
1252
0 0 0 0 0 
3.32345 5.8437 6.5818 11.4839 18.9279 
0.572751 0.271137 0.159575 0.102702 0.0741062 
1240
1 1 1 1 1 
2.1691 6.16157 10.2798 12.2101 18.2251 
-0.40755 -0.208281 -0.148833 -0.107056 -0.0893598 
1244
1 1 1 1 
2.56086 5.43883 10.1681 10.7713 
-0.420653 -0.210674 -0.14408 -0.114305 
1248
1 1 1 1 
2.53285 7.36566 9.23359 12.2992 
-0.419987 -0.213878 -0.14717 -0.107214 
1256
1 1 1 1 
2.63401 6.03422 11.0253 11.9233 
-0.421397 -0.208414 -0.148723 -0.110971 
1256
0 0 0 0 0 
3.28285 5.73582 6.09976 11.7478 16.3513 
0.577859 0.273185 0.15784 0.101821 0.0757322 
1260
0 0 0 0 0 
3.40424 6.06893 8.9057 11.0608 18.7512 
0.570161 0.269636 0.158376 0.10289 0.0737237 
1260
1 1 1 1 
2.64121 6.33359 9.01589 12.6238 
-0.429419 -0.216514 -0.147379 -0.106899 
1264
0 0 0 0 0 
3.14386 5.85446 10.4861 11.4703 18.5459 
0.581153 0.273512 0.152577 0.100345 0.0741565 
1272
0 0 0 0 0 
3.24423 5.92754 6.16 16.3603 11.7718 
0.576522 0.270576 0.159578 0.0760982 0.0999391 
1264
1 1 1 1 
2.69151 6.25368 9.0155 13.367 
-0.421029 -0.208248 -0.146827 -0.111784 
1268
1 1 1 1 1 
2.75285 5.99669 9.41316 13.7335 15.1306 
-0.42776 -0.208478 -0.148765 -0.11149 -0.0883057 
1272
1 1 1 1 
2.58456 5.63033 10.1332 12.4087 
-0.416558 -0.20665 -0.144293 -0.106713 
1276
0 0 0 0 0 
2.92931 5.73905 11.4577 9.17456 16.1548 
0.569875 0.272296 0.100506 0.156446 0.076138 
1276
1 1 1 1 
2.74223 5.58836 10.666 12.4236 
-0.425136 -0.207948 -0.148133 -0.111171 
1280
0 0 0 0 0 
5.58223 3.37365 7.84539 15.143 11.3545 
0.273328 0.571953 0.151017 0.0775534 0.102607 
1280
1 1 1 1 1 
2.47884 6.29753 9.46922 12.8161 17.557 
-0.418158 -0.213617 -0.147179 -0.1112 -0.0888328 
1284
0 0 0 0 0 
3.14798 5.60386 9.23558 11.7718 18.4754 
0.582257 0.273555 0.156895 0.101583 0.0733386 
1288
1 1 1 1 
2.55773 5.51903 10.8947 11.7719 
-0.419573 -0.208026 -0.14579 -0.105396 
1288
0 0 0 0 0 
3.09328 5.70667 10.8186 10.9992 16.5926 
0.581707 0.273867 0.151221 0.102018 0.0754539 
1292
0 0 0 0 0 
3.13172 5.27155 12.6805 6.80591 16.3601 
0.579431 0.275406 0.10004 0.153611 0.0757857 
1292
1 1 1 1 1 
2.66301 6.66522 9.51346 12.6706 17.587 
-0.422072 -0.20944 -0.142596 -0.111509 -0.0892253 
1296
0 0 0 0 0 
3.42078 5.23802 7.57628 11.519 19.2095 
0.568071 0.277047 0.151893 0.101244 0.0738676 
1296
1 1 1 1 
2.73709 5.89187 10.4169 13.4356 
-0.42279 -0.208619 -0.1457 -0.110956 
1300
0 0 0 0 0 
3.53859 5.78749 11.2282 11.5645 18.5676 
0.567664 0.271283 0.151001 0.101099 0.0737943 
1300
1 1 1 1 1 
2.70466 5.30606 9.87215 13.7376 19.2358 
-0.424132 -0.204019 -0.147726 -0.112007 -0.0891672 
1304
1 1 1 1 1 
2.69819 5.81836 10.861 12.7353 15.4787 
-0.421563 -0.204892 -0.144152 -0.11209 -0.0877718 
1308
0 0 0 0 0 
3.22986 6.3907 6.37449 11.628 20.5432 
0.574652 0.268636 0.156469 0.102248 0.072402 
1308
1 1 1 1 1 
2.78877 6.32379 9.22491 12.0546 14.997 
-0.422901 -0.216424 -0.147504 -0.106517 -0.0862156 
1312
0 0 0 0 0 
3.26578 5.80564 6.91128 12.4935 19.7912 
0.576198 0.270889 0.156266 0.100318 0.0733271 
1312
1 1 1 1 1 
2.67996 5.81547 11.4744 12.05 16.9216 
-0.42272 -0.216318 -0.15026 -0.110872 -0.0886124 
1316
0 0 0 0 0 0 
3.40337 5.7705 9.16922 11.8807 19.7868 8.13958 
0.569433 0.27196 0.157299 0.10084 0.0724599 0.840677 
1316
1 1 1 1 1 
2.71303 5.01633 9.89358 14.1619 17.58 
-0.421452 -0.203957 -0.148532 -0.112191 -0.088949 
1320
0 0 0 0 0 0 
3.26404 5.30423 10.7713 16.3967 12.2218 8.01114 
0.577088 0.277307 0.150727 0.0753265 0.100286 0.84153 
1324
0 0 0 0 0 0 
3.20944 5.77846 7.27467 11.4783 21.038 6.42543 
0.577032 0.274638 0.152471 0.102698 0.0722082 0.846429 
1324
1 1 1 1 1 
2.67761 5.79853 9.2271 12.9829 19.2604 
-0.418037 -0.207744 -0.14815 -0.106138 -0.0892914 
1328
0 0 0 0 0 0 
3.19597 5.05459 10.5678 11.6658 16.4452 7.80282 
0.575006 0.281518 0.151956 0.100336 0.0755306 0.842257 
1328
1 1 1 1 1 
2.79416 6.38484 10.9492 12.6662 17.585 
-0.424283 -0.209042 -0.145843 -0.11083 -0.0893382 
1332
0 0 0 0 0 0 
3.39367 6.40693 8.71374 16.2303 11.2768 7.69613 
0.570365 0.266962 0.159071 0.0761164 0.102629 0.84004 
1336
1 1 1 1 1 
2.74891 5.34389 11.1015 12.9428 18.0256 
-0.424627 -0.210654 -0.145949 -0.1113 -0.0893422 
1336
0 0 0 0 0 0 
3.33065 5.76017 10.4713 11.753 21.6506 7.90091 
0.566141 0.271681 0.151963 0.100948 0.0721491 0.840149 
1340
0 0 0 0 0 0 
3.59166 6.10687 9.32371 11.3603 19.5688 8.18992 
0.568682 0.270376 0.156947 0.101211 0.0732657 0.839947 
1340
1 1 1 1 1 
2.738 5.21305 9.75732 13.0033 17.2284 
-0.422917 -0.208576 -0.149285 -0.111351 -0.0889152 
1344
0 0 0 0 0 0 
3.26201 4.92385 15.8993 6.6554 11.5079 7.68006 
0.574391 0.282447 0.0767727 0.153776 0.101869 0.84129 
1344
1 1 1 1 1 
2.71812 6.09841 9.89068 13.1505 17.8932 
-0.423338 -0.209582 -0.148388 -0.111186 -0.0893965 
1348
1 1 1 1 1 
2.60653 6.29449 9.11415 10.7935 16.2545 
-0.420874 -0.213376 -0.147707 -0.104099 -0.0881398 
1348
0 0 0 0 0 0 
3.10597 5.09437 6.69847 12.2227 18.6047 7.4956 
0.580121 0.279895 0.155819 0.101483 0.0738746 0.840808 
1352
1 1 1 1 
2.58602 5.25466 9.89569 12.6727 
-0.42224 -0.204382 -0.145052 -0.106068 
1356
1 1 1 1 1 
2.84075 5.85304 9.90227 11.869 17.9109 
-0.424358 -0.207019 -0.145708 -0.106063 -0.08991 
1356
0 0 0 0 0 0 
3.117 5.71888 10.0626 11.6616 19.0155 8.06059 
0.581818 0.273161 0.160282 0.102402 0.0733159 0.840254 
1360
1 1 1 1 
2.52101 5.80066 10.1237 12.4983 
-0.420495 -0.207173 -0.145256 -0.110889 
1360
0 0 0 0 0 0 
3.50484 5.7047 9.73645 11.7626 16.1412 8.43061 
0.567699 0.273517 0.155908 0.101379 0.0764405 0.839844 
1364
0 0 0 0 0 0 
3.51856 5.59508 9.61133 8.08157 11.8692 18.7082 
0.566403 0.274669 0.156065 0.84023 0.100736 0.073389 
1368
1 1 1 1 1 
2.57814 6.15807 9.51579 12.0391 18.2756 
-0.420962 -0.2105 -0.148356 -0.105645 -0.0895867 
1372
1 1 1 1 
2.82238 6.71257 9.1267 12.6685 
-0.427493 -0.212648 -0.145868 -0.11097 
1368
0 0 0 0 0 0 
3.46461 5.60514 8.90813 11.8628 16.7304 7.48779 
0.568089 0.274284 0.157532 0.100973 0.0757318 0.841723 
1372
0 0 0 0 0 0 
3.03166 5.46893 9.76796 19.113 12.6302 7.37877 
0.567733 0.274494 0.154569 0.0730814 0.105124 0.842954 
1376
0 0 0 0 0 0 
3.21676 5.69659 11.0011 8.69623 7.87805 18.947 
0.56435 0.272684 0.103502 0.158557 0.841803 0.0735293 
1380
0 0 0 0 0 0 
3.38384 5.49397 14.5788 7.89458 10.6054 8.81985 
0.570317 0.276009 0.0779471 0.159921 0.104521 0.837758 
1376
1 1 1 1 
2.79248 5.98269 9.59489 14.1156 
-0.426485 -0.210162 -0.147794 -0.112278 
1384
1 1 1 1 1 
2.75369 5.60879 10.2973 13.2303 18.9344 
-0.423003 -0.206414 -0.144011 -0.111298 -0.0898869 
1384
0 0 0 0 0 0 
3.29088 5.43961 7.56085 11.2825 14.4208 8.14401 
0.575463 0.273276 0.161647 0.102864 0.0782699 0.840415 
1388
1 1 1 1 1 
2.72319 6.32176 9.27954 12.4733 18.6533 
-0.422389 -0.21022 -0.148123 -0.110585 -0.0893539 
1388
0 0 0 0 0 0 
2.98562 5.19793 9.51291 11.1584 18.204 8.29098 
0.56787 0.276821 0.154621 0.10361 0.074276 0.840013 
1392
0 0 0 0 0 0 
3.40305 5.63705 8.7259 15.9517 10.5294 7.37034 
0.571218 0.273043 0.15707 0.0761699 0.102865 0.843358 
1396
1 1 1 1 1 
2.69956 9.75612 6.18477 11.7674 17.3798 
-0.422758 -0.148449 -0.207813 -0.104958 -0.0887868 
1396
0 0 0 0 0 0 
3.20082 5.86251 9.56328 11.5381 8.06172 17.935 
0.562658 0.271673 0.154819 0.102038 0.8408 0.0743925 
1400
0 0 0 0 0 0 
3.65086 5.99267 13.0683 9.27941 10.6343 18.3069 
0.564604 0.270761 0.104883 0.155707 0.834885 0.0738115 
1400
1 1 1 1 
2.68028 6.70723 10.2606 11.5055 
-0.423819 -0.211003 -0.143637 -0.10539 
1404
1 1 1 1 1 
2.66645 5.63217 10.2217 12.6586 16.8233 
-0.422661 -0.210725 -0.150117 -0.111145 -0.0885239 
1404
0 0 0 0 0 0 
3.4453 5.93125 8.72615 8.09214 10.9507 20.9226 
0.571806 0.272845 0.158979 0.84129 0.103767 0.0721658 
1408
0 0 0 0 0 0 
3.26765 5.71326 11.7789 10.8366 11.6623 17.9021 
0.575337 0.272772 0.099912 0.157872 0.836677 0.0740876 
1408
1 1 1 1 1 
2.73032 6.33187 10.2529 11.8987 17.7274 
-0.421427 -0.208348 -0.148663 -0.11073 -0.0892433 
1412
1 1 1 1 1 
2.52379 6.23118 9.51116 12.9324 17.3716 
-0.419761 -0.208921 -0.14846 -0.111769 -0.0888195 
1416
1 1 1 1 1 
2.96206 5.54 9.26825 12.5566 16.7374 
-0.427865 -0.211895 -0.144248 -0.111854 -0.0882024 
1416
0 0 0 0 0 0 
3.29457 6.10442 9.17248 12.277 19.7669 11.5739 
0.575126 0.269231 0.154958 0.100225 0.0729225 0.841147 
1420
0 0 0 0 0 0 
3.22985 6.68593 8.89295 11.29 14.7576 8.3575 
0.57747 0.266859 0.15748 0.100716 0.0776016 0.838914 
1420
1 1 1 1 
2.81137 10.2552 5.27521 11.4639 
-0.424434 -0.148381 -0.213684 -0.105722 
1424
0 0 0 0 0 0 
3.33733 5.44895 10.414 9.17484 7.84375 19.0349 
0.5736 0.276741 0.102738 0.15561 0.840625 0.0732403 
1428
0 0 0 0 0 0 
3.60805 5.8681 8.66854 11.68 14.9281 10.2209 
0.566787 0.271745 0.156492 0.101177 0.077216 0.837894 
1428
1 1 1 1 
2.35484 6.06284 10.8102 12.644 
-0.418328 -0.216287 -0.150041 -0.11141 
1432
0 0 0 0 0 0 
3.0462 5.74586 9.89682 11.7621 19.0051 8.23857 
0.569666 0.272299 0.153571 0.101312 0.0733472 0.84148 
1432
1 1 1 1 
2.67088 5.55602 9.3145 13.4317 
-0.421068 -0.218168 -0.143388 -0.112239 
1436
0 0 0 0 0 0 
3.21735 5.37905 11.3082 8.29897 19.3351 10.6538 
0.566328 0.276979 0.100002 0.156227 0.0726517 0.842959 
1436
1 1 1 1 
2.54724 5.32855 9.89843 11.9309 
-0.421572 -0.204891 -0.147822 -0.106951 
1440
0 0 0 0 0 0 
3.36692 5.99592 9.16879 11.0383 18.7308 7.94633 
0.563519 0.273098 0.15688 0.10235 0.0736956 0.841217 
1444
0 0 0 0 0 0 
3.3083 5.43163 11.721 9.93267 10.4298 16.097 
0.575606 0.27742 0.102194 0.154802 0.836315 0.075714 
1444
1 1 1 1 
2.40426 6.00258 9.90096 14.2393 
-0.415374 -0.209106 -0.14908 -0.113615 
1448
0 0 0 0 0 0 
3.10964 5.90223 7.96283 12.339 10.0124 20.0998 
0.581694 0.269994 0.15928 0.100595 0.838044 0.0719545 
1448
1 1 1 1 
2.39042 5.77601 9.4698 12.1203 
-0.41815 -0.217484 -0.149296 -0.105722 
1452
0 0 0 0 0 0 
3.24884 6.45982 8.56553 17.5331 11.2705 10.5914 
0.575397 0.267926 0.16021 0.0746947 0.101708 0.843465 
1452
1 1 1 1 
2.63289 5.6173 9.36502 15.4429 
-0.420076 -0.20759 -0.142543 -0.112861 
1456
0 0 0 0 0 0 
3.36642 6.00772 10.0906 19.7026 11.2234 9.19505 
0.571284 0.272222 0.159708 0.0726639 0.10305 0.840571 
1460
1 1 1 1 
2.63308 5.7956 10.2708 11.1513 
-0.421166 -0.205482 -0.148816 -0.104471 
1460
0 0 0 0 0 0 
3.44398 6.50467 8.8986 17.5771 8.11698 12.1627 
0.566813 0.266937 0.157766 0.0748695 0.839069 0.0982544 
1464
1 1 1 1 
2.70689 6.46488 10.4548 13.3412 
-0.42299 -0.210855 -0.144877 -0.111101 
1468
1 1 1 1 
2.5826 6.11288 9.91055 14.1459 
-0.420455 -0.208977 -0.148352 -0.111485 
1464
0 0 0 0 0 0 
3.37522 5.72493 9.65267 10.4131 19.9722 9.26721 
0.572708 0.274211 0.154495 0.104107 0.0726825 0.836582 
1468
0 0 0 0 0 0 
3.08937 5.84226 9.76099 11.887 17.7962 10.3806 
0.574686 0.276783 0.15554 0.102575 0.0748033 0.838439 
1472
1 1 1 1 1 
2.4971 5.64425 10.5001 11.8131 16.7739 
-0.41554 -0.209422 -0.149419 -0.105473 -0.0886177 
1472
0 0 0 0 0 0 
3.46211 6.35124 9.40167 10.3738 21.0442 8.68251 
0.570539 0.268225 0.155629 0.103747 0.071822 0.840165 
1476
1 1 1 1 
2.73457 6.15152 9.81973 13.283 
-0.42161 -0.208914 -0.144518 -0.11194 
1480
1 1 1 1 
2.40054 6.42741 10.2682 12.6426 
-0.420724 -0.2136 -0.145856 -0.110902 
1480
0 0 0 0 0 0 
3.30578 5.5956 8.8294 10.9572 8.5503 18.1206 
0.573907 0.273898 0.157335 0.103 0.839122 0.0741263 
1484
0 0 0 0 0 0 
3.13114 5.75669 8.59299 11.0487 7.88027 18.7497 
0.577829 0.275298 0.158939 0.103257 0.840916 0.0736872 
1484
1 1 1 1 
2.66046 5.30762 9.23015 13.2615 
-0.42338 -0.205388 -0.147628 -0.112413 
1488
1 1 1 1 1 
2.42954 5.71807 9.74871 10.1734 18.0049 
-0.422009 -0.209143 -0.144849 -0.114888 -0.0890643 
1492
1 1 1 1 1 
2.57419 5.89721 11.5154 13.1906 18.2632 
-0.422357 -0.214344 -0.146872 -0.111505 -0.0895709 
1496
1 1 1 1 
2.67429 5.1664 10.3364 13.6439 
-0.421277 -0.206029 -0.144537 -0.112308 
1492
0 0 0 0 0 0 
3.49719 6.77967 8.90608 11.2375 18.6418 8.08888 
0.566747 0.264857 0.158153 0.101538 0.073438 0.841185 
1496
0 0 0 0 0 0 
3.56004 5.72891 8.61258 11.0525 17.284 10.0825 
0.565383 0.272225 0.15885 0.103647 0.074891 0.837778 
1500
1 1 1 1 1 
2.71719 5.52337 9.39185 12.4323 17.4745 
-0.422252 -0.20971 -0.146199 -0.114768 -0.0889797 
1500
0 0 0 0 0 0 
3.35253 5.23742 11.1575 9.94482 19.8846 9.34035 
0.575916 0.277195 0.102954 0.152899 0.0727509 0.837672 
1504
0 0 0 0 0 0 
3.53747 6.25016 8.72369 10.9206 9.01887 18.0535 
0.568432 0.268511 0.158418 0.102627 0.838253 0.0741936 
1508
0 0 0 0 0 0 
3.37596 6.81747 8.80175 12.135 19.8788 10.4276 
0.574764 0.265867 0.158229 0.106134 0.0731048 0.835045 
1508
1 1 1 1 
2.6008 5.56605 9.46058 11.1838 
-0.423248 -0.209627 -0.147687 -0.113841 
1512
1 1 1 1 1 
2.80344 6.05812 9.73837 10.7768 17.7809 
-0.426132 -0.207839 -0.144188 -0.113581 -0.0895098 
1512
0 0 0 0 0 0 
3.39176 6.02418 9.17736 11.5352 8.52542 19.7189 
0.572664 0.269094 0.15691 0.102471 0.841103 0.0734471 
1516
1 1 1 1 1 
2.55521 5.92587 10.0254 14.2184 17.9157 
-0.423752 -0.213562 -0.144861 -0.111843 -0.0896813 
1516
0 0 0 0 0 0 
3.52597 6.26718 11.0414 10.974 15.3015 8.38144 
0.567972 0.270453 0.150656 0.102123 0.0775949 0.836216 
1520
1 1 1 1 1 
2.37006 5.65554 9.43626 14.5351 17.4151 
-0.421057 -0.210707 -0.144134 -0.111679 -0.0885619 
1520
0 0 0 0 0 0 
3.41724 5.71306 8.78611 10.5233 18.6715 10.0721 
0.562168 0.273541 0.158181 0.103817 0.0727936 0.8371 
1524
0 0 0 0 0 0 
3.52718 6.10527 8.26973 18.5592 11.1499 9.36952 
0.568981 0.269882 0.159448 0.0739001 0.101832 0.83542 
1528
0 0 0 0 0 0 
3.51337 6.52024 12.9358 9.35421 16.6263 9.09006 
0.567509 0.267838 0.104963 0.156061 0.0755952 0.839327 
1528
1 1 1 1 1 
2.57312 9.68106 5.96476 11.5241 18.5577 
-0.422381 -0.147116 -0.209461 -0.105252 -0.0898133 
1532
0 0 0 0 0 0 
3.23736 5.41925 11.4291 9.35531 15.61 8.86494 
0.575295 0.276947 0.102159 0.15582 0.0762471 0.839611 
1532
1 1 1 1 1 
2.73489 5.59752 9.95629 10.7921 17.744 
-0.422092 -0.209185 -0.148932 -0.115755 -0.0890982 
1536
1 1 1 1 1 
2.47219 6.43145 9.67535 12.7118 18.3979 
-0.418779 -0.206906 -0.14323 -0.110786 -0.0901235 
1536
0 0 0 0 0 0 1 
2.9079 6.03459 8.34978 11.0108 19.1332 9.56094 15.3472 
0.585313 0.271648 0.159744 0.102861 0.0732822 0.837065 0.887671 
1540
0 0 0 0 0 0 
3.51436 6.29459 9.69996 18.8097 11.2776 8.68444 
0.567289 0.268166 0.153785 0.0732935 0.10332 0.839449 
1544
0 0 0 0 0 0 
3.26746 5.57983 10.4229 15.3551 12.3127 9.54087 
0.575175 0.276721 0.151643 0.0771498 0.106053 0.83356 
1540
1 1 1 1 1 
2.53458 5.65196 9.99191 10.9821 17.2995 
-0.417832 -0.210323 -0.149011 -0.104467 -0.0884793 
1548
1 1 1 1 1 
2.69064 5.31906 9.59836 12.5794 18.1309 
-0.42848 -0.218337 -0.143919 -0.111345 -0.0895563 
1552
0 0 0 0 0 0 
3.03457 6.01941 9.01332 18.2543 11.2561 8.96268 
0.576766 0.271807 0.15684 0.0735505 0.102154 0.838317 
1556
0 0 0 0 0 0 
3.53463 4.68943 9.45977 12.0083 18.9495 7.54864 
0.567762 0.284255 0.15585 0.106634 0.072768 0.841915 
1560
0 0 0 0 0 0 
6.01533 3.49779 18.1579 12.8361 10.1613 9.91258 
0.269155 0.56745 0.0738933 0.104196 0.156805 0.833762 
1564
0 0 0 0 0 0 
5.88379 3.52487 9.58357 11.3179 17.2966 8.65235 
0.270691 0.567739 0.155513 0.102074 0.0744674 0.838494 
1552
1 1 1 1 1 
2.70558 5.6934 9.93458 12.0958 17.2082 
-0.423962 -0.210384 -0.148331 -0.110502 -0.0889923 
1556
1 1 1 1 1 
2.38869 6.04306 9.97673 13.9244 17.8183 
-0.420414 -0.215948 -0.14956 -0.112639 -0.0892626 
1560
1 1 1 1 1 
2.73942 9.77082 5.33003 12.1994 17.2828 
-0.42392 -0.147557 -0.210926 -0.106897 -0.0890186 
1568
0 0 0 0 0 0 
5.49124 3.04681 12.1109 8.82622 18.7442 9.17667 
0.277146 0.579168 0.105254 0.157417 0.0731859 0.839057 
1568
1 1 1 1 1 
2.54662 6.71136 9.77496 11.4106 18.1617 
-0.420907 -0.215353 -0.146623 -0.105884 -0.0890338 
1572
1 1 1 1 1 
2.62954 6.42582 11.5814 13.2765 17.258 
-0.422838 -0.211033 -0.150478 -0.111552 -0.0897302 
1572
0 0 0 0 0 0 
5.4495 3.41302 8.61358 13.0677 18.9303 8.08291 
0.275899 0.56816 0.159111 0.104394 0.0725997 0.842297 
1576
0 0 0 0 0 0 
5.7292 3.03373 9.86377 15.8882 11.7865 8.49628 
0.272922 0.573958 0.158442 0.0762211 0.106659 0.840748 
1576
1 1 1 1 1 
2.27358 6.33936 8.4458 11.0533 18.1821 
-0.417696 -0.209841 -0.141518 -0.105703 -0.0895855 
1580
0 0 0 0 0 0 
5.7835 3.43753 9.46541 12.3652 16.6708 8.36006 
0.271417 0.566748 0.155167 0.10529 0.0751976 0.840145 
1584
0 0 0 0 0 0 
3.43196 5.9415 12.195 9.36285 18.4185 10.4464 
0.57005 0.270472 0.105849 0.155814 0.0732545 0.836647 
1580
1 1 1 1 
2.54674 5.63284 9.17091 11.9681 
-0.420857 -0.207003 -0.143763 -0.10609 
1588
1 1 1 1 1 
2.74684 5.98005 10.7681 10.8441 18.1209 
-0.42671 -0.208097 -0.149581 -0.113374 -0.0890724 
1588
0 0 0 0 0 0 
3.35159 5.85175 10.449 12.2778 17.3419 10.3226 
0.561927 0.271419 0.152284 0.100642 0.0745817 0.836667 
1592
0 0 0 0 0 0 
6.12698 3.27127 8.58152 11.5384 18.379 7.32116 
0.270032 0.564915 0.15813 0.102215 0.0733557 0.843148 
1592
1 1 1 1 1 
2.6652 4.88774 9.85225 11.9945 17.6867 
-0.42283 -0.203727 -0.149163 -0.106175 -0.0888422 
1596
0 0 0 0 0 0 
5.68393 3.52869 8.52765 18.0748 12.7407 8.13489 
0.272486 0.565853 0.158717 0.0737629 0.104638 0.843645 
1600
0 0 0 0 0 0 
6.34215 2.94126 8.06853 10.9633 18.9674 8.06929 
0.26805 0.580753 0.159841 0.102008 0.0739859 0.840602 
1600
1 1 1 1 
2.75645 5.71073 9.57381 11.3092 
-0.422627 -0.209303 -0.147981 -0.11433 
1604
1 1 1 1 1 
2.48702 5.58096 9.55801 11.4038 17.0772 
-0.419742 -0.207413 -0.144258 -0.106583 -0.088766 
1604
0 0 0 0 0 0 
2.89164 6.68642 9.89445 13.1365 17.6502 10.4173 
0.575023 0.265032 0.15341 0.104006 0.0741233 0.835149 
1608
1 1 1 1 
2.62802 6.00799 9.33189 12.7605 
-0.421985 -0.211664 -0.143226 -0.10619 
1608
0 0 0 0 0 0 
3.40289 5.24262 9.20168 11.3425 14.6084 8.63012 
0.556536 0.278804 0.156622 0.103044 0.0776806 0.840368 
1612
1 1 1 1 
2.67514 9.26052 5.89786 13.1041 
-0.420522 -0.144071 -0.211324 -0.111233 
1612
0 0 0 0 0 0 
3.37166 5.7929 9.21962 19.9801 12.9621 8.5545 
0.569867 0.274869 0.154168 0.0723091 0.105016 0.839203 
1616
0 0 0 0 0 0 
3.46674 5.69416 8.76242 9.662 11.3078 18.3253 
0.568541 0.273181 0.842264 0.159791 0.1014 0.0740431 
1620
0 0 0 0 0 0 
3.41488 6.06053 8.7524 11.9131 18.744 10.1384 
0.555963 0.268651 0.158624 0.106658 0.0735056 0.838812 
1620
1 1 1 1 
2.77493 5.80144 9.70637 13.2106 
-0.424647 -0.207187 -0.150845 -0.112304 
1624
1 1 1 1 1 
2.51675 6.07865 10.1287 13.3759 17.2336 
-0.416891 -0.20941 -0.14358 -0.111722 -0.0889266 
1628
0 0 0 0 0 0 
3.4427 6.17488 8.26586 12.5231 18.4626 8.00857 
0.571135 0.269161 0.158198 0.105496 0.0736955 0.841518 
1628
1 1 1 1 1 
2.54877 6.30798 9.00268 11.141 17.6174 
-0.421416 -0.20921 -0.146698 -0.105492 -0.0889844 
1632
0 0 0 0 0 
3.20085 6.10073 7.16274 12.7258 17.9324 
0.575955 0.270888 0.153206 0.0995649 0.0742044 
1632
1 1 1 1 
2.77541 6.4051 9.51163 13.5985 
-0.423134 -0.210485 -0.148008 -0.111842 
1636
1 1 1 1 1 
2.80465 5.9164 9.37514 14.4315 17.3041 
-0.422331 -0.206029 -0.14336 -0.112275 -0.0889773 
1636
0 0 0 0 0 
3.28052 5.0637 9.81019 15.4005 11.8894 
0.574984 0.279595 0.153737 0.0768425 0.101283 
1640
1 1 1 1 
2.61911 4.81863 10.8487 12.5865 
-0.421842 -0.201309 -0.146374 -0.105958 
1640
0 0 0 0 0 0 
3.17935 5.82887 8.4193 11.3995 19.8635 9.06153 
0.579847 0.272339 0.15755 0.102538 0.0727092 0.840084 
1644
0 0 0 0 0 0 
3.66086 5.48729 10.029 11.5474 18.6568 8.31404 
0.553734 0.275273 0.152775 0.102452 0.0734419 0.841326 
1648
0 0 0 0 0 0 
3.42378 5.08083 8.83539 12.6388 19.4331 8.71499 
0.573533 0.277206 0.157871 0.10483 0.0726253 0.840414 
1652
0 0 0 0 0 
3.49173 6.16323 6.60747 11.5502 18.8347 
0.56078 0.270434 0.157125 0.103086 0.0729622 
1648
1 1 1 1 1 
2.55791 5.439 10.4458 12.9987 17.1142 
-0.421636 -0.210781 -0.146352 -0.112162 -0.0887983 
1656
0 0 0 0 0 
3.10861 5.33327 9.8368 13.3381 18.0008 
0.576121 0.275046 0.152061 0.103079 0.0738765 
1656
1 1 1 1 1 
2.62129 5.88074 8.8893 12.2563 15.0999 
-0.420295 -0.204793 -0.148143 -0.111079 -0.0880819 
1660
0 0 0 0 0 
3.31737 5.77827 9.56033 11.6169 16.4344 
0.571905 0.271986 0.154534 0.102241 0.0749494 
1664
0 0 0 0 0 0 
3.22659 12.4669 6.27232 9.3447 15.7732 9.96264 
0.565294 0.105357 0.267771 0.156501 0.0765632 0.841243 
1660
1 1 1 1 
2.58955 5.71799 11.2891 13.6654 
-0.42091 -0.206292 -0.145655 -0.111409 
1664
1 1 1 1 1 
2.61169 5.43086 9.93385 11.3405 17.3415 
-0.418569 -0.211667 -0.149751 -0.105266 -0.0889651 
1668
0 0 0 0 0 0 
3.37741 6.33543 9.96405 11.582 18.6919 10.79 
0.573712 0.26373 0.153631 0.106255 0.0738222 0.836253 
1672
0 0 0 0 0 0 
3.37883 11.8484 9.6803 8.06084 16.2548 10.2323 
0.563236 0.101532 0.156199 0.254787 0.0755348 0.835894 
1668
1 1 1 1 
2.62627 5.48128 9.87767 13.474 
-0.420818 -0.211343 -0.14974 -0.111649 
1676
1 1 1 1 
2.62374 5.54108 9.64653 12.9207 
-0.422668 -0.211243 -0.147221 -0.111526 
1676
0 0 0 0 0 
3.33179 9.84387 16.1504 13.066 8.73105 
0.563695 0.154364 0.0759884 0.103343 0.839304 
1680
1 1 1 1 
2.88837 6.88347 10.1182 12.7859 
-0.426713 -0.213839 -0.144321 -0.111431 
1680
0 0 0 0 0 
3.22964 10.4957 18.3953 12.9183 9.36794 
0.568425 0.151071 0.0733193 0.105028 0.8376 
1684
1 1 1 1 1 
2.55164 6.24526 11.3553 11.1993 18.0389 
-0.421034 -0.215846 -0.149631 -0.109427 -0.0895856 
1688
0 0 0 0 
3.46621 12.5822 9.46733 17.9173 
0.559814 0.105486 0.15512 0.0739535 
1692
0 0 0 0 0 
3.10467 11.4586 11.3986 17.9045 9.20152 
0.56472 0.149757 0.100481 0.0737115 0.839177 
1688
1 1 1 1 1 
2.66039 9.93982 5.32044 13.4813 16.2564 
-0.421834 -0.149105 -0.214263 -0.112222 -0.088457 
1692
1 1 1 1 
2.3844 6.56625 9.36869 13.2211 
-0.418922 -0.213165 -0.148019 -0.111424 
1696
1 1 1 1 1 
2.63488 6.63545 10.1844 10.4605 18.436 
-0.422196 -0.21128 -0.143741 -0.115163 -0.0892297 
1696
0 0 0 0 0 
3.21667 10.0333 19.5193 10.9528 8.42252 
0.568875 0.153998 0.072572 0.103167 0.840468 
1700
0 0 0 0 0 
3.19901 7.54031 18.7967 12.6637 9.73571 
0.576656 0.161862 0.0730463 0.105327 0.838661 
1704
1 1 1 1 1 
2.70761 5.43975 9.76559 13.6825 17.6449 
-0.422314 -0.205504 -0.148497 -0.112508 -0.0888684 
1704
0 0 0 0 0 
3.23303 9.60098 11.2 15.6273 8.61496 
0.566727 0.153257 0.103272 0.0758954 0.839846 
1708
0 0 0 0 0 
3.66456 12.7212 10.9708 15.2234 8.4374 
0.557219 0.105132 0.154516 0.0766211 0.840516 
1708
1 1 1 1 1 
2.54204 6.39835 9.40049 12.7837 18.088 
-0.42221 -0.21041 -0.144142 -0.111365 -0.0890294 
1712
1 1 1 1 1 
2.47271 5.98296 10.5527 13.4722 17.0009 
-0.422557 -0.208796 -0.146001 -0.111808 -0.0886634 
1712
0 0 0 0 
3.39717 12.5082 15.781 10.2383 
0.562321 0.105528 0.0762889 0.836706 
1716
1 1 1 1 1 
2.5879 6.01943 10.3852 11.4516 18.2848 
-0.42519 -0.20754 -0.14953 -0.10968 -0.0891936 
1716
0 0 0 0 
3.26503 18.5483 12.012 9.782 
0.564716 0.0730999 0.106818 0.838481 
1720
0 0 0 0 
3.02621 19.1927 13.0961 10.1522 
0.578694 0.0732256 0.0999014 0.838071 
1720
1 1 1 1 1 
2.60502 6.29257 10.3251 14.0003 17.4997 
-0.422674 -0.209332 -0.145561 -0.111818 -0.088485 
1724
1 1 1 1 1 
2.63866 6.4065 9.77354 12.7091 17.4664 
-0.422232 -0.210198 -0.144249 -0.106651 -0.0890109 
1728
1 1 1 1 1 
2.22099 6.03636 8.45241 11.786 16.9078 
-0.414434 -0.206797 -0.146304 -0.111338 -0.0887029 
1732
1 1 1 1 1 
2.58322 5.07534 9.41534 12.8857 16.0772 
-0.421385 -0.20712 -0.142795 -0.111183 -0.0883348 
1728
0 0 
3.54017 9.72191 
0.560149 0.836818 
1732
0 0 0 
3.57308 6.71448 8.04204 
0.557465 0.272409 0.840396 
1736
1 1 1 1 1 
2.77671 5.27831 9.74777 12.8558 18.1373 
-0.420837 -0.204169 -0.144121 -0.108384 -0.089186 
1740
1 1 1 1 1 
2.88304 4.88364 9.81177 13.0268 16.206 
-0.430697 -0.20603 -0.147451 -0.111821 -0.0882197 
1744
1 1 1 1 1 
2.61772 5.97097 9.7331 13.6351 15.7057 
-0.422007 -0.206464 -0.142976 -0.111577 -0.0881141 
1740
0 0 0 
3.34214 5.55215 10.6778 
0.562383 0.275611 0.837506 
1744
0 0 0 
3.18993 6.06814 8.18357 
0.565481 0.271725 0.83932 
1748
1 1 1 1 1 
2.55994 6.78661 9.5779 13.6992 18.2518 
-0.42178 -0.213045 -0.143384 -0.112081 -0.0893089 
1748
0 0 0 
3.48881 5.04461 11.7619 
0.557129 0.27914 0.832936 
1752
0 0 0 0 
3.45747 4.96536 8.57109 8.66902 
0.562852 0.286068 0.154467 0.838938 
1752
1 1 1 1 1 
2.61885 6.70418 10.5395 13.1245 15.5117 
-0.422712 -0.209604 -0.145384 -0.111948 -0.0880266 
1756
1 1 1 1 
2.42872 6.43049 10.0221 14.1813 
-0.420744 -0.210278 -0.146668 -0.111797 
1760
1 1 1 1 1 
2.59349 5.91024 9.08507 12.2907 17.4189 
-0.421343 -0.208287 -0.143275 -0.106937 -0.088737 
1764
1 1 1 1 1 
2.85595 5.31276 9.23427 12.648 16.043 
-0.425636 -0.207647 -0.142921 -0.111019 -0.0883448 
1768
1 1 1 1 1 
2.81354 6.07654 10.1255 12.8366 17.8836 
-0.427921 -0.206543 -0.149355 -0.111238 -0.088962 
1760
0 0 0 0 
3.30043 6.53668 7.79976 10.1238 
0.56013 0.268172 0.156858 0.836574 
1764
0 0 0 0 0 
3.41738 6.61442 7.63556 13.4755 8.80304 
0.561775 0.266987 0.161534 0.1045 0.841117 
1768
0 0 0 0 0 0 
3.37059 6.29566 9.48523 10.8888 10.4036 17.6451 
0.569343 0.268555 0.160213 0.102661 0.835262 0.0747092 
1772
0 0 0 0 0 0 
3.48977 5.54072 9.60937 10.0478 14.759 10.9691 
0.557094 0.27496 0.15402 0.104311 0.077676 0.836026 
1776
0 0 0 0 0 0 
3.47485 5.35833 10.2031 12.159 15.4286 8.32755 
0.557919 0.275107 0.152366 0.10115 0.0765676 0.840515 
1776
1 1 1 1 
2.47149 5.85055 9.33294 11.7971 
-0.423963 -0.211273 -0.144028 -0.105912 
1780
1 1 1 1 
2.73764 6.49033 10.8273 11.9562 
-0.419465 -0.21294 -0.149486 -0.106761 
1780
0 0 0 0 0 0 
3.26358 6.80691 10.4061 8.73769 21.1267 10.8756 
0.56564 0.263034 0.1023 0.156309 0.0714287 0.834276 
1784
0 0 0 0 0 0 
3.1347 6.19606 9.1208 10.9977 14.8839 8.24026 
0.568569 0.269385 0.160448 0.102696 0.0768004 0.841429 
1784
1 1 1 1 
2.52885 5.3359 8.35003 12.7548 
-0.420161 -0.210959 -0.146126 -0.111556 
1788
1 1 1 1 
2.82548 5.57022 11.0562 13.7921 
-0.429394 -0.215499 -0.149861 -0.111937 
1792
0 0 0 0 0 0 
3.44379 5.93648 7.706 19.4907 12.4655 8.05962 
0.569345 0.271209 0.161766 0.0725342 0.106088 0.841639 
1792
1 1 1 1 
2.72377 6.42863 10.8717 13.0039 
-0.421773 -0.209961 -0.145909 -0.111551 
1796
1 1 1 
2.6953 5.78228 11.0768 
-0.420624 -0.212258 -0.150323 
1796
0 0 0 0 0 0 
3.44039 5.20868 9.79691 10.5506 14.8067 7.86528 
0.563424 0.281738 0.153566 0.104008 0.0776353 0.840926 
1800
0 0 0 0 0 0 
3.41254 6.6497 9.4506 18.9874 11.2314 8.19092 
0.560235 0.26692 0.156949 0.0730979 0.10125 0.841438 
1800
1 1 
2.62987 5.90446 
-0.421346 -0.210157 
1804
1 1 
2.77443 5.69602 
-0.424327 -0.221519 
1804
0 0 0 0 0 0 
3.79521 5.90645 8.39793 18.0991 12.2861 7.84722 
0.552593 0.270664 0.158911 0.0736253 0.105754 0.84102 
1808
0 0 0 0 0 0 
3.14748 5.45913 9.96865 11.9317 18.5287 8.3 
0.570966 0.279106 0.153966 0.106677 0.0737437 0.838449 
1812
0 0 0 0 0 0 
3.74199 5.43874 9.18347 10.7787 17.1136 9.32383 
0.553692 0.279253 0.156622 0.102932 0.0745838 0.848191 
1812
1 
2.59453 
-0.424769 
1816
1 
2.57472 
-0.422684 
1816
0 0 0 0 0 0 
3.28997 6.3985 9.65385 12.2064 19.2786 8.09212 
0.573893 0.267948 0.154945 0.106498 0.0736613 0.840275 
1820
0 0 0 0 0 0 
2.90448 6.03948 9.20223 10.8776 17.3357 8.65823 
0.569591 0.27142 0.158333 0.103353 0.0752071 0.83992 
1820
1 1 1 
2.81168 15.1484 14.3067 
-0.426001 -0.087841 -0.108752 
1824
0 0 0 0 0 0 
3.36191 5.88633 9.35639 15.0963 10.6158 8.08314 
0.564264 0.277449 0.156121 0.0773865 0.103523 0.840616 
1824
1 1 1 
2.72835 13.4775 16.7822 
-0.421987 -0.112406 -0.0882775 
1828
1 1 1 1 
2.21167 9.13838 12.6339 14.4632 
-0.41331 -0.14677 -0.110703 -0.0871822 
1832
0 0 0 0 0 0 
3.22859 6.03839 8.34717 10.357 19.1109 7.02151 
0.578161 0.269981 0.159813 0.103119 0.0732642 0.845529 
1832
1 1 1 1 
2.5917 10.5799 12.9804 16.2896 
-0.420337 -0.14989 -0.111776 -0.0884438 
1836
0 0 0 0 0 0 
3.38606 6.12496 9.31835 11.1073 16.9064 8.84116 
0.569005 0.269648 0.156671 0.102309 0.0747257 0.83893 
1836
1 1 1 1 
2.55234 5.93412 8.67512 15.1902 
-0.42104 -0.211689 -0.147027 -0.113245 
1840
0 0 0 0 0 0 
3.16046 5.94123 8.14404 11.8678 14.9976 8.48952 
0.569948 0.273188 0.160072 0.106653 0.0772675 0.839047 
1844
1 1 1 1 1 
5.8739 3.03395 8.95392 11.6101 15.9297 
-0.216444 -0.443588 -0.148159 -0.110572 -0.0879134 
1844
0 0 0 0 0 0 
3.62818 6.58504 8.47483 10.6609 18.0799 8.03758 
0.556912 0.266992 0.157631 0.102594 0.0741329 0.843252 
1848
0 0 0 0 0 0 
3.44273 6.82273 9.0259 12.4906 16.6594 8.26799 
0.555697 0.264758 0.156637 0.105561 0.0751313 0.840505 
1848
1 1 1 1 
5.83559 9.92261 12.9447 18.8075 
-0.206062 -0.14571 -0.111289 -0.0895551 
1852
0 0 0 0 0 0 
3.30362 6.67573 8.07849 18.3086 12.0919 7.1025 
0.56141 0.26637 0.160324 0.07344 0.101214 0.848245 
1852
1 1 1 1 1 
6.04824 2.62164 9.23648 12.5325 17.7946 
-0.208477 -0.431946 -0.143408 -0.111173 -0.0889262 
1856
1 1 1 1 
5.29769 2.66631 9.51797 11.3158 
-0.206992 -0.419097 -0.143802 -0.105401 
1860
0 0 0 0 0 0 
3.46081 5.89735 7.98525 15.9047 10.3893 11.098 
0.570257 0.2695 0.161093 0.0760557 0.103923 0.842564 
1860
1 1 1 1 1 
2.65267 5.855 9.86659 12.9042 17.84 
-0.425492 -0.212684 -0.145022 -0.111723 -0.0894172 
1864
1 1 1 
5.95104 10.386 12.3961 
-0.21105 -0.143751 -0.106333 
1864
0 0 0 0 0 0 
3.20211 5.98005 8.57419 15.9798 10.7389 7.50489 
0.563802 0.271463 0.159723 0.0758607 0.102488 0.843005 
1868
1 1 1 1 
6.25517 10.5557 13.7278 15.1731 
-0.208707 -0.145352 -0.112491 -0.0874053 
1868
0 0 0 0 0 0 
3.50625 6.44717 9.02436 14.8576 15.0091 8.07201 
0.561703 0.268189 0.158158 0.102471 0.0775692 0.839973 
1872
1 1 1 1 1 
5.92216 10.4943 10.9918 2.36879 16.2532 
-0.207675 -0.144837 -0.109256 -0.436442 -0.0878533 
1876
1 1 1 1 1 
2.56017 5.83011 9.62024 12.7332 17.1059 
-0.418455 -0.211393 -0.143511 -0.10648 -0.0888844 
1876
0 0 0 0 0 0 
3.51791 5.76447 10.0916 9.1695 20.3138 7.57994 
0.557219 0.272691 0.152257 0.104194 0.0718417 0.842106 
1880
0 0 0 0 0 0 
3.28576 5.71189 9.63891 14.979 12.1711 7.33927 
0.573978 0.276461 0.154388 0.0772034 0.102026 0.84294 
1880
1 1 1 1 1 
2.59132 5.63228 9.16119 12.2697 17.7734 
-0.4204 -0.207396 -0.14688 -0.106467 -0.0891084 
1884
0 0 0 0 0 0 
3.07374 6.46797 8.48791 20.9867 10.3759 8.47343 
0.582603 0.266048 0.159443 0.0725663 0.102086 0.840077 
1888
0 0 0 0 0 0 
3.33591 5.5584 7.9618 12.475 14.6312 7.77938 
0.567463 0.272994 0.161707 0.101132 0.0778473 0.841469 
1884
1 1 1 1 
2.67661 5.29728 10.736 13.2789 
-0.422324 -0.210361 -0.144237 -0.111425 
1892
1 1 1 1 1 
2.90584 5.76483 8.98738 13.5799 17.5729 
-0.425829 -0.207705 -0.14723 -0.111886 -0.0886063 
1892
0 0 0 0 0 0 
3.46445 6.62058 8.53172 18.4491 9.95697 7.38682 
0.560184 0.267339 0.159978 0.07383 0.105031 0.841191 
1896
1 1 1 1 1 
2.63489 5.95724 9.77355 12.8002 17.7761 
-0.418709 -0.208217 -0.148178 -0.106663 -0.0891794 
1896
0 0 0 0 0 0 
3.4139 6.64486 9.31002 14.8842 10.3716 7.98076 
0.561512 0.266489 0.156589 0.077225 0.104964 0.841619 
1900
1 1 1 1 1 
2.58405 5.02726 9.37381 11.2682 17.3777 
-0.421182 -0.209771 -0.142908 -0.109579 -0.0884106 
1900
0 0 0 0 0 0 
3.4652 6.4746 10.4936 10.3115 17.8304 7.88324 
0.570335 0.268577 0.152258 0.103102 0.0738574 0.84133 
1904
1 1 1 1 1 
2.92814 5.83556 10.2114 11.9764 16.7967 
-0.424096 -0.207717 -0.143486 -0.110897 -0.088122 
1908
1 1 1 1 1 
2.52887 5.78621 8.64121 10.9219 16.6169 
-0.421125 -0.20657 -0.146813 -0.114176 -0.0885261 
1908
0 0 0 0 0 0 
3.73497 6.25314 8.92446 11.6765 17.152 8.5305 
0.554113 0.271933 0.1573 0.102824 0.0747164 0.840355 
1912
1 1 1 1 1 
2.6234 5.59049 10.8129 12.9386 17.7123 
-0.424699 -0.211099 -0.145664 -0.111217 -0.0886303 
1912
0 0 0 0 0 0 
3.17068 6.03519 9.45305 10.0201 14.9937 7.30484 
0.578442 0.272099 0.156395 0.10481 0.0774592 0.843178 
1916
1 1 1 1 1 
2.82681 10.159 6.60773 18.8136 13.0113 
-0.423802 -0.145539 -0.2093 -0.0895131 -0.107695 
1920
1 1 1 1 1 
2.57487 5.11467 10.1866 14.1811 18.0856 
-0.421398 -0.203445 -0.148747 -0.112636 -0.0889526 
1916
0 0 0 0 0 0 
3.62085 6.06416 8.8861 15.1932 10.1272 10.4903 
0.556711 0.272411 0.158772 0.0765959 0.104414 0.842951 
1920
0 0 0 0 0 0 
3.14728 5.9287 10.1605 9.98809 16.9208 9.73804 
0.58194 0.270956 0.153883 0.104165 0.0745165 0.845866 
1924
1 1 1 1 1 
2.56082 6.67292 10.2829 12.0006 18.6372 
-0.421552 -0.210299 -0.144305 -0.105866 -0.0901572 
1928
0 0 0 0 0 0 
3.45099 5.61936 10.1638 13.6149 10.4432 8.21687 
0.570817 0.274971 0.148978 0.0783117 0.103735 0.840787 
1928
1 1 1 1 1 
2.71342 6.63807 10.24 10.1923 17.368 
-0.420571 -0.214769 -0.145277 -0.114386 -0.0887576 
1932
0 0 0 0 0 0 
3.34193 6.08546 8.6397 10.9767 19.0732 7.06418 
0.563143 0.271191 0.158149 0.102655 0.0734783 0.842808 
1936
0 0 0 0 0 0 
3.27982 6.46478 7.99309 17.1164 10.6017 7.41478 
0.569661 0.267965 0.160919 0.0745415 0.104165 0.843215 
1936
1 1 1 1 1 
2.64869 5.55337 9.82579 14.9076 17.9034 
-0.428613 -0.207811 -0.142942 -0.112749 -0.0891865 
1940
1 1 1 1 1 
2.51254 5.58452 9.91989 12.3835 17.5229 
-0.42048 -0.209644 -0.14378 -0.110311 -0.0886228 
1940
0 0 0 0 0 0 
3.42382 6.19479 9.55538 14.7326 9.23736 7.49816 
0.572748 0.270097 0.156055 0.0774235 0.10399 0.842965 
1944
0 0 0 0 0 0 
3.22968 6.91542 6.03665 17.3821 11.4936 8.12359 
0.568481 0.26433 0.158217 0.0751027 0.102832 0.84025 
1944
1 1 1 1 1 
2.65786 9.98042 6.44476 11.7892 14.8957 
-0.42255 -0.143801 -0.207949 -0.105111 -0.0875911 
1948
0 0 0 0 0 0 
3.66428 5.53343 8.87855 16.4536 10.4622 7.72136 
0.556333 0.274232 0.157813 0.0751605 0.102059 0.840407 
1948
1 1 1 1 1 
2.56943 5.80599 11.4109 12.1061 18.5338 
-0.422221 -0.210023 -0.150454 -0.10476 -0.0895099 
1952
0 0 0 0 0 0 
3.50295 6.14276 8.06323 19.5793 10.793 7.61415 
0.567985 0.270851 0.161875 0.0730911 0.102618 0.841918 
1956
0 0 0 0 0 0 
3.38455 6.57034 7.89415 10.4373 15.4774 8.62107 
0.564991 0.268595 0.161824 0.103701 0.0764246 0.839259 
1956
1 1 1 1 1 
2.81545 10.636 5.6591 14.5879 18.8722 
-0.425239 -0.144419 -0.207719 -0.112548 -0.0895363 
1960
1 1 1 1 1 
2.53465 5.81274 9.41894 13.3861 14.4059 
-0.421071 -0.205426 -0.14806 -0.112062 -0.0868887 
1964
1 1 1 1 1 
2.69603 9.89532 5.59957 12.7409 17.4784 
-0.420764 -0.14399 -0.206514 -0.11168 -0.0892813 
1964
0 0 0 0 0 0 
3.69591 5.19047 8.91191 14.1695 9.92842 6.95594 
0.555579 0.278273 0.158495 0.0787941 0.104483 0.844537 
1968
0 0 0 0 0 0 
3.31351 6.18913 9.49871 7.59998 9.53754 17.0529 
0.566159 0.269962 0.155913 0.841488 0.105345 0.0752706 
1972
0 0 0 0 0 0 
3.33175 5.59521 8.21386 18.5058 8.98324 7.35406 
0.56575 0.276798 0.160452 0.0735096 0.104919 0.844213 
1968
1 1 1 1 1 
2.58488 5.51603 10.3685 13.1631 17.3702 
-0.419968 -0.205052 -0.144427 -0.111562 -0.0888888 
1972
1 1 1 1 1 
2.81671 10.0187 6.48292 11.3153 17.4691 
-0.423663 -0.148141 -0.210048 -0.105699 -0.0888241 
1976
0 0 0 0 0 0 
3.49647 6.23878 8.76034 10.4245 17.6941 7.24346 
0.569409 0.269472 0.154377 0.102786 0.0741137 0.843817 
1980
1 1 1 1 1 
2.76397 5.52246 9.7932 17.5512 13.6799 
-0.423608 -0.208377 -0.145255 -0.0888286 -0.112129 
1980
0 0 0 0 0 0 
3.49932 6.73037 9.31632 10.6551 15.1826 7.43622 
0.56174 0.26592 0.157211 0.103698 0.0764888 0.843211 
1984
0 0 0 0 0 0 
3.38533 5.33457 8.13111 17.0732 9.43078 10.8704 
0.563742 0.281458 0.161882 0.074546 0.103807 0.842475 
1984
1 1 1 1 1 
2.80725 5.74601 9.95749 14.2897 17.2835 
-0.430519 -0.210241 -0.14481 -0.111679 -0.0894082 
1988
1 1 1 1 1 
2.83093 6.38998 9.16041 13.3291 17.6249 
-0.428566 -0.208571 -0.143357 -0.111959 -0.0891553 
1988
0 0 0 0 0 0 
3.4102 5.83423 9.59206 14.9527 11.255 7.80252 
0.562855 0.273403 0.154552 0.0770313 0.109017 0.84108 
1992
0 0 0 0 0 0 
3.63792 6.28293 8.98699 18.5845 12.6918 7.36357 
0.564055 0.270333 0.157191 0.0728606 0.105843 0.843513 
1996
0 0 0 0 0 0 
3.28472 5.36221 8.38358 10.0322 16.9904 7.8878 
0.567297 0.281216 0.159475 0.104551 0.0749449 0.840718 
1996
1 1 1 1 1 
2.57293 5.88815 10.2607 13.8551 17.8804 
-0.422217 -0.213917 -0.1444 -0.111667 -0.0896702 
2000
0 0 0 0 0 0 
3.37414 5.10234 8.91784 18.1308 10.8889 9.00147 
0.571643 0.278985 0.156785 0.0738147 0.102409 0.842899 
2000
1 1 1 1 1 
2.64349 5.88033 11.5176 11.2792 18.3781 
-0.423284 -0.206986 -0.146122 -0.104529 -0.089384 
2004
1 1 1 1 1 
2.78994 6.37579 10.1265 12.8949 18.4015 
-0.426941 -0.208276 -0.144976 -0.111236 -0.0892679 
2008
0 0 0 0 0 0 
3.38965 5.82548 15.9755 7.97268 10.0024 7.06031 
0.571341 0.274909 0.0753933 0.161399 0.101849 0.844405 
2008
1 1 1 1 
2.78339 5.50434 9.51683 12.9452 
-0.421323 -0.204356 -0.142844 -0.111512 
2012
1 1 1 1 1 
2.7302 6.13403 9.32391 13.4043 17.4479 
-0.420102 -0.209193 -0.148082 -0.111581 -0.0885894 
2012
0 0 0 0 0 0 
3.5558 6.71829 9.10197 18.0203 13.1831 7.26218 
0.558588 0.266664 0.156422 0.0739798 0.104225 0.84292 
2016
1 1 1 1 1 
2.67102 6.03949 10.0922 13.8889 18.1664 
-0.424136 -0.209662 -0.144556 -0.112148 -0.0892493 
2016
0 0 0 0 0 0 
3.51808 6.32299 9.19911 9.84168 15.414 7.15609 
0.558756 0.269317 0.157382 0.103375 0.0767409 0.844662 
2020
0 0 0 0 0 0 
3.3195 5.06237 9.47657 10.2072 19.1794 7.30949 
0.564919 0.283645 0.155048 0.10318 0.0734445 0.84223 
2024
1 1 1 1 1 
2.75134 10.5229 5.9832 12.9971 17.5321 
-0.421512 -0.143883 -0.208636 -0.110853 -0.0892643 
2024
0 0 0 0 0 0 
3.55205 5.67466 8.64297 9.06086 15.4307 8.11901 
0.558409 0.275639 0.15907 0.105074 0.0768173 0.84131 
2028
1 1 1 1 1 
2.75464 9.52117 6.10527 11.241 9.25353 
-0.420566 -0.143472 -0.209107 -0.114345 -0.093798 
2028
0 0 0 0 0 0 
3.22442 4.81463 8.72931 14.9174 9.50365 7.85403 
0.567819 0.28789 0.158627 0.0778142 0.104447 0.840353 
2032
0 0 0 0 0 0 
3.59664 5.82692 17.9704 9.29544 10.332 7.73033 
0.566762 0.271006 0.0742805 0.162965 0.103708 0.84152 
2036
1 1 1 1 1 
2.64875 5.35328 9.88746 11.1484 18.7241 
-0.428028 -0.210752 -0.145228 -0.105011 -0.0899638 
2036
0 0 0 0 0 0 
3.44583 6.42463 8.82619 10.0992 18.0224 7.96759 
0.564507 0.269291 0.15764 0.102135 0.0742069 0.840935 
2040
0 0 0 0 0 0 
3.35368 6.42991 9.44424 15.6382 10.3581 7.93281 
0.564668 0.268203 0.160391 0.0766737 0.102153 0.838858 
2040
1 1 1 1 1 
2.71214 5.99943 11.0756 14.4977 18.222 
-0.423734 -0.210817 -0.14586 -0.112067 -0.0888467 
2044
0 0 0 0 0 0 
3.32519 6.67361 8.98527 14.7567 11.3837 9.74465 
0.563034 0.266015 0.156662 0.0777761 0.102721 0.846778 
2044
1 1 1 1 1 
2.68131 11.1275 6.10573 17.9445 13.4315 
-0.423446 -0.145981 -0.208352 -0.0896049 -0.112344 
2048
0 0 0 0 0 0 
3.28619 7.15306 8.48955 18.9631 11.8509 8.17493 
0.577397 0.267962 0.160729 0.0729877 0.101899 0.839742 
2052
0 0 0 0 0 0 
3.25501 5.99014 8.43184 10.7053 18.3473 7.80628 
0.5705 0.271335 0.159912 0.105022 0.0733335 0.840541 
2052
1 1 1 1 1 
2.64729 6.47963 11.5829 12.5691 18.6315 
-0.424238 -0.210456 -0.14802 -0.111427 -0.089145 
2056
0 0 0 0 0 0 
3.23923 5.97832 10.6906 10.4015 17.3999 7.51391 
0.577014 0.274536 0.152933 0.102348 0.0745914 0.841243 
2056
1 1 1 1 1 
2.58783 9.00199 5.89038 12.9053 18.0411 
-0.41973 -0.146786 -0.208637 -0.107208 -0.0891463 
2060
0 0 0 0 0 0 
3.64206 6.74049 9.61006 16.1883 9.86964 7.21541 
0.557726 0.266357 0.155181 0.0755595 0.103147 0.84357 
2060
1 1 1 1 1 
2.47358 6.19746 10.3055 17.8165 12.8282 
-0.418618 -0.208623 -0.143363 -0.0887993 -0.111437 
2064
0 0 0 0 0 0 
3.40099 5.61263 10.0335 19.153 10.1473 7.36406 
0.572632 0.273611 0.153736 0.0730255 0.103571 0.843803 
2068
0 0 0 0 0 0 
3.5251 6.3933 8.16135 14.7678 11.0749 8.27399 
0.569274 0.268497 0.160186 0.0770601 0.101889 0.839547 
2068
1 1 1 1 1 
2.58659 10.0805 5.12961 13.5544 16.3979 
-0.425666 -0.144204 -0.209306 -0.111704 -0.0883326 
2072
0 0 0 0 0 0 
3.45746 6.07247 8.78436 14.5149 10.5081 7.38828 
0.55984 0.275659 0.159751 0.0779485 0.102432 0.842903 
2072
1 1 1 1 1 
2.98625 7.16947 9.67617 12.5088 16.6368 
-0.425742 -0.215233 -0.143389 -0.110219 -0.0879422 
2076
0 0 0 0 0 0 
3.51944 5.36121 8.26949 10.1893 18.0456 7.70172 
0.558857 0.276194 0.160441 0.103263 0.073621 0.841372 
2080
0 0 0 0 0 0 
3.64755 6.29838