0
1 0 
2.8998 2.25025 
-0.304319 -0.646724 
0
0 
3.28924 
0.548161 
4
1 0 
3.10157 2.82792 
-0.302981 -0.622504 
4
0 
3.35927 
0.543821 
8
1 0 
3.54512 2.98386 
-0.306777 -0.616515 
8
0 
3.42834 
0.550967 
12
0 
3.43353 
0.542473 
12
1 0 
3.07089 2.19267 
-0.307741 -0.647523 
16
1 0 
3.37405 1.99314 
-0.305202 -0.651772 
16
0 
3.21849 
0.550507 
20
0 
3.31096 
0.547586 
20
1 0 
2.97332 2.25293 
-0.300712 -0.64326 
24
1 0 
3.66867 2.1531 
-0.31477 -0.641542 
24
0 
3.29046 
0.549391 
28
1 0 
3.1579 2.81106 
-0.304595 -0.626435 
28
0 
3.31162 
0.546652 
32
0 
3.37959 
0.542183 
32
1 0 
3.23516 2.78326 
-0.303081 -0.632201 
36
0 
3.48435 
0.538863 
36
1 0 
3.13556 2.442 
-0.303276 -0.640294 
40
1 0 
3.23558 2.07792 
-0.305966 -0.64301 
40
0 
3.36643 
0.552429 
44
0 
3.31151 
0.545712 
44
1 0 
3.21807 2.05684 
-0.303621 -0.646454 
52
0 
3.61369 
0.5364 
52
1 0 
2.92277 2.40001 
-0.298975 -0.639325 
56
0 
3.35169 
0.54488 
56
1 0 
3.61944 2.06588 
-0.306182 -0.647308 
60
0 
3.1413 
0.552927 
60
1 0 
3.15312 2.88011 
-0.301703 -0.623652 
64
1 0 
3.04807 2.62479 
-0.300883 -0.636978 
64
0 
2.75125 
0.569608 
68
1 0 
3.32604 2.2746 
-0.309874 -0.640158 
68
0 
3.48547 
0.546616 
76
0 
3.49469 
0.540963 
76
1 0 
2.8056 2.24906 
-0.299046 -0.640332 
80
0 
3.21284 
0.546878 
80
1 0 
3.58609 2.9689 
-0.312397 -0.625727 
84
0 
3.36267 
0.552863 
84
1 0 
3.22045 2.15117 
-0.306221 -0.644375 
88
0 
3.31393 
0.545846 
88
1 0 
3.53836 2.32691 
-0.30766 -0.637409 
92
0 
3.70099 
0.537117 
92
1 0 
3.23774 2.25387 
-0.299826 -0.653298 
100
0 
3.55802 
0.546815 
100
1 0 
3.25037 1.84708 
-0.3065 -0.653018 
104
0 
3.09892 
0.552487 
104
1 0 
3.32599 1.98458 
-0.307929 -0.639534 
108
1 0 
2.93099 2.23835 
-0.300273 -0.640302 
108
0 
3.33476 
0.544823 
112
0 
3.31401 
0.553057 
112
1 0 
3.27094 2.17018 
-0.302808 -0.64396 
116
0 
3.26573 
0.55094 
116
1 0 
3.3369 2.30501 
-0.303642 -0.641715 
124
1 0 
3.3505 2.23986 
-0.307013 -0.640833 
124
0 
3.48292 
0.547931 
128
0 
3.29533 
0.545636 
128
1 0 
2.94324 2.34793 
-0.299527 -0.63778 
132
1 0 
2.96385 2.26015 
-0.301402 -0.643243 
132
0 
3.3806 
0.544168 
136
1 0 
3.2221 2.41329 
-0.303794 -0.644033 
136
0 
3.38045 
0.542187 
144
1 0 
3.6603 2.42282 
-0.306745 -0.642722 
144
0 
3.4151 
0.543663 
148
0 
3.45394 
0.547289 
148
1 0 
3.35021 2.42326 
-0.310291 -0.649747 
152
1 0 
3.46873 2.85051 
-0.312985 -0.622645 
152
0 
3.36066 
0.544887 
156
0 
3.33811 
0.545991 
156
1 0 
3.70835 2.26207 
-0.307584 -0.643629 
160
1 0 
3.32499 2.70436 
-0.304171 -0.637006 
160
0 
3.23248 
0.549557 
168
0 
3.28331 
0.546212 
168
1 0 
3.6014 2.2001 
-0.306555 -0.645364 
172
1 0 
3.35008 2.2933 
-0.303551 -0.63904 
172
0 
3.34799 
0.544167 
176
0 
3.44395 
0.54014 
176
1 0 
3.13989 2.45655 
-0.295939 -0.638691 
180
0 
3.41715 
0.546855 
180
1 0 
3.20468 2.29163 
-0.30261 -0.644333 
184
1 0 
3.39156 2.57212 
-0.309485 -0.640886 
184
0 
3.38407 
0.541545 
192
1 0 
2.94001 2.4093 
-0.301964 -0.641753 
192
0 
3.20433 
0.549535 
196
1 0 
3.28284 2.10717 
-0.309647 -0.649238 
196
0 
2.75046 
0.561442 
200
1 0 
3.16737 2.80954 
-0.303326 -0.625349 
200
0 
3.48742 
0.538209 
204
0 
3.40974 
0.54635 
204
1 0 
3.03041 2.89522 
-0.302301 -0.621004 
208
0 
3.22079 
0.55011 
208
1 0 
3.07046 2.51059 
-0.302619 -0.639379 
216
0 
3.5127 
0.540818 
216
1 0 
3.31489 2.31087 
-0.303427 -0.641537 
220
0 
2.93835 
0.559556 
220
1 0 
3.1436 2.80741 
-0.299027 -0.623213 
224
1 0 
3.0822 2.60576 
-0.305692 -0.619729 
224
0 
3.29054 
0.554958 
228
0 
3.33865 
0.544255 
228
1 0 
3.2201 2.47747 
-0.304057 -0.640428 
232
1 0 
3.36046 2.24142 
-0.303117 -0.642354 
232
0 
3.38334 
0.547337 
240
0 
3.54497 
0.544028 
240
1 0 
3.07906 2.28067 
-0.302694 -0.638609 
244
0 
3.35511 
0.544018 
244
1 0 
2.88938 2.69524 
-0.302834 -0.621513 
248
0 
2.81267 
0.565985 
248
1 0 
3.19272 2.61288 
-0.302434 -0.636977 
252
0 
3.5754 
0.539088 
252
1 0 
3.20188 3.16875 
-0.302251 -0.625024 
260
0 
3.36855 
0.550197 
260
1 0 
3.04995 2.29331 
-0.300831 -0.641008 
264
1 0 
3.53938 2.41232 
-0.305793 -0.638866 
264
0 
3.17623 
0.550063 
268
1 0 
3.76527 2.82619 
-0.307884 -0.622896 
268
0 
3.43121 
0.547043 
272
1 0 
3.26679 2.61857 
-0.304711 -0.635659 
272
0 
3.35859 
0.548039 
276
0 
3.23517 
0.548256 
276
1 0 
3.28474 2.16358 
-0.301757 -0.639817 
284
0 
3.17532 
0.549959 
284
1 0 
3.14833 2.3835 
-0.303741 -0.639756 
288
1 0 
3.20026 2.13936 
-0.302447 -0.64985 
288
0 
3.42489 
0.543662 
292
1 0 
3.19307 2.42958 
-0.301048 -0.642384 
292
0 
3.26638 
0.549269 
296
0 
3.78994 
0.532741 
296
1 0 
3.43698 3.30767 
-0.304692 -0.626767 
300
0 
3.28052 
0.546257 
300
1 0 
2.96846 2.40997 
-0.301385 -0.646719 
308
1 0 
3.20151 2.53535 
-0.301983 -0.643418 
308
0 
3.48669 
0.551817 
312
1 0 
3.3488 2.89344 
-0.304916 -0.625399 
312
0 
3.80154 
0.550584 
316
1 0 
3.6743 2.7483 
-0.304039 -0.622442 
316
0 
3.30777 
0.546544 
320
0 
3.56898 
0.550279 
320
1 0 
3.36243 2.46661 
-0.308593 -0.639602 
324
0 
3.04204 
0.556377 
324
1 0 
3.4164 2.87192 
-0.305656 -0.623034 
332
1 0 
3.01095 2.61658 
-0.305066 -0.618279 
332
0 
3.26192 
0.546915 
336
1 0 
3.92689 2.0934 
-0.308119 -0.647706 
336
0 
3.33657 
0.547082 
340
1 0 
2.97045 3.07181 
-0.306481 -0.62096 
340
0 
3.28577 
0.546995 
344
0 
3.18801 
0.548807 
344
1 0 
3.45434 2.60448 
-0.297485 -0.636476 
348
1 0 
2.97227 2.14427 
-0.304922 -0.647086 
352
0 
3.51463 
0.540668 
356
1 0 
3.01171 2.26027 
-0.301469 -0.645575 
356
0 
3.1983 
0.54734 
360
1 0 
3.063 2.01148 
-0.301222 -0.656531 
360
0 
3.64106 
0.539983 
364
0 
3.58495 
0.548879 
364
1 0 
3.16796 2.18332 
-0.305523 -0.643922 
368
1 0 
3.26072 2.33292 
-0.302655 -0.641384 
368
0 
2.84657 
0.562055 
372
0 
3.55539 
0.538898 
372
1 0 
3.42083 2.74168 
-0.306904 -0.621036 
380
1 0 
2.98223 2.2495 
-0.30024 -0.647697 
380
0 
3.67183 
0.541556 
384
0 
3.38845 
0.542075 
384
1 0 
2.94355 2.48427 
-0.300996 -0.642873 
388
1 0 
3.22805 2.26789 
-0.301571 -0.642351 
388
0 
3.15231 
0.552608 
392
0 
3.37253 
0.542256 
392
1 0 
3.06359 2.29924 
-0.299712 -0.640498 
400
1 0 
3.17052 2.88451 
-0.295352 -0.624507 
400
0 
3.4224 
0.542405 
404
0 
3.49866 
0.548183 
404
1 0 
3.28909 2.53962 
-0.304161 -0.636686 
408
1 0 
3.14799 2.27586 
-0.310491 -0.644693 
408
0 
3.39387 
0.542477 
412
1 0 
3.49923 2.77191 
-0.305537 -0.624425 
412
0 
3.38973 
0.551176 
416
1 0 
3.16523 2.19885 
-0.302043 -0.644021 
416
0 
3.2722 
0.548107 
424
1 0 
3.06083 2.23152 
-0.303372 -0.644251 
424
0 
3.39139 
0.540843 
428
1 0 
3.37323 2.18506 
-0.305154 -0.651878 
428
0 
3.45126 
0.541624 
432
1 0 
3.60594 2.20932 
-0.304216 -0.648337 
432
0 
3.25043 
0.547457 
436
1 0 
3.40098 2.68961 
-0.296401 -0.645123 
436
0 
3.41916 
0.544583 
440
0 
3.55733 
0.54138 
440
1 0 
2.89469 2.2663 
-0.300429 -0.646224 
448
0 
3.43834 
0.541432 
448
1 0 
3.0867 2.82743 
-0.301806 -0.623491 
452
1 0 
3.07244 2.24933 
-0.314186 -0.649092 
452
0 
3.23467 
0.546998 
456
1 0 
2.88981 2.35056 
-0.303165 -0.643951 
456
0 
3.29962 
0.546147 
460
1 0 
3.31055 2.76082 
-0.296696 -0.623525 
460
0 
3.28203 
0.556152 
468
1 0 
3.48452 2.81148 
-0.298984 -0.622909 
468
0 
3.44109 
0.549737 
472
1 0 
2.96149 2.86802 
-0.300869 -0.622535 
472
0 
3.22489 
0.548275 
476
1 0 
2.87455 2.74863 
-0.297387 -0.619728 
476
0 
3.45027 
0.541678 
480
0 
3.46535 
0.550952 
480
1 0 
3.30388 2.92415 
-0.301022 -0.617326 
484
0 
3.34756 
0.543288 
484
1 0 
3.39225 2.55804 
-0.30426 -0.644061 
492
1 0 
2.97904 2.88202 
-0.301006 -0.624067 
492
0 
3.20257 
0.555878 
496
0 
2.81417 
0.567293 
496
1 0 
3.3487 3.081 
-0.304701 -0.626271 
500
1 0 
2.80019 2.30804 
-0.298972 -0.640412 
500
0 
3.03053 
0.561347 
504
0 
2.98108 
0.556625 
504
1 0 
2.95311 2.3827 
-0.310561 -0.634845 
508
0 
3.38243 
0.552848 
508
1 0 
3.56092 2.21925 
-0.307932 -0.645656 
516
0 
3.36031 
0.545828 
516
1 0 
3.17362 2.26483 
-0.304461 -0.646156 
520
1 0 
3.64774 2.48317 
-0.298096 -0.635687 
520
0 
2.87683 
0.557022 
524
0 
3.31978 
0.55406 
524
1 0 
3.24438 2.24442 
-0.305689 -0.645061 
528
0 
3.55051 
0.537901 
528
1 0 
3.53791 2.30593 
-0.299316 -0.644355 
536
0 
3.27726 
0.545509 
536
1 0 
3.66378 2.33442 
-0.306253 -0.645263 
540
0 
3.4171 
0.551006 
540
1 0 
2.98147 2.4204 
-0.303315 -0.643089 
544
0 
2.99399 
0.555214 
544
1 0 
3.20951 2.98469 
-0.302704 -0.622459 
548
0 
3.54416 
0.537378 
