0
1 1 0 
6.00494 10.2364 14.9184 
-0.167868 -0.551932 -0.741062 
4
1 1 1 0 
5.47113 10.8319 10.8418 14.5366 
-0.17107 -0.546402 -0.0772044 -0.736434 
0
0 0 
10.2952 14.367 
0.176997 0.12571 
4
0 0 
6.94446 13.6136 
0.177037 0.128144 
8
0 0 
6.23727 10.8937 
0.32689 0.129378 
8
1 1 1 
5.7424 10.2421 10.0763 
-0.167294 -0.0778929 -0.551311 
12
0 
5.26993 
0.339556 
16
0 
4.90214 
0.333606 
12
1 1 1 0 
5.27413 10.6642 10.357 14.9329 
-0.169276 -0.551474 -0.074532 -0.736162 
16
1 1 0 
6.15636 10.8416 11.127 
-0.165794 -0.546504 -0.739559 
20
0 
5.56958 
0.331705 
20
1 1 1 0 
5.61191 10.9499 10.0266 12.9027 
-0.167534 -0.0774827 -0.55176 -0.739747 
24
0 
5.55559 
0.333572 
24
1 1 1 0 
5.44544 10.367 9.894 13.6152 
-0.17044 -0.0808494 -0.550762 -0.7404 
28
1 1 1 0 
4.81435 9.929 11.6549 11.8185 
-0.166837 -0.0768553 -0.552357 -0.736651 
28
0 
5.30915 
0.319749 
32
0 
6.03594 
0.328038 
32
1 1 1 0 
6.38418 8.79448 10.6548 12.6988 
-0.168216 -0.0778747 -0.55175 -0.740191 
36
0 
5.37798 
0.335642 
40
0 
5.14621 
0.338278 
36
1 1 1 0 
5.67572 10.6691 10.2768 12.675 
-0.171643 -0.0732993 -0.551218 -0.740294 
40
1 1 1 0 
5.4482 11.2379 10.833 13.0635 
-0.166066 -0.0778255 -0.551497 -0.74062 
44
0 
5.6315 
0.332018 
48
0 
6.1457 
0.33254 
44
1 1 1 0 
5.80165 10.4886 12.5831 14.4489 
-0.167227 -0.0742801 -0.547088 -0.742205 
48
1 1 1 0 
5.55177 9.75403 10.6861 14.2756 
-0.173227 -0.0826034 -0.545452 -0.742084 
52
1 1 1 0 
5.52156 12.7156 8.43493 13.8437 
-0.1701 -0.546879 -0.0827181 -0.740439 
52
0 0 
11.3626 13.1821 
0.177952 0.127679 
56
1 1 0 
5.17112 12.1837 12.3817 
-0.163352 -0.547059 -0.739716 
56
0 0 
10.1996 15.0966 
0.177937 0.125825 
60
0 0 
10.647 14.7293 
0.17499 0.126659 
64
0 0 
10.2778 15.2144 
0.176122 0.125755 
68
0 0 
10.5065 14.5849 
0.176162 0.123269 
60
1 1 0 
5.22622 10.2954 13.5977 
-0.16364 -0.551431 -0.740238 
64
1 1 0 
5.81583 11.8687 11.1299 
-0.165151 -0.545339 -0.73744 
68
1 1 0 
6.0059 12.2898 13.7282 
-0.167599 -0.546631 -0.740506 
72
0 0 
10.3061 14.4497 
0.176924 0.126809 
72
1 1 0 
5.24426 11.7345 12.6868 
-0.165813 -0.546196 -0.740145 
76
1 0 1 
5.70668 13.5442 10.0996 
-0.167763 -0.739688 -0.544722 
80
1 0 1 
5.29664 13.6394 10.9002 
-0.165324 -0.74023 -0.551206 
76
0 0 
10.2046 13.5102 
0.176091 0.128157 
80
0 0 
11.9881 12.1757 
0.171526 0.128745 
84
0 0 
9.72373 13.4577 
0.178341 0.127413 
88
0 0 
12.7169 13.391 
0.171655 0.127459 
84
1 0 1 1 
5.22202 12.6808 10.5096 9.6839 
-0.164442 -0.739937 -0.550956 -0.0814983 
88
1 1 0 
5.90453 11.5958 12.7769 
-0.166963 -0.545966 -0.73939 
92
1 1 1 0 
5.47478 11.7497 10.7098 12.5557 
-0.166578 -0.0768962 -0.54487 -0.739698 
92
0 0 
9.80164 12.0486 
0.17759 0.12894 
96
0 0 
9.78752 14.4246 
0.177545 0.125829 
96
1 1 1 0 
5.3907 9.31532 11.3807 12.3823 
-0.165521 -0.0811595 -0.545201 -0.74034 
100
1 1 1 0 
5.82802 12.7035 10.5405 12.048 
-0.168353 -0.546827 -0.076399 -0.739482 
100
0 0 
10.1783 12.582 
0.177248 0.128011 
104
1 1 0 
5.75271 11.9093 13.5387 
-0.170592 -0.546943 -0.740324 
104
0 0 
10.0971 12.4011 
0.177781 0.129068 
108
0 0 
9.68682 13.6282 
0.178999 0.127057 
108
1 1 1 0 
5.79753 10.5712 12.2694 13.5017 
-0.165294 -0.0824836 -0.546587 -0.741203 
112
1 1 1 0 
5.1613 9.49763 12.5002 11.4779 
-0.170516 -0.0746576 -0.547232 -0.740511 
112
0 0 
9.46495 13.0887 
0.179377 0.127972 
116
0 0 
10.1291 12.7606 
0.176856 0.128221 
120
0 0 
9.9091 13.2291 
0.17821 0.127813 
116
1 1 1 0 
5.62159 10.0131 11.5786 13.056 
-0.166325 -0.0750766 -0.545038 -0.740671 
120
1 1 1 0 
5.87015 10.7659 11.7651 13.2537 
-0.166208 -0.0773506 -0.55055 -0.740148 
124
1 1 1 0 
5.87412 8.59391 11.9567 13.6747 
-0.171688 -0.0803616 -0.547138 -0.740046 
128
1 1 1 0 
5.80724 11.3089 12.0933 13.3609 
-0.166627 -0.0783583 -0.54607 -0.740869 
124
0 0 
10.1065 12.9672 
0.177605 0.128095 
128
0 0 
10.1613 12.7457 
0.176968 0.129483 
132
0 0 
10.5464 13.8005 
0.176056 0.126257 
136
0 0 
9.81085 12.8876 
0.178312 0.128445 
132
1 1 1 0 
5.64169 11.4926 11.2814 13.9537 
-0.166499 -0.0785065 -0.546256 -0.740506 
136
1 1 1 0 
4.63246 9.94879 10.9863 13.7537 
-0.161355 -0.0773191 -0.545007 -0.737608 
140
1 1 1 0 1 
5.01626 11.2736 12.2684 12.9306 18.1393 
-0.163393 -0.0780962 -0.547482 -0.739537 -0.00892464 
140
0 0 
10.1554 11.8936 
0.176712 0.130624 
144
0 0 
8.74969 13.0715 
0.186121 0.127719 
144
1 1 1 0 1 
5.64066 11.3548 12.164 13.7348 16.2259 
-0.170975 -0.0786988 -0.546415 -0.736067 -0.00889978 
148
1 1 1 1 0 
5.28673 11.6815 10.2598 13.4582 13.2869 
-0.16879 -0.0785825 -0.546157 -0.0146428 -0.737452 
148
0 
9.91985 
0.177669 
152
0 
10.2332 
0.182672 
152
1 1 1 1 0 
5.4911 10.4129 10.797 16.8307 13.3909 
-0.165766 -0.075222 -0.551805 -0.00897175 -0.739727 
156
0 
10.1649 
0.176276 
156
1 1 1 1 0 
5.71935 11.0423 17.8173 10.4372 12.9744 
-0.166468 -0.0770633 -0.0089652 -0.550462 -0.740237 
160
1 1 1 0 
5.76709 11.2989 18.6112 13.4039 
-0.167656 -0.0782084 -0.00908655 -0.74033 
160
0 0 
9.33451 6.4024 
0.179473 0.332753 
164
1 1 1 0 
5.42651 11 12.6515 12.9197 
-0.169566 -0.0776294 -0.0149424 -0.740318 
164
0 0 
9.95432 6.42308 
0.178179 0.325527 
168
0 0 
8.41928 4.67601 
0.187797 0.327163 
168
1 1 1 0 
5.56984 11.4737 15.1156 13.7744 
-0.172301 -0.0781924 -0.0150281 -0.740825 
172
0 0 
9.6433 5.07993 
0.178283 0.331788 
172
1 1 1 0 
5.29728 11.3824 15.7005 15.7163 
-0.164646 -0.0783941 -0.00912661 -0.742095 
176
1 1 1 0 
5.98583 11.1117 16.6894 12.5431 
-0.167516 -0.077416 -0.00547782 -0.739939 
176
0 0 
6.228 9.74641 
0.329552 0.178165 
180
0 0 
5.96956 10.2983 
0.333075 0.180981 
180
1 1 1 0 
5.98861 10.4736 15.5482 13.1844 
-0.168182 -0.0761466 -0.00495882 -0.739921 
184
0 0 
6.1779 9.76245 
0.327762 0.179067 
184
1 1 1 0 
4.76493 11.3983 17.3443 14.2382 
-0.166511 -0.0786264 -0.00552605 -0.742443 
188
1 1 1 0 
5.33198 11.7632 17.9631 12.3436 
-0.169801 -0.0785902 -0.00895081 -0.736064 
188
0 0 
9.59153 5.22606 
0.17893 0.323917 
192
0 0 
6.03092 10.4168 
0.325514 0.176768 
192
1 1 1 0 
5.35604 11.7734 13.478 14.6172 
-0.170107 -0.0788213 -0.0131495 -0.74263 
196
1 1 1 0 
5.16319 11.319 16.8999 14.7669 
-0.167312 -0.0779422 -0.00859507 -0.742587 
196
0 0 
4.88057 9.85047 
0.340194 0.177629 
200
0 0 
5.89877 10.0383 
0.332877 0.17739 
200
1 1 0 1 
5.28195 10.7168 12.6584 18.5399 
-0.164834 -0.0758963 -0.74017 -0.00965848 
204
0 0 
4.92864 10.7265 
0.328914 0.180926 
204
1 1 1 0 
5.40969 11.0824 15.7085 14.4405 
-0.170684 -0.078005 -0.00920075 -0.742444 
208
1 1 1 0 
5.06543 10.6415 17.4678 15.166 
-0.164975 -0.0807612 -0.00847189 -0.741232 
208
0 0 
5.53722 9.73444 
0.33303 0.178001 
212
0 0 
5.95832 9.79613 
0.324941 0.182194 
212
1 1 1 0 
5.60492 10.8062 17.578 13.3737 
-0.166938 -0.0776618 -0.00934203 -0.742041 
216
1 1 1 0 
5.35185 10.2446 18.8863 14.1759 
-0.170587 -0.0774916 -0.00863281 -0.742426 
216
0 0 
5.20753 11.1528 
0.330548 0.17956 
220
0 0 
5.27214 9.61948 
0.335924 0.170717 
220
1 1 1 0 
5.22022 11.0093 16.892 14.254 
-0.168382 -0.0775874 -0.0101732 -0.740834 
224
1 1 1 
5.03783 10.8953 17.5855 
-0.162514 -0.0775334 -0.00883603 
224
0 0 
5.27199 10.7537 
0.33525 0.180279 
228
1 1 1 
5.57012 11.2786 17.1285 
-0.170788 -0.0779848 -0.0102927 
232
1 1 1 0 
5.22214 11.0877 12.9946 13.319 
-0.169047 -0.0778786 -0.0142105 -0.740721 
228
0 0 
6.29088 10.9743 
0.326634 0.179875 
232
0 0 
5.03527 9.38893 
0.33949 0.180835 
236
0 
4.46388 
0.340391 
236
1 1 1 0 
5.29604 11.1181 15.0521 13.1816 
-0.169685 -0.0806108 -0.0137274 -0.740155 
240
0 
4.61274 
0.342621 
240
1 1 1 0 1 
5.24519 11.0553 13.4164 12.3086 10.4569 
-0.16481 -0.0777616 -0.0141894 -0.740554 -0.550565 
244
0 0 
4.4931 10.6372 
0.345342 0.176751 
244
1 1 1 1 0 
5.91308 9.64157 12.7204 13.3005 13.0314 
-0.169805 -0.0747036 -0.547531 -0.01421 -0.740038 
248
1 1 1 1 0 
5.51515 11.6947 11.8476 14.0893 11.3511 
-0.166919 -0.0785843 -0.545276 -0.014133 -0.740726 
252
1 1 1 1 0 
5.85319 10.3172 11.2667 17.6329 13.3085 
-0.172707 -0.0753011 -0.546517 -0.0107579 -0.74015 
248
0 
5.24887 
0.336259 
252
0 
5.08841 
0.337465 
256
0 
5.46809 
0.332065 
256
1 1 1 1 0 
4.26702 10.8719 10.7772 14.4529 13.2176 
-0.162638 -0.0768789 -0.551387 -0.00805612 -0.739825 
260
1 1 1 1 0 
4.7186 11.2667 11.8097 11.877 13.4144 
-0.169089 -0.0775518 -0.0134015