4
0 
2.99089 
1.02585 
0
1 1 1 
9.00505 1.46178 4.78551 
-0.850065 -0.806614 -0.183482 
4
1 1 1 
8.72428 1.61924 5.07652 
-0.851072 -0.7959 -0.156018 
8
0 
3.28363 
1.01258 
8
1 1 
9.22244 1.58862 
-0.850153 -0.794627 
12
1 1 1 
1.52264 10.1125 5.35285 
-0.796655 -0.850978 -0.183032 
12
0 
3.37078 
1.01341 
16
1 1 1 
8.86879 1.43947 4.85203 
-0.852111 -0.7991 -0.155802 
20
1 1 
9.41287 1.38178 
-0.850833 -0.795028 
24
1 1 1 
1.78705 8.68043 5.82457 
-0.79554 -0.848081 -0.181428 
28
1 1 
8.67666 1.36326 
-0.850641 -0.7944 
32
1 1 
1.63978 8.52562 
-0.797 -0.849973 
36
1 1 
1.40398 9.93165 
-0.783049 -0.85052 
40
1 1 
10.3725 1.48858 
-0.847106 -0.79055 
44
1 1 
1.53933 9.07437 
-0.797405 -0.85243 
48
1 1 
1.58037 8.91876 
-0.793701 -0.849791 
52
1 1 
10.4002 1.75337 
-0.846809 -0.803929 
56
1 1 
8.95369 4.76078 
-0.850919 -0.193263 
60
1 1 1 
1.41218 9.10834 6.14362 
-0.790796 -0.851674 -0.165598 
64
1 1 1 
1.507 8.71673 5.8919 
-0.79109 -0.850072 -0.185419 
68
1 1 
1.75658 9.5741 
-0.792781 -0.848179 
72
1 1 
1.74885 9.64346 
-0.802443 -0.850572 
76
1 1 1 
1.55088 9.06797 5.68299 
-0.78625 -0.850848 -0.183697 
80
1 1 
8.9849 1.61615 
-0.850289 -0.796342 
84
1 1 1 
10.1137 1.51037 6.81219 
-0.846429 -0.794517 -0.166716 
88
1 1 1 
1.56699 8.58505 6.23483 
-0.797005 -0.84971 -0.163341 
92
1 1 1 
1.72225 8.38544 5.21033 
-0.793747 -0.849839 -0.189186 
96
1 1 1 
9.33017 1.48086 5.11011 
-0.850162 -0.779041 -0.158389 
100
1 1 1 
1.53287 8.34521 5.21217 
-0.800441 -0.851904 -0.186305 
104
1 1 1 
8.95337 1.5587 5.2852 
-0.850431 -0.798895 -0.186361 
108
1 1 1 
8.77499 1.86251 6.28068 
-0.841923 -0.791886 -0.167861 
112
1 1 1 
1.6625 8.33566 5.51737 
-0.786608 -0.851415 -0.162909 
116
1 1 1 
9.28724 1.7794 5.23885 
-0.84214 -0.797726 -0.188295 
120
1 1 1 
9.51884 5.58777 1.6217 
-0.851275 -0.183387 -0.797929 
124
1 1 1 1 
9.25064 1.44083 7.13087 9.42209 
-0.850233 -0.787224 -0.167852 -0.0611869 
128
1 1 1 
8.44241 5.20255 10.8376 
-0.851707 -0.180475 -0.0663723 
132
1 1 1 1 
8.98249 1.4195 5.36007 13.3761 
-0.842649 -0.798992 -0.162495 -0.0706804 
136
1 1 1 
8.05257 1.61335 6.92414 
-0.851552 -0.779461 -0.170101 
140
1 1 1 
1.50071 9.11623 5.7554 
-0.798236 -0.844149 -0.165403 
144
1 1 1 1 
6.52703 1.3683 8.62122 9.58538 
-0.168018 -0.799822 -0.850332 -0.063617 
