0
0 
3.43129 
0.541717 
0
1 0 
3.18572 2.79236 
-0.304073 -0.622189 
4
1 0 
3.27076 2.71565 
-0.304586 -0.63067 
4
0 
2.77523 
0.548409 
8
1 0 
2.93151 2.80049 
-0.305972 -0.620529 
8
0 
3.22272 
0.53789 
12
0 
3.31242 
0.551914 
12
0 1 
2.73049 3.04886 
-0.632809 -0.300024 
16
1 0 
3.50193 2.35729 
-0.319617 -0.635295 
16
0 
3.00993 
0.538371 
20
0 
3.38058 
0.540063 
20
1 0 
3.59011 2.71853 
-0.308164 -0.623833 
24
0 
3.36721 
0.550819 
24
1 0 
3.69261 2.92434 
-0.307445 -0.623515 
28
1 0 
3.19705 2.68595 
-0.317231 -0.627986 
28
0 
3.12615 
0.539249 
32
0 
2.90787 
0.543785 
32
1 0 
3.33975 2.4909 
-0.303617 -0.630103 
36
0 
3.38077 
0.54289 
36
1 0 
3.51539 2.9524 
-0.30568 -0.629132 
40
0 
2.88767 
0.541374 
40
1 0 
3.18477 2.87064 
-0.306545 -0.623177 
48
0 
3.52768 
0.545257 
48
1 0 
3.47438 2.79297 
-0.306203 -0.628138 
52
0 
2.84249 
0.542109 
52
1 0 
3.21873 2.45085 
-0.305267 -0.63687 
56
0 
3.39603 
0.54922 
56
1 0 
3.44061 2.55554 
-0.307254 -0.638133 
60
0 
3.156 
0.543087 
60
1 0 
3.6149 2.51479 
-0.307722 -0.63404 
64
0 
3.19012 
0.543542 
64
1 0 
3.03601 2.5664 
-0.300828 -0.621386 
72
0 
3.61243 
0.544596 
72
1 0 
3.11912 2.62629 
-0.300921 -0.621091 
76
1 0 
3.10337 2.1345 
-0.313439 -0.646835 
76
0 
2.76562 
0.547644 
80
1 0 
3.31455 2.56186 
-0.307196 -0.6352 
80
0 
2.78542 
0.54257 
84
0 
3.07538 
0.560933 
84
1 0 
3.18451 2.92556 
-0.306572 -0.621463 
88
0 
2.77344 
0.541101 
88
1 0 
3.09184 2.67098 
-0.309061 -0.621122 
96
0 
3.07557 
0.552506 
96
1 0 
3.14786 2.81773 
-0.300531 -0.629461 
100
0 
3.50451 
0.544527 
100
1 0 
3.03389 2.64168 
-0.31554 -0.637821 
104
0 
3.54332 
0.545218 
104
1 0 
3.31355 2.71781 
-0.311218 -0.622666 
108
1 0 
3.04072 2.58361 
-0.311244 -0.639708 
108
0 
3.26526 
0.544431 
112
1 0 
3.33428 2.48291 
-0.302922 -0.630501 
112
0 
3.16886 
0.543764 
120
1 0 
2.99645 2.2577 
-0.30056 -0.639718 
120
0 
2.97599 
0.557525 
124
1 0 
3.32598 2.99897 
-0.306299 -0.625166 
124
0 
3.18886 
0.544419 
128
0 
3.38873 
0.550829 
128
1 0 
2.99286 2.46237 
-0.309727 -0.640437 
132
0 
3.3858 
0.550096 
132
1 0 
3.46841 2.67765 
-0.304922 -0.63287 
140
0 
3.3979 
0.539893 
140
1 0 
2.90664 2.73944 
-0.299538 -0.621594 
144
1 0 
3.33597 2.95599 
-0.305054 -0.624911 
144
0 
3.23338 
0.552639 
148
1 0 
3.27293 2.82316 
-0.305267 -0.620866 
148
0 
3.32964 
0.554136 
152
0 
3.26057 
0.546279 
152
1 0 
2.89931 3.13138 
-0.300533 -0.622919 
156
0 
3.20691 
0.556201 
156
1 0 
3.19212 2.83899 
-0.314098 -0.622563 
164
0 
3.06924 
0.538922 
164
1 0 
2.98169 2.96939 
-0.314766 -0.628003 
168
0 
3.2275 
0.546742 
168
0 1 
2.55968 3.03935 
-0.630451 -0.301793 
172
0 
3.1495 
0.546142 
172
1 0 
3.12775 3.08428 
-0.302873 -0.628747 
176
0 
3.35772 
0.548759 
176
1 0 
3.2699 2.99512 
-0.301901 -0.624198 
180
0 
3.32985 
0.557156 
180
1 0 
3.61151 2.40931 
-0.307382 -0.640267 
188
1 0 
3.28228 2.86547 
-0.318541 -0.623407 
188
0 
3.44198 
0.547077 
192
1 0 
3.16066 2.63685 
-0.301206 -0.632723 
192
0 
3.10056 
0.56081 
196
1 0 
2.89652 2.90851 
-0.301145 -0.6215 
196
0 
2.98454 
0.555429 
200
0 
3.16099 
0.547642 
200
1 0 
3.55523 2.96572 
-0.306149 -0.629553 
204
0 
3.35986 
0.549721 
204
1 0 
3.0147 2.67298 
-0.304318 -0.631604 
212
1 0 
3.0459 2.81933 
-0.312299 -0.625707 
212
0 
3.40873 
0.551217 
216
1 0 
3.21371 2.93057 
-0.313661 -0.627144 
216
0 
3.32061 
0.54588 
220
1 0 
3.3207 2.65545 
-0.304546 -0.621108 
220
0 
3.25659 
0.549756 
224
0 
3.2844 
0.554507 
224
1 0 
3.48626 2.04992 
-0.304484 -0.644016 
228
1 0 
3.28187 2.71233 
-0.303702 -0.628825 
228
0 
3.41203 
0.543507 
236
1 0 
3.88554 2.88816 
-0.308142 -0.624905 
236
0 
3.04916 
0.560715 
240
1 0 
3.30414 2.40404 
-0.303703 -0.619613 
240
0 
2.6153 
0.54804 
244
0 
2.81168 
0.545064 
244
1 0 
2.91186 2.6756 
-0.309031 -0.619377 
248
0 
3.09381 
0.540958 
248
1 0 
3.02861 2.38397 
-0.305529 -0.639763 
252
0 
3.1795 
0.558641 
252
1 0 
3.71232 2.85622 
-0.30751 -0.630243 
260
0 
3.46339 
0.538914 
260
1 0 
3.30442 2.66828 
-0.304777 -0.62171 
264
0 
3.37677 
0.549803 
264
1 0 
3.30839 2.81679 
-0.303616 -0.631635 
268
1 0 
3.47233 2.6693 
-0.305479 -0.634811 
268
0 
3.50531 
0.547296 
272
0 
3.07492 
0.561704 
272
1 0 
3.24765 2.72232 
-0.303789 -0.620882 
280
1 0 
2.95598 2.8633 
-0.312005 -0.625083 
280
0 
3.24476 
0.554053 
284
1 0 
3.1229 2.83644 
-0.304077 -0.624393 
284
0 
3.35955 
0.549586 
288
1 0 
3.03974 2.45669 
-0.307858 -0.63986 
288
0 
3.40575 
0.551741 
292
0 
3.24886 
0.546258 
292
1 0 
3.363 2.88731 
-0.304948 -0.63056 
296
0 
3.03694 
0.541278 
296
1 0 
3.27522 2.88066 
-0.304646 -0.625085 
304
0 
3.23005 
0.543448 
304
1 0 
3.04745 2.8328 
-0.300687 -0.623694 
308
1 0 
2.88388 2.78904 
-0.304576 -0.622204 
308
0 
2.96382 
0.556779 
312
0 
3.05774 
0.539546 
312
1 0 
3.12853 2.72402 
-0.307676 -0.621423 
316
0 
3.14225 
0.557608 
316
1 0 
2.9739 2.75037 
-0.314141 -0.635633 
320
0 
2.58842 
0.544932 
320
1 0 
2.98585 2.06448 
-0.319933 -0.646722 
328
0 
3.18376 
0.53449 
328
1 0 
3.27312 2.61893 
-0.303869 -0.6339 
332
0 
3.44735 
0.548891 
332
1 0 
3.14223 2.6053 
-0.302259 -0.631215 
336
0 
3.28622 
0.546321 
336
1 0 
2.95592 2.38326 
-0.300663 -0.645419 
340
1 0 
3.39185 2.70307 
-0.304856 -0.619091 
340
0 
3.21049 
0.559126 
348
0 
3.2499 
0.544596 
348
1 0 
3.45748 2.74966 
-0.307002 -0.61994 
352
0 
2.84721 
0.544583 
352
1 0 
3.41915 2.6654 
-0.305265 -0.620202 
356
0 
3.26485 
0.545502 
356
1 0 
3.50027 3.10481 
-0.307854 -0.630793 
360
1 0 
2.95855 2.86077 
-0.317831 -0.624175 
360
0 
3.21744 
0.536542 
364
1 0 
3.67641 2.72397 
-0.305576 -0.621093 
364
0 
2.97315 
0.539645 
372
0 
3.22328 
0.559973 
372
1 0 
3.11864 2.8308 
-0.311306 -0.623595 
376
0 
3.28203 
0.551951 
376
1 0 
3.24226 2.81989 
-0.317486 -0.623023 
380
1 0 
2.88248 2.78924 
-0.304322 -0.6204 
380
0 
3.10513 
0.538585 
384
0 
3.19323 
0.556403 
384
1 0 
3.17455 2.69032 
-0.303741 -0.624283 
388
0 
3.27403 
0.553853 
388
1 0 
3.3717 2.92215 
-0.304666 -0.633046 
396
0 
3.00456 
0.553511 
396
1 0 
3.15998 2.4863 
-0.304825 -0.638478 
400
0 
3.45138 
0.548507 
400
1 0 
3.22103 2.66251 
-0.303322 -0.635758 
404
0 
2.95809 
0.5393 
404
1 0 
3.15557 2.77953 
-0.304006 -0.620917 
408
0 
2.99208 
0.537738 
408
1 0 
3.36974 2.75822 
-0.305263 -0.624958 
416
1 0 
3.09824 2.81153 
-0.310037 -0.622634 
416
0 
3.31607 
0.553544 
420
0 
3.03206 
0.559215 
420
1 0 
3.51374 2.8726 
-0.305436 -0.621831 
424
1 0 
3.05148 2.77278 
-0.305596 -0.623921 
424
0 
2.73086 
0.544452 
428
1 0 
3.22834 2.80719 
-0.305423 -0.623444 
428
0 
2.89168 
0.556716 
432
1 0 
3.16053 2.88958 
-0.31442 -0.623512 
432
0 
2.98162 
0.541076 
440
1 0 
3.18155 2.32707 
-0.303593 -0.643722 
440
0 
3.13295 
0.55447 
444
1 0 
3.56096 2.75497 
-0.304091 -0.621352 
444
0 
3.25872 
0.540774 
448
1 0 
3.68242 2.58812 
-0.306244 -0.628866 
448
0 
2.89554 
0.539448 
452
1 0 
3.06918 2.92818 
-0.306226 -0.622509 
452
0 
3.39466 
0.549312 
456
1 0 
3.04931 2.73004 
-0.307132 -0.62496 
456
0 
2.84072 
0.541748 
464
1 0 
3.42608 2.96319 
-0.307003 -0.628939 
464
0 
3.31123 
0.552162 
468
1 0 
2.93082 2.87712 
-0.316865 -0.622754 
468
0 
3.13214 
0.534983 
472
1 0 
3.40527 2.77638 
-0.304891 -0.627326 
472
0 
3.0767 
0.563313 
476
1 0 
3.44947 2.52798 
-0.30758 -0.617246 
476
0 
2.81539 
0.542132 
480
1 0 
2.92839 2.72671 
-0.299004 -0.620579 
480
0 
3.27759 
0.551597 
488
1 0 
3.16211 3.06528 
-0.30346 -0.624888 
488
0 
3.22592 
0.542633 
492
1 0 
3.21895 2.75921 
-0.302742 -0.621403 
492
0 
3.37103 
0.551467 
496
1 0 
3.41154 2.72181 
-0.307398 -0.62112 
496
0 
2.8702 
0.559196 
500
1 0 
3.76694 2.54075 
-0.305661 -0.641284 
500
0 
2.73191 
0.547036 
508
1 0 
3.31855 2.65004 
-0.304821 -0.619795 
508
0 
3.37811 
0.546599 
512
0 
2.93406 
0.540429 
512
1 0 
3.4913 2.86564 
-0.306022 -0.624871 
516
1 0 
3.16433 2.62892 
-0.313875 -0.630746 
516
0 
2.81805 
0.5458 
520
1 0 
3.30429 2.95111 
-0.305378 -0.623838 
520
0 
2.81016 
0.545083 
524
0 
3.21315 
0.556235 
524
1 0 
3.14612 2.85116 
-0.303816 -0.624131 
532
0 
3.33442 
0.546474 
532
1 0 
3.39765 3.16453 
-0.304304 -0.625078 
536
0 
3.1681 
0.537597 
536
1 0 
3.23722 2.80319 
-0.303301 -0.621838 
540
0 
3.49991 
0.547867 
540
1 0 
2.96761 2.85347 
-0.314354 -0.622732 
544
0 
2.94788 
0.565382 
544
1 0 
3.40628 2.94067 
-0.304669 -0.625178 
548
0 
3.19844 
0.542229 
548
1 0 
3.0256 2.88353 
-0.319348 -0.624184 
556
1 0 
2.98514 2.16562 
-0.306751 -0.645079 
556
0 
3.52528 
0.532236 
560
0 
2.74164 
0.544875 
560
1 0 
3.07284 2.53925 
-0.303503 -0.63822 
564
0 
3.60142 
0.547497 
564
1 0 
3.20036 2.8669 
-0.304224 -0.622747 
568
1 0 
3.43302 2.84837 
-0.30371 -0.633624 
568
0 
2.87111 
0.558342 
572
0 
3.28312 
0.553875 
572
1 0 
3.46655 2.51614 
-0.306433 -0.636705 
580
1 0 
3.14127 2.80215 
-0.301343 -0.622195 
580
0 
3.18221 
0.557037 
584
0 
3.23061 
0.557965 
584
1 0 
3.38555 2.53712 
-0.304834 -0.619383 
588
0 
2.7091 
0.544844 
588
0 1 
2.78457 3.10134 
-0.629164 -0.30123 
592
1 0 
3.42037 2.83382 
-0.306957 -0.631773 
592
0 
3.19061 
0.560209 
600
1 0 
3.36703 2.84223 
-0.307956 -0.629084 
600
0 
2.93137 
0.542994 
604
0 
3.11541 
0.551371 
604
1 0 
2.96321 2.69128 
-0.30491 -0.630813 
608
1 0 
2.95206 2.80133 
-0.311279 -0.625557 
608
0 
3.08199 
0.540064 
612
1 0 
3.16643 2.93117 
-0.301963 -0.623692 
612
0 
3.49619 
0.547201 
616
1 0 
3.38634 3.03107 
-0.303672 -0.626062 
616
0 
3.24374 
0.555468 
624
1 0 
3.39513 2.96423 
-0.304262 -0.624412 
624
0 
3.11764 
0.560155 
628
1 0 
3.15191 3.01043 
-0.302334 -0.624211 
628
0 
3.16726 
0.559154 
632
1 0 
3.29074 2.90465 
-0.310418 -0.627354 
632
0 
3.36806 
0.545295 
636
0 
3.31709 
0.547564 
636
1 0 
3.23602 2.76171 
-0.305315 -0.621234 
640
0 
3.512 
0.528722 
640
1 0 
3.39775 2.72168 
-0.304522 -0.621961 
648
1 0 
3.32847 2.96101 
-0.304481 -0.622646 
648
0 
3.45721 
0.547689 
652
0 
3.17682 
0.549076 
652
1 0 
3.38039 2.80799 
-0.3049 -0.629909 
656
0 
3.23737 
0.5541 
656
1 0 
3.50987 2.61861 
-0.311181 -0.620946 
660
1 0 
3.47887 2.66397 
-0.30493 -0.621375 
660
0 
3.19655 
0.557413 
668
0 
3.04338 
0.5579 
668
1 0 
2.91274 2.6875 
-0.30069 -0.620562 
672
1 0 
3.4212 2.59879 
-0.305529 -0.631379 
672
0 
3.32506 
0.552237 
676
0 
3.46298 
0.548712 
676
1 0 
3.28119 2.61781 
-0.305351 -0.63161 
680
0 
3.24923 
0.549953 
680
1 0 
3.16802 2.80762 
-0.310687 -0.622993 
684
0 
3.16596 
0.561106 
684
1 0 
3.0019 2.7249 
-0.300729 -0.636756 
692
0 
3.28508 
0.553597 
692
1 0 
3.66302 2.59462 
-0.30515 -0.62812 
696
1 0 
3.17174 2.98745 
-0.302744 -0.630085 
696
0 
3.2412 
0.55364 
700
1 0 
3.17856 2.86927 
-0.303975 -0.621437 
700
0 
3.02928 
0.550889 
704
1 0 
3.27384 2.23903 
-0.303144 -0.64478 
704
0 
2.97264 
0.540623 
708
0 
2.84986 
0.544463 
708
1 0 
3.49084 2.87014 
-0.306661 -0.622967 
716
1 0 
3.39961 2.9678 
-0.305032 -0.631792 
716
0 
3.2085 
0.546989 
720
0 
3.30702 
0.53169 
720
1 0 
3.59139 2.37518 
-0.303471 -0.631089 
724
1 0 
3.00964 2.60283 
-0.300361 -0.63251 
724
0 
3.33161 
0.551704 
