0
0 0 0 
5.33123 9.36263 8.92271 
0.348779 0.00781743 0.173836 
0
0 
11.4099 
-0.0913431 
4
0 
12.6522 
-0.096008 
4
0 0 0 
5.5576 7.81203 9.66024 
0.347885 0.171837 0.00753285 
8
0 0 0 
5.71823 8.67052 9.26181 
0.344575 0.168631 0.00862506 
8
0 
10.9908 
-0.0944801 
12
0 0 0 
5.46775 8.67083 8.09377 
0.347745 0.16844 0.013937 
12
0 
11.4673 
-0.0959754 
16
0 0 0 
4.48177 8.34648 8.92225 
0.360444 0.177228 0.00941303 
16
0 
9.41267 
-0.0977782 
20
0 0 0 
4.23925 8.13275 8.96911 
0.36704 0.169652 0.00944635 
20
0 
8.9065 
-0.0986675 
24
0 0 0 
5.28135 8.96864 8.61166 
0.348357 0.010046 0.175049 
24
0 
8.92293 
-0.0968374 
28
0 0 0 
5.7228 8.04952 9.9806 
0.345089 0.172551 0.00243028 
28
0 
9.5948 
-0.0977105 
32
0 0 0 
5.48956 7.64578 9.25184 
0.349007 0.175699 0.00868457 
32
0 
9.46215 
-0.0967817 
36
0 0 0 
5.50914 7.06271 9.54618 
0.348417 0.175889 0.00817509 
36
0 
8.8796 
-0.0983432 
40
0 0 0 
5.88012 9.26427 8.06686 
0.34841 0.172529 0.0138935 
40
0 
11.9552 
-0.0959866 
44
0 0 0 
5.40181 7.61808 9.88438 
0.350929 0.17323 0.00785039 
48
0 0 0 
5.64107 7.79934 8.68639 
0.345684 0.170995 0.0108127 
52
0 0 0 
5.74334 9.5167 8.70113 
0.345038 0.00731699 0.175146 
52
0 
11.6162 
-0.091572 
56
0 0 0 
5.67047 8.64535 9.3722 
0.343672 0.175728 0.00838091 
56
1 0 
5.39864 10.9002 
-0.336035 -0.0912785 
60
0 0 0 
4.67901 8.49679 9.94065 
0.357543 0.175054 0.00609345 
60
1 0 1 1 
5.62207 10.5159 7.31523 9.22073 
-0.337169 -0.0940135 -0.31906 -0.394726 
64
0 0 0 
5.20244 8.8918 8.75441 
0.350685 0.174088 0.0105021 
64
1 0 1 1 1 1 1 
5.34735 11.329 8.83755 6.63201 6.49194 8.07169 9.49389 
-0.339432 -0.0972319 -0.546695 -0.319893 -0.399339 -0.469971 -0.897319 
68
0 0 0 
5.10437 7.12482 8.92751 
0.352198 0.173328 0.0100797 
68
1 0 1 1 1 1 1 0 
5.28492 11.1382 7.25013 7.68916 8.72688 10.0035 7.20452 9.29832 
-0.340152 -0.095986 -0.472732 -0.400599 -0.546438 -0.89561 -0.32339 0.0366985 
72
0 0 0 
5.14316 8.10642 8.47903 
0.351939 0.178192 0.0127807 
72
1 1 0 1 1 1 
6.07049 8.03349 12.155 10.2992 8.14277 7.51079 
-0.337905 -0.461175 -0.0872472 -0.546544 -0.391504 -0.901496 
76
0 0 0 
4.4186 8.72788 8.20301 
0.365515 0.173003 0.0132326 
76
1 1 0 1 1 1 1 1 
6.24927 8.2362 11.4688 9.5034 8.26971 9.8665 7.73241 7.16083 
-0.337271 -0.459161 -0.0961495 -0.540673 -0.39386 -0.632224 -0.893011 -0.323282 
80
1 0 1 1 1 1 
5.09862 12.4631 6.56125 7.8177 6.96823 7.33808 
-0.339088 -0.0878116 -0.399378 -0.547679 -0.46224 -0.32238 
80
0 0 0 
4.97713 7.33213 7.84687 
0.357659 0.178108 0.01433 
84
0 0 0 
4.8716 6.9542 8.76311 
0.357241 0.173239 0.0100301 
84
0 1 1 1 1 0 1 
10.3114 5.65515 6.84783 9.04425 7.11641 7.88727 8.69067 
-0.0939045 -0.334902 -0.462962 -0.544129 -0.399808 0.0324091 -0.897213 
88
0 0 0 
5.09081 9.57945 8.60358 
0.352674 0.171383 0.0107082 
92
0 0 0 
4.17361 9.16916 8.51783 
0.369417 0.172585 0.0122482 
96
0 0 0 
7.49577 5.73734 9.17018 
0.170344 0.348357 0.00735865 
88
1 0 1 1 1 1 
5.58159 13.3887 10.6943 6.53341 8.97775 6.40811 
-0.336922 -0.0897439 -0.458976 -0.40096 -0.540352 -0.319824 
92
1 1 0 1 1 1 1 1 
7.25388 5.59581 11.5027 8.4009 9.90769 7.00781 6.72951 9.9285 
-0.460122 -0.336221 -0.091972 -0.393771 -0.545124 -0.312081 -0.904348 -0.632616 
96
1 1 0 1 1 1 1 
5.46 6.91654 11.2691 7.48322 9.97897 9.06316 8.03596 
-0.33592 -0.463473 -0.0937859 -0.391668 -0.541458 -0.889991 -0.315265 
100
0 0 0 
5.55438 8.05494 9.96837 
0.34989 0.17678 0.00481108 
100
0 1 1 1 1 1 1 0 
10.447 5.60405 6.99075 9.42536 7.30954 8.36517 8.68503 8.63692 
-0.0953895 -0.329754 -0.46698 -0.540328 -0.40301 -0.316701 -0.897868 0.0320952 
104
1 1 1 0 1 1 1 0 
5.71773 9.04381 10.0269 8.10465 8.79738 7.8378 6.35335 8.8744 
-0.332229 -0.469813 -0.541648 -0.0813848 -0.632866 -0.392663 -0.31407 0.03247 
104
0 0 0 
5.27376 9.14225 8.43599 
0.350569 0.173272 0.0114412 
108
0 0 0 
5.10116 8.43801 9.86999 
0.353404 0.17486 0.00575401 
108
1 1 1 0 1 1 1 
6.30793 7.21898 9.3251 13.0983 10.337 9.00873 6.98355 
-0.340243 -0.473523 -0.540722 -0.0896097 -0.627977 -0.392652 -0.312734 
112
0 0 0 
8.68222 5.40027 10.4452 
0.175204 0.350078 0.000764627 
112
1 1 1 1 1 0 1 1 0 
5.64779 7.34793 9.84548 11.2207 7.33028 11.9785 7.71374 9.39421 9.57051 
-0.333314 -0.472807 -0.546459 -0.62984 -0.320763 -0.0882155 -0.400864 -0.897997 0.033431 
116
0 0 0 
8.33712 5.62924 8.86956 
0.174677 0.342328 0.00855297 
116
1 1 1 1 1 1 0 
10.0635 5.59298 7.22378 10.0585 7.80061 6.19938 12.3875 
-0.627342 -0.335326 -0.473661 -0.548827 -0.401864 -0.320798 -0.0902847 
120
0 0 0 
5.19104 7.81169 9.4321 
0.347476 0.176031 0.00528941 
120
1 0 1 1 1 1 1 
12.0582 10.2235 10.3011 8.53026 4.74499 8.13554 7.10455 
-0.54648 -0.0831947 -0.628161 -0.465689 -0.332656 -0.398111 -0.321402 
124
1 1 1 1 1 0 1 
10.527 5.09718 9.8814 7.80035 8.80967 9.45975 7.43767 
-0.545867 -0.343534 -0.631721 -0.397733 -0.465099 -0.0882204 -0.32354 
124
0 0 0 
4.4014 7.36456 9.61807 
0.360718 0.177888 0.00450084 
128
1 1 1 1 1 0 1 0 0 
6.40773 9.93739 10.0214 7.84628 6.92529 11.2325 8.69996 12.6373 8.74723 
-0.346643 -0.550928 -0.643343 -0.401108 -0.321822 -0.0938722 -0.464712 -0.482353 0.0333455 
128
0 0 0 
9.29953 5.24754 8.1681 
0.171464 0.356819 0.00203434 
132
0 0 0 
5.18923 9.0627 9.16004 
0.354803 0.173105 0.0080402 
132
1 1 1 1 1 0 1 0 0 
5.36495 5.90318 10.4149 9.20365 6.6119 11.9998 9.30456 9.25642 13.1759 
-0.35033 -0.396599 -0.554014 -0.634182 -0.318373 -0.0945268 -0.467623 0.0324838 -0.29628 
136
0 0 0 
4.43262 8.38027 8.66964 
0.36924 0.174376 0.0115536 
136
1 1 1 1 0 1 1 0 
5.50771 9.91073 9.26167 8.30801 12.3066 8.30281 6.39326 10.9821 
-0.357302 -0.561014 -0.639363 -0.402586 -0.0925987 -0.477551 -0.324816 -0.658769 
140
1 1 1 1 1 0 1 0 1 0 
5.28923 10.9715 9.7711 8.2443 8.24312 11.373 5.44359 11.1637 7.99795 11.0999 
-0.349904 -0.557277 -0.647784 -0.472761 -0.409756 -0.0943422 -0.338307 -0.666619 -0.723478 -0.487756 
140
0 0 0 
5.35438 7.70253 9.21191 
0.365371 0.18593 0.00472692 
144
0 0 0 
4.78944 6.43748 7.42887 
0.379905 0.184003 0.0059376 
144
1 1 1 1 1 1 0 1 0 
10.0553 5.05226 8.42031 8.34052 8.95198 7.86976 12.1067 5.86737 10.4515 
-0.561797 -0.365551 -0.477776 -0.647696 -0.730682 -0.407321 -0.0940934 -0.340026 -0.665933 
148
0 0 0 
5.30621 8.51546 8.13852 
0.369044 0.182039 0.0124398 
148
1 0 1 1 1 1 1 1 0 0 
5.12625 10.8273 9.38896 9.2777 8.56049 7.90685 7.02155 6.77429 14.3253 11.9438 
-0.366362 -0.0922678 -0.5682 -0.733712 -0.484645 -0.415623 -0.656991 -0.343191 -0.296708 -0.675407 
152
0 0 0 
5.41725 6.73292 8.62729 
0.38216 0.188454 0.0108275 
152
1 1 1 0 1 1 1 0 1 0 
8.90038 5.83246 8.40264 10.3974 7.55121 8.1768 8.31148 16.378 5.70903 9.01644 
-0.739478 -0.386286 -0.575755 -0.0961533 -0.42692 -0.665373 -0.487348 -0.686025 -0.343941 0.0294971 
156
1 1 1 1 1 1 0 1 0 0 
9.92254 7.27545 5.62376 9.18034 7.02031 8.59611 8.90071 6.39792 11.9011 11.8192 
-0.67848 -0.436597 -0.391482 -0.756409 -0.502952 -0.582555 -0.101307 -0.346361 -0.687844 -0.309691 
156
0 0 0 
4.35018 6.10871 10.2099 
0.395184 0.200682 0.0026644 
160
0 0 0 
4.53103 8.35274 9.47318 
0.400608 0.188055 -0.00138103 
160
0 1 1 1 1 1 1 1 1 0 0 0 
9.87855 6.8272 4.66316 8.93118 8.5569 6.88201 7.99387 4.57422 7.33272 7.69807 11.0855 12.2522 
-0.109287 -0.862134 -0.394655 -0.769679 -0.68316 -0.447477 -0.589363 -0.347072 -0.50283 0.0318454 -0.310175 -0.697157 
164
1 0 1 1 1 1 1 1 0 1 0 0 
4.85634 11.7305 6.90036 7.4133 8.7314 8.96614 5.33953 7.36223 11.7347 9.49277 12.7901 11.3587 
-0.411969 -0.108256 -0.452951 -0.879773 -0.523436 -0.775673 -0.365455 -0.603857 0.031939 -0.694295 -0.70265 -0.318498 
168
0 1 1 1 1 1 1 1 1 0 0 0 
9.55633 8.46434 4.43894 7.68734 5.6282 7.5473 8.46245 9.2243 9.33468 14.0927 6.20416 10.1315 
-0.106298 -0.794668 -0.423304 -0.611655 -0.379419 -0.461043 -0.525042 -0.702099 -0.901578 -0.319392 0.0317786 -0.708367 
164
0 0 0 
6.5794 5.19643 8.92553 
0.191028 0.406617 -0.000683298 
168
0 0 0 
4.6737 6.93923 8.62495 
0.418117 0.196896 0.00123952 
172
1 1 1 1 1 1 0 1 0 0 1 
4.30119 7.84996 5.09865 9.90334 8.57891 7.4057 11.3093 6.78291 7.31561 12.5912 4.69027 
-0.436626 -0.799198 -0.387784 -0.720692 -0.622434 -0.539935 -0.110192 -0.479318 0.0342542 -0.725177 -0.923011 
172
0 0 0 
3.90402 6.08204 7.39465 
0.437668 0.202311 0.00147609 
176
1 1 1 1 1 1 1 0 0 0 0 0 
4.53904 8.3954 8.53308 4.28963 7.70043 7.53385 6.38348 9.95687 7.49472 11.9447 14.1458 14.1875 
-0.460214 -0.637201 -0.731284 -0.398179 -0.819842 -0.547624 -0.481194 -0.118062 0.0354004 -0.338701 -0.542485 -0.730737 
176
0 0 0 
4.12117 7.02953 5.98594 
0.442362 0.199213 -0.00144662 
180
0 0 0 
6.31142 4.02379 6.79062 
0.206796 0.464237 0.00138415 
180
1 1 1 1 1 0 1 1 0 0 0 0 
4.22041 4.77161 8.35094 7.10834 7.70387 11.1922 8.95147 8.05 10.2379 5.70676 12.545 9.53227 
-0.466253 -0.423594 -0.837995 -0.640205 -0.495513 -0.120813 -0.742641 -0.561356 -0.737926 0.0323716 -0.551957 -0.341058 
184
0 0 0 
3.80233 6.04493 7.20491 
0.488857 0.220291 0.00396628 
184
1 1 1 1 1 1 0 1 0 0 0 
8.11022 4.49012 8.48004 3.7875 6.85785 7.30464 9.81487 7.68822 9.9643 12.4004 7.3239 
-0.577518 -0.486414 -0.84543 -0.418682 -0.499734 -0.658204 -0.115476 -0.760829 -0.543553 -0.341349 0.0290903 
188
1 1 1 1 1 1 0 1 0 0 0 
4.62054 3.65909 8.72041 8.75989 9.46012 8.10253 9.32928 6.2606 8.83427 10.4793 10.4101 
-0.494567 -0.425835 -0.578513 -0.857555 -0.669594 -0.769368 -0.751053 -0.50856 -0.111668 -0.342156 -0.550575 
192
0 0 0 
3.19418 5.73258 7.76168 
0.562972 0.251833 0.029043 
196
0 0 0 
3.29378 6.95974 8.37762 
0.60542 0.266577 0.0431322 
192
1 1 1 1 1 1 1 0 0 0 
3.82446 6.38232 3.67399 7.86416 7.77519 5.92124 8.37608 11.3404 9.00063 9.07215 
-0.502805 -0.576819 -0.434647 -0.667899 -0.864001 -0.517622 -0.773139 -0.548029 -0.747669 -0.341646 
200
0 0 0 
3.13481 5.19735 7.5201 
0.653562 0.304476 0.055303 
204
0 0 0 
3.31476 5.97012 7.77955 
0.688266 0.32429 0.0751771 
200
1 1 1 0 1 1 1 1 0 0 
3.15725 7.60928 5.41688 7.38817 7.01227 8.68086 8.61335 4.48226 9.53293 9.99393 
-0.520865 -0.680317 -0.515753 -0.0684649 -0.581979 -0.780136 -0.88112 -0.447311 -0.749426 -0.315872 
204
1 1 1 1 0 1 1 1 0 0 0 
3.75845 5.9027 6.54743 3.7204 7.80472 8.20435 7.70499 5.09277 9.46643 10.3812 9.83235 
-0.546239 -0.522066 -0.593481 -0.440573 -0.0629574 -0.887722 -0.685963 -0.793349 -0.306589 -0.751367 -0.531263 
208
0 0 0 
2.91878 5.51222 6.9302 
0.766146 0.356385 0.0937954 
208
1 0 1 1 1 1 1 0 1 0 0 
3.30803 8.50502 8.2925 6.41367 6.05581 6.1361 5.40528 9.24303 4.04305 10.9532 8.86851 
-0.556116 -0.0512589 -0.897939 -0.797342 -0.584021 -0.679756 -0.523095 -0.744946 -0.46175 -0.535247 -0.301742 
212
0 0 0 
2.93275 5.77107 5.65613 
0.833586 0.374917 0.12616 
216
1 1 0 1 1 1 0 1 0 0 1 1 
2.65585 3.84905 7.64905 5.83271 6.88522 5.32077 11.7671 7.69401 10.8166 7.40647 4.92834 4.84262 
-0.601219 -0.485712 -0.0261706 -0.603776 -0.698338 -0.537468 -0.285042 -0.807308 -0.747028 -0.519431 -0.469234 -0.923703 
216
0 0 0 
2.28137 4.89791 6.14687 
0.932447 0.426126 0.138327 
220
0 0 0 
2.27208 4.45706 6.17423 
1.02388 0.46329 0.160145 
220
1 1 1 0 1 1 1 0 1 0 0 
2.36199 3.45534 6.70529 7.97729 4.42042 6.98753 4.56668 8.80625 4.00641 12.0536 8.39969 
-0.621126 -0.491899 -0.702389 -0.00330719 -0.601772 -0.810605 -0.537099 -0.272005 -0.464694 -0.74548 -0.514229 
224
1 1 0 1 1 1 1 1 0 0 0 
2.22846 3.34543 6.79705 4.20218 6.47122 5.59683 4.13061 7.28689 6.85192 9.3853 9.33433 
-0.655007 -0.494189 0.0161405 -0.480052 -0.703527 -0.60368 -0.540792 -0.820021 -0.250262 -0.507629 -0.72769 
228
1 1 1 1 1 1 0 0 0 0 
2.01153 3.83642 5.44411 3.26963 5.84413 4.23274 7.9111 8.0762 9.25616 8.22763 
-0.684462 -0.489676 -0.603893 -0.512403 -0.705463 -0.548842 0.0348072 -0.233529 -0.721673 -0.490636 
228
0 0 
4.11039 5.09556 
0.561427 0.231537 
232
1 1 1 1 1 1 1 0 0 0 
2.034 2.90486 3.46977 3.93012 4.89064 4.90567 6.07952 8.92995 7.95771 6.77832 
-0.71971 -0.525319 -0.482667 -0.545583 -0.702677 -0.603809 -0.825172 -0.218043 -0.711128 -0.481059 
232
0 0 0 
3.96629 5.27052 5.78371 
0.623319 0.272397 0.016739 
236
1 1 1 1 1 1 0 1 0 0 
2.61089 1.97426 4.95243 3.62766 5.09524 3.55675 7.85259 5.29222 8.43591 11.0163 
-0.532722 -0.77529 -0.613394 -0.547888 -0.705522 -0.487315 -0.196965 -0.829371 -0.4661 -0.714522 
236
0 0 0 
4.02345 7.42929 5.48838 
0.68468 0.0504465 0.29909 
240
0 0 0 
4.16682 5.06588 5.60633 
0.740624 0.347915 0.0893707 
240
1 1 1 1 1 1 0 0 0 
1.97071 3.00217 2.38228 4.6389 4.00931 4.65939 8.04549 9.65172 11.5088 
-0.809808 -0.498506 -0.557811 -0.613564 -0.554804 -0.700418 -0.181935 -0.458963 -0.697957 
244
0 0 0 
4.0042 4.86529 4.60459 
0.807864 0.122849 0.392028 
248
0 0 0 
3.45685 4.31003 5.39891 
0.892302 0.4463 0.14517 
248
1 1 1 1 1 0 1 0 0 
2.18676 2.09916 3.58254 4.44779 4.88046 7.24207 5.79858 11.7346 9.28947 
-0.53567 -0.627462 -0.581778 -0.626109 -0.733558 -0.15405 -0.85508 -0.440798 -0.69125 
252
0 0 0 
3.43301 4.22433 5.11091 
0.975365 0.48554 0.177173 
252
1 1 1 1 1 0 0 0 
1.81878 2.28368 2.96277 4.25059 4.78795 7.42169 9.06607 6.65301 
-0.678377 -0.579149 -0.596801 -0.648316 -0.739539 -0.127752 -0.42795 -0.67966 
256
1 1 1 1 1 1 0 0 0 
3.22489 2.19698 1.58035 4.42139 4.17622 5.76604 7.185 8.22124 7.76559 
-0.61884 -0.596913 -0.703591 -0.757975 -0.677251 -0.888519 -0.4261 -0.113291 -0.695751 
260
1 1 1 1 0 1 1 0 0 
1.9784 2.54782 4.22222 2.93171 8.12062 5.52155 4.20797 6.08522 9.99647 
-0.655498 -0.643029 -0.776634 -0.805427 -0.10419 -0.900549 -0.682598 -0.426668 -0.676647 
256
0 0 
3.74509 4.8657 
0.539843 0.199838 
264
0 0 
3.91574 4.95702 
0.666591 0.284782 
264
1 1 1 1 0 0 0 1 
1.80572 2.40017 3.76111 4.26446 8.20992 6.14273 8.06409 2.8037 
-0.679636 -0.684404 -0.696606 -0.792943 -0.0752734 -0.682897 -0.40692 -0.932493 
268
0 0 
3.4898 4.43999 
0.749464 0.335261 
268
1 1 1 1 0 0 0 
2.22871 3.25272 2.21509 4.12102 6.08688 6.66167 7.94434 
-0.739407 -0.704131 -0.723732 -0.805711 -0.0459663 -0.389184 -0.652912 
272
0 0 
3.0927 3.43106 
0.847322 0.415529 
276
0 0 
3.36351 4.2069 
0.932066 0.469549 
280
0 0 0 
3.84931 5.12453 1.61221 
0.545464 0.0387716 1.04772 
272
1 1 1 0 0 0 
2.33919 3.5878 3.5814 6.18182 6.54245 8.24613 
-0.733115 -0.72708 -0.809328 -0.00308857 -0.361051 -0.641623 
276
1 1 1 0 0 0 
2.76345 2.11015 3.53297 6.16783 6.19523 7.61367 
-0.727545 -0.772923 -0.805252 0.0348792 -0.329289 -0.612047 
280
1 1 1 0 0 
1.86527 2.62688 3.25969 8.90281 9.24576 
-0.806724 -0.740707 -0.818313 -0.591031 -0.29128 
284
0 0 
3.66892 4.81978 
0.623765 0.094905 
288
1 1 0 1 0 
2.44297 3.31078 7.41854 3.11599 6.98353 
-0.7687 -0.82462 -0.229963 -0.833444 -0.54625 
292
1 1 0 0 
2.07724 3.60869 7.10698 6.19286 
-0.794495 -0.842352 -0.192865 -0.526785 
288
0 0 
3.24308 4.5245 
0.708495 0.14229 
292
0 0 
3.36767 3.9557 
0.776495 0.200994 
296
0 0 
3.25571 4.46854 
0.854009 0.23413 
300
0 0 
3.16461 3.97343 
0.935593 0.290147 
296
1 1 0 0 
1.91591 3.11976 6.55258 8.43311 
-0.798261 -0.862008 -0.157748 -0.494365 
300
1 1 0 0 
2.01649 3.66573 5.78066 6.96664 
-0.818532 -0.854906 -0.1263 -0.477789 
304
0 0 
3.73778 3.47207 
0.343903 0.995685 
304
1 1 0 0 
1.63177 2.85889 5.95167 7.73481 
-0.806134 -0.863559 -0.105336 -0.449046 
308
0 
3.43981 
0.399552 
308
1 0 1 
2.557 5.49915 2.08999 
-0.867357 -0.0612859 -0.8494 
312
0 
3.37457 
0.44129 
312
1 0 0 
2.42741 5.29844 8.26058 
-0.889656 -0.0389914 -0.415175 
316
1 0 0 
2.04965 5.53139 7.81924 
-0.923484 -0.0149162 -0.390612 
316
0 
2.81216 
0.505674 
320
1 0 0 
1.44485 4.94759 4.87289 
-0.940353 0.025583 -0.362081 
320
0 
3.36979 
0.533449 
324
0 
3.2657 
0.573761 
328
0 0 1 
6.55207 2.13949 1.62301 
-0.332856 0.0170042 -0.965541 
328
0 0 
3.3356 2.55808 
0.619085 0.0296763 
332
0 0 1 
5.44494 7.81035 1.75089 
-0.324073 -0.677212 -0.992169 
336
0 0 
5.84424 8.63662 
-0.307306 -0.667277 
340
0 0 
6.229 9.08944 
-0.292846 -0.650861 
332
0 0 
3.49476 4.47868 
0.664903 0.0511658 
336
0 0 
3.10148 3.6832 
0.70799 0.0863193 
340
0 0 
3.41575 3.92533 
0.7408 0.100449 
344
0 0 
6.11318 8.04705 
-0.279799 -0.636964 
344
0 0 
3.08827 3.81794 
0.793523 0.117972 
348
0 0 
4.77783 7.80193 
-0.262093 -0.632531 
348
0 0 
2.94648 3.85827 
0.833686 0.14533 
352
0 0 
2.906 4.16535 
0.866864 0.167668 
352
0 0 
5.05272 7.74091 
-0.241814 -0.618314 
356
0 0 
3.94902 2.8974 
0.177121 0.904662 
360
0 0 
3.59863 3.05341 
0.196912 0.924419 
356
0 0 0 
4.91192 7.84074 5.20888 
-0.231815 -0.611586 -0.910788 
360
0 0 0 
4.61523 7.39025 5.37133 
-0.222405 -0.606962 -0.914016 
364
0 0 
3.5923 3.18318 
0.222146 0.951779 
364
0 0 0 
4.54818 7.40542 8.0612 
-0.206716 -0.589852 -0.894306 
368
0 0 0 
4.6033 7.17352 6.03589 
-0.201126 -0.889568 -0.588969 
368
0 0 
2.97552 3.58155 
0.988364 0.23266 
372
0 0 0 
4.90925 6.17681 7.51968 
-0.19464 -0.57841 -0.884759 
376
0 0 0 
4.68498 6.12287 6.01384 
-0.187667 -0.878291 -0.573637 
372
0 0 
2.5193 4.05543 
1.02151 0.241259 
380
0 0 0 
4.98922 5.93037 6.14769 
-0.186219 -0.569249 -0.868646 
384
0 0 0 
5.17763 6.35541 6.5382 
-0.183531 -0.570682 -0.867772 
380
0 0 
4.13733 2.12025 
0.266117 1.02738 
384
0 0 
3.96294 1.78317 
0.273071 1.04517 
388
0 0 0 
4.4962 5.79594 5.57222 
-0.170687 -0.570121 -0.869041 
388
0 0 
3.69072 1.33973 
0.274201 1.08015 
392
0 0 
3.84902 1.46423 
0.276181 1.07168 
392
0 0 0 
5.0831 5.90736 5.79876 
-0.177982 -0.564489 -0.869779 
396
0 0 0 
4.74024 6.27272 6.62951 
-0.177717 -0.868866 -0.568808 
396
0 0 
4.12239 1.24345 
0.267263 1.08876 
400
0 0 0 
5.31814 4.75986 5.41687 
-0.179773 -0.563337 -0.864276 
400
0 0 
3.99943 1.16533 
0.265495 1.10244 
404
0 0 
4.16424 1.15977 
0.264834 1.10094 
408
0 0 
3.93058 1.2403 
0.265743 1.09036 
412
0 0 
4.03558 1.42253 
0.266225 1.07319 
404
0 0 0 
4.63351 6.36404 6.04755 
-0.17817 -0.561267 -0.864857 
408
0 0 0 
4.46033 5.72136 6.23041 
-0.176439 -0.576308 -0.870503 
412
0 0 0 
4.55361 6.9752 6.15566 
-0.169074 -0.568931 -0.872493 
416
0 0 0 
4.10887 6.00398 8.51046 
-0.172765 -0.575051 -0.875519 
420
0 0 0 
4.72816 6.7747 6.33086 
-0.177596 -0.560657 -0.869921 
424
0 0 0 
4.67279 6.14961 6.24757 
-0.174025 -0.56747 -0.862988 
420
0 0 
3.95849 1.17243 
0.264708 1.10324 
424
0 0 
3.99872 1.46105 
0.264364 1.07064 
428
0 0 0 
4.70869 4.3095 6.16905 
-0.869291 -0.170433 -0.567569 
428
0 0 
3.5149 1.3179 
0.278194 1.08272 
432
0 0 0 
4.23124 5.06352 6.54423 
-0.17268 -0.571994 -0.865394 
432
0 0 
3.11991 1.31865 
0.284858 1.08518 
436
0 0 
3.10478 1.72842 
0.293948 1.0597 
436
0 0 0 
4.83209 5.56496 6.4771 
-0.171361 -0.573595 -0.870697 
440
0 0 
3.99423 1.25381 
0.271277 1.09306 
440
0 0 0 
4.42038 6.91704 5.42049 
-0.176838 -0.56947 -0.875952 
444
0 0 0 
4.52862 6.6207 5.19668 
-0.177282 -0.567959 -0.8697 
444
0 0 
2.89675 1.76981 
0.292228 1.05394 
448
0 0 0 
4.60422 6.57078 5.18982 
-0.166306 -0.567101 -0.874065 
448
0 0 
4.02155 1.25533 
0.268759 1.09305 
452
0 0 0 
4.56692 6.59095 6.96006 
-0.176716 -0.56898 -0.874042 
452
0 0 
3.79253 1.15287 
0.271032 1.10173 
456
0 0 0 
4.57115 7.52899 6.55982 
-0.177375 -0.568519 -0.874453 
460
0 0 0 
4.22717 5.69265 8.33798 
-0.179512 -0.573077 -0.873874 
456
0 0 
4.35825 1.1752 
0.265139 1.0985 
460
0 0 
3.34289 1.62927 
0.284714 1.06045 
464
0 0 
4.05195 1.57743 
0.26559 1.06567 
464
0 0 0 
4.56799 6.70064 6.12569 
-0.177347 -0.568165 -0.872084 
468
0 0 0 
5.38149 4.54586 5.09457 
-0.175309 -0.865585 -0.573041 
472
0 0 0 
5.76868 5.03439 8.24469 
-0.574465 -0.172555 -0.875203 
476
0 0 0 
4.61453 5.7445 6.09889 
-0.177176 -0.574193 -0.86485 
472
0 0 
3.93583 1.24573 
0.273819 1.09023 
476
0 0 
3.92227 1.54201 
0.266694 1.06861 
480
0 0 0 
4.26782 7.25445 8.13886 
-0.168783 -0.568787 -0.876175 
480
0 0 
3.568 1.46122 
0.277004 1.07404 
484
0 0 0 
4.63625 6.38023 6.03451 
-0.177621 -0.567554 -0.866351 
484
0 0 
4.03749 1.55734 
0.271465 1.06743 
488
0 0 
2.92978 1.17836 
0.298678 1.10317 
488
0 0 0 
4.46552 5.27842 5.5204 
-0.171816 -0.57031 -0.867651 
492
0 0 0 
4.78183 6.54208 5.7271 
-0.17859 -0.568852 -0.867258 
492
0 0 
3.75227 1.37363 
0.27493 1.0827 
496
0 0 
3.15711 1.43669 
0.28323 1.07995 
496
0 0 0 
4.12705 4.43906 6.27364 
-0.172295 -0.872947 -0.566711 
500
0 0 0 
4.82885 5.61531 5.60577 
-0.172392 -0.570875 -0.871689 
500
0 0 
3.98068 1.53482 
0.268678 1.0682 
504
0 0 0 
5.06112 5.35941 8.59321 
-0.173414 -0.574463 -0.874301 
508
0 0 0 
4.85231 6.97642 6.64822 
-0.178988 -0.568446 -0.868201 
508
0 0 
4.07074 1.20558 
0.266791 1.092 
512
0 0 
3.88985 1.52916 
0.268113 1.07047 
512
0 0 0 
4.52175 5.10372 7.88726 
-0.171444 -0.561874 -0.875127 
516
0 0 0 
4.48715 9.02054 6.10431 
-0.176893 -0.876023 -0.568242 
516
0 0 
4.01495 1.20788 
0.266622 1.09225 
520
0 0 0 
4.6681 5.28293 6.10038 
-0.178091 -0.574265 -0.867266 
524
0 0 0 
4.47035 6.90948 6.55057 
-0.171117 -0.56883 -0.872681 
520
0 0 
3.7859 1.42948 
0.269562 1.07415 
524
0 0 
4.02022 1.12109 
0.271595 1.10978 
528
0 0 
3.96569 1.12366 
0.268194 1.10491 
528
0 0 0 
4.63041 6.70623 6.43933 
-0.177223 -0.569234 -0.864862 
532
0 0 0 
4.42405 5.16474 7.16669 
-0.177622 -0.572148 -0.873573 
532
0 0 
2.91615 1.69749 
0.290954 1.05913 
536
0 0 0 
5.01463 4.85531 5.73679 
-0.172575 -0.571129 -0.869864 
536
0 0 
3.07728 1.68954 
0.289132 1.06119 
540
0 0 0 
4.62081 5.6217 7.81151 
-0.177189 -0.57498 -0.873898 
540
0 0 
4.3136 2.23344 
0.268285 1.03559 
544
0 0 
3.91644 2.31385 
0.267018 1.033 
544
0 0 0 
4.6493 5.17901 6.35666 
-0.176599 -0.571525 -0.866003 
548
0 0 0 
4.62044 4.84493 5.63307 
-0.178163 -0.566436 -0.865067 
548
0 0 
3.69682 2.16315 
0.272312 1.03205 
552
0 0 0 
4.55632 7.72105 8.0054 
-0.183161 -0.568271 -0.881919 
556
0 0 0 
4.46532 5.15885 7.53082 
-0.1803 -0.572114 -0.874988 
556
0 0 
3.67796 1.78386 
0.275501 1.04796 
560
0 0 0 
4.43381 5.1826 4.72174 
-0.179582 -0.57133 -0.866263 
560
0 
4.4669 
0.260149 
564
0 0 0 
4.44645 5.79798 6.11662 
-0.181723 -0.572681 -0.867381 
564
0 0 
3.40545 1.89503 
0.273853 1.03475 
568
0 0 0 
4.69429 5.03113 6.26308 
-0.181641 -0.569408 -0.87883 
572
0 0 0 
4.32458 5.32544 6.51308 
-0.178648 -0.566034 -0.880048 
568
0 
3.39536 
0.277325 
572
0 0 
3.82387 2.19578 
0.2581 1.01949 
576
0 
3.63831 
0.268105 
576
0 0 0 
4.41596 5.05166 7.30015 
-0.181303 -0.563223 -0.880179 
580
0 0 0 
4.54503 6.39347 6.88508 
-0.179659 -0.578982 -0.884245 
580
0 
4.78699 
0.256082 
584
0 0 0 
4.74829 6.47354 7.64247 
-0.187235 -0.578178 -0.881891 
584
0 
3.93063 
0.260277 
588
0 0 0 
5.05304 7.35533 5.97505 
-0.189643 -0.580671 -0.8777 
588
0 
4.05882 
0.257686 
592
0 0 0 
4.7629 7.41726 7.55765 
-0.188482 -0.582415 -0.882433 
596
0 0 
4.24881 2.22103 
0.247619 1.03161 
596
0 0 0 
4.70219 6.77122 6.4712 
-0.186379 -0.581415 -0.878637 
600
0 0 
3.37745 2.29798 
0.270587 1.03128 
604
0 
3.37031 
0.272281 
600
0 0 0 
4.45479 6.90672 8.47297 
-0.186721 -0.580671 -0.882556 
604
0 0 0 
4.59085 7.06293 5.4077 
-0.185836 -0.577078 -0.879995 
608
0 0 0 
4.69012 6.41755 6.04921 
-0.185358 -0.580941 -0.878685 
608
0 
3.57632 
0.270409 
612
0 0 0 
4.52213 6.99198 7.87514 
-0.180955 -0.580108 -0.881566 
612
0 
3.56655 
0.268219 
616
0 0 0 
4.44501 4.79209 8.00386 
-0.180473 -0.560805 -0.882461 
616
0 0 
4.53157 1.87619 
0.259948 1.0372 
620
0 0 
1.87869 3.22826 
1.04653 0.279191 
620
0 0 0 
4.60283 4.93997 7.58062 
-0.181579 -0.561749 -0.878902 
624
0 0 
3.24957 2.48193 
0.27283 1.00892 
628
0 0 0 
4.654 6.24036 6.22542 
-0.182517 -0.578977 -0.875539 
628
0 
3.74611 
0.265816 
632
0 0 0 
4.62272 6.59943 5.2803 
-0.181315 -0.57348 -0.868075 
632
0 0 
3.68446 2.08268 
0.271261 1.03064 
636
0 0 0 
4.58937 5.04029 6.0317 
-0.181031 -0.573748 -0.870214 
636
0 
3.85977 
0.266986 
640
0 0 0 
4.38476 5.48654 6.49905 
-0.180474 -0.568547 -0.871641 
640
0 
3.60007 
0.266668 
644
0 0 0 
4.49473 4.71441 6.78964 
-0.181315 -0.575135 -0.883243 
644
0 
3.8256 
0.268394 
648
0 0 0 
4.51044 6.92725 6.57385 
-0.180705 -0.568065 -0.87469 
648
0 
3.24991 
0.275931 
652
0 
3.75547 
0.270649 
652
0 0 0 
4.67356 5.67419 6.95274 
-0.182054 -0.57357 -0.871457 
656
0 0 0 
4.4246 5.08849 9.16244 
-0.180395 -0.573833 -0.878813 
656
0 0 
3.56131 2.40018 
0.274104 1.02235 
660
0 0 
3.74136 2.22064 
0.275073 1.02993 
664
0 0 0 
4.77466 5.28168 5.76652 
-0.183942 -0.568292 -0.871805 
664
0 0 
4.00358 1.78698 
0.267386 1.04551 
668
0 
3.58627 
0.275591 
672
0 
3.73373 
0.274846 
668
0 0 0 
4.32491 5.0451 6.62088 
-0.17941 -0.574607 -0.867831 
672
0 0 0 
4.37549 5.13041 6.85153 
-0.180135 -0.568734 -0.871502 
676
0 
3.70871 
0.276133 
676
0 0 0 
4.44972 6.86137 6.98017 
-0.179944 -0.567989 -0.869966 
680
0 0 
3.59716 2.2205 
0.271302 1.03164 
680
0 0 0 
4.50839 6.2336 7.11525 
-0.181311 -0.566432 -0.874271 
684
0 0 
3.49195 2.41945 
0.279128 1.02228 
684
0 0 0 
4.6185 6.81597 6.89148 
-0.181369 -0.567138 -0.868796 
688
0 0 
4.68067 6.91046 
-0.177863 -0.566834 
692
0 0 
4.36661 4.84096 
-0.180523 -0.572995 
688
0 0 
3.76409 2.10354 
0.275035 1.03772 
692
0 0 
3.78993 2.13832 
0.272441 1.02807 
696
0 0 
4.29037 5.00908 
-0.178401 -0.572544 
696
0 0 
3.95281 2.29634 
0.27246 1.03043 
700
0 0 
4.45729 6.38403 
-0.180631 -0.570195 
700
0 0 
4.00907 2.09679 
0.265162 1.03728 
704
0 0 
3.54102 1.82976 
0.273003 1.0445 
708
0 0 0 
4.65243 6.54222 8.19526 
-0.17779 -0.568011 -0.87556 
708
0 0 
4.0639 1.45355 
0.271419 1.06976 
712
0 0 0 
5.12713 6.70591 7.19624 
-0.183597 -0.865964 -0.563818 
712
0 0 
3.59632 1.50426 
0.284021 1.06669 
716
0 0 
2.86165 1.51362 
0.300206 1.06285 
720
0 0 
3.7527 1.94645 
0.290266 1.03639 
716
0 0 0 
4.53574 7.44226 4.66248 
-0.167895 -0.867791 -0.566704 
720
0 0 0 
4.78985 8.70545 6.41507 
-0.168913 -0.872433 -0.564277 
724
0 0 0 
4.7857 6.90895 7.21088 
-0.1636 -0.557405 -0.864795 
724
0 0 
3.74273 1.82393 
0.290233 1.03964 
728
0 0 0 
6.16199 4.74935 6.79765 
-0.55796 -0.154331 -0.872806 
728
0 
3.51842 
0.302852 
732
0 0 0 
4.86141 5.71041 7.54397 
-0.159529 -0.557154 -0.865143 
736
0 0 0 
4.58306 5.28064 6.3765 
-0.155241 -0.862472 -0.557596 
732
0 
2.81617 
0.329204 
736
0 
3.77269 
0.30592 
740
0 0 0 
4.65747 8.64978 5.80611 
-0.151359 -0.862284 -0.551627 
744
0 0 0 
4.59931 6.30021 7.41775 
-0.147037 -0.548123 -0.862335 
740
0 
3.36119 
0.331246 
744
0 
3.78618 
0.33047 
748
0 
3.45133 
0.341724 
752
0 0 0 
4.67484 5.82673 8.02458 
-0.139591 -0.545147 -0.862844 
752
0 
3.38269 
0.358678 
756
0 0 0 
4.91059 5.0709 5.97264 
-0.131039 -0.544804 -0.847037 
756
0 
2.93245 
0.377102 
760
0 0 
4.64889 4.74122 
-0.124238 -0.533771 
764
0 0 0 
4.52929 5.24069 5.79025 
-0.115088 -0.523912 -0.835971 
760
0 
3.53201 
0.370694 
764
0 
2.86824 
0.403931 
768
0 0 0 
4.67513 6.88373 6.21722 
-0.104488 -0.527255 -0.835743 
768
0 
2.86777 
0.423676 
772
0 0 0 
5.04136 4.91653 6.37544 
-0.0968844 -0.518524 -0.831804 
772
0 
2.82325 
0.443169 
776
0 
2.69439 
0.474359 
776
0 0 0 
4.15267 5.07611 6.89693 
-0.0810029 -0.50151 -0.834766 
780
0 0 0 
4.28706 5.39865 5.57872 
-0.0687443 -0.502066 -0.830753 
780
0 
2.77733 
0.500994 
784
0 
3.0103 
0.526722 
784
0 0 0 
3.90466 5.10218 7.22973 
-0.0500913 -0.483255 -0.821151 
788
0 0 0 
4.40892 5.38006 5.41382 
-0.0290243 -0.474978 -0.812765 
792
0 0 0 
4.0615 5.26536 5.74331 
-0.00788551 -0.459006 -0.805806 
792
0 
2.58191 
0.610017 
796
0 0 0 
4.14616 4.44176 5.29621 
0.009367 -0.450345 -0.801934 
796
0 
2.43682 
0.671537 
800
0 
2.72296 
0.697666 
800
0 0 0 
4.00961 5.16866 6.23612 
0.0351845 -0.435808 -0.775739 
804
0 0 0 
4.76214 5.0519 2.26878 
-0.780566 -0.418037 0.028872 
804
0 
2.52719 
0.757838 
808
0 0 
4.74566 4.95299 
-0.751999 -0.402531 
808
0 
2.2376 
0.830576 
812
0 0 
2.11729 3.24613 
0.894966 0.0565936 
812
0 0 
6.13763 4.79339 
-0.749276 -0.389889 
816
0 0 
1.88488 2.78739 
0.985911 0.0923764 
820
0 0 
2.39162 3.45259 
1.03138 0.111382 
816
0 0 
4.30505 5.27704 
-0.370309 -0.739005 
820
0 0 
4.17939 5.95097 
-0.348742 -0.731783 
824
0 0 
4.37833 6.00606 
-0.323402 -0.718034 
824
0 0 
3.18014 2.3168 
0.162682 1.03249 
828
0 0 
4.19833 5.45942 
-0.302996 -0.699422 
828
0 
3.01536 
0.216903 
832
0 0 
4.1124 5.64693 
-0.286569 -0.68715 
832
0 
2.47269 
0.282908 
836
0 0 
3.13098 5.19616 
-0.259289 -0.68648 
836
0 2 
2.34398 6.74238 
0.337885 0.0814317 
840
0 0 
3.72171 5.60464 
-0.235973 -0.675398 
840
0 
3.05491 
0.36886 
844
0 
2.25569 
0.44908 
844
0 0 
3.46325 4.89973 
-0.212246 -0.660583 
848
0 0 0 
3.71685 4.62421 5.58679 
-0.1897 -0.637344 -0.84219 
848
0 
2.04785 
0.530926 
852
0 0 0 
3.5711 5.10588 4.85591 
-0.156693 -0.621637 -0.814918 
852
0 
2.47377 
0.597489 
856
0 
2.42539 
0.70374 
860
0 0 0 
3.65233 3.81824 3.41695 
-0.089634 -0.580498 -0.794098 
864
0 0 0 
2.75972 3.50363 4.76069 
-0.0376313 -0.561187 -0.771685 
860
0 
2.09919 
0.825615 
868
0 0 0 
3.19595 3.09556 4.69139 
-0.000503809 -0.521757 -0.749282 
872
0 0 0 
3.35398 4.72769 3.80367 
-0.506186 -0.726697 0.0269273 
876
0 0 
3.1531 4.60872 
-0.468856 -0.70257 
880
0 0 
3.34666 4.39287 
-0.451856 -0.672642 
884
0 0 
3.35795 4.58366 
-0.419175 -0.651579 
888
0 0 
3.28528 4.17302 
-0.397457 -0.632833 
892
0 0 0 
3.46768 4.29374 8.72885 
-0.366532 -0.605898 -0.893607 
896
0 0 0 
2.99056 3.5087 8.06725 
-0.324302 -0.566927 -0.857804 
900
0 0 0 0 
2.63061 3.51148 8.22715 15.9504 
-0.305176 -0.559402 -0.828297 -0.899376 
904
0 0 0 0 
2.76487 3.96401 9.20088 11.3842 
-0.26972 -0.535653 -0.802367 -0.876025 
904
0 
2.08954 
0.442673 
908
0 0 0 0 
2.5694 3.58102 8.76883 14.2488 
-0.248615 -0.512106 -0.781613 -0.845876 
908
0 
1.54738 
0.526326 
912
0 0 0 0 
2.57376 3.66114 7.98853 9.7236 
-0.213134 -0.490937 -0.75627 -0.815356 
916
0 0 0 0 
2.61741 3.15423 7.86235 15.4655 
-0.196016 -0.469409 -0.731399 -0.788191 
920
0 0 0 0 
3.64283 2.68426 8.3157 14.101 
-0.448425 -0.164471 -0.709663 -0.76598 
924
0 0 0 0 
3.5118 2.93171 8.45154 15.555 
-0.433601 -0.136151 -0.69501 -0.741241 
928
0 0 0 0 
3.4615 2.40038 8.98229 11.0372 
-0.408871 -0.0866339 -0.67165 -0.719554 
932
0 0 0 1 0 
2.86012 8.11536 2.28746 17.492 12.6319 
-0.384266 -0.644585 -0.0752915 -0.8916 -0.694782 
936
0 0 0 0 1 0 
3.09492 7.63057 11.1758 2.35923 14.1701 16.849 
-0.375818 -0.623904 -0.667889 -0.0472436 -0.871373 -0.700911 
940
0 0 0 1 1 
3.2772 7.09797 14.3593 12.6917 14.4129 
-0.349855 -0.602216 -0.652295 -0.893412 -0.852941 
948
0 0 1 0 
2.9569 7.44362 13.4059 14.3306 
-0.314912 -0.568693 -0.856021 -0.615631 
952
0 0 1 0 1 
2.64758 7.58969 11.7288 10.7301 15.0899 
-0.29493 -0.558922 -0.845207 -0.60525 -0.793166 
956
0 0 1 0 1 
2.85067 7.77034 13.2831 11.0563 16.4183 
-0.286878 -0.55037 -0.828925 -0.591724 -0.786119 
960
0 0 0 1 1 
2.52613 7.04116 12.2102 11.7143 19.8084 
-0.280762 -0.526321 -0.571409 -0.818389 -0.771075 
964
0 0 1 0 1 
2.6584 6.05986 11.3863 10.1643 14.7856 
-0.262853 -0.526479 -0.802939 -0.565727 -0.753823 
968
0 0 1 0 1 1 
2.63182 7.48873 11.1243 9.56776 4.36112 15.1491 
-0.241629 -0.513627 -0.797929 -0.543947 -0.923159 -0.750316 
972
0 0 1 0 1 1 
2.59725 6.24777 13.9609 9.01839 5.97987 13.0414 
-0.248069 -0.506204 -0.789311 -0.555511 -0.915314 -0.749755 
976
0 0 1 1 0 1 
2.65193 6.68175 12.8234 7.73089 11.9193 16.1544 
-0.247842 -0.503336 -0.786424 -0.899703 -0.544562 -0.742409 
980
0 1 0 1 0 1 
2.35964 7.11283 6.77386 12.4373 13.2024 18.3339 
-0.247874 -0.896057 -0.503261 -0.787696 -0.544526 -0.737006 
984
0 0 1 1 0 1 
2.56168 7.0676 7.54006 9.75555 11.943 18.1662 
-0.245113 -0.501262 -0.90025 -0.785246 -0.543795 -0.741694 
988
0 1 0 0 1 
2.66984 5.65346 7.68079 11.9143 10.4574 
-0.249812 -0.912996 -0.510272 -0.544932 -0.784953 
996
0 0 1 0 1 1 
2.55861 7.67632 9.43445 8.92091 5.61401 15.4592 
-0.245264 -0.508885 -0.801857 -0.53883 -0.910854 -0.740051 
1000
0 0 1 1 0 1 
2.68154 8.08009 11.774 4.49353 9.09367 9.90475 
-0.242418 -0.509896 -0.794651 -0.921777 -0.558846 -0.759529 
1004
0 0 1 1 1 0 
2.62671 7.71613 9.85201 5.90109 13.2869 6.75799 
-0.249517 -0.50947 -0.790961 -0.915541 -0.754613 -0.565085 
1008
0 0 1 1 0 1 1 
2.65256 8.11328 12.2499 5.24582 8.89626 26.4423 13.5033 
-0.251397 -0.510507 -0.789634 -0.917531 -0.547753 -0.896718 -0.754903 
1012
0 0 1 0 1 1 
2.62962 7.3665 11.244 12.8311 14.6968 5.66259 
-0.248281 -0.513226 -0.793839 -0.542846 -0.754016 -0.918529 
1016
0 0 1 0 1 
2.58804 6.79971 10.3005 14.4164 11.9651 
-0.235782 -0.519504 -0.791366 -0.539395 -0.756308 
1020
0 0 0 
2.48278 6.35325 9.03869 
-0.24044 -0.506664 -0.543881 
1024
0 0 1 
2.58192 7.04696 5.19538 
-0.247264 -0.512342 -0.914887 
1028
0 1 1 1 
2.34689 11.3036 16.1906 4.7653 
-0.244031 -0.793532 -0.751515 -0.922078 
1032
0 1 1 0 1 
2.55429 12.9824 15.784 10.9881 5.42815 
-0.250091 -0.79001 -0.751067 -0.551877 -0.917964 
1036
0 1 0 1 1 
7.80499 11.1469 11.2706 5.53627 14.5385 
-0.514712 -0.790798 -0.549203 -0.91445 -0.7456 
1040
0 0 0 1 1 1 1 
7.60789 2.03352 11.2717 11.8448 4.36114 16.6029 31.8971 
-0.513385 -0.311184 -0.545564 -0.793713 -0.924008 -0.747932 -0.899237 
1044
0 0 1 0 1 1 1 
2.59529 7.88535 11.8807 8.63119 13.7415 4.95645 27.3612 
-0.290823 -0.514157 -0.797469 -0.558428 -0.746345 -0.91821 -0.899383 
1048
0 0 1 0 1 1 
2.35988 7.64146 11.5806 11.8971 5.26688 13.1536 
-0.255893 -0.514274 -0.796898 -0.551222 -0.918468 -0.749129 
1052
0 0 1 0 1 1 1 
2.6198 8.34558 12.9355 10.6554 16.0245 4.81652 20.1004 
-0.256627 -0.515224 -0.793562 -0.550285 -0.746372 -0.921064 -0.898678 
1056
0 0 1 0 1 1 1 
2.88096 7.69842 10.6248 8.01818 15.2327 4.32387 28.0466 
-0.25528 -0.51477 -0.791186 -0.558654 -0.744202 -0.925648 -0.89935 
1060
0 0 1 1 0 1 1 
2.56402 7.73729 12.4016 16.0739 8.92984 5.4509 24.3935 
-0.25114 -0.514631 -0.798849 -0.746957 -0.559631 -0.917893 -0.896977 
1064
0 0 1 0 1 1 
2.47785 7.82132 11.0732 12.9726 16.0329 4.95371 
-0.250568 -0.51383 -0.794424 -0.542216 -0.74667 -0.922647 
1068
0 0 1 0 1 1 1 
2.69739 7.44935 10.8469 13.351 12.3282 4.87966 23.7327 
-0.255759 -0.514402 -0.794688 -0.543906 -0.745719 -0.923216 -0.897619 
1072
0 0 1 1 1 1 
2.70953 7.95612 9.96953 16.7876 4.92537 25.0097 
-0.256702 -0.514131 -0.7914 -0.747974 -0.918838 -0.896862 
1076
0 0 1 0 1 1 
2.54295 8.09082 10.1099 11.6137 4.70822 14.7088 
-0.254946 -0.515086 -0.796542 -0.551844 -0.925467 -0.751754 
1080
0 0 1 0 1 1 1 
2.58831 7.44896 11.4466 9.47137 14.928 5.02059 27.8877 
-0.253639 -0.514321 -0.788991 -0.546716 -0.748391 -0.923597 -0.896821 
1084
0 0 1 0 1 1 1 
2.7222 7.72892 13.0525 10.9066 21.9214 5.4007 27.3139 
-0.257341 -0.516015 -0.798188 -0.542498 -0.748377 -0.916613 -0.897168 
1088
0 0 1 0 1 1 1 
2.51052 6.9942 10.0814 11.8204 4.74333 13.542 25.2514 
-0.251328 -0.513556 -0.793272 -0.548321 -0.922423 -0.749992 -0.897025 
1092
0 0 1 1 0 1 1 
2.67215 7.84346 10.7812 16.4888 12.5753 4.94778 28.4303 
-0.255622 -0.515011 -0.792284 -0.750276 -0.553647 -0.92473 -0.897476 
1096
0 0 1 0 1 1 1 
2.58311 7.28325 10.851 12.7599 4.9013 16.2709 26.8445 
-0.250735 -0.51478 -0.791144 -0.545261 -0.922589 -0.750614 -0.896529 
1100
0 0 1 0 1 1 1 
2.45728 7.36769 11.5804 10.3248 4.70772 20.6243 24.1033 
-0.253347 -0.508444 -0.797176 -0.541268 -0.920488 -0.749971 -0.900173 
1104
0 0 1 0 1 1 
2.68852 7.88209 12.7212 9.69649 5.01082 14.8754 
-0.256967 -0.515464 -0.797997 -0.546523 -0.921043 -0.749301 
1108
0 0 1 1 1 0 1 
2.88982 7.81973 9.81092 5.89325 15.491 10.2513 28.9833 
-0.261262 -0.514422 -0.791564 -0.917078 -0.752963 -0.545636 -0.897032 
1112
0 0 1 0 1 1 
2.6964 7.98093 9.64658 9.60409 15.2973 5.39267 
-0.250993 -0.515838 -0.793094 -0.54347 -0.749704 -0.919005 
1116
0 0 1 1 0 1 
2.56865 7.02893 10.3583 5.11483 10.6571 16.5273 
-0.248546 -0.512916 -0.792409 -0.918549 -0.541189 -0.752453 
1120
0 0 1 0 1 1 1 
2.81582 7.7635 10.9644 13.2156 4.74936 16.3127 26.2062 
-0.253763 -0.509754 -0.792987 -0.552891 -0.925832 -0.751798 -0.896258 
1124
0 1 0 0 1 1 1 
2.71682 11.8865 7.96886 12.9511 4.59112 14.0372 26.5507 
-0.25196 -0.798224 -0.515481 -0.553614 -0.924772 -0.753907 -0.899981 
1128
0 0 1 1 1 1 
2.59619 7.66166 12.5361 13.468 5.54329 19.8594 
-0.249198 -0.50958 -0.798489 -0.749355 -0.917747 -0.892876 
1132
0 0 1 0 1 1 1 
2.57709 7.89679 12.0173 12.475 13.5524 5.01325 25.7859 
-0.254965 -0.514676 -0.797875 -0.553042 -0.753374 -0.919714 -0.897526 
1140
0 0 1 0 1 1 1 
2.48396 7.74937 11.7918 9.66638 5.59894 15.3029 25.3201 
-0.253325 -0.514257 -0.791533 -0.545764 -0.915724 -0.752919 -0.896977 
1144
0 0 1 0 1 1 1 
2.57528 6.4492 10.4684 10.038 15.5953 4.78116 27.1213 
-0.244296 -0.511237 -0.789713 -0.540638 -0.752091 -0.925538 -0.896865 
1148
0 0 1 0 1 1 1 
2.63022 7.86878 10.5816 13.2025 12.6092 4.68847 25.2827 
-0.243899 -0.509764 -0.792772 -0.554497 -0.755103 -0.926544 -0.897277 
1152
0 0 1 0 1 1 1 
2.44795 6.89004 9.86156 10.6779 14.2148 25.6237 5.84249 
-0.240308 -0.513049 -0.792165 -0.547769 -0.754051 -0.897359 -0.9212 
1156
0 0 1 1 0 1 
2.49044 7.83899 11.0265 13.1251 9.20956 5.36505 
-0.249338 -0.511473 -0.79348 -0.755494 -0.547199 -0.916956 
1160
0 0 1 0 1 1 
2.674 8.03456 12.3493 8.92168 5.62036 14.837 
-0.236858 -0.515867 -0.79749 -0.546093 -0.91677 -0.744579 
1164
0 0 0 1 1 1 
3.36812 7.78931 10.8724 12.8677 11.0885 5.12477 
-0.226154 -0.515545 -0.548972 -0.790433 -0.749416 -0.916345 
1168
0 0 1 1 1 
3.32072 8.62681 12.3693 14.3752 5.4481 
-0.215767 -0.511269 -0.794501 -0.753968 -0.920917 
1172
0 0 1 0 1 1 
2.74419 7.46602 12.047 11.0346 4.19914 13.5751 
-0.196517 -0.509165 -0.794946 -0.551986 -0.921499 -0.754741 
1176
0 0 1 0 1 1 
3.20637 8.18107 11.2328 9.73226 5.66114 16.8783 
-0.184291 -0.510609 -0.797528 -0.542557 -0.917479 -0.74388 
1180
0 0 1 1 1 0 
2.52967 8.04885 11.3008 15.4831 5.57388 8.74541 
-0.148865 -0.510843 -0.798047 -0.753823 -0.915774 -0.549486 
1184
0 0 1 1 1 
3.41987 7.87788 11.2822 4.80986 15.9143 
-0.0938195 -0.511127 -0.795198 -0.920332 -0.746834 
1188
0 0 0 1 1 1 1 
7.02981 3.48031 10.4296 12.9975 4.7232 14.6215 12.9993 
-0.501568 -0.0676553 -0.545714 -0.790417 -0.920448 -0.743863 -0.883228 
1196
0 0 0 1 1 1 
3.58889 11.5326 7.43723 7.44923 11.1731 17.262 
-0.0159931 -0.540949 -0.492844 -0.906662 -0.78272 -0.728752 
1200
1 0 0 1 1 0 1 
7.14584 4.20844 7.42557 10.2514 12.7755 9.77381 28.0963 
-0.906063 0.00112837 -0.487061 -0.776705 -0.727547 -0.515706 -0.875023 
1204
1 0 1 0 0 1 
7.95848 3.74664 10.0886 11.1926 6.38745 16.591 
-0.886747 0.0267812 -0.765936 -0.517636 -0.481029 -0.713553 
1208
0 1 1 0 0 1 
3.15014 8.85277 10.0138 7.8895 12.0826 16.019 
0.0274634 -0.879288 -0.751784 -0.474902 -0.512956 -0.708988 
1212
0 1 1 0 0 
7.54786 5.56963 10.6774 3.61665 12.2506 
-0.460775 -0.865906 -0.752105 0.0280749 -0.49485 
1216
1 0 1 0 1 1 
7.72347 7.71225 12.6153 12.5763 14.9335 13.3553 
-0.861317 -0.448209 -0.730725 -0.479896 -0.825805 -0.8839 
1220
0 1 1 0 1 
6.17773 6.09546 11.5194 6.86984 12.6923 
-0.428295 -0.854657 -0.714685 -0.464465 -0.656929 
1224
1 0 0 1 1 1 
6.09566 10.1165 6.99233 11.1831 15.7999 24.8029 
-0.829792 -0.453917 -0.416635 -0.701119 -0.643746 -0.850198 
1228
1 0 1 0 1 1 1 
7.65584 6.21637 11.242 11.7339 27.2802 17.3757 25.1951 
-0.811045 -0.40242 -0.683428 -0.431329 -0.834092 -0.628245 -0.777463 
1228
0 
4.1786 
0.104946 
1232
0 1 0 1 1 
6.56066 7.77729 9.22175 10.2941 12.4585 
-0.384803 -0.804824 -0.41397 -0.673896 -0.826309 
1240
1 0 0 1 1 1 1 1 
6.92231 7.49192 9.82959 11.7591 12.2115 14.0176 17.1793 23.7315 
-0.769598 -0.337177 -0.361422 -0.627726 -0.868533 -0.562565 -0.77737 -0.711875 
1244
1 0 1 1 0 1 1 1 
7.58036 6.69748 11.0683 17.9647 10.6133 12.8927 14.1006 20.9123 
-0.748324 -0.312997 -0.596475 -0.851411 -0.342128 -0.539971 -0.688457 -0.753555 
1244
0 
2.47071 
0.310836 
1248
0 1 1 1 1 0 1 
5.45528 6.5002 9.86126 17.0877 15.2947 11.0791 22.1727 
-0.287075 -0.720704 -0.582903 -0.831172 -0.513602 -0.313597 -0.725483 
1248
0 
2.55053 
0.344423 
1252
0 
3.13259 
0.384654 
1252
0 1 0 1 1 1 1 
5.6725 6.78586 7.90134 11.2008 14.7799 13.5627 19.4004 
-0.263525 -0.70367 -0.28581 -0.559086 -0.805654 -0.492587 -0.695144 
1256
0 
2.76054 
0.445577 
1256
0 1 0 1 1 1 1 1 
6.11636 7.32598 9.51298 10.8665 13.5221 15.1603 13.9037 11.2702 
-0.235056 -0.680012 -0.26918 -0.531224 -0.772107 -0.464352 -0.670917 -0.474821 
1260
0 1 1 1 1 1 
5.4007 7.22237 8.94001 17.2242 14.4562 18.5205 
-0.214593 -0.660364 -0.498136 -0.751475 -0.443009 -0.645278 
1264
0 1 0 1 1 1 1 1 1 
6.62195 6.88404 8.51864 11.4765 10.9169 9.26366 15.2353 14.3313 20.3947 
-0.174448 -0.638672 -0.199574 -0.892867 -0.474636 -0.476798 -0.728412 -0.412375 -0.62496 
1264
0 
2.89833 
0.552974 
1268
0 
2.76668 
0.613175 
1272
0 
2.64553 
0.687977 
1276
0 
2.53992 
0.774867 
1280
0 
2.29589 
0.868602 
1268
1 0 0 1 1 1 1 0 
6.25961 5.65723 8.76955 11.3831 14.8843 17.3184 21.7883 16.2573 
-0.617225 -0.147262 -0.164973 -0.857777 -0.372984 -0.695649 -0.584896 -0.834158 
1272
0 1 1 0 1 1 1 0 
5.66767 6.2637 7.94562 10.25 13.9496 13.882 15.523 10.0049 
-0.109011 -0.590449 -0.41064 -0.13537 -0.346128 -0.833317 -0.667151 -0.164275 
1276
0 1 0 1 1 1 1 1 0 1 0 
5.49179 6.09732 9.68455 13.1427 11.5639 12.1689 13.6895 13.6513 13.0527 15.6722 16.3037 
-0.0772809 -0.563173 -0.106998 -0.639538 -0.384947 -0.807287 -0.317303 -0.631905 -0.124629 -0.527528 -0.778515 
1284
0 1 1 0 1 1 
5.7116 5.91608 10.973 10.713 10.5209 14.0769 
-0.00595277 -0.515913 -0.321727 -0.0345581 -0.745431 -0.242147 
1284
0 
2.33521 
0.950677 
1288
0 1 1 0 1 1 1 1 0 
5.88244 6.11414 10.0806 9.46178 10.2632 13.9466 13.1666 18.635 20.1541 
0.0339732 -0.48407 -0.282396 0.000558851 -0.718659 -0.542535 -0.21609 -0.170614 -0.677096 
1292
0 
5.47489 
0.0154434 
1296
0 0 
4.87095 9.60252 
0.0584664 0.0332079 
1292
1 1 0 1 1 0 1 0 1 1 
5.69668 9.55177 10.6513 13.6959 17.4304 12.4544 11.5136 19.0775 16.1336 18.174 
-0.459949 -0.250305 0.035568 -0.68949 -0.509519 -0.860204 -0.173021 -0.656107 -0.387776 -0.135378 
1296
1 1 1 1 1 0 1 
5.07202 11.8399 14.6157 10.4312 17.7422 14.0982 16.7843 
-0.445187 -0.666612 -0.145465 -0.225572 -0.478988 -0.84049 -0.364928 
1300
1 1 1 0 1 1 1 0 
10.5173 5.71031 12.1685 11.8311 11.7172 12.759 18.6088 18.6289 
-0.195246 -0.421637 -0.644399 -0.817876 -0.116274 -0.458554 -0.333021 -0.598615 
1304
0 0 0 
5.11747 8.59285 12.4737 
0.132231 0.0963714 0.0755741 
1308
0 0 0 
4.35108 9.45732 15.9805 
0.17867 0.129992 0.1064 
1304
1 1 1 1 1 1 0 1 0 
7.23815 5.2276 11.938 14.9201 15.946 16.3026 14.5463 21.8754 19.6022 
-0.166657 -0.397064 -0.621283 -0.0417429 -0.427505 -0.0891777 -0.796825 -0.305806 -0.575095 
1308
1 1 1 1 1 0 1 1 
5.04016 7.15479 14.6196 12.6423 15.5283 18.9972 14.3618 16.4176 
-0.381078 -0.14258 -0.0572893 -0.603315 -0.285431 -0.555502 -0.404731 -0.0209693 
1312
1 1 1 0 1 1 1 1 
4.7954 8.85587 11.8588 14.2952 11.9655 16.2062 19.9532 13.2401 
-0.358095 -0.11893 -0.586646 -0.758821 -0.0329503 0.00570061 -0.259611 -0.37956 
1316
0 0 1 
4.4344 8.99301 20.5819 
0.243717 0.186467 -0.0136599 
1320
0 0 1 
3.98857 8.13937 16.2276 
0.283388 0.213621 0.0153787 
1316
1 1 1 1 0 1 0 1 
4.407 8.24168 10.6928 11.0995 14.2116 14.2515 13.9777 17.3226 
-0.345259 -0.0947461 -0.574081 -0.0157811 -0.745052 -0.366357 -0.5067 0.030293 
1320
1 1 1 1 1 1 0 0 
4.37034 8.8215 12.6175 10.9954 12.712 14.7875 17.6496 12.209 
-0.341324 -0.0754801 0.00900664 -0.560821 -0.211426 -0.34722 -0.493489 -0.727128 
1324
0 0 1 0 1 
4.4965 8.44752 17.0018 14.429 10.8984 
0.311749 0.232829 0.0254757 0.210875 -0.0115073 
1324
1 1 1 1 1 0 0 1 1 
3.9938 9.33188 11.189 13.9285 13.949 11.8044 15.3266 16.0067 24.6498 
-0.331743 -0.057131 -0.550817 0.0334028 -0.331419 -0.717578 -0.479952 -0.195447 -0.125688 
1328
0 0 1 0 1 
3.8674 9.13648 13.619 9.40511 16.9479 
0.357815 0.254472 -0.000480031 0.237483 0.0441995 
1332
1 1 1 1 1 0 0 1 
3.63966 9.5731 10.7456 14.4868 16.6993 13.2861 14.7405 15.2094 
-0.343937 -0.040433 -0.544251 -0.318406 -0.17998 -0.468958 -0.726129 -0.110132 
1332
0 0 1 1 0 
3.55797 8.38277 13.1119 14.3038 13.2028 
0.385681 0.275583 0.00549404 0.0558628 0.237585 
1336
0 0 1 0 1 
3.08255 8.55527 11.2016 12.2642 17.815 
0.435897 0.285583 0.0159725 0.252848 0.0572508 
1336
1 1 1 1 0 1 0 0 
3.87033 8.3073 11.2273 22.6587 15.6047 12.6754 13.7889 20.3545 
-0.375091 -0.0369948 -0.557138 -0.178376 -0.47356 -0.324846 -0.730172 -0.206837 
1340
1 1 1 0 0 1 1 
3.30939 8.66898 9.63022 13.6584 12.7089 18.2378 11.0548 
-0.371456 -0.0280561 -0.554032 -0.736806 -0.467274 -0.171494 -0.320449 
1340
0 0 1 1 0 
2.57039 7.67317 13.0275 12.1826 11.7483 
0.485465 0.3045 0.0669 0.0253309 0.263882 
1344
1 1 1 1 0 1 0 
3.12219 8.10142 10.7023 17.8015 12.8496 12.2345 14.8226 
-0.393025 -0.023395 -0.566709 -0.168602 -0.745673 -0.325961 -0.474752 
1348
0 0 1 0 1 
2.81554 6.82006 12.6751 13.0437 16.2006 
0.557376 0.331292 0.0330075 0.282651 0.0790514 
1348
1 1 1 1 0 1 1 
2.66392 7.25154 9.70308 15.0444 8.81532 12.6972 16.868 
-0.415934 -0.0309523 -0.577634 -0.168985 -0.748437 -0.319972 -0.0938227 
1352
1 1 1 0 1 1 
3.12812 9.7002 8.09398 13.2295 16.2816 15.3427 
-0.453343 -0.58956 -0.0239766 -0.767127 -0.328487 -0.169526 
1352
0 0 1 0 1 
2.34502 7.07927 10.5327 11.8743 13.5758 
0.627033 0.343472 0.039201 0.289392 0.089691 
1356
0 1 0 0 1 
2.04913 12.6266 6.78661 11.3375 14.7454 
0.699154 0.0348851 0.349574 0.288603 0.0829959 
1356
1 1 1 0 1 1 0 1 
2.86484 6.9187 9.40677 12.7561 14.8269 14.2434 13.6404 17.8778 
-0.502931 -0.0257123 -0.606539 -0.78037 -0.17323 -0.334372 -0.490616 -0.0958336 
1360
1 1 1 0 1 1 1 0 
2.68335 5.90054 9.51497 11.6623 14.4713 15.6801 21.9086 16.9377 
-0.558723 -0.0388859 -0.63617 -0.803048 -0.347458 -0.185133 -0.104727 -0.517763 
1360
0 0 1 1 0 0 
2.01438 6.77693 11.9553 14.2977 12.5831 15.7264 
0.753612 0.357793 0.025346 0.0732804 0.286488 0.264222 
1364
0 1 0 0 1 0 
6.48865 11.9603 2.59545 11.8566 13.2039 16.2044 
0.356811 0.0108872 0.814734 0.285085 0.0626382 0.258384 
1364
1 1 1 0 1 1 0 0 0 1 
2.10406 7.54373 8.80064 12.2454 17.0865 15.8954 12.6008 14.3534 15.6891 15.9019 
-0.627747 -0.0568736 -0.663185 -0.835182 -0.368267 -0.203446 -0.529815 -0.345362 -0.233551 -0.120558 
1368
0 1 0 1 0 
6.35509 11.954 9.66174 14.1985 15.9067 
0.352168 -0.00526438 0.272303 0.0486825 0.241708 
1372
1 1 1 1 1 0 1 1 
2.26618 6.46561 8.72122 14.6821 10.0863 14.0904 15.4957 15.0846 
-0.846056 -0.105046 -0.734349 -0.42691 0.0191589 -0.594796 -0.247729 -0.160517 
1372
0 0 0 1 
5.18847 10.1957 17.142 15.4015 
0.35529 0.253025 0.221916 0.0247843 
1376
0 0 1 0 
5.21434 9.74087 16.2747 13.9557 
0.343518 0.24316 0.0023487 0.20225 
1380
1 1 1 0 1 1 1 
7.94283 5.84291 11.4445 14.4502 10.3173 15.1335 16.0696 
-0.834642 -0.176598 -0.49029 -0.670558 -0.0306404 0.017533 -0.31301 
1384
1 1 1 1 1 0 1 1 
5.93523 7.75778 14.4457 11.1732 8.85658 12.8111 15.0771 17.7809 
-0.213146 -0.898819 -0.00820984 -0.536858 -0.0675936 -0.708701 -0.347419 -0.2418 
1388
1 1 1 1 1 0 1 
5.02035 11.6155 13.4215 10.527 12.1886 12.7144 19.716 
-0.257014 -0.0949644 -0.57829 -0.386821 -0.0300744 -0.746807 -0.275655 
1380
0 0 0 
5.10381 10.1133 10.5207 
0.330652 0.216031 0.181866 
1384
0 0 0 
5.23705 10.4675 18.8717 
0.316785 0.194161 0.153485 
1388
0 0 0 
4.9578 10.7733 14.0296 
0.30197 0.172496 0.139459 
1392
0 0 0 
4.57326 10.0179 15.035 
0.290365 0.149988 0.104793 
1396
1 1 1 0 1 1 1 0 1 
4.51962 7.1623 11.4721 12.4047 10.8818 13.5863 9.30833 12.6219 20.27 
-0.358007 -0.159164 -0.662181 -0.838206 -0.0955443 -0.45186 -0.441155 -0.615759 -0.335752 
1396
0 0 0 
4.25431 8.0286 12.0826 
0.278872 0.122587 0.0852593 
1400
1 1 1 1 0 1 0 1 
4.06595 10.8111 8.4956 10.637 14.166 15.2626 11.2566 14.6182 
-0.400216 -0.696141 -0.181044 -0.471587 -0.877876 -0.120999 -0.644002 -0.115476 
1400
0 0 0 
4.11407 9.54664 12.907 
0.277666 0.109895 0.0610002 
1404
0 0 0 
3.82476 7.42496 14.1 
0.288024 0.117324 0.0562773 
1404
1 1 1 1 0 1 
3.92604 8.30198 11.5449 11.2619 7.65528 12.9376 
-0.441024 -0.200476 -0.727248 -0.129219 -0.914494 -0.498116 
1408
0 0 0 
3.75502 8.60052 13.6334 
0.310366 0.104323 0.0580701 
1408
1 1 1 1 1 0 1 
3.74097 8.46773 10.627 13.1871 12.4507 11.3805 11.7371 
-0.482794 -0.205203 -0.743853 -0.125448 -0.503061 -0.67791 -0.369617 
1412
1 1 1 1 1 0 1 1 
3.36259 7.89621 10.9346 12.2868 12.052 18.4679 14.534 12.6675 
-0.508322 -0.205215 -0.754277 -0.118918 -0.506701 -0.67283 -0.365334 -0.384907 
1412
0 0 0 
3.39902 8.43656 14.4462 
0.355421 0.124035 0.0691186 
1416
1 1 1 0 1 1 1 
3.51708 7.79473 10.9344 15.7448 9.84864 15.302 11.7165 
-0.544951 -0.200695 -0.773859 -0.670935 -0.108365 -0.50505 -0.377165 
1420
0 0 0 
2.42017 7.94894 10.8604 
0.469409 0.163858 0.102557 
1420
1 1 1 1 1 0 1 1 
2.902 8.72413 7.71161 14.0696 15.2007 14.6948 13.22 14.9592 
-0.596906 -0.779244 -0.205454 -0.114734 -0.509655 -0.675872 -0.0745459 -0.367644 
1424
0 0 0 0 
2.27915 7.01558 9.90542 14.7333 
0.525341 0.165317 0.108516 0.0691468 
1424
1 1 1 1 0 1 1 1 1 
2.84053 7.09961 11.3719 12.2785 19.1951 12.3611 14.4825 20.1264 12.7912 
-0.6521 -0.2124 -0.80399 -0.116385 -0.691282 -0.0765745 -0.520784 -0.37374 -0.388328 
1428
1 1 1 1 1 1 0 1 1 
2.40285 9.55982 6.30278 9.9297 16.6042 13.5725 14.4267 15.9922 9.9099 
-0.726087 -0.11991 -0.224278 -0.828565 -0.0709197 -0.527879 -0.701435 -0.38456 -0.391942 
1428
0 0 0 0 
1.96143 6.8737 12.1694 12.9423 
0.613866 0.171618 0.10434 0.0751883 
1432
0 0 0 0 
7.31999 8.63692 1.71545 14.0346 
0.175417 0.112557 0.748681 0.0737286 
1436
1 1 1 1 1 1 1 0 
5.68333 10.1749 1.66674 10.7763 11.4537 17.4335 20.1208 15.6184 
-0.256583 -0.893717 -0.969868 -0.570537 -0.130099 -0.0808533 -0.40196 -0.735215 
1436
0 0 
5.81534 11.0026 
0.192737 0.104789 
1440
0 0 
5.95499 11.238 
0.191586 0.102905 
1440
1 1 1 1 0 1 1 
5.3969 11.079 13.21 12.4798 13.2103 15.4492 15.5379 
-0.266053 -0.135477 -0.573938 -0.0884216 -0.753824 -0.302197 -0.416011 
1444
1 1 1 0 1 1 
5.72067 9.85749 9.80922 13.5265 18.2528 14.3982 
-0.287282 -0.141821 -0.593941 -0.770193 -0.0902977