0
1 0 
3.27428 2.38775 
-0.304987 -0.64616 
0
0 
3.36381 
0.544241 
4
0 
2.83894 
0.566846 
4
1 0 
3.09014 2.24508 
-0.303789 -0.645101 
8
1 0 
3.15106 2.35367 
-0.303906 -0.641553 
8
0 
3.35224 
0.543883 
12
1 0 
3.37357 2.23013 
-0.303058 -0.646512 
12
0 
3.55389 
0.543535 
16
1 0 
3.07764 3.05541 
-0.314728 -0.624066 
16
0 
3.24979 
0.548626 
20
0 
3.35087 
0.542709 
20
1 0 
3.00253 2.31963 
-0.300012 -0.642501 
24
1 0 
2.97802 2.68165 
-0.30554 -0.620784 
24
0 
3.27612 
0.547273 
28
1 0 
3.20803 2.47076 
-0.303674 -0.639115 
28
0 
3.13439 
0.559604 
32
0 
3.36618 
0.540861 
32
1 0 
3.46387 1.83654 
-0.305271 -0.659716 
36
1 0 
2.91525 3.03246 
-0.299397 -0.626275 
36
0 
3.37679 
0.544777 
40
1 0 
3.35999 2.62947 
-0.309155 -0.620223 
40
0 
3.30199 
0.547843 
44
1 0 
3.21037 2.63223 
-0.300831 -0.64075 
44
0 
3.28488 
0.545109 
52
1 0 
3.49116 2.56638 
-0.30563 -0.640572 
52
0 
3.32787 
0.548406 
56
1 0 
3.41421 1.99096 
-0.31005 -0.644132 
56
0 
3.30786 
0.549097 
60
1 0 
3.31062 2.54616 
-0.310852 -0.640659 
60
0 
3.37785 
0.552367 
64
1 0 
3.59337 2.38823 
-0.305141 -0.646438 
64
0 
3.16437 
0.549781 
68
1 0 
3.11496 2.29478 
-0.301059 -0.645793 
68
0 
3.17201 
0.55314 
76
0 
2.67034 
0.564807 
76
1 0 
3.30769 2.06717 
-0.30524 -0.645213 
80
1 0 
3.18555 2.00194 
-0.319084 -0.646851 
80
0 
3.43849 
0.555429 
84
1 0 
3.35969 2.4856 
-0.317257 -0.639042 
84
0 
3.02615 
0.556307 
88
0 
3.36236 
0.545328 
88
1 0 
3.14662 2.9291 
-0.303711 -0.625248 
92
0 
3.57371 
0.5376 
92
1 0 
3.43852 1.90253 
-0.296048 -0.648358 
100
0 
3.40851 
0.556893 
100
1 0 
3.17899 2.26607 
-0.306158 -0.644612 
104
0 
3.32555 
0.551768 
104
1 0 
3.12907 2.29834 
-0.302247 -0.640532 
108
0 
3.40943 
0.541045 
108
1 0 
3.70709 2.92179 
-0.308631 -0.62942 
112
0 
3.26437 
0.547848 
112
1 0 
3.10247 2.01227 
-0.302565 -0.641641 
120
0 
3.35212 
0.54458 
120
1 0 
3.48097 2.32035 
-0.296867 -0.646503 
124
0 
3.26906 
0.547692 
124
1 0 
3.36395 2.19394 
-0.306053 -0.650861 
128
0 
3.22686 
0.550469 
128
1 0 
3.33659 2.14904 
-0.30338 -0.646879 
132
1 0 
3.0965 2.26685 
-0.311041 -0.645003 
132
0 
2.92577 
0.553571 
136
1 0 
3.00416 2.14907 
-0.308167 -0.649236 
136
0 
3.2083 
0.549312 
144
0 
3.27136 
0.546334 
144
1 0 
3.49089 2.37252 
-0.305304 -0.636772 
148
0 
3.52541 
0.543521 
148
1 0 
3.40577 2.65772 
-0.304024 -0.63311 
152
0 
3.26991 
0.543312 
152
1 0 
3.31511 2.80703 
-0.308866 -0.626136 
156
0 
3.37276 
0.544844 
156
1 0 
3.36075 2.38529 
-0.313948 -0.641606 
160
1 0 
3.08745 2.17988 
-0.303504 -0.639595 
160
0 
3.19897 
0.548807 
168
1 0 
3.44552 2.33692 
-0.306389 -0.641455 
168
0 
3.28472 
0.543747 
172
1 0 
3.39023 2.87489 
-0.309639 -0.624772 
172
0 
3.31779 
0.560617 
176
0 
3.37638 
0.549284 
180
0 
3.54975 
0.539168 
176
1 0 
2.94305 2.702 
-0.301817 -0.618776 
180
1 0 
3.06537 2.83969 
-0.301265 -0.641552 
184
1 0 
3.2827 2.31443 
-0.307174 -0.639022 
184
0 
3.33769 
0.546551 
192
0 
3.13914 
0.550897 
192
1 0 
3.76077 2.37235 
-0.3055 -0.643382 
196
0 
3.51001 
0.540833 
196
1 0 
3.32633 2.82327 
-0.313515 -0.622313 
200
1 0 
3.17728 2.40664 
-0.306295 -0.636564 
200
0 
3.29373 
0.545869 
204
0 
3.52099 
0.543041 
204
1 0 
3.51974 2.74676 
-0.303694 -0.623513 
208
1 0 
3.61127 2.38771 
-0.307259 -0.640924 
208
0 
3.40832 
0.542542 
216
0 
3.56203 
0.541264 
216
1 0 
3.23797 3.18559 
-0.304285 -0.62758 
220
0 
3.42091 
0.542082 
220
1 0 
3.73607 2.72649 
-0.30841 -0.622389 
224
0 
3.51677 
0.543805 
224
1 0 
3.32718 2.6777 
-0.30966 -0.616214 
228
0 
3.44749 
0.545734 
228
1 0 
3.15054 2.24117 
-0.302835 -0.647706 
232
0 
3.36568 
0.546391 
232
1 0 
2.99168 2.80361 
-0.288246 -0.612783 
240
1 0 
2.984 1.88548 
-0.301182 -0.654133 
240
0 
3.36836 
0.545961 
244
1 0 
3.34394 2.19938 
-0.303022 -0.646147 
244
0 
3.29829 
0.546062 
248
1 0 
3.12519 2.25977 
-0.304036 -0.642654 
248
0 
3.34158 
0.54366 
252
1 0 
3.33483 2.15656 
-0.315215 -0.644751 
252
0 
3.46267 
0.543485 
256
0 
3.45778 
0.540801 
256
1 0 
3.4841 2.25707 
-0.306537 -0.642501 
264
1 0 
3.11071 2.21037 
-0.306525 -0.647187 
264
0 
3.44475 
0.54143 
268
1 0 
3.32757 2.31085 
-0.303624 -0.636808 
268
0 
3.44818 
0.543149 
272
0 
3.1891 
0.554932 
272
1 0 
3.08976 2.17198 
-0.306039 -0.637441 
276
1 0 
3.30244 2.32798 
-0.296664 -0.643675 
276
0 
3.32437 
0.548127 
280
1 0 
2.99531 2.64942 
-0.304529 -0.619831 
280
0 
3.26784 
0.547132 
288
0 
3.25662 
0.547482 
288
1 0 
3.15195 2.36219 
-0.304384 -0.636956 
292
0 
3.3149 
0.550318 
