0
1 1 1 
6.44261 9.8489 14.9869 
-0.254732 -0.115302 -0.572193 
4
1 1 1 
5.84717 11.2753 13.157 
-0.250756 -0.114662 -0.572024 
8
1 1 1 
5.38846 11.2834 15.1673 
-0.250363 -0.114178 -0.572622 
12
1 1 1 
5.12349 14.0762 11.6351 
-0.250112 -0.572494 -0.11517 
16
1 1 1 
5.43119 11.7465 11.2249 
-0.251108 -0.571672 -0.114982 
20
1 1 1 
5.25282 10.944 7.24847 
-0.249596 -0.579294 -0.125727 
24
1 1 1 0 
4.89542 7.97361 13.0875 11.8795 
-0.253947 -0.123765 -0.572693 -0.768709 
28
1 1 1 1 0 1 
6.01022 7.11401 13.5864 13.4742 18.55 18.5063 
-0.256187 -0.124006 -0.573148 -0.389293 -0.759634 -0.0657352 
32
1 1 1 1 
5.09025 10.7438 14.3288 14.047 
-0.249618 -0.114181 -0.572706 -0.393266 
36
1 1 1 0 1 
5.31736 7.23014 10.5092 11.7688 17.2722 
-0.254807 -0.122771 -0.568491 -0.766289 -0.0648822 
40
1 1 1 0 1 1 
5.51304 8.64295 9.8848 11.5471 17.7408 13.7147 
-0.255309 -0.123445 -0.568093 -0.766145 -0.064517 -0.394825 
44
1 1 1 1 0 1 
5.59704 11.229 14.9624 16.1329 12.8207 13.7777 
-0.255538 -0.115286 -0.573496 -0.065047 -0.766137 -0.395029 
48
1 1 1 1 0 1 
5.91479 9.36413 10.5959 12.2427 12.065 13.6329 
-0.256362 -0.11862 -0.569544 -0.0713496 -0.756017 -0.394647 
52
0 
6.34134 
0.293367 
52
1 1 1 0 1 1 0 
5.06796 8.11217 10.537 15.885 12.5895 13.9686 20.5214 
-0.253505 -0.12167 -0.568395 -0.758611 -0.0708161 -0.390185 -0.549758 
56
0 
5.48939 
0.301486 
56
1 1 1 0 1 1 0 
5.47197 8.44131 10.14 9.96885 16.999 13.2223 18.8079 
-0.255419 -0.118909 -0.567472 -0.768875 -0.0647457 -0.389938 -0.54956 
60
1 1 1 0 1 1 0 
5.64012 10.0983 10.2284 15.8641 16.6735 14.5565 19.9342 
-0.25476 -0.118357 -0.568481 -0.758565 -0.0649832 -0.390152 -0.548793 
60
0 
5.64335 
0.295743 
64
0 
6.3023 
0.291333 
64
1 1 1 0 1 1 0 
4.89947 8.4079 11.0438 15.3663 13.923 13.0093 13.2346 
-0.253056 -0.120429 -0.568778 -0.757994 -0.0707681 -0.394434 -0.554794 
68
1 1 1 0 1 1 0 
5.55603 10.6245 9.88516 16.1977 16.9524 15.1159 17.9202 
-0.254297 -0.120039 -0.580953 -0.758503 -0.0642392 -0.390298 -0.549381 
72
1 1 1 1 1 0 
5.55844 8.92397 9.77106 17.5801 13.612 17.3934 
-0.254315 -0.120784 -0.580177 -0.06558 -0.389412 -0.549307 
76
1 1 1 0 1 1 0 
5.25517 9.71123 10.3679 15.5781 12.7152 12.8065 15.6149 
-0.253226 -0.120051 -0.569168 -0.758907 -0.0676424 -0.394735 -0.548132 
68
0 
5.58105 
0.295031 
72
0 
5.59053 
0.297609 
76
0 
4.87506 
0.301884 
80
1 1 1 0 1 1 
5.51508 9.42406 10.2818 14.654 13.2795 14.1679 
-0.255129 -0.118794 -0.568158 -0.757931 -0.067347 -0.395652 
80
0 
4.97354 
0.297092 
84
0 
5.69668 
0.296701 
84
1 1 1 0 0 1 1 
5.46828 9.13827 9.47006 13.8039 9.30305 12.4813 13.0661 
-0.253167 -0.120044 -0.569142 -0.555061 -0.75804 -0.0702153 -0.394889 
88
0 
4.97524 
0.296876 
92
0 0 
5.12758 10.1794 
0.301603 0.170018 
96
0 0 
5.77194 13.4739 
0.295428 0.158895 
88
1 1 1 0 1 1 
5.48404 10.9897 9.73511 13.8908 16.7099 13.1924 
-0.252495 -0.119456 -0.569244 -0.758563 -0.0649867 -0.395221 
92
1 1 1 1 0 1 
5.60457 11.5619 10.123 12.1704 12.3013 13.1281 
-0.25424 -0.119778 -0.56842 -0.0720904 -0.755035 -0.395075 
96
1 1 1 1 0 0 1 
5.68768 10.9016 11.234 13.1922 14.6207 13.6381 14.4158 
-0.256079 -0.120031 -0.570304 -0.0714739 -0.758369 -0.553104 -0.390744 
100
0 0 
4.78021 12.7467 
0.307139 0.160476 
100
1 1 1 0 1 1 
5.47768 9.55631 10.245 15.5249 16.8618 13.2853 
-0.253742 -0.120383 -0.568714 -0.75844 -0.0644809 -0.389658 
104
0 0 
5.14141 12.0322 
0.301391 0.160018 
104
1 1 1 0 1 1 
5.25305 10.205 9.0238 15.6728 12.0066 14.7806 
-0.252799 -0.570032 -0.118884 -0.758545 -0.0708627 -0.388901 
108
1 1 1 0 1 1 0 
5.47544 9.73203 10.0231 15.0834 17.0728 13.798 16.3366 
-0.257113 -0.56853 -0.119814 -0.757827 -0.0644506 -0.394603 -0.548076 
108
0 0 
4.98892 11.5697 
0.30449 0.16131 
112
1 1 1 1 0 1 0 
5.23162 11.1992 9.5839 15.9264 10.6619 12.4466 17.9245 
-0.253723 -0.120485 -0.568217 -0.0648585 -0.767091 -0.395448 -0.549263 
116
1 1 1 1 0 1 0 
5.03336 9.81267 9.71982 16.6743 10.3107 15.7722 17.1208 
-0.252223 -0.569486 -0.121279 -0.0661527 -0.768158 -0.391801 -0.550008 
112
0 0 0 
5.57004 11.4885 14.8784 
0.29711 0.158922 0.118075 
120
1 1 1 1 1 0 
5.80515 11.4795 11.3818 15.9289 15.0911 12.032 
-0.253193 -0.572111 -0.117127 -0.0663255 -0.390833 -0.766042 
120
0 0 
5.75822 11.6326 
0.296343 0.164739 
124
0 0 
5.54245 10.1724 
0.299982 0.161922 
124
1 1 1 1 0 1 1 
4.97416 9.84018 11.9636 14.3873 15.8083 13.1143 23.2176 
-0.250863 -0.115786 -0.572038 -0.0715156 -0.763512 -0.396172 -0.10722 
128
1 1 1 1 0 1 
5.39589 9.86266 10.0693 12.4657 12.9882 17.3232 
-0.25877 -0.127061 -0.568457 -0.0710287 -0.761398 -0.392956 
128
0 0 0 
4.90618 9.71366 20.2861 
0.304306 0.17233 0.116784 
132
0 0 0 
5.64164 10.9118 12.9502 
0.303343 0.163118 0.117783 
136
0 0 0 
5.40177 9.79946 13.8843 
0.305591 0.169943 0.118333 
132
1 1 1 1 1 0 
5.51989 9.62721 9.11283 13.3935 14.8602 19.0207 
-0.259527 -0.11647 -0.574062 -0.0718078 -0.396777 -0.554275 
140
0 0 
5.86393 9.31365 
0.3023 0.174158 
140
1 1 1 0 1 1 1 
5.34699 11.3621 9.29167 13.7336 16.761 14.2586 28.6878 
-0.258971 -0.577926 -0.111355 -0.762628 -0.396363 -0.0669918 -0.109815 
144
1 1 0 1 1 1 
5.43644 10.3331 10.5395 11.6319 16.192 13.8394 
-0.262735 -0.117343 -0.760095 -0.0630509 -0.397234 -0.104632 
148
1 1 1 0 1 1 1 
5.05361 9.05424 12.9966 12.8393 15.6948 12.249 19.5917 
-0.259066 -0.114074 -0.580679 -0.770793 -0.0670545 -0.398568 -0.109582 
152
1 1 1 0 1 0 1 1 1 
4.36523 9.91198 11.0262 10.9148 14.2549 20.2966 11.4707 22.819 17.1241 
-0.260789 -0.582092 -0.123372 -0.765147 -0.400884 -0.560228 -0.0703751 -0.109456 -0.296385 
156
1 1 1 1 0 0 1 1 1 
5.21998 10.1471 9.35095 14.7833 18.0997 15.7033 14.3965 25.5071 19.6768 
-0.270652 -0.588314 -0.126802 -0.400409 -0.56534 -0.772419 -0.0707834 -0.110075 -0.169778 
152
0 0 
5.88123 10.1574 
0.310834 0.172667 
156
0 0 
4.80744 11.8592 
0.32344 0.163363 
160
1 1 1 0 1 1 1 0 
4.6471 8.91525 11.0725 14.8339 15.1291 25.2785 14.7747 17.9166 
-0.272047 -0.125217 -0.588852 -0.778811 -0.401626 -0.115748 -0.0694912 -0.565217 
160
0 0 
5.40311 11.5558 
0.316794 0.165357 
164
0 0 0 
4.62345 9.05662 13.3874 
0.328835 0.176138 0.119116 
168
1 1 1 0 1 
5.3017 9.8568 8.68377 14.1641 16.5362 
-0.278038 -0.593698 -0.12539 -0.784148 -0.0755023 
172
1 1 1 0 1 1 0 
4.74039 9.31497 10.6052 13.1337 14.2815 19.5236 19.2746 
-0.284579 -0.125747 -0.600403 -0.792022 -0.0725507 -0.11181 -0.572257 
168
0 0 0 
4.60148 8.5378 12.708 
0.330427 0.173592 0.121223 
176
1 1 1 0 1 1 1 
4.99541 10.3594 11.7123 14.3144 13.4674 12.3049 22.007 
-0.284849 -0.129581 -0.604319 -0.582416 -0.0760099 -0.416496 -0.11252 
176
0 0 0 
4.85285 8.70191 17.3391 
0.330468 0.169593 0.122314 
180
0 0 
4.23649 7.01727 
0.344162 0.17642 
180
1 1 1 0 0 1 
4.57836 11.1474 9.79515 11.0308 20.8168 14.9361 
-0.306101 -0.607203 -0.128306 -0.793381 -0.574526 -0.418117 
184
0 0 0 
4.41999 10.3665 13.3994 
0.348268 0.173545 0.124254 
184
1 1 1 0 1 0 1 
4.95037 9.39795 9.88968 11.8361 14.9696 13.5185 14.2795 
-0.29707 -0.609646 -0.128614 -0.802922 -0.41215 -0.576384 -0.0773429 
188
1 1 1 0 1 1 0 
4.28753 8.74967 9.11987 13.1658 12.7369 11.169 10.9017 
-0.302131 -0.611078 -0.129343 -0.80138 -0.0761094 -0.413573 -0.573416 
188
0 0 
4.59895 11.6886 
0.348712 0.172068 
192
0 0 0 
4.76541 9.84404 13.303 
0.354776 0.177382 0.122242 
196
1 1 1 0 0 1 1 
4.16676 8.71677 8.2496 8.06469 15.4115 19.4001 14.1771 
-0.30938 -0.619319 -0.126419 -0.816325 -0.584695 -0.424978 -0.0724249 
196
0 0 0 
4.67423 11.3748 18.3026 
0.357934 0.176373 0.12584 
200
0 0 
4.43784 7.28888 
0.367248 0.176732 
204
0 0 0 
4.37161 7.58381 14.7313 
0.379325 0.186781 0.134173 
200
1 1 1 0 0 1 1 1 
4.58888 9.084 11.2683 12.5775 12.9676 12.6538 13.6985 17.6312 
-0.31868 -0.130584 -0.634572 -0.58525 -0.809025 -0.425183 -0.0704129 -0.110474 
204
1 1 1 0 0 1 1 1 0 
4.50294 7.60497 10.0195 11.7935 16.2339 15.0392 11.0822 19.2091 17.0897 
-0.314703 -0.133652 -0.627285 -0.827365 -0.586226 -0.424492 -0.0759747 -0.111287 -0.451542 
208
0 0 0 
3.68967 9.2014 16.4374 
0.387143 0.190962 0.134228 
208
1 1 1 1 0 0 1 
4.31812 9.76756 10.0867 13.7627 13.0084 12.2892 13.0919 
-0.319422 -0.141257 -0.633372 -0.430805 -0.827689 -0.598696 -0.0700685 
212
1 1 1 0 1 0 1 
4.85173 9.36287 12.0896 13.9 15.0317 17.2781 11.3463 
-0.330669 -0.13424 -0.641029 -0.828398 -0.430243 -0.594815 -0.0767836 
216
0 0 0 0 
3.93799 8.15882 13.7743 20.2588 
0.396679 0.191027 0.137804 0.0568994 
216
1 1 1 0 1 
3.59721 9.42333 7.89982 12.3032 11.4841 
-0.334045 -0.63828 -0.141013 -0.599012 -0.0763041 
220
0 0 0 
4.07324 8.73058 13.7802 
0.413284 0.193219 0.139015 
220
1 1 1 0 0 1 1 
3.95506 8.54923 10.4285 12.3092 9.49455 11.3798 12.2661 
-0.342437 -0.135627 -0.656857 -0.838171 -0.611406 -0.0703485 -0.433636 
224
1 1 1 0 0 1 1 
3.94038 8.79716 8.88457 11.8686 12.7818 13.7236 13.275 
-0.355134 -0.133281 -0.656521 -0.844759 -0.595255 -0.0774724 -0.440756 
228
1 1 1 0 1 1 0 
3.87651 8.50774 9.70564 13.5824 13.5221 12.8516 15.895 
-0.375267 -0.140981 -0.665589 -0.851001 -0.0763936 -0.44309 -0.60537 
228
0 0 0 
3.93766 8.93155 14.9175 
0.432582 0.203047 0.138005 
232
0 0 0 
3.39362 8.40609 14.0945 
0.452335 0.202903 0.143276 
236
1 1 1 0 1 0 1 1 1 
3.66859 8.03146 11.357 9.65024 12.7233 13.6956 13.9758 19.1768 12.3857 
-0.39394 -0.152338 -0.680604 -0.866171 -0.44857 -0.616245 -0.0843832 -0.259088 -0.265813 
236
0 0 0 
3.89495 9.03575 15.2018 
0.455922 0.204959 0.143234 
240
0 0 0 
3.14778 9.47203 9.66884 
0.482878 0.209417 0.14936 
240
1 1 1 0 1 1 0 1 1 
3.73852 7.67751 10.6764 13.9568 12.4105 12.5915 15.8918 19.3612 18.7264 
-0.401493 -0.148402 -0.684288 -0.870914 -0.455046 -0.0826612 -0.615502 -0.182911 -0.117037 
244
0 0 0 
3.51108 8.81347 12.6777 
0.487067 0.209134 0.141835 
244
1 1 1 0 1 0 1 1 
3.35706 8.06977 7.26575 12.8827 12.7157 16.7789 13.8237 17.261 
-0.418096 -0.147941 -0.689409 -0.872266 -0.0806604 -0.619253 -0.453507 -0.325396 
248
1 1 1 0 1 1 0 1 1 1 0 
3.56571 8.44442 8.10077 12.8172 13.2427 10.7479 14.8089 17.6122 17.5202 16.1515 21.0694 
-0.424919 -0.695998 -0.152819 -0.887663 -0.0807231 -0.465691 -0.626789 -0.186049 -0.33005 -0.114358 -0.47624 
252
1 1 1 0 1 0 1 1 1 
3.35875 9.12839 8.71098 13.2722 12.0266 18.1929 24.0713 17.1346 10.9483 
-0.449957 -0.703778 -0.152611 -0.893803 -0.0851441 -0.633299 -0.12125 -0.335027 -0.46737 
252
0 0 0 
3.34825 8.18378 12.9974 
0.522761 0.212928 0.146934 
256
1 1 1 0 0 1 1 
3.02451 7.50275 9.57767 10.3102 15.8716 13.6379 13.695 
-0.44377 -0.158099 -0.714504 -0.900448 -0.635903 -0.0841369 -0.472388 
260
1 1 1 1 0 1 1 0 
3.36916 7.88826 9.62802 14.5417 10.2681 26.8783 11.3488 13.2805 
-0.473597 -0.162194 -0.731661 -0.0946822 -0.897477 -0.127964 -0.469856 -0.637135 
260
0 0 0 
3.09772 8.74349 13.7434 
0.552598 0.220335 0.147566 
264
1 1 1 1 0 1 1 
3.14858 8.45697 8.80401 14.5458 13.2517 10.1218 20.2486 
-0.491182 -0.161489 -0.726858 -0.469566 -0.645925 -0.087338 -0.157846 
264
0 0 0 
2.93885 8.30741 13.8065 
0.575009 0.221494 0.151072 
268
1 1 1 0 1 1 1 1 1 
2.92698 5.97675 9.02175 15.1862 12.9629 9.49474 16.8505 16.2022 17.7427 
-0.509009 -0.167226 -0.731717 -0.648441 -0.475947 -0.0936822 -0.199221 -0.128888 -0.340746 
268
0 0 0 
2.97766 8.54087 13.6047 
0.587471 0.225344 0.144253 
272
1 1 1 1 0 1 1 1 1 
2.97449 8.44426 6.57658 12.6937 15.6465 13.0528 18.0879 17.2961 11.4701 
-0.528342 -0.757801 -0.173958 -0.478388 -0.648691 -0.0901409 -0.125969 -0.347738 -0.164875 
276
1 1 1 1 1 0 1 1 1 1 1 1 
2.67847 8.48151 9.93523 12.2962 14.4669 16.2815 15.6233 12.0548 22.1965 15.9797 14.0501 16.5142 
-0.550133 -0.177288 -0.756769 -0.0904822 -0.346378 -0.658596 -0.192457 -0.484399 -0.125677 -0.232201 -0.166393 -0.275577 
280
0 0 0 
2.67525 7.09376 15.0742 
0.663191 0.236453 0.154741 
280
1 1 1 1 1 1 1 0 
2.87433 9.75066 6.97662 12.8364 10.3638 15.1722 16.5104 16.6613 
-0.580613 -0.764087 -0.17737 -0.494978 -0.0966089 -0.121633 -0.347016 -0.662684 
284
0 0 0 
2.57297 6.19292 11.0777 
0.693826 0.252396 0.165148 
284
1 1 1 1 1 0 1 1 1 1 
2.91774 7.98098 9.37031 11.7814 9.05319 16.2212 14.1923 18.1105 17.6513 15.6186 
-0.599763 -0.18079 -0.768836 -0.499717 -0.0978183 -0.67136 -0.345842 -0.19752 -0.125342 -0.283405 
288
0 0 0 
2.41958 5.55469 10.4255 
0.727882 0.252588 0.165025 
292
0 0 0 0 
1.85028 5.99669 10.3831 17.1179 
0.807615 0.251295 0.168952 0.062016 
288
1 1 1 0 1 1 1 1 1 
2.41487 9.56496 7.07029 13.0601 11.2937 12.5029 15.9745 16.1397 18.9599 
-0.617905 -0.781095 -0.182414 -0.667856 -0.0903889 -0.496766 -0.200691 -0.236129 -0.280516 
292
1 1 1 1 1 0 1 1 1 1 1 
2.73088 7.32064 9.54919 9.4113 14.0897 13.702 17.3221 16.4071 19.1843 18.3279 17.0238 
-0.655417 -0.183071 -0.795182 -0.0976766 -0.501927 -0.677189 -0.282773 -0.196535 -0.356202 -0.233726 -0.131062 
296
0 0 0 
2.66356 5.65191 13.5648 
0.777604 0.247069 0.159856 
296
1 1 1 1 1 1 0 1 1 1 
2.3755 6.61101 9.43347 11.2645 14.2294 12.729 17.4566 15.0925 17.1911 13.4833 
-0.6925 -0.191154 -0.797528 -0.0953984 -0.35542 -0.504231 -0.686587 -0.287797 -0.205164 -0.127657 
300
0 0 0 
2.13206 7.95905 13.5886 
0.846883 0.254039 0.165444 
304
0 0 0 
2.07168 6.16564 10.2409 
0.877915 0.271568 0.166651 
308
0 0 0 
1.63336 6.95359 11.3158 
0.930009 0.268054 0.172372 
308
1 1 1 1 0 1 1 1 1 1 1 0 
2.20036 6.53083 8.41144 11.3771 13.8987 15.1691 17.4251 14.7284 18.8127 15.3064 16.4378 14.2747 
-0.798352 -0.207289 -0.824591 -0.0949989 -0.700049 -0.529123 -0.12934 -0.365176 -0.20517 -0.292588 -0.0667863 -0.49722 
312
1 1 1 1 0 1 1 1 1 0 1 1 
2.04925 7.5087 7.98675 10.1484 15.1331 10.9134 18.4001 14.9306 14.9752 16.4106 15.2981 13.5865 
-0.836895 -0.207103 -0.841763 -0.0968832 -0.709442 -0.530359 -0.13305 -0.365163 -0.24086 -0.495941 -0.291751 -0.364866 
316
1 1 1 1 1 1 1 0 1 1 1 1 0 
1.90711 6.22536 8.96518 9.87585 11.8237 17.6643 14.6405 15.6511 17.1095 15.4847 17.0223 15.4751 15.9512 
-0.863136 -0.213199 -0.856389 -0.101653 -0.529739 -0.243663 -0.368525 -0.713687 -0.297448 -0.211556 -0.36986 -0.131777 -0.499919 
312
0 0 0 
2.4393 5.61331 11.8997 
0.959716 0.2748 0.170916 
320
0 0 0 0 0 
5.61166 10.8595 7.56635 2.43048 18.1851 
0.288513 0.178324 0.172607 1.01754 0.0675885 
320
1 1 1 1 0 1 1 1 1 1 1 1 1 1 
1.3614 5.81391 7.67965 9.89698 12.524 9.87333 12.7192 12.6755 16.8461 14.9417 15.2636 13.0778 12.4513 16.1184 
-0.963162 -0.211809 -0.860499 -0.538197 -0.717291 -0.105333 -0.383847 -0.370917 -0.211393 -0.139945 -0.174872 -0.301128 -0.25022 -0.10211 
324
0 0 0 
6.03048 11.2246 17.9214 
0.291384 0.177476 0.0597982 
328
0 0 
6.03309 10.2564 
0.289339 0.17996 
328
1 1 1 1 1 1 1 0 1 1 1 1 0 
5.66253 8.70263 11.6799 10.3207 14.6097 18.2313 17.0938 15.8031 16.827 16.6649 14.3921 16.2507 14.4273 
-0.227315 -0.892645 -0.107503 -0.551605 -0.385916 -0.145367 -0.305327 -0.543058 -0.215425 -0.175178 -0.137133 -0.282053 -0.514233 
332
0 0 0 
6.39113 10.8952 15.2637 
0.302284 0.183885 0.0626781 
332
1 1 1 1 1 1 1 1 0 1 1 1 1 0 
5.65942 8.94366 10.5233 10.847 14.4792 15.1928 13.9543 17.2337 13.413 16.9818 16.0588 15.9248 15.5311 15.2564 
-0.234619 -0.902365 -0.105311 -0.562547 -0.389754 -0.213751 -0.309876 -0.139112 -0.740503 -0.179662 -0.108225 -0.288147 -0.254608 -0.518402 
336
1 1 1 1 0 1 1 1 1 0 1 1 1 1 1 
5.96019 9.96313 9.71657 15.3545 13.4699 17.514 17.9337 15.02 15.1992 10.1227 4.60906 16.0634 18.4895 14.7341 17.6547 
-0.236924 -0.107693 -0.564539 -0.390763 -0.517249 -0.22084 -0.309817 -0.14025 -0.253524 -0.552171 -0.921391 -0.30589 -0.180136 -0.102954 -0.286393 
340
0 0 
5.43335 11.7501 
0.321943 0.186624 
344
0 0 0 
5.29629 7.58957 18.1174 
0.325602 0.194218 0.0661716 
340
1 1 1 0 1 1 1 1 1 0 1 1 1 1 
5.74999 10.1398 6.9317 10.7498 16.449 14.324 15.8572 15.5596 14.8715 17.012 17.4354 14.8641 17.622 14.3783 
-0.242723 -0.107741 -0.575415 -0.758307 -0.143738 -0.393277 -0.264975 -0.290248 -0.222386 -0.551813 -0.185197 -0.307852 -0.104119 -0.0567558 
348
0 0 0 
4.76561 10.9956 16.9521 
0.342196 0.18618 0.0651746 
352
0 0 
5.53566 8.66555 
0.336961 0.188424 
352
1 1 1 0 1 1 1 1 1 0 1 1 0 
4.91014 9.78478 11.1687 10.8208 15.7538 11.3634 15.5157 15.4995 17.2168 17.0087 16.1457 7.83564 14.4283 
-0.256255 -0.117489 -0.586132 -0.77663 -0.109267 -0.394748 -0.150213 -0.322781 -0.296095 -0.565403 -0.189175 -0.255409 -0.3699 
356
1 1 1 1 0 1 1 1 0 1 1 1 0 1 
4.68568 11.6667 12.4844 16.127 14.1346 16.2566 15.4684 14.301 14.8329 14.8301 14.0527 14.5367 17.4128 15.1663 
-0.271668 -0.116442 -0.591546 -0.147206 -0.783298 -0.109524 -0.403062 -0.299473 -0.563624 -0.326907 -0.269669 -0.233076 -0.461249 -0.191322 
356
0 0 0 
4.38447 8.92975 14.7606 
0.357214 0.203098 0.0647428 
360
1 1 1 0 1 1 1 0 1 0 1 1 1 
5.16903 11.9826 8.88923 18.3939 15.6068 13.6176 14.4906 12.703 15.7614 17.0365 17.787 14.6444 16.2233 
-0.278927 -0.598048 -0.119933 -0.573709 -0.238754 -0.11528 -0.412795 -0.79072 -0.330788 -0.535945 -0.159746 -0.188233 -0.300265 
360
0 0 0 
4.56949 9.54092 15.7388 
0.37086 0.203502 0.0658018 
364
0 0 0 
4.77533 8.93318 15.0917 
0.373224 0.200491 0.0660167 
368
1 1 1 1 1 0 1 1 1 0 1 1 0 1 
4.63506 10.3155 12.0456 15.9201 15.5393 13.5907 14.1348 17.2868 13.7499 18.3349 15.3863 13.4307 17.0481 15.4095 
-0.298064 -0.123865 -0.613516 -0.307755 -0.330043 -0.805016 -0.414204 -0.113278 -0.155464 -0.551823 -0.196192 -0.243157 -0.576986 -0.081144 
368
0 0 0 
4.57822 9.72813 17.8129 
0.379602 0.204138 0.0645142 
372
0 0 0 
4.53192 9.01554 17.251 
0.389766 0.211854 0.065292 
376
0 0 0 
4.5508 10.7122 15.0901 
0.402145 0.209893 0.068389 
376
1 1 1 0 1 1 1 1 0 1 1 1 1 0 
4.33412 9.94204 10.1856 8.13262 13.4007 14.4292 10.901 15.1068 14.8275 16.7134 15.7049 15.2389 15.2559 18.278 
-0.318722 -0.133287 -0.626439 -0.827198 -0.238731 -0.33755 -0.24531 -0.427828 -0.588771 -0.312457 -0.119342 -0.202486 -0.159249 -0.564721 
380
1 1 1 0 1 1 1 1 1 1 0 1 0 0 
4.19603 9.32684 9.79625 13.9934 15.1481 16.7581 17.8357 13.2061 14.7472 16.0922 13.7327 15.6805 17.7458 14.7454 
-0.32394 -0.131572 -0.638454 -0.826458 -0.340795 -0.126268 -0.159736 -0.43077 -0.198617 -0.240341 -0.591395 -0.314156 -0.567789 -0.485325 
384
0 0 0 
4.04861 7.11864 15.936 
0.435061 0.216632 0.0710512 
384
1 1 1 0 1 1 0 0 1 0 1 1 1 1 
4.4217 10.4657 9.15276 11.3632 18.5617 13.6255 18.0435 11.8527 14.7065 16.0493 15.7715 18.1526 14.4869 14.2716 
-0.340886 -0.649296 -0.137139 -0.836882 -0.346194 -0.441507 -0.604385 -0.486752 -0.16216 -0.569688 -0.322013 -0.123247 -0.205121 -0.24595 
388
0 0 0 
3.89849 8.83229 17.8276 
0.441646 0.221023 0.0674593 
388
1 1 0 1 0 1 1 0 1 1 1 0 1 1 1 
4.02866 9.48321 12.9657 11.4805 11.1258 14.0068 12.6376 16.2768 14.1453 14.0353 15.4105 16.9978 17.7972 13.9562 16.5083 
-0.348555 -0.135061 -0.842606 -0.65287 -0.564743 -0.12214 -0.441764 -0.60288 -0.320249 -0.200588 -0.34785 -0.489193 -0.165562 -0.245487 -0.29182 
392
0 0 0 
3.56153 9.36849 14.2645 
0.469249 0.221212 0.0698818 
396
1 1 1 0 1 1 1 1 1 0 1 1 0 1 1 0 1 
3.71183 9.2267 9.13379 13.4093 14.7953 13.072 17.2254 11.9697 12.8656 15.8857 14.1447 16.1134 13.6127 14.0944 13.4905 13.0735 16.5013 
-0.379686 -0.143745 -0.677438 -0.859888 -0.32829 -0.352113 -0.212584 -0.121162 -0.442619 -0.618405 -0.164161 -0.29329 -0.573377 -0.248488 -0.09148 -0.573572 -0.0772406 
396
0 0 0 
3.85611 7.90392 13.2984 
0.477735 0.229055 0.0739001 
400
0 0 0 
3.92951 8.54165 15.9991 
0.495182 0.235871 0.0757912 
404
1 1 1 0 1 0 0 1 1 1 1 1 1 1 0 1 
3.85276 8.52218 9.59302 11.349 13.7173 13.6878 15.3192 14.8647 15.0058 13.72 14.7033 14.9353 16.8428 13.4674 17.973 16.1003 
-0.417061 -0.152986 -0.69658 -0.866881 -0.125774 -0.586069 -0.624449 -0.363687 -0.457387 -0.169352 -0.0979202 -0.217205 -0.257221 -0.342053 -0.500888 -0.297485 
404
0 0 0 
3.46404 8.65735 17.7157 
0.513678 0.237033 0.0729452 
408
0 0 0 
2.69437 9.35328 11.8593 
0.540301 0.235046 0.0718616 
412
0 0 0 
3.20922 8.45547 14.0238 
0.562584 0.242797 0.0752964 
412
1 1 1 1 1 0 1 1 1 0 1 0 1 1 1 1 
2.96943 8.51881 8.05764 15.4225 12.4784 14.9687 14.0976 16.1962 16.2787 13.0902 12.7417 11.7665 11.5346 12.3083 12.3652 15.6111 
-0.432357 -0.155061 -0.706986 -0.466919 -0.376308 -0.634996 -0.219241 -0.171001 -0.126666 -0.608558 -0.349243 -0.893756 -0.264488 -0.101589 -0.0751406 -0.304694 
416
0 0 0 
2.84788 7.83096 15.8811 
0.582294 0.251454 0.0803354 
416
1 1 1 1 1 0 0 1 1 1 1 0 1 1 1 1 1 
3.22612 8.47591 12.1157 12.8084 11.3897 7.70326 16.6212 13.8326 14.3231 16.5756 14.2474 14.7305 14.9828 14.1908 18.1859 13.8214 13.204 
-0.465448 -0.15731 -0.726748 -0.380321 -0.473842 -0.90543 -0.640255 -0.128584 -0.347584 -0.175388 -0.224231 -0.611544 -0.26764 -0.0795139 -0.212471 -0.311144 -0.0965998 
420
0 0 0 
2.69884 7.01338 16.8381 
0.616032 0.250674 0.077934 
420
1 1 1 1 0 1 1 1 1 1 1 1 0 1 
2.9086 7.95188 9.45048 13.3544 13.1754 15.4316 12.9647 16.3282 15.0631 15.3517 13.4267 11.801 12.6804 11.4902 
-0.483285 -0.157255 -0.727499 -0.476125 -0.653587 -0.2225 -0.273004 -0.129175 -0.173147 -0.345594 -0.388701 -0.304597 -0.60443 -0.0989458 
424
1 1 1 1 1 1 1 0 1 0 1 1 0 1 1 
3.17388 8.53312 8.27536 13.2627 13.2793 12.366 17.4105 12.5245 14.5378 13.8312 14.2493 15.639 16.3126 14.4264 11.5674 
-0.511025 -0.738727 -0.154979 -0.385636 -0.13142 -0.47936 -0.177897 -0.654658 -0.27037 -0.62059 -0.310798 -0.222246 -0.42029 -0.100216 -0.353186 
424
0 0 0 
2.2532 7.79681 17.9103 
0.646391 0.25701 0.0772528 
432
0 0 0 
2.44674 8.07886 16.5609 
0.710656 0.27203 0.0834044 
432
1 1 1 1 1 1 1 1 1 0 0 1 1 1 
2.74945 7.16792 8.06086 14.4 12.3401 14.645 16.1709 11.8042 13.6571 15.394 14.5813 14.0919 13.6536 15.7572 
-0.563618 -0.162468 -0.761158 -0.358451 -0.130903 -0.17747 -0.227569 -0.387012 -0.485424 -0.623457 -0.661184 -0.318192 -0.27326 -0.100209 
436
1 1 1 1 1 1 1 1 1 1 1 0 0 1 0 1 
2.7196 9.55311 5.53051 12.7179 12.9818 11.528 15.7059 13.7581 14.9528 14.6524 13.461 16.0816 15.402 13.36 11.6723 13.1351 
-0.596911 -0.769027 -0.178753 -0.396836 -0.134224 -0.500169 -0.362738 -0.223662 -0.180518 -0.277502 -0.0833332 0.0267862 -0.670775 -0.32484 -0.629118 -0.104484 
440
0 0 0 
2.11426 8.27139 14.1812 
0.806116 0.279225 0.0923318 
444
0 0 0 
2.22481 7.9469 18.5179 
0.83823 0.288534 0.0871252 
440
1 1 1 1 1 0 0 1 1 1 1 1 1 1 1 0 
2.34588 7.23769 10.2432 11.4377 13.3075 17.2712 16.1824 13.7672 12.0886 14.2627 11.6664 13.9778 13.229 12.4369 11.7649 14.1074 
-0.623282 -0.174238 -0.779778 -0.506222 -0.183407 -0.676789 -0.635837 -0.228113 -0.399625 -0.134916 -0.357802 -0.281046 -0.0826424 -0.103454 -0.319592 -0.53879 
448
1 1 1 1 0 1 1 1 0 1 1 1 1 0 1 0 1 
2.31084 8.33212 5.88381 11.8606 12.3148 14.1856 11.6632 15.3344 16.9278 9.63517 12.2469 12.8659 11.5131 15.6484 11.0144 16.816 13.0276 
-0.702437 -0.803733 -0.19485 -0.503367 -0.689414 -0.407952 -0.237139 -0.37673 -0.639958 -0.365074 -0.282618 -0.13686 -0.186118 -0.541629 -0.0860019 -0.433435 -0.331031 
448
0 0 0 
2.16991 7.74553 16.3159 
0.874765 0.29457 0.0929411 
452
1 1 1 1 1 1 1 1 1 1 1 0 1 0 1 0 
1.85282 8.65283 6.78483 12.9528 12.8548 13.5125 11.728 14.2677 10.8754 10.5359 10.9705 11.289 12.8668 17.7107 9.7419 18.0267 
-0.747021 -0.82094 -0.193953 -0.512123 -0.382347 -0.191225 -0.413329 -0.239472 -0.287472 -0.139541 -0.341938 -0.645294 -0.0889559 -0.551682 -0.107624 -0.437744 
456
0 0 0 
1.55988 6.80234 13.5024 
1.01878 0.305994 0.094407 
456
1 1 1 0 1 1 1 0 1 1 1 1 1 0 1 1 0 0 
2.0746 6.32507 9.53453 13.1713 13.6827 12.3196 10.68 13.5119 11.4222 12.251 14.0181 12.3065 11.8422 13.1567 10.3072 13.8594 12.9704 18.3457 
-0.786838 -0.192661 -0.81737 -0.702797 -0.290685 -0.519906 -0.384399 -0.652308 -0.141777 -0.414391 -0.341418 -0.247213 -0.239291 -0.648173 -0.0850137 -0.190928 -0.554282 -0.440397 
460
0 0 0 0 0 
2.35573 6.22359 14.411 10.5793 13.8428 
1.03856 0.318816 0.0933966 0.281882 -0.0106201 
460
1 1 1 1 1 0 1 1 1 0 1 1 1 
1.91478 5.91814 11.6433 8.43219 13.1355 10.4417 13.5378 11.7471 12.1416 13.8131 11.5433 12.0141 14.531 
-0.828766 -0.202942 -0.522399 -0.833132 -0.144439 -0.714418 -0.292811 -0.245216 -0.421163 -0.663482 -0.336012 -0.38178 -0.197466 
464
1 1 1 1 0 1 1 1 0 1 1 0 1 1 1 
1.87143 6.7239 9.53418 13.722 12.4167 13.2418 12.8288 12.1429 14.5176 14.2083 12.6404 16.7747 10.0995 13.967 16.6664 
-0.865065 -0.201389 -0.849681 -0.425567 -0.67348 -0.527781 -0.29491 -0.194012 -0.71011 -0.244093 -0.13674 -0.560861 -0.38945 -0.348483 -0.113091 
468
0 0 0 
6.26577 12.0937 12.5891 
0.337334 0.104986 -0.00863914 
468
1 1 1 1 1 1 1 1 1 0 0 1 1 0 1 
5.99456 13.8402 7.81696 13.0146 13.5595 11.9021 12.6303 12.0286 12.3015 12.5906 15.1546 11.8297 11.8662 16.9355 12.4875 
-0.207595 -0.144912 -0.860002 -0.534154 -0.197756 -0.242891 -0.296471 -0.389184 -0.429482 -0.715239 -0.674854 -0.109777 -0.35013 -0.564117 -0.0909434 
472
1 1 1 1 1 1 1 0 1 1 1 0 1 1 1 0 
5.78611 8.73106 12.9082 12.3631 10.8665 11.1534 9.68052 15.486 11.7408 12.8155 13.4428 14.1694 11.5479 11.0846 12.5469 20.508 
-0.209553 -0.876361 -0.152856 -0.199324 -0.24995 -0.545574 -0.396646 -0.67401 -0.393711 -0.109829 -0.305781 -0.72579 -0.0929956 -0.435705 -0.354885 -0.570681 
472
0 0 
5.4164 18.5537 
0.336909 0.0876205 
480
0 0 0 
5.04666 11.8636 10.8369 
0.362067 0.0951971 0.293257 
480
1 1 1 1 1 1 0 1 1 1 0 1 1 1 
5.20423 9.21131 8.89369 12.6102 12.1616 13.3017 13.8082 10.9955 11.6017 13.494 15.844 11.0433 10.6805 9.21307 
-0.222017 -0.903559 -0.550367 -0.204606 -0.15498 -0.443974 -0.692968 -0.360702 -0.303633 -0.249586 -0.744341 -0.408884 -0.116783 -0.0927808 
484
0 0 0 0 
5.20619 13.1859 15.2497 12.4582 
0.371207 0.298587 0.0972904 -0.0108012 
488
0 0 
5.39297 12.4498 
0.371603 0.104401 
484
1 1 1 1 0 1 1 1 0 1 1 1 1 0 1 
5.40374 12.7942 12.6921 11.5314 14.6163 14.5325 10.6252 11.6029 14.2255 12.2947 11.1203 11.1148 11.258 15.5726 3.76092 
-0.229586 -0.367917 -0.448106 -0.408684 -0.745864 -0.213435 -0.154154 -0.561461 -0.694993 -0.254772 -0.30638 -0.115669 -0.0967664 0.0267852 -0.929473 
492
1 1 0 1 1 1 1 0 1 1 1 1 1 1 1 0 
4.99016 12.4172 13.1755 11.2919 10.915 10.7754 11.8236 13.0865 12.3469 12.7808 10.9793 14.1097 8.83733 8.43252 11.9938 14.4283 
-0.242139 -0.459379 -0.709495 -0.427269 -0.322829 -0.277032 -0.580846 -0.765579 -0.21651 -0.161037 -0.100432 -0.383917 -0.267416 -0.334675 -0.122491 0.0234422 
496
1 1 0 1 1 1 1 1 1 1 0 1 1 0 
4.87514 13.1505 13.5977 10.2464 12.2193 12.844 10.8288 11.8214 12.0573 7.1693 14.6737 10.7667 10.1112 11.9942 
-0.246499 -0.386499 -0.777632 -0.155487 -0.583615 -0.271425 -0.459569 -0.427718 -0.217248 -0.10873 -0.712976 -0.324656 -0.125207 -0.608186 
492
0 0 
5.15203 13.2963 
0.384733 0.0988687 
500
1 1 1 1 0 1 0 1 1 1 1 0 1 
4.99814 8.26837 16.179 11.9712 12.5756 10.4563 10.4246 10.2574 10.2332 10.8764 13.4025 10.3566 10.8066 
-0.260721 -0.591257 -0.226946 -0.434551 -0.782372 -0.273157 -0.73004 -0.33294 -0.162687 -0.3873 -0.471248 -0.609254 -0.127233 
504
1 1 1 0 1 1 1 0 1 1 1 1 1 1 0 
4.64488 10.1812 10.0965 12.1412 11.1866 11.2411 11.4603 12.9494 11.8241 9.99186 11.495 9.06957 7.54577 11.654 16.344 
-0.275277 -0.168356 -0.48966 -0.794257 -0.385815 -0.4373 -0.602895 -0.732395 -0.33262 -0.215601 -0.274631 -0.289644 -0.101481 -0.125031 -0.366806 
500
0 0 
4.45014 12.4454 
0.404836 0.0982642 
508
1 0 1 0 1 1 1 1 1 1 1 1 1 0 0 
4.85706 15.0107 9.63592 13.6433 11.383 10.8624 11.8871 11.5744 9.07689 10.2273 11.5472 7.15844 11.2515 16.9892 16.6919 
-0.279566 -0.797796 -0.450106 -0.745155 -0.6056 -0.39453 -0.283067 -0.343539 -0.172253 -0.485036 -0.228376 -0.114975 -0.131863 0.0210333 -0.616808 
508
0 0 0 
4.80731 11.9758 10.0915 
0.422695 0.0991523 0.314706 
512
1 1 0 1 1 1 1 0 1 1 1 1 1 0 0 
4.55943 10.097 12.5697 9.93167 12.0838 12.7348 12.1934 12.8814 12.8774 13.6114 11.9856 7.55688 10.5152 14.8445 13.3877 
-0.283639 -0.449433 -0.806809 -0.16672 -0.39703 -0.235433 -0.622774 -0.752957 -0.350112 -0.28558 -0.493809 -0.104491 -0.126747 -0.621504 0.0233572 
512
0 0 0 
4.37166 14.166 11.6399 
0.441388 0.100966 0.323383 
516
1 1 0 1 1 1 1 1 0 1 1 0 1 1 0 
4.68645 9.69837 12.8381 8.14499 11.627 11.3158 10.8727 11.2564 11.7499 11.2355 9.20438 16.7622 7.97193 11.12 10.1275 
-0.297476 -0.62336 -0.753448 -0.509223 -0.453008 -0.173095 -0.238023 -0.287845 -0.807973 -0.405445 -0.340192 0.0219236 -0.123775 -0.130013 -0.389531 
520
0 0 0 
4.02233 12.3909 7.59758 
0.471653 0.100922 0.336681 
520
1 0 1 1 1 1 1 1 0 1 1 0 1 1 0 0 0 
4.2645 11.9523 11.2862 9.4496 8.8155 12.0864 10.5739 12.1699 14.4404 10.8011 10.7009 14.6086 7.14042 11.0877 19.7221 14.2259 19.2516 
-0.299338 -0.825489 -0.632553 -0.461682 -0.503762 -0.350948 -0.177507 -0.410499 -0.761744 -0.238308 -0.303086 0.0207477 -0.121336 -0.135399 -0.384402 -0.631206 -0.105163 
524
0 0 
4.00984 10.101 
0.484494 0.106292 
528
1 0 1 0 1 1 1 1 1 1 1 0 1 0 1 0 
3.98347 14.3311 12.65 12.5364 12.7274 9.83035 9.73679 9.69493 10.2491 11.8986 13.0899 12.9388 10.803 10.5946 10.3181 17.1662 
-0.317577 -0.785529 -0.30416 -0.835799 -0.425784 -0.476465 -0.644783 -0.514449 -0.187987 -0.362904 -0.24547 0.0206289 -0.133455 -0.112915 -0.140721 -0.387232 
532
1 1 1 1 0 1 0 1 1 1 1 1 0 0 1 
3.8066 10.6803 10.444 12.1379 9.71233 10.0712 12.606 9.5351 10.1745 10.4071 9.96043 7.07508 14.2518 14.0076 11.2212 
-0.341984 -0.190645 -0.24626 -0.429788 -0.846064 -0.528852 -0.792959 -0.66214 -0.484414 -0.364033 -0.312391 -0.130161 0.0192518 -0.394841 -0.146943 
536
1 1 1 1 1 1 0 0 1 1 1 1 0 0 0 
3.32663 10.302 10.0809 10.4032 9.77162 8.12069 11.9424 12.5089 9.99775 8.35034 9.98217 9.53304 17.8042 13.8967 12.241 
-0.36337 -0.436769 -0.253284 -0.371392 -0.194087 -0.127713 -0.860827 -0.802975 -0.533089 -0.305744 -0.673471 -0.479841 -0.115353 0.0186504 -0.401128 
532
0 0 
3.74452 11.6146 
0.510092 0.105365 
536
0 0 0 
4.09586 9.1659 9.52953 
0.517067 0.113739 0.345672 
540
0 0 0 
3.44756 13.5426 9.72702 
0.540637 0.103335 0.346858 
540
1 1 1 0 1 0 1 1 1 1 1 1 0 0 0 1 
3.63602 12.5303 10.2549 11.8117 10.5058 12.9294 10.6367 10.0453 7.86683 10.1706 9.88579 10.7058 13.1799 17.643 14.9573 8.32517 
-0.361549 -0.377817 -0.197438 -0.865068 -0.318062 -0.81269 -0.494336 -0.686098 -0.132998 -0.44447 -0.257324 -0.5427 0.0127319 -0.119439 -0.401844 -0.163426 
544
1 1 1 1 1 1 1 0 1 0 1 1 0 0 
3.94272 10.5429 10.0607 10.5244 9.72847 10.658 10.4019 11.1669 10.2342 14.492 11.1263 6.08215 15.5448 12.6336 
-0.389197 -0.497085 -0.20042 -0.689069 -0.319496 -0.443252 -0.548268 -0.821506 -0.267477 0.018498 -0.389185 -0.134748 -0.5422 -0.678713 
548
1 1 1 1 1 0 1 0 1 1 0 1 1 1 0 0 
3.6197 11.0135 10.3758 9.9642 9.57317 10.3797 10.9119 11.8821 10.736 11.4572 13.9143 8.06425 6.65774 9.35968 16.3597 13.8538 
-0.402233 -0.507202 -0.701153 -0.561475 -0.2008 -0.893114 -0.320431 0.0134251 -0.455144 -0.392991 -0.824364 -0.162334 -0.144825 -0.271681 -0.54765 -0.683261 
548
0 0 
3.51576 11.1314 
0.574243 0.111546 
552
1 1 1 1 1 0 1 0 1 1 0 1 1 0 1 0 0 0 
3.72669 9.07716 9.72647 8.18717 9.05668 14.938 9.65634 12.6398 8.35022 9.93256 14.1766 10.2999 11.3382 11.7811 8.74811 15.0318 11.9901 12.0161 
-0.419115 -0.560177 -0.715207 -0.529237 -0.456057 -0.836533 -0.207937 -0.893025 -0.138706 -0.332988 0.0142914 -0.4016 -0.271652 -0.129275 -0.158705 -0.687213 -0.556447 -0.554198 
552
0 0 
2.66193 11.8111 
0.600051 0.10525 
560
1 1 1 1 1 0 0 1 1 0 1 0 1 1 1 0 0 
2.97742 10.7634 8.61368 10.1587 8.48509 11.4013 13.4171 10.6068 8.99106 16.5982 9.75421 14.0585 9.36168 8.91213 9.66391 11.8144 13.1917 
-0.452923 -0.725437 -0.470591 -0.584255 -0.216644 0.0112345 -0.850003 -0.529867 -0.412854 -0.707955 -0.34041 -0.854109 -0.278665 -0.146004 -0.170132 -0.124669 -0.568442 
560
0 0 
3.5591 10.1986 
0.637398 0.114356 
564
0 0 
2.86642 10.2005 
0.670335 0.115018 
568
0 0 0 
2.90839 12.1497 6.24315 
0.698338 0.114919 0.393298 
572
0 0 
2.69333 10.7061 
0.733621 0.112077 
576
0 0 
2.427 11.4637 
0.780657 0.11169 
568
1 1 1 1 1 1 0 0 0 1 1 1 1 0 1 0 
3.10551 8.9438 9.13593 11.0781 9.34288 10.4262 13.2982 13.8527 11.9476 9.32295 8.67032 7.51428 9.87911 12.4046 10.6936 11.6836 
-0.508608 -0.60352 -0.356057 -0.751229 -0.546472 -0.226218 -0.865787 0.0133802 -0.716124 -0.481298 -0.417931 -0.159879 -0.287058 -0.581814 -0.17815 -0.130887 
572
1 1 1 1 0 1 1 1 1 0 0 1 0 1 1 0 
3.04236 9.41664 9.49769 9.28563 13.0939 11.039 10.6659 9.84195 9.16037 13.6722 12.1706 9.99954 12.3559 6.88763 8.90469 10.02 
-0.527407 -0.614197 -0.762892 -0.362523 0.0136316 -0.555348 -0.427151 -0.494414 -0.232563 -0.876873 -0.721387 -0.294952 -0.583255 -0.161688 -0.178471 -0.130503 
580
1 1 1 1 1 1 1 1 1 0 0 0 0 1 0 1 
2.45579 9.07843 9.71469 8.68465 8.21039 8.2253 9.65382 10.2965 7.8467 12.3615 11.4581 13.9406 13.6113 8.63398 16.5263 9.78603 
-0.586918 -0.503645 -0.573233 -0.778515 -0.630229 -0.374548 -0.304876 -0.440052 -0.243385 -0.896721 0.0114982 -0.741012 -0.59247 -0.163696 -0.139888 -0.186873 
580
0 0 
2.52224 8.74985 
0.798123 0.125862 
584
0 0 0 
2.46091 10.0337 8.22122 
0.836532 0.121468 0.424241 
588
1 1 1 1 1 1 1 0 1 1 0 0 1 0 1 
2.50409 8.85395 10.385 9.3635 10.3603 10.479 10.2785 12.3853 10.3131 9.15698 12.6986 12.5443 5.84357 12.8301 7.83355 
-0.649189 -0.65246 -0.80437 -0.3119 -0.246802 -0.521677 -0.383306 -0.758071 -0.586625 -0.460287 0.00802868 -0.140743 -0.194276 -0.614742 -0.173206 
588
0 0 
2.3634 10.3665 
0.876771 0.118832 
592
1 1 1 1 0 1 1 1 0 1 1 0 1 1 0 1 0 
2.30361 7.88039 8.84519 8.93989 12.7078 7.87429 8.29382 9.25875 13.4785 11.287 11.0351 15.14 7.83687 8.56255 14.4974 7.24292 19.0777 
-0.692791 -0.665817 -0.389217 -0.819579 0.00788863 -0.530302 -0.327245 -0.252018 -0.770191 -0.464229 -0.600591 -0.150578 -0.195167 -0.204593 -0.6205 -0.174711 -0.312172 
592
0 0 0 
2.11641 8.73904 8.82662 
0.935253 0.12027 0.43296 
596
0 0 0 0 
2.83003 9.55443 7.7728 6.14574 
0.923562 0.111252 0.434345 0.273751 
600
0 0 0 
2.00098 8.89861 7.11701 
1.01158 0.107562 0.430717 
600
1 1 1 1 1 1 1 1 0 0 1 1 1 0 0 0 
2.0772 7.83348 8.43343 9.08008 8.95486 8.40487 9.76307 9.00287 13.8279 12.2016 7.59242 7.80317 6.22394 14.724 16.5464 16.2804 
-0.788648 -0.689723 -0.558566 -0.85278 -0.350416 -0.63598 -0.422546 -0.489525 -0.800403 -0.00708323 -0.204216 -0.281853 -0.224115 -0.642229 -0.169218 -0.330696 
604
1 1 1 1 1 1 1 1 1 1 0 0 0 0 0 1 1 
1.96672 7.88448 9.57754 9.79021 8.59364 10.0042 7.65278 7.00169 9.31757 7.71582 11.2042 11.5624 11.164 14.0663 12.8818 7.16173 7.21517 
-0.83978 -0.505187 -0.874109 -0.712366 -0.651023 -0.581344 -0.293406 -0.21672 -0.429511 -0.372377 -0.346511 -0.808059 -0.0205085 -0.1772 -0.652652 -0.234672 -0.24909 
608
0 0 
8.96803 2.17644 
0.0915944 1.08376 
608
1 1 1 1 1 1 1 0 1 0 1 0 0 1 1 1 0 0 
2.34305 6.88799 8.95286 9.36268 9.07223 7.70884 7.67434 11.5258 7.29223 14.4255 9.80718 16.2077 10.4416 9.19518 6.28916 8.13433 12.3692 17.1507 
-0.883533 -0.723225 -0.894994 -0.604832 -0.445873 -0.302955 -0.670457 -0.0249387 -0.371148 -0.829246 -0.522019 -0.669427 -0.352767 -0.252346 -0.252562 -0.233764 -0.187622 -0.515931 
612
0 0 0 
8.96902 5.69583 7.45339 
0.083519 0.235446 0.430158 
612
1 1 1 1 1 1 0 1 0 0 0 1 0 0 1 1 
8.10417 8.55927 9.83435 8.6372 8.34181 7.76647 12.1911 7.82146 12.0448 10.0155 12.6706 7.98631 13.4268 16.4966 6.89857 5.85981 
-0.389561 -0.751605 -0.617078 -0.317788 -0.694929 -0.476477 -0.850103 -0.541918 -0.035805 -0.378571 -0.197729 -0.241435 -0.364168 -0.68936 -0.259345 -0.255601 
616
1 1 1 1 1 1 1 0 1 0 0 1 0 0 0 
9.23906 9.25932 8.4549 8.76569 7.57228 8.00003 8.52532 10.3628 5.45714 11.0467 10.9363 6.58235 12.2135 16.7477 12.0087 
-0.774644 -0.706169 -0.633364 -0.405836 -0.329838 -0.560916 -0.473193 -0.862742 -0.263042 -0.0449076 -0.215339 -0.276805 -0.551683 -0.37905 -0.698712 
620
0 0 
10.0737 7.45995 
0.0673506 0.428598 
624
1 1 1 1 1 1 0 1 0 0 1 1 0 0 
8.02721 7.7579 8.05526 8.35872 8.17539 7.59364 10.7866 7.54498 11.1241 13.8427 7.12411 5.55229 14.3231 12.6238 
-0.811073 -0.512102 -0.680323 -0.746262 -0.592357 -0.439671 -0.057863 -0.361777 -0.898612 -0.730185 -0.316329 -0.282691 -0.229297 -0.576747 
624
0 0 
8.01916 5.7042 
0.0576299 0.435613 
628
0 
10.7241 
0.0502391 
628
1 1 1 1 1 1 1 0 1 0 0 0 1 0 
9.26174 7.25934 7.69086 9.00271 8.66272 8.74905 6.9463 10.6544 6.50233 11.8238 13.3767 12.4566 5.77498 12.0572 
-0.689139 -0.446267 -0.523958 -0.832509 -0.760793 -0.603062 -0.372835 -0.0643933 -0.298711 -0.584531 -0.240013 -0.744944 -0.31981 -0.423189 
632
1 1 0 1 1 1 1 1 0 1 1 0 0 0 
8.62451 8.55025 12.0684 7.49346 7.22851 7.76694 7.50038 8.57024 14.2353 6.64211 4.86168 13.3534 12.5382 12.6272 
-0.775986 -0.695086 -0.0828237 -0.385354 -0.46374 -0.540004 -0.844398 -0.622767 -0.754908 -0.309642 -0.341074 -0.244013 -0.596456 -0.426448 
632
0 0 
7.1145 5.58887 
0.0493179 0.438839 
640
0 0 
10.1064 5.01122 
0.0524969 0.466605 
640
1 1 1 1 1 1 1 1 0 0 1 0 0 0 1 
7.24634 6.55801 8.79348 8.15983 7.79157 9.04646 8.84012 5.86901 9.69035 14.6052 6.21812 13.4571 14.361 13.6074 4.28757 
-0.475996 -0.400264 -0.792953 -0.558054 -0.866931 -0.637637 -0.720693 -0.344246 -0.0727312 -0.607145 -0.321595 -0.770249 -0.254533 -0.433448 -0.354467 
644
0 0 
9.2388 6.54734 
0.0556728 0.467878 
644
1 1 1 1 0 1 1 1 1 0 0 0 1 0 1 
8.47135 7.45422 5.05081 9.13767 10.8417 7.54336 7.18673 6.80439 9.5555 14.5428 8.80476 13.4241 6.13447 11.1678 6.79748 
-0.88482 -0.732037 -0.352192 -0.64457 -0.0797188 -0.480943 -0.402814 -0.553276 -0.808073 -0.610642 -0.781618 -0.255209 -0.32455 -0.440852 -0.346107 
648
0 0 
8.87209 6.83116 
0.0579549 0.477707 
652
1 1 1 1 1 1 1 1 0 1 0 0 0 0 1 
8.08439 7.641 6.51024 7.49792 8.03032 7.54049 6.56656 4.48249 10.748 6.93232 11.5484 11.5689 11.9429 13.0597 5.90523 
-0.743489 -0.578175 -0.417459 -0.832359 -0.657954 -0.499375 -0.904727 -0.366687 -0.0748998 -0.342492 -0.251971 -0.617938 -0.444562 -0.783517 -0.362858 
656
1 1 1 1 1 0 1 1 0 1 0 0 0 
8.59779 6.11321 7.6448 6.50914 6.91109 9.92773 4.8441 8.44931 9.65087 6.12996 11.3054 9.82923 12.1857 
-0.665629 -0.424823 -0.581091 -0.498937 -0.750555 -0.0784646 -0.377921 -0.834517 -0.259633 -0.339487 -0.790719 -0.631305 -0.44639 
656
0 0 0 
6.95003 5.20841 7.61501 
0.069545 0.512892 0.248767 
660
0 0 0 
5.4406 8.9978 5.66054 
0.518099 0.0615103 0.246793 
664
0 0 
8.36996 6.20786 
0.0643785 0.525599 
664
1 1 1 0 1 1 1 1 0 1 0 0 0 1 
7.03173 8.62344 6.43329 12.0547 6.98007 8.78307 7.81435 4.59352 9.81415 5.7728 11.5153 10.3949 11.0695 6.59886 
-0.686054 -0.856897 -0.435456 -0.808159 -0.515275 -0.767006 -0.596789 -0.391236 -0.0812084 -0.350896 -0.260987 -0.454952 -0.637287 -0.366011 
668
0 0 0 
6.88623 4.65723 5.19276 
0.0761609 0.543842 0.265229 
668
1 1 1 1 1 1 1 0 0 1 0 0 0 1 
4.49771 7.69897 8.63045 7.76379 7.41956 7.60482 6.76395 11.7572 10.9735 6.0344 10.8327 10.8066 11.8102 5.70491 
-0.39719 -0.860809 -0.778008 -0.693761 -0.528264 -0.603641 -0.438718 -0.812008 -0.0776563 -0.371597 -0.261 -0.640916 -0.459589 -0.364562 
672
0 0 0 
4.30279 6.40302 5.66938 
0.550162 0.0718095 0.269273 
676
1 1 1 1 1 1 0 1 0 1 0 0 0 1 
4.41045 6.41061 6.38781 6.95468 7.80449 6.82667 10.5528 8.46772 9.18676 5.14078 12.1173 11.8328 7.66361 6.66992 
-0.423555 -0.451463 -0.533141 -0.700753 -0.795107 -0.620609 -0.0770058 -0.886447 -0.645643 -0.371976 -0.827756 -0.460682 -0.273391 -0.393463 
676
0 0 0 
9.29868 4.16291 3.97187 
0.0660051 0.554964 0.270646 
680
0 0 
7.46105 4.67122 
0.0747972 0.573732 
684
0 0 
6.86922 4.85817 
0.0717944 0.582072 
684
1 1 1 1 1 1 1 0 1 0 0 0 0 
4.54718 7.2816 7.65366 5.25261 6.81483 6.01588 7.43165 10.1835 6.40672 12.477 10.8096 10.5773 10.0139 
-0.424941 -0.805972 -0.903206 -0.380628 -0.626469 -0.546401 -0.716272 -0.0752874 -0.461097 -0.833962 -0.272332 -0.464789 -0.653927 
688
1 1 1 1 1 1 1 0 0 1 0 0 
6.75724 4.86874 5.90335 6.58792 6.03702 8.10581 5.69717 11.3653 9.98935 5.17106 11.7747 11.4636 
-0.630298 -0.436364 -0.467132 -0.725911 -0.54862 -0.81837 -0.909708 -0.839754 -0.0742647 -0.389516 -0.653112 -0.27339 
692
0 0 
4.27646 7.05676 
0.601504 0.0742928 
692
1 1 1 1 1 1 0 1 0 0 0 0 1 1 
8.99624 3.95046 5.86471 6.73169 8.30924 6.41029 11.5323 5.90393 12.7778 9.22188 12.5335 11.9202 4.65334 5.7715 
-0.821809 -0.444629 -0.469717 -0.559716 -0.730503 -0.633376 -0.838876 -0.399476 -0.662815 -0.078001 -0.472004 -0.274074 -0.920979 -0.412253 
696
0 0 
4.53448 5.94662 
0.608791 0.0838353 
700
0 0 0 
5.03503 7.19431 5.01097 
0.614533 0.0736973 0.298419 
700
1 1 1 1 1 1 0 0 0 0 0 1 
3.99513 7.34298 6.82221 7.06105 6.41429 5.94619 9.07106 9.34323 9.64316 14.0806 11.2972 4.8569 
-0.45417 -0.744497 -0.56704 -0.834863 -0.643354 -0.480335 -0.27274 -0.0776333 -0.473692 -0.665223 -0.844486 -0.387462 
704
1 1 1 1 1 1 0 0 0 0 1 0 
4.08059 5.87935 7.32772 8.10546 6.96423 5.44455 10.068 8.36055 11.1027 14.5351 3.85932 11.1497 
-0.459129 -0.568475 -0.741765 -0.835883 -0.655558 -0.484526 -0.278574 -0.0822009 -0.477989 -0.670591 -0.414339 -0.852817 
704
0 0 0 
7.33922 5.17065 6.65124 
0.0805538 0.617325 0.292821 
