0
0 0 0 
6.35642 5.7782 4.34194 
0.0861697 0.312238 0.637568 
0
1 1 1 1 1 1 1 0 0 0 0 0 
4.84472 7.02337 7.90756 7.31393 4.22041 6.61593 7.14461 8.3281 11.7252 11.9042 9.85192 10.3301 
-0.418661 -0.577432 -0.666238 -0.848322 -0.47427 -0.489608 -0.755543 -0.082667 -0.852106 -0.675914 -0.282341 -0.48085 
4
0 0 0 
8.02784 6.52487 4.50333 
0.0757806 0.30664 0.634872 
4
1 1 1 1 1 1 1 0 0 0 0 0 
5.7957 7.59448 7.3904 3.91876 5.74034 5.47696 7.39611 7.65789 9.57592 13.625 9.79676 12.9892 
-0.580587 -0.848779 -0.662121 -0.467091 -0.494106 -0.417738 -0.756239 -0.0834638 -0.281801 -0.677745 -0.852743 -0.485631 
8
0 0 0 
4.6637 6.2577 7.20406 
0.632577 0.308291 0.0783492 
8
1 1 1 1 1 1 1 0 0 0 0 0 
7.57632 4.03855 6.38926 7.85812 6.3493 6.41392 5.41236 9.11154 13.5597 11.9599 9.54904 11.8432 
-0.854186 -0.46609 -0.660225 -0.758108 -0.580973 -0.49165 -0.416812 -0.085546 -0.676913 -0.85383 -0.281699 -0.487258 
12
0 0 0 
7.18693 5.79662 4.3311 
0.0809966 0.313176 0.635789 
12
1 1 1 1 1 1 1 0 0 0 0 0 
4.01549 6.55974 5.80666 6.30774 6.81828 5.44023 7.52449 9.8854 7.38827 13.0771 11.9102 9.67285 
-0.467087 -0.660852 -0.494023 -0.582199 -0.84581 -0.416851 -0.756257 -0.282109 -0.0791218 -0.677328 -0.852239 -0.480764 
16
1 1 1 1 1 1 1 0 0 0 0 0 
4.20628 6.57397 7.84134 7.40779 5.25196 6.34022 5.71565 8.06377 12.7234 9.31233 12.4364 9.71178 
-0.469891 -0.575896 -0.848592 -0.755219 -0.412997 -0.660984 -0.49219 -0.0841298 -0.851355 -0.281005 -0.676472 -0.480503 
16
0 0 0 
6.62021 5.428 4.20074 
0.0803997 0.314653 0.638084 
20
1 1 1 1 1 1 0 0 0 0 0 
7.16538 6.85465 4.88404 6.59602 3.8325 6.31472 10.4217 8.02833 10.1899 12.296 11.4091 
-0.849847 -0.660849 -0.414732 -0.576477 -0.481065 -0.494111 -0.854805 -0.0835724 -0.28252 -0.676996 -0.4817 
24
1 1 1 1 1 1 1 0 0 0 0 0 
4.0474 6.9806 6.87644 7.00694 6.11891 6.06751 5.15756 8.35921 12.6546 12.1708 11.4492 11.8338 
-0.474178 -0.849145 -0.663891 -0.578025 -0.755794 -0.494896 -0.416571 -0.0782518 -0.675827 -0.853127 -0.277316 -0.481882 
20
0 0 0 
6.02647 7.55004 4.35754 
0.306716 0.0799235 0.636677 
24
0 0 0 
5.88541 6.30409 4.27349 
0.31053 0.0839565 0.63849 
28
1 1 1 1 1 1 1 0 0 0 0 0 
3.99387 5.267 7.42432 8.24319 6.28695 6.81411 6.99741 12.7034 7.86822 10.8664 11.6713 11.0288 
-0.465972 -0.414131 -0.578488 -0.84744 -0.750632 -0.661705 -0.492172 -0.677293 -0.0834316 -0.850542 -0.276891 -0.480588 
28
0 0 0 
4.17149 7.22295 5.67103 
0.638451 0.0796913 0.314546 
32
1 1 1 1 1 1 1 0 0 0 0 0 
7.41004 5.68246 6.42333 4.88377 6.29422 3.92015 5.79823 9.13938 8.31225 12.0927 12.785 13.5693 
-0.847504 -0.751818 -0.663043 -0.414817 -0.581584 -0.467182 -0.49361 -0.280644 -0.0840594 -0.852874 -0.676555 -0.487057 
32
0 0 0 
5.56054 7.33416 3.97279 
0.314697 0.078715 0.643285 
36
1 1 1 1 1 1 1 0 0 0 0 
5.11279 3.9111 7.21081 7.47775 6.71728 6.41355 6.28384 9.70583 7.92153 12.0264 13.3715 
-0.414413 -0.467348 -0.848564 -0.661749 -0.492048 -0.748929 -0.582572 -0.281456 -0.083073 -0.677409 -0.85234 
36
0 0 0 
6.99965 4.22413 4.54089 
0.0814719 0.322003 0.633233 
40
0 0 0 
5.77151 6.72095 4.08756 
0.311689 0.0820852 0.642367 
40
1 1 1 1 1 1 1 0 0 0 0 0 
7.65709 7.34195 6.01168 3.91445 7.64113 6.18977 5.18352 9.69352 8.02343 12.2897 11.7157 10.425 
-0.57803 -0.848208 -0.660035 -0.472774 -0.756063 -0.494464 -0.415429 -0.281752 -0.0830729 -0.677281 -0.853099 -0.479338 
44
1 1 1 1 1 1 1 0 0 0 0 0 
8.60328 4.0258 6.77522 5.71669 6.65079 5.57386 5.14951 9.93861 10.9161 9.36269 12.2309 10.4627 
-0.849558 -0.475349 -0.660852 -0.75741 -0.576557 -0.493253 -0.415639 -0.281767 -0.854033 -0.0795997 -0.676229 -0.481346 
44
0 0 0 
7.39657 5.30981 4.27734 
0.079297 0.317353 0.638673 
48
1 1 1 1 1 0 1 1 0 0 0 0 
6.8855 6.94417 3.89386 7.6181 6.47784 8.35591 6.28265 5.39154 11.5383 10.1446 11.4802 8.73274 
-0.665425 -0.577336 -0.472451 -0.847805 -0.750567 -0.0837012 -0.49467 -0.421299 -0.676839 -0.281812 -0.851662 -0.487421 
48
0 0 0 
5.34952 7.6817 3.96825 
0.313854 0.0785999 0.645115 
52
0 0 0 
5.54699 6.64606 4.56031 
0.314759 0.0852206 0.633081 
56
0 0 0 
6.00565 4.26796 7.20894 
0.306091 0.639186 0.0787777 
52
1 1 1 1 1 1 1 0 0 0 0 0 
7.14526 4.97813 6.27947 7.07891 4.34028 6.02198 6.35135 8.28874 9.92889 10.823 12.4617 13.0964 
-0.847478 -0.413832 -0.749688 -0.665796 -0.470383 -0.580766 -0.495409 -0.0835513 -0.281534 -0.85138 -0.676458 -0.482532 
56
1 1 1 1 1 1 0 1 0 0 0 0 
3.87252 5.34442 7.25749 6.83844 5.88201 7.6532 9.25677 5.44599 11.0123 11.1694 11.4713 11.391 
-0.46579 -0.750166 -0.578336 -0.660251 -0.48663 -0.850777 -0.0762599 -0.417082 -0.677925 -0.854363 -0.283494 -0.483297 
60
1 1 1 1 1 1 1 0 0 0 0 0 
4.60238 5.2895 6.85102 7.10625 5.62153 6.76243 6.34903 8.48991 11.3493 13.0168 11.4124 12.0197 
-0.471021 -0.41714 -0.577225 -0.850222 -0.750324 -0.66556 -0.493521 -0.0847715 -0.854608 -0.676619 -0.277188 -0.488886 
60
0 0 0 
6.92093 5.83832 4.11976 
0.0830342 0.310304 0.640057 
64
1 1 1 1 1 1 1 0 0 0 0 0 
7.72993 3.76321 6.87655 6.77735 5.61488 7.05112 5.53386 8.22042 11.8811 11.3008 9.75746 12.3843 
-0.846965 -0.473097 -0.57796 -0.660262 -0.417101 -0.755926 -0.491785 -0.0843354 -0.676532 -0.851854 -0.282011 -0.482192 
64
0 0 0 
5.24334 4.34726 5.96509 
0.312021 0.636264 0.0835115 
68
0 0 0 
6.55016 6.28334 3.96172 
0.0867744 0.308883 0.643731 
68
1 1 1 1 1 1 1 0 0 0 0 
7.53659 7.30858 5.09956 4.05351 6.25297 6.9529 6.08018 9.565 8.61174 11.2792 11.5527 
-0.849635 -0.661905 -0.420974 -0.476102 -0.580909 -0.755656 -0.488902 -0.281789 -0.0787742 -0.850813 -0.676117 
72
0 0 0 
4.90039 7.26185 4.32194 
0.321102 0.0809641 0.636425 
72
1 1 1 1 1 1 1 0 0 0 0 0 
5.93955 6.84539 5.28664 6.99389 4.13243 5.48781 6.10543 8.1673 11.7236 13.238 9.98618 10.0973 
-0.581218 -0.65855 -0.416901 -0.856276 -0.469113 -0.4938 -0.753492 -0.0831189 -0.853372 -0.676233 -0.281557 -0.480574 
76
1 1 1 1 1 1 1 0 0 0 0 0 
4.29373 5.61874 5.66618 6.47747 8.0955 7.77115 5.92142 11.6569 8.40104 11.8267 9.74622 11.1377 
-0.468574 -0.416672 -0.659043 -0.570673 -0.851147 -0.75692 -0.493502 -0.852576 -0.0840156 -0.677301 -0.282536 -0.481539 
76
0 0 0 
7.10974 4.95782 3.97156 
0.0825334 0.315932 0.643466 
80
0 0 0 
6.62213 7.4453 4.13693 
0.301875 0.0785578 0.640942 
80
1 1 1 1 1 1 1 0 0 0 0 0 
7.05086 6.93183 5.04161 4.24295 6.83274 5.85068 7.34321 9.82899 8.47405 10.703 13.8514 12.8022 
-0.577927 -0.847933 -0.415514 -0.47542 -0.662012 -0.493149 -0.755951 -0.28102 -0.0836288 -0.85397 -0.676652 -0.484571 
84
1 1 1 0 1 1 1 1 0 0 0 0 
3.44624 8.26443 6.56645 8.13171 5.63872 6.70605 5.20542 7.01359 10.575 8.62748 13.0967 11.6929 
-0.46798 -0.851627 -0.576833 -0.0792531 -0.493716 -0.661879 -0.415619 -0.754997 -0.282084 -0.849434 -0.677002 -0.481132 
88
1 1 1 1 1 1 1 0 0 0 0 0 
6.43153 3.91473 6.76796 6.622 7.21619 5.33163 6.19719 12.1252 8.46513 15.1174 9.78821 10.1618 
-0.581999 -0.465026 -0.661554 -0.746545 -0.848799 -0.415434 -0.489623 -0.852131 -0.0845321 -0.677276 -0.282358 -0.48054 
88
0 0 0 
5.14202 4.20182 7.5398 
0.317962 0.638007 0.078686 
92
0 0 0 
6.06723 5.78228 4.3673 
0.0864975 0.313169 0.636379 
96
0 0 0 
6.39862 5.04365 4.28791 
0.0855953 0.320179 0.637864 
96
1 1 1 1 1 1 1 0 0 0 0 0 
3.96893 6.81127 6.42824 5.26719 5.4106 7.00314 6.54461 11.8584 8.64869 12.2179 9.51128 11.5572 
-0.473907 -0.663809 -0.582092 -0.415213 -0.750546 -0.846937 -0.494885 -0.857528 -0.0847388 -0.67719 -0.281923 -0.482932 
100
0 0 0 
6.6979 6.05652 3.82585 
0.0835668 0.308874 0.645575 
100
1 1 1 1 1 1 1 0 0 0 0 0 
4.20122 7.47695 7.37914 5.54283 7.85238 7.81503 5.73366 8.71646 9.95271 12.2119 13.5641 11.9229 
-0.471012 -0.669407 -0.578241 -0.417504 -0.84798 -0.761082 -0.493567 -0.085256 -0.281432 -0.853254 -0.67676 -0.482219 
104
0 0 0 
6.69369 5.92418 4.56482 
0.0831064 0.310653 0.631075 
108
1 1 1 1 1 1 1 0 0 0 0 0 
3.74777 6.88691 5.18425 7.54258 6.08992 5.62917 6.7268 9.1379 11.5335 9.24936 12.5248 10.161 
-0.472455 -0.66027 -0.418568 -0.847591 -0.579499 -0.494583 -0.761449 -0.08507 -0.852251 -0.281686 -0.677205 -0.479374 
108
0 0 0 
5.96849 7.41258 4.25207 
0.312542 0.0776063 0.638116 
112
1 1 1 1 1 1 1 0 0 0 0 0 
4.10851 6.60574 7.78811 5.21182 6.83442 5.45357 6.8208 9.03329 9.48027 8.55769 14.2762 12.2408 
-0.467659 -0.577314 -0.846964 -0.417001 -0.660637 -0.493159 -0.754424 -0.282927 -0.849614 -0.0838715 -0.676811 -0.482416 
116
1 1 1 1 1 1 1 0 0 0 0 0 
3.93761 6.18015 8.32749 7.14392 6.0564 7.13747 5.48322 9.72374 7.89421 11.4488 13.6014 10.5873 
-0.469018 -0.581668 -0.84775 -0.665473 -0.49285 -0.756202 -0.417129 -0.282132 -0.0834289 -0.857019 -0.677153 -0.480351 
112
0 0 0 
7.16021 4.85138 4.0602 
0.0793801 0.32172 0.641578 
120
1 1 1 1 1 1 1 0 0 0 0 
4.2228 8.44133 5.07134 6.76927 5.83711 6.63731 5.86157 9.29745 9.47832 8.97358 13.3816 
-0.467772 -0.851125 -0.413736 -0.577875 -0.756603 -0.662991 -0.495222 -0.281727 -0.855373 -0.0849511 -0.676345 
120
0 0 0 
6.51357 4.22337 5.65333 
0.0849642 0.635844 0.312849 
124
0 0 0 
6.84152 5.54976 3.85693 
0.0839007 0.318737 0.645077 
124
1 1 1 1 1 1 1 0 0 0 0 0 
6.91685 6.18109 6.96876 7.16342 5.86309 3.77022 5.41508 9.64114 8.42503 11.8737 12.7373 13.101 
-0.668739 -0.742247 -0.577631 -0.849184 -0.488676 -0.47001 -0.415322 -0.281583 -0.0846794 -0.853778 -0.676332 -0.484187 
128
0 0 0 
7.09165 5.36527 3.95064 
0.0816532 0.31657 0.643155 
132
0 0 0 
6.1537 5.95425 4.00991 
0.0868582 0.309586 0.640152 
128
1 1 1 1 1 1 1 0 0 0 0 
6.64079 7.57248 4.26812 7.03773 5.4696 5.25166 7.18013 11.4093 9.15709 12.5363 11.1972 
-0.581789 -0.855527 -0.474135 -0.661069 -0.492767 -0.415843 -0.755699 -0.85384 -0.0857699 -0.676387 -0.277141 
136
1 1 1 1 1 1 1 0 0 0 0 0 
7.14259 3.89709 5.08043 7.00344 5.87487 5.75153 5.88976 9.20581 12.23 9.18582 13.047 11.8622 
-0.84666 -0.473384 -0.415563 -0.660951 -0.753728 -0.58073 -0.493347 -0.0813408 -0.853521 -0.282412 -0.676463 -0.485694 
136
0 0 0 
7.37484 5.10598 4.15636 
0.0808404 0.317931 0.640072 
140
1 1 1 1 1 1 1 0 0 0 0 0 
6.95969 7.57307 6.55585 4.07618 5.38032 8.53138 6.54401 9.43996 8.30595 11.7149 12.1716 11.7915 
-0.664144 -0.847933 -0.576485 -0.473845 -0.417542 -0.757484 -0.495465 -0.282178 -0.0800429 -0.857608 -0.676673 -0.483651 
140
0 0 0 
6.12324 4.99817 4.13138 
0.0882604 0.324117 0.643642 
144
0 0 0 
6.98331 5.4626 4.49924 
0.0824822 0.31348 0.632586 
144
1 1 1 1 1 1 1 0 0 0 0 
7.44476 6.26524 6.32551 5.22644 6.04284 4.07807 6.14892 8.63783 12.903 11.167 8.79597 
-0.848339 -0.660816 -0.748204 -0.414441 -0.581305 -0.472881 -0.494952 -0.0847329 -0.677453 -0.853829 -0.281023 
148
0 0 0 
7.22932 6.22569 4.22249 
0.0823469 0.310146 0.636532 
152
1 1 1 1 1 1 1 0 0 0 0 
7.72551 7.22604 6.40111 3.79739 6.47706 6.66721 5.19162 9.23617 9.18396 10.6243 13.0247 
-0.848506 -0.665287 -0.748436 -0.471337 -0.581726 -0.488322 -0.414044 -0.0859552 -0.281596 -0.853517 -0.676316 
152
0 0 0 
6.92405 5.48235 4.0581 
0.0824064 0.313691 0.639814 
156
1 1 1 1 1 1 1 0 0 0 0 0 
3.90772 6.95657 7.98565 6.40697 5.44808 5.86787 5.9403 7.27706 11.0862 13.9651 9.55878 11.8407 
-0.466855 -0.661423 -0.848552 -0.583162 -0.418659 -0.756564 -0.494112 -0.0800926 -0.851915 -0.676714 -0.281539 -0.489638 
160
1 1 1 1 1 1 1 0 0 0 0 0 
6.68991 3.97786 5.02336 5.73174 7.35806 6.57349 7.50054 7.41839 10.12 9.66702 11.7139 14.4471 
-0.84721 -0.466702 -0.415646 -0.493401 -0.665245 -0.581277 -0.755818 -0.0825845 -0.852793 -0.281833 -0.677009 -0.489414 
156
0 0 0 
6.16715 5.75374 4.44965 
0.0889705 0.312371 0.632853 
160
0 0 0 
6.7894 6.00593 4.2976 
0.0817795 0.309197 0.635734 
164
1 1 1 1 1 1 1 0 0 0 0 0 
4.30158 7.03836 7.28944 6.58216 7.73446 5.38315 5.28517 9.16091 9.06901 11.3725 11.4872 12.1051 
-0.469299 -0.66061 -0.755498 -0.57678 -0.850628 -0.487208 -0.415524 -0.28244 -0.0855383 -0.851409 -0.676396 -0.482691 
168
1 1 1 1 1 1 1 0 0 0 0 0 
5.9909 7.22025 4.26941 7.32602 6.69888 5.91028 5.1842 8.16522 10.518 9.02346 9.89486 8.63304 
-0.48888 -0.847818 -0.472087 -0.66437 -0.577924 -0.75192 -0.416079 -0.0845432 -0.852442 -0.281799 -0.666866 -0.484371 
168
0 0 0 
6.69411 6.52109 4.48176 
0.0836635 0.307809 0.632031 
172
0 0 0 
6.49041 4.84017 4.50243 
0.0844617 0.32016 0.633317 
176
0 0 0 
4.69974 6.64238 4.21752 
0.319996 0.0850182 0.635244 
172
1 1 1 1 1 1 1 0 0 0 0 0 
7.48578 6.23678 3.93519 5.47012 7.59468 6.35618 5.30147 9.26836 11.4922 8.73346 11.5678 11.7759 
-0.84995 -0.49041 -0.472397 -0.738852 -0.659223 -0.580219 -0.417764 -0.282085 -0.676521 -0.0805634 -0.853048 -0.47579 
180
1 1 1 1 1 0 1 1 0 0 0 0 
4.2061 5.97966 7.42148 5.18489 7.29599 8.79051 6.99862 5.48255 11.8161 9.58021 13.2252 10.523 
-0.476513 -0.490319 -0.852421 -0.567623 -0.66077 -0.283478 -0.756983 -0.417987 -0.853074 -0.0820813 -0.676854 -0.475568 
180
0 0 0 
7.05693 5.37113 4.90384 
0.0812396 0.318736 0.628444 
184
1 1 1 1 1 1 1 0 0 0 0 0 
5.51168 6.67582 7.30068 4.257 5.03782 6.4593 7.0576 8.78782 9.08014 9.92298 11.6821 11.9691 
-0.494489 -0.577279 -0.756229 -0.473252 -0.425619 -0.665022 -0.860058 -0.283591 -0.0778929 -0.66851 -0.85777 -0.475622 
188
1 1 1 1 1 1 1 0 0 0 0 0 
4.34803 5.42965 7.18974 5.67243 4.95192 6.15734 6.68741 13.3345 8.42733 10.2656 8.38261 11.0711 
-0.479147 -0.575151 -0.76022 -0.492481 -0.42548 -0.664199 -0.851624 -0.857075 -0.0738339 -0.475138 -0.283298 -0.673599 
188
0 0 0 
6.48235 4.00514 5.2566 
0.0865888 0.650579 0.320069 
192
1 1 1 1 1 1 0 0 0 1 0 0 
3.91795 6.10582 6.74482 6.6516 4.95495 5.42555 13.0243 8.16765 13.365 7.83548 9.06009 10.3928 
-0.474142 -0.580506 -0.755171 -0.66914 -0.424377 -0.494803 -0.680176 -0.0805938 -0.855344 -0.847543 -0.282885 -0.477851 
196
1 1 1 1 0 1 1 1 0 0 0 0 
3.76103 7.1747 7.26551 5.4227 10.8144 7.23197 4.95222 5.7268 10.4642 8.26519 12.2071 10.6058 
-0.477919 -0.762702 -0.668224 -0.582945 -0.863147 -0.855481 -0.408144 -0.498076 -0.485885 -0.0810011 -0.678 -0.284692 
192
0 0 0 
7.56044 4.65692 5.39924 
0.0779642 0.649849 0.314782 
200
1 1 1 1 1 1 0 1 0 0 0 0 
3.49096 8.4155 6.92256 4.32937 6.27798 5.432 13.2639 5.58303 9.97149 9.41315 9.67956 11.7507 
-0.480404 -0.859219 -0.764678 -0.424971 -0.680632 -0.497616 -0.864525 -0.583533 -0.485504 -0.288266 -0.0825603 -0.678538 
200
0 0 0 
5.11551 6.52869 4.48766 
0.321153 0.0853361 0.651019 
204
0 0 0 
5.30314 7.36685 4.1053 
0.321648 0.0897942 0.668142 
204
1 1 1 1 1 0 1 1 0 0 0 0 
3.68439 5.12856 5.99443 6.71363 5.41132 8.14752 7.46815 4.96182 10.6309 13.3257 9.09091 9.03706 
-0.482069 -0.772908 -0.588095 -0.682129 -0.499233 -0.0803284 -0.860018 -0.419541 -0.862085 -0.684026 -0.286616 -0.482779 
208
1 1 1 1 1 1 0 0 0 1 0 0 
4.13361 5.53983 7.04204 6.63104 6.50217 7.22625 10.9936 14.1885 8.58205 4.06216 10.7398 10.944 
-0.48681 -0.498413 -0.770128 -0.674786 -0.588427 -0.859039 -0.865334 -0.683627 -0.0803485 -0.423321 -0.485278 -0.282028 
208
0 0 0 
5.52025 8.15891 4.41576 
0.317704 0.0848744 0.666618 
212
0 0 0 
5.53125 5.80419 4.83098 
0.325859 0.0943977 0.6664 
216
1 1 1 1 1 0 1 0 1 0 0 0 
3.94585 6.26397 6.13468 7.56414 5.61863 8.76925 6.3505 11.2297 3.85603 12.4008 9.81596 12.1131 
-0.495576 -0.767731 -0.684017 -0.864186 -0.502121 -0.0712877 -0.584082 -0.861705 -0.416932 -0.484065 -0.281136 -0.683213 
216
0 0 0 
7.15831 4.95912 4.61111 
0.0930465 0.338988 0.675036 
220
0 0 0 
4.31616 7.1472 4.25045 
0.352201 0.0906828 0.694555 
220
1 1 1 1 0 1 1 0 0 0 0 1 
3.59657 7.09275 8.01202 6.42312 8.82358 5.11542 6.68073 10.5932 11.6418 12.0707 9.72179 5.2557 
-0.496366 -0.76744 -0.868122 -0.681497 -0.0706256 -0.510433 -0.598741 -0.276735 -0.861383 -0.67736 -0.477253 -0.42952 
224
0 0 0 
6.04441 4.51797 4.96225 
0.110327 0.708592 0.348821 
224
1 1 1 1 1 0 1 0 0 0 0 1 
3.43009 6.31803 7.18502 6.88529 5.15729 11.6309 6.12963 8.71798 8.9205 10.9012 13.597 5.07789 
-0.504135 -0.681187 -0.775041 -0.869372 -0.499011 -0.863039 -0.591987 -0.0665217 -0.276008 -0.483654 -0.677805 -0.425759 
228
1 1 1 1 1 0 1 0 0 0 0 1 
7.37417 3.28521 6.59134 4.73135 6.10585 12.314 6.73324 10.4047 7.91432 13.1683 10.4208 3.9517 
-0.86342 -0.491906 -0.683523 -0.493313 -0.767916 -0.862347 -0.596835 -0.273489 -0.0692748 -0.677442 -0.477912 -0.425678 
228
0 0 0 
6.78042 4.95818 4.41923 
0.104435 0.356308 0.716166 
232
0 0 0 
5.83878 4.45707 7.15347 
0.351528 0.718225 0.11006 
236
1 1 1 1 1 1 0 0 0 0 0 1 
3.3506 6.6176 5.61066 6.5744 6.51146 6.61852 11.9287 9.6275 8.64156 10.4753 8.59432 5.49415 
-0.502356 -0.596371 -0.506432 -0.776752 -0.682084 -0.866912 -0.863096 -0.270408 -0.0616092 -0.679227 -0.485989 -0.422558 
240
1 1 1 1 1 1 0 0 0 0 0 1 
7.12374 6.4454 3.4879 5.89114 6.97506 6.92817 12.5975 8.13191 8.67068 10.9693 9.44279 3.67754 
-0.782148 -0.681202 -0.503972 -0.502804 -0.596806 -0.869917 -0.862018 -0.0589423 -0.264166 -0.473855 -0.680087 -0.420516 
236
0 0 0 
5.07401 3.90234 6.4077 
0.365454 0.740658 0.118949 
244
1 0 1 1 1 1 1 0 0 0 0 1 
3.68122 9.07096 5.18941 5.8694 5.5053 7.28318 6.48131 11.2992 10.6881 10.8158 11.4808 2.64752 
-0.508247 -0.0575657 -0.600514 -0.685428 -0.512126 -0.879766 -0.784948 -0.862484 -0.266173 -0.47049 -0.676865 -0.458076 
244
0 0 0 
4.85171 4.41737 6.50407 
0.377373 0.749519 0.121663 
248
1 1 0 1 1 1 0 0 0 1 0 1 
3.88355 5.54981 8.26685 7.24734 6.21919 5.0615 11.7219 10.2461 12.0927 7.16412 10.5942 3.97719 
-0.521332 -0.594568 -0.051717 -0.880504 -0.685786 -0.510044 -0.860558 -0.470448 -0.677563 -0.782859 -0.262376 -0.427555 
248
0 0 0 
4.81291 5.9431 4.79844 
0.757647 0.130578 0.386958 
252
0 0 0 
3.37032 5.24336 6.14238 
0.799367 0.395351 0.134821 
256
1 1 1 1 1 0 0 1 1 0 0 0 0 
3.38264 5.63901 6.88578 6.44874 4.52665 11.4889 8.44634 6.36073 5.04901 10.6916 11.4044 10.4598 7.7859 
-0.517819 -0.590675 -0.886642 -0.788385 -0.438021 -0.858548 -0.0465821 -0.688292 -0.514597 -0.272405 -0.685882 -0.470632 -0.676822 
260
1 1 1 1 1 1 0 1 0 0 0 0 
4.60298 3.06254 6.70324 6.97091 5.1888 6.41286 10.7799 4.53061 7.8938 9.95843 9.71799 11.6608 
-0.595673 -0.519182 -0.886675 -0.799211 -0.516169 -0.694785 -0.858507 -0.450796 -0.0476159 -0.26436 -0.477086 -0.675672 
256
0 0 0 
3.75751 4.66278 6.71984 
0.80876 0.405304 0.136488 
260
0 0 0 
4.5412 5.44111 4.67132 
0.412782 0.149735 0.799726 
264
1 1 1 1 1 1 0 0 0 1 0 0 
3.2222 6.39908 6.27378 5.5953 6.92798 5.34716 9.9644 8.6924 10.8961 4.55138 10.4194 11.5606 
-0.531286 -0.694227 -0.791085 -0.606997 -0.890742 -0.520968 -0.865256 -0.0431884 -0.256546 -0.444303 -0.673635 -0.476866 
264
0 0 0 
6.00418 3.79904 5.21101 
0.149242 0.828684 0.414732 
268
0 0 0 
6.06395 3.97487 5.00822 
0.154582 0.841212 0.419257 
272
1 1 1 1 0 1 1 0 0 0 1 0 
3.24288 6.063 6.18938 5.96584 7.0874 6.33129 4.94862 9.85854 11.7305 10.0491 4.24389 10.717 
-0.540969 -0.903261 -0.802272 -0.697847 -0.0340348 -0.623236 -0.521749 -0.256327 -0.865972 -0.479126 -0.449748 -0.681793 
272
0 0 0 
3.76685 4.3136 6.4269 
0.856386 0.433645 0.149557 
276
0 0 0 
4.42816 6.97356 3.6363 
0.440356 0.156853 0.872968 
276
1 1 1 1 1 0 0 1 0 0 0 1 
2.8513 5.15101 6.4903 5.56319 6.1934 6.89649 8.96931 5.48956 10.523 10.5161 12.0541 4.16466 
-0.54222 -0.611665 -0.800721 -0.701131 -0.9107 -0.0311731 -0.262547 -0.52451 -0.477776 -0.679593 -0.866691 -0.45182 
280
1 1 1 1 1 0 1 0 0 1 0 0 
3.00058 5.81191 6.41915 4.71601 5.17883 5.99705 7.68922 8.89666 8.85502 3.94173 12.2305 9.71306 
-0.557937 -0.62274 -0.709516 -0.913646 -0.525411 -0.0310464 -0.816721 -0.470955 -0.263416 -0.464599 -0.869868 -0.688036 
284
0 0 0 
4.26462 4.0417 5.45454 
0.462657 0.897726 0.173661 
284
1 1 1 1 1 0 0 0 1 0 0 1 
2.996 5.41707 5.96839 6.64909 4.60954 9.36517 8.52397 8.90489 5.32296 12.5145 9.21109 3.91785 
-0.576242 -0.62578 -0.71691 -0.812651 -0.533753 -0.869741 -0.0314363 -0.260768 -0.474392 -0.683882 -0.476714 -0.93066 
288
1 1 0 0 1 1 1 1 0 0 0 1 
3.04814 6.07579 7.78114 9.02082 4.33855 5.60624 6.47364 3.63716 10.8741 10.2349 10.5803 6.26292 
-0.568648 -0.718868 -0.0283937 -0.2588 -0.533176 -0.629115 -0.822968 -0.469088 -0.68843 -0.474677 -0.87589 -0.474833 
288
0 0 0 
6.14911 3.50626 4.39526 
0.17153 0.928079 0.467023 
292
1 1 1 1 1 0 0 0 1 0 0 1 
2.79667 5.64394 5.14002 7.13672 5.013 8.79165 7.64665 7.97539 3.76015 10.0934 10.186 5.89804 
-0.590547 -0.727481 -0.545051 -0.825484 -0.629493 -0.255788 -0.019801 -0.679432 -0.480983 -0.876935 -0.475381 -0.483308 
292
0 0 0 
5.59781 3.56934 4.74358 
0.182187 0.942502 0.473303 
296
0 0 0 
3.99409 5.08078 3.33237 
0.498756 0.186721 0.964513 
300
0 0 0 
3.67032 3.8941 5.54238 
0.978434 0.510743 0.193331 
300
1 1 1 0 1 1 1 0 0 0 0 1 
2.88269 6.27903 5.14958 8.63565 5.02102 4.91622 3.73456 9.77169 7.31855 9.21852 9.06236 5.32465 
-0.609866 -0.837261 -0.728368 -0.244973 -0.546768 -0.635741 -0.496467 -0.879128 -0.0144434 -0.684897 -0.481803 -0.493562 
304
1 0 1 1 1 1 1 0 0 0 1 
2.75212 7.80424 6.46598 3.47511 4.72526 5.59396 5.09532 6.98024 10.8015 10.1533 5.15729 
-0.621451 -0.238003 -0.736063 -0.493998 -0.550794 -0.838872 -0.649147 -0.00815226 -0.880844 -0.468899 -0.492365 
308
1 1 0 1 1 1 1 0 0 0 0 1 
2.61073 6.11143 10.8763 6.55865 4.55162 5.09898 3.46885 7.79473 9.72531 10.8689 8.34346 4.67163 
-0.62513 -0.732603 -0.68749 -0.837315 -0.559156 -0.642629 -0.494046 -0.00553767 -0.466445 -0.878057 -0.244054 -0.483312 
304
0 0 0 
3.06245 6.09829 4.09566 
1.00174 0.199045 0.517172 
308
0 0 0 
4.33943 3.71214 2.10341 
0.221015 0.543373 1.02421 
312
1 1 1 1 1 1 0 0 0 0 0 1 
2.5873 6.19471 3.50523 6.01206 5.12067 4.48984 7.11805 5.63811 8.93161 10.2735 10.8462 4.59724 
-0.635857 -0.737481 -0.508285 -0.834891 -0.645535 -0.555413 0.00549133 -0.473337 -0.233585 -0.873344 -0.684878 -0.490838 
316
1 1 1 1 1 1 0 0 0 0 0 1 
2.42186 6.20607 5.35738 5.41631 4.71203 3.42229 7.61484 9.10581 10.6921 10.1211 9.0239 2.83295 
-0.640178 -0.734373 -0.644347 -0.838762 -0.549275 -0.50256 0.0134683 -0.457081 -0.87086 -0.678791 -0.224501 -0.497672 
316
0 0 
3.75171 5.52268 
0.578491 0.232722 
320
1 1 1 0 0 1 1 1 0 0 0 1 
5.74972 2.98372 2.27836 8.87697 6.21579 4.34565 4.689 6.01393 9.68578 7.5102 9.76841 4.29327 
-0.725411 -0.511421 -0.647991 -0.446752 0.0208519 -0.559939 -0.645313 -0.83655 -0.866024 -0.214032 -0.671228 -0.484429 
324
1 1 1 1 1 1 0 0 0 0 0 1 
2.43029 5.83442 4.94727 3.04718 4.19738 4.14219 5.32968 9.08806 8.74858 8.00872 10.5424 3.4193 
-0.652884 -0.73456 -0.847439 -0.510009 -0.640026 -0.556902 0.0322307 -0.442684 -0.859109 -0.202136 -0.662424 -0.48326 
324
0 0 
5.29109 3.99901 
0.267837 0.620261 
328
1 1 1 1 0 0 1 0 1 0 0 1 
2.35193 5.44892 4.92603 3.17705 9.46854 10.0823 4.87101 9.97693 4.51774 7.32775 7.59917 3.70482 
-0.663526 -0.731269 -0.640597 -0.509316 -0.437307 -0.661976 -0.851525 -0.855386 -0.557354 0.0338375 -0.199081 -0.49522 
328
0 0 0 
3.78777 5.4412 5.18863 
0.637201 0.280801 0.000864592 
332
0 0 0 
3.51445 4.99664 6.21663 
0.66974 0.304851 0.0104717 
336
0 0 0 
3.71445 4.50058 6.58696 
0.695935 0.324133 0.0255822 
336
1 1 1 1 1 1 0 1 0 0 0 
1.99334 2.86094 5.42425 4.49674 3.63241 5.36944 7.99166 4.2916 9.18711 7.49827 8.79691 
-0.690577 -0.521243 -0.736632 -0.645749 -0.495666 -0.836165 -0.183866 -0.550027 -0.423512 -0.864746 -0.655464 
340
1 1 1 0 1 1 1 1 0 0 0 
1.83304 3.10706 4.57513 8.60884 3.53536 4.34826 4.51044 5.8138 9.37216 10.8105 9.31119 
-0.691279 -0.527375 -0.742336 -0.175105 -0.490598 -0.552671 -0.646652 -0.838598 -0.852956 -0.648216 -0.424896 
344
1 1 1 1 1 0 0 1 1 0 0 
1.92321 2.48891 4.91104 6.1957 4.20507 10.8642 7.90523 4.26794 3.50746 8.32791 11.1714 
-0.715636 -0.524878 -0.73702 -0.847352 -0.55511 -0.84171 -0.166256 -0.644947 -0.48563 -0.421273 -0.642967 
344
0 0 0 
3.36351 4.4776 6.44982 
0.756835 0.352025 0.0453036 
348
1 1 1 0 1 1 1 1 0 0 0 
2.3438 2.40615 5.53215 7.9022 5.07614 4.55697 3.43034 3.11127 7.4201 8.47294 8.85379 
-0.745812 -0.526643 -0.844402 -0.153631 -0.738562 -0.64439 -0.558303 -0.487898 -0.836757 -0.63663 -0.408044 
348
0 0 0 
3.79383 5.12939 6.414 
0.766448 0.371177 0.0577738 
352
0 0 0 
3.40467 4.19621 6.18878 
0.805543 0.391307 0.0752865 
356
0 0 0 
3.64201 4.54746 5.93451 
0.827084 0.413521 0.101673 
360
0 0 0 
3.3749 4.6625 5.64921 
0.871929 0.43355 0.115051 
356
1 1 1 1 1 1 0 1 0 0 0 
1.7979 2.40447 5.16985 5.5853 3.24577 4.18401 6.40383 3.69128 9.0361 8.77967 9.37846 
-0.755925 -0.542119 -0.736055 -0.837756 -0.485254 -0.633512 -0.12055 -0.554084 -0.825954 -0.622769 -0.384407 
360
1 1 1 1 1 1 1 0 0 0 0 
1.68662 2.25706 3.53756 3.77745 4.71413 2.91397 6.42213 6.6294 10.0424 8.99661 8.49566 
-0.763035 -0.533759 -0.547151 -0.628881 -0.725205 -0.473453 -0.84173 -0.114631 -0.816991 -0.614609 -0.371215 
364
1 1 1 1 1 1 1 0 0 0 0 
1.67273 3.63083 2.50328 4.07382 2.96803 6.00282 3.83673 6.8038 9.75984 7.87293 8.80077 
-0.756441 -0.541942 -0.539199 -0.723601 -0.4727 -0.83792 -0.621031 -0.102224 -0.812599 -0.361559 -0.595047 
364
0 0 0 
3.33975 6.34572 3.93213 
0.911126 0.128072 0.465971 
368
1 1 1 1 1 1 1 0 0 0 0 
2.05328 5.37041 1.92537 4.61445 3.61395 3.12312 5.16429 8.17702 7.97717 8.87293 8.14355 
-0.540432 -0.827436 -0.77851 -0.623822 -0.53216 -0.479878 -0.714062 -0.083853 -0.34244 -0.806421 -0.589878 
368
0 0 0 
5.22839 3.38962 4.54297 
0.156673 0.947192 0.485872 
372
0 0 0 
3.38832 5.78282 4.21421 
0.98029 0.171084 0.51815 
376
0 0 0 
3.84537 2.17211 5.22677 
0.541342 1.03044 0.1877 
376
1 1 1 1 1 1 0 0 1 0 0 
1.92461 3.65415 4.10691 5.43266 2.92607 5.20015 7.52226 6.44741 2.41114 7.38707 8.17317 
-0.553591 -0.538469 -0.619519 -0.826036 -0.478666 -0.709451 -0.333865 -0.0569718 -0.870511 -0.777514 -0.573283 
380
1 1 1 1 0 1 1 0 0 0 
1.88958 3.92792 2.73098 5.62139 7.32414 3.96713 3.59524 6.69593 9.42542 7.95372 
-0.579337 -0.70606 -0.479085 -0.826562 -0.319816 -0.615254 -0.534743 -0.0531934 -0.781923 -0.563547 
384
1 1 1 1 1 1 0 0 0 0 
1.98084 3.66645 4.68762 2.5452 4.2779 3.49856 7.43112 6.04718 8.8019 7.19406 
-0.568826 -0.618476 -0.820979 -0.481432 -0.711293 -0.532939 -0.549824 -0.0326897 -0.768793 -0.303547 
380
0 0 
3.52384 5.00667 
0.573027 0.212412 
384
0 0 
4.38764 4.92221 
0.593497 0.225181 
388
1 1 1 1 1 0 1 0 0 0 
1.57 3.22704 2.81434 3.9002 5.12971 7.75906 3.9713 9.59156 6.28776 7.33954 
-0.577782 -0.535866 -0.481269 -0.619141 -0.826636 -0.298205 -0.714141 -0.764736 -0.0137361 -0.544585 
392
0 0 
4.00791 5.14626 
0.650086 0.263779 
396
1 1 1 1 1 1 0 0 0 0 
2.30638 3.21995 5.52085 1.33711 3.62538 4.33419 7.09692 9.37879 7.3649 8.01126 
-0.491794 -0.545138 -0.835001 -0.570438 -0.624274 -0.71814 0.0100185 -0.754003 -0.277652 -0.529841 
400
1 1 1 1 0 1 0 1 0 0 
2.41737 2.24779 4.64309 4.1869 7.33565 3.44727 5.7926 2.83185 7.72923 8.33799 
-0.499736 -0.625152 -0.837689 -0.724709 -0.268361 -0.621668 0.0243452 -0.545906 -0.745649 -0.525989 
404
1 1 1 1 0 1 0 0 1 0 
2.23068 3.95744 4.76802 3.74665 5.84835 2.79138 8.24383 8.30193 2.11317 8.13626 
-0.516297 -0.717196 -0.839858 -0.63152 0.0282133 -0.557323 -0.742809 -0.520476 -0.644901 -0.261121 
400
0 0 
3.49039 4.7543 
0.714401 0.302196 
408
0 0 
3.5348 4.21603 
0.770107 0.351745 
412
0 0 0 
3.88402 4.64321 5.11959 
0.797775 0.355999 0.00877413 
408
1 1 1 1 1 0 0 0 1 0 
1.80867 3.68834 4.27734 3.35772 2.57234 9.17234 5.49552 7.79816 2.64908 8.03508 
-0.520222 -0.725703 -0.843067 -0.64147 -0.555239 -0.738469 0.0306316 -0.253457 -0.706212 -0.516426 
412
1 1 1 1 1 0 0 0 0 
1.88105 4.52271 3.88113 2.69122 3.22929 7.04531 9.74668 7.44906 4.11234 
-0.541828 -0.852662 -0.733732 -0.569127 -0.651297 -0.504656 -0.73545 -0.243013 0.0273095 
416
1 1 1 1 1 0 0 0 
3.92752 2.3804 2.88876 3.61456 2.02597 7.24447 9.87803 7.12992 
-0.855727 -0.574962 -0.647086 -0.740952 -0.554947 -0.497094 -0.735437 -0.237762 
420
1 1 1 1 1 0 0 0 
1.80981 2.94774 3.48581 2.49401 3.47703 8.16028 9.7688 7.42586 
-0.566628 -0.667897 -0.860344 -0.591218 -0.747379 -0.501745 -0.733699 -0.233571 
420
0 0 0 
3.62168 4.34691 5.22541 
0.857336 0.403499 0.0345201 
424
0 0 0 
3.52761 4.42291 5.38953 
0.898435 0.422307 0.0472071 
424
1 1 1 1 1 0 0 0 
3.06011 3.43002 3.78826 1.90308 2.11738 7.41558 8.62631 6.38093 
-0.670911 -0.750031 -0.867353 -0.580701 -0.595648 -0.489202 -0.721247 -0.220135 
428
0 0 0 
3.42784 4.59715 5.88325 
0.936889 0.444356 0.0597072 
436
0 0 0 
5.19125 2.2098 3.74984 
0.108878 1.02337 0.510085 
428
1 1 1 1 0 0 0 1 
2.09898 3.97645 3.83296 3.21229 7.66454 5.6725 8.50721 1.33126 
-0.622751 -0.87476 -0.753929 -0.683063 -0.487786 -0.218324 -0.727479 -0.557173 
432
1 1 1 0 1 0 0 
3.24267 4.09183 1.9273 7.72778 3.92726 9.07932 5.74344 
-0.687165 -0.883167 -0.621667 -0.478143 -0.769138 -0.714452 -0.190666 
436
1 1 1 1 0 0 0 
1.91174 4.11199 2.97992 3.30599 6.60283 6.95844 8.04256 
-0.627147 -0.882134 -0.704147 -0.766401 -0.17416 -0.455004 -0.70119 
440
1 1 1 1 0 0 0 
1.98972 4.24405 3.22268 3.2599 5.72944 9.33775 7.84272 
-0.649978 -0.887129 -0.765787 -0.703658 -0.157382 -0.68889 -0.453815 
440
0 0 
4.12786 4.78643 
0.539415 0.13746 
444
0 0 
3.49237 5.32809 
0.592218 0.159943 
448
1 1 1 1 0 0 0 0 
1.78056 3.97645 3.17267 2.75439 5.94234 7.73154 6.21309 6.32383 
-0.646506 -0.881499 -0.773796 -0.701302 -0.117233 -0.662261 -0.42172 -0.920434 
448
0 0 
3.81894 5.04248 
0.626768 0.189656 
452
1 1 1 1 0 0 0 0 
3.01244 2.43962 3.40296 1.41536 6.02748 8.15438 8.09775 6.93672 
-0.88666 -0.704129 -0.765893 -0.61472 -0.101892 -0.904091 -0.650613 -0.398344 
452
0 0 
3.2296 4.83991 
0.67846 0.218506 
456
0 0 
3.37348 5.01127 
0.712252 0.236353 
456
1 1 1 0 0 0 1 0 
2.54005 3.06602 4.31014 6.03534 9.23881 8.19401 2.32062 6.79129 
-0.714532 -0.773153 -0.889437 -0.0881137 -0.895588 -0.643186 -0.681215 -0.382757 
460
1 1 1 0 0 0 0 
2.43382 3.42357 2.96845 9.60003 5.52369 8.32552 6.47651 
-0.723941 -0.887672 -0.780423 -0.871242 -0.0615082 -0.632566 -0.371561 
464
0 0 
3.61901 4.22704 
0.783167 0.304446 
464
1 1 1 0 0 0 0 
1.7731 3.11395 3.45712 4.81184 8.45831 7.83232 7.69041 
-0.736614 -0.799819 -0.900888 -0.0368568 -0.874189 -0.621121 -0.353103 
468
1 1 1 0 0 0 0 
1.69443 2.84638 3.18454 5.63554 6.42942 9.43756 7.1763 
-0.775931 -0.807321 -0.908008 -0.0242242 -0.345769 -0.864619 -0.600376 
468
0 0 
3.94704 4.07946 
0.815137 0.329549 
472
1 1 0 0 0 1 0 
1.50966 3.44954 6.30524 5.73307 9.8034 3.09372 8.07173 
-0.779445 -0.894301 -0.327276 -0.00319527 -0.846371 -0.808845 -0.596968 
472
0 0 
3.86526 4.16471 
0.860482 0.364479 
476
0 0 
3.48795 3.91957 
0.922442 0.408238 
480
1 1 1 0 0 0 0 
1.87086 2.45733 2.81851 5.93516 8.0617 8.03291 3.58419 
-0.761711 -0.917457 -0.814144 -0.283064 -0.821964 -0.561503 0.0300069 
480
0 0 
3.68787 3.27629 
0.452383 0.983131 
484
0 0 0 
5.81873 3.99122 1.60702 
0.0293355 0.486363 1.04602 
484
1 1 1 0 0 0 
1.90723 2.8456 2.77513 6.15487 7.04582 7.22384 
-0.75149 -0.904283 -0.812974 -0.255107 -0.798514 -0.539414 
488
1 1 0 0 0 1 
2.95225 2.51383 6.37479 6.08643 7.19923 2.36578 
-0.891376 -0.794469 -0.232797 -0.510898 -0.778536 -0.776061 
488
0 0 
4.63527 5.34291 
0.519141 0.0674631 
492
0 0 
3.74019 4.815 
0.572985 0.109545 
496
0 0 
3.80006 4.13447 
0.627235 0.146552 
496
1 1 0 0 0 
2.54589 2.91499 5.40168 7.62641 7.2676 
-0.8072 -0.883853 -0.17835 -0.74417 -0.475877 
500
0 0 
4.36176 4.6188 
0.656516 0.176793 
500
1 1 0 0 0 
2.06839 2.47173 6.01893 5.64827 7.71128 
-0.806229 -0.882199 -0.150584 -0.437672 -0.718309 
504
0 0 
3.33133 3.99953 
0.734596 0.210429 
504
1 1 0 0 0 
2.40902 2.48226 7.36307 7.23991 5.63901 
-0.822525 -0.881797 -0.704226 -0.427983 -0.121493 
508
1 1 0 0 0 
2.12489 2.54869 5.25672 6.42222 7.42583 
-0.784553 -0.887335 -0.100878 -0.404128 -0.68937 
508
0 0 
3.70601 4.37114 
0.759359 0.249707 
512
0 0 
3.4124 4.03262 
0.809428 0.284252 
516
0 0 
3.55608 4.11045 
0.839335 0.305297 
520
0 0 
4.01554 4.1956 
0.868386 0.344569 
516
1 0 0 0 
2.5364 5.21196 5.66702 7.31751 
-0.877974 -0.0525771 -0.377902 -0.652119 
524
1 0 0 1 0 
1.80695 5.51829 4.6279 2.39362 6.83475 
-0.804119 -0.328796 -0.00105757 -0.891323 -0.625415 
524
0 0 
3.40576 4.14375 
0.931348 0.371499 
528
1 0 0 0 0 
2.48335 5.19952 6.56153 6.71808 4.99269 
-0.8993 0.0115005 -0.314057 -0.608137 -0.906128 
528
0 0 
3.67626 3.93113 
0.963715 0.403842 
532
0 
3.94547 
0.433134 
532
1 0 0 0 0 
1.98165 6.23252 4.896 5.46497 8.57671 
-0.905764 -0.589368 0.0370915 -0.292773 -0.890347 
536
0 0 
3.60159 2.95052 
0.474646 0.00908203 
536
1 0 0 0 0 
1.95754 6.97125 5.97055 8.88371 4.07523 
-0.900934 -0.582149 -0.278969 -0.884979 0.026029 
540
0 0 
3.73751 4.9066 
0.499111 0.0356049 
544
0 0 
3.58096 4.4944 
0.518028 0.0523974 
544
0 1 0 0 
5.68003 1.89186 6.89419 6.85816 
-0.246341 -0.914918 -0.856367 -0.555238 
548
0 1 0 0 
6.18988 1.85116 5.58425 7.08502 
-0.541122 -0.915222 -0.232796 -0.84929 
552
0 1 0 0 
5.3631 1.74473 7.41141 6.41126 
-0.22222 -0.938768 -0.847524 -0.53231 
548
0 0 
3.47988 3.77291 
0.558588 0.0860104 
556
0 0 0 
4.64795 7.5981 6.40414 
-0.203138 -0.837692 -0.522482 
560
0 0 0 1 
4.9917 5.49519 7.37678 2.76405 
-0.187548 -0.510234 -0.825926 -0.97969 
552
0 0 
3.17231 4.74104 
0.590963 0.0874612 
556
0 0 
3.35814 4.7296 
0.627071 0.109082 
564
0 0 
3.39708 4.37363 
0.690998 0.156944 
564
0 0 0 
5.36055 5.75566 7.17956 
-0.165187 -0.491562 -0.821823 
568
0 0 0 
6.97047 5.61004 7.15917 
-0.150847 -0.481467 -0.803536 
568
0 0 
3.49124 4.19093 
0.719205 0.183442 
572
0 0 
3.28775 4.33757 
0.7608 0.204316 
572
0 0 0 
5.31662 5.92327 6.82902 
-0.1391 -0.470827 -0.796605 
576
0 0 0 0 
6.87864 4.8908 5.65414 4.94752 
-0.783617 -0.116365 -0.454791 -0.913876 
576
0 0 
3.24438 4.13662 
0.803375 0.240501 
580
0 0 
3.31906 3.93072 
0.836343 0.261678 
584
0 0 0 0 
6.41442 4.73085 5.78182 7.04261 
-0.761757 -0.0798423 -0.423845 -0.887815 
584
0 0 
3.50016 3.83231 
0.875353 0.297347 
588
0 0 0 0 
6.89385 7.37631 5.23817 5.0294 
-0.753513 -0.881974 -0.411752 -0.0593793 
588
0 0 
2.97109 3.22882 
0.949178 0.338252 
592
0 0 
3.47742 3.22861 
0.35874 0.98207 
592
0 0 0 0 
5.23101 6.09264 5.23967 6.65799 
-0.393857 -0.74557 -0.0457061 -0.86748 
596
0 0 0 0 
4.49278 5.35904 6.3092 7.61476 
-0.0111899 -0.381718 -0.728177 -0.858073 
596
0 0 
3.3215 2.69943 
0.389856 1.00763 
600
0 
3.30931 
0.443419 
604
0 0 0 0 
4.60658 6.90436 5.25963 6.40279 
0.0387857 -0.838252 -0.347987 -0.707514 
608
0 0 0 0 
5.05636 6.11424 6.96356 2.96905 
-0.3166 -0.679679 -0.81812 0.0209475 
604
0 
3.49809 
0.473794 
608
0 0 
3.25413 2.41935 
0.532304 0.0257884 
612
0 0 
3.20773 4.02124 
0.566578 0.060767 
612
0 0 0 
6.70237 5.94465 4.88397 
-0.66578 -0.797142 -0.297426 
616
0 0 
3.10436 3.84078 
0.633771 0.0937446 
616
0 0 0 
5.90694 5.09019 6.70201 
-0.645384 -0.27703 -0.778401 
620
0 0 0 
5.80521 5.56511 6.72226 
-0.627106 -0.255047 -0.758788 
620
0 0 
3.6014 2.87162 
0.124316 0.682419 
624
0 0 0 
5.79363 4.74091 5.68006 
-0.613765 -0.227696 -0.747364 
628
0 0 
2.97219 4.18424 
0.7963 0.19031 
628
0 0 0 
3.86087 4.8386 6.21858 
-0.198374 -0.586198 -0.729998 
632
0 0 0 
4.16271 5.13685 6.13079 
-0.174933 -0.575427 -0.702585 
632
0 0 
2.82178 3.06306 
0.263571 0.84424 
636
0 0 
3.85862 2.7642 
0.262185 0.918998 
644
0 0 
3.26191 2.08728 
0.3734 1.03525 
636
0 0 0 
4.11696 5.0747 5.84812 
-0.147895 -0.551668 -0.687765 
640
0 0 0 
4.23364 4.79006 6.00389 
-0.124501 -0.529366 -0.679707 
644
0 0 0 
3.80113 4.82804 4.95912 
-0.0803016 -0.510578 -0.656751 
648
0 
2.56585 
0.446635 
648
0 0 0 
3.88264 5.37995 5.01662 
-0.055313 -0.490033 -0.633939 
652
0 
2.7826 
0.484847 
652
0 0 0 
3.68787 5.35062 5.65553 
-0.0245512 -0.473995 -0.604619 
656
0 0 0 
3.51544 4.50234 6.18616 
0.0222372 -0.436409 -0.581555 
656
0 
2.88965 
0.535089 
660
0 
2.8074 
0.584746 
664
0 0 
2.6363 2.1421 
0.649455 0.0456451 
664
0 0 
4.04337 5.35742 
-0.384407 -0.533446 
668
0 0 
4.95958 4.96172 
-0.358858 -0.513865 
668
0 0 
2.47039 3.49924 
0.721716 0.0699881 
672
0 0 0 
4.54747 5.07189 6.67324 
-0.327879 -0.485841 -0.907818 
672
0 0 
2.2716 3.25555 
0.793031 0.117802 
676
0 0 
3.14211 2.66086 
0.156025 0.833744 
680
0 0 0 
4.48668 9.35939 4.78893 
-0.276806 -0.863722 -0.439064 
680
0 0 
2.89461 2.44225 
0.208623 0.898062 
684
0 0 0 
4.342 4.78614 9.98526 
-0.258654 -0.424826 -0.847231 
684
0 0 
2.44728 2.71845 
0.975272 0.259714 
688
0 0 0 
3.9144 5.28695 9.49558 
-0.221571 -0.394359 -0.818825 
688
0 0 
2.73588 2.80772 
1.02606 0.299545 
692
0 
2.87648 
0.346029 
692
0 0 0 
4.09291 4.28329 8.77988 
-0.192437 -0.36854 -0.79187 
696
0 
2.36951 
0.411787 
696
0 0 0 
3.68167 4.16681 8.70039 
-0.158576 -0.33435 -0.773456 
700
0 0 0 0 
3.53741 3.89724 9.24016 15.0384 
-0.129596 -0.307709 -0.745903 -0.897695 
700
0 
2.6234 
0.440137 
704
0 
2.34367 
0.508961 
708
0 0 0 0 
3.32388 3.89832 7.81467 13.2326 
-0.067549 -0.258856 -0.699724 -0.841471 
708
0 
2.41501 
0.560024 
712
0 
2.3489 
0.632264 
712
0 0 0 0 0 
3.83048 3.22012 8.68179 13.1432 21.2141 
-0.223501 -0.0381259 -0.688094 -0.811392 -0.881313 
716
0 0 0 0 0 
3.46053 3.88812 7.3903 15.1159 18.0767 
-0.00350116 -0.196978 -0.654788 -0.78753 -0.851589 
716
0 
2.09824 
0.703093 
720
0 0 0 0 0 
3.29305 3.50584 7.22819 12.8723 16.1295 
-0.166015 0.0342479 -0.619827 -0.76451 -0.820117 
720
0 
2.11972 
0.767492 
724
0 0 0 0 0 
3.2305 1.94382 7.99449 12.3354 16.9306 
-0.138896 0.0186975 -0.598486 -0.733482 -0.79934 
728
0 0 
2.15548 2.22714 
0.912692 0.0615324 
728
0 0 0 0 
3.59451 8.07582 10.7889 18.8166 
-0.100976 -0.574356 -0.707371 -0.769337 
732
0 0 0 0 
4.0721 7.72517 11.8486 17.3706 
-0.0756698 -0.548465 -0.677033 -0.740161 
732
0 0 
2.48653 2.99896 
0.96772 0.110981 
736
0 0 0 1 0 
2.85402 8.18398 10.693 13.8291 16.1557 
-0.0322337 -0.51829 -0.651598 -0.89715 -0.712277 
736
0 0 
2.89701 1.98341 
0.148212 1.04999 
740
0 
2.54737 
0.200848 
744
0 1 0 1 0 0 1 
3.00581 7.30766 7.96031 10.8448 10.2628 12.7493 15.8546 
0.0404775 -0.878799 -0.469815 -0.838524 -0.592975 -0.653781 -0.823523 
744
0 
2.40018 
0.249309 
748
0 
2.3577 
0.304498 
748
1 0 0 1 0 0 1 0 
7.87807 2.34715 7.69053 14.0385 10.4926 11.538 19.2088 16.3101 
-0.849285 0.0267854 -0.43707 -0.824745 -0.576043 -0.626108 -0.80058 -0.622119 
752
0 0 
2.31714 2.4562 
0.351885 0.0596777 
756
0 0 
2.11538 3.18031 
0.417733 0.100589 
752
1 0 1 0 0 1 
7.86896 7.1015 12.4943 11.9557 13.0907 12.7247 
-0.835461 -0.414123 -0.793627 -0.545677 -0.588844 -0.768525 
756
1 0 1 0 1 0 
7.79087 6.42039 12.6592 14.272 19.8889 17.2432 
-0.811188 -0.380356 -0.757753 -0.512358 -0.744989 -0.569658 
760
1 0 1 0 0 
7.18928 7.09783 11.9656 10.9818 15.4502 
-0.785085 -0.35732 -0.73254 -0.488985 -0.541896 
760
0 0 
2.25742 2.77177 
0.458393 0.155902 
764
1 0 1 0 1 0 1 
6.23139 6.64161 10.3347 14.0137 17.2023 15.5616 23.6382 
-0.762142 -0.324886 -0.70755 -0.452631 -0.692931 -0.507185 -0.863971 
764
0 0 
1.87063 2.58087 
0.546812 0.189663 
768
0 0 
1.58345 2.48901 
0.640015 0.241604 
772
1 0 1 0 0 1 1 
5.31149 6.50058 13.0341 11.7343 16.2562 22.0822 17.8856 
-0.708228 -0.26969 -0.653852 -0.397261 -0.452086 -0.861592 -0.637001 
776
1 0 1 0 1 0 1 
6.25358 7.35463 12.1704 9.81649 23.0224 19.3834 13.7287 
-0.693356 -0.238129 -0.630325 -0.366208 -0.835299 -0.423633 -0.617104 
780
0 1 1 0 1 0 1 
6.64623 6.89598 11.0892 11.2405 14.4994 18.6125 15.4688 
-0.206059 -0.677901 -0.604805 -0.337668 -0.581715 -0.394072 -0.816728 
776
0 0 
1.89189 2.25859 
0.741991 0.344721 
780
0 0 
1.61459 2.32929 
0.830137 0.398009 
784
0 0 
2.19925 2.03129 
0.448194 0.889335 
784
1 0 1 0 1 1 0 0 1 1 
6.49841 5.31372 13.5593 9.35859 14.4042 19.7706 12.2603 14.0412 18.4579 12.2428 
-0.655713 -0.182167 -0.581647 -0.317057 -0.860717 -0.785632 -0.375324 -0.365556 -0.554746 -0.723644 
788
1 0 1 1 0 1 1 0 
5.85108 6.50228 12.4786 13.0294 10.6142 16.993 17.5669 14.2729 
-0.633977 -0.153618 -0.561745 -0.851664 -0.275323 -0.752229 -0.529524 -0.344588 
792
1 0 1 0 1 1 0 
6.36017 6.82641 9.73287 12.6529 18.6885 14.8834 14.4891 
-0.613978 -0.122807 -0.53679 -0.261812 -0.500233 -0.814553 -0.308095 
792
0 0 
1.83743 2.67895 
0.578392 0.98737 
796
0 1 1 0 1 1 0 
6.25492 6.06444 10.978 10.9393 18.0897 17.0437 15.4541 
-0.0906491 -0.591404 -0.505653 -0.234005 -0.471967 -0.790955 -0.283771 
796
0 
1.74856 
0.662152 
800
0 1 1 0 1 1 0 1 
6.49784 12.4236 6.38877 11.1364 11.8476 17.6069 15.0668 13.7328 
-0.0616562 -0.480031 -0.56598 -0.202842 -0.761477 -0.446801 -0.257529 -0.667017 
800
0 
1.93628 
0.705473 
804
0 
1.55971 
0.815451 
804
0 1 1 0 1 0 1 1 
6.50291 5.65134 10.0623 10.1999 16.5223 10.1846 15.4267 6.82009 
-0.0465267 -0.546096 -0.454799 -0.173033 -0.424761 -0.220886 -0.749352 -0.913503 
808
0 1 1 1 0 1 1 0 1 
5.80835 4.77331 10.3637 8.68527 11.7763 12.0654 14.5028 10.1175 18.6194 
-0.00233754 -0.518687 -0.433287 -0.878819 -0.147124 -0.716396 -0.393919 -0.205046 -0.628733 
808
0 
2.02659 
0.841097 
820
0 
5.72488 
0.0309822 
824
0 
5.52412 
0.0717326 
812
1 0 1 1 0 0 1 1 1 1 0 
5.06087 5.55958 9.77972 12.6325 10.7854 16.5083 12.1112 20.747 16.162 13.581 12.1381 
-0.497884 0.0288773 -0.408235 -0.859604 -0.118613 -0.17135 -0.375084 -0.60358 -0.694845 -0.36239 -0.164975 
816
1 1 1 0 0 1 1 
4.83639 9.88551 10.2576 10.8285 4.50655 14.8787 14.0622 
-0.482861 -0.385614 -0.840556 -0.0935357 0.0309773 -0.6753 -0.348038 
820
1 0 1 1 1 1 0 1 1 
5.11446 12.0183 10.6888 13.0444 14.7211 12.072 13.9771 10.7554 19.0652 
-0.462203 -0.0641431 -0.359852 -0.823711 -0.314288 -0.655193 -0.11893 -0.328952 -0.547234 
828
1 1 0 1 1 0 1 0 
4.91157 8.80494 11.2307 12.0634 15.6745 15.4388 12.3483 15.3655 
-0.428727 -0.308733 -0.00351405 -0.778106 -0.60597 -0.0665585 -0.270958 -0.766609 
832
1 1 0 1 0 1 1 0 1 1 
10.2382 5.10157 9.51179 11.0791 18.7864 14.0583 14.3995 17.759 26.7508 21.6079 
-0.283285 -0.404691 0.0179967 -0.75675 -0.0393076 -0.576085 -0.237332 -0.752147 -0.414685 -0.476869 
828
0 
5.05645 
0.103787 
832
0 
5.34258 
0.128917 
836
1 1 1 0 1 0 1 0 
5.37696 9.02717 10.8557 10.3648 14.1534 14.8311 13.7793 14.768 
-0.396734 -0.268289 -0.748678 0.0351268 -0.561801 -0.0197982 -0.22764 -0.741945 
836
0 0 
4.89546 8.74691 
0.16626 -0.00738645 
840
0 0 
9.43506 5.5935 
0.00696121 0.168632 
844
1 0 1 1 1 0 1 0 1 
4.99353 14.7147 11.5222 9.84738 16.1525 6.30659 12.0601 19.0769 14.339 
-0.403048 -0.00783467 -0.751844 -0.258484 -0.563632 0.0296676 -0.21262 -0.736494 -0.459667 
844
0 0 
5.23658 9.65624 
0.181218 0.00553358 
848
0 0 
4.39186 9.20876 
0.182689 0.0101376 
852
0 0 
4.55225 9.05087 
0.190457 0.00130887 
856
0 0 
4.43552 8.81272 
0.197434 0.00322484 
848
1 1 1 1 1 0 0 0 1 
3.89402 8.69844 12.2914 13.2604 14.7129 13.3761 7.04127 17.9104 13.5058 
-0.410384 -0.761668 -0.272522 -0.22277 -0.566857 -0.00984174 0.0332748 -0.743003 -0.465723 
852
1 1 1 0 1 0 1 0 1 
4.48942 10.2554 9.75207 5.9052 15.671 14.6983 14.0298 15.6821 23.7874 
-0.427721 -0.772463 -0.274455 0.029862 -0.570608 -0.0112476 -0.220077 -0.7444 -0.464901 
856
1 1 1 0 1 1 0 1 0 1 
4.49515 10.4952 10.7509 7.14089 14.6971 13.3204 17.2728 20.6239 18.4229 21.7839 
-0.439618 -0.278574 -0.779332 0.0294347 -0.573668 -0.22282 -0.0130204 -0.464069 -0.750256 -0.192561 
860
1 1 1 1 1 0 0 0 1 1 
4.66273 9.88131 11.4265 12.4534 14.3406 5.90347 13.5475 17.2857 22.4319 21.067 
-0.459076 -0.285439 -0.793502 -0.5747 -0.225632 0.0317926 -0.0152192 -0.755943 -0.466991 -0.190963 
864
1 1 1 1 0 1 0 0 1 1 
4.26456 8.78208 11.1974 16.1687 11.6526 12.5544 14.7838 5.4154 21.6726 15.8601 
-0.467164 -0.282271 -0.79527 -0.226397 -0.0157065 -0.577877 -0.763816 0.0287279 -0.583975 -0.462521 
868
0 0 
3.98879 8.43222 
0.22113 0.00620093 
872
0 0 
4.20185 7.61769 
0.231176 0.0114494 
868
1 1 1 1 0 0 1 0 1 0 1 
3.99032 9.98356 11.1452 13.0721 18.4902 13.5886 16.5792 10.88 15.2164 8.46381 13.4036 
-0.483611 -0.804564 -0.286018 -0.592172 -0.766388 -0.00635376 -0.229435 -0.0157876 -0.1898 0.0313319 -0.470022 
872
1 1 1 1 0 1 0 1 
3.8456 8.09015 9.01304 16.9012 15.6612 14.7289 15.1263 17.2909 
-0.496488 -0.803133 -0.286215 -0.592556 -0.763786 -0.2233 -0.00639786 -0.468335 
876
1 1 1 1 1 0 0 1 1 
4.04277 7.54254 9.87398 16.8928 12.2794 15.6839 16.6801 23.8379 14.7956 
-0.503734 -0.274399 -0.808884 -0.215839 -0.580541 0.00547313 -0.765595 -0.182413 -0.455409 
880
1 1 1 1 0 1 1 
3.77389 8.68834 11.4945 15.6675 14.943 14.8296 16.9237 
-0.499779 -0.266321 -0.799336 -0.202921 0.0215484 -0.574381 -0.452437 
880
0 0 
3.24768 9.90699 
0.298104 0.0410909 
884
0 0 0 
3.73349 8.44872 12.0274 
0.319634 0.0706517 -0.00664258 
888
0 0 0 
3.43848 8.33024 13.9744 
0.352482 0.0897847 0.0175371 
888
1 1 1 1 0 1 1 
3.9136 9.69027 8.49645 13.1367 15.36 17.7119 15.5306 
-0.498009 -0.244756 -0.778949 -0.169336 -0.730984 -0.545692 -0.42335 
892
0 0 0 0 
3.28578 9.23231 12.9379 15.4463 
0.400368 0.105058 0.0355543 0.00373758 
896
0 0 0 0 
2.94501 7.32093 12.4817 18.5789 
0.431102 0.131497 0.0508767 0.0221822 
892
1 1 1 1 1 0 1 1 
3.74192 7.99284 10.1443 13.9475 14.8062 16.6183 24.8959 10.1978 
-0.494671 -0.223944 -0.774018 -0.530773 -0.153027 -0.714161 -0.405572 -0.333393 
896
1 1 1 1 1 0 1 1 
3.16642 7.85816 10.4077 12.0933 11.3775 15.5801 18.2839 20.1193 
-0.495374 -0.208857 -0.765426 -0.140134 -0.518869 -0.70697 -0.389974 -0.101204 
900
1 1 1 1 0 0 1 1 
3.42384 9.43855 8.65651 10.7264 12.8331 8.44845 19.5187 14.2353 
-0.504836 -0.769406 -0.203491 -0.128605 -0.702285 -0.693312 -0.0937078 -0.388536 
904
1 1 1 1 1 0 1 0 1 
3.13015 8.37114 9.43919 15.8867 19.372 13.5799 12.2658 13.6731 20.8439 
-0.515325 -0.201973 -0.776849 -0.123548 -0.0889431 -0.695318 -0.519249 -0.703693 -0.381532 
904
0 0 0 0 
2.98792 7.09549 10.1924 18.6356 
0.478666 0.147245 0.0708579 0.0397932 
908
1 1 1 1 1 1 0 1 
2.62983 10.6539 8.3141 10.323 18.3864 11.9748 11.6883 22.8422 
-0.54346 -0.790976 -0.206074 -0.131803 -0.0858272 -0.521387 -0.706391 -0.0669875 
912
1 1 1 1 1 1 1 0 1 
2.9503 6.81968 8.88562 10.8964 12.9279 18.1611 23.5393 15.4921 23.7046 
-0.575265 -0.204189 -0.797343 -0.1318 -0.52658 -0.0890349 -0.0651522 -0.713058 -0.386561 
912
0 0 0 
2.64418 9.62111 6.12646 
0.533014 0.0750984 0.160627 
916
0 0 0 0 
2.25125 11.5941 8.00286 17.0138 
0.574767 0.0785456 0.157982 0.0401405 
916
1 1 1 1 1 0 1 1 
2.55918 10.2209 8.06522 10.9028 13.5638 15.6576 21.1646 19.4641 
-0.592741 -0.80336 -0.209196 -0.131487 -0.529761 -0.717247 -0.0871638 -0.383893 
920
0 0 0 0 
2.21481 6.86877 11.6811 16.2555 
0.601886 0.167346 0.0832541 0.0484778 
920
1 1 1 1 1 0 1 1 
2.81144 6.28312 8.32359 10.8791 11.955 13.4094 19.2701 13.716 
-0.627181 -0.215714 -0.819178 -0.130266 -0.533 -0.722519 -0.387787 -0.0878238 
924
1 1 1 1 1 0 1 1 1 
2.19821 7.55773 10.0981 10.8567 14.0393 15.1029 14.1671 13.197 21.9433 
-0.659498 -0.223656 -0.823518 -0.128543 -0.542568 -0.731867 -0.0899394 -0.307018 -0.393045 
924
0 0 0 0 
2.24851 8.2114 13.2527 11.9339 
0.625795 0.166573 0.0805038 0.0525838 
928
0 0 0 0 
2.0717 6.05514 12.1036 16.0707 
0.682277 0.184024 0.0875268 0.0486904 
932
1 1 1 1 0 1 1 1 
2.0541 9.55716 11.3782 6.44236 11.0969 11.303 15.6135 14.3056 
-0.729208 -0.845239 -0.128754 -0.226318 -0.734172 -0.544888 -0.391231 -0.0782715 
932
0 0 0 0 
1.94769 11.3878 6.27032 17.377 
0.717804 0.0831738 0.181882 0.0507414 
936
0 0 0 0 
1.88968 6.36103 10.1251 17.5052 
0.76058 0.186467 0.0921147 0.0546273 
940
0 0 0 0 
6.67645 1.74207 6.8529 15.8867 
0.19381 0.814547 0.0951648 0.0596053 
940
1 1 1 1 0 1 1 1 
2.25005 6.84602 13.0278 7.66587 13.1968 13.9832 12.2369 14.8681 
-0.83092 -0.234807 -0.1313 -0.856746 -0.742483 -0.402123 -0.560477 -0.0803533 
944
1 1 1 1 0 1 1 0 1 
1.97227 6.96567 6.48158 12.1548 14.6196 13.7753 15.7798 10.9694 19.8683 
-0.86466 -0.236485 -0.866798 -0.129598 -0.74895 -0.562442 -0.0837872 -0.751937 -0.400645 
944
0 0 0 0 
5.44465 2.42487 13.429 17.0535 
0.202587 0.845848 0.0962747 0.0600546 
948
0 0 0 0 
5.81277 9.82211 2.5036 17.3938 
0.206141 0.107251 0.889986 0.0612311 
952
0 0 0 
6.68952 9.20066 17.4994 
0.203668 0.110436 0.0621723 
956
0 0 0 
5.79263 10.1033 17.0381 
0.204652 0.09718 0.057988 
952
1 1 1 1 1 
6.61592 12.6555 5.75861 12.9938 14.4955 
-0.247032 -0.135024 -0.907821 -0.0872786 -0.40573 
960
0 0 0 
5.57319 10.5855 17.4854 
0.21687 0.0956347 0.0545062 
960
1 1 0 1 1 1 1 
5.169 12.1622 14.2624 10.5302 19.4285 14.9078 17.4029 
-0.262151 -0.144623 -0.783419 -0.595156 -0.0943183 -0.42438 -0.0700598 
964
0 0 0 
5.6792 11.4303 14.8587 
0.210779 0.0985786 0.0601583 
968
0 0 0 0 
5.29244 14.0723 10.9466 21.4613 
0.225809 0.0575118 0.0952668 0.0361646 
964
1 1 1 1 0 1 1 
4.99068 12.0919 11.7011 17.9146 14.8846 17.1849 28.5051 
-0.277783 -0.603572 -0.149872 -0.0924259 -0.795987 -0.422014 -0.069807 
972
0 0 
5.47739 11.3224 
0.221203 0.095553 
972
1 1 1 0 1 1 1 0 
5.12378 10.3204 11.1761 12.9268 16.1159 19.5448 23.0192 17.108 
-0.296779 -0.160076 -0.617149 -0.812444 -0.100412 -0.430255 -0.0756133 -0.600112 
976
1 1 1 1 0 1 1 
5.10463 10.4416 12.7529 16.857 13.8121 20.0969 23.7949 
-0.301713 -0.154544 -0.624016 -0.100199 -0.825534 -0.441487 -0.0745162 
976
0 0 
5.25251 9.08654 
0.233995 0.111462 
980
0 0 0 
5.36004 10.5625 17.3942 
0.241699 0.10013 0.0392896 
984
1 1 1 1 0 0 1 1 
4.26244 9.41305 9.79229 15.9885 10.9589 16.4779 17.2049 15.2044 
-0.324785 -0.154893 -0.63569 -0.106499 -0.838453 -0.615032 -0.0780389 -0.440936 
984
0 0 0 
4.76954 9.60964 11.2872 
0.256439 0.107774 0.0708491 
988
0 0 0 
4.2898 11.5681 13.0395 
0.267595 0.101656 0.0669563 
988
1 1 1 1 0 1 1 
4.26217 14.0241 8.59279 14.3876 16.1986 15.97 14.8466 
-0.339017 -0.652005 -0.164931 -0.105055 -0.848003 -0.07818 -0.455816 
992
1 1 1 1 1 0 1 1 0 
4.50744 10.8089 10.6236 12.6781 14.7958 11.7318 22.2473 19.0486 14.3233 
-0.347521 -0.167896 -0.657639 -0.110636 -0.457541 -0.851419 -0.0761494 -0.348476 -0.628061 
992
0 0 0 
3.66987 8.93748 10.0719 
0.282303 0.110019 0.0715335 
996
0 0 0 
3.53542 8.20747 10.4223 
0.276601 0.115921 0.0621891 
1000
1 1 1 0 1 1 0 1 1 
4.26929 12.2134 10.7835 15.1209 17.6484 14.9661 14.7831 22.8144 22.8738 
-0.386582 -0.199862 -0.684074 -0.893467 -0.123117 -0.483502 -0.649684