0
0 
2.91 
-0.623726 
4
0 
2.94227 
-0.623739 
8
0 
2.57869 
-0.615975 
12
0 
2.28098 
-0.642864 
16
0 
2.65525 
-0.626736 
20
0 
2.73411 
-0.62143 
24
0 
2.619 
-0.627177 
28
0 
2.89489 
-0.622402 
32
0 
2.98768 
-0.624166 
36
0 
2.29633 
-0.640969 
40
0 
2.76753 
-0.621985 
44
0 
2.64602 
-0.628057 
52
0 
2.88496 
-0.622517 
56
0 
2.71514 
-0.632638 
60
0 
2.91966 
-0.626286 
64
0 
2.77079 
-0.621429 
68
0 
2.40617 
-0.628954 
76
0 
2.70005 
-0.621804 
80
0 
2.58465 
-0.619807 
84
0 
2.94893 
-0.624226 
88
0 
2.75864 
-0.622241 
92
0 
2.86247 
-0.624715 
100
0 
2.69738 
-0.61938 
104
0 
2.93459 
-0.629771 
108
0 
2.81315 
-0.62643 
112
0 
2.62819 
-0.617386 
116
0 
2.95923 
-0.624406 
124
0 
2.86501 
-0.628968 
128
0 
2.86672 
-0.625865 
132
0 
2.42592 
-0.642941 
136
0 
2.6472 
-0.620402 
140
0 
2.14736 
-0.645825 
148
0 
2.70676 
-0.622108 
152
0 
2.04528 
-0.643006 
156
0 
2.78148 
-0.628632 
160
0 
2.75742 
-0.620358 
164
0 
2.41745 
-0.645055 
172
0 
2.89432 
-0.623114 
176
0 
3.03939 
-0.625069 
180
0 
2.47627 
-0.62933 
184
0 
2.2689 
-0.6448 
188
0 
2.4914 
-0.644212 
196
0 
2.56876 
-0.643404 
200
0 
2.89455 
-0.624465 
204
0 
2.69433 
-0.639599 
208
0 
3.00138 
-0.624867 
212
0 
2.47358 
-0.642267 
220
0 
2.22987 
-0.643859 
224
0 
2.53402 
-0.643659 
228
0 
3.02486 
-0.626782 
232
0 
2.76704 
-0.621141 
236
0 
2.90894 
-0.624336 
244
0 
2.29341 
-0.642765 
248
0 
2.69732 
-0.616708 
252
0 
2.87443 
-0.622342 
256
0 
2.82316 
-0.623936 
260
0 
2.79899 
-0.623362 
268
0 
2.79713 
-0.632905 
272
0 
2.74521 
-0.623597 
276
0 
2.62081 
-0.624936 
280
0 
2.70429 
-0.620587 
284
0 
2.16654 
-0.645838 
292
0 
2.65908 
-0.619446 
296
0 
2.72286 
-0.63308 
300
0 
2.81574 
-0.627061 
304
0 
2.55672 
-0.630665 
308
0 
2.31402 
-0.64438 
316
0 
2.88319 
-0.623464 
320
0 
2.7758 
-0.62327 
324
0 
2.94772 
-0.623028 
328
0 
2.94477 
-0.627645 
332
0 
2.75828 
-0.624332 
340
0 
2.66661 
-0.640078 
344
0 
2.88261 
-0.627065 
348
0 
2.86801 
-0.622426 
352
0 
2.86848 
-0.623225 
356
0 
2.8673 
-0.620929 
364
0 
2.82101 
-0.62324 
368
0 
2.83196 
-0.622376 
372
0 
2.76934 
-0.625438 
376
0 
2.39211 
-0.632989 
380
0 
2.87717 
-0.621443 
388
0 
2.90557 
-0.62436 
392
0 
2.8032 
-0.625902 
396
0 
2.35374 
-0.644029 
400
0 
2.40103 
-0.64258 
408
0 
2.96022 
-0.624358 
