0
0 
3.7334 
0.542366 
0
1 0 
3.23402 2.86105 
-0.30567 -0.624583 
4
1 0 
3.41975 2.81192 
-0.305825 -0.622081 
4
0 
3.48918 
0.546469 
8
1 0 
3.18933 2.90092 
-0.312252 -0.627748 
8
0 
3.15269 
0.557695 
12
1 0 
3.39689 3.04852 
-0.305033 -0.625663 
12
0 
3.27863 
0.542264 
16
1 0 
3.18326 2.82702 
-0.310561 -0.628632 
16
0 
2.72416 
0.546145 
20
0 
2.89312 
0.546118 
20
1 0 
3.353 2.33724 
-0.305817 -0.647677 
24
1 0 
3.10998 2.45416 
-0.303305 -0.638671 
24
0 
3.36285 
0.551494 
28
1 0 
3.28681 2.5374 
-0.302195 -0.631366 
28
0 
3.0622 
0.537022 
32
1 0 
2.93857 2.94607 
-0.298558 -0.622415 
32
0 
2.90914 
0.544356 
36
1 0 
3.35857 2.99525 
-0.305497 -0.621616 
36
0 
3.15443 
0.546986 
40
0 
2.91752 
0.541446 
40
1 0 
3.24691 3.17187 
-0.306735 -0.626236 
44
1 0 
3.25011 2.65862 
-0.30744 -0.635562 
44
0 
3.23678 
0.55618 
52
1 0 
3.39581 2.72177 
-0.305333 -0.623849 
52
0 
2.79927 
0.5465 
56
1 0 
3.18016 2.65343 
-0.307505 -0.633897 
56
0 
3.287 
0.553032 
60
1 0 
3.42216 2.60963 
-0.30583 -0.632637 
60
0 
3.42957 
0.551033 
64
1 0 
3.00789 2.69593 
-0.300683 -0.619321 
64
0 
3.38793 
0.550247 
68
0 
3.21888 
0.558653 
68
1 0 
3.59712 2.7386 
-0.307612 -0.630865 
76
0 
3.26623 
0.554234 
76
1 0 
2.99174 2.22806 
-0.301505 -0.644782 
80
1 0 
3.24725 2.2982 
-0.304265 -0.634539 
80
0 
3.06529 
0.539483 
84
1 0 
3.12883 2.45145 
-0.303913 -0.646625 
84
0 
3.40102 
0.538531 
88
0 
3.10177 
0.536209 
88
1 0 
3.34846 2.67412 
-0.303373 -0.620645 
92
1 0 
3.38113 2.69105 
-0.319899 -0.619408 
92
0 
3.44009 
0.545173 
100
1 0 
3.34377 2.80761 
-0.306209 -0.627291 
100
0 
2.7085 
0.542078 
104
0 
3.11165 
0.539842 
104
1 0 
3.56635 2.73699 
-0.309781 -0.629857 
108
1 0 
3.37959 3.03311 
-0.30642 -0.629745 
108
0 
3.34889 
0.541286 
112
1 0 
3.80428 2.91954 
-0.302834 -0.62391 
112
0 
3.11088 
0.561205 
116
1 0 
2.92261 3.01608 
-0.30344 -0.622667 
116
0 
3.14754 
0.547269 
124
1 0 
3.04997 2.76256 
-0.302584 -0.622999 
124
0 
3.30765 
0.554891 
128
1 0 
3.41326 2.96433 
-0.305542 -0.623573 
128
0 
3.35906 
0.552556 
132
0 
3.13299 
0.537598 
132
1 0 
3.15506 2.70253 
-0.302019 -0.624662 
136
0 
3.28793 
0.553293 
136
1 0 
3.40627 2.28355 
-0.305573 -0.642316 
144
0 
2.95217 
0.541283 
144
1 0 
3.34244 2.73737 
-0.313896 -0.627379 
148
0 
3.37619 
0.548429 
148
1 0 
3.01092 2.76016 
-0.298554 -0.619591 
152
0 
3.19496 
0.55775 
152
1 0 
3.50716 2.99107 
-0.307033 -0.630353 
156
1 0 
3.263 2.99351 
-0.314084 -0.624203 
156
0 
2.96899 
0.538931 
160
0 
3.18675 
0.53726 
160
1 0 
3.18614 2.55815 
-0.304313 -0.626276 
168
1 0 
3.27544 2.82602 
-0.304003 -0.621552 
168
0 
3.3163 
0.550834 
172
0 
2.79943 
0.544896 
172
1 0 
3.35366 2.92773 
-0.307036 -0.624133 
176
0 
2.66903 
0.548711 
176
1 0 
3.15095 2.91268 
-0.306814 -0.629703 
180
0 
3.23022 
0.557158 
180
1 0 
3.21152 2.75237 
-0.300759 -0.628274 
188
1 0 
3.17246 2.3915 
-0.302713 -0.618436 
188
0 
3.53833 
0.548562 
192
0 
2.45295 
0.550568 
192
1 0 
3.37539 2.69566 
-0.303641 -0.618869 
196
1 0 
3.33041 2.72276 
-0.306183 -0.625481 
196
0 
3.2638 
0.553813 
200
0 
3.41727 
0.548182 
200
1 0 
3.32719 2.83471 
-0.307249 -0.622128 
204
1 0 
3.67994 2.85125 
-0.304624 -0.625873 
204
0 
2.87596 
0.544687 
212
0 
2.78169 
0.549011 
212
1 0 
3.12618 2.94857 
-0.303227 -0.623532 
216
1 0 
3.00733 2.9281 
-0.305668 -0.621789 
216
0 
3.34414 
0.550616 
220
1 0 
3.48261 2.92877 
-0.305812 -0.624177 
220
0 
3.17374 
0.559369 
224
1 0 
3.43361 2.51688 
-0.312972 -0.640922 
224
0 
3.20676 
0.545397 
228
1 0 
3.35999 2.93068 
-0.304873 -0.624514 
228
0 
3.38837 
0.547791 
236
1 0 
3.24549 2.38086 
-0.308836 -0.644691 
236
0 
3.31299 
0.546098 
240
0 
3.23714 
0.545828 
240
1 0 
3.25423 2.94303 
-0.312566 -0.629631 
244
0 
2.4464 
0.552621 
244
1 0 
2.87348 2.95087 
-0.304175 -0.622929 
248
0 
3.33095 
0.550758 
248
0 1 
2.91572 3.16025 
-0.623513 -0.300842 
256
0 
2.72403 
0.544678 
256
1 0 
3.12285 2.79232 
-0.317342 -0.620258 
260
0 
2.99432 
0.556284 
260
1 0 
3.26134 2.90737 
-0.304211 -0.623809 
264
1 0 
3.01177 2.69998 
-0.305567 -0.619751 
264
0 
3.24632 
0.55081 
268
0 
2.95108 
0.542998 
268
1 0 
3.35717 2.53494 
-0.303689 -0.621571 
272
0 
3.34806 
0.553507 
272
1 0 
3.03979 2.84559 
-0.310307 -0.6247 
280
0 
3.37095 
0.541208 
280
1 0 
3.74003 2.89442 
-0.306693 -0.62466 
284
0 
3.27526 
0.550721 
284
1 0 
3.57138 2.72406 
-0.304278 -0.620408 
288
0 
3.40541 
0.55049 
288
1 0 
3.24027 2.62179 
-0.309509 -0.632018 
292
0 
3.31493 
0.551628 
292
1 0 
3.38472 2.74987 
-0.305102 -0.617895 
296
1 0 
3.48301 2.70054 
-0.303677 -0.620127 
296
0 
3.07475 
0.560854 
304
1 0 
3.03287 2.51697 
-0.300184 -0.640748 
304
0 
2.96969 
0.539685 
308
1 0 
3.51707 2.77323 
-0.304966 -0.620472 
308
0 
3.23368 
0.557005 
312
0 
3.40898 
0.549876 
312
1 0 
3.24437 2.2408 
-0.305166 -0.644074 
316
1 0 
3.39305 2.78618 
-0.306749 -0.622055 
316
0 
3.57987 
0.548587 
320
0 
3.346 
0.549472 
320
1 0 
3.24005 2.58502 
-0.317781 -0.62081 
328
1 0 
3.21263 2.62094 
-0.302599 -0.628529 
328
0 
3.10383 
0.560531 
332
0 
3.41795 
0.549625 
332
1 0 
3.04173 2.42193 
-0.303752 -0.632316 
336
1 0 
3.43036 2.80406 
-0.311896 -0.62371 
336
0 
3.17487 
0.54463 
340
0 
3.30317 
0.547566 
340
1 0 
3.28554 2.95059 
-0.304683 -0.624749 
348
0 
3.1599 
0.535652 
348
1 0 
3.36285 2.38344 
-0.306104 -0.622153 
352
1 0 
3.63223 2.89824 
-0.305863 -0.62614 
352
0 
3.43435 
0.548235 
356
1 0 
3.5611 2.985 
-0.30414 -0.627502 
356
0 
3.19881 
0.546669 
360
1 0 
2.95552 2.56496 
-0.304769 -0.627753 
360
0 
3.13731 
0.54797 
364
1 0 
2.95108 2.69682 
-0.304443 -0.630216 
364
0 
3.48701 
0.549482 
372
1 0 
3.40422 2.38979 
-0.306097 -0.63199 
372
0 
3.20867 
0.554577 
376
1 0 
3.11097 2.79793 
-0.308692 -0.621619 
376
0 
3.27994 
0.554316 
380
0 
3.51399 
0.542884 
380
1 0 
3.5137 2.61935 
-0.304155 -0.633228 
384
0 
3.27645 
0.553446 
384
1 0 
3.16308 2.6023 
-0.303269 -0.640042 
388
0 
3.24848 
0.543321 
388
1 0 
2.88018 2.67839 
-0.319162 -0.62783 
396
1 0 
3.0507 2.70009 
-0.300613 -0.632177 
396
0 
3.39567 
0.549529 
400
1 0 
2.80614 2.63139 
-0.311215 -0.618822 
400
0 
3.08678 
0.560401 
404
0 
3.06679 
0.550478 
404
1 0 
3.5064 2.33297 
-0.30809 -0.6174 
408
1 0 
3.29208 2.75737 
-0.301025 -0.622756 
408
0 
3.09904 
0.561255 
412
1 0 
3.1173 2.80391 
-0.301647 -0.624601 
412
0 
3.14131 
0.557619 
420
1 0 
3.56866 2.51438 
-0.3083 -0.634356 
420
0 
3.03343 
0.543914 
424
0 
3.20426 
0.543765 
424
1 0 
3.43133 2.8761 
-0.305789 -0.625272 
428
1 0 
2.92516 2.42692 
-0.30572 -0.618236 
428
0 
3.16325 
0.549353 
432
1 0 
3.08553 2.79867 
-0.300576 -0.622747 
432
0 
3.40089 
0.550228 
436
0 
2.73356 
0.546689 
436
1 0 
3.20472 2.79996 
-0.310687 -0.627162 
444
0 
3.13526 
0.560111 
444
1 0 
2.922 2.60173 
-0.304557 -0.627986 
448
1 0 
3.12135 2.61973 
-0.30244 -0.619581 
448
0 
3.19482 
0.557992 
452
0 
3.37314 
0.554239 
452
1 0 
3.07246 2.63706 
-0.307382 -0.619494 
456
0 
2.8718 
0.543356 
456
1 0 
3.14973 2.60652 
-0.304809 -0.628254 
464
0 
3.02885 
0.545821 
464
1 0 
3.49716 2.56633 
-0.303108 -0.634463 
468
1 0 
3.13796 2.42203 
-0.302038 -0.64256 
468
0 
3.22809 
0.554571 
472
0 
3.5088 
0.548831 
472
1 0 
3.27471 2.11409 
-0.303773 -0.653128 
476
1 0 
3.31807 2.77564 
-0.305886 -0.628563 
476
0 
2.96808 
0.536877 
480
0 
3.24565 
0.557227 
480
1 0 
3.2991 2.81688 
-0.304693 -0.63544 
488
0 
3.10622 
0.549226 
488
1 0 
2.89887 2.83183 
-0.31806 -0.624872 
492
0 
3.08896 
0.536222 
492
1 0 
3.06891 2.95545 
-0.301252 -0.625586 
496
1 0 
3.44061 2.55681 
-0.305538 -0.640358 
496
0 
3.15107 
0.558897 
500
1 0 
3.55313 2.93911 
-0.304375 -0.621282 
500
0 
3.61145 
0.545351 
504
1 0 
3.32724 2.69133 
-0.306256 -0.623869 
504
0 
3.25096 
0.553529 
512
0 
3.45979 
0.540675 
512
1 0 
3.50254 2.3998 
-0.316628 -0.62768 
516
1 0 
3.49946 2.40319 
-0.308958 -0.633404 
516
0 
3.39441 
0.540762 
520
1 0 
3.60663 2.58061 
-0.306076 -0.62153 
520
0 
3.20684 
0.559239 
524
0 
2.78909 
0.556736 
524
1 0 
3.38201 2.62693 
-0.303497 -0.63418 
532
0 
2.64893 
0.544748 
532
1 0 
3.24169 2.87919 
-0.305093 -0.622504 
536
1 0 
3.69772 2.66631 
-0.309276 -0.620832 
536
0 
3.26537 
0.552813 
540
0 
2.79529 
0.546465 
540
1 0 
3.17104 2.83469 
-0.304239 -0.624895 
544
0 
3.41966 
0.548014 
544
1 0 
3.63842 2.83172 
-0.306619 -0.623112 
548
0 
2.91651 
0.542278 
548
1 0 
3.07436 2.68114 
-0.30177 -0.625496 
556
1 0 
3.09942 2.52167 
-0.302174 -0.636876 
556
0 
3.33175 
0.555689 
560
0 
3.52966 
0.544181 
560
1 0 
3.21929 2.91009 
-0.304336 -0.62958 
564
1 0 
3.37894 2.78298 
-0.317347 -0.62686 
564
0 
3.35518 
0.550297 
568
0 
2.99293 
0.566748 
568
1 0 
3.40147 2.82533 
-0.304914 -0.621337 
572
1 0 
2.94042 2.53909 
-0.298967 -0.617261 
572
0 
3.19972 
0.533873 
580
1 0 
3.01427 2.70917 
-0.300541 -0.626661 
580
0 
3.49356 
0.545703 
584
0 
2.66302 
0.542984 
584
1 0 
3.35398 2.46005 
-0.306335 -0.63808 
588
0 
3.44021 
0.550516 
588
1 0 
3.2673 2.7912 
-0.304092 -0.631029 
592
0 
2.96087 
0.543772 
592
1 0 
3.27722 2.61393 
-0.302453 -0.634998 
596
0 
3.46615 
0.549337 
600
1 0 
3.17331 2.82813 
-0.30935 -0.631034 
604
0 
3.07035 
0.550369 
604
1 0 
3.36192 2.87105 
-0.316644 -0.623065 
608
0 
3.22223 
0.55166 
608
1 0 
3.19651 2.74719 
-0.302701 -0.622246 
612
0 
2.98175 
0.562321 
612
1 0 
3.34743 2.55783 
-0.304228 -0.621377 
616
0 
3.11595 
0.54954 
616
1 0 
3.28319 2.84498 
-0.304027 -0.628026 
620
0 
2.96225 
0.541167 
624
1 0 
3.09468 2.41662 
-0.301509 -0.633724 
628
0 
3.04796 
0.538418 
628
1 0 
3.06071 2.84173 
-0.300455 -0.623457 
632
0 
2.91374 
0.561496 
632
1 0 
3.55958 2.77358 
-0.30448 -0.625677 
636
0 
3.49624 
0.547913 
636
1 0 
3.68536 2.55339 
-0.308298 -0.631703 
640
0 
3.37589 
0.550731 
640
1 0 
3.44732 2.8161 
-0.307946 -0.62157 
644
0 
3.02816 
0.551179 
648
1 0 
2.93961 2.91194 
-0.300944 -0.621461 
652
0 
3.21483 
0.5476 
652
1 0 
3.37117 2.59552 
-0.306964 -0.619605 
656
0 
2.84313 
0.540393 
656
1 0 
3.48507 2.84966 
-0.306712 -0.63201 
660
0 
2.9144 
0.542662 
660
1 0 
3.03224 3.03999 
-0.302202 -0.62487 
664
0 
3.32788 
0.545867 
664
1 0 
3.4153 2.95475 
-0.309183 -0.624935 
668
0 
3.39545 
0.54827 
672
1 0 
3.28128 2.84027 
-0.306621 -0.631326 
676
0 
3.19996 
0.548092 
676
1 0 
2.88065 2.77827 
-0.305395 -0.622641 
680
0 
3.43244 
0.5494 
680
1 0 
3.34032 2.62676 
-0.304645 -0.637767 
684
0 
3.46509 
0.542857 
684
1 0 
2.93298 2.70133 
-0.304868 -0.630737 
688
0 
3.43181 
0.538394 
688
1 0 
3.69323 2.85876 
-0.305745 -0.63058 
692
0 
3.09162 
0.561121 
696
1 0 
3.38581 2.72492 
-0.308218 -0.625197 
700
0 
2.94183 
0.538965 
700
1 0 
3.18759 2.92652 
-0.304832 -0.624817 
704
0 
3.27482 
0.532859 
704
1 0 
3.11507 2.20403 
-0.314863 -0.646826 
708
0 
3.0056 
0.55319 
708
1 0 
3.23331 2.81882 
-0.317488 -0.636959 
712
1 0 
3.42783 2.97925 
-0.307279 -0.62831 
712
0 
3.10368 
0.545768 
716
0 
3.32414 
0.553865 
720
1 0 
3.45409 2.5363 
-0.306519 -0.641553 
724
0 
3.31438 
0.543308 
724
1 0 
3.305 2.74974 
-0.305777 -0.62064 
728
0 
3.24109 
0.558072 
728
1 0 
3.02375 2.29676 
-0.301259 -0.641434 
732
0 
2.91349 
0.539085 
732
1 0 
3.23447 2.13484 
-0.303621 -0.643856 
736
0 
3.30218 
0.53924 
736
1 0 
3.25101 2.82291 
-0.302774 -0.62479 
740
0 
3.53743 
0.547726 
744
1 0 
3.09405 2.87072 
-0.307839 -0.634987 
748
0 
2.98757 
0.553962 
748
1 0 
3.20284 3.05056 
-0.30477 -0.62469 
752
0 
2.78037 
0.549253 
752
1 0 
3.32248 2.93608 
-0.302092 -0.621844 
756
0 
3.20872 
0.538931 
756
1 0 
2.97857 2.52357 
-0.304403 -0.640021 
760
0 
2.87907 
0.542066 
760
1 0 
3.58224 2.83864 
-0.305574 -0.623567 
764
0 
3.15537 
0.558917 
768
1 0 
3.33313 2.52293 
-0.307267 -0.630149 
772
0 
3.04829 
0.550485 
772
1 0 
3.26307 2.78941 
-0.305456 -0.633758 
776
0 
3.50045 
0.548085 
776
1 0 
2.87696 2.53826 
-0.30466 -0.630076 
780
0 
3.24267 
0.554987 
780
1 0 
3.03958 2.15649 
-0.301765 -0.635547 
784
0 
2.92986 
0.568042 
784
0 1 
2.90258 3.09661 
-0.62332 -0.301375 
792
0 
3.1353 
0.560363 
792
1 0 
3.61064 2.85593 
-0.310171 -0.627563 
796
0 
2.97988 
0.562263 
796
1 0 
3.43625 2.95212 
-0.305946 -0.625684 
800
0 
3.13242 
0.54029 
800
1 0 
2.92246 2.89617 
-0.304514 -0.623376 
804
0 
3.46394 
0.546803 
804
1 0 
3.31483 2.38076 
-0.305929 -0.6465 
808
0 
3.3009 
0.542254 
808
1 0 
3.22512 2.72816 
-0.309593 -0.62021 
812
0 
3.02444 
0.550711 
816
1 0 
2.95891 2.34653 
-0.298494 -0.643333 
820
0 
3.12274 
0.55922 
820
1 0 
3.36422 2.60241 
-0.307718 -0.627557 
824
0 
3.39367 
0.550256 
824
1 0 
2.98365 3.00166 
-0.307001 -0.624777 
828
0 
3.22815 
0.545041 
828
1 0 
2.87402 2.75465 
-0.304473 -0.636886 
832
0 
3.40445 
0.54917 
832
1 0 
3.25236 2.95396 
-0.310245 -0.625394 
836
0 
3.56634 
0.543341 
840
1 0 
3.2884 2.69786 
-0.305155 -0.619886 
844
0 
3.38093 
0.539826 
844
1 0 
3.34968 2.86832 
-0.302566 -0.623012 
848
0 
3.01235 
0.548692 
848
1 0 
3.23015 2.89372 
-0.304811 -0.621245 
852
0 
2.89868 
0.545175 
852
1 0 
3.57634 2.72998 
-0.303929 -0.62304 
856
0 
3.35504 
0.554371 
856
1 0 
3.29032 2.63011 
-0.304672 -0.632997 
864
0 
3.08513 
0.536526 
864
1 0 
3.33286 2.80188 
-0.304795 -0.623465 
868
0 
3.16199 
0.545643 
868
1 0 
3.44907 2.78455 
-0.30477 -0.62947 
872
0 
3.38748 
0.542446 
872
1 0 
3.40622 2.88819 
-0.305817 -0.623499 
876
0 
3.52449 
0.545212 
876
1 0 
3.06479 2.85938 
-0.308095 -0.62924 
880
0 
3.59475 
0.534412 
880
1 0 
3.0632 2.81677 
-0.320206 -0.622333 
888
0 
3.21204 
0.546809 
888
1 0 
3.18567 2.88501 
-0.303879 -0.621583 
892
0 
3.12849 
0.539167 
892
0 1 
2.39343 2.88244 
-0.616681 -0.306448 
896
0 
2.93048 
0.564263 
896
1 0 
3.43081 2.87115 
-0.307126 -0.62145 
900
0 
3.27708 
0.555788 
900
1 0 
3.21254 2.41817 
-0.306117 -0.63533 
904
1 0 
3.2279 2.89628 
-0.306518 -0.624612 
904
0 
2.99056 
0.561152 
912
1 0 
3.77225 2.47898 
-0.308691 -0.619657 
912
0 
3.45503 
0.54813 
916
1 0 
3.35727 2.90983 
-0.305826 -0.627499 
916
0 
3.26568 
0.546568 
920
0 
3.22325 
0.546662 
920
1 0 
3.21761 2.21845 
-0.302891 -0.646218 
924
1 0 
3.37454 2.84774 
-0.30797 -0.623934 
924
0 
3.56458 
0.547573 
928
1 0 
3.49649 2.82863 
-0.311023 -0.622266 
928
0 
3.34593 
0.542307 
936
0 
3.26626 
0.553136 
936
1 0 
2.98541 2.27822 
-0.301395 -0.640982 
940
1 0 
3.26434 2.33166 
-0.303977 -0.639268 
940
0 
3.33822 
0.542949 
944
1 0 
3.19955 2.55756 
-0.301743 -0.618414 
944
0 
3.33062 
0.5446 
948
0 
3.25186 
0.538289 
948
1 0 
2.94535 2.85112 
-0.313496 -0.622258 
952
1 0 
3.20436 3.00865 
-0.304262 -0.626141 
952
0 
3.30671 
0.543199 
960
0 
3.00605 
0.552243 
960
1 0 
3.13786 2.57724 
-0.302487 -0.632604 
964
1 0 
3.39351 2.67987 
-0.306379 -0.626086 
964
0 
2.96892 
0.555439 
968
0 
3.38484 
0.551382 
968
1 0 
3.0766 3.03013 
-0.301987 -0.62488 
972
1 0 
3.04716 2.87636 
-0.306571 -0.622961 
972
0 
3.19081 
0.54029 
980
0 
3.2341 
0.554298 
980
1 0 
3.54276 2.43527 
-0.306418 -0.644426 
984
1 0 
3.61826 2.38474 
-0.317823 -0.625509 
984
0 
3.3113 
0.546885 
988
0 
3.30693 
0.539851 
988
1 0 
3.37696 2.75732 
-0.304139 -0.622671 
992
1 0 
3.08334 2.92561 
-0.308818 -0.620325 
992
0 
2.97472 
0.553846 
996
0 
3.33921 
0.552949 
996
1 0 
3.5055 2.88105 
-0.311069 -0.623493 
1004
1 0 
3.22807 2.34132 
-0.302753 -0.631241 
1004
0 
2.91466 
0.542691 
1008
0 
3.36006 
0.55385 
1008
1 0 
3.56608 2.48464 
-0.308662 -0.636007 
1012
1 0 
3.38694 2.22935 
-0.306791 -0.640157 
1012
0 
3.3062 
0.545563 
1016
1 0 
3.57677 2.79549 
-0.31004 -0.620956 
1016
0 
3.27391 
0.5425 
1020
1 0 
3.75873 2.87969 
-0.306076 -0.622033 
1020
0 
2.91408 
0.545673 
1028
1 0 
3.10011 2.7419 
-0.301181 -0.621794 
1028
0 
3.30866 
0.551995 
1032
0 
3.2344 
0.531836 
1032
1 0 
3.16283 2.4476 
-0.304052 -0.619235 
1036
1 0 
3.0236 2.46466 
-0.300442 -0.635585 
1036
0 
2.92897 
0.539797 
1040
1 0 
3.16256 2.70475 
-0.310779 -0.623336 
1040
0 
3.21376 
0.546194 
1044
0 
3.23224 
0.553879 
1044
1 0 
3.30007 3.25877 
-0.303764 -0.621401 
1052
1 0 
3.07676 2.40788 
-0.301705 -0.618947 
1052
0 
2.73402 
0.547541 
1056
1 0 
3.37359 2.76675 
-0.305312 -0.622035 
1056
0 
3.04692 
0.536846 
1060
1 0 
3.22577 2.68741 
-0.31019 -0.631998 
1060
0 
3.03461 
0.535717 
1064
0 
3.32414 
0.541561 
1064
1 0 
3.1094 2.9063 
-0.302553 -0.628312 
1068
1 0 
3.81577 2.84018 
-0.307809 -0.628445 
1068
0 
3.19047 
0.556305 
1076
1 0 
2.80217 2.69509 
-0.301355 -0.623875 
1076
0 
3.45863 
0.550243 
1080
1 0 
3.13988 2.377 
-0.308283 -0.647052 
1080
0 
2.8858 
0.545899 
1084
1 0 
3.02344 2.77961 
-0.302717 -0.62949 
1084
0 
3.0473 
0.5358 
1088
1 0 
3.47025 2.71946 
-0.305755 -0.623872 
1088
0 
3.02715 
0.552073 
1096
1 0 
3.19726 2.54478 
-0.308532 -0.621907 
1096
0 
3.18858 
0.55477 
1100
1 0 
3.41447 2.77571 
-0.309142 -0.624817 
1100
0 
3.12194 
0.538072 
1104
1 0 
3.48019 2.49037 
-0.304521 -0.63992 
1104
0 
2.62192 
0.547497 
1108
1 0 
3.30274 2.92399 
-0.30465 -0.622466 
1108
0 
2.98308 
0.542187 
1112
1 0 
3.47184 2.80313 
-0.304159 -0.622269 
1112
0 
2.58773 
0.549797 
1120
0 
3.34747 
0.55129 
1120
1 0 
2.98673 2.77041 
-0.306621 -0.622648 
1124
1 0 
3.36444 2.88287 
-0.304502 -0.622764 
1124
0 
3.22482 
0.555396 
1128
1 0 
2.97908 2.92184 
-0.307934 -0.621094 
1128
0 
3.28697 
0.552546 
1132
1 0 
3.46967 2.88489 
-0.305122 -0.624451 
1132
0 
3.40269 
0.549271 
1136
0 
3.55075 
0.54664 
1136
1 0 
3.44122 3.05043 
-0.306878 -0.633806 
1144
1 0 
3.32515 2.30231 
-0.303884 -0.641632 
1144
0 
3.51924 
0.545778 
1148
1 0 
2.93485 3.13892 
-0.305091 -0.628223 
1148
0 
3.44927 
0.549453 
1152
1 0 
3.40305 2.98546 
-0.305264 -0.627981 
1152
0 
3.38597 
0.540243 
1156
1 0 
3.54153 2.85678 
-0.317297 -0.625425 
1156
0 
3.21571 
0.560175 
1160
1 0 
3.47791 2.20131 
-0.305614 -0.650774 
1160
0 
3.149 
0.547623 
1168
1 0 
3.47092 2.84316 
-0.305408 -0.622555 
1168
0 
2.97775 
0.551772 
1172
1 0 
3.29834 2.53717 
-0.304734 -0.631462 
1172
0 
3.62978 
0.5449 
1176
1 0 
3.34237 2.66793 
-0.307225 -0.631453 
1176
0 
3.31218 
0.552076 
1180
1 0 
3.35293 2.84579 
-0.306951 -0.625221 
1180
0 
3.37678 
0.553797 
1184
1 0 
3.21818 2.45586 
-0.302528 -0.643757 
1184
0 
2.88497 
0.542438 
1192
1 0 
3.16823 2.76575 
-0.300744 -0.63087 
1192
0 
3.16373 
0.557465 
1196
1 0 
3.29476 2.41607 
-0.319016 -0.644394 
1196
0 
3.47121 
0.546989 
1200
1 0 
3.40254 2.78756 
-0.304047 -0.632039 
1200
0 
3.07479 
0.552064 
1204
1 0 
3.26483 2.79692 
-0.303692 -0.623579 
1204
0 
2.97031 
0.543009 
1208
0 
3.08304 
0.559793 
1208
1 0 
2.97441 2.88245 
-0.314679 -0.623186 
1216
0 
2.94652 
0.542656 
1216
1 0 
3.21814 2.90067 
-0.32034 -0.621053 
1220
1 0 
3.40747 2.80691 
-0.305105 -0.62242 
1220
0 
3.12602 
0.535849 
1224
0 
3.09212 
0.547201 
1224
1 0 
3.14041 2.7486 
-0.306464 -0.620251 
1228
0 
3.31071 
0.5336 
1228
1 0 
3.43789 2.86047 
-0.308871 -0.633923 
1232
0 
3.39263 
0.549167 
1232
1 0 
3.28583 2.78804 
-0.302419 -0.621825 
1240
0 
3.24813 
0.544014 
1240
1 0 
2.97398 2.90889 
-0.320261 -0.630701 
1244
0 
2.68087 
0.561562 
1244
1 0 
3.37721 3.04051 
-0.305112 -0.624418 
1248
0 
3.11772 
0.545758 
1248
1 0 
3.502 2.34574 
-0.308806 -0.637331 
1252
0 
3.15215 
0.546952 
1252
1 0 
3.28384 2.7991 
-0.311627 -0.630139 
1260
0 
3.15459 
0.546187 
1260
1 0 
3.58597 2.71629 
-0.308124 -0.631996 
1264
1 0 
3.58834 2.51232 
-0.307442 -0.624272 
1264
0 
3.14507 
0.538172 
1268
1 0 
3.34522 2.74461 
-0.306583 -0.627211 
1268
0 
3.18716 
0.550182 
1272
0 
3.11606 
0.562722 
1272
1 0 
3.30012 2.46989 
-0.303641 -0.642957 
1276
0 
2.90524 
0.537699 
1276
1 0 
3.17241 2.64235 
-0.303288 -0.629293 
1284
0 
3.41098 
0.547347 
1284
1 0 
3.60504 2.74011 
-0.30803 -0.62093 
1288
0 
3.30025 
0.552495 
1288
1 0 
3.67704 2.89932 
-0.30856 -0.623762 
1292
0 
2.93351 
0.54002 
1292
1 0 
3.42279 2.65382 
-0.306302 -0.628331 
1296
0 
3.22114 
0.547795 
1296
1 0 
3.57867 2.43885 
-0.309189 -0.61577 
1300
0 
2.9263 
0.561009 
1300
1 0 
3.40463 2.89118 
-0.307955 -0.624302 
1308
0 
3.00883 
0.540887 
1308
1 0 
3.45088 2.84541 
-0.304315 -0.624031 
1312
1 0 
3.11098 2.99839 
-0.302111 -0.625995 
1312
0 
2.99893 
0.540536 
1316
0 
3.09612 
0.55331 
1316
1 0 
2.9159 2.7095 
-0.315975 -0.622515 
1320
1 0 
2.73879 2.76746 
-0.305248 -0.622588 
1320
0 
3.1721 
0.560615 
1328
1 0 
3.35514 2.99932 
-0.30502 -0.623727 
1328
0 
3.30946 
0.545343 
1332
0 
3.13516 
0.536029 
1332
1 0 
3.16421 2.77416 
-0.301672 -0.62055 
