0
1 1 1 1 
4.45849 8.51768 10.8241 13.8965 
-0.219818 -0.122007 -0.624931 -0.456822 
4
1 1 0 1 1 
4.64978 10.9629 13.8068 10.3275 13.6878 
-0.221592 -0.126673 -0.827206 -0.625546 -0.444788 
8
1 1 0 1 1 
4.6489 10.997 13.5189 10.9921 13.8072 
-0.223879 -0.127631 -0.827486 -0.624842 -0.444967 
12
1 0 1 1 0 
4.56924 15.1961 10.4654 10.5689 10.1436 
-0.225066 -0.829051 -0.127136 -0.62415 -0.827326 
16
1 1 0 1 0 1 
5.13577 10.5267 13.1304 9.88467 10.7119 13.8529 
-0.223595 -0.620333 -0.832397 -0.125968 -0.826229 -0.459751 
0
0 0 0 
4.58698 10.1031 13.9672 
0.34872 0.138392 0.0655419 
4
0 0 0 
4.60444 9.1665 13.2146 
0.346566 0.144548 0.0645197 
8
0 0 0 
4.48605 9.60509 15.2226 
0.347726 0.143068 0.0735621 
12
0 0 0 
4.47742 8.39308 13.5113 
0.352241 0.143147 0.0723351 
16
0 0 0 
4.71925 9.88424 12.3998 
0.344132 0.139988 0.0725955 
20
0 0 0 
4.73168 10.433 15.4709 
0.349021 0.141664 0.0658353 
24
0 0 0 
4.68461 11.1092 13.3681 
0.346867 0.132972 0.075849 
20
1 0 1 1 0 1 
4.80521 13.6813 9.09395 9.74448 9.24991 16.949 
-0.223632 -0.829852 -0.126372 -0.624839 -0.827404 -0.454058 
24
1 1 0 1 
5.13116 10.7617 14.1182 10.2726 
-0.224544 -0.125312 -0.830702 -0.623946 
28
1 1 1 0 
4.92727 8.73147 10.6927 12.4501 
-0.224236 -0.123882 -0.620951 -0.827671 
32
1 1 1 1 
4.51751 10.2438 11.0029 12.634 
-0.222777 -0.124708 -0.624603 -0.444248 
28
0 0 0 
4.73178 10.4288 11.826 
0.343302 0.140378 0.0684651 
32
0 0 0 
4.24065 9.7569 14.416 
0.352695 0.140709 0.0743457 
36
0 0 0 
4.78497 10.2479 18.443 
0.346905 0.139002 0.0646224 
36
1 1 1 1 
4.70225 8.95876 10.4965 14.5384 
-0.22176 -0.123238 -0.620588 -0.456568 
40
1 1 1 1 
4.88299 9.31324 10.2898 12.1252 
-0.22445 -0.124765 -0.624394 -0.458009 
40
0 0 0 
4.48697 10.6024 16.1236 
0.353151 0.140358 0.0628837 
44
0 0 0 
4.56062 10.4502 11.6097 
0.354446 0.139207 0.0660876 
44
1 1 1 
4.49839 9.97307 12.9852 
-0.223088 -0.126746 -0.62274 
48
1 1 1 
4.60389 10.036 13.2657 
-0.225065 -0.126656 -0.457931 
48
0 0 0 
4.42704 9.46212 15.5287 
0.347345 0.144219 0.0628479 
52
1 1 1 
4.72584 8.85916 13.9263 
-0.221059 -0.12341 -0.445726 
56
1 1 1 
5.23995 9.33453 13.6901 
-0.225441 -0.124849 -0.445462 
52
0 0 
4.54438 10.8302 
0.352587 0.139918 
56
0 0 
5.06873 10.3078 
0.337362 0.141866 
60
1 1 1 
4.6877 10.3137 15.0495 
-0.227623 -0.125693 -0.456057 
64
1 1 1 
4.87585 10.065 13.7804 
-0.222019 -0.126107 -0.457096 
68
1 1 1 1 
5.10102 10.2418 13.0648 9.41024 
-0.225207 -0.125993 -0.45242 -0.444745 
60
0 0 
3.8628 9.83877 
0.366854 0.136171 
64
0 0 
4.07212 9.91856 
0.361616 0.141568 
68
0 0 0 
4.76591 10.7314 13.4735 
0.346247 0.133524 0.0655499 
72
1 1 1 
5.32535 9.05464 13.4208 
-0.224646 -0.123836 -0.444706 
72
0 0 
4.03123 11.148 
0.364322 0.132225 
76
1 1 1 
4.69739 10.3385 15.9176 
-0.223814 -0.126173 -0.445784 
76
0 0 
3.9908 8.89937 
0.364677 0.135158 
80
1 1 1 
4.5527 10.6358 13.6894 
-0.220944 -0.127795 -0.44492 
80
0 0 
4.68116 10.7094 
0.348176 0.133669 
84
0 0 
4.43243 9.37568 
0.358101 0.13396 
84
1 1 1 
4.71006 9.04769 12.8455 
-0.221454 -0.124108 -0.443985 
88
1 1 
4.86845 9.28568 
-0.224137 -0.123073 
88
0 0 
4.65448 10.5977 
0.345506 0.14071 
92
1 1 
4.61055 9.50996 
-0.221927 -0.12383 
92
0 0 
4.93304 8.77507 
0.340121 0.145811 
96
1 1 1 1 
4.6752 9.0205 9.13734 14.5347 
-0.222231 -0.623258 -0.123976 -0.445314 
96
0 0 
4.3728 9.09903 
0.354566 0.14402 
100
1 1 1 1 
4.58243 9.54159 9.0758 14.1827 
-0.2205 -0.123976 -0.62372 -0.445635 
100
0 0 
4.2054 9.00461 
0.357526 0.145569 
104
0 0 
3.91938 10.9484 
0.366585 0.133237 
104
1 1 1 1 
4.98122 10.7661 11.0064 14.1292 
-0.223954 -0.126724 -0.625197 -0.457286 
108
1 1 1 1 
4.63568 10.6082 10.372 11.5901 
-0.222967 -0.623666 -0.125694 -0.449713 
108
0 0 
4.1437 10.8298 
0.362557 0.139255 
112
0 0 
4.52172 12.5619 
0.351262 0.129907 
112
1 1 1 
4.62892 8.92231 10.26 
-0.223066 -0.123 -0.623531 
116
1 1 1 
4.70385 9.25373 9.39471 
-0.223824 -0.122664 -0.623397 
116
0 0 
4.78538 11.4648 
0.346779 0.135568 
120
1 1 1 
4.64913 8.91989 12.3005 
-0.223657 -0.129354 -0.624218 
120
0 0 
4.10576 12.3552 
0.361677 0.131401 
124
0 0 
4.01786 9.23336 
0.366064 0.150654 
124
1 1 1 
4.4783 9.06268 11.3046 
-0.224587 -0.127847 -0.624503 
128
1 1 1 
4.63935 8.41215 10.4802 
-0.222998 -0.617699 -0.126172 
132
1 1 1 1 
5.11593 9.52778 10.6459 13.9954 
-0.229037 -0.126349 -0.624265 -0.445204 
128
0 0 
3.93388 9.22303 
0.361194 0.145483 
132
0 0 
3.98719 9.14497 
0.364333 0.149891 
136
1 1 1 1 
4.62032 10.041 9.63653 13.737 
-0.223168 -0.126585 -0.619379 -0.457529 
140
1 1 
4.49207 9.92911 
-0.224221 -0.128905 
144
1 1 1 
4.86041 9.72832 12.2273 
-0.222872 -0.128237 -0.451172 
136
0 0 
4.71165 10.9676 
0.351775 0.137448 
140
0 0 
5.04797 8.66362 
0.340684 0.143707 
144
0 0 
4.66877 8.7988 
0.343888 0.134946 
148
0 0 
4.75046 8.27002 
0.34408 0.154132 
148
1 1 1 1 
5.24591 10.0891 14.4827 9.45607 
-0.224495 -0.125446 -0.456917 -0.442433 
152
1 1 1 
4.76548 9.19303 13.6518 
-0.224705 -0.123304 -0.445319 
152
0 0 
5.09317 10.3631 
0.343169 0.138856 
156
1 1 1 
4.61324 9.03141 14.4858 
-0.226723 -0.127469 -0.445737 
156
0 0 
4.77823 9.81175 
0.348144 0.141189 
160
0 0 
4.77484 8.5269 
0.344436 0.152378 
164
0 0 
4.19457 7.54356 
0.361019 0.145687 
160
1 1 1 
4.89316 9.71747 11.0902 
-0.224077 -0.128332 -0.442195 
164
1 1 
4.86956 10.7116 
-0.227695 -0.126444 
168
0 0 
4.9398 10.8806 
0.341538 0.1345 
172
1 1 1 1 
4.58022 10.9865 9.63297 15.2493 
-0.221958 -0.125669 -0.624919 -0.446249 
172
0 0 
4.70153 7.55659 
0.347029 0.143615 
176
0 0 
4.35019 8.91453 
0.357046 0.137794 
176
1 1 1 1 
4.72262 9.97736 9.23673 13.8544 
-0.223237 -0.128888 -0.619216 -0.44475 
180
1 1 1 1 
5.12299 9.98082 10.8537 12.4434 
-0.224156 -0.125671 -0.6211 -0.450084 
180
0 0 
5.15011 8.73613 
0.335696 0.150669 
184
1 1 1 1 
4.45931 9.53974 11.3745 12.9017 
-0.231259 -0.125881 -0.624115 -0.45792 
188
1 1 1 
5.21575 9.89198 11.2324 
-0.226694 -0.125834 -0.624539 
184
0 0 
4.4688 8.93208 
0.351369 0.153307 
188
0 0 
4.13649 10.3377 
0.362142 0.138014 
192
0 0 
4.04937 12.3469 
0.362172 0.137925 
192
1 1 1 
4.65758 8.57738 9.63446 
-0.221042 -0.623147 -0.124586 
196
0 0 
4.89418 9.47002 
0.337914 0.139549 
196
1 1 1 
4.9606 10.1284 11.3327 
-0.227784 -0.126713 -0.618598 
200
1 1 1 
4.84194 9.35121 11.2779 
-0.223188 -0.125206 -0.621514 
200
0 0 
5.05222 12.115 
0.337063 0.130135 
204
0 0 
5.07099 7.75491 
0.338268 0.156544 
204
1 1 1 
4.36315 10.0401 10.5656 
-0.227834 -0.125959 -0.620472 
208
1 1 1 
4.63303 10.7903 9.79423 
-0.223689 -0.623804 -0.126171 
208
0 0 
3.85148 12.899 
0.366427 0.12861 
212
1 1 1 
5.166 11.1119 9.57877 
-0.227545 -0.624632 -0.124275 
216
0 0 
4.28927 13.3066 
0.358005 0.13149 
216
1 1 1 
4.69046 9.21414 10.1492 
-0.226033 -0.620865 -0.126152 
220
1 1 1 1 
4.74418 10.1184 10.5187 12.4233 
-0.22436 -0.624351 -0.126107 -0.449989 
220
0 0 
4.45189 8.09597 
0.351511 0.158059 
224
0 0 
4.61874 8.33794 
0.342628 0.145915 
224
1 1 1 
4.50439 10.6451 9.0686 
-0.220933 -0.125101 -0.623146 
228
1 1 1 
4.06633 9.73244 10.2267 
-0.236524 -0.127349 -0.623787 
228
0 0 
4.75653 10.7202 
0.343163 0.137298 
232
0 0 
4.65226 6.60081 
0.348523 0.1533 
232
1 1 1 
4.70537 10.0683 8.96082 
-0.223886 -0.12574 -0.623295 
236
1 1 1 1 
5.2549 8.93013 10.7463 12.3708 
-0.226195 -0.624236 -0.126727 -0.457787 
236
0 0 
4.95957 8.65847 
0.348642 0.150993 
240
1 1 1 1 
4.76665 8.97241 10.832 14.2252 
-0.222849 -0.62419 -0.125808 -0.445811 
240
0 0 
4.20919 6.61502 
0.360353 0.146936 
244
1 1 1 1 
4.8188 10.3845 8.93938 15.4195 
-0.226964 -0.125578 -0.619573 -0.446292 
244
0 0 
4.05715 11.1429 
0.362376 0.137231 
248
1 1 1 1 
4.65684 9.29888 10.121 13.2907 
-0.227379 -0.62393 -0.125087 -0.459774 
248
0 0 
4.11006 8.2239 
0.362794 0.157616 
252
0 0 
4.76373 10.3819 
0.34359 0.137368 
252
1 1 1 1 
4.7556 8.99574 8.72708 11.6002 
-0.22456 -0.123448 -0.623732 -0.458414 
256
0 0 
4.06438 12.5783 
0.362144 0.129363 
260
1 1 1 
4.88795 9.38701 9.26614 
-0.223903 -0.624264 -0.124165 
264
1 1 1 
4.3967 9.25677 10.1351 
-0.230734 -0.623624 -0.1253 
260
0 0 
3.9924 9.68355 
0.362908 0.142673 
264
0 0 
5.02657 11.733 
0.340245 0.134372 
268
1 1 1 1 
4.56636 10.6018 9.48842 17.3267 
-0.225131 -0.61991 -0.12331 -0.446814 
272
1 1 1 1 
4.42589 11.3007 10.1554 13.6465 
-0.221176 -0.624973 -0.125861 -0.457408 
268
0 0 0 
4.83715 7.91382 11.3534 
0.342531 0.148053 0.137764 
272
0 0 
4.83548 10.5445 
0.331285 0.137206 
276
0 0 
3.89044 9.79057 
0.365122 0.141978 
280
1 1 1 
5.11119 9.88913 8.7357 
-0.22564 -0.623444 -0.122984 
284
1 1 1 
4.79062 10.8654 8.96969 
-0.223432 -0.623684 -0.12263 
280
0 0 
4.94086 8.86282 
0.34032 0.141736 
284
0 0 
4.43169 8.06728 
0.355425 0.146993 
288
0 0 
4.14246 12.8243 
0.359751 0.129541 
288
1 1 1 1 
4.88762 9.56509 10.4949 14.8454 
-0.226304 -0.624123 -0.126616 -0.454158 
292
1 1 1 1 
5.14909 11.3132 10.3071 11.7527 
-0.224264 -0.62399 -0.125318 -0.443904 
296
0 0 
4.63206 8.44513 
0.341105 0.15241 
300
0 0 
4.17375 10.183 
0.35886 0.1383 
300
1 1 1 1 
4.70903 9.12537 9.67224 13.2264 
-0.223362 -0.624044 -0.124438 -0.451326 
304
1 1 1 
4.5431 11.0111 9.39894 
-0.22801 -0.625172 -0.123887 
308
0 0 
3.79449 10.5834 
0.370513 0.137369 
308
1 1 
5.28976 8.62853 
-0.224613 -0.125159 
312
1 1 
5.01871 9.86892 
-0.225435 -0.125509 
312
0 0 
4.98837 8.79025 
0.342967 0.144778 
316
0 0 
4.17833 8.49278 
0.360273 0.149009 
316
1 1 
4.2191 9.74751 
-0.226918 -0.124784 
320
1 1 
4.703 10.0617 
-0.224786 -0.126118 
320
0 
4.94054 
0.339103 
324
0 0 
5.39107 8.50634 
0.339019 0.143211 
328
0 0 
4.16872 8.55227 
0.362137 0.14259 
324
1 1 
5.02834 9.37849 
-0.223393 -0.125776 
332
1 1 
4.58631 10.2553 
-0.222828 -0.128388 
332
0 0 
5.0346 6.75091 
0.341613 0.150236 
336
1 1 
3.61939 9.84031 
-0.236408 -0.127978 
336
0 0 
5.03824 7.20261 
0.340913 0.153195 
340
0 
5.88505 
0.330864 
340
1 1 1 
4.26242 9.5669 9.64598 
-0.238608 -0.624629 -0.12476 
344
0 
4.37273 
0.353068 
344
1 1 1 
4.61207 10.8945 9.96143 
-0.220573 -0.619903 -0.128441 
348
0 0 
4.55882 9.54716 
0.347458 0.140225 
348
1 1 1 
4.02122 11.3724 9.64248 
-0.238166 -0.62141 -0.125271 
352
1 1 1 
4.28136 9.74916 10.2212 
-0.220372 -0.619433 -0.127017 
352
0 0 
5.08417 10.1233 
0.34132 0.130554 
356
0 
4.80871 
0.334267 
356
1 1 1 
4.43523 12.2739 9.61446 
-0.230214 -0.621999 -0.123627 
360
0 0 
5.06863 8.27071 
0.33929 0.141667 
364
1 1 1 
4.8908 10.5703 10.5113 
-0.226406 -0.128105 -0.619895 
364
0 
5.02792 
0.342403 
368
1 1 1 
5.18983 11.0614 10.1813 
-0.225841 -0.621429 -0.127142 
368
0 
4.45303 
0.351783 
372
1 1 1 
4.8591 10.501 8.68025 
-0.226724 -0.620621 -0.125881 
372
0 
5.09638 
0.337838 
376
1 1 1 
4.54613 9.95467 9.95789 
-0.228505 -0.624053 -0.127717 
376
0 
5.80743 
0.331039 
380
1 1 
5.10288 9.62268 
-0.226518 -0.122948 
380
0 
5.37498 
0.33621 
384
0 
4.68149 
0.34499 
384
1 1 
4.41523 10.5256 
-0.227776 -0.127993 
388
1 1 
4.8211 9.98954 
-0.228337 -0.12794 
388
0 
5.0466 
0.343804 
392
1 1 
4.51273 8.4684 
-0.221865 -0.124584 
392
0 
5.04754 
0.344792 
396
0 
4.81021 
0.344725 
400
1 1 
5.08115 10.4431 
-0.223994 -0.126257 
400
0 
4.79355 
0.344606 
404
0 
4.14632 
0.343206 
408
0 
4.87651 
0.334472 
412
0 
5.13003 
0.333551 
404
1 1 
5.43483 10.4318 
-0.227503 -0.127775 
408
1 1 
5.11889 10.3778 
-0.226798 -0.128599 
412
1 1 
4.28622 9.89894 
-0.219409 -0.127531 
416
1 1 
4.71581 10.0185 
-0.227127 -0.126796 
416
0 
5.40352 
0.330548 
420
1 1 1 
4.70817 9.57951 8.80523 
-0.222747 -0.127664 -0.620278 
420
0 
5.5855 
0.333037 
424
0 
4.84487 
0.342256 
428
0 
4.70777 
0.347628 
424
1 1 1 
4.83112 10.09 9.76225 
-0.225538 -0.127433 -0.624006 
432
1 1 1 
4.52729 11.136 10.1159 
-0.221424 -0.620481 -0.127185 
436
1 1 1 
5.08112 10.3432 9.65011 
-0.227161 -0.624185 -0.127414 
432
0 
5.09586 
0.346485 
436
0 
5.14158 
0.34162 
440
1 1 1 
4.75459 10.2159 10.7118 
-0.225248 -0.624895 -0.128785 
440
0 
4.59167 
0.345266 
444
0 
5.11399 
0.339469 
444
1 1 1 0 
4.53693 9.33545 9.81883 16.1705 
-0.219774 -0.624271 -0.126762 -0.824694 
448
1 1 1 
4.79597 10.322 10.085 
-0.226879 -0.127937 -0.623558 
448
0 
4.80883 
0.341405 
452
0 
4.99919 
0.344142 
456
1 1 1 
4.79589 12.7811 9.23944 
-0.221812 -0.623248 -0.123275 
456
0 
4.62219 
0.345133 
460
0 
4.83319 
0.341953 
460
1 1 1 
4.87671 9.80509 10.145 
-0.223941 -0.623516 -0.125039 
464
0 
5.08883 
0.34016 
464
1 1 1 
4.82679 9.50028 9.0933 
-0.225635 -0.624184 -0.123006 
468
0 
4.99195 
0.345247 
468
1 1 
5.11405 10.2395 
-0.228257 -0.123573 
472
1 1 
5.21578 10.8227 
-0.227208 -0.128155 
472
0 
5.07429 
0.343646 
476
1 1 
4.34596 9.72052 
-0.23041 -0.127963 
480
1 1 
4.75708 9.62773 
-0.230035 -0.127548 
476
0 0 
4.99887 10.5512 
0.340713 0.137902 
480
0 0 
4.27612 7.76772 
0.36104 0.149843 
484
1 1 
3.84558 8.19887 
-0.241322 -0.125129 
488
1 1 
4.42336 9.94347 
-0.220962 -0.124904 
488
0 0 
5.29872 9.1291 
0.339276 0.142881 
492
1 1 
4.21515 9.38654 
-0.238296 -0.126771 
492
0 0 
3.98941 7.14273 
0.364276 0.146555 
496
1 1 
4.66133 8.5465 
-0.222277 -0.124483 
496
0 0 
4.2942 6.67812 
0.361385 0.145584 
500
1 1 
4.53691 10.0543 
-0.222683 -0.127685 
500
0 0 
5.00743 9.08355 
0.344246 0.14648 
504
0 0 
4.84491 8.71748 
0.343496 0.14568 
504
1 1 
4.74991 10.6111 
-0.221882 -0.126699 
508
0 0 
4.84534 8.29212 
0.346502 0.145284 
508
1 1 1 
4.76643 9.69104 9.93613 
-0.225967 -0.619309 -0.125042 
512
1 1 1 
4.97522 9.78196 8.98529 
-0.225969 -0.61931 -0.124068 
512
0 0 
4.1499 10.2138 
0.362584 0.134739 
516
0 0 
4.64079 10.7704 
0.352052 0.136942 
520
1 1 1 0 
4.98953 10.7694 9.88562 15.2451 
-0.23171 -0.619478 -0.126292 -0.824199 
520
0 0 
4.40172 11.5547 
0.356568 0.130927 
524
0 0 
5.14867 8.23398 
0.340314 0.153665 
528
0 0 
4.97834 10.9779 
0.347368 0.132826 
532
0 0 
4.29281 9.82994 
0.357853 0.132951 
524
1 1 1 0 
4.55688 11.0077 10.2468 14.2049 
-0.223387 -0.624541 -0.12682 -0.830171 
528
1 1 1 0 
4.1006 11.7878 9.34524 15.3475 
-0.238976 -0.621174 -0.124687 -0.829776 
532
1 1 1 0 
4.84809 10.7122 8.93405 12.1851 
-0.223441 -0.624508 -0.123564 -0.832071 
536
0 0 
4.71554 11.4279 
0.344539 0.131584 
540
0 0 
4.66048 9.23649 
0.341996 0.134009 
540
1 1 1 0 
4.65609 9.01393 10.2018 13.3865 
-0.223315 -0.122487 -0.623978 -0.833318 
544
0 0 
4.50391 9.02826 
0.355533 0.14217 
544
1 1 0 1 
5.06432 8.78317 14.0317 10.3386 
-0.223233 -0.121074 -0.831017 -0.619553 
548
0 0 
4.4732 8.27239 
0.349278 0.148806 
548
1 1 0 1 0 
5.02458 9.89714 14.9676 9.79325 10.4441 
-0.224146 -0.123907 -0.830997 -0.619179 -0.826288 
552
0 0 
4.29365 8.80277 
0.356907 0.147636 
552
1 1 1 0 
4.83345 10.4831 9.4935 13.7856 
-0.22435 -0.623789 -0.123514 -0.830103 
556
1 1 1 0 
4.35115 10.2699 10.786 15.2275 
-0.220952 -0.623538 -0.126489 -0.82373 
556
0 0 
4.93215 10.635 
0.339828 0.133889 
560
1 1 0 1 0 
4.79927 11.1567 15.0566 9.93684 11.3031 
-0.223591 -0.624184 -0.830209 -0.126213 -0.825207 
560
0 0 
4.87128 8.62607 
0.341341 0.15168 
564
0 0 
4.68938 9.27953 
0.343056 0.150707 
568
1 1 0 1 0 
4.34019 9.19061 14.785 9.2388 10.7893 
-0.223283 -0.623934 -0.830157 -0.123441 -0.826937 
568
0 0 
3.89171 8.63732 
0.366079 0.142819 
572
1 0 1 1 0 
4.89972 13.7316 12.3532 9.76308 11.8038 
-0.224748 -0.830689 -0.624698 -0.124698 -0.825907 
572
0 0 
4.88914 8.39571 
0.340093 0.137601 
576
0 0 
4.34273 9.39398 
0.35766 0.144748 
576
1 1 1 0 
4.78451 10.8031 9.36207 14.1212 
-0.224362 -0.624237 -0.125449 -0.82978 
584
0 0 
4.71391 8.20338 
0.343865 0.15438 
580
1 1 1 0 
5.12179 10.6783 9.82112 16.2127 
-0.223347 -0.620387 -0.124539 -0.82914 
584
1 1 1 0 0 
4.81765 10.1889 10.4948 15.2939 10.4832 
-0.22404 -0.128966 -0.61914 -0.831847 -0.826342 
588
1 1 1 0 0 
4.92423 9.79605 9.12944 15.4023 10.8605 
-0.224911 -0.618319 -0.122862 -0.829572 -0.826145 
588
0 0 
4.95436 8.46795 
0.340907 0.145691 
592
0 0 
4.8662 8.64177 
0.340683 0.146149 
596
0 0 
4.92819 8.04737 
0.341803 0.154626 
596
1 1 1 0 0 
5.47964 10.4764 9.19555 10.619 15.6569 
-0.230939 -0.624435 -0.123459 -0.826309 -0.829994 
600
0 0 
4.81455 9.20606 
0.342831 0.14483 
600
1 1 1 0 
4.70449 9.76955 10.7507 17.3361 
-0.221787 -0.61997 -0.124942 -0.825081 
604
1 1 0 1 0 
4.84869 9.09136 15.6408 10.163 10.2881 
-0.223879 -0.122402 -0.830264 -0.619596 -0.826988 
604
0 0 
4.19715 8.00988 
0.363056 0.14987 
608
0 0 
4.80257 10.952 
0.341574 0.135525 
608
1 0 1 1 0 
4.62835 16.2433 9.91353 9.6149 9.98023 
-0.224145 -0.829231 -0.62026 -0.125957 -0.827408 
612
1 1 0 1 
4.43295 10.4572 15.4789 11.5019 
-0.218579 -0.623882 -0.824063 -0.127556 
612
0 0 
4.85376 10.7976 
0.338923 0.137531 
616
1 1 0 1 
5.26684 8.86547 15.0552 9.97225 
-0.225433 -0.623571 -0.82435 -0.125278 
620
0 0 
4.77143 7.70677 
0.343153 0.157182 
620
1 1 1 0 0 
5.05656 10.3483 7.72533 13.1383 10.945 
-0.224468 -0.617796 -0.125716 -0.832861 -0.82725 
624
0 0 
4.23097 6.93999 
0.361642 0.1498 
624
1 1 1 0 
4.97619 10.0384 10.0169 15.4669 
-0.224647 -0.126326 -0.618164 -0.825086 
628
0 0 
4.96475 10.16 
0.340725 0.138409 
628
1 1 1 0 0 
4.86357 8.75307 11.1225 15.2073 10.7943 
-0.223725 -0.125664 -0.618627 -0.829943 -0.827464 
632
1 1 1 0 
4.85845 8.80867 9.45929 12.1994 
-0.225056 -0.124549 -0.619086 -0.831601 
636
0 0 
4.16926 8.75319 
0.362508 0.146404 
636
1 1 1 0 
4.84547 10.5615 9.84292 15.4753 
-0.227031 -0.127094 -0.618247 -0.82474 
640
1 1 0 1 0 
5.09036 9.95366 16.4529 10.3958 11.5427 
-0.22757 -0.125982 -0.828714 -0.620057 -0.826079 
640
0 0 
4.8931 8.78139 
0.349716 0.144747 
644
1 1 1 0 0 
5.2152 10.0887 10.7061 15.5043 12.9135 
-0.228524 -0.126303 -0.620522 -0.830335 -0.82629 
644
0 0 
4.86331 10.0711 
0.340516 0.134098 
648
0 0 
4.40541 8.43283 
0.355324 0.146274 
652
1 1 1 0 
4.69575 10.2505 10.8008 12.5528 
-0.225845 -0.125349 -0.623699 -0.833557 
652
0 0 
4.14736 9.82147 
0.361825 0.14141 
656
0 0 
5.087 10.2472 
0.335404 0.141267 
656
1 1 1 0 
3.74366 9.91011 8.99903 13.1795 
-0.236491 -0.619215 -0.123077 -0.820605 
660
0 0 
4.50186 9.37783 
0.347558 0.133575 
660
1 0 1 0 1 
5.49907 14.2038 10.3246 10.0829 9.83512 
-0.225478 -0.826195 -0.622222 -0.827381 -0.124187 
664
1 1 1 0 
4.86838 10.0507 8.97321 17.0134 
-0.222455 -0.618549 -0.123622 -0.828043 
668
1 1 1 0 0 
4.58789 10.6834 10.3661 14.1852 9.40783 
-0.223557 -0.621008 -0.12823 -0.829984 -0.827619 
668
0 0 
4.56031 9.59524 
0.352703 0.141546 
672
0 0 
4.19834 9.32327 
0.363118 0.144667 
672
1 1 1 0 
4.58545 10.677 9.99059 14.187 
-0.221406 -0.618824 -0.129147 -0.824114 
676
1 1 1 0 
4.62088 10.1195 10.7129 16.3837 
-0.222596 -0.127223 -0.621535 -0.824995 
676
0 0 
4.8314 11.1871 
0.346498 0.131654 
680
0 0 
4.62654 11.389 
0.354746 0.131041 
684
0 0 
3.88139 8.66234 
0.364128 0.152613 
680
1 1 1 0 
4.85005 9.36976 10.4918 14.5878 
-0.225003 -0.624383 -0.12775 -0.830216 
684
1 1 1 0 
4.43688 9.68365 9.89433 14.5279 
-0.229425 -0.125709 -0.618587 -0.829825 
688
1 1 1 0 0 
5.23163 9.09576 10.5353 10.7255 11.1526 
-0.223657 -0.623462 -0.126635 -0.825977 -0.837502 
688
0 0 
5.01138 11.3762 
0.339911 0.134283 
692
0 0 
4.42447 11.0225 
0.339283 0.133589 
696
1 1 1 0 
4.8034 9.20082 11.5613 15.9628 
-0.223901 -0.125235 -0.624403 -0.823738 
696
0 0 
5.09942 10.5849 
0.333399 0.132192 
700
1 1 1 0 
4.89498 9.56711 10.3323 16.4254 
-0.224195 -0.126495 -0.620316 -0.830085 
700
0 0 
4.14149 7.60992 
0.323484 0.151325 
704
0 0 
4.36187 8.21962 
0.337283 0.150222 
704
1 1 1 0 
4.9179 9.7056 9.58826 16.4556 
-0.226783 -0.124151 -0.624558 -0.829056 
708
1 1 1 0 
3.65059 10.2059 10.0492 16.7961 
-0.238523 -0.125989 -0.620013 -0.828814 
712
0 0 
5.71046 9.8191 
0.330882 0.141102 
712
1 1 1 0 
4.88189 9.8831 11.6401 16.4786 
-0.223924 -0.127374 -0.624084 -0.824633 
716
1 1 1 0 
4.36281 10.5362 10.7528 18.2981 
-0.226875 -0.128196 -0.623926 -0.825027 
720
1 1 1 0 
5.1206 9.18107 8.77843 18.7783 
-0.22613 -0.62411 -0.122634 -0.824776 
716
0 0 
4.10752 10.062 
0.365392 0.134502 
720
0 0 
4.82384 11.0372 
0.341786 0.132402 
724
0 0 
4.28757 11.7646 
0.359339 0.131755 
724
1 1 1 0 
5.18284 9.53013 9.83871 12.2653 
-0.227325 -0.62413 -0.128484 -0.833176 
728
1 1 1 
4.70728 10.9018 9.25539 
-0.230148 -0.620377 -0.123711 
728
0 0 
4.12421 8.443 
0.362379 0.144245 
732
1 1 1 
4.18706 9.59235 9.28316 
-0.238026 -0.624976 -0.128313 
736
1 1 1 0 
5.33757 10.7477 9.92098 13.3135 
-0.225288 -0.623251 -0.124939 -0.830235 
736
0 0 
5.24818 11.1727 
0.338629 0.134708 
740
1 1 1 0 
4.537 8.85134 11.3652 16.16 
-0.221205 -0.121521 -0.624245 -0.828878 
740
0 0 
4.99283 12.0974 
0.341037 0.131128 
744
1 1 0 1 
4.84432 8.86227 13.4722 10.7936 
-0.223969 -0.12352 -0.830835 -0.619473 
744
0 0 
4.92274 10.9247 
0.34068 0.132297 
748
0 0 
5.62952 11.9914 
0.33298 0.130661 
748
1 1 1 
4.31464 10.7663 9.71716 
-0.219148 -0.623606 -0.12382 
752
1 1 1 0 
3.75469 10.6615 11.7868 15.2902 
-0.237411 -0.623764 -0.124766 -0.829674 
756
0 0 
5.70308 9.96121 
0.331337 0.135498 
756
1 1 1 0 
4.93904 9.26106 10.9109 14.4536 
-0.22472 -0.623983 -0.126949 -0.830268 
760
0 0 
4.20981 10.4789 
0.363513 0.147944 
760
1 1 1 0 
4.3298 9.46575 9.85699 16.0622 
-0.22106 -0.624965 -0.125384 -0.828721 
764
1 1 1 0 
4.60473 9.50734 11.2587 13.2428 
-0.219642 -0.123268 -0.624588 -0.829287 
764
0 0 
4.79391 12.1985 
0.342383 0.133431 
768
0 0 
4.9781 10.5939 
0.34093 0.136798 
772
0 0 
4.95437 12.4596 
0.341114 0.13055 
768
1 1 1 0 
4.07802 9.1814 8.43856 12.6982 
-0.243178 -0.623569 -0.124506 -0.831946 
772
1 1 1 0 
4.62585 9.87237 9.13627 17.7017 
-0.230487 -0.623564 -0.123678 -0.824387 
776
1 1 1 0 
5.29609 11.4073 10.1471 13.9578 
-0.224326 -0.6238 -0.128044 -0.828263 
784
1 1 1 
3.95926 7.57242 11.5506 
-0.237048 -0.124204 -0.623491 
788
1 1 1 0 
4.66422 10.8478 11.7268 15.6597 
-0.222387 -0.128649 -0.62428 -0.822233 
792
1 1 1 0 
4.5207 10.0407 10.552 15.1877 
-0.221219 -0.127741 -0.623784 -0.829207 
776
0 0 
4.94869 10.6124 
0.341721 0.13754 
780
0 0 
5.39184 10.7477 
0.335154 0.136102 
784
0 0 
4.56198 9.26732 
0.356254 0.140704 
788
0 0 
4.60688 8.00185 
0.34505 0.146615 
792
0 0 
4.69726 9.12484 
0.343818 0.141914 
796
0 0 
4.52518 10.1813 
0.355673 0.139086 
800
0 0 
4.85907 9.8208 
0.342482 0.135176 
800
1 1 1 
3.90154 9.52745 11.8739 
-0.236671 -0.128503 -0.623933 
804
1 1 1 
4.80555 9.78117 10.6425 
-0.233835 -0.12786 -0.623209 
804
0 0 
5.52463 9.89828 
0.334228 0.135351 
808
1 1 1 
4.57813 9.45621 11.1632 
-0.222043 -0.12588 -0.623459 
808
0 0 
4.02308 9.36734 
0.364848 0.140927 
812
0 0 
5.32289 12.1383 
0.335976 0.132329 
812
1 1 1 
4.63435 11.0474 9.7991 
-0.224634 -0.623455 -0.127989 
816
1 1 1 0 
3.8011 10.2598 8.81887 14.9112 
-0.242738 -0.126894 -0.622762 -0.822004 
816
0 0 
5.6312 9.63582 
0.336428 0.15026 
820
1 1 1 0 
4.80944 10.492 10.3308 17.4124 
-0.224181 -0.623204 -0.125221 -0.823165 
824
0 0 
4.99513 9.97082 
0.340298 0.144219 
824
1 1 1 
4.42846 9.36037 9.5948 
-0.219924 -0.62324 -0.12497 
828
1 1 1 0 
4.45866 10.1495 11.1074 14.3037 
-0.222809 -0.127794 -0.624002 -0.828499 
828
0 0 
5.09033 10.5582 
0.340223 0.138449 
832
0 0 
4.73059 9.77222 
0.344196 0.139357 
832
1 1 1 
4.26958 10.003 10.3708 
-0.229837 -0.125508 -0.617794 
836
0 0 
5.18555 11.5766 
0.341069 0.143232 
836
1 1 1 0 
5.43291 10.0382 10.4894 9.6017 
-0.225944 -0.127661 -0.62326 -0.832942 
840
1 1 1 
4.90476 10.5284 11.0897 
-0.228485 -0.127483 -0.625241 
840
0 0 
4.81483 10.7346 
0.342889 0.13652 
844
1 1 1 
4.45835 10.1518 11.7214 
-0.220886 -0.127357 -0.62392 
844
0 
5.5387 
0.335229 
848
0 0 
4.37519 11.1215 
0.350853 0.144003 
852
0 
4.74651 
0.342609 
852
1 1 1 0 
4.54413 10.4734 9.75368 11.9827 
-0.219015 -0.618065 -0.120834 -0.825766 
856
1 1 1 
4.71108 10.2123 10.1073 
-0.227662 -0.623054 -0.127784 
860
1 1 1 
4.93854 10.167 10.853 
-0.224272 -0.128122 -0.624008 
864
1 1 1 0 
4.94264 8.74028 11.5275 12.5065 
-0.226943 -0.120552 -0.624371 -0.831008 
856
0 
4.68546 
0.346196 
860
0 
4.79337 
0.344567 
868
0 
4.48683 
0.336357 
872
0 
4.64675 
0.346805 
868
1 1 1 0 
4.70384 10.34 10.7966 18.297 
-0.223565 -0.127478 -0.619911 -0.823018 
872
1 1 1 0 
5.26681 9.57032 8.8668 12.0398 
-0.226055 -0.62292 -0.120687 -0.832906 
876
0 
4.77806 
0.343883 
876
1 1 1 
4.56704 10.4817 11.2167 
-0.226137 -0.127107 -0.623969 
880
1 1 1 
5.06888 9.78009 9.41869 
-0.227308 -0.127286 -0.623816 
880
0 
5.75969 
0.330694 
884
1 1 1 
4.72811 10.0928 10.1791 
-0.22593 -0.623269 -0.127186 
884
0 
5.23681 
0.338386 
888
1 1 1 
5.1583 10.481 10.9395 
-0.225876 -0.618622 -0.127095 
888
0 
4.63902 
0.347312 
892
1 1 1 
4.86483 10.4986 11.3527 
-0.228113 -0.128372 -0.618572 
892
0 
4.79593 
0.343492 
896
0 
6.15836 
0.332099 
900
1 1 1 
4.64513 10.7319 9.29045 
-0.226725 -0.618925 -0.119771 
900
0 
5.28856 
0.339622 
904
0 
4.92972 
0.345451 
908
0 
5.06232 
0.342401 
904
1 1 1 
4.71798 10.9804 10.3683 
-0.228414 -0.124302 -0.618175 
908
1 1 1 
4.57703 11.4683 10.5208 
-0.222369 -0.123672 -0.61936 
912
1 1 1 
4.48398 10.7738 9.78015 
-0.221346 -0.121614 -0.624194 
912
0 
5.36561 
0.335392 
916
0 
4.62664 
0.347663 
920
0 
5.46271 
0.346184 
916
1 1 1 
4.59142 9.31298 11.1362 
-0.221442 -0.120255 -0.623774 
924
0 
5.41033 
0.338575 
924
1 1 1 
5.00409 11.2672 11.4185 
-0.228658 -0.12278 -0.624339 
928
0 
5.72475 
0.336083 
928
1 1 1 
4.7227 11.2829 10.4132 
-0.22364 -0.123019 -0.62318 
932
0 
5.00099 
0.341993 
932
1 1 1 
4.7854 9.54699 10.6589 
-0.223638 -0.12105 -0.625036 
936
1 1 1 
4.95525 9.77223 10.7725 
-0.22447 -0.12052 -0.619991 
936
0 
5.15819 
0.338495 
940
0 
4.90188 
0.34341 
940
1 1 1 
4.501 10.317 11.6729 
-0.222362 -0.128798 -0.624597 
944
1 1 1 
4.95187 9.92163 11.2498 
-0.224883 -0.119894 -0.627259 
944
0 
5.53822 
0.338484 
948
0 
5.54393 
0.339853 
952
1 1 1 
4.47992 10.3067 12.6234 
-0.219714 -0.126678 -0.626164 
952
0 
5.01558 
0.340094 
956
1 1 1 
5.36714 11.4036 11.166 
-0.22692 -0.12325 -0.624623 
956
0 
5.38819 
0.334769 
960
1 1 1 
4.36734 10.2452 10.0005 
-0.220793 -0.128671 -0.616965 
960
0 
5.22811 
0.337005 
964
1 1 1 
4.48281 11.1043 10.8521 
-0.220424 -0.128376 -0.619063 
964
0 
4.56362 
0.346773 
968
0 
4.24713 
0.350763 
968
1 1 1 
4.57841 9.01749 10.8048 
-0.220304 -0.118645 -0.623865 
972
1 1 1 
4.60085 12.5065 10.7921 
-0.221168 -0.124803 -0.61937 
976
0 
4.7283 
0.349698 
980
0 
4.28107 
0.338952 
976
1 1 1 
4.58542 9.7494 8.46389 
-0.222257 -0.128003 -0.618823 
980
1 1 1 
4.45607 10.6127 10.2035 
-0.221079 -0.129341 -0.616019 
984
0 
4.82336 
0.31219 
984
1 1 1 
4.59925 7.99545 11.2439 
-0.221748 -0.116443 -0.61883 
988
1 1 
4.64807 9.76435 
-0.221805 -0.127153 
992
1 1 1 
4.33067 11.3615 11.149 
-0.218741 -0.122653 -0.620002 
996
1 1 1 
4.92299 10.2202 10.4257 
-0.222647 -0.12767 -0.619152 
1000
1 1 1 
4.70221 10.7464 11.4508 
-0.223856 -0.128968 -0.623304 
1004
1 1 1 
5.14054 10.1571 11.1029 
-0.221822 -0.12746 -0.623802 
1008
1 1 1 
4.81156 9.06375 13.8586 
-0.218459 -0.119418 -0.626828 
1012
1 1 
4.78703 9.03216 
-0.225771 -0.119235 
1016
1 1 1 
4.59089 10.9766 11.7792 
-0.22792 -0.122252 -0.627011 
1016
0 
5.75737 
0.32624 
1020
1 1 1 
4.41567 10.126 11.1048 
-0.221003 -0.12217 -0.6193 
1024
1 1 1 
4.43701 10.9117 11.5797 
-0.221471 -0.122892 -0.623607 
1028
1 1 
4.49556 12.248 
-0.221673 -0.123692 
1032
1 1 
4.56162 10.7411 
-0.220871 -0.128 
1036
1 1 1 
4.51061 9.95273 10.7033 
-0.222832 -0.12698 -0.625284 
1040
1 1 1 
4.75989 10.4119 10.5931 
-0.224163 -0.127758 -0.624403 
1044
1 1 
4.38789 11.8765 
-0.217262 -0.123515 
1048
1 1 1 
4.65525 9.13839 10.6009 
-0.223665 -0.12059 -0.624138 
1052
1 1 1 
4.73075 10.2317 10.7964 
-0.222728 -0.127088 -0.618895 
1056
1 1 1 
4.48776 10.9255 10.7124 
-0.220356 -0.121634 -0.619737 
1060
0 
5.66527 
0.33211 
1060
1 1 1 
4.97936 10.103 9.89225 
-0.226591 -0.127225 -0.61858 
1064
1 1 1 
4.89601 11.0443 10.1631 
-0.224403 -0.120943 -0.618374 
1068
1 1 1 
4.27475 9.37005 11.3073 
-0.219993 -0.120152 -0.62447 
1064
0 
4.81305 
0.347742 
1068
0 
4.77148 
0.349269 
1072
0 
4.82077 
0.346912 
1072
1 1 1 
4.36832 7.99458 11.823 
-0.220805 -0.116937 -0.626532 
1076
0 
4.56093 
0.351161 
1080
0 
4.67013 
0.348958 
1080
1 1 1 
4.61943 10.7771 12.8117 
-0.22619 -0.123533 -0.626175 
1084
1 1 1 
4.3749 10.5146 11.0765 
-0.221217 -0.122352 -0.622893 
1084
0 
4.98783 
0.347411 
1088
0 
5.32061 
0.339488 
1088
1 1 1 
4.34243 9.92754 8.92638 
-0.218866 -0.126797 -0.622918 
1092
1 1 
4.52939 9.9717 
-0.220696 -0.126454 
1092
0 
6.37185 
0.32742 
1096
1 1 1 
4.50608 9.90917 12.4811 
-0.22068 -0.122881 -0.626893 
1096
0 
4.34312 
0.34525 
1100
0 
4.80685 
0.34751 
1100
1 1 1 
4.55014 11.414 10.555 
-0.222861 -0.123567 -0.624052 
1104
0 
4.87695 
0.347385 
1104
1 1 1 
4.56102 10.4594 11.1991 
-0.221032 -0.125696 -0.626618 
1108
0 
5.8481 
0.335412 
1108
1 1 
4.36142 9.47905 
-0.220137 -0.12256 
1112
0 
5.25224 
0.336843 
1116
1 1 1 
4.63658 7.52258 10.0989 
-0.221448 -0.115551 -0.624058 
1116
0 
5.80953 
0.331565 
1120
0 
4.62017 
0.349558 
1120
1 1 1 
4.57161 8.41988 11.5608 
-0.220254 -0.118266 -0.624664 
1124
0 
5.39385 
0.336772 
1128
1 1 1 
4.37632 9.64572 10.174 
-0.220396 -0.127245 -0.625024 
1128
0 
5.08008 
0.34736 
1132
0 
5.1302 
0.342194 
1132
1 1 1 
4.29621 10.1075 11.6955 
-0.227039 -0.126654 -0.618931 
1136
0 
4.5431 
0.338931 
1136
1 1 1 
4.49008 10.2272 10.8845 
-0.221376 -0.127897 -0.624525 
1140
1 1 1 
4.61145 9.82795 12.4109 
-0.217096 -0.120114 -0.623095 
1140
0 
5.37136 
0.338114 
1144
1 1 1 
4.69629 10.6173 10.7415 
-0.224126 -0.127863 -0.623755 
1148
1 1 1 
4.47688 10.1231 11.0026 
-0.220432 -0.125773 -0.623094 
1148
0 
5.20475 
0.340658 
1152
1 1 1 
5.22754 10.1547 11.7147 
-0.224071 -0.125518 -0.623235 
1156
0 
4.56504 
0.352531 
1160
1 1 1 
4.70721 9.9056 11.2272 
-0.216378 -0.125454 -0.623525 
1164
1 1 1 
4.51144 9.4098 9.31879 
-0.221405 -0.123694 -0.61973 
1168
1 1 1 
4.7635 10.1269 11.0366 
-0.222328 -0.126937 -0.623496 
1172
1 1 1 
4.55476 10.4818 11.3687 
-0.216846 -0.128349 -0.622876 
1176
1 1 1 
4.5929 10.4791 11.3239 
-0.221036 -0.127826 -0.623218 
1180
1 1 1 
4.84103 9.82402 11.637 
-0.222086 -0.128011 -0.622971 
1184
1 1 1 
4.52848 9.48091 11.3465 
-0.221476 -0.123614 -0.623318 
1188
1 1 1 
4.81143 11.3763 11.8459 
-0.217143 -0.128936 -0.623901 
1192
1 1 1 
4.78056 9.65202 12.0632 
-0.222524 -0.125571 -0.622723 
1196
1 1 1 
4.64803 9.55485 10.9726 
-0.220997 -0.128739 -0.622933 
1204
1 1 1 
4.37379 9.41162 11.3155 
-0.219979 -0.129552 -0.622977 
1208
1 1 1 
4.53189 12.2712 12.1151 
-0.220996 -0.123192 -0.623585 
1212
1 1 1 
5.2457 10.345 12.2135 
-0.224878 -0.127681 -0.62329 
1216
1 1 1 
4.57811 9.90505 11.6826 
-0.221387 -0.128409 -0.622254 
1220
1 1 1 
4.49853 9.92944 12.1496 
-0.220636 -0.129171 -0.623546 
1224
1 1 1 1 
4.96278 9.02363 12.0239 11.1284 
-0.22397 -0.129175 -0.623198 -0.0918629 
1228
1 1 1 
4.68363 10.5636 11.318 
-0.221677 -0.128794 -0.62273 
1232
1 1 1 
4.60755 9.64179 12.1226 
-0.216337 -0.128904 -0.622446 
1236
1 1 
4.67535 8.13999 
-0.222678 -0.117464 
1240
1 1 
5.28266 10.2158 
-0.225594 -0.129829 
1244
1 1 
4.59594 10.1889 
-0.222744 -0.127646 
1248
1 1 1 
4.81952 10.5988 12.2187 
-0.221833 -0.129122 -0.624269 
1252
1 1 
4.68466 9.65581 
-0.216909 -0.126814 
1256
1 1 1 
4.76057 9.27308 11.4232 
-0.216861 -0.115899 -0.62311 
1260
1 1 1 
4.52007 9.59081 13.2394 
-0.21992 -0.128495 -0.623406 
1264
1 1 1 
4.86137 9.01428 12.2523 
-0.217677 -0.125857 -0.623081 
1268
1 1 1 
5.08265 10.5488 12.5282 
-0.225718 -0.128951 -0.622154 
1272
1 1 
4.49142 10.3901 
-0.21714 -0.128229 
1276
1 1 1 
4.69456 9.99849 12.2717 
-0.217333 -0.129188 -0.623329 
1280
1 1 1 
4.5763 10.3245 11.5759 
-0.219265 -0.128931 -0.623072 
1284
1 1 1 
4.73663 10.1565 11.605 
-0.223286 -0.128314 -0.622834 
1288
1 1 
4.41452 8.92427 
-0.221099 -0.130823 
1292
1 1 1 
4.39499 10.1284 12.5111 
-0.22039 -0.129694 -0.622883 
1296
1 1 1 
4.75827 8.80379 13.3604 
-0.217464 -0.130376 -0.62379 
1300
1 1 1 
4.9087 9.04172 13.3352 
-0.222232 -0.129939 -0.623529 
1304
1 1 
5.14602 10.4644 
-0.225635 -0.123592 
1308
1 1 1 
5.03686 11.8613 13.509 
-0.223258 -0.120427 -0.623339 
1312
1 1 1 
4.52174 9.38504 13.9613 
-0.220119 -0.130315 -0.623211 
1316
1 1 1 
4.49566 9.0416 12.8128 
-0.219831 -0.130129 -0.623739 
1320
1 1 1 
4.66055 9.60984 13.8513 
-0.221111 -0.126362 -0.623537 
1324
1 1 1 
5.04208 11.9234 13.1328 
-0.221667 -0.117488 -0.622553 
1328
1 1 1 
4.28375 9.00358 13.6623 
-0.218981 -0.131235 -0.623699 
1332
1 1 
4.50623 9.01012 
-0.221126 -0.126425 
1336
1 1 1 
4.71284 8.25551 13.4661 
-0.223332 -0.128323 -0.623395 
1340
1 1 1 
4.43799 7.04301 13.167 
-0.22011 -0.100082 -0.623856 
1344
1 1 1 
4.79757 8.61933 13.0804 
-0.221414 -0.130539 -0.623477 
1348
1 1 1 
4.14803 9.51954 12.2916 
-0.233247 -0.12933 -0.623325 
1352
1 1 1 
4.53447 7.90598 12.3122 
-0.224662 -0.129702 -0.622508 
1356
1 1 1 
4.49759 10.5396 13.4296 
-0.220216 -0.126713 -0.623686 
1360
1 1 1 
4.49113 9.99247 13.4663 
-0.220269 -0.12812 -0.624242 
1364
1 1 
4.59013 12.5416 
-0.220118 -0.120857 
1368
1 1 
4.67482 8.86628 
-0.223464 -0.128199 
1376
1 1 
4.87237 9.39534 
-0.229956 -0.118812 
1380
1 1 
4.49141 9.21603 
-0.225446 -0.128119 
1384
1 1 
4.61802 8.5753 
-0.235042 -0.106153 
1388
1 1 1 
4.70048 10.3074 12.5127 
-0.220894 -0.110059 -0.622343 
1392
1 1 
4.67453 8.78488 
-0.221246 -0.129179 
1396
1 1 1 
4.56546 14.548 13.0163 
-0.224196 -0.120352 -0.622892 
1400
1 1 1 
5.00713 9.29962 12.8307 
-0.224986 -0.12822 -0.622705 
1404
1 1 1 
4.88385 9.32554 13.8926 
-0.220169 -0.12814 -0.622704 
1408
1 1 
4.99072 9.30492 
-0.224305 -0.125523 
1412
1 1 1 
4.45835 13.9327 15.1043 
-0.220163 -0.120548 -0.623849 
1416
1 1 1 
4.55137 10.1892 13.7911 
-0.220665 -0.130294 -0.622924 
1420
1 1 1 
4.73134 12.3058 14.811 
-0.216166 -0.119686 -0.623221 
1424
1 1 
5.03984 8.16161 
-0.225112 -0.129474 
1428
1 1 1 
4.68676 10.6597 13.4226 
-0.225154 -0.128808 -0.623062 
1432
1 1 1 
5.04815 8.2983 9.24277 
-0.229119 -0.105517 -0.632647 
1436
1 1 
4.67822 12.8248 
-0.22509 -0.12844 
1440
1 1 
4.92067 11.2065 
-0.224325 -0.12671 
1444
1 1 
4.73391 11.5762 
-0.224114 -0.127841 
1448
1 1 
4.74409 10.9028 
-0.223113 -0.125024 
1452
1 1 1 
4.77598 9.80689 12.7987 
-0.22689 -0.130289 -0.627951 
1456
1 1 1 
4.84735 12.8628 13.6419 
-0.226735 -0.130204 -0.625615 
1460
1 1 1 
4.48155 6.22641 13.9911 
-0.225128 -0.140034 -0.625014 
1464
1 1 
4.22731 10.667 
-0.235669 -0.120236 
1468
1 1 
4.84514 8.47466 
-0.227799 -0.127411 
1472
1 1 1 
4.45318 8.30762 15.6327 
-0.233234 -0.127334 -0.62786 
1476
1 1 1 
4.63629 10.6861 10.1753 
-0.232277 -0.63544 -0.127089 
1480
1 1 1 
4.53843 10.1633 12.2597 
-0.230395 -0.634528 -0.126347 
1484
1 1 1 
4.59552 8.21821 11.0106 
-0.230929 -0.123 -0.623624 
1488
1 1 
4.7749 9.72928 
-0.233775 -0.124432 
1492
1 1 1 
4.45303 8.09226 12.3192 
-0.23403 -0.119165 -0.631251 
1496
1 1 1 
4.81819 6.99076 10.7183 
-0.236115 -0.107323 -0.640828 
1500
1 1 
4.7312 12.5276 
-0.235017 -0.637572 
1504
1 1 
5.20504 11.5926 
-0.241699 -0.129528 
1508
1 1 1 
5.09292 9.25043 9.4992 
-0.234962 -0.646734 -0.122299 
1512
1 1 
4.97454 10.2789 
-0.239309 -0.122114 
1516
1 1 1 
4.68108 9.81801 8.73678 
-0.236801 -0.121663 -0.650219 
1520
1 1 1 
4.39039 7.02709 16.1397 
-0.238678 -0.13923 -0.64494 
1524
1 1 1 
4.75528 11.2751 10.138 
-0.23462 -0.647947 -0.130745 
1528
1 1 1 
4.55009 9.16632 9.55101 
-0.244657 -0.137642 -0.651172 
1532
1 1 
4.56256 7.49565 
-0.239882 -0.119893 
1536
1 1 1 
4.54863 12.6219 9.95318 
-0.241687 -0.136889 -0.659824 
1540
1 1 1 
4.14017 7.27948 8.39123 
-0.247632 -0.144939 -0.652012 
1544
1 1 
4.75974 8.14373 
-0.255431 -0.145064 
1548
1 1 1 
4.85468 9.26164 12.3032 
-0.254727 -0.135548 -0.658682 
1552
1 1 
5.07081 9.42742 
-0.261559 -0.142354 
1556
1 1 1 
4.7973 10.4795 10.3732 
-0.264095 -0.14115 -0.669335 
1560
1 1 1 
4.66443 6.30007 14.682 
-0.27029 -0.145887 -0.669303 
1564
1 1 1 
4.40363 8.69547 11.2873 
-0.271947 -0.136692 -0.672979 
1568
1 1 1 
4.31425 6.45454 12.4035 
-0.281102 -0.146632 -0.67224 
1572
1 1 1 
3.93519 8.35279 11.7814 
-0.275215 -0.153773 -0.675603 
1576
1 1 1 
3.40901 7.6153 10.3857 
-0.269644 -0.137992 -0.677525 
1580
1 1 1 
4.09804 10.2735 10.0313 
-0.278015 -0.142437 -0.682863 
1584
1 1 1 
3.79407 8.94602 13.6871 
-0.291975 -0.149326 -0.684364 
1588
1 1 1 
4.75676 7.9295 10.6348 
-0.297696 -0.159036 -0.68808 
1592
1 1 1 
4.02814 8.01362 9.80844 
-0.290726 -0.151602 -0.696563 
1596
1 1 1 
3.81452 10.7949 12.6196 
-0.301753 -0.69645 -0.152574 
1600
1 1 1 
3.66411 13.2909 9.56835 
-0.302866 -0.699707 -0.150392 
1604
1 1 
4.30782 8.12253 
-0.319337 -0.15281 
1608
1 1 1 
3.40277 8.5166 10.2743 
-0.316291 -0.152075 -0.710677 
1612
1 1 1 1 
3.38585 8.82662 10.3029 13.934 
-0.325198 -0.148678 -0.712624 -0.110994 
1616
1 1 1 
3.66312 8.07801 10.1063 
-0.336054 -0.158238 -0.718368 
1620
1 1 1 
3.519 9.59569 9.81062 
-0.330339 -0.158832 -0.719179 
1624
1 1 1 
3.96857 9.83016 9.30763 
-0.343973 -0.731786 -0.155349 
1628
1 1 1 
3.68416 8.41821 8.12525 
-0.353437 -0.722632 -0.151858 
1632
1 1 1 1 
3.6123 8.28794 6.59049 12.9003 
-0.368344 -0.748656 -0.146303 -0.114867 
1636
1 1 1 1 
3.48672 9.21619 6.21788 13.2786 
-0.372451 -0.160064 -0.756355 -0.116148 
1640
1 1 1 
3.25297 8.58127 8.89944 
-0.367545 -0.158717 -0.750712 
1644
1 1 1 
2.85432 7.95333 12.5447 
-0.373376 -0.15632 -0.745193 
1648
1 1 1 
2.78157 7.81284 6.0324 
-0.377229 -0.743554 -0.17329 
1652
1 1 1 
3.12759 11.3451 7.70076 
-0.396591 -0.757783 -0.173477 
1656
1 1 1 1 
2.82109 8.95723 12.4353 10.5026 
-0.403066 -0.171185 -0.762359 -0.121875 
1660
1 1 1 1 
2.9371 9.63248 7.28546 12.6548 
-0.42239 -0.173874 -0.75539 -0.109286 
1664
1 1 1 1 
2.74066 6.76106 8.40866 9.1641 
-0.420369 -0.174188 -0.0979909 -0.769246 
1668
1 1 1 1 
2.88789 11.3009 7.58159 12.3973 
-0.443105 -0.773028 -0.178321 -0.1195 
1672
1 1 1 1 
2.55812 10.1948 7.11543 9.97389 
-0.435216 -0.775835 -0.168428 -0.123475 
1676
1 1 1 1 
2.27299 11.7057 6.17158 9.86134 
-0.442723 -0.779051 -0.179549 -0.11188 
1680
1 1 1 1 
2.59348 7.10407 7.20875 7.74502 
-0.466017 -0.179837 -0.77125 -0.0917234 
1680
0 
3.32634 
0.625904 
1684
0 
2.26682 
0.678824 
1688
1 1 1 1 
2.68428 7.19248 9.97472 10.9838 
-0.481844 -0.163982 -0.789361 -0.111487 
1688
0 
2.79181 
0.688478 
1692
1 1 1 1 
2.47991 7.79328 9.24136 10.9394 
-0.500719 -0.172532 -0.789476 -0.113308 
1696
1 1 1 1 
2.51897 6.39823 9.67734 10.6583 
-0.509262 -0.157302 -0.795361 -0.101627 
1692
0 
2.87213 
0.704227 
1696
0 
2.64448 
0.728477 
1700
0 
2.48632 
0.7556 
1700
1 1 1 1 
2.12016 9.71225 7.37472 10.0056 
-0.521039 -0.798891 -0.159374 -0.0950992 
1704
0 
2.21129 
0.801892 
1704
1 1 1 
2.18105 9.63611 5.65759 
-0.534537 -0.796922 -0.173131 
1708
1 1 1 1 
2.1305 6.6893 10.7528 11.214 
-0.559048 -0.156959 -0.810347 -0.103804 
1712
0 
2.11667 
0.854283 
1712
1 1 1 1 
2.2413 10.1061 6.77844 15.6738 
-0.591052 -0.811748 -0.15567 -0.0950359 
1716
1 1 1 1 
1.92985 7.0055 7.5248 11.021 
-0.591231 -0.159097 -0.822084 -0.0941373 
1716
0 
1.97397 
0.88559 
1720
0 
2.15421 
0.902499 
1720
1 1 1 1 
1.98288 8.41992 9.93418 10.2469 
-0.618083 -0.166354 -0.820138 -0.0946903 
1724
0 
2.15887 
0.919637 
1724
1 1 1 1 
2.06329 7.5396 8.51759 7.44098 
-0.646511 -0.167033 -0.834154 -0.0810541 
1728
0 
1.99479 
0.951338 
1728
1 1 1 1 
1.71386 9.59972 6.71751 6.5193 
-0.654822 -0.838061 -0.175928 -0.0776877 
1732
0 
1.89231 
0.993872 
1736
1 1 1 1 
1.48705 6.43051 10.4189 9.68989 
-0.676877 -0.174882 -0.856201 -0.104085 
1736
0 
1.91093 
1.02045 
1740
1 1 1 1 
1.84827 6.46587 9.413 8.45239 
-0.717286 -0.182215 -0.860207 -0.0979811 
1744
1 1 1 1 
1.80785 6.14555 8.35627 7.53131 
-0.785914 -0.184524 -0.862176 -0.0936094 
1740
0 
2.56638 
1.015 
1744
0 
2.53926 
1.06061 
1748
0 
2.53388 
1.05118 
1748
1 1 1 
4.70651 9.9437 9.2859 
-0.194024 -0.873969 -0.108294 
1752
1 1 1 
5.77074 9.75193 10.7042 
-0.187736 -0.889112 -0.104969 
1756
1 1 1 
6.20701 9.02671 9.20661 
-0.189713 -0.889367 -0.0961939 
1760
1 1 1 
9.68776 5.92254 11.1907 
-0.902613 -0.192735 -0.107264 
1764
1 1 1 
5.55742 8.54288 7.897 
-0.191322 -0.107012 -0.904916 
1768
1 1 
5.31021 7.42125 
-0.205594 -0.106123 
1772
1 
5.92936 
-0.202032 
1776
1 1 
5.40273 8.79201 
-0.204859 -0.11325 
1780
1 1 
5.87509 12.2163 
-0.213318 -0.113084 
1784
1 1 
6.68537 10.7268 
-0.214488 -0.102976 
1788
1 1 1 1 
6.27479 7.4284 13.4984 9.56599 
-0.217928 -0.0886761 -0.591807 -0.0604444 
1792
1 1 1 
4.84249 10.8549 7.09139 
-0.214949 -0.11835 -0.0544839 
1796
1 1 
5.03345 10.4558 
-0.214829 -0.117009 
1800
1 1 
5.49872 12.6302 
-0.232217 -0.111835 
1804
1 1 
5.04054 10.3083 
-0.229114 -0.107159 
1808
1 1 
4.50098 15.1245 
-0.246124 -0.114745 
1812
1 1 1 1 
4.46957 8.08817 9.67121 12.2901 
-0.245484 -0.12443 -0.625485 -0.0716991 
1816
1 1 1 
4.64026 10.5456 10.1091 
-0.246156 -0.119656 -0.629997 
1820
1 1 1 
5.16025 13.2382 8.53344 
-0.259163 -0.116483 -0.636418 
1824
1 1 1 
4.74079 10.9241 12.1234 
-0.264845 -0.638542 -0.115201 
1828
1 1 
4.15052 8.22353 
-0.266371 -0.127225 
1832
1 1 1 
4.28298 7.62911 8.52788 
-0.265433 -0.132294 -0.633921 
1836
1 1 1 
5.43595 8.18734 12.2327 
-0.275044 -0.130222 -0.64982 
1840
1 1 1 
4.65173 6.64269 12.2636 
-0.284185 -0.134904 -0.653193 
1844
1 1 1 
4.51223 8.40842 8.60236 
-0.283932 -0.128657 -0.650114 
1848
1 1 1 
3.95865 8.37636 10.1933 
-0.294456 -0.127534 -0.672103 
1852
1 1 1 
4.33697