0
0 0 0 
5.15692 10.2536 13.1545 
0.342553 0.156225 0.0968192 
4
0 0 0 
5.60853 10.4376 11.5286 
0.336763 0.155671 0.099472 
0
1 1 1 1 1 0 
4.66682 12.1378 13.8813 16.639 16.5591 13.1423 
-0.149297 -0.0833714 -0.566384 -0.0620523 -0.399408 -0.75914 
4
1 1 1 1 0 1 
6.13671 10.9827 11.2085 15.3896 13.1179 14.7626 
-0.155886 -0.0827601 -0.559379 -0.398007 -0.760144 -0.0610334 
8
0 0 0 
5.64201 10.027 14.7367 
0.336345 0.156064 0.0934309 
8
1 1 1 0 1 1 
5.59961 9.41384 10.5477 12.3768 13.946 17.3219 
-0.161456 -0.0869292 -0.563947 -0.760462 -0.396325 -0.062449 
12
1 1 0 1 1 1 
5.73473 10.2111 14.7823 13.0014 15.4539 16.4061 
-0.162849 -0.0838305 -0.762655 -0.565782 -0.396778 -0.0618289 
16
1 1 1 1 1 0 
6.44882 9.32173 10.8584 13.0819 16.4933 11.2409 
-0.162445 -0.0879693 -0.564556 -0.399197 -0.0616195 -0.762603 
12
0 0 0 
5.34039 10.3946 14.1513 
0.34765 0.155668 0.0948228 
20
1 1 1 1 0 
5.47051 9.70778 10.7195 12.6749 11.6235 
-0.160876 -0.0884003 -0.564109 -0.400319 -0.762783 
24
1 1 1 0 1 1 
5.47954 9.43242 12.1824 14.8948 15.0838 17.988 
-0.157814 -0.0878855 -0.56535 -0.76273 -0.398951 -0.0621146 
16
0 0 0 
5.45944 9.89283 14.7141 
0.343883 0.15664 0.0937693 
20
0 0 0 
5.74706 11.3489 12.2235 
0.342952 0.152722 0.0989351 
24
0 0 0 
5.29754 9.65647 12.8026 
0.346224 0.158178 0.0982534 
28
0 0 0 
6.05177 10.4778 14.0309 
0.338596 0.155692 0.0951989 
28
1 1 0 1 1 1 
5.58885 11.0549 12.8578 11.4725 14.3975 16.4399 
-0.154815 -0.0871326 -0.75643 -0.564461 -0.397498 -0.0619073 
32
1 1 1 1 0 1 
5.42066 10.7627 11.4493 16.931 15.4695 15.5971 
-0.158752 -0.0876494 -0.560548 -0.0623287 -0.762611 -0.398018 
32
0 0 0 0 
5.78633 10.1504 12.9901 11.9292 
0.342233 0.156116 0.0900838 0.0995546 
36
1 1 1 0 1 1 
5.67092 10.6828 11.2297 11.1902 17.9253 14.7134 
-0.156307 -0.0843287 -0.564144 -0.762562 -0.0623627 -0.398558 
40
1 1 1 1 1 0 
5.63093 11.3778 13.8463 16.3147 17.7796 15.7392 
-0.156739 -0.0843526 -0.565999 -0.0617517 -0.398345 -0.763684 
36
0 0 0 
4.90648 10.3754 13.9474 
0.34359 0.155804 0.095563 
40
0 0 0 
5.2038 9.75637 17.2909 
0.349214 0.158046 0.0870876 
44
1 1 1 1 0 1 
5.86385 11.9242 11.6065 12.7892 14.1662 12.826 
-0.160653 -0.0881144 -0.564884 -0.0592815 -0.762975 -0.397213 
48
1 1 1 1 0 1 
4.73299 12.4469 10.2115 16.1596 14.9941 17.5805 
-0.15426 -0.565377 -0.0882247 -0.0612986 -0.762915 -0.393807 
44
0 0 0 
5.76652 9.56386 14.4294 
0.345698 0.15952 0.0888929 
48
0 0 0 0 
6.0699 12.9292 9.73411 12.1322 
0.338287 0.0905897 0.157457 0.0987396 
52
1 1 1 0 1 1 
5.71672 9.08072 11.3269 14.1864 14.2615 17.5493 
-0.164828 -0.082165 -0.564984 -0.763237 -0.399967 -0.0634382 
52
0 0 0 
6.15757 10.1265 13.9194 
0.332678 0.155934 0.0959239 
56
0 0 0 0 
4.52143 9.90618 13.7534 12.2184 
0.359325 0.156456 0.0892866 0.0984577 
60
0 0 0 
5.69635 10.2147 13.9883 
0.342125 0.155563 0.0953741 
64
0 0 0 0 
5.16016 10.0597 13.2844 14.0356 
0.351863 0.156472 0.0962089 0.0895296 
56
1 1 1 0 1 1 
5.74049 9.40019 11.4729 14.3073 11.1306 15.6841 
-0.158249 -0.0896704 -0.5649 -0.762503 -0.390753 -0.0616733 
60
1 1 1 0 1 1 
5.42274 9.56338 11.1368 13.5261 15.0669 14.2929 
-0.157989 -0.0878448 -0.56494 -0.757718 -0.0608216 -0.392449 
64
1 1 0 1 1 1 
5.56871 10.6317 14.7655 13.7236 15.0326 18.263 
-0.160895 -0.0867457 -0.763136 -0.566011 -0.39617 -0.0628021 
68
0 0 0 
5.22701 10.5649 15.6469 
0.33985 0.154906 0.0928011 
68
1 1 1 0 1 1 
5.52628 10.6438 10.7835 15.0854 16.7098 17.6543 
-0.15732 -0.0882969 -0.564636 -0.763232 -0.397642 -0.0630553 
72
1 1 1 1 1 0 
5.83998 9.89555 12.6344 14.4179 19.0763 14.9333 
-0.161093 -0.0866579 -0.565843 -0.398564 -0.0638568 -0.76779 
72
0 0 0 
4.79476 10.4487 13.347 
0.347518 0.155799 0.0911953 
76
0 0 0 
5.20887 15.2552 10.748 
0.344286 0.0934606 0.156427 
80
0 0 0 
5.29974 9.97688 15.2932 
0.344355 0.156457 0.0927186 
76
1 1 0 1 1 1 
6.0366 13.4662 13.0936 13.7366 18.2714 16.4825 
-0.160873 -0.0881427 -0.759335 -0.565837 -0.0631873 -0.398283 
80
1 1 1 1 0 1 
6.0334 9.59089 11.1736 17.0864 15.2618 13.6227 
-0.160831 -0.0883209 -0.565511 -0.0630664 -0.760015 -0.398807 
84
0 0 0 
5.49636 10.3747 13.472 
0.344506 0.15482 0.0917511 
88
0 0 0 
5.46193 10.4323 15.6899 
0.343316 0.154753 0.0903589 
84
1 1 1 0 1 1 
5.95829 9.87289 12.6626 13.6092 17.0828 16.6387 
-0.159912 -0.0877546 -0.566216 -0.758803 -0.0632266 -0.392965 
92
1 1 1 1 0 1 
6.0564 10.1354 11.1184 14.9953 13.2961 18.3144 
-0.16077 -0.0878928 -0.56484 -0.398245 -0.758978 -0.0637794 
92
0 0 0 
5.52907 11.7122 16.0312 
0.345791 0.151833 0.0926529 
96
0 0 0 
4.76117 10.1488 15.4974 
0.350176 0.155451 0.0929953 
96
1 1 1 1 1 0 
5.84797 11.1643 11.1039 17.064 16.7411 11.8781 
-0.157272 -0.560392 -0.0881711 -0.0624219 -0.396942 -0.759411 
100
1 1 1 0 1 1 
5.51264 12.9105 10.7983 12.5915 15.2383 14.6506 
-0.159528 -0.566186 -0.0823885 -0.761674 -0.0611971 -0.399307 
100
0 0 0 
6.43428 9.97895 17.1598 
0.339487 0.156607 0.0898137 
104
0 0 0 
4.77794 11.0532 13.7058 
0.347213 0.154082 0.0968159 
104
1 1 1 1 0 1 
5.59018 10.382 10.4792 17.8185 14.5409 16.7819 
-0.161058 -0.087139 -0.558899 -0.0633125 -0.763017 -0.394245 
108
1 1 1 1 0 1 
5.65163 9.71517 13.3679 17.0599 15.0698 15.6104 
-0.162205 -0.0873638 -0.565842 -0.062836 -0.767568 -0.396342 
112
0 0 0 
5.34827 9.8138 13.6833 
0.344952 0.156425 0.095425 
112
1 1 1 0 1 1 
5.21287 9.51474 13.06 15.7055 15.2017 13.6353 
-0.15756 -0.0878261 -0.565575 -0.767725 -0.0615401 -0.397821 
116
1 1 1 1 0 1 
6.01714 10.2985 11.1928 16.2501 12.4847 15.3901 
-0.160374 -0.0885707 -0.564496 -0.0625288 -0.759985 -0.400685 
120
0 0 0 
5.50309 10.5114 13.2682 
0.345111 0.156024 0.0921451 
120
1 1 1 1 0 1 
5.66258 9.65413 12.3744 20.204 14.127 12.6789 
-0.156541 -0.0873072 -0.565944 -0.0634977 -0.76762 -0.402237 
124
1 1 1 0 1 1 
5.32319 9.74323 12.2588 11.9312 14.5062 16.7155 
-0.163487 -0.0878107 -0.565318 -0.759924 -0.396667 -0.0622504 
128
1 1 1 0 1 1 
5.55788 13.0264 10.7908 12.0109 16.8696 19.0798 
-0.160442 -0.56606 -0.0877769 -0.760506 -0.398391 -0.0640945 
124
0 0 0 
5.89459 9.89606 15.402 
0.346129 0.157348 0.0924612 
128
0 0 0 
5.66268 10.6981 13.5038 
0.34087 0.155359 0.0914795 
132
0 0 0 
4.64059 9.80431 15.3602 
0.350546 0.156871 0.0929302 
132
1 1 1 0 1 1 
5.65047 10.679 10.9057 12.6026 13.2979 17.0053 
-0.16117 -0.0884837 -0.56474 -0.759349 -0.397533 -0.0624231 
136
0 0 0 
5.03784 10.3551 14.2994 
0.349369 0.154363 0.0949303 
136
1 1 1 1 0 1 
5.7135 11.5882 12.6858 12.6426 12.1996 18.9849 
-0.158988 -0.0873742 -0.565823 -0.398177 -0.759697 -0.0637456 
140
0 0 0 
5.7104 10.1109 13.343 
0.34437 0.15549 0.097116 
144
1 1 0 1 1 1 
5.61825 10.1861 12.0764 12.0304 19.164 16.143 
-0.167198 -0.0866053 -0.759682 -0.565705 -0.0638884 -0.397888 
144
0 0 0 
4.96095 8.36442 13.1991 
0.344233 0.153894 0.0957334 
148
1 1 1 1 1 0 
5.33704 9.56764 17.5587 12.1493 14.6526 15.0932 
-0.15804 -0.0898351 -0.0635608 -0.565932 -0.399361 -0.767181 
152
1 1 1 1 1 0 
5.54593 11.2112 11.1393 13.316 19.9875 14.5623 
-0.157567 -0.0859603 -0.56465 -0.402602 -0.0648215 -0.763279 
148
0 0 0 
5.52303 11.2825 13.3325 
0.344625 0.153211 0.0970204 
152
0 0 0 
5.53859 12.3477 12.7185 
0.344614 0.151528 0.0974263 
156
1 1 1 0 1 1 
5.931 11.1349 11.3086 11.7844 13.3388 17.7879 
-0.162095 -0.0844203 -0.565224 -0.760431 -0.398898 -0.0640209 
160
1 1 1 1 1 0 
5.79836 9.41387 16.2103 18.2945 10.4348 14.6001 
-0.157251 -0.0888098 -0.399529 -0.0644136 -0.564656 -0.767991 
156
0 0 0 
5.13878 9.30982 11.6891 
0.353826 0.159389 0.100178 
160
0 0 0 
5.66052 11.2274 13.2019 
0.339753 0.153064 0.0963345 
164
0 0 0 
6.10331 9.91552 13.1551 
0.337169 0.156168 0.0961674 
168
1 1 1 1 0 1 
5.48095 11.1742 13.0191 14.0005 13.5507 17.8535 
-0.152472 -0.0859258 -0.40138 -0.562214 -0.768356 -0.0644592 
168
0 0 0 
5.30486 10.6906 13.1414 
0.346372 0.147813 0.0965032 
172
0 0 0 
5.21306 11.6329 18.6957 
0.346255 0.153261 0.0895156 
172
1 1 1 1 1 0 
5.61455 8.00157 11.4748 17.8159 16.1492 10.4279 
-0.157731 -0.0927054 -0.564384 -0.0637056 -0.394855 -0.764441 
176
0 0 0 
5.51973 10.3247 14.0373 
0.347489 0.155446 0.0947651 
176
1 1 1 1 1 0 
5.86537 8.75672 13.3245 17.5336 16.0412 12.7313 
-0.162531 -0.0899448 -0.565492 -0.0644011 -0.395451 -0.768057 
180
1 1 0 1 1 1 0 
5.37959 10.6561 14.7476 12.3763 11.9701 16.886 13.9034 
-0.155998 -0.084579 -0.76392 -0.401607 -0.56671 -0.0645379 -0.768538 
184
1 1 1 1 0 1 0 0 
5.58071 12.7323 17.0187 16.2975 9.64506 10.9277 14.0454 13.0303 
-0.15864 -0.0862005 -0.0652972 -0.399768 -0.767288 -0.565093 -0.763542 -0.768723 
180
0 0 0 
6.0105 10.7981 11.7406 
0.34348 0.150772 0.0908633 
184
0 0 0 
4.99953 10.9905 16.1484 
0.348034 0.149679 0.0866013 
188
0 0 0 
4.38743 8.9758 15.8021 
0.353661 0.154862 0.0905547 
188
1 1 1 0 1 1 1 
5.66249 8.60717 18.4786 16.0925 16.7903 19.3504 11.0324 
-0.159246 -0.0916363 -0.400204 -0.764389 -0.0661032 -0.0291951 -0.571607 
196
0 0 0 
6.07352 7.63163 16.6198 
0.34784 0.160005 0.088547 
200
0 0 0 
5.06972 8.82316 16.2035 
0.348667 0.154881 0.0890732 
192
1 1 1 1 1 0 1 
5.20718 10.2907 12.2945 13.6246 14.0794 11.473 19.8034 
-0.158814 -0.0895013 -0.57579 -0.398702 -0.0720063 -0.762724 -0.0286437 
196
1 1 1 0 1 1 0 
6.13362 11.1355 11.0283 10.6999 15.8122 14.9126 15.8962 
-0.165782 -0.086152 -0.575236 -0.766037 -0.401018 -0.0657968 -0.566824 
200
1 1 1 1 1 
5.19938 9.67702 12.5762 15.7835 16.0992 
-0.164773 -0.0921626 -0.576845 -0.405762 -0.0622033 
204
1 1 1 0 1 1 1 
5.29196 10.5403 13.7652 12.4886 15.2407 15.8629 19.4698 
-0.170997 -0.0899537 -0.576134 -0.778912 -0.404787 -0.066571 -0.307548 
208
0 0 0 
5.32654 9.63766 15.7101 
0.359591 0.154486 0.0897886 
208
1 1 1 1 0 1 0 1 
4.70236 9.49303 9.59606 16.1965 10.8481 15.5187 16.1435 9.38868 
-0.17339 -0.0936503 -0.585025 -0.0712039 -0.777515 -0.403861 -0.783211 -0.422608 
212
0 0 0 
5.05741 8.47725 16.4125 
0.370666 0.158653 0.0892301 
212
1 1 1 1 0 1 0 0 
4.90316 9.02164 10.6357 12.0671 10.2498 14.3973 12.1882 17.9139 
-0.182188 -0.0935298 -0.580618 -0.40832 -0.792577 -0.0751278 -0.783056 -0.577684 
216
1 1 1 1 1 0 0 
4.80794 9.68263 9.75739 15.0507 16.7682 11.9216 12.6937 
-0.185831 -0.587103 -0.093895 -0.0742591 -0.415053 -0.788613 -0.580197 
220
0 0 0 
4.83092 10.2788 14.9219 
0.378363 0.157752 0.091912 
224
0 0 0 
4.71051 10.2445 17.0597 
0.391424 0.158085 0.0887366 
220
1 1 1 0 1 1 0 
5.15547 9.60963 8.73365 12.1606 16.5247 13.7551 17.5084 
-0.194336 -0.0983356 -0.592961 -0.798573 -0.417148 -0.0756235 -0.585088 
224
1 1 1 0 1 1 0 0 
4.38716 8.12674 8.23176 13.9759 14.3513 19.4535 11.2124 12.5601 
-0.194545 -0.104872 -0.601321 -0.806942 -0.0754403 -0.422751 -0.597512 -0.588322 
228
1 1 1 0 1 1 0 
4.52667 9.5962 12.7089 14.5835 15.6357 13.0123 14.229 
-0.205238 -0.101588 -0.6188 -0.813204 -0.429904 -0.0794207 -0.598076 
228
0 0 0 
4.66004 8.89567 14.1098 
0.400472 0.166651 0.0883439 
232
0 0 0 
4.61632 11.5385 15.8768 
0.406469 0.157745 0.090511 
236
1 1 1 0 1 1 0 
4.21168 10.2692 10.0934 19.0696 15.098 11.2941 13.8202 
-0.213434 -0.635789 -0.107126 -0.610297 -0.0868337 -0.430349 -0.834445 
236
0 0 0 
4.8279 8.60216 15.0892 
0.40531 0.166218 0.0826529 
240
0 0 0 
4.66244 9.55307 16.7359 
0.414466 0.162099 0.0838236 
240
1 1 1 0 1 0 
3.84292 8.63889 9.39198 11.4235 12.7378 16.0328 
-0.234067 -0.111054 -0.64389 -0.846868 -0.0860058 -0.616933 
244
1 1 1 1 0 1 0 
4.04487 9.58437 17.5942 11.6996 12.3166 12.8591 13.8355 
-0.24574 -0.119753 -0.0878803 -0.653169 -0.859508 -0.444778 -0.623305 
244
0 0 0 
4.03628 7.55192 14.4341 
0.4451 0.163336 0.088366 
248
0 0 0 
3.91208 9.13946 11.6197 
0.457826 0.16552 0.0877234 
248
1 1 1 0 1 0 1 1 
3.76976 9.35238 9.86991 14.9149 13.0699 15.6739 13.6164 12.1337 
-0.247231 -0.663615 -0.114378 -0.870233 -0.0898091 -0.632869 -0.454389 -0.345846 
252
1 1 1 1 0 1 0 
3.64013 8.81912 10.6797 15.5085 14.0012 12.2038 17.7894 
-0.27946 -0.125691 -0.67624 -0.0921723 -0.885631 -0.458434 -0.638176 
256
1 1 1 0 1 0 1 
3.79063 8.45077 8.85404 13.1837 11.3516 16.4396 8.43998 
-0.292284 -0.121482 -0.685648 -0.897252 -0.102996 -0.647327 -0.456552 
256
0 0 0 
3.40444 8.21493 11.4318 
0.504759 0.174781 0.0836248 
260
0 0 0 
2.75518 9.19556 11.8906 
0.541355 0.167972 0.0863864 
260
1 1 1 0 1 1 1 
3.35525 8.05149 10.2825 14.5226 11.791 12.063 19.5225 
-0.322586 -0.13631 -0.71251 -0.665916 -0.10664 -0.489486 -0.36757 
264
0 0 0 
2.89736 8.12457 14.314 
0.553261 0.161689 0.0748963 
264
1 1 1 1 1 
3.45276 9.12403 8.84979 14.162 13.4268 
-0.35722 -0.153172 -0.741857 -0.503954 -0.121936 
268
1 1 1 1 1 1 0 
2.99653 7.80861 10.1247 14.7482 12.2432 18.2589 15.5696 
-0.40903 -0.182655 -0.777818 -0.140169 -0.527042 -0.40644 -0.706846 
272
0 0 0 
2.89605 7.16718 11.3642 
0.552589 0.128553 0.0358644 
272
1 1 1 1 1 0 1 
2.71122 6.28998 13.0817 9.00935 15.7026 17.8775 15.8511 
-0.468239 -0.200751 -0.165696 -0.821581 -0.568437 -0.742645 -0.437002 
276
0 0 0 
2.61412 7.40791 13.3569 
0.573055 0.101075 0.0116033 
276
1 1 1 1 1 1 0 1 
2.68035 7.18634 7.08281 11.2376 13.0979 14.6669 17.6297 20.3697 
-0.530941 -0.237986 -0.857992 -0.191791 -0.603226 -0.459829 0.000328513 -0.137599 
280
0 0 0 
2.41747 8.00304 13.1402 
0.614309 0.102896 -0.00226751 
280
1 1 1 1 0 0 1 1 1 0 
2.57835 7.3718 8.42295 13.9521 13.9967 14.8027 13.5181 10.7683 14.7093 13.0897 
-0.605364 -0.258091 -0.892962 -0.206855 -0.796853 0.0322299 -0.616061 -0.482665 -0.474251 -0.00513566 
284
0 0 0 
2.08913 6.386 12.2816 
0.684543 0.106829 -0.00491778 
288
0 0 0 
2.06312 6.14246 10.3612 
0.746117 0.123964 0.00385712 
288
1 1 1 0 1 0 1 
2.15362 7.49062 13.4224 12.2075 11.9039 18.046 16.9305 
-0.742839 -0.271605 -0.208421 -0.817309 -0.623522 0.00623886 -0.483669 
292
0 0 0 
2.03199 5.03735 9.90736 
0.825778 0.138817 0.0174402 
292
1 1 1 1 1 1 0 
1.4664 7.13931 15.1068 13.8524 19.1993 21.8162 19.6509 
-0.788031 -0.277162 -0.207857 -0.632942 -0.483386 -0.142521 0.0126594 
296
1 1 1 1 0 1 1 0 
6.39887 11.051 2.42817 12.8812 15.5327 16.0312 17.6919 18.338 
-0.280204 -0.200511 -0.906158 -0.640115 -0.829612 -0.482222 -0.137945 0.0190061 
300
1 1 1 0 1 1 0 
4.99029 11.9716 11.4346 14.3586 13.3809 16.1738 18.019 
-0.291687 -0.208307 -0.645061 -0.83954 -0.490684 -0.139199 -0.640702 
304
1 1 1 1 1 0 
4.47005 11.2084 10.2059 16.7328 15.8479 15.19 
-0.289506 -0.208872 -0.654382 -0.490452 -0.133136 -0.841977 
296
0 0 0 
5.40778 1.84234 11.8756 
0.146173 0.973235 0.0147736 
300
0 0 
6.02747 12.1083 
0.151029 0.0215772 
308
1 1 1 1 1 0 
5.51436 9.95141 11.4622 14.1609 15.9566 13.0524 
-0.312119 -0.204021 -0.666793 -0.130695 -0.489289 -0.854798 
308
0 0 0 
5.07444 11.4712 15.3856 
0.185558 0.0390339 -0.00901013 
312
1 1 1 0 1 1 
5.52286 10.1952 11.387 16.0832 14.5083 15.3686 
-0.321564 -0.677155 -0.208223 -0.870915 -0.122178 -0.488631 
312
0 0 0 
5.70745 10.7469 13.4431 
0.194559 0.049016 -0.00509844 
316
1 1 1 0 1 1 
4.54575 10.701 9.00554 11.2137 10.3109 13.0579 
-0.328983 -0.210903 -0.68013 -0.868735 -0.492834 -0.499286 
316
0 0 0 
5.15742 10.6976 16.4245 
0.221291 0.0601611 0.00559214 
320
0 0 0 
4.85244 9.17826 12.988 
0.241533 0.0760439 0.0260598 
324
0 0 0 
3.855 9.51898 14.0216 
0.273067 0.0827722 0.0319106 
320
1 1 1 0 1 1 
4.47635 9.24308 8.78837 12.6479 14.8196 11.3485 
-0.343204 -0.199432 -0.693809 -0.885417 -0.11653 -0.502688 
328
0 0 0 
3.88322 8.78242 14.6962 
0.300002 0.0938811 0.0355672 
328
1 1 1 1 
3.60571 10.0458 10.4039 15.5836 
-0.391268 -0.205069 -0.715099 -0.107589 
332
1 1 1 1 
3.93079 8.71539 11.7308 10.7171 
-0.409261 -0.200161 -0.734336 -0.110662 
332
0 0 0 
3.44599 8.56227 14.7159 
0.334578 0.0972426 0.0379994 
336
0 0 0 
3.33095 8.38993 12.8075 
0.364921 0.11241 0.0526948 
336
1 1 1 1 1 0 
3.1532 8.64051 8.06867 15.4338 15.1249 15.2242 
-0.435509 -0.209085 -0.758462 -0.105151 -0.509585 -0.678837 
340
0 0 0 
3.0445 7.30774 14.5243 
0.409855 0.125818 0.0554127 
340
1 1 1 1 1 
3.42772 7.87057 15.1748 9.92304 16.1694 
-0.46899 -0.212198 -0.0999029 -0.760175 -0.517418 
344
0 0 0 
3.34044 7.12408 14.1535 
0.445373 0.135854 0.0633729 
348
1 1 1 1 0 1 
2.46472 7.64114 7.75834 15.1611 15.1823 12.9976 
-0.566505 -0.217563 -0.799103 -0.531537 -0.701612 -0.0941049 
348
0 0 0 
2.49029 7.60485 9.7651 
0.523925 0.150293 0.08311 
352
1 1 1 1 1 0 
2.39696 8.35759 5.86711 13.6388 11.6585 15.8731 
-0.642095 -0.830655 -0.228613 -0.545416 -0.0948657 -0.716401 
352
0 0 0 
2.23655 6.51844 8.98718 
0.583841 0.161134 0.0718117 
356
0 0 0 
1.87928 7.03603 11.84 
0.688587 0.158795 0.0680394 
360
0 0 0 
5.0583 1.75471 11.2474 
0.153003 0.741946 0.0491534 
356
1 1 1 0 1 1 
2.20556 5.71936 8.63952 9.48103 12.7966 13.5323 
-0.751188 -0.252609 -0.864064 -0.740651 -0.114209 -0.564973 
360
1 1 1 1 0 1 
2.28755 5.63375 10.7492 13.0642 11.9444 14.0789 
-0.885829 -0.285873 -0.126032 -0.601325 -0.775196 -0.277786 
364
0 0 
5.65538 9.5589 
0.129826 0.0426884 
364
1 1 0 1 0 
6.75114 10.9117 15.1818 14.8423 15.3172 
-0.321604 -0.157111 -0.812686 -0.635087 0.0341313 
368
0 0 
5.30696 12.6237 
0.138394 0.0302096 
372
1 1 0 1 1 
5.54015 10.3199 11.4596 9.28159 16.3209 
-0.3598 -0.159958 -0.851544 -0.676681 -0.38667 
376
1 1 1 0 1 1 
4.98447 11.9562 11.4891 14.7706 14.7829 15.1541 
-0.369707 -0.673343 -0.156334 -0.847352 -0.474973 -0.384375 
372
0 0 0 
4.76748 8.45109 10.7336 
0.157136 0.0349947 -0.00245735 
376
0 0 0 
4.55616 10.0231 15.7254 
0.181615 0.0543453 0.0195843 
380
1 1 1 0 1 1 1 0 
4.72285 11.638 12.1896 13.8569 13.8816 15.9077 13.4587 17.7281 
-0.379215 -0.141856 -0.671846 -0.849219 -0.468631 -0.197939 -0.384624 -0.130207 
380
0 0 0 
4.12001 11.4048 15.4665 
0.216429 0.078117 0.0322769 
384
1 1 1 0 1 1 0 1 1 
4.67535 9.66249 8.9552 13.1244 14.2833 13.7698 21.0826 22.7635 14.8054 
-0.397807 -0.141695 -0.673638 -0.858916 -0.374789 -0.464014 -0.116148 -0.326592 -0.188246 
384
0 0 0 
3.86047 10.5454 13.9823 
0.256624 0.0876404 0.0514875 
388
0 0 0 
3.99656 8.20547 14.8477 
0.286065 0.117827 0.0618115 
392
1 1 1 0 0 1 1 1 1 
3.9235 7.71742 10.6771 11.7292 10.4987 15.7702 15.5485 11.3434 12.6865 
-0.439446 -0.121813 -0.697884 -0.0181947 -0.880367 -0.27078 -0.466024 -0.368923 -0.171665 
392
0 0 0 
3.90009 8.70134 10.0604 
0.317408 0.130354 0.073767 
396
1 1 1 0 1 1 1 1 1 0 1 
3.6785 9.12714 8.77594 11.2518 11.441 13.0734 18.3001 13.9987 17.3796 14.6933 25.2276 
-0.481596 -0.123834 -0.72636 -0.897829 -0.277257 -0.473423 -0.232296 -0.174117 -0.366836 -0.00980209 -0.443143 
396
0 0 0 0 
3.41482 8.00889 13.5294 16.1984 
0.371104 0.139128 0.0824085 0.0357499 
400
1 1 1 1 1 1 0 1 1 1 0 
2.94895 10.4179 8.00709 15.169 12.2418 13.9824 18.273 15.4041 11.6227 16.2078 15.1517 
-0.531877 -0.745632 -0.137923 -0.49244 -0.460192 -0.183851 -0.581086 -0.286502 -0.246767 -0.23813 -0.0184103 
400
0 0 0 0 
3.04635 7.60437 13.3956 14.1525 
0.411112 0.137717 0.0827872 0.0258562 
404
0 0 0 0 
2.54974 8.21388 11.2724 17.1724 
0.446199 0.131365 0.0775472 0.0274716 
408
1 1 1 1 1 0 0 1 0 1 1 0 1 1 
2.44829 7.80228 9.01381 12.5191 14.607 12.4799 17.9632 10.1217 17.9225 13.2506 14.1705 14.9394 14.3286 13.3693 
-0.697194 -0.165238 -0.818425 -0.528639 -0.270193 -0.701542 -0.680854 -0.370506 -0.031158 -0.50133 -0.314513 -0.618678 -0.411635 -0.215906 
408
0 0 0 
2.42269 6.42256 11.6209 
0.493759 0.139058 0.0752451 
412
0 0 0 
1.97045 6.35005 12.3266 
0.584957 0.13883 0.0639398 
412
1 1 1 1 0 0 1 0 1 1 1 1 
2.5465 6.71233 8.56329 12.2064 13.6555 17.2455 17.5741 13.072 12.5384 14.8886 13.058 13.5337 
-0.802859 -0.194257 -0.856455 -0.559419 -0.736073 -0.637389 -0.436616 -0.711169 -0.284897 -0.32918 -0.387677 -0.520602 
416
1 1 1 1 0 1 1 1 1 1 1 0 0 
1.52264 6.34885 10.0276 11.0745 18.4821 13.2395 14.4669 10.9855 14.1708 9.93101 13.0962 17.8796 16.4244 
-0.958257 -0.210304 -0.895805 -0.552756 -0.757403 -0.338966 -0.452266 -0.574851 -0.295458 -0.241345 -0.390037 -0.0488417 -0.728209 
416
0 0 0 
7.09617 12.2478 1.80176 
0.137825 0.0614244 0.701814 
420
0 0 
5.88001 11.2982 
0.142232 0.0491293 
424
0 0 
5.25237 11.0193 
0.148287 0.060759 
424
1 1 0 0 0 1 1 0 1 1 1 1 1 1 
5.82898 11.163 15.2813 13.6715 14.2807 12.1687 11.9173 18.2773 12.5965 9.85436 15.1399 12.992 12.0993 13.4122 
-0.238909 -0.625686 -0.69339 -0.80544 -0.771916 -0.272045 -0.578893 -0.164963 -0.368326 -0.475671 -0.430675 -0.299458 -0.534056 -0.324543 
428
0 0 0 
5.35765 9.18023 14.3617 
0.160232 0.0734829 -0.00466441 
428
1 1 1 1 0 1 0 0 0 1 1 1 1 
5.771 14.0592 12.5229 12.7542 13.2302 12.1416 12.849 17.9178 12.5402 15.5262 11.2944 10.9703 13.3333 
-0.257305 -0.594483 -0.63996 -0.494649 -0.822044 -0.388296 -0.780429 -0.165946 -0.705807 -0.543107 -0.332555 -0.275921 -0.441574 
432
1 0 1 1 1 0 1 0 0 1 0 1 1 0 1 
5.87976 13.921 9.68706 10.4736 13.3599 14.6363 10.7873 15.2861 15.033 12.5059 15.0354 12.1942 11.487 15.5033 12.6567 
-0.270133 -0.795125 -0.646648 -0.604849 -0.502571 -0.831253 -0.341514 -0.168927 -0.719722 -0.382068 -0.0558282 -0.554763 -0.278122 -0.568527 -0.304784 
436
0 0 
5.12662 8.54963 
0.203201 0.0865515 
436
1 1 0 1 1 0 1 0 0 1 1 1 0 1 
4.21999 10.1001 14.0907 11.6957 14.0332 15.0571 11.4699 13.1386 11.796 10.4958 11.6295 12.334 12.1532 9.86125 
-0.276543 -0.656115 -0.722975 -0.506327 -0.449951 -0.0507613 -0.618951 -0.843594 -0.161335 -0.554382 -0.34517 -0.38707 -0.802951 -0.281382 
440
1 1 1 1 1 1 1 1 0 0 0 1 0 0 
4.58705 10.157 11.4139 12.3648 11.7872 11.4331 13.2249 9.05788 15.624 9.43238 14.0029 10.9382 10.5222 13.0534 
-0.291305 -0.672446 -0.622847 -0.516248 -0.453542 -0.566364 -0.342021 -0.284176 -0.0441382 -0.855967 -0.730977 -0.395569 -0.819465 -0.156231 
440
0 0 0 
4.37752 8.69008 13.8085 
0.237342 0.104611 0.0261496 
444
0 0 0 
3.56181 9.30315 13.6618 
0.275156 0.115247 0.0358289 
448
1 1 1 0 1 0 1 0 0 1 0 1 1 1 
3.84673 10.1059 9.86713 12.1727 10.3884 14.3985 11.3007 11.0319 13.7275 10.2033 12.1969 9.94833 8.47365 10.7951 
-0.333425 -0.709181 -0.578599 -0.0370884 -0.645498 -0.748061 -0.532467 -0.842926 -0.890379 -0.467701 -0.144495 -0.350802 -0.293694 -0.401477 
448
0 0 0 
3.58189 9.26261 11.722 
0.304664 0.127635 0.0456637 
452
0 0 0 
2.759 8.50849 12.0193 
0.358719 0.135477 0.0475074 
452
1 1 0 0 1 1 1 1 1 0 1 0 1 0 1 
3.72047 9.57188 12.1024 15.4751 10.4667 10.6345 11.8281 11.3504 12.0962 15.0674 13.0177 14.682 6.6595 10.198 12.6435 
-0.359974 -0.725431 -0.0233581 -0.862283 -0.60241 -0.668849 -0.544715 -0.360331 -0.473149 -0.145754 -0.415851 -0.759858 -0.316498 -0.90929 -0.297956 
456
0 0 0 
2.86287 6.24957 9.55414 
0.407895 0.164886 0.0687805 
456
1 1 1 0 1 1 0 0 1 1 0 1 1 
3.76564 9.34612 8.7576 11.3332 11.2217 12.1917 14.9052 14.3472 11.271 9.93683 14.2183 9.3084 9.39752 
-0.408339 -0.480326 -0.755743 -0.0299742 -0.682088 -0.426358 -0.144908 -0.775192 -0.556968 -0.315157 -0.879792 -0.359273 -0.32228 
460
0 0 0 
2.22565 7.57346 10.3936 
0.484803 0.160362 0.066653 
460
1 1 1 1 1 0 0 1 0 1 0 1 1 1 0 
3.03589 9.06492 8.13066 10.2573 9.02217 10.0833 13.0289 10.2623 12.398 10.7632 14.9009 7.45863 8.71819 8.5023 14.3746 
-0.443942 -0.768433 -0.709795 -0.427431 -0.569147 -0.897931 -0.793648 -0.503475 -0.0234534 -0.635213 -0.145351 -0.30441 -0.381105 -0.331677 -0.297175 
464
1 1 1 1 1 1 1 1 0 0 1 0 1 0 0 
2.63771 8.96194 10.2988 9.26184 10.4718 12.2156 10.532 10.3899 11.6872 13.3998 8.92534 15.1298 7.95991 14.9779 13.4174 
-0.500841 -0.798218 -0.392992 -0.72584 -0.44406 -0.653133 -0.586335 -0.514207 -0.0228926 -0.149983 -0.325649 -0.807328 -0.343014 -0.637576 -0.30016 
468
0 0 0 
5.65618 9.4201 2.30388 
0.198876 0.0885238 0.66271 
468
1 1 1 1 1 0 1 1 1 1 0 0 0 0 1 
2.3006 6.64256 10.5383 10.4858 7.21341 11.7671 8.9427 8.92568 8.75389 10.4782 14.689 15.0173 12.7163 11.9281 7.99185 
-0.563945 -0.817981 -0.751942 -0.458665 -0.339796 -0.0206125 -0.600806 -0.399625 -0.522522 -0.674447 -0.151108 -0.64777 -0.82558 -0.304177 -0.358993 
472
0 0 
6.15107 9.77155 
0.203229 0.0844974 
476
0 0 
5.13912 9.07025 
0.215551 0.0837609 
480
0 0 
5.38295 8.92053 
0.235918 0.09069 
476
1 1 1 1 1 1 1 1 1 0 0 0 1 0 0 0 1 
1.9058 8.12561 9.5456 9.15623 9.85885 9.36895 9.07798 7.14125 6.69488 12.2564 13.8623 10.2636 6.48735 13.278 13.3935 12.0366 9.3115 
-0.795011 -0.894349 -0.727685 -0.658651 -0.812015 -0.501843 -0.568801 -0.443072 -0.381657 -0.16072 -0.871365 -0.0295341 -0.403007 -0.515035 -0.328794 -0.682767 -0.399091 
484
1 1 1 1 1 1 1 0 1 0 0 1 0 
9.58494 9.14901 8.83179 5.77874 7.16822 9.31366 8.4939 8.85958 7.96253 10.738 11.1917 7.58951 11.7169 
-0.78117 -0.710997 -0.619866 -0.460477 -0.427248 -0.880683 -0.548623 -0.0245691 -0.485664 -0.724765 -0.178689 -0.444857 -0.353537 
484
0 0 
4.91014 6.44667 
0.25422 0.0935588 
488
0 0 
3.76881 8.2523 
0.28114 0.0918314 
488
1 0 1 1 1 0 1 1 1 0 0 0 1 
8.2813 7.6761 9.33912 5.58703 7.64571 11.2434 6.47382 8.18099 7.63729 13.865 8.63758 12.4541 7.2522 
-0.822206 -0.0289554 -0.739374 -0.50758 -0.656855 -0.18551 -0.450135 -0.574899 -0.51778 -0.749556 -0.379126 -0.565953 -0.475326 
492
1 1 0 1 1 0 1 1 1 0 0 0 
8.15945 5.27738 10.6298 7.87985 7.47621 8.08843 8.09849 5.69293 8.54952 12.1847 11.255 9.4881 
-0.854037 -0.542903 -0.204125 -0.69079 -0.603762 -0.0466757 -0.552611 -0.491943 -0.778509 -0.59079 -0.388039 -0.781925 
496
1 0 0 1 1 1 1 1 0 1 1 0 0 
4.24277 8.00224 8.51921 6.96008 8.1719 8.27153 6.00765 8.54482 12.6123 7.50262 7.0646 10.2521 10.8854 
-0.597324 -0.0492644 -0.209137 -0.720892 -0.897479 -0.648676 -0.527434 -0.820799 -0.806882 -0.588588 -0.54304 -0.613681 -0.407197 
500
1 1 1 1 0 1 0 1 0 0 0 
4.28786 6.84822 6.82697 8.19203 10.0477 8.11659 8.69357 4.92593 12.9135 10.2183 11.7638 
-0.626229 -0.610426 -0.671955 -0.746543 -0.212173 -0.843615 -0.0423269 -0.557699 -0.822816 -0.415498 -0.622449 
496
0 0 
4.20752 6.37712 
0.292588 0.101155 
504
0 0 
3.24164 5.62832 
0.435916 0.169304 
504
1 1 1 1 1 1 0 0 0 0 0 
3.62598 4.72903 6.21008 8.91737 6.84024 5.98644 8.41616 7.45163 11.5846 11.3076 9.02164 
-0.643166 -0.553272 -0.653129 -0.832703 -0.737473 -0.605996 -0.185085 -0.00995199 -0.803275 -0.604408 -0.3834 
508
1 1 1 1 0 0 1 0 1 0 1 0 
3.18074 7.67349 8.24333 6.74267 10.6055 8.32415 5.30322 10.6959 5.50634 11.734 5.54397 4.27837 
-0.63957 -0.715965 -0.815208 -0.63557 -0.774367 -0.127721 -0.914943 -0.336014 -0.575449 -0.567314 -0.532593 0.0288337 
512
1 1 1 1 0 1 1 0 0 0 1 
3.25409 6.49379 7.22789 7.50759 8.11927 4.92407 6.03334 9.92513 9.4755 10.9129 5.32115 
-0.624292 -0.882114 -0.685731 -0.785139 -0.0680932 -0.51419 -0.599925 -0.520533 -0.730259 -0.288602 -0.549828 
508
0 0 0 
2.76804 5.26212 5.43631 
0.569555 0.240136 0.00124132 
516
1 1 1 1 1 0 0 1 1 0 0 1 
2.84493 6.29882 7.64326 5.42352 4.07554 7.45901 8.25617 5.58288 5.92929 8.91676 9.70426 5.27738 
-0.622984 -0.770162 -0.864817 -0.575181 -0.501325 -0.0143243 -0.240831 -0.520757 -0.666517 -0.695133 -0.475507 -0.486883 
516
0 0 0 
2.60084 4.88972 7.02145 
0.868949 0.423405 0.142924 
520
1 1 1 1 1 1 0 0 0 0 0 1 1 
3.01269 5.40254 7.88075 5.50509 6.80632 3.05491 9.89851 8.55002 8.57917 8.09931 11.2614 4.96032 3.78307 
-0.650821 -0.561841 -0.860155 -0.651541 -0.754235 -0.495549 -0.677545 0.0255516 -0.204751 -0.441178 -0.895743 -0.53496 -0.485877 
520
0 0 0 
2.23523 4.46135 5.07682 
1.07243 0.51191 0.211073 
524
1 1 1 1 1 1 1 0 0 0 0 
2.43263 3.11086 5.05732 6.5347 5.84332 5.82002 3.86991 10.3316 8.60433 9.95607 11.7795 
-0.690493 -0.49639 -0.556606 -0.751557 -0.643345 -0.856403 -0.490847 -0.421928 -0.171456 -0.641058 -0.88705 
528
0 0 0 
3.51676 7.68133 5.4196 
0.691203 0.066051 0.32033 
528
1 1 1 1 1 1 0 1 0 0 0 
1.89753 2.98812 5.80042 5.97054 5.61943 6.52238 7.32743 3.83343 9.97838 9.67804 10.8669 
-0.74334 -0.523249 -0.645724 -0.753941 -0.553857 -0.864535 -0.14001 -0.494179 -0.634529 -0.397022 -0.875646 
532
1 1 1 1 1 1 1 0 0 0 0 
2.28481 2.42492 4.09948 6.23651 5.92373 5.20584 5.78521 8.12383 7.144 9.98778 9.41502 
-0.825779 -0.550698 -0.490395 -0.758677 -0.647358 -0.562526 -0.87135 -0.38561 -0.115093 -0.619645 -0.861521 
532
0 0 0 
4.01219 5.55452 5.197 
0.784845 0.114801 0.381248 
536
0 0 0 
3.21666 5.27325 4.1327 
0.899353 0.160187 0.45666 
540
0 0 0 
2.57024 4.39532 4.50034 
1.02214 0.518581 0.21035 
536
1 1 1 1 1 1 0 0 0 0 
2.23701 5.79314 4.99346 3.43781 4.31054 5.155 7.69277 8.26746 10.7352 9.88155 
-0.591643 -0.65065 -0.7655 -0.522379 -0.567518 -0.885793 -0.0878353 -0.370973 -0.613331 -0.861316 
544
1 1 1 0 1 1 0 1 0 1 0 
1.5722 2.35136 4.7271 6.82408 4.21244 4.07062 8.21389 2.37421 11.5953 5.26219 8.62084 
-0.701134 -0.573063 -0.673455 -0.0207954 -0.923536 -0.582957 -0.321277 -0.554503 -0.852198 -0.790384 -0.584758 
544
0 0 
4.83929 3.74539 
0.255954 0.60871 
548
0 0 
3.77212 3.60805 
0.714825 0.355151 
552
0 0 0 
3.64555 4.39503 6.07001 
0.837186 0.418916 0.0375135 
548
1 1 1 1 1 0 0 1 1 0 0 
2.15416 4.06439 5.27987 2.07844 1.66407 6.50095 6.25368 3.4635 3.43417 11.1911 8.30542 
-0.59884 -0.656769 -0.779284 -0.7558 -0.584498 -0.292029 0.0263571 -0.916302 -0.584895 -0.825812 -0.555494 
552
1 1 1 1 1 1 0 0 0 
2.22489 2.65574 3.15892 4.85557 3.77231 4.42324 8.85136 8.26333 8.24899 
-0.631669 -0.569808 -0.568818 -0.775081 -0.651672 -0.902698 -0.799525 -0.52184 -0.238682 
556
1 1 1 1 0 0 1 0 
2.34395 4.22052 3.686 5.69006 5.72722 9.21861 3.07334 7.53638 
-0.582119 -0.76511 -0.644325 -0.890144 -0.195234 -0.755377 -0.556068 -0.480326 
560
0 0 
3.65119 5.37285 
0.614139 0.167525 
560
1 1 1 1 1 0 0 0 1 
1.966 3.4434 4.28656 3.03245 5.05331 7.01066 6.79508 8.75547 3.57489 
-0.60454 -0.638954 -0.763311 -0.56637 -0.901346 -0.149612 -0.454925 -0.742429 -0.786173 
564
1 1 0 1 1 1 0 0 
1.57766 2.66364 5.52818 3.10476 4.01064 3.23106 6.96525 7.12271 
-0.637415 -0.586387 -0.111891 -0.655313 -0.773261 -0.927486 -0.41971 -0.719433 
564
0 0 
3.52253 5.15547 
0.713326 0.233805 
568
1 1 1 1 0 0 0 1 
2.00527 3.10186 2.42592 3.25115 8.01056 5.08518 7.58766 2.38422 
-0.612833 -0.683749 -0.696472 -0.779865 -0.711682 -0.075126 -0.405428 -0.960204 
568
0 0 
3.59507 4.35847 
0.805053 0.301372 
572
0 0 
3.56156 4.09303 
0.905568 0.360161 
576
0 
3.99967 
0.428888 
572
1 1 0 1 0 0 
2.21152 3.57135 5.90446 3.13472 7.09167 6.8821 
-0.68705 -0.829358 -0.041804 -0.728797 -0.707558 -0.382754 
580
1 1 0 0 0 
1.9838 2.81929 6.15739 5.88612 6.74195 
-0.761621 -0.876127 0.0328876 -0.329864 -0.668343 
584
1 1 0 0 
2.28828 2.94596 6.18612 5.91909 
-0.824146 -0.89413 -0.286997 -0.635542 
580
0 
3.22861 
0.529742 
584
0 0 
3.78087 3.85844 
0.619859 0.0746214 
588
0 0 
3.26959 4.67101 
0.753644 0.136821 
588
1 1 0 0 0 
1.9769 1.96431 6.27043 6.95366 6.30306 
-0.828367 -0.94512 -0.233435 -0.878811 -0.594241 
592
0 0 0 1 
5.31734 6.30512 5.95464 1.97384 
-0.170467 -0.543667 -0.848369 -0.931033 
592
0 0 
3.20946 3.30589 
0.88662 0.241561 
596
0 0 
3.61988 1.45773 
0.345565 1.06928 
596
1 0 0 0 
1.44235 5.56912 5.03123 6.88089 
-0.96935 -0.485489 -0.0944997 -0.792575 
600
0 
3.35017 
0.482492 
600
1 0 0 0 0 
1.8037 5.5905 4.99975 7.1458 6.53359 
-0.923433 -0.415069 -0.00997369 -0.734289 -0.902723 
604
0 0 0 
5.45485 5.90889 6.88443 
-0.340014 -0.673248 -0.839797 
604
0 0 
2.9517 4.2642 
0.61456 0.0329901 
608
0 0 
4.8918 2.63299 
0.120909 0.75071 
612
0 0 0 
4.61392 5.74734 6.36068 
-0.192935 -0.555866 -0.731391 
612
0 0 
2.65245 4.26107 
0.896367 0.221607 
616
0 0 
3.13022 3.68962 
1.00795 0.341997 
616
0 0 0 
5.18089 5.86407 6.26593 
-0.126367 -0.500349 -0.675395 
620
0 
4.16913 
0.430968 
624
0 
3.40994 
0.545751 
620
0 0 0 
4.5786 5.13551 5.81298 
-0.0543148 -0.439904 -0.620321 
624
0 0 0 
4.37413 4.91317 5.8453 
0.0218228 -0.377874 -0.577992 
628
0 0 
5.87292 6.24121 
-0.325515 -0.522593 
628
0 0 
3.78435 3.32798 
0.0376257 0.662717 
632
0 0 
3.74632 3.14318 
0.120605 0.774968 
632
0 0 
3.99567 5.07641 
-0.273667 -0.473726 
636
0 0 0 
4.8369 4.3141 9.60276 
-0.206753 -0.421848 -0.880015 
640
0 0 0 
5.35179 4.54463 8.37095 
-0.155077 -0.373363 -0.827409 
636
0 0 
3.43074 3.1649 
0.203171 0.88403 
640
0 0 
3.31005 3.40175 
0.284099 0.989103 
644
0 
3.39155 
0.361758 
644
0 0 0 
4.18676 4.72015 9.06619 
-0.101702 -0.329887 -0.794838 
648
0 0 0 
3.72064 4.75348 7.00803 
-0.039457 -0.281801 -0.750147 
648
0 
3.44106 
0.445035 
652
0 
3.04563 
0.53945 
656
0 0 0 0 
4.35853 8.32798 11.7011 2.30067 
-0.188817 -0.665156 -0.793454 0.0158362 
656
0 0 
2.73716 2.44841 
0.635477 0.036676 
660
0 0 
2.77413 3.34824 
0.730464 0.104842 
660
0 0 0 0 
3.33099 8.2477 12.5434 13.7998 
-0.118335 -0.629978 -0.742648 -0.8147 
664
0 0 
2.78668 3.00792 
0.83042 0.174377 
664
0 0 0 0 
3.7852 8.50662 8.45002 14.5754 
-0.0718568 -0.706257 -0.575315 -0.755853 
668
0 0 
2.6365 2.95649 
0.935075 0.247075 
668
0 0 0 1 
3.41221 7.65634 13.0984 11.2513 
-0.0112688 -0.533482 -0.662248 -0.900723 
672
0 1 0 1 0 0 0 
3.46041 8.08153 7.01795 11.7878 9.55157 9.28759 17.3928 
0.034096 -0.895937 -0.49683 -0.863985 -0.612766 -0.619779 -0.674488 
672
0 0 
2.43634 2.7917 
1.02505 0.315798 
676
1 0 0 1 0 
7.41294 6.88518 9.74561 14.6293 19.2331 
-0.861182 -0.450258 -0.585669 -0.827727 -0.625264 
676
0 
2.5706 
0.408477 
680
1 0 0 1 0 
7.0878 6.49299 13.3667 10.8416 13.8333 
-0.823347 -0.406004 -0.528303 -0.775087 -0.577814 
684
0 0 
2.82868 2.6979 
0.175606 0.577142 
684
1 0 0 1 0 
5.6504 7.33794 11.4038 11.9793 13.8251 
-0.79611 -0.363072 -0.488405 -0.739363 -0.543072 
688
0 0 
2.38102 2.38901 
0.678025 0.260626 
688
1 0 0 1 0 1 
6.04168 8.07857 7.3454 9.83982 15.9373 12.3743 
-0.744912 -0.440741 -0.321711 -0.686399 -0.490607 -0.904135 
692
1 0 1 0 1 
6.5245 7.18856 9.60934 10.0481 23.1142 
-0.71383 -0.274163 -0.645659 -0.392608 -0.857303 
692
0 0 
2.54705 2.23145 
0.776803 0.345204 
696
1 0 0 1 1 1 0 
5.51366 6.37064 10.2794 9.094 16.5074 11.3702 16.6231 
-0.682423 -0.226629 -0.344984 -0.617287 -0.818567 -0.906424 -0.393915 
700
1 0 1 1 0 0 1 
6.15048 6.26478 15.0988 11.3374 9.52964 16.1443 17.7165 
-0.642646 -0.176779 -0.863079 -0.56553 -0.29168 -0.352867 -0.765429 
696
0 0 
2.43289 2.35945 
0.874902 0.434146 
704
0 1 0 1 1 
6.49132 6.0113 9.54988 19.0291 9.14907 
-0.128167 -0.605507 -0.242559 -0.817172 -0.527076 
704
0 
1.78303 
0.655964 
708
0 1 0 1 1 0 
6.37526 5.88795 9.95891 11.2513 16.526 12.1739 
-0.0841168 -0.574393 -0.202254 -0.483224 -0.775419 -0.256289 
708
0 
1.88416 
0.759095 
712
0 1 1 0 1 0 1 1 
5.88119 4.97751 9.22691 8.41219 12.2371 16.2583 13.4039 14.4364 
-0.039157 -0.541955 -0.4425 -0.163585 -0.893848 -0.216678 -0.746711 -0.411002 
712
0 
2.12614 
0.866225 
716
0 1 0 1 1 0 0 1 
6.44735 5.1799 10.1697 9.05894 11.3904 16.6881 16.541 11.6233 
-0.00096995 -0.518786 -0.131477 -0.419581 -0.871479 -0.174459 -0.857009 -0.704396 
724
1 0 1 1 0 1 0 1 1 
5.24587 9.19047 11.3354 9.46399 16.8931 15.6524 14.2097 16.0271 19.6491 
-0.487823 -0.0658711 -0.832029 -0.363083 -0.815656 -0.657258 -0.11624 -0.3186 -0.553807 
728
1 0 1 1 1 1 0 
4.30888 7.96154 9.41693 11.1809 15.3375 14.6336 22.1097 
-0.471164 -0.0380078 -0.332391 -0.810099 -0.636244 -0.291601 -0.793859 
724
0 
4.38959 
0.0246867 
728
0 
4.69842 
0.069418 
732
1 1 0 1 1 0 1 1 1 
5.02179 8.88777 10.7498 9.62508 16.3113 14.3789 13.7467 19.2593 12.7991 
-0.463582 -0.798127 -0.0173897 -0.330871 -0.621322 -0.0653607 -0.275179 -0.51795 -0.520205 
732
0 
5.2788 
0.0844751 
736
1 1 0 1 0 1 0 1 1 
4.7568 12.5628 11.3982 9.64779 13.1895 11.7313 12.9484 17.3375 17.6787 
-0.456672 -0.797634 0.0032249 -0.306136 -0.765987 -0.256349 -0.0488977 -0.613499 -0.499769 
740
1 0 1 1 0 1 1 1 0 
4.29253 10.9801 11.6282 8.97984 14.124 16.7026 13.9969 12.0011 15.3527 
-0.462233 0.0116501 -0.794438 -0.301572 -0.0335758 -0.249717 -0.602748 -0.496977 -0.762653 
740
0 
4.34062 
0.140251 
744
0 
4.15637 
0.15372 
744
1 1 0 1 1 1 0 0 1 
4.18513 11.9172 10.051 8.80551 11.8977 15.8823 15.4189 13.8768 12.417 
-0.471755 -0.806974 0.0214978 -0.301715 -0.24496 -0.609482 -0.76478 -0.0294579 -0.4983 
748
0 
4.07111 
0.160795 
748
1 0 1 1 1 0 0 1 1 
4.12322 8.44797 10.078 7.8067 12.9702 14.9251 15.276 11.8571 16.7408 
-0.496327 0.0194454 -0.806624 -0.316822 -0.614285 -0.035927 -0.770492 -0.249147 -0.493328 
752
0 
4.17788 
0.166492 
752
1 0 1 1 1 0 0 1 1 0 
4.19926 9.26239 8.1384 10.1636 13.3836 15.3204 17.0874 15.8026 13.9864 15.1259 
-0.522313 0.0208427 -0.325749 -0.832071 -0.61739 -0.0333686 -0.78342 -0.49581 -0.253514 -0.648277 
756
1 1 0 1 0 1 0 1 1 1 
3.82659 7.13777 9.32986 11.3931 14.148 10.3987 14.6302 14.8982 12.4901 14.0188 
-0.551601 -0.327591 0.024258 -0.844907 -0.789712 -0.250393 -0.0333185 -0.500105 -0.506651 -0.228292 
760
1 0 1 0 1 1 1 1 1 
3.58267 7.75363 8.23067 11.3229 11.2103 11.8104 13.682 14.8877 16.285 
-0.578391 0.026394 -0.323248 -0.0302225 -0.861118 -0.25523 -0.631639 -0.505504 -0.227101 
760
0 
3.75373 
0.188361 
764
1 1 0 1 1 0 0 1 1 
3.21936 10.4202 7.65845 7.53864 13.0041 11.3695 16.3647 11.79 14.5621 
-0.59367 -0.865033 0.0351868 -0.31784 -0.247532 -0.0230037 -0.798539 -0.626471 -0.50204 
768
1 1 1 0 1 1 1 0 1 1 0 
3.97985 9.10433 7.38549 9.92114 12.3432 10.1475 14.2069 12.8382 15.099 16.1804 15.1611 
-0.606258 -0.855772 -0.309964 0.0101751 -0.230317 -0.612022 -0.618301 -0.780984 -0.485281 -0.198231 -0.02304 
768
0 0 
3.48356 6.73049 
0.252225 0.0213531 
772
1 1 1 1 1 1 0 0 0 1 1 
3.33848 10.1487 7.58285 11.5081 11.095 15.26 12.7634 16.2477 15.0376 14.2109 13.0639 
-0.614007 -0.845917 -0.283142 -0.589847 -0.210354 -0.462206 0.0360178 -0.760908 0.0146969 -0.161243 -0.195711 
772
0 0 0 
2.82843 7.48005 10.61 
0.330455 0.0590477 -0.00464907 
776
0 0 0 0 
2.60678 6.94969 10.0322 18.126 
0.403901 0.0990859 0.0403851 -0.000930984 
780
0 0 0 
2.25264 7.03858 11.1055 
0.496592 0.136322 0.0637431 
776
1 1 1 1 1 1 0 1 
2.7451 9.14035 7.76256 10.4539 8.89073 8.24373 15.4661 17.0164 
-0.619614 -0.829669 -0.25687 -0.565942 -0.179803 -0.174028 -0.736852 -0.428948 
780
1 1 1 1 1 1 0 1 
3.32004 7.60773 9.54846 11.8076 17.4845 11.9664 12.7448 11.7487 
-0.64531 -0.235934 -0.814588 -0.542947 -0.100877 -0.138591 -0.712279 -0.39963 
784
0 0 0 
2.0985 7.13304 12.6041 
0.583074 0.17639 0.0956666 
788
0 0 0 0 
1.97879 7.12008 11.1978 11.7226 
0.659918 0.196621 0.125139 0.0927968 
792
0 0 0 0 
1.9001 7.10936 11.1278 18.4229 
0.771343 0.217491 0.142188 0.101839 
788
1 1 1 0 1 1 1 1 
2.39568 6.82374 8.47931 11.0233 12.8223 11.8888 17.1527 11.701 
-0.693321 -0.197605 -0.798474 -0.677675 -0.0964225 -0.517475 -0.359914 -0.0615613 
792
1 1 1 1 0 1 1 
1.90527 6.8326 9.56694 9.93715 13.3005 11.3946 15.052 
-0.750831 -0.191088 -0.80797 -0.519842 -0.679664 -0.350799 -0.0393549 
796
1 1 1 1 1 0 1 1 0 
2.0766 6.87349 9.00303 11.2023 9.93699 16.0835 15.7251 15.9718 20.4807 
-0.825263 -0.196137 -0.831856 -0.090157 -0.517865 -0.694297 -0.0465754 -0.360653 -0.387958 
796
0 0 0 0 
4.97325 2.07915 11.5333 12.6031 
0.251727 0.862105 0.138082 0.104739 
800
0 0 0 
5.63054 12.7098 13.8556 
0.243191 0.137134 0.107345 
800
1 1 1 1 1 0 1 1 1 
1.73259 6.00561 8.2367 11.7964 11.1686 15.3446 17.0768 14.3758 16.6596 
-0.930127 -0.19931 -0.849076 -0.535953 -0.0886828 -0.711447 -0.0452697 -0.368895 -0.273924 
804
1 1 1 1 0 1 1 1 
5.53775 10.3485 7.56922 10.0515 14.6232 15.316 14.9022 18.3233 
-0.211129 -0.0941878 -0.87849 -0.550783 -0.727102 -0.0423251 -0.374897 -0.267022 
808
1 1 1 1 0 1 1 1 
5.28234 9.02409 10.3713 9.69219 11.9482 15.7717 14.7738 22.8333 
-0.22625 -0.90223 -0.0938137 -0.563108 -0.731803 -0.0484778 -0.373678 -0.276939 
808
0 0 0 
5.27607 10.7406 15.2241 
0.265774 0.148767 0.112364 
812
1 1 0 1 1 1 1 0 
5.60714 8.45937 12.4348 11.6308 13.0954 14.8524 15.4163 22.5344 
-0.241518 -0.108496 -0.741544 -0.574211 -0.0459086 -0.382569 -0.27602 -0.411185 
816
0 0 0 
4.67772 9.73188 13.713 
0.305335 0.16514 0.124972 
816
1 1 0 1 1 1 1 
4.76835 9.68742 14.4474 8.56758 17.047 14.4118 19.4458 
-0.243795 -0.5764 -0.754791 -0.104745 -0.385679 -0.0444219 -0.280183 
820
1 1 1 0 1 1 1 1 
4.67963 12.0211 9.61597 12.8409 15.3359 14.6448 19.2588 17.1347 
-0.267833 -0.591689 -0.105845 -0.775586 -0.0533506 -0.393971 -0.285576 -0.214932 
820
0 0 0 
4.67314 11.3001 12.8346 
0.316388 0.16692 0.124526 
824
0 0 0 
4.0941 9.94215 10.4698 
0.33879 0.172955 0.127695 
824
1 1 1 0 1 1 1 0 
4.85196 9.85376 9.92715 10.2128 13.2963 14.7675 17.9283 14.8304 
-0.275768 -0.104315 -0.605563 -0.781824 -0.397712 -0.0494217 -0.216431 -0.562735 
828
1 1 1 0 1 1 1 
4.49323 9.3557 8.84645 13.0109 14.1896 13.7331 15.9447 
-0.303337 -0.109537 -0.616967 -0.798082 -0.402605 -0.0490907 -0.292503 
832
1 1 1 0 1 1 1 1 1 
4.04258 10.1818 8.44759 11.7409 15.8313 14.3341 13.4153 17.0822 14.9705 
-0.319379 -0.645177 -0.111311 -0.813541 -0.415799 -0.0481266 -0.0238895 -0.292246 -0.212573 
832
0 0 0 0 
4.11966 8.20966 12.4486 10.0615 
0.385072 0.194423 0.14161 0.141431 
836
1 1 0 1 1 1 0 1 1 1 
3.6116 8.28137 11.6471 11.2975 12.3492 14.9552 14.0642 15.9059 26.746 16.8673 
-0.340951 -0.116438 -0.828721 -0.656229 -0.0516205 -0.422235 -0.587984 -0.023335 -0.216027 -0.297675 
840
1 1 1 1 1 0 0 1 
3.07254 7.75345 10.0297 12.1913 16.1402 12.2977 16.172 15.5038 
-0.374594 -0.117772 -0.678881 -0.426425 -0.051947 -0.846084 -0.600026 -0.021349 
836
0 0 0 0 
3.69552 7.7674 10.7628 15.8341 
0.421131 0.204853 0.136257 0.142766 
840
0 0 0 
3.58261 8.64345 15.1838 
0.447484 0.202671 0.14215 
844
1 1 1 1 0 1 0 1 
3.2174 10.1975 10.1045 11.9315 13.6453 14.0008 17.0206 18.0107 
-0.40081 -0.124998 -0.686686 -0.0460769 -0.866245 -0.435695 -0.612233 -0.0223832 
844
0 0 0 
2.98835 7.82739 12.6303 
0.49842 0.212512 0.150372 
848
0 0 0 
2.79878 8.00478 11.9061 
0.538996 0.217733 0.152606 
852
1 1 1 1 1 1 0 0 1 
2.67035 7.62777 9.65148 14.2402 12.6204 9.90385 17.2607 6.30498 13.6957 
-0.492222 -0.133438 -0.729224 -0.457752 -0.0557543 -0.31409 -0.629865 -0.911617 -0.224324 
856
1 1 1 1 1 1 1 1 0 
2.53206 7.28192 9.00727 11.6983 15.0981 17.4335 13.0094 18.5239 15.194 
-0.553864 -0.142673 -0.759328 -0.0600159 -0.32614 -0.0218652 -0.468715 -0.229163 -0.642704 
852
0 0 0 0 
2.70857 7.06745 9.18638 14.8027 
0.585807 0.234917 0.16733 0.128297 
856
0 0 0 0 
2.13486 6.36777 11.8944 12.0151 
0.673767 0.237368 0.162407 0.123552 
860
1 1 1 1 1 0 1 1 1 1 
2.35195 7.17881 8.97456 12.7568 9.89029 14.2217 16.3841 9.08881 19.8256 14.8912 
-0.616048 -0.146095 -0.776781 -0.0596942 -0.484716 -0.647912 -0.329315 -0.478242 -0.234247 -0.0264199 
864
1 1 1 1 1 1 0 1 
2.01245 8.10535 5.65555 10.5016 13.9356 12.8926 14.5093 14.3693 
-0.702958 -0.794849 -0.158581 -0.057984 -0.0291171 -0.492396 -0.665861 -0.332113 
864
0 0 0 0 
1.94693 6.76835 10.8065 16.8963 
0.869138 0.263882 0.167622 0.129685 
868
0 0 0 0 
5.66113 11.2455 2.60048 17.3945 
0.278597 0.165303 0.965967 0.130073 
868
1 1 1 1 1 0 1 1 1 1 
1.93035 6.53315 8.58118 10.5404 11.8086 16.3835 16.5324 17.521 14.957 16.7283 
-0.806103 -0.16971 -0.829689 -0.0732216 -0.505483 -0.687284 -0.0251437 -0.247948 0.000354221 -0.342771 
872
0 0 0 
5.79277 11.9224 17.6524 
0.293096 0.175938 0.131134 
876
0 0 0 0 
5.53214 9.03199 10.7533 15.184 
0.301725 0.183288 0.135855 0.138738 
872
1 1 1 1 1 0 1 1 0 
5.37787 8.50636 10.7764 10.4765 14.9234 13.9804 19.5099 22.4926 13.6159 
-0.184368 -0.860704 -0.0695075 -0.523974 -0.0226419 -0.499413 -0.349917 -0.247408 -0.700764 
876
1 1 1 1 1 1 1 1 1 0 
8.78618 5.34005 8.02044 11.765 16.1029 16.6865 11.5581 12.3911 17.6969 10.4881 
-0.89659 -0.191189 -0.0788247 -0.54053 -0.0316978 -0.258946 -0.366182 -0.360571 -0.0116719 -0.72798 
880
0 0 0 0 
4.96358 8.05263 9.56234 12.0165 
0.323047 0.180422 0.156696 0.138551 
884
1 1 0 1 1 1 0 1 1 
4.71297 9.93904 10.1133 10.581 18.9812 14.8988 19.7211 16.6062 9.77971 
-0.24204 -0.584585 -0.763048 -0.10194 -0.283329 -0.39478 -0.554962 -0.0501009 -0.0611549 
884
0 0 0 
8.69442 4.6997 14.8358 
0.169979 0.329217 0.12729 
888
0 0 0 
5.08623 9.38544 11.6421 
0.328092 0.160114 0.117501 
888
1 1 1 1 1 0 0 1 
4.74475 14.9033 8.41733 9.28385 15.0263 11.1248 15.3997 15.067 
-0.28098 -0.0699849 -0.126166 -0.61529 -0.421629 -0.801238 -0.577499 -0.301718 
892
1 1 1 0 1 1 1 1 
4.39863 8.83474 9.94751 12.5469 13.229 14.7848 14.1267 16.6732 
-0.32073 -0.133843 -0.660587 -0.841285 -0.0885464 -0.444592 -0.334071 -0.0546115 
896
0 0 0 
3.7718 7.71878 14.1722 
0.362241 0.147071 0.0911562 
896
1 1 1 1 1 1 0 1 
4.07166 10.0822 7.31099 14.792 9.74672 16.5082 16.3411 17.1351 
-0.363883 -0.679487 -0.157156 -0.468125 -0.0853149 -0.341106 -0.633381 -0.0690649 
900
0 0 0 0 
3.12216 7.85124 13.2523 17.2006 
0.405069 0.157457 0.0935303 0.0557575 
900
1 1 1 1 0 1 0 1 
3.74098 10.8219 9.32524 13.9096 15.7694 17.1097 12.5555 15.185 
-0.399715 -0.713864 -0.168855 -0.480052 -0.639407 -0.348759 -0.894627 -0.10989 
904
1 1 1 1 0 1 1 
3.25306 7.97372 10.8553 13.5706 16.2753 14.8605 13.8753 
-0.439224 -0.178157 -0.735795 -0.490781 -0.660558 -0.356051 -0.108516 
908
1 1 1 1 1 1 0 1 
3.14156 9.77267 6.80227 12.8562 12.4181 18.9823 16.6883 19.4121 
-0.484019 -0.760241 -0.191629 -0.504956 -0.11006 -0.361178 -0.669233 -0.286166 
908
0 0 0 
2.93143 7.93166 12.3969 
0.47687 0.172591 0.0990365 
912
1 1 1 1 0 1 1 1 1 
3.14775 6.0811 9.39254 13.4136 14.0599 19.941 19.7481 13.3829 26.9394 
-0.545069 -0.197757 -0.775546 -0.107593 -0.676156 -0.363597 -0.0723786 -0.508411 -0.283835 
912
0 0 0 0 
2.63702 6.24796 9.40966 15.414 
0.539625 0.180085 0.120419 0.0742848 
916
1 1 1 1 1 1 0 
2.48488 5.64831 10.2875 10.8272 13.5424 14.569 14.7843 
-0.612445 -0.209299 -0.806072 -0.111459 -0.52679 -0.379329 -0.693868 
916
0 0 0 0 
2.09511 12.1148 7.13454 19.0375 
0.631625 0.11146 0.200969 0.0735871 
920
0 0 0 0 
1.91752 6.4341 10.6455 17.9535 
0.72581 0.208802 0.111276 0.0770688 
924
1 1 1 1 1 1 0 1 
2.11715 7.69914 9.9255 12.0881 15.2135 16.8815 11.6459 11.6678 
-0.833111 -0.224371 -0.863865 -0.11778 -0.386687 -0.0790507 -0.729104 -0.550652 
924
0 0 0 
1.57286 6.80179 13.2353 
0.887511 0.217251 0.082626 
928
1 1 1 1 1 1 
6.56644 9.05141 9.96373 9.95252 14.3269 15.2193 
-0.230524 -0.900225 -0.56772 -0.124466 -0.398115 -0.0745265 
928
0 0 
5.97655 11.3673 
0.234197 0.128815 
932
1 1 1 1 1 0 
5.72822 11.0672 14.7008 19.2592 14.4581 13.3682 
-0.253712 -0.124549 -0.402611 -0.3046 -0.0831091 -0.766383 
932
0 0 0 
5.57531 12.1595 11.3818 
0.250693 0.129335 0.0905953 
936
0 0 0 
9.5824 5.1752 15.361 
0.13428 0.258958 0.0842816 
940
0 0 0 
3.96118 11.1892 16.147 
0.283873 0.119182 0.0733962 
940
1 1 1 1 0 1 1 0 
4.93706 11.5847 8.75024 15.863 9.09972 14.7129 15.1364 10.5743 
-0.308988 -0.634393 -0.150727 -0.441189 -0.822271 -0.102915 -0.337805 -0.613601 
944
0 0 0 
4.43048 10.2151 12.4639 
0.267271 0.116955 0.0617304 
944
1 1 0 1 1 0 1 1 
4.8703 10.679 15.5272 8.92475 12.5352 17.8307 14.9085 12.8365 
-0.352182 -0.662233 -0.855333 -0.174697 -0.467627 -0.627562 -0.351187 -0.120781 
948
0 0 0 
4.65413 9.12213 13.4132 
0.284267 0.121601 0.0706097 
948
1 1 1 0 1 1 0 1 1 
4.44121 9.89599 11.5929 12.8269 14.4209 12.6922 17.0593 15.9942 19.5053 
-0.384794 -0.18677 -0.691209 -0.875991 -0.476944 -0.126234 -0.646378 -0.35638 -0.361888 
952
1 1 1 0 1 0 1 1 
3.82457 7.53556 9.81591 9.80807 11.4291 17.2182 13.7617 19.4986 
-0.422039 -0.181783 -0.708258 -0.88844 -0.475173 -0.650479 -0.116928 -0.35935 
952
0 0 0 
3.81067 8.52347 12.0574 
0.335042 0.128893 0.0765244 
956
0 0 0 
3.06754 8.24525 12.1056 
0.393206 0.137676 0.0838921 
960
0 0 0 
3.14709 8.38817 11.1111 
0.425732 0.154833 0.092507 
960
1 1 1 1 1 1 0 
3.00562 8.90983 9.12715 14.6131 10.7489 15.7252 16.8335 
-0.501384 -0.746594 -0.194721 -0.497157 -0.117833 -0.3668 -0.669806 
964
1 0 1 1 1 1 1 
2.96093 12.4454 7.58224 7.62272 11.1581 13.8418 16.4984 
-0.539998 -0.680422 -0.20391 -0.767161 -0.124605 -0.507024 -0.37315 
964
0 0 0 
2.81784 7.45326 11.8666 
0.467155 0.171119 0.0903295 
968
0 0 0 
2.35901 7.28378 12.8824 
0.549504 0.168911 0.0932756 
972
0 0 0 0 
2.3093 5.82976 11.6403 16.6791 
0.612819 0.18085 0.0971129 0.0556539 
968
1 1 1 1 1 0 1 0 1 1 
2.9857 7.48042 9.65681 14.1562 14.1141 10.6126 19.7469 10.8133 16.6168 12.389 
-0.626161 -0.222378 -0.804279 -0.125254 -0.526007 -0.711962 -0.387668 -0.703909 -0.300952 -0.0955019 
976
1 1 1 1 1 0 1 1 1 
2.02573 7.09891 10.6666 10.8522 11.3085 13.7409 15.1051 16.9653 15.7985 
-0.820741 -0.253322 -0.872891 -0.141173 -0.563028 -0.7425 -0.403717 -0.102187 -0.31042 
976
0 0 0 0 
2.07389 6.7714 11.6401 16.3693 
0.724521 0.184225 0.0912216 0.058456 
980
0 0 0 0 
6.28832 2.1023 11.3844 11.7048 
0.193599 0.881928 0.0972833 0.0601913 
984
0 0 0 
4.89126 10.8734 15.5927 
0.219248 0.105586 0.0634553 
988
0 0 0 
5.12513 11.2831 14.6617 
0.230673 0.101695 0.0664884 
980
1 1 1 1 0 1 1 1 1 
6.711 10.1203 8.07254 13.1096 13.4228 17.9439 12.1798 1.88729 22.4018 
-0.268156 -0.149955 -0.905531 -0.575852 -0.75774 -0.107529 -0.423047 -0.971381 -0.31867 
984
1 1 1 0 1 1 1 0 
5.60822 11.5004 9.90282 14.4983 12.6759 15.3435 18.58 18.5695 
-0.283021 -0.153787 -0.59461 -0.779127 -0.421149 -0.104883 -0.319509 -0.581605 
988
1 1 1 0 1 0 1 
5.45088 10.8591 10.9859 12.754 16.244 10.3598 14.5079 
-0.306184 -0.161666 -0.614557 -0.794848 -0.433031 -0.807431 -0.109027 
992
1 1 1 1 0 1 1 0 
5.18327 9.39624 10.3932 15.6811 11.0131 13.2838 21.6226 16.8821 
-0.325731 -0.629018 -0.165463 -0.445997 -0.822377 -0.109144 -0.33896 -0.60363 
992
0 0 0 
4.99411 11.0149 15.3898 
0.245725 0.112898 0.0688644 
996
1 1 1 0 1 0 1 0 1 0 
4.90149 8.59711 7.97778 11.9044 11.7021 15.8588 12.6498 19.2213 16.857 15.1635 
-0.358459 -0.654259 -0.172944 -0.84019 -0.120087 -0.618349 -0.454834 -0.473832 -0.349479 -0.485888 
1000
0 0 0 
4.30737 7.94378 13.7692 
0.283131 0.125808 0.0754342 
1000
1 1 0 1 1 0 1 1 0 
4.56829 9.76662 15.0424 10.8951 15.5093 15.3063 12.7274 13.0708 19.75 
-0.382048 -0.182355 -0.86034 -0.672679 -0.46519 -0.62973 -0.119964 -0.352218 -0.493559 
1004
1 1 1 1 1 0 0 1 
3.97059 8.98952 11.0917 11.9436 12.3008 12.8036 18.135 17.6263 
-0.418775 -0.194033 -0.6995 -0.127768 -0.48025 -0.88335 -0.642054 -0.35445 
1008
1 1 1 1 1 0 1 
3.72624 8.34505 8.82569 12.6216 11.9105 17.2062 12.2975 
-0.461987 -0.205444 -0.730434 -0.506481 -0.134621 -0.66826 -0.381404 
1008
0 0 0 
3.56542 8.20855 12.6276 
0.344621 0.124133 0.0649438 
1012
0 0 0 
3.22948 7.78122 11.7781 
0.36626 0.119342 0.0619814 
1012
1 1 1 1 1 0 1 
3.18191 10.8301 8.00235 12.9981 13.2319 14.8326 20.0378 
-0.527908 -0.767503 -0.23059 -0.149097 -0.52306 -0.690625 -0.392865 
1016
1 1 1 1 1 0 1 
3.59568 7.40819 10.7824 15.0859 12.5886 16.2087 15.998 
-0.601163 -0.253297 -0.804733 -0.55019 -0.165941 -0.720719 -0.415646 
1016
0 0 0 0 
2.76602 13.2036 7.66416 11.3913 
0.389159 0.0483664 0.116743 0.0253838 
1020
0 0 0 0 
2.73768 8.30023 12.5147 19.3491 
0.425922 0.11254 0.0455963 0.018388 
1024
1 1 1 1 1 0 1 
2.44957 7.15833 7.91011 13.452 12.9114 12.539 16.3514 
-0.768195 -0.29417 -0.867516 -0.186587 -0.588971 -0.758247 -0.437668 
1024
0 0 
2.2529 7.18899 
0.495186 0.119345 
1028
1 1 1 1 1 1 0 1 
2.95883 6.25571 8.3973 12.239 10.6338 15.2997 14.5327 16.8575 
-0.873893 -0.305316 -0.896043 -0.191916 -0.603962 -0.447705 -0.772012 -0.143869 
1032
1 1 1 0 1 1 
6.96379 11.6188 12.1152 11.9436 16.8266 11.6866 
-0.326498 -0.194632 -0.612901 -0.783827 -0.453379 -0.13476 
1028
0 0 0 0 
1.79651 6.32267 11.5212 15.4888 
0.610715 0.134786 0.0505595 0.0276375 
1032
0 0 0 
6.67541 2.66906 16.685 
0.144755 0.635087 0.0314372 
1036
0 0 0 
5.56117 11.5871 11.0754 
0.158184 0.0651217 0.0360031 
1040
0 0 0 
5.22065 11.8713 16.2716 
0.169824 0.0661072 0.0362624 
1040
1 1 1 1 0 1 1 
5.71528 12.8596 10.6425 14.6864 15.9187 11.6394 13.4065 
-0.361711 -0.64556 -0.203207 -0.46949 -0.827169 -0.477324 -0.147742 
1044
0 0 0 
5.24787 10.6427 15.647 
0.181822 0.0703448 0.0420277 
1044
1 1 1 0 1 1 0 0 1 1 
4.91238 10.0881 11.7226 11.9955 15.7392 17.1495 16.0967 17.8414 23.494 16.6861 
-0.377365 -0.208126 -0.667762 -0.837407 -0.147003 -0.481998 -0.627952 -0.496003 -0.181788 -0.473536 
1048
0 0 0 
4.72874 9.18692 11.7117 
0.20014 0.0812687 0.0470652 
1048
1 1 1 0 1 1 1 0 
4.95091 10.5434 9.42668 14.4315 15.2246 17.5866 15.1229 16.3822 
-0.40456 -0.685619 -0.212727 -0.859028 -0.483362 -0.150782 -0.179412 -0.643816 
1052
0 0 0 0 
4.02467 10.1308 12.3464 19.0313 
0.212932 0.0839184 0.0542498 0.034934 
1052
1 1 1 0 0 1 1 
4.89946 11.7902 10.8463 13.8543 20.0327 20.7182 15.2426 
-0.437947 -0.698309 -0.232373 -0.881427 -0.655988 -0.383036 -0.494888 
1056
0 0 0 0 
3.85252 8.69525 10.1138 19.8911 
0.24845 0.0881681 0.0600093 0.0367404 
1060
1 1 1 1 1 0 1 1 
4.04634 7.69502 9.2595 15.0951 9.51904 16.1435 13.3367 11.1212 
-0.516649 -0.249766 -0.75309 -0.5205 -0.162602 -0.676893 -0.391263 -0.404453 
1060
0 0 0 0 
3.91461 8.88537 11.1833 19.5422 
0.264175 0.0892419 0.0595315 0.0385401 
1064
0 0 0 
3.41666 8.74223 10.9413 
0.290738 0.100888 0.069358 
1064
1 1 1 1 1 1 1 
3.84963 6.78748 11.0573 16.8218 12.6922 17.3538 19.9609 
-0.555394 -0.24216 -0.770553 -0.53104 -0.168258 -0.396387 -0.255444 
1068
0 0 0 
2.85522 7.93731 13.0756 
0.343301 0.116883 0.0462821 
1068
1 1 1 0 1 1 1 1 1 1 1 
3.67535 8.76904 10.7673 13.9918 11.6345 19.6686 16.0586 15.2376 14.8088 14.4352 13.8181 
-0.603636 -0.257309 -0.790333 -0.697171 -0.168117 -0.402249 -0.261027 -0.112458 -0.543082 -0.221829 -0.337863 
1072
1 1 1 0 1 1 1 1 1 1 1 
3.29816 7.96619 10.37 16.2575 13.2661 14.837 16.7356 17.0974 12.7651 12.6476 20.7654 
-0.667903 -0.267795 -0.810875 -0.710276 -0.161454 -0.209659 -0.249524 -0.402364 -0.547276 -0.329324 -0.183257 
1072
0 0 0 0 
2.62905 6.93507 25.1122 14.3278 
0.392707 0.128432 -0.00425908 0.0531065 
1076
0 0 0 0 0 
2.5437 6.44276 11.6311 22.0558 13.5875 
0.449293 0.133872 0.084897 0.00283799 0.0659605 
1080
1 1 1 1 1 0 1 1 1 1 
2.88091 10.8626 6.6241 12.3108 13.2442 14.9626 15.1261 16.9796 15.6558 19.26 
-0.823066 -0.855357 -0.284875 -0.163035 -0.563858 -0.735042 -0.410766 -0.184734 -0.217954 -0.339855 
1080
0 0 0 0 
1.89066 7.43309 11.9711 12.5636 
0.554595 0.151354 0.0941079 0.0655691 
1084
1 1 1 1 1 0 1 1 1 0 1 1 1 1 1 0 
7.12625 2.18199 10.0821 11.31 11.6845 10.149 13.9281 16.5967 17.5726 21.8626 16.2049 20.4277 20.6433 14.8051 18.5232 20.4772 
-0.297234 -0.945203 -0.883789 -0.163402 -0.57873 -0.758642 -0.420651 -0.257632 -0.296865 -0.535011 -0.226866 -0.185897 -0.147277 -0.121818 -0.345332 -0.560382 
1088
1 1 0 1 1 1 0 1 0 
5.87903 11.281 16.9588 11.8513 15.1117 17.0981 18.1057 21.9716 16.9204 
-0.327033 -0.597084 -0.762632 -0.177386 -0.434595 -0.266191 -0.550275 -0.229611 -0.575188 
1088
0 0 0 0 0 
6.43109 10.0184 15.8154 17.3583 17.2976 
0.170617 0.107305 0.0714104 0.00814467 0.123495 
1092
1 1 1 0 1 0 1 1 1 1 
5.34476 12.6894 10.3918 13.043 13.8683 14.4155 18.6984 18.2602 18.7172 14.204 
-0.339873 -0.614871 -0.180063 -0.78313 -0.442587 -0.567231 -0.273668 -0.358086 -0.239751 -0.367284 
1096
0 0 0 0 
5.15233 9.35223 14.2977 18.9802 
0.19028 0.106371 0.0723992 -0.00058693 
1096
1 1 1 0 1 1 1 1 1 1 1 0 
5.92989 9.05812 13.0165 12.0548 13.2832 16.3464 17.3929 19.5984 15.839 13.3338 16.7148 15.6505 
-0.367328 -0.191302 -0.634528 -0.817312 -0.445072 -0.243682 -0.278779 -0.377127 -0.346151 -0.318823 -0.20187 -0.0288069 
1100
1 1 1 0 1 0 1 1 1 1 1 1 1 1 0 
5.31671 9.84296 8.97841 12.8905 14.238 19.6246 19.62 21.1931 13.823 15.3218 16.0359 18.6766 12.7079 15.263 20.993 
-0.396135 -0.205875 -0.65575 -0.835573 -0.466019 -0.622215 -0.175073 -0.289761 -0.357886 -0.383748 -0.147449 -0.25396 -0.216477 -0.130886 -0.51047 
1104
0 0 0 0 
4.41616 9.23173 12.8599 18.6078 
0.212393 0.109306 0.0732883 0.00030086 
1104
1 1 1 1 0 0 1 1 1 1 0 1 1 0 0 
5.10978 8.72175 11.5885 12.024 17.2624 12.9314 13.345 12.7609 14.7582 18.8639 12.6088 17.8462 16.3251 18.7659 19.5277 
-0.440304 -0.213423 -0.680336 -0.267561 -0.636002 -0.852474 -0.393024 -0.483836 -0.29841 -0.258729 -0.856681 -0.221469 -0.138827 -0.521291 -0.602834 
1108
1 1 1 0 0 1 1 1 1 1 1 0 1 0 1 1 1 
5.16197 8.96209 11.7498 17.0061 15.6218 17.8263 17.9435 15.72 15.763 14.1224 18.2933 15.0119 16.5014 16.2553 13.1767 14.6647 13.7992 
-0.464136 -0.224574 -0.702853 -0.651075 -0.879284 -0.266512 -0.306821 -0.406643 -0.491614 -0.345885 -0.165904 -0.619643 -0.187049 -0.443423 -0.142582 -0.232598 -0.387273 
1112
0 0 0 0 0 
3.66754 8.92057 14.9325 15.3363 16.0932 
0.259824 0.11341 0.0751004 0.00242687 0.137977 
1112
1 1 1 0 1 0 1 1 1 1 1 0 0 1 1 
5.07881 8.33178 10.8664 14.0711 18.1473 16.5493 13.685 17.8275 15.5594 15.421 13.4606 17.1264 16.4691 15.5376 16.3729 
-0.502268 -0.237464 -0.723869 -0.891811 -0.230792 -0.666066 -0.50264 -0.189951 -0.163805 -0.414406 -0.272131 -0.0400532 -0.624594 -0.386622 -0.309261 
1116
1 1 1 1 1 0 0 1 1 0 1 1 
3.93836 8.75177 10.749 12.7467 15.075 15.8622 14.1113 12.8979 16.0136 15.7798 15.0929 14.5104 
-0.538735 -0.244179 -0.742935 -0.198866 -0.274975 -0.639246 -0.681055 -0.41954 -0.51564 -0.0407606 -0.320006 -0.391642 
1116
0 0 0 0 0 
3.03372 8.98563 14.5156 15.6497 14.9562 
0.280065 0.118739 0.0803262 -0.00140792 0.14476 
1120
1 1 1 1 1 1 1 1 0 0 1 1 1 1 0 
3.70877 9.61478 11.2058 14.3671 13.4855 12.3509 14.2976 17.7388 16.6884 18.1294 14.9897 15.4841 13.2732 14.8014 13.5581 
-0.587993 -0.250712 -0.76806 -0.281269 -0.526772 -0.439169 -0.410207 -0.331792 -0.649802 -0.686737 -0.17269 -0.198313 -0.236993 -0.368533 -0.037444 
1120
0 0 0 0 0 
3.07255 7.1076 12.1164 19.6226 11.854 
0.317483 0.135058 0.0763909 0.00525822 0.162824 
1124
0 0 0 
3.02502 7.77873 14.2619 
0.349186 0.137378 0.079679 
1124
1 1 1 1 1 1 1 0 0 1 1 1 1 1 0 
3.73546 11.1974 7.38957 14.4537 15.7352 14.9573 14.0344 16.5777 18.5343 15.6906 13.2043 17.9654 12.2058 13.8441 15.9933 
-0.6445 -0.797355 -0.260303 -0.447916 -0.202258 -0.418093 -0.543259 -0.665558 -0.702419 -0.290777 -0.242129 -0.33285 -0.388174 -0.175296 -0.038541 
1128
1 1 1 1 1 1 1 1 0 0 1 1 1 0 1 0 
3.78641 6.24416 9.52161 18.2689 12.3035 16.1332 13.9104 15.2392 12.7057 17.073 13.2944 11.1775 15.2182 13.8351 13.2695 17.172 
-0.724212 -0.285963 -0.819257 -0.209096 -0.554233 -0.300401 -0.421595 -0.384293 -0.718838 -0.676862 -0.160945 -0.348591 -0.25064 -0.578804 -0.177082 -0.0431347 
1132
1 1 1 0 1 1 1 1 1 1 1 1 1 0 0 
3.04015 8.42167 10.3264 14.5659 13.9118 12.0326 14.6689 11.9566 11.955 15.6322 13.5606 17.4784 9.35083 17.7322 14.5096 
-0.800945 -0.297114 -0.84972 -0.727039 -0.566088 -0.214547 -0.304338 -0.266001 -0.468018 -0.391386 -0.44103 -0.350806 -0.173192 -0.0432565 -0.152409 
1136
0 0 0 0 0 
1.74895 5.70366 13.24 15.1427 9.89894 
0.559767 0.157801 0.00837155 0.0941817 0.172254 
1140
0 0 0 0 
6.51619 10.8751 13.6461 9.91532 
0.172064 0.105529 0.00887355 0.180461 
1144
0 0 0 0 
5.62459 10.6651 15.0836 9.94362 
0.189273 0.10871 0.010664 0.184603 
1136
1 1 1 1 1 1 1 0 1 0 1 1 1 0 1 
2.82386 6.33043 11.2408 13.5145 13.8281 12.9303 15.1977 15.0485 12.2538 15.5389 11.9512 10.6271 13.8307 18.4318 13.3848 
-0.890807 -0.315908 -0.877071 -0.2186 -0.48334 -0.582094 -0.446399 -0.749284 -0.309071 -0.0436636 -0.17083 -0.354011 -0.407482 -0.70746 -0.266676 
1140
1 0 1 1 1 0 1 1 1 1 1 1 1 1 0 0 
6.8507 16.2864 6.20087 12.9516 15.8993 13.8944 12.9795 11.6018 14.0955 13.941 11.1265 13.8192 14.5294 13.7124 16.6964 14.7702 
-0.326683 -0.721194 -0.91433 -0.596897 -0.463927 -0.762495 -0.232337 -0.50056 -0.367907 -0.418874 -0.191312 -0.316548 -0.272901 -0.179173 -0.616709 -0.160372 
1148
0 0 0 0 
5.5021 13.4377 15.2212 9.16987 
0.18929 0.0997526 0.0117088 0.195413 
1148
1 1 1 0 0 1 1 1 1 1 0 1 1 0 1 1 
5.73032 11.7976 11.553 12.5888 15.5256 13.1734 14.0024 11.8785 14.2954 14.2599 15.984 7.66949 12.0941 14.7935 12.5828 11.9869 
-0.361534 -0.521039 -0.628383 -0.758505 -0.802472 -0.236931 -0.44506 -0.333882 -0.488882 -0.391894 -0.0473255 -0.194972 -0.243512 -0.167411 -0.28883 -0.20927 
1152
1 0 1 1 1 1 1 0 1 1 0 0 1 0 1 1 
5.69565 11.8191 12.3497 12.4254 13.9089 15.9245 12.1154 10.7812 9.43214 11.0831 16.9859 17.3012 13.4205 11.748 10.7989 14.5 
-0.39172 -0.83006 -0.248991 -0.34722 -0.403044 -0.504851 -0.654426 -0.823482 -0.1992 -0.455284 -0.172249 -0.774309 -0.296865 -0.0606357 -0.219607 -0.539058 
1156
0 0 0 0 
5.19109 10.5228 10.4508 13.2776 
0.219149 0.20501 0.112918 0.0141797 
1156
1 0 1 1 1 1 1 0 1 1 1 0 1 
5.03666 16.3526 10.7917 12.1536 13.6721 11.7711 9.79541 14.7576 14.1054 10.2463 11.6051 17.5236 10.2124 
-0.418577 -0.842551 -0.549966 -0.466238 -0.51406 -0.256984 -0.354616 -0.792158 -0.677053 -0.309247 -0.406086 -0.0612048 -0.203211 
1160
0 0 0 0 
4.33038 13.4648 11.3768 10.5104 
0.24546 0.0133091 0.112303 0.210801 
1164
1 1 1 1 1 0 0 1 1 1 1 1 1 0 0 
4.84341 11.6162 12.3338 10.7248 11.0774 10.6004 13.7022 11.2271 11.9129 11.8051 10.5927 10.6364 10.5264 15.5748 13.5861 
-0.46659 -0.482256 -0.315898 -0.267503 -0.698756 -0.819828 -0.8762 -0.376179 -0.435169 -0.57411 -0.527206 -0.330079 -0.217785 -0.173326 -0.0569835 
1164
0 0 0 0 
4.02516 10.6387 11.9111 7.83655 
0.263242 0.12402 0.0205835 0.233994 
1168
0 0 0 0 
4.12276 11.5969 10.7813 7.37829 
0.29482 0.135634 0.0393042 0.251247 
1168
1 1 1 1 1 1 0 1 0 0 1 1 0 0 1 1 1 0 
4.76072 11.0405 10.4426 10.0519 11.8064 10.3375 13.3745 11.749 14.3894 13.4755 9.58007 11.3192 16.15 17.546 8.45636 8.96155 11.6429 14.934 
-0.487138 -0.578262 -0.714276 -0.268031 -0.320763 -0.491898 -0.824356 -0.368906 -0.0405584 -0.887153 -0.543886 -0.432755 -0.166678 -0.699197 -0.211056 -0.222653 -0.230981 -0.569124 
1172
1 1 1 1 1 0 0 1 1 1 1 1 1 0 0 0 
4.38498 10.7421 11.4091 5.80517 13.4626 12.1661 12.0231 9.833 12.1897 11.3554 10.7821 8.59077 9.39875 14.6192 12.8746 14.3306 
-0.53218 -0.274432 -0.547733 -0.74315 -0.603047 -0.895123 -0.843727 -0.505094 -0.436969 -0.326307 -0.375719 -0.496502 -0.211875 -0.165186 -0.0391443 -0.710954 
1172
0 0 0 0 0 
3.28973 8.56094 13.122 9.06985 8.04447 
0.350337 0.160559 0.0412474 0.266872 0.142446 
1176
0 0 0 0 
3.28147 11.7112 9.26933 8.41722 
0.375898 0.043683 0.166996 0.279546 
1180
1 1 1 1 0 1 1 1 1 1 0 1 0 0 1 0 
3.74933 11.1147 9.67432 8.47279 13.8903 10.7891 10.7731 10.4414 10.0126 7.78087 13.9051 11.3972 15.9459 13.033 10.642 17.3804 
-0.640747 -0.779793 -0.406867 -0.580878 -0.886151 -0.283153 -0.341084 -0.643099 -0.523169 -0.23052 -0.745519 -0.475204 -0.0415926 -0.180373 -0.257145 -0.325303 
1184
1 1 1 1 1 1 1 1 1 1 0 0 0 0 1 0 
3.62911 9.80049 9.99428 9.45952 10.6286 11.2645 9.61563 8.7255 10.1905 8.85771 14.5913 16.4418 10.7805 10.0212 9.18 14.3016 
-0.690477 -0.300527 -0.359667 -0.801692 -0.669246 -0.483667 -0.425108 -0.559627 -0.606644 -0.237884 -0.190623 -0.763296 -0.0490038 -0.907694 -0.274108 -0.341084 
1184
0 0 0 0 
2.49609 6.8139 8.59837 8.18645 
0.470558 0.304875 0.170699 0.0425832 
1188
1 1 1 1 1 1 1 1 1 0 0 1 0 1 
2.86456 8.76474 10.1272 10.2811 9.84029 9.70356 10.6178 11.5943 12.7405 11.8851 12.7097 7.82418 14.6356 7.65602 
-0.768898 -0.322099 -0.689671 -0.832696 -0.568086 -0.372098 -0.632638 -0.508587 -0.446632 -0.0545698 -0.197026 -0.252062 -0.346366 -0.274449 
1192
0 0 0 0 
1.74688 7.90639 10.465 6.52145 
0.643975 0.180217 0.0381876 0.328971 
1196
0 0 0 0 
8.14772 7.54384 6.37667 1.09998 
0.184284 0.0413784 0.351949 0.774262 
1192
1 1 1 1 1 0 1 1 1 1 0 1 0 0 1 0 
3.20699 10.6047 10.6269 9.60684 9.44684 11.8071 6.98394 8.92513 9.99913 9.15863 11.7446 9.99537 13.1529 11.4454 7.85307 14.8209 
-0.866244 -0.711812 -0.863663 -0.590768 -0.51677 -0.0588863 -0.259447 -0.395776 -0.457203 -0.325551 -0.197251 -0.652094 -0.805162 -0.35339 -0.292381 -0.506268 
1196
1 1 1 1 1 1 1 1 0 1 0 0 1 0 0 
8.72271 8.08185 9.35442 8.27028 10.3326 10.5991 8.58981 10.5162 12.5342 8.36181 13.281 12.7749 6.78564 11.7922 11.837 
-0.404498 -0.899088 -0.679216 -0.73757 -0.605318 -0.540994 -0.343047 -0.468199 -0.820001 -0.284044 -0.20511 -0.0559095 -0.298972 -0.666095 -0.52493 
1200
1 1 1 1 0 0 1 1 1 1 0 0 0 0 1 0 
9.90274 10.557 11.063 8.72007 16.4358 10.4286 7.54735 9.07692 8.66194 6.86727 11.6289 12.0478 14.0351 14.2696 8.73218 11.0005 
-0.487156 -0.5594 -0.702501 -0.764305 -0.542264 -0.0586236 -0.296884 -0.426525 -0.62943 -0.322204 -0.838149 -0.680441 -0.217842 -0.84811 -0.357866 -0.380201 
1204
0 0 0 
6.19359 7.05206 5.81106 
0.212308 0.0469401 0.392189 
1204
1 1 1 1 1 1 0 1 0 0 0 0 1 1 1 0 
8.92929 8.95666 8.9109 9.49044 9.63642 7.47238 11.6756 7.84287 9.31668 11.7724 16.3536 11.9832 6.10133 6.37625 8.15316 16.1321 
-0.509386 -0.795828 -0.43823 -0.581904 -0.729257 -0.657211 -0.863018 -0.373597 -0.0552378 -0.695987 -0.218565 -0.556781 -0.346027 -0.310653 -0.34363 -0.391928 
1208
0 0 0 
7.8328 6.64962 10.3363 
0.205882 0.402893 0.0499528 
1208
1 1 1 1 1 1 1 1 1 0 0 0 1 0 0 0 
6.96726 8.2188 7.03764 9.01172 9.332 9.60975 5.94367 8.21789 7.16971 13.84 11.5788 10.9244 6.6882 14.5366 11.9819 11.6538 
-0.692334 -0.609617 -0.325977 -0.463642 -0.52948 -0.822235 -0.361638 -0.751356 -0.395452 -0.880098 -0.0601178 -0.234311 -0.360654 -0.567552 -0.402851 -0.7157 
1212
0 0 0 
6.07638 9.79881 5.72826 
0.226671 0.0530941 0.435331 
1216
1 1 1 1 1 1 1 1 0 0 0 0 1 0 1 
7.60347 8.5365 4.9222 7.74708 10.0688 8.30365 6.30143 8.07675 13.321 10.7258 13.9264 11.6645 7.58481 14.9875 5.96602 
-0.49827 -0.570505 -0.412769 -0.653512 -0.734034 -0.893496 -0.364592 -0.810566 -0.754365 -0.0637669 -0.427588 -0.240223 -0.432195 -0.597087 -0.391897 
1220
1 1 1 0 1 1 1 1 1 0 0 0 0 1 
6.96013 6.96508 9.15779 10.7632 5.01563 9.09349 6.61163 7.81113 5.64127 13.4201 11.8764 11.0717 11.445 6.60276 
-0.677958 -0.525718 -0.843612 -0.0732386 -0.441167 -0.763498 -0.456602 -0.597758 -0.392117 -0.617163 -0.772523 -0.438364 -0.253652 -0.422367 
1216
0 0 0 
5.59709 6.43556 8.42693 
0.461485 0.233728 0.0549866 
1224
0 0 0 
4.63285 5.92684 7.69288 
0.529822 0.255124 0.0636977 
1224
0 1 1 1 1 1 1 1 1 0 0 1 0 0 
10.0988 7.43191 4.65876 8.62428 8.34939 6.9897 8.00736 6.27977 5.96416 10.9138 11.6719 7.2602 11.0443 8.89368 
-0.0775363 -0.878763 -0.480188 -0.713304 -0.791956 -0.549547 -0.621773 -0.443279 -0.419448 -0.256857 -0.446454 -0.479902 -0.788844 -0.624627 
1228
1 1 1 0 1 1 1 0 0 0 1 0 1 
4.32293 5.28552 7.1975 9.1033 7.20076 7.56414 6.85192 10.19 9.32084 10.1099 6.79874 11.2244 6.70031 
-0.515228 -0.447801 -0.827608 -0.0828556 -0.654984 -0.738073 -0.578424 -0.467195 -0.272787 -0.828151 -0.502384 -0.649531 -0.465717 
1228
0 0 0 
5.86441 6.55126 3.95461 
0.267819 0.0656073 0.580031 
1232
0 0 0 
4.36092 5.25835 7.98818 
0.617889 0.282252 0.0585139 
1236
0 0 0 
3.89584 7.26299 4.95655 
0.67147 0.0614705 0.298336 
1240
0 0 0 
3.2907 4.72674 6.7856 
0.742985 0.317289 0.0646373 
1236
1 1 1 0 1 1 1 0 1 0 0 0 1 
7.08035 3.9951 7.36929 6.98774 4.57256 6.65502 5.69529 13.0905 4.9293 8.94228