0
0
0
-0.00082379
0.00800061 -2.68385e-11 1.2769e-14 -2.68385e-11 0.00900061 -9.84301e-12 1.2769e-14 -9.84301e-12 1.24978e-06 
1
0
0
-0.000627523
0.0150026 2.03129e-08 -1.5767e-11 2.03129e-08 0.0170026 -6.4445e-09 -1.5767e-11 -6.4445e-09 1.03722e-06 
2
0
0
-6.16086e-05
0.0220062 5.0868e-08 -3.60361e-11 5.0868e-08 0.0250061 -1.73321e-08 -3.60361e-11 -1.73321e-08 1.03685e-06 
3
0
0
-0.00112151
0.0290117 5.37e-08 -4.91915e-11 5.37e-08 0.0330113 -3.11429e-08 -4.91915e-11 -3.11429e-08 1.03711e-06 
4
0
0
-0.000125634
0.036019 1.62671e-07 -7.02564e-11 1.62671e-07 0.0410185 -4.77303e-08 -7.02564e-11 -4.77303e-08 1.03672e-06 
5
0
0
0.000328981
0.043028 1.73431e-07 -6.45995e-11 1.73431e-07 0.0490275 -6.68738e-08 -6.45995e-11 -6.68738e-08 1.03632e-06 
6
0
0
2.75614e-05
0.0500387 1.17038e-07 -4.70898e-11 1.17038e-07 0.0570384 -8.82258e-08 -4.70898e-11 -8.82258e-08 1.03601e-06 
7
0
-0.0585777
-0.000249394
0.0570507 1.02809e-07 -2.86332e-11 1.02809e-07 0.0650513 -1.11401e-07 -2.86332e-11 -1.11401e-07 1.03577e-06 
8
0
-0.0749606
0.000715913
0.0640641 1.40774e-07 -6.28344e-13 1.40774e-07 0.0730661 -1.36016e-07 -6.28344e-13 -1.36016e-07 1.03559e-06 
9
0
-0.0928567
-0.000739082
0.0710785 -3.48997e-08 6.88613e-11 -3.48997e-08 0.0810826 -1.61707e-07 6.88613e-11 -1.61707e-07 1.03545e-06 
10
0
-0.112843
-0.00041444
0.0780938 1.32819e-07 9.82274e-11 1.32819e-07 0.0891008 -1.88136e-07 9.82274e-11 -1.88136e-07 1.03535e-06 
11
0
-0.134497
0.000188267
0.0851099 2.27188e-07 1.72988e-10 2.27188e-07 0.0971206 -2.14999e-07 1.72988e-10 -2.14999e-07 1.03528e-06 
12
0
-0.157227
-0.00055569
0.0921267 1.48489e-07 2.77386e-10 1.48489e-07 0.105142 -2.42025e-07 2.77386e-10 -2.42025e-07 1.03523e-06 
13
0
-0.181253
-0.000716125
0.099144 3.04832e-07 3.54942e-10 3.04832e-07 0.113165 -2.68982e-07 3.54942e-10 -2.68982e-07 1.03519e-06 
14
0
-0.206913
-0.000538557
0.106162 5.29232e-07 4.50312e-10 5.29232e-07 0.121188 -2.95664e-07 4.50312e-10 -2.95664e-07 1.03517e-06 
15
0
-0.233525
-0.000501491
0.11318 7.02932e-07 5.68981e-10 7.02932e-07 0.129214 -3.21902e-07 5.68981e-10 -3.21902e-07 1.03515e-06 
16
0
-0.261225
0.000490748
0.120198 8.73487e-07 6.93995e-10 8.73487e-07 0.13724 -3.47556e-07 6.93995e-10 -3.47556e-07 1.03515e-06 
17
0
-0.289508
0.000271822
0.127217 6.32141e-07 8.64691e-10 6.32141e-07 0.145267 -3.72515e-07 8.64691e-10 -3.72515e-07 1.03514e-06 
18
0
-0.318761
-0.000237168
0.134236 4.75612e-07 1.00667e-09 4.75612e-07 0.153294 -3.9669e-07 1.00667e-09 -3.9669e-07 1.03514e-06 
19
0
-0.349029
-0.000366426
0.141255 5.53345e-07 1.13459e-09 5.53345e-07 0.161323 -4.20017e-07 1.13459e-09 -4.20017e-07 1.03514e-06 
20
0
-0.380066
0.000483346
0.148274 7.00659e-07 1.27687e-09 7.00659e-07 0.169352 -4.4245e-07 1.27687e-09 -4.4245e-07 1.03515e-06 
21
0
-0.411248
-0.000305849
0.155293 4.08197e-07 1.46791e-09 4.08197e-07 0.177382 -4.63954e-07 1.46791e-09 -4.63954e-07 1.03515e-06 
22
0
-0.443381
0.000411078
0.162313 5.3835e-07 1.60259e-09 5.3835e-07 0.185412 -4.84514e-07 1.60259e-09 -4.84514e-07 1.03515e-06 
23
0
-0.475309
3.61586e-05
0.169332 2.61211e-07 1.79348e-09 2.61211e-07 0.193443 -5.04126e-07 1.79348e-09 -5.04126e-07 1.03516e-06 
24
0
-0.507385
-0.000870757
0.176352 1.98855e-07 1.94955e-09 1.98855e-07 0.201475 -5.22791e-07 1.94955e-09 -5.22791e-07 1.03517e-06 
25
0
-0.540768
-0.000316753
0.183371 7.04559e-07 2.07072e-09 7.04559e-07 0.209506 -5.40522e-07 2.07072e-09 -5.40522e-07 1.03517e-06 
26
0
-0.574299
-0.000191494
0.190391 8.6966e-07 2.25223e-09 8.6966e-07 0.217538 -5.57339e-07 2.25223e-09 -5.57339e-07 1.03518e-06 
27
0
-0.608026
0.00018128
0.197411 9.57192e-07 2.42975e-09 9.57192e-07 0.22557 -5.73263e-07 2.42975e-09 -5.73263e-07 1.03518e-06 
28
0
-0.64187
-0.000150516
0.20443 7.86585e-07 2.62097e-09 7.86585e-07 0.233603 -5.8832e-07 2.62097e-09 -5.8832e-07 1.03519e-06 
29
0
-0.675698
-5.26002e-05
0.21145 8.52926e-07 2.78349e-09 8.52926e-07 0.241636 -6.02542e-07 2.78349e-09 -6.02542e-07 1.03519e-06 
30
0
-0.709948
-0.0004551
0.21847 8.48762e-07 2.95865e-09 8.48762e-07 0.249669 -6.15962e-07 2.95865e-09 -6.15962e-07 1.03519e-06 
31
0
-0.74449
-0.000535564
0.22549 1.15954e-06 3.11272e-09 1.15954e-06 0.257702 -6.28609e-07 3.11272e-09 -6.28609e-07 1.0352e-06 
32
0
-0.779096
0.000501279
0.23251 1.54633e-06 3.27578e-09 1.54633e-06 0.265735 -6.40517e-07 3.27578e-09 -6.40517e-07 1.0352e-06 
33
0
-0.813388
0.000758993
0.23953 1.08509e-06 3.49778e-09 1.08509e-06 0.273769 -6.51715e-07 3.49778e-09 -6.51715e-07 1.0352e-06 
34
0
-0.847698
0.000158861
0.24655 3.90241e-07 3.70009e-09 3.90241e-07 0.281802 -6.62246e-07 3.70009e-09 -6.62246e-07 1.03521e-06 
35
0
-0.883031
0.000600431
0.253569 2.04837e-07 3.85616e-09 2.04837e-07 0.289836 -6.72139e-07 3.85616e-09 -6.72139e-07 1.03521e-06 
36
0
-0.916944
-0.000929472
0.260589 -3.85218e-07 4.05558e-09 -3.85218e-07 0.29787 -6.81428e-07 4.05558e-09 -6.81428e-07 1.03521e-06 
37
0
-0.952484
-8.02233e-05
0.267609 4.35307e-07 4.15612e-09 4.35307e-07 0.305903 -6.90142e-07 4.15612e-09 -6.90142e-07 1.03521e-06 
38
0
-0.987592
-9.59081e-05
0.274629 4.66142e-07 4.35396e-09 4.66142e-07 0.313937 -6.98314e-07 4.35396e-09 -6.98314e-07 1.03521e-06 
39
0
-1.02215
-0.000201902
0.281649 5.1429e-07 4.53087e-09 5.1429e-07 0.321971 -7.05977e-07 4.53087e-09 -7.05977e-07 1.03522e-06 
40
0
-1.05755
-2.97905e-06
0.288669 6.71597e-07 4.6964e-09 6.71597e-07 0.330005 -7.13156e-07 4.6964e-09 -7.13156e-07 1.03522e-06 
41
0
-1.0927
8.34446e-06
0.295689 6.28322e-07 4.87818e-09 6.28322e-07 0.33804 -7.1988e-07 4.87818e-09 -7.1988e-07 1.03522e-06 
42
0
-1.12809
-0.000218442
0.302709 5.73025e-07 5.05368e-09 5.73025e-07 0.346074 -7.26176e-07 5.05368e-09 -7.26176e-07 1.03522e-06 
43
0
-1.1639
0.000419509
0.309729 7.63296e-07 5.21572e-09 7.63296e-07 0.354108 -7.32067e-07 5.21572e-09 -7.32067e-07 1.03522e-06 
44
0
-1.19945
0.000292411
0.316749 2.51184e-07 5.42128e-09 2.51184e-07 0.362142 -7.37578e-07 5.42128e-09 -7.37578e-07 1.03522e-06 
45
0
-1.23475
0.00016772
0.323769 -1.27405e-07 5.5993e-09 -1.27405e-07 0.370177 -7.42731e-07 5.5993e-09 -7.42731e-07 1.03522e-06 
46
0
-1.26951
-0.000340066
0.330789 -3.68818e-07 5.76935e-09 -3.68818e-07 0.378211 -7.47554e-07 5.76935e-09 -7.47554e-07 1.03522e-06 
47
0
-1.30476
-0.000372118
0.337809 -1.25202e-08 5.91229e-09 -1.25202e-08 0.386245 -7.52062e-07 5.91229e-09 -7.52062e-07 1.03522e-06 
48
0
-1.34031
-0.000364627
0.344829 3.91153e-07 6.07164e-09 3.91153e-07 0.39428 -7.56274e-07 6.07164e-09 -7.56274e-07 1.03522e-06 
49
0
-1.37433
-0.00177294
0.351849 7.94955e-07 6.23657e-09 7.94955e-07 0.402314 -7.60211e-07 6.23657e-09 -7.60211e-07 1.03522e-06 
50
0
-1.40996
-0.000677992
0.358869 2.98482e-06 6.31708e-09 2.98482e-06 0.410349 -7.63887e-07 6.31708e-09 -7.63887e-07 1.03522e-06 
51
0
-1.44569
-0.000417387
0.365889 3.81036e-06 6.51009e-09 3.81036e-06 0.418383 -7.67322e-07 6.51009e-09 -7.67322e-07 1.03522e-06 
52
0
-1.48236
0.000495073
0.372909 4.31106e-06 6.69198e-09 4.31106e-06 0.426418 -7.70529e-07 6.69198e-09 -7.70529e-07 1.03522e-06 
53
0
-1.51743
-0.000342829
0.379929 3.60167e-06 6.91606e-09 3.60167e-06 0.434452 -7.73524e-07 6.91606e-09 -7.73524e-07 1.03522e-06 
54
0
-1.55248
-0.000371679
0.386949 4.02187e-06 7.0552e-09 4.02187e-06 0.442487 -7.7632e-07 7.0552e-09 -7.7632e-07 1.03522e-06 
55
0
-1.5891
0.000509152
0.393969 4.49078e-06 7.21286e-09 4.49078e-06 0.450521 -7.78929e-07 7.21286e-09 -7.78929e-07 1.03522e-06 
56
0
-1.62421
0.000547239
0.400989 3.72371e-06 7.43085e-09 3.72371e-06 0.458556 -7.81364e-07 7.43085e-09 -7.81364e-07 1.03522e-06 
57
0
-1.65934
0.000169155
0.408009 2.8889e-06 7.61786e-09 2.8889e-06 0.46659 -7.83634e-07 7.61786e-09 -7.83634e-07 1.03523e-06 
58
0
-1.6941
-0.000166795
0.415029 2.59392e-06 7.77608e-09 2.59392e-06 0.474625 -7.85754e-07 7.77608e-09 -7.85754e-07 1.03523e-06 
59
0
-1.7297
-0.000460979
0.422049 2.79515e-06 7.92424e-09 2.79515e-06 0.482659 -7.87729e-07 7.92424e-09 -7.87729e-07 1.03523e-06 
60
0
-1.7647
-0.000612396
0.429069 3.44637e-06 8.07125e-09 3.44637e-06 0.490694 -7.89573e-07 8.07125e-09 -7.89573e-07 1.03523e-06 
61
0
-1.80046
0.00010131
0.436089 4.34253e-06 8.21939e-09 4.34253e-06 0.498728 -7.91293e-07 8.21939e-09 -7.91293e-07 1.03523e-06 
62
0
-1.8358
-0.000292146
0.443109 4.13653e-06 8.41771e-09 4.13653e-06 0.506763 -7.92895e-07 8.41771e-09 -7.92895e-07 1.03523e-06 
63
0
-1.87134
-0.000406585
0.450129 4.5541e-06 8.57052e-09 4.5541e-06 0.514798 -7.94391e-07 8.57052e-09 -7.94391e-07 1.03523e-06 
64
0
-1.90658
-0.000363522
0.457149 5.16408e-06 8.72618e-09 5.16408e-06 0.522832 -7.95786e-07 8.72618e-09 -7.95786e-07 1.03523e-06 
65
0
-1.9426
0.000186676
0.464169 5.71364e-06 8.8884e-09 5.71364e-06 0.530867 -7.97087e-07 8.8884e-09 -7.97087e-07 1.03523e-06 
66
0
-1.97833
0.000156777
0.471189 5.35497e-06 9.08441e-09 5.35497e-06 0.538901 -7.98297e-07 9.08441e-09 -7.98297e-07 1.03523e-06 
67
0
-2.01323
-6.12718e-05
0.478209 5.04217e-06 9.26e-09 5.04217e-06 0.546936 -7.99426e-07 9.26e-09 -7.99426e-07 1.03523e-06 
68
0
-2.04877
-0.000338535
0.485229 5.10005e-06 9.41727e-09 5.10005e-06 0.554971 -8.00479e-07 9.41727e-09 -8.00479e-07 1.03523e-06 
69
0
-2.08499
0.000286566
0.492249 5.64289e-06 9.56716e-09 5.64289e-06 0.563005 -8.01461e-07 9.56716e-09 -8.01461e-07 1.03523e-06 
70
0
-2.12111
0.00037275
0.499269 5.08853e-06 9.76571e-09 5.08853e-06 0.57104 -8.02375e-07 9.76571e-09 -8.02375e-07 1.03523e-06 
71
0
-2.15637
0.00048657
0.506289 4.37226e-06 9.95064e-09 4.37226e-06 0.579075 -8.03227e-07 9.95064e-09 -8.03227e-07 1.03523e-06 
72
0
-2.19043
-0.000777882
0.513309 3.43942e-06 1.01322e-08 3.43942e-06 0.587109 -8.04021e-07 1.01322e-08 -8.04021e-07 1.03523e-06 
73
0
-2.22658
6.31428e-05
0.520329 4.8272e-06 1.0231e-08 4.8272e-06 0.595144 -8.04764e-07 1.0231e-08 -8.04764e-07 1.03523e-06 
74
0
-2.26266
0.000294038
0.527349 4.66161e-06 1.04252e-08 4.66161e-06 0.603178 -8.05452e-07 1.04252e-08 -8.05452e-07 1.03523e-06 
75
0
-2.29855
0.000567919
0.534369 4.05671e-06 1.06133e-08 4.05671e-06 0.611213 -8.06096e-07 1.06133e-08 -8.06096e-07 1.03523e-06 
76
0
-2.33383
-1.29327e-05
0.541389 2.91818e-06 1.08052e-08 2.91818e-06 0.619248 -8.06693e-07 1.08052e-08 -8.06693e-07 1.03523e-06 
77
0
-2.36883
7.94713e-05
0.548409 2.89587e-06 1.09502e-08 2.89587e-06 0.627282 -8.07253e-07 1.09502e-08 -8.07253e-07 1.03523e-06 
78
0
-2.40371
-0.000212023
0.555429 2.69167e-06 1.11155e-08 2.69167e-06 0.635317 -8.07774e-07 1.11155e-08 -8.07774e-07 1.03523e-06 
79
0
-2.43938
-0.000445581
0.562449 3.06763e-06 1.1263e-08 3.06763e-06 0.643352 -8.08257e-07 1.1263e-08 -8.08257e-07 1.03523e-06 
80
0
-2.47609
0.000383907
0.569469 3.92135e-06 1.14097e-08 3.92135e-06 0.651386 -8.0871e-07 1.14097e-08 -8.0871e-07 1.03523e-06 
81
0
-2.51109
-9.96803e-05
0.576489 3.08759e-06 1.16177e-08 3.08759e-06 0.659421 -8.09127e-07 1.16177e-08 -8.09127e-07 1.03523e-06 
82
0
-2.54593
-0.000993276
0.583509 3.24676e-06 1.17667e-08 3.24676e-06 0.667456 -8.09518e-07 1.17667e-08 -8.09518e-07 1.03523e-06 
83
0
-2.58186
-0.000318847
0.590529 5.28383e-06 1.1874e-08 5.28383e-06 0.67549 -8.09882e-07 1.1874e-08 -8.09882e-07 1.03523e-06 
84
0
-2.61774
-0.000331376
0.597549 5.91354e-06 1.20552e-08 5.91354e-06 0.683525 -8.10219e-07 1.20552e-08 -8.10219e-07 1.03523e-06 
85
0
-2.6534
0.000569224
0.604569 6.57828e-06 1.222e-08 6.57828e-06 0.69156 -8.10532e-07 1.222e-08 -8.10532e-07 1.03523e-06 
86
0
-2.68878
-0.000388026
0.611589 5.29281e-06 1.24333e-08 5.29281e-06 0.699594 -8.10824e-07 1.24333e-08 -8.10824e-07 1.03523e-06 
87
0
-2.72379
-0.00123563
0.618609 6.09903e-06 1.25608e-08 6.09903e-06 0.707629 -8.111e-07 1.25608e-08 -8.111e-07 1.03523e-06 
88
0
-2.76041
0.000644709
0.625629 8.80145e-06 1.26639e-08 8.80145e-06 0.715664 -8.11352e-07 1.26639e-08 -8.11352e-07 1.03523e-06 
89
0
-2.79469
-0.000534984
0.632649 7.30273e-06 1.29132e-08 7.30273e-06 0.723698 -8.11588e-07 1.29132e-08 -8.11588e-07 1.03523e-06 
90
0
-2.83029
-0.000423666
0.639669 8.473e-06 1.30313e-08 8.473e-06 0.731733 -8.11809e-07 1.30313e-08 -8.11809e-07 1.03523e-06 
91
0
-2.86679
0.000403909
0.646689 9.4006e-06 1.31883e-08 9.4006e-06 0.739768 -8.12014e-07 1.31883e-08 -8.12014e-07 1.03523e-06 
92
0
-2.90192
7.818e-05
0.653709 8.41319e-06 1.33985e-08 8.41319e-06 0.747802 -8.12204e-07 1.33985e-08 -8.12204e-07 1.03523e-06 
93
0
-2.93756
5.72499e-05
0.660729 8.18178e-06 1.35586e-08 8.18178e-06 0.755837 -8.12381e-07 1.35586e-08 -8.12381e-07 1.03523e-06 
94
0
-2.9735
0.000221215
0.667749 7.99815e-06 1.37245e-08 7.99815e-06 0.763872 -8.12546e-07 1.37245e-08 -8.12546e-07 1.03523e-06 
95
0
-3.00889
-0.000396208
0.674769 7.41905e-06 1.39027e-08 7.41905e-06 0.771906 -8.12698e-07 1.39027e-08 -8.12698e-07 1.03523e-06 
96
0
-3.0451
0.000223709
0.681789 8.33372e-06 1.40383e-08 8.33372e-06 0.779941 -8.12842e-07 1.40383e-08 -8.12842e-07 1.03523e-06 
97
0
-3.07977
0.000287689
0.688809 7.73727e-06 1.42315e-08 7.73727e-06 0.787976 -8.12968e-07 1.42315e-08 -8.12968e-07 1.03523e-06 
98
0
-3.11306
0.000264146
0.695829 6.97653e-06 1.44058e-08 6.97653e-06 0.79601 -8.13097e-07 1.44058e-08 -8.13097e-07 1.03523e-06 
99
0
-3.14649
-0.0019532
0.702849 6.26746e-06 1.4567e-08 6.26746e-06 0.804045 -8.13223e-07 1.4567e-08 -8.13223e-07 1.03523e-06 
100
0.0503402
-3.18485
-0.00118451
0.709869 1.11614e-05 1.46002e-08 1.11614e-05 0.81208 -8.13322e-07 1.46002e-08 -8.13322e-07 1.03523e-06 
101
0
-3.22304
0.00146779
0.716889 1.41407e-05 1.47696e-08 1.41407e-05 0.820114 -8.13406e-07 1.47696e-08 -8.13406e-07 1.03523e-06 
102
0
-3.25724
0.000757907
0.723909 1.03053e-05 1.50821e-08 1.03053e-05 0.828149 -8.13504e-07 1.50821e-08 -8.13504e-07 1.03523e-06 
103
0
-3.29173
0.000455488
0.730929 8.28267e-06 1.52501e-08 8.28267e-06 0.836184 -8.13599e-07 1.52501e-08 -8.13599e-07 1.03523e-06 
104
0
-3.32723
-0.000617749
0.737949 7.03663e-06 1.54064e-08 7.03663e-06 0.844218 -8.1368e-07 1.54064e-08 -8.1368e-07 1.03523e-06 
105
0.0512215
-3.36335
0.000206857
0.744969 8.63036e-06 1.55154e-08 8.63036e-06 0.852253 -8.1375e-07 1.55154e-08 -8.1375e-07 1.03523e-06 
106
0.0518902
-3.39881
0.000434848
0.751989 8.02804e-06 1.57115e-08 8.02804e-06 0.860288 -8.13814e-07 1.57115e-08 -8.13814e-07 1.03523e-06 
107
0.0518602
-3.4326
-0.000987715
0.759009 6.8032e-06 1.58981e-08 6.8032e-06 0.868322 -8.13876e-07 1.58981e-08 -8.13876e-07 1.03523e-06 
108
0.0522556
-3.46892
-3.58694e-05
0.766029 9.45501e-06 1.5985e-08 9.45501e-06 0.876357 -8.13937e-07 1.5985e-08 -8.13937e-07 1.03523e-06 
109
0.0534826
-3.50389
-0.000850086
0.773049 9.50643e-06 1.61796e-08 9.50643e-06 0.884392 -8.13993e-07 1.61796e-08 -8.13993e-07 1.03523e-06 
110
0.0548476
-3.54032
8.64e-05
0.780069 1.18252e-05 1.63008e-08 1.18252e-05 0.892426 -8.14041e-07 1.63008e-08 -8.14041e-07 1.03523e-06 
111
0.0545649
-3.5765
0.000612522
0.787089 1.1535e-05 1.65036e-08 1.1535e-05 0.900461 -8.14085e-07 1.65036e-08 -8.14085e-07 1.03523e-06 
112
0.0539915
-3.61094
-0.00019634
0.794109 9.75146e-06 1.67101e-08 9.75146e-06 0.908496 -8.14131e-07 1.67101e-08 -8.14131e-07 1.03523e-06 
113
0.0546677
-3.64602
-0.000692701
0.801129 1.02655e-05 1.68414e-08 1.02655e-05 0.91653 -8.14178e-07 1.68414e-08 -8.14178e-07 1.03523e-06 
114
0.0561485
-3.68192
-0.000478549
0.808149 1.22165e-05 1.69679e-08 1.22165e-05 0.924565 -8.14215e-07 1.69679e-08 -8.14215e-07 1.03523e-06 
115
0.0570279
-3.71775
0.000463811
0.815169 1.35618e-05 1.71303e-08 1.35618e-05 0.9326 -8.14246e-07 1.71303e-08 -8.14246e-07 1.03523e-06 
116
0.0562358
-3.75246
-0.000210691
0.822189 1.21526e-05 1.7344e-08 1.21526e-05 0.940634 -8.14276e-07 1.7344e-08 -8.14276e-07 1.03523e-06 
117
0.0563606
-3.78754
-0.000435862
0.829209 1.27291e-05 1.74834e-08 1.27291e-05 0.948669 -8.14312e-07 1.74834e-08 -8.14312e-07 1.03523e-06 
118
0.0569092
-3.82406
0.000130587
0.836229 1.39833e-05 1.76269e-08 1.39833e-05 0.956704 -8.14342e-07 1.76269e-08 -8.14342e-07 1.03523e-06 
119
0.0575497
-3.85946
-0.000415698
0.843249 1.35425e-05 1.78191e-08 1.35425e-05 0.964738 -8.14368e-07 1.78191e-08 -8.14368e-07 1.03523e-06 
120
0.0577442
-3.89517
3.3355e-05
0.850269 1.47576e-05 1.79599e-08 1.47576e-05 0.972773 -8.14391e-07 1.79599e-08 -8.14391e-07 1.03523e-06 
121
0.0574602
-3.9315
0.000502788
0.857289 1.4608e-05 1.8142e-08 1.4608e-05 0.980808 -8.14415e-07 1.8142e-08 -8.14415e-07 1.03523e-06 
122
0.0585237
-3.9665
-0.000259272
0.864309 1.30079e-05 1.83417e-08 1.30079e-05 0.988842 -8.14439e-07 1.83417e-08 -8.14439e-07 1.03523e-06 
123
0.0592375
-4.00239
-0.000289452
0.871329 1.37677e-05 1.84752e-08 1.37677e-05 0.996877 -8.14456e-07 1.84752e-08 -8.14456e-07 1.03523e-06 
124
0.0596602
-4.03798
-9.7033e-05
0.878349 1.46288e-05 1.86313e-08 1.46288e-05 1.00491 -8.14472e-07 1.86313e-08 -8.14472e-07 1.03523e-06 
125
0.0594884
-4.07358
0.000400733
0.885369 1.48883e-05 1.88026e-08 1.48883e-05 1.01295 -8.14488e-07 1.88026e-08 -8.14488e-07 1.03523e-06 
126
0.0597824
-4.10832
-0.00060488
0.892389 1.35628e-05 1.89968e-08 1.35628e-05 1.02098 -8.14505e-07 1.89968e-08 -8.14505e-07 1.03523e-06 
127
0.0606374
-4.14319
-0.0010619
0.899409 1.54599e-05 1.91127e-08 1.54599e-05 1.02902 -8.1452e-07 1.91127e-08 -8.1452e-07 1.03523e-06 
128
0.0613031
-4.17925
-0.000327906
0.906429 1.88532e-05 1.92321e-08 1.88532e-05 1.03705 -8.14531e-07 1.92321e-08 -8.14531e-07 1.03523e-06 
129
0.0618668
-4.21533
0.00014151
0.913449 1.98766e-05 1.94187e-08 1.98766e-05 1.04508 -8.14542e-07 1.94187e-08 -8.14542e-07 1.03523e-06 
130
0.0620996
-4.25068
0.00023551
0.920469 1.93634e-05 1.96131e-08 1.93634e-05 1.05312 -8.14552e-07 1.96131e-08 -8.14552e-07 1.03523e-06 
131
0.0630641
-4.28646
0.000324712
0.927489 1.8535e-05 1.97916e-08 1.8535e-05 1.06115 -8.14562e-07 1.97916e-08 -8.14562e-07 1.03523e-06 
132
0.0630306
-4.32189
0.000380252
0.934509 1.74025e-05 1.99699e-08 1.74025e-05 1.06919 -8.14569e-07 1.99699e-08 -8.14569e-07 1.03523e-06 
133
0.062629
-4.35693
-0.000483134
0.941529 1.60748e-05 2.01459e-08 1.60748e-05 1.07722 -8.14579e-07 2.01459e-08 -8.14579e-07 1.03523e-06 
134
0.0635072
-4.39244
-0.00037539
0.948549 1.76663e-05 2.02678e-08 1.76663e-05 1.08526 -8.14591e-07 2.02678e-08 -8.14591e-07 1.03523e-06 
135
0.0649566
-4.42807
-0.0005892
0.955569 1.89019e-05 2.0425e-08 1.89019e-05 1.09329 -8.14597e-07 2.0425e-08 -8.14597e-07 1.03523e-06 
136
0.0658897
-4.46409
-0.000143303
0.962589 2.08832e-05 2.05721e-08 2.08832e-05 1.10133 -8.14598e-07 2.05721e-08 -8.14598e-07 1.03523e-06 
137
0.0654522
-4.49924
-0.000407115
0.969609 2.13328e-05 2.07538e-08 2.13328e-05 1.10936 -8.14601e-07 2.07538e-08 -8.14601e-07 1.03523e-06 
138
0.0657931
-4.53488
2.92959e-05
0.976629 2.27078e-05 2.09043e-08 2.27078e-05 1.1174 -8.1461e-07 2.09043e-08 -8.1461e-07 1.03523e-06 
139
0.0661035
-4.56964
-0.000670517
0.983649 2.25573e-05 2.10876e-08 2.25573e-05 1.12543 -8.14615e-07 2.10876e-08 -8.14615e-07 1.03523e-06 
140
0.0675263
-4.60647
0.000800406
0.990669 2.48866e-05 2.12145e-08 2.48866e-05 1.13347 -8.1462e-07 2.12145e-08 -8.1462e-07 1.03523e-06 
141
0.0672747
-4.64112
9.69617e-05
0.997689 2.19818e-05 2.1454e-08 2.19818e-05 1.1415 -8.1462e-07 2.1454e-08 -8.1462e-07 1.03523e-06 
142
0.0679951
-4.67682
0.00015408
1.00471 2.15858e-05 2.16015e-08 2.15858e-05 1.14954 -8.14626e-07 2.16015e-08 -8.14626e-07 1.03523e-06 
143
0.0689431
-4.71224
-0.000122952
1.01173 2.09805e-05 2.177e-08 2.09805e-05 1.15757 -8.14628e-07 2.177e-08 -8.14628e-07 1.03523e-06 
144
0.0698793
-4.74716
-0.000217622
1.01875 2.13815e-05 2.19225e-08 2.13815e-05 1.16561 -8.14628e-07 2.19225e-08 -8.14628e-07 1.03523e-06 
145
0.0707539
-4.78248
-0.000677077
1.02577 2.21331e-05 2.20764e-08 2.21331e-05 1.17364 -8.14628e-07 2.20764e-08 -8.14628e-07 1.03523e-06 
146
0.0708636
-4.81789
-0.000436599
1.03279 2.45887e-05 2.22099e-08 2.45887e-05 1.18167 -8.14628e-07 2.22099e-08 -8.14628e-07 1.03523e-06 
147
0.0708357
-4.85334
-0.000397871
1.03981 2.61664e-05 2.23737e-08 2.61664e-05 1.18971 -8.14631e-07 2.23737e-08 -8.14631e-07 1.03523e-06 
148
0.0715801
-4.88932
-0.000242402
1.04683 2.761e-05 2.25352e-08 2.761e-05 1.19774 -8.14635e-07 2.25352e-08 -8.14635e-07 1.03523e-06 
149
0.0723106
-4.92528
-5.37248e-05
1.05385 2.84772e-05 2.27059e-08 2.84772e-05 1.20578 -8.14635e-07 2.27059e-08 -8.14635e-07 1.03523e-06 
150
0.0731188
-4.9608
9.18271e-05
1.06087 2.86339e-05 2.28825e-08 2.86339e-05 1.21381 -8.14635e-07 2.28825e-08 -8.14635e-07 1.03523e-06 
151
0.073321
-4.99655
0.000138869
1.06789 2.82355e-05 2.30587e-08 2.82355e-05 1.22185 -8.14634e-07 2.30587e-08 -8.14634e-07 1.03523e-06 
152
0.073203
-5.03158
-0.000803399
1.07491 2.76536e-05 2.32322e-08 2.76536e-05 1.22988 -8.14635e-07 2.32322e-08 -8.14635e-07 1.03523e-06 
153
0.0735324
-5.06733
-0.000759885
1.08193 3.07189e-05 2.33462e-08 3.07189e-05 1.23792 -8.14638e-07 2.33462e-08 -8.14638e-07 1.03523e-06 
154
0.0742405
-5.1039
6.02562e-05
1.08895 3.36349e-05 2.34953e-08 3.36349e-05 1.24595 -8.14639e-07 2.34953e-08 -8.14639e-07 1.03523e-06 
155
0.074748
-5.13947
0.000184189
1.09597 3.3351e-05 2.36993e-08 3.3351e-05 1.25399 -8.14638e-07 2.36993e-08 -8.14638e-07 1.03523e-06 
156
0.0748348
-5.17497
-0.000129099
1.10299 3.25761e-05 2.38814e-08 3.25761e-05 1.26202 -8.14638e-07 2.38814e-08 -8.14638e-07 1.03523e-06 
157
0.0753223
-5.21066
4.97332e-05
1.11001 3.3042e-05 2.40359e-08 3.3042e-05 1.27006 -8.14639e-07 2.40359e-08 -8.14639e-07 1.03523e-06 
158
0.0761078
-5.24597
-8.76147e-05
1.11703 3.27957e-05 2.42099e-08 3.27957e-05 1.27809 -8.14639e-07 2.42099e-08 -8.14639e-07 1.03523e-06 
159
0.0774067
-5.28196
4.34625e-05
1.12405 3.31012e-05 2.43701e-08 3.31012e-05 1.28613 -8.14637e-07 2.43701e-08 -8.14637e-07 1.03523e-06 
160
0.0772847
-5.31783
-0.000149775
1.13107 3.28778e-05 2.4544e-08 3.28778e-05 1.29416 -8.14633e-07 2.4544e-08 -8.14633e-07 1.03523e-06 
161
0.0772687
-5.35205
-0.00133212
1.13809 3.34412e-05 2.4703e-08 3.34412e-05 1.30219 -8.14634e-07 2.4703e-08 -8.14634e-07 1.03523e-06 
162
0.0779922
-5.38816
-0.000282898
1.14511 3.88591e-05 2.47931e-08 3.88591e-05 1.31023 -8.14635e-07 2.47931e-08 -8.14635e-07 1.03523e-06 
163
0.0789221
-5.42419
-0.000233146
1.15213 3.99796e-05 2.49895e-08 3.99796e-05 1.31826 -8.14634e-07 2.49895e-08 -8.14634e-07 1.03523e-06 
164
0.0795271
-5.45932
-0.000218291
1.15915 4.09006e-05 2.51629e-08 4.09006e-05 1.3263 -8.14631e-07 2.51629e-08 -8.14631e-07 1.03523e-06 
165
0.0795871
-5.49485
-0.000453586
1.16617 4.17655e-05 2.53274e-08 4.17655e-05 1.33433 -8.14628e-07 2.53274e-08 -8.14628e-07 1.03523e-06 
166
0.0805553
-5.53169
0.000564914
1.17319 4.36251e-05 2.5478e-08 4.36251e-05 1.34237 -8.14629e-07 2.5478e-08 -8.14629e-07 1.03523e-06 
167
0.0806
-5.5672
0.000751542
1.18021 4.11886e-05 2.56998e-08 4.11886e-05 1.3504 -8.14626e-07 2.56998e-08 -8.14626e-07 1.03523e-06 
168
0.0804768
-5.60209
0.000641411
1.18723 3.79436e-05 2.5896e-08 3.79436e-05 1.35844 -8.14626e-07 2.5896e-08 -8.14626e-07 1.03523e-06 
169
0.0808947
-5.63801
0.000408614
1.19425 3.5151e-05 2.60705e-08 3.5151e-05 1.36647 -8.14628e-07 2.60705e-08 -8.14628e-07 1.03523e-06 
170
0.0821279
-5.67328
-0.000587313
1.20127 3.33444e-05 2.62361e-08 3.33444e-05 1.37451 -8.14627e-07 2.62361e-08 -8.14627e-07 1.03523e-06 
171
0.0829285
-5.70995
0.000953942
1.20829 3.58408e-05 2.63499e-08 3.58408e-05 1.38254 -8.14622e-07 2.63499e-08 -8.14622e-07 1.03523e-06 
172
0.0827719
-5.7457
0.000621267
1.21531 3.16378e-05 2.65908e-08 3.16378e-05 1.39058 -8.14619e-07 2.65908e-08 -8.14619e-07 1.03523e-06 
173
0.0830038
-5.78153
0.000570912
1.22233 2.88684e-05 2.67653e-08 2.88684e-05 1.39861 -8.14619e-07 2.67653e-08 -8.14619e-07 1.03523e-06 
174
0.0849745
-5.81693
-0.000543603
1.22935 2.63051e-05 2.69393e-08 2.63051e-05 1.40665 -8.14619e-07 2.69393e-08 -8.14619e-07 1.03523e-06 
175
0.0853862
-5.85346
0.000622335
1.23637 2.86673e-05 2.70493e-08 2.86673e-05 1.41468 -8.14612e-07 2.70493e-08 -8.14612e-07 1.03523e-06 
176
0.0845667
-5.88768
-0.000154443
1.24339 2.58458e-05 2.72667e-08 2.58458e-05 1.42271 -8.14609e-07 2.72667e-08 -8.14609e-07 1.03523e-06 
177
0.0845907
-5.92244
-0.000750442
1.25041 2.6491e-05 2.73994e-08 2.6491e-05 1.43075 -8.14613e-07 2.73994e-08 -8.14613e-07 1.03523e-06 
178
0.0867392
-5.95884
-0.000414585
1.25743 2.98271e-05 2.75182e-08 2.98271e-05 1.43878 -8.14614e-07 2.75182e-08 -8.14614e-07 1.03523e-06 
179
0.0882685
-5.99575
0.000549097
1.26445 3.16595e-05 2.76859e-08 3.16595e-05 1.44682 -8.14605e-07 2.76859e-08 -8.14605e-07 1.03523e-06 
180
0.0877714
-6.0302
3.54347e-05
1.27147 2.91088e-05 2.79055e-08 2.91088e-05 1.45485 -8.14598e-07 2.79055e-08 -8.14598e-07 1.03523e-06 
181
0.0879676
-6.06539
3.57721e-05
1.27849 2.88991e-05 2.80538e-08 2.88991e-05 1.46289 -8.14599e-07 2.80538e-08 -8.14599e-07 1.03523e-06 
182
0.0893932
-6.10152
0.000618571
1.28551 2.86869e-05 2.82144e-08 2.86869e-05 1.47092 -8.14599e-07 2.82144e-08 -8.14599e-07 1.03523e-06 
183
0.0900929
-6.13705
0.000730693
1.29253 2.57724e-05 2.84142e-08 2.57724e-05 1.47896 -8.14593e-07 2.84142e-08 -8.14593e-07 1.03523e-06 
184
0.0898227
-6.17179
-3.20684e-05
1.29955 2.23196e-05 2.85999e-08 2.23196e-05 1.48699 -8.1459e-07 2.85999e-08 -8.1459e-07 1.03523e-06 
185
0.0900445
-6.20736
-1.81127e-06
1.30657 2.24227e-05 2.8731e-08 2.24227e-05 1.49503 -8.14591e-07 2.8731e-08 -8.14591e-07 1.03523e-06 
186
0.0915691
-6.24382
0.000429436
1.31359 2.2384e-05 2.88899e-08 2.2384e-05 1.50306 -8.14591e-07 2.88899e-08 -8.14591e-07 1.03523e-06 
187
0.0924739
-6.27922
0.000569293
1.32061 2.03026e-05 2.90806e-08 2.03026e-05 1.5111 -8.14585e-07 2.90806e-08 -8.14585e-07 1.03523e-06 
188
0.0924321
-6.3145
1.4917e-05
1.32763 1.75443e-05 2.92621e-08 1.75443e-05 1.51913 -8.1458e-07 2.92621e-08 -8.1458e-07 1.03523e-06 
189
0.0925257
-6.35035
0.000672141
1.33465 1.74257e-05 2.94035e-08 1.74257e-05 1.52717 -8.1458e-07 2.94035e-08 -8.1458e-07 1.03523e-06 
190
0.0930334
-6.3859
0.000334942
1.34167 1.41435e-05 2.96013e-08 1.41435e-05 1.5352 -8.1458e-07 2.96013e-08 -8.1458e-07 1.03523e-06 
191
0.0931806
-6.42205
0.000743136
1.34869 1.24757e-05 2.97603e-08 1.24757e-05 1.54323 -8.14578e-07 2.97603e-08 -8.14578e-07 1.03523e-06 
192
0.0939663
-6.45689
9.64715e-05
1.35571 8.81418e-06 2.99523e-08 8.81418e-06 1.55127 -8.14578e-07 2.99523e-08 -8.14578e-07 1.03523e-06 
193
0.0943776
-6.49194
-0.000637598
1.36273 8.29533e-06 3.00901e-08 8.29533e-06 1.5593 -8.14574e-07 3.00901e-08 -8.14574e-07 1.03523e-06 
194
0.0955996
-6.52893
0.000925155
1.36975 1.13815e-05 3.02046e-08 1.13815e-05 1.56734 -8.14573e-07 3.02046e-08 -8.14573e-07 1.03523e-06 
195
0.09486
-6.56301
-4.49586e-05
1.37677 6.76424e-06 3.04436e-08 6.76424e-06 1.57537 -8.14567e-07 3.04436e-08 -8.14567e-07 1.03523e-06 
196
0.0961927
-6.59838
0.000325358
1.38379 6.94027e-06 3.05707e-08 6.94027e-06 1.58341 -8.1457e-07 3.05707e-08 -8.1457e-07 1.03523e-06 
197
0.0968005
-6.63505
0.00158217
1.39081 5.26937e-06 3.07457e-08 5.26937e-06 1.59144 -8.14565e-07 3.07457e-08 -8.14565e-07 1.03523e-06 
198
0.0968563
-6.67011
0.00110376
1.39783 -2.71374e-06 3.09906e-08 -2.71374e-06 1.59948 -8.14562e-07 3.09906e-08 -8.14562e-07 1.03523e-06 
199
0.0967166
-6.7051
0.000493866
1.40485 -8.3252e-06 3.11599e-08 -8.3252e-06 1.60751 -8.14561e-07 3.11599e-08 -8.14561e-07 1.03523e-06 
200
0.0971022
-6.74012
-0.000272099
1.41187 -1.08746e-05 3.13003e-08 -1.08746e-05 1.61555 -8.14562e-07 3.13003e-08 -8.14562e-07 1.03523e-06 
201
0.0975313
-6.7764
0.000337032
1.41889 -9.53628e-06 3.14174e-08 -9.53628e-06 1.62358 -8.14561e-07 3.14174e-08 -8.14561e-07 1.03523e-06 
202
0.098539
-6.81211
4.51251e-05
1.42591 -1.13082e-05 3.16029e-08 -1.13082e-05 1.63162 -8.14559e-07 3.16029e-08 -8.14559e-07 1.03523e-06 
203
0.0996114
-6.84765
0.000624347
1.43293 -1.15875e-05 3.17555e-08 -1.15875e-05 1.63965 -8.14555e-07 3.17555e-08 -8.14555e-07 1.03523e-06 
204
0.0994243
-6.88219
-0.000148422
1.43995 -1.48613e-05 3.19474e-08 -1.48613e-05 1.64769 -8.1455e-07 3.19474e-08 -8.1455e-07 1.03523e-06 
205
0.0996794
-6.91798
0.000120656
1.44697 -1.41377e-05 3.20731e-08 -1.41377e-05 1.65572 -8.1455e-07 3.20731e-08 -8.1455e-07 1.03523e-06 
206
0.100812
-6.95374
-7.11544e-05
1.45399 -1.48146e-05 3.22406e-08 -1.48146e-05 1.66375 -8.14549e-07 3.22406e-08 -8.14549e-07 1.03523e-06 
207
0.101638
-6.99022
0.000413069
1.46101 -1.44886e-05 3.23929e-08 -1.44886e-05 1.67179 -8.14544e-07 3.23929e-08 -8.14544e-07 1.03523e-06 
208
0.102089
-7.02574
0.000438894
1.46803 -1.67125e-05 3.25816e-08 -1.67125e-05 1.67982 -8.1454e-07 3.25816e-08 -8.1454e-07 1.03523e-06 
209
0.102037
-7.05992
-0.000651367
1.47505 -1.90835e-05 3.27537e-08 -1.90835e-05 1.68786 -8.14538e-07 3.27537e-08 -8.14538e-07 1.03523e-06 
210
0.10321
-7.09587
-0.00026243
1.48207 -1.56653e-05 3.28539e-08 -1.56653e-05 1.69589 -8.14538e-07 3.28539e-08 -8.14538e-07 1.03523e-06 
211
0.104191
-7.13227
0.000104091
1.48909 -1.43096e-05 3.30176e-08 -1.43096e-05 1.70393 -8.14533e-07 3.30176e-08 -8.14533e-07 1.03523e-06 
212
0.105396
-7.16762
-0.000128739
1.49611 -1.49159e-05 3.31989e-08 -1.49159e-05 1.71196 -8.14528e-07 3.31989e-08 -8.14528e-07 1.03523e-06 
213
0.105576
-7.2034
0.000144093
1.50313 -1.42683e-05 3.33505e-08 -1.42683e-05 1.72 -8.14523e-07 3.33505e-08 -8.14523e-07 1.03523e-06 
214
0.105402
-7.23992
0.00067588
1.51015 -1.50967e-05 3.35243e-08 -1.50967e-05 1.72803 -8.14521e-07 3.35243e-08 -8.14521e-07 1.03523e-06 
215
0.105668
-7.27493
-0.000460915
1.51717 -1.88254e-05 3.3724e-08 -1.88254e-05 1.73607 -8.14522e-07 3.3724e-08 -8.14522e-07 1.03523e-06 
216
0.106415
-7.31042
-0.00029385
1.52419 -1.63502e-05 3.38344e-08 -1.63502e-05 1.7441 -8.14521e-07 3.38344e-08 -8.14521e-07 1.03523e-06 
217
0.106989
-7.34625
-7.30186e-05
1.53121 -1.47818e-05 3.3989e-08 -1.47818e-05 1.75214 -8.14518e-07 3.3989e-08 -8.14518e-07 1.03523e-06 
218
0.10756
-7.38124
0.000243366
1.53823 -1.44256e-05 3.41586e-08 -1.44256e-05 1.76017 -8.14515e-07 3.41586e-08 -8.14515e-07 1.03523e-06 
219
0.107381
-7.41696
-3.07882e-05
1.54525 -1.58231e-05 3.43365e-08 -1.58231e-05 1.76821 -8.14513e-07 3.43365e-08 -8.14513e-07 1.03523e-06 
220
0.108308
-7.45297
-0.000149339
1.55227 -1.56985e-05 3.44896e-08 -1.56985e-05 1.77624 -8.14513e-07 3.44896e-08 -8.14513e-07 1.03523e-06 
221
0.108653
-7.48843
0.000114508
1.55929 -1.49095e-05 3.46446e-08 -1.49095e-05 1.78427 -8.1451e-07 3.46446e-08 -8.1451e-07 1.03523e-06 
222
0.108787
-7.52402
-0.00079415
1.56631 -1.56006e-05 3.48179e-08 -1.56006e-05 1.79231 -8.14508e-07 3.48179e-08 -8.14508e-07 1.03523e-06 
223
0.110465
-7.5603
-0.000171462
1.57333 -1.11608e-05 3.49318e-08 -1.11608e-05 1.80034 -8.14507e-07 3.49318e-08 -8.14507e-07 1.03523e-06 
224
0.110829
-7.59553
-0.000473631
1.58035 -1.02347e-05 3.51128e-08 -1.02347e-05 1.80838 -8.145e-07 3.51128e-08 -8.145e-07 1.03523e-06 
225
0.111224
-7.6302
-0.000722652
1.58737 -7.58177e-06 3.52578e-08 -7.58177e-06 1.81641 -8.14498e-07 3.52578e-08 -8.14498e-07 1.03523e-06 
226
0.112092
-7.66594
-0.000499029
1.59439 -3.49087e-06 3.53932e-08 -3.49087e-06 1.82445 -8.14496e-07 3.53932e-08 -8.14496e-07 1.03523e-06 
227
0.113172
-7.70219
7.99607e-05
1.60141 -6.67783e-07 3.55551e-08 -6.67783e-07 1.83248 -8.14492e-07 3.55551e-08 -8.14492e-07 1.03523e-06 
228
0.114471
-7.73788
0.000457397
1.60843 -1.17673e-06 3.57478e-08 -1.17673e-06 1.84052 -8.14487e-07 3.57478e-08 -8.14487e-07 1.03523e-06 
229
0.114436
-7.77308
-0.000370412
1.61545 -3.87762e-06 3.59409e-08 -3.87762e-06 1.84855 -8.14481e-07 3.59409e-08 -8.14481e-07 1.03523e-06 
230
0.1146
-7.80915
0.000231022
1.62247 -1.76602e-06 3.60685e-08 -1.76602e-06 1.85659 -8.1448e-07 3.60685e-08 -8.1448e-07 1.03523e-06 
231
0.114006
-7.84371
0.000360536
1.62949 -3.16516e-06 3.62579e-08 -3.16516e-06 1.86462 -8.1448e-07 3.62579e-08 -8.1448e-07 1.03523e-06 
232
0.115232
-7.87885
-0.000445089
1.63651 -5.33146e-06 3.64338e-08 -5.33146e-06 1.87266 -8.14482e-07 3.64338e-08 -8.14482e-07 1.03523e-06 
233
0.117004
-7.91582
0.000804706
1.64353 -2.75078e-06 3.65578e-08 -2.75078e-06 1.88069 -8.14478e-07 3.65578e-08 -8.14478e-07 1.03523e-06 
234
0.11727
-7.95171
0.000779436
1.65055 -7.56885e-06 3.67861e-08 -7.56885e-06 1.88873 -8.1447e-07 3.67861e-08 -8.1447e-07 1.03523e-06 
235
0.116806
-7.98707
0.00117018
1.65757 -1.22568e-05 3.69735e-08 -1.22568e-05 1.89676 -8.14468e-07 3.69735e-08 -8.14468e-07 1.03523e-06 
236
0.116703
-8.02235
2.00327e-06
1.66459 -1.93011e-05 3.71747e-08 -1.93011e-05 1.90479 -8.14469e-07 3.71747e-08 -8.14469e-07 1.03523e-06 
237
0.118261
-8.05819
-0.000437832
1.67161 -1.93601e-05 3.72937e-08 -1.93601e-05 1.91283 -8.14471e-07 3.72937e-08 -8.14471e-07 1.03523e-06 
238
0.118862
-8.09451
-0.000235987
1.67863 -1.67667e-05 3.74248e-08 -1.67667e-05 1.92086 -8.14464e-07 3.74248e-08 -8.14464e-07 1.03523e-06 
239
0.118685
-8.12953
-0.000531016
1.68565 -1.53845e-05 3.75901e-08 -1.53845e-05 1.9289 -8.14461e-07 3.75901e-08 -8.14461e-07 1.03523e-06 
240
0.119018
-8.16484
-0.000668157
1.69267 -1.22023e-05 3.7731e-08 -1.22023e-05 1.93693 -8.14461e-07 3.7731e-08 -8.14461e-07 1.03523e-06 
241
0.120392
-8.20087
-0.000436465
1.69969 -8.16909e-06 3.78737e-08 -8.16909e-06 1.94497 -8.1446e-07 3.78737e-08 -8.1446e-07 1.03523e-06 
242
0.121802
-8.23736
-0.000222368
1.70671 -5.53967e-06 3.80391e-08 -5.53967e-06 1.953 -8.14454e-07 3.80391e-08 -8.14454e-07 1.03523e-06 
243
0.122551
-8.27252
-0.000227795
1.71373 -4.21741e-06 3.82132e-08 -4.21741e-06 1.96104 -8.14447e-07 3.82132e-08 -8.14447e-07 1.03523e-06 
244
0.123139
-8.30766
-0.000287222
1.72075 -2.85593e-06 3.83743e-08 -2.85593e-06 1.96907 -8.14443e-07 3.83743e-08 -8.14443e-07 1.03523e-06 
245
0.124108
-8.34315
-0.000856694
1.72777 -1.11974e-06 3.85301e-08 -1.11974e-06 1.97711 -8.1444e-07 3.85301e-08 -8.1444e-07 1.03523e-06 
246
0.124491
-8.37994
0.000923121
1.73479 4.17348e-06 3.86564e-08 4.17348e-06 1.98514 -8.14436e-07 3.86564e-08 -8.14436e-07 1.03523e-06 
247
0.124415
-8.41432
-0.00020366
1.74181 -1.65098e-06 3.89094e-08 -1.65098e-06 1.99318 -8.14434e-07 3.89094e-08 -8.14434e-07 1.03523e-06 
248
0.124951
-8.44981
-0.000640513
1.74883 -4.17989e-07 3.90346e-08 -4.17989e-07 2.00121 -8.14434e-07 3.90346e-08 -8.14434e-07 1.03523e-06 
249
0.125907
-8.48642
0.00017501
1.75585 3.57646e-06 3.91646e-08 3.57646e-06 2.00925 -8.14432e-07 3.91646e-08 -8.14432e-07 1.03523e-06 
250
0.125971
-8.52199
0.000832954
1.76287 2.42095e-06 3.93655e-08 2.42095e-06 2.01728 -8.14428e-07 3.93655e-08 -8.14428e-07 1.03523e-06 
251
0.125978
-8.55659
-0.000644861
1.76989 -2.92364e-06 3.95776e-08 -2.92364e-06 2.02531 -8.14427e-07 3.95776e-08 -8.14427e-07 1.03523e-06 
252
0.126878
-8.59247
-0.000419885
1.77691 1.14737e-06 3.9675e-08 1.14737e-06 2.03335 -8.14428e-07 3.9675e-08 -8.14428e-07 1.03523e-06 
253
0.127747
-8.62723
-0.000734952
1.78393 3.79239e-06 3.98329e-08 3.79239e-06 2.04138 -8.14424e-07 3.98329e-08 -8.14424e-07 1.03523e-06 
254
0.128313
-8.66321
9.96597e-05
1.79095 8.47595e-06 3.99697e-08 8.47595e-06 2.04942 -8.1442e-07 3.99697e-08 -8.1442e-07 1.03523e-06 
255
0.129275
-8.69799
-0.000539532
1.79797 7.78516e-06 4.01691e-08 7.78516e-06 2.05745 -8.14417e-07 4.01691e-08 -8.14417e-07 1.03523e-06 
256
0.130035
-8.73361
-0.000406798
1.80499 1.12383e-05 4.03028e-08 1.12383e-05 2.06549 -8.14413e-07 4.03028e-08 -8.14413e-07 1.03523e-06 
257
0.130759
-8.76924
-0.00034844
1.81201 1.38408e-05 4.04633e-08 1.38408e-05 2.07352 -8.14409e-07 4.04633e-08 -8.14409e-07 1.03523e-06 
258
0.131492
-8.80532
-9.20506e-05
1.81903 1.6072e-05 4.06265e-08 1.6072e-05 2.08156 -8.14405e-07 4.06265e-08 -8.14405e-07 1.03523e-06 
259
0.131198
-8.84099
0.000250073
1.82605 1.66294e-05 4.08043e-08 1.66294e-05 2.08959 -8.14402e-07 4.08043e-08 -8.14402e-07 1.03523e-06 
260
0.131634
-8.87536
-0.000566067
1.83307 1.4935e-05 4.09918e-08 1.4935e-05 2.09763 -8.14403e-07 4.09918e-08 -8.14403e-07 1.03523e-06 
261
0.132095
-8.9121
0.000213649
1.84009 1.86322e-05 4.11145e-08 1.86322e-05 2.10566 -8.14401e-07 4.11145e-08 -8.14401e-07 1.03523e-06 
262
0.132687
-8.94907
0.000409057
1.84711 1.7167e-05 4.13147e-08 1.7167e-05 2.1137 -8.14399e-07 4.13147e-08 -8.14399e-07 1.03523e-06 
263
0.13333
-8.98371
-0.000749959
1.85413 1.43941e-05 4.15075e-08 1.43941e-05 2.12173 -8.14397e-07 4.15075e-08 -8.14397e-07 1.03523e-06 
264
0.13376
-9.01882
-0.00117894
1.86115 1.93646e-05 4.16146e-08 1.93646e-05 2.12977 -8.14394e-07 4.16146e-08 -8.14394e-07 1.03523e-06 
265
0.134547
-9.05509
-6.47646e-05
1.86817 2.72348e-05 4.17333e-08 2.72348e-05 2.1378 -8.14392e-07 4.17333e-08 -8.14392e-07 1.03523e-06 
266
0.135194
-9.0907
0.00052454
1.87519 2.76246e-05 4.19413e-08 2.76246e-05 2.14583 -8.14388e-07 4.19413e-08 -8.14388e-07 1.03523e-06 
267
0.135557
-9.12496
-0.000751892
1.88221 2.40289e-05 4.21489e-08 2.40289e-05 2.15387 -8.14385e-07 4.21489e-08 -8.14385e-07 1.03523e-06 
268
0.136589
-9.16097
-0.000387064
1.88923 2.90886e-05 4.22528e-08 2.90886e-05 2.1619 -8.14383e-07 4.22528e-08 -8.14383e-07 1.03523e-06 
269
0.137193
-9.19639
-0.000213298
1.89625 3.16805e-05 4.24207e-08 3.16805e-05 2.16994 -8.14379e-07 4.24207e-08 -8.14379e-07 1.03523e-06 
270
0.138067
-9.23215
0.000157984
1.90327 3.30932e-05 4.2592e-08 3.30932e-05 2.17797 -8.14376e-07 4.2592e-08 -8.14376e-07 1.03523e-06 
271
0.137933
-9.26817
0.000618766
1.91029 3.19616e-05 4.27794e-08 3.19616e-05 2.18601 -8.14372e-07 4.27794e-08 -8.14372e-07 1.03523e-06 
272
0.138644
-9.30359
-0.000618004
1.91731 2.76499e-05 4.29811e-08 2.76499e-05 2.19404 -8.14372e-07 4.29811e-08 -8.14372e-07 1.03523e-06 
273
0.139592
-9.34033
0.00029529
1.92433 3.18788e-05 4.30921e-08 3.18788e-05 2.20208 -8.14369e-07 4.30921e-08 -8.14369e-07 1.03523e-06 
274
0.140162
-9.37534
-0.000417391
1.93135 2.97818e-05 4.32974e-08 2.97818e-05 2.21011 -8.14365e-07 4.32974e-08 -8.14365e-07 1.03523e-06 
275
0.140897
-9.4116
0.000470075
1.93837 3.2644e-05 4.34325e-08 3.2644e-05 2.21815 -8.14362e-07 4.34325e-08 -8.14362e-07 1.03523e-06 
276
0.140505
-9.44728
-0.000301368
1.94539 2.93095e-05 4.36414e-08 2.93095e-05 2.22618 -8.14359e-07 4.36414e-08 -8.14359e-07 1.03523e-06 
277
0.14233
-9.48244
-0.000757348
1.95241 3.13784e-05 4.37788e-08 3.13784e-05 2.23422 -8.1436e-07 4.37788e-08 -8.1436e-07 1.03523e-06 
278
0.142633
-9.51917
0.000398415
1.95943 3.66674e-05 4.39082e-08 3.66674e-05 2.24225 -8.14353e-07 4.39082e-08 -8.14353e-07 1.03523e-06 
279
0.142173
-9.55292
-0.000965196
1.96645 3.38038e-05 4.41283e-08 3.38038e-05 2.25029 -8.1435e-07 4.41283e-08 -8.1435e-07 1.03523e-06 
280
0.14284
-9.5885
-0.000592991
1.97348 4.06061e-05 4.42249e-08 4.06061e-05 2.25832 -8.14352e-07 4.42249e-08 -8.14352e-07 1.03523e-06 
281
0.1441
-9.62551
0.000276558
1.9805 4.47822e-05 4.43868e-08 4.47822e-05 2.26635 -8.1435e-07 4.43868e-08 -8.1435e-07 1.03523e-06 
282
0.144796
-9.6615
0.000709664
1.98752 4.27592e-05 4.46002e-08 4.27592e-05 2.27439 -8.14344e-07 4.46002e-08 -8.14344e-07 1.03523e-06 
283
0.143768
-9.69672
-6.6252e-05
1.99454 3.7623e-05 4.48064e-08 3.7623e-05 2.28242 -8.14341e-07 4.48064e-08 -8.14341e-07 1.03523e-06 
284
0.144618
-9.73257
-0.000673076
2.00156 3.80533e-05 4.4945e-08 3.80533e-05 2.29046 -8.14345e-07 4.4945e-08 -8.14345e-07 1.03523e-06 
285
0.146117
-9.76978
0.000360243
2.00858 4.28682e-05 4.50723e-08 4.28682e-05 2.29849 -8.14342e-07 4.50723e-08 -8.14342e-07 1.03523e-06 
286
0.147408
-9.80506
0.000582147
2.0156 4.02106e-05 4.52881e-08 4.02106e-05 2.30653 -8.14335e-07 4.52881e-08 -8.14335e-07 1.03523e-06 
287
0.147437
-9.83836
-0.00131008
2.02262 3.59299e-05 4.54803e-08 3.59299e-05 2.31456 -8.14329e-07 4.54803e-08 -8.14329e-07 1.03523e-06 
288
0.147479
-9.87419
-0.000250781
2.02964 4.54453e-05 4.55423e-08 4.54453e-05 2.3226 -8.14328e-07 4.55423e-08 -8.14328e-07 1.03523e-06 
289
0.148019
-9.91045
7.70101e-05
2.03666 4.72355e-05 4.5733e-08 4.72355e-05 2.33063 -8.14328e-07 4.5733e-08 -8.14328e-07 1.03523e-06 
290
0.149325
-9.94688
0.000638167
2.04368 4.6623e-05 4.59219e-08 4.6623e-05 2.33867 -8.14326e-07 4.59219e-08 -8.14326e-07 1.03523e-06 
291
0.150144
-9.98189
0.000228354
2.0507 4.18702e-05 4.61295e-08 4.18702e-05 2.3467 -8.1432e-07 4.61295e-08 -8.1432e-07 1.03523e-06 
292
0.149576
-10.0171
0.000386135
2.05772 4.01339e-05 4.6287e-08 4.01339e-05 2.35474 -8.14316e-07 4.6287e-08 -8.14316e-07 1.03523e-06 
293
0.14935
-10.0522
-0.000633843
2.06474 3.72201e-05 4.64628e-08 3.72201e-05 2.36277 -8.14318e-07 4.64628e-08 -8.14318e-07 1.03523e-06 
294
0.151211
-10.0885
-0.000138781
2.07176 4.18964e-05 4.65757e-08 4.18964e-05 2.37081 -8.1432e-07 4.65757e-08 -8.1432e-07 1.03523e-06 
295
0.152336
-10.1246
0.000479001
2.07878 4.28874e-05 4.67538e-08 4.28874e-05 2.37884 -8.14312e-07 4.67538e-08 -8.14312e-07 1.03523e-06 
296
0.152046
-10.1594
0.00067019
2.0858 3.92477e-05 4.69577e-08 3.92477e-05 2.38688 -8.14306e-07 4.69577e-08 -8.14306e-07 1.03523e-06 
297
0.15216
-10.1939
-0.000128174
2.09282 3.41567e-05 4.7145e-08 3.41567e-05 2.39491 -8.14307e-07 4.7145e-08 -8.14307e-07 1.03523e-06 
298
0.152993
-10.2298
-0.000240687
2.09984 3.50783e-05 4.7274e-08 3.50783e-05 2.40294 -8.14307e-07 4.7274e-08 -8.14307e-07 1.03523e-06 
299
0.153936
-10.2652
-0.00121278
2.10686 3.68557e-05 4.74258e-08 3.68557e-05 2.41098 -8.14303e-07 4.74258e-08 -8.14303e-07 1.03523e-06 
300
0.154924
-10.3011
-0.00042796
2.11388 4.60301e-05 4.75283e-08 4.60301e-05 2.41901 -8.14299e-07 4.75283e-08 -8.14299e-07 1.03523e-06 
301
0.15569
-10.3376
0.000571845
2.1209 4.92483e-05 4.77112e-08 4.92483e-05 2.42705 -8.14294e-07 4.77112e-08 -8.14294e-07 1.03523e-06 
302
0.155996
-10.373
0.000378582
2.12792 4.48251e-05 4.79347e-08 4.48251e-05 2.43508 -8.1429e-07 4.79347e-08 -8.1429e-07 1.03523e-06 
303
0.157012
-10.4079
-1.31334e-06
2.13494 4.18715e-05 4.81073e-08 4.18715e-05 2.44312 -8.14289e-07 4.81073e-08 -8.14289e-07 1.03523e-06 
304
0.157251
-10.4436
6.77536e-05
2.14196 4.18352e-05 4.82555e-08 4.18352e-05 2.45115 -8.14284e-07 4.82555e-08 -8.14284e-07 1.03523e-06 
305
0.1574
-10.4799
0.000186285
2.14898 4.12651e-05 4.84223e-08 4.12651e-05 2.45919 -8.14283e-07 4.84223e-08 -8.14283e-07 1.03523e-06 
306
0.157901
-10.5153
-0.000258762
2.156 3.97741e-05 4.85987e-08 3.97741e-05 2.46722 -8.14282e-07 4.85987e-08 -8.14282e-07 1.03523e-06 
307
0.158568
-10.5511
5.22044e-05
2.16302 4.1741e-05 4.87423e-08 4.1741e-05 2.47526 -8.1428e-07 4.87423e-08 -8.1428e-07 1.03523e-06 
308
0.158775
-10.587
0.000216756
2.17004 4.12871e-05 4.89186e-08 4.12871e-05 2.48329 -8.14277e-07 4.89186e-08 -8.14277e-07 1.03523e-06 
309
0.158825
-10.6232
0.000917234
2.17706 3.95433e-05 4.90969e-08 3.95433e-05 2.49133 -8.14276e-07 4.90969e-08 -8.14276e-07 1.03523e-06 
310
0.159199
-10.6586
0.000568533
2.18408 3.22904e-05 4.93099e-08 3.22904e-05 2.49936 -8.14276e-07 4.93099e-08 -8.14276e-07 1.03523e-06 
311
0.159493
-10.6934
0.000163853
2.1911 2.77629e-05 4.94758e-08 2.77629e-05 2.5074 -8.14275e-07 4.94758e-08 -8.14275e-07 1.03523e-06 
312
0.159756
-10.7282
-5.51443e-05
2.19812 2.64209e-05 4.96223e-08 2.64209e-05 2.51543 -8.14274e-07 4.96223e-08 -8.14274e-07 1.03523e-06 
313
0.159824
-10.7641
0.000384337
2.20514 2.6812e-05 4.97696e-08 2.6812e-05 2.52346 -8.14272e-07 4.97696e-08 -8.14272e-07 1.03523e-06 
314
0.160535
-10.7999
0.000787083
2.21216 2.3707e-05 4.99561e-08 2.3707e-05 2.5315 -8.14272e-07 4.99561e-08 -8.14272e-07 1.03523e-06 
315
0.161166
-10.835
0.000334076
2.21918 1.73769e-05 5.01527e-08 1.73769e-05 2.53953 -8.14269e-07 5.01527e-08 -8.14269e-07 1.03523e-06 
316
0.16122
-10.8704
-2.11725e-05
2.2262 1.4655e-05 5.03054e-08 1.4655e-05 2.54757 -8.14266e-07 5.03054e-08 -8.14266e-07 1.03523e-06 
317
0.161892
-10.9059
-0.000630386
2.23322 1.47788e-05 5.04499e-08 1.47788e-05 2.5556 -8.14266e-07 5.04499e-08 -8.14266e-07 1.03523e-06 
318
0.163521
-10.9421
0.000288348
2.24024 1.98132e-05 5.05736e-08 1.98132e-05 2.56364 -8.14263e-07 5.05736e-08 -8.14263e-07 1.03523e-06 
319
0.163781
-10.9772
9.18534e-05
2.24726 1.74355e-05 5.07751e-08 1.74355e-05 2.57167 -8.14256e-07 5.07751e-08 -8.14256e-07 1.03523e-06 
320
0.163801
-11.0127
-0.000242761
2.25428 1.66442e-05 5.09357e-08 1.66442e-05 2.57971 -8.14253e-07 5.09357e-08 -8.14253e-07 1.03523e-06 
321
0.164173
-11.0489
0.000343781
2.2613 1.8573e-05 5.10799e-08 1.8573e-05 2.58774 -8.14253e-07 5.10799e-08 -8.14253e-07 1.03523e-06 
322
0.164702
-11.0847
0.000305132
2.26832 1.5721e-05 5.12719e-08 1.5721e-05 2.59578 -8.14252e-07 5.12719e-08 -8.14252e-07 1.03523e-06 
323
0.16491
-11.119
-0.0012096
2.27534 1.31768e-05 5.14437e-08 1.31768e-05 2.60381 -8.1425e-07 5.14437e-08 -8.1425e-07 1.03523e-06 
324
0.165596
-11.1555
-0.000912988
2.28236 2.30635e-05 5.15207e-08 2.30635e-05 2.61185 -8.14249e-07 5.15207e-08 -8.14249e-07 1.03523e-06 
325
0.166712
-11.1917
-2.34738e-05
2.28938 3.05377e-05 5.16713e-08 3.05377e-05 2.61988 -8.14246e-07 5.16713e-08 -8.14246e-07 1.03523e-06 
326
0.167303
-11.2274
0.000179733
2.2964 3.06854e-05 5.18729e-08 3.06854e-05 2.62792 -8.1424e-07 5.18729e-08 -8.1424e-07 1.03523e-06 
327
0.16835
-11.2632
0.000583549
2.30342 2.91495e-05 5.20556e-08 2.91495e-05 2.63595 -8.14237e-07 5.20556e-08 -8.14237e-07 1.03523e-06 
328
0.16847
-11.2982
0.000378929
2.31044 2.42521e-05 5.22495e-08 2.42521e-05 2.64398 -8.14232e-07 5.22495e-08 -8.14232e-07 1.03523e-06 
329
0.168941
-11.333
-0.00029998
2.31746 2.10461e-05 5.24138e-08 2.10461e-05 2.65202 -8.14231e-07 5.24138e-08 -8.14231e-07 1.03523e-06 
330
0.169488
-11.3685
-0.000443159
2.32448 2.35089e-05 5.25411e-08 2.35089e-05 2.66005 -8.14229e-07 5.25411e-08 -8.14229e-07 1.03523e-06 
331
0.169841
-11.4039
-0.00034139
2.3315 2.71806e-05 5.26854e-08 2.71806e-05 2.66809 -8.14227e-07 5.26854e-08 -8.14227e-07 1.03523e-06 
332
0.17087
-11.4407
0.000548065
2.33852 3.00071e-05 5.28448e-08 3.00071e-05 2.67612 -8.14225e-07 5.28448e-08 -8.14225e-07 1.03523e-06 
333
0.171121
-11.4752
-0.000835102
2.34554 2.53352e-05 5.3059e-08 2.53352e-05 2.68416 -8.14221e-07 5.3059e-08 -8.14221e-07 1.03523e-06 
334
0.171552
-11.512
0.000175056
2.35256 3.23585e-05 5.31564e-08 3.23585e-05 2.69219 -8.14219e-07 5.31564e-08 -8.14219e-07 1.03523e-06 
335
0.171962
-11.5477
0.0009841
2.35958 3.0826e-05 5.336e-08 3.0826e-05 2.70023 -8.14217e-07 5.336e-08 -8.14217e-07 1.03523e-06 
336
0.171761
-11.5831
0.000717395
2.3666 2.2399e-05 5.35809e-08 2.2399e-05 2.70826 -8.14215e-07 5.35809e-08 -8.14215e-07 1.03523e-06 
337
0.17232
-11.618
-0.000224565
2.37362 1.62252e-05 5.37538e-08 1.62252e-05 2.7163 -8.14216e-07 5.37538e-08 -8.14216e-07 1.03523e-06 
338
0.172796
-11.6533
-0.00083575
2.38064 1.81029e-05 5.38729e-08 1.81029e-05 2.72433 -8.14214e-07 5.38729e-08 -8.14214e-07 1.03523e-06 
339
0.173638
-11.6898
0.000421659
2.38766 2.52378e-05 5.39893e-08 2.52378e-05 2.73237 -8.14212e-07 5.39893e-08 -8.14212e-07 1.03523e-06 
340
0.174536
-11.7252
0.000186919
2.39468 2.1558e-05 5.42081e-08 2.1558e-05 2.7404 -8.14208e-07 5.42081e-08 -8.14208e-07 1.03523e-06 
341
0.175134
-11.7604
-8.09304e-05
2.4017 1.98963e-05 5.43738e-08 1.98963e-05 2.74844 -8.14204e-07 5.43738e-08 -8.14204e-07 1.03523e-06 
342
0.175565
-11.7952
-0.00038862
2.40872 2.05518e-05 5.4524e-08 2.05518e-05 2.75647 -8.14201e-07 5.4524e-08 -8.14201e-07 1.03523e-06 
343
0.176643
-11.8305
-0.00061484
2.41574 2.38842e-05 5.46633e-08 2.38842e-05 2.7645 -8.14199e-07 5.46633e-08 -8.14199e-07 1.03523e-06 
344
0.176867
-11.8671
0.00092693
2.42276 2.9199e-05 5.48034e-08 2.9199e-05 2.77254 -8.14194e-07 5.48034e-08 -8.14194e-07 1.03523e-06 
345
0.177051
-11.9022
0.000398002
2.42978 2.10474e-05 5.50468e-08 2.10474e-05 2.78057 -8.14192e-07 5.50468e-08 -8.14192e-07 1.03523e-06 
346
0.177774
-11.9377
-0.000286841
2.4368 1.75109e-05 5.52065e-08 1.75109e-05 2.78861 -8.14192e-07 5.52065e-08 -8.14192e-07 1.03523e-06 
347
0.178204
-11.9743
0.000439901
2.44382 1.99877e-05 5.53359e-08 1.99877e-05 2.79664 -8.14189e-07 5.53359e-08 -8.14189e-07 1.03523e-06 
348
0.178177
-12.0093
0.00027567
2.45084 1.60615e-05 5.5535e-08 1.60615e-05 2.80468 -8.14187e-07 5.5535e-08 -8.14187e-07 1.03523e-06 
