0
0
0
0.000347587
0.00800061 -2.68385e-11 1.2769e-14 -2.68385e-11 0.00900061 -9.84301e-12 1.2769e-14 -9.84301e-12 1.24978e-06 
1
0
0
-0.00116547
0.0150026 -8.97261e-09 -1.26371e-11 -8.97261e-09 0.0170026 -6.44478e-09 -1.26371e-11 -6.44478e-09 1.03722e-06 
2
0
0
-0.000840904
0.0220062 4.84782e-08 -3.90689e-11 4.84782e-08 0.0250061 -1.73335e-08 -3.90689e-11 -1.73335e-08 1.03685e-06 
3
0
0
-0.000897241
0.0290117 1.09755e-07 -5.85077e-11 1.09755e-07 0.0330113 -3.11463e-08 -5.85077e-11 -3.11463e-08 1.03711e-06 
4
0
0
-0.000808027
0.036019 1.96302e-07 -7.42744e-11 1.96302e-07 0.0410185 -4.7737e-08 -7.42744e-11 -4.7737e-08 1.03672e-06 
5
0
0
0.000263373
0.043028 2.92362e-07 -8.12873e-11 2.92362e-07 0.0490275 -6.68848e-08 -8.12873e-11 -6.68848e-08 1.03632e-06 
6
0
0
-0.000613368
0.0500387 2.45824e-07 -6.16314e-11 2.45824e-07 0.0570384 -8.82426e-08 -6.16314e-11 -8.82426e-08 1.03601e-06 
7
0
-0.0537579
0.000158068
0.0570507 3.4379e-07 -5.78886e-11 3.4379e-07 0.0650513 -1.11425e-07 -5.78886e-11 -1.11425e-07 1.03577e-06 
8
0
-0.0686879
-0.000449591
0.0640641 3.00281e-07 -1.72306e-11 3.00281e-07 0.0730661 -1.36047e-07 -1.72306e-11 -1.36047e-07 1.03559e-06 
9
0
-0.085207
-0.000683977
0.0710785 3.8699e-07 1.27171e-11 3.8699e-07 0.0810826 -1.61744e-07 1.27171e-11 -1.61744e-07 1.03545e-06 
10
0
-0.103459
5.4463e-05
0.0780938 5.41008e-07 5.62034e-11 5.41008e-07 0.0891008 -1.88182e-07 5.62034e-11 -1.88182e-07 1.03535e-06 
11
0
-0.123282
0.000189561
0.0851099 5.064e-07 1.39194e-10 5.064e-07 0.0971206 -2.15054e-07 1.39194e-10 -2.15054e-07 1.03528e-06 
12
0
-0.144169
-0.00029366
0.0921267 4.27367e-07 2.25987e-10 4.27367e-07 0.105142 -2.42089e-07 2.25987e-10 -2.42089e-07 1.03523e-06 
13
0
-0.166315
7.79075e-05
0.099144 4.98478e-07 3.01716e-10 4.98478e-07 0.113165 -2.69055e-07 3.01716e-10 -2.69055e-07 1.03519e-06 
14
0
-0.189606
0.000164439
0.106162 4.44503e-07 4.09583e-10 4.44503e-07 0.121188 -2.95745e-07 4.09583e-10 -2.95745e-07 1.03517e-06 
15
0
-0.213681
-9.56637e-05
0.11318 3.53989e-07 5.23078e-10 3.53989e-07 0.129214 -3.21993e-07 5.23078e-10 -3.21993e-07 1.03515e-06 
16
0
-0.239481
0.000910404
0.120198 3.61715e-07 6.30597e-10 3.61715e-07 0.13724 -3.47656e-07 6.30597e-10 -3.47656e-07 1.03515e-06 
17
0
-0.265076
-0.000181024
0.127217 -5.86158e-08 7.93913e-10 -5.86158e-08 0.145267 -3.72625e-07 7.93913e-10 -3.72625e-07 1.03514e-06 
18
0
-0.291726
-0.00040871
0.134236 -1.09251e-08 8.91001e-10 -1.09251e-08 0.153294 -3.96811e-07 8.91001e-10 -3.96811e-07 1.03514e-06 
19
0
-0.31944
-0.000464219
0.141255 1.48435e-07 1.00854e-09 1.48435e-07 0.161323 -4.20149e-07 1.00854e-09 -4.20149e-07 1.03514e-06 
20
0
-0.34758
-0.000733882
0.148274 3.44723e-07 1.14026e-09 3.44723e-07 0.169352 -4.4259e-07 1.14026e-09 -4.4259e-07 1.03515e-06 
21
0
-0.376498
-0.000487805
0.155293 6.93761e-07 1.2669e-09 6.93761e-07 0.177382 -4.64105e-07 1.2669e-09 -4.64105e-07 1.03515e-06 
22
0
-0.405609
-0.000451695
0.162313 9.2445e-07 1.41712e-09 9.2445e-07 0.185412 -4.84676e-07 1.41712e-09 -4.84676e-07 1.03515e-06 
23
0
-0.434969
-0.000438401
0.169332 1.14572e-06 1.56543e-09 1.14572e-06 0.193443 -5.04297e-07 1.56543e-09 -5.04297e-07 1.03516e-06 
24
0
-0.465473
0.000439018
0.176352 1.36961e-06 1.71401e-09 1.36961e-06 0.201475 -5.22971e-07 1.71401e-09 -5.22971e-07 1.03517e-06 
25
0
-0.495226
-0.000395084
0.183371 1.05268e-06 1.90894e-09 1.05268e-06 0.209506 -5.40712e-07 1.90894e-09 -5.40712e-07 1.03517e-06 
26
0
-0.525382
-0.000780724
0.190391 1.26901e-06 2.03521e-09 1.26901e-06 0.217538 -5.57539e-07 2.03521e-09 -5.57539e-07 1.03518e-06 
27
0
-0.556806
0.000245376
0.197411 1.75654e-06 2.16393e-09 1.75654e-06 0.22557 -5.73473e-07 2.16393e-09 -5.73473e-07 1.03518e-06 
28
0
-0.587299
-0.000644851
0.20443 1.54086e-06 2.36412e-09 1.54086e-06 0.233603 -5.88541e-07 2.36412e-09 -5.88541e-07 1.03519e-06 
29
0
-0.61852
-0.000226057
0.21145 1.96784e-06 2.48787e-09 1.96784e-06 0.241636 -6.02771e-07 2.48787e-09 -6.02771e-07 1.03519e-06 
30
0
-0.649964
-0.000509799
0.21847 2.09467e-06 2.65731e-09 2.09467e-06 0.249669 -6.16197e-07 2.65731e-09 -6.16197e-07 1.03519e-06 
31
0
-0.681921
8.96653e-06
0.22549 2.44819e-06 2.8041e-09 2.44819e-06 0.257702 -6.28851e-07 2.8041e-09 -6.28851e-07 1.0352e-06 
32
0
-0.714093
0.000321659
0.23251 2.3965e-06 2.98692e-09 2.3965e-06 0.265735 -6.40766e-07 2.98692e-09 -6.40766e-07 1.0352e-06 
33
0
-0.74585
0.000548507
0.23953 2.0845e-06 3.17204e-09 2.0845e-06 0.273769 -6.51978e-07 3.17204e-09 -6.51978e-07 1.0352e-06 
34
0
-0.777194
-0.000464618
0.24655 1.56987e-06 3.35477e-09 1.56987e-06 0.281802 -6.62516e-07 3.35477e-09 -6.62516e-07 1.03521e-06 
35
0
-0.809146
-0.000257542
0.253569 1.93403e-06 3.47193e-09 1.93403e-06 0.289836 -6.72419e-07 3.47193e-09 -6.72419e-07 1.03521e-06 
36
0
-0.841504
4.71704e-05
0.260589 2.12199e-06 3.63185e-09 2.12199e-06 0.29787 -6.81718e-07 3.63185e-09 -6.81718e-07 1.03521e-06 
37
0
-0.874007
0.000165081
0.267609 2.03227e-06 3.80827e-09 2.03227e-06 0.305903 -6.90444e-07 3.80827e-09 -6.90444e-07 1.03521e-06 
38
0
-0.905795
-0.000248699
0.274629 1.82828e-06 3.98154e-09 1.82828e-06 0.313937 -6.98628e-07 3.98154e-09 -6.98628e-07 1.03521e-06 
39
0
-0.937955
-0.000351118
0.281649 2.0266e-06 4.12363e-09 2.0266e-06 0.321971 -7.06298e-07 4.12363e-09 -7.06298e-07 1.03522e-06 
40
0
-0.969756
-0.000948267
0.288669 2.33434e-06 4.27279e-09 2.33434e-06 0.330005 -7.13486e-07 4.27279e-09 -7.13486e-07 1.03522e-06 
41
0
-1.00259
-1.37083e-05
0.295689 3.268e-06 4.39298e-09 3.268e-06 0.33804 -7.20217e-07 4.39298e-09 -7.20217e-07 1.03522e-06 
42
0
-1.03506
0.000394847
0.302709 3.23607e-06 4.58799e-09 3.23607e-06 0.346074 -7.26522e-07 4.58799e-09 -7.26522e-07 1.03522e-06 
43
0
-1.0677
0.000743011
0.309729 2.76144e-06 4.77791e-09 2.76144e-06 0.354108 -7.32423e-07 4.77791e-09 -7.32423e-07 1.03522e-06 
44
0
-1.0991
-0.000628907
0.316749 1.89039e-06 4.96939e-09 1.89039e-06 0.362142 -7.37946e-07 4.96939e-09 -7.37946e-07 1.03522e-06 
45
0
-1.132
-0.000162216
0.323769 2.55738e-06 5.06508e-09 2.55738e-06 0.370177 -7.43114e-07 5.06508e-09 -7.43114e-07 1.03522e-06 
46
0
-1.16409
-0.000298088
0.330789 2.69875e-06 5.23276e-09 2.69875e-06 0.378211 -7.47943e-07 5.23276e-09 -7.47943e-07 1.03522e-06 
47
0
-1.19651
-0.000773648
0.337809 3.00526e-06 5.38236e-09 3.00526e-06 0.386245 -7.52458e-07 5.38236e-09 -7.52458e-07 1.03522e-06 
48
0
-1.22948
-0.000125258
0.344829 3.89516e-06 5.50907e-09 3.89516e-06 0.39428 -7.5668e-07 5.50907e-09 -7.5668e-07 1.03522e-06 
49
0
-1.26207
0.000434249
0.351849 4.003e-06 5.68999e-09 4.003e-06 0.402314 -7.60627e-07 5.68999e-09 -7.60627e-07 1.03522e-06 
50
0
-1.29438
0.00019276
0.358869 3.40805e-06 5.88273e-09 3.40805e-06 0.410349 -7.64314e-07 5.88273e-09 -7.64314e-07 1.03522e-06 
51
0
-1.32682
0.000437852
0.365889 3.11285e-06 6.03898e-09 3.11285e-06 0.418383 -7.67758e-07 6.03898e-09 -7.67758e-07 1.03522e-06 
52
0
-1.35836
-0.000992187
0.372909 2.49104e-06 6.21284e-09 2.49104e-06 0.426418 -7.70972e-07 6.21284e-09 -7.70972e-07 1.03522e-06 
53
0
-1.39161
-0.000199326
0.379929 3.77114e-06 6.29492e-09 3.77114e-06 0.434452 -7.73975e-07 6.29492e-09 -7.73975e-07 1.03522e-06 
54
0
-1.42464
0.000190728
0.386949 3.99557e-06 6.47248e-09 3.99557e-06 0.442487 -7.76778e-07 6.47248e-09 -7.76778e-07 1.03522e-06 
55
0
-1.45598
-0.000679897
0.393969 3.68346e-06 6.65433e-09 3.68346e-06 0.450521 -7.79395e-07 6.65433e-09 -7.79395e-07 1.03522e-06 
56
0
-1.48841
-0.000442587
0.400989 4.59741e-06 6.76432e-09 4.59741e-06 0.458556 -7.81839e-07 6.76432e-09 -7.81839e-07 1.03522e-06 
57
0
-1.52116
-0.000138482
0.408009 5.18703e-06 6.9162e-09 5.18703e-06 0.46659 -7.8412e-07 6.9162e-09 -7.8412e-07 1.03523e-06 
58
0
-1.55315
-0.000581739
0.415029 5.34247e-06 7.08379e-09 5.34247e-06 0.474625 -7.8625e-07 7.08379e-09 -7.8625e-07 1.03523e-06 
59
0
-1.58542
-0.000213641
0.422049 6.16182e-06 7.21309e-09 6.16182e-06 0.482659 -7.88234e-07 7.21309e-09 -7.88234e-07 1.03523e-06 
60
0
-1.61814
9.31842e-05
0.429069 6.43813e-06 7.37637e-09 6.43813e-06 0.490694 -7.90085e-07 7.37637e-09 -7.90085e-07 1.03523e-06 
61
0
-1.65136
0.000469488
0.436089 6.24711e-06 7.54917e-09 6.24711e-06 0.498728 -7.91814e-07 7.54917e-09 -7.91814e-07 1.03523e-06 
62
0
-1.68258
-0.00113855
0.443109 5.46442e-06 7.73386e-09 5.46442e-06 0.506763 -7.93427e-07 7.73386e-09 -7.93427e-07 1.03523e-06 
63
0
-1.71573
-0.00055816
0.450129 7.22882e-06 7.80494e-09 7.22882e-06 0.514798 -7.94931e-07 7.80494e-09 -7.94931e-07 1.03523e-06 
64
0
-1.74865
-8.5261e-05
0.457149 8.0837e-06 7.96496e-09 8.0837e-06 0.522832 -7.96335e-07 7.96496e-09 -7.96335e-07 1.03523e-06 
65
0
-1.78064
-0.000658146
0.464169 8.17618e-06 8.14207e-09 8.17618e-06 0.530867 -7.97645e-07 8.14207e-09 -7.97645e-07 1.03523e-06 
66
0
-1.81266
-0.00101951
0.471189 9.22609e-06 8.26582e-09 9.22609e-06 0.538901 -7.98867e-07 8.26582e-09 -7.98867e-07 1.03523e-06 
67
0
-1.84561
-0.000923435
0.478209 1.09044e-05 8.38414e-09 1.09044e-05 0.546936 -8.00005e-07 8.38414e-09 -8.00005e-07 1.03523e-06 
68
0
-1.87938
0.000160463
0.485229 1.24435e-05 8.52629e-09 1.24435e-05 0.554971 -8.01067e-07 8.52629e-09 -8.01067e-07 1.03523e-06 
69
0
-1.91225
0.000514755
0.492249 1.21161e-05 8.7339e-09 1.21161e-05 0.563005 -8.02055e-07 8.7339e-09 -8.02055e-07 1.03523e-06 
70
0
-1.94518
0.00119407
0.499269 1.1158e-05 8.92364e-09 1.1158e-05 0.57104 -8.02978e-07 8.92364e-09 -8.02978e-07 1.03523e-06 
71
0
-1.97736
0.000527111
0.506289 8.96787e-06 9.13382e-09 8.96787e-06 0.579075 -8.03839e-07 9.13382e-09 -8.03839e-07 1.03523e-06 
72
0
-2.01008
0.000719069
0.513309 7.96111e-06 9.27699e-09 7.96111e-06 0.587109 -8.04643e-07 9.27699e-09 -8.04643e-07 1.03523e-06 
73
0
-2.04208
-0.000338228
0.520329 6.58677e-06 9.44913e-09 6.58677e-06 0.595144 -8.05393e-07 9.44913e-09 -8.05393e-07 1.03523e-06 
74
0
-2.07623
0.00120047
0.527349 7.17176e-06 9.55428e-09 7.17176e-06 0.603178 -8.06091e-07 9.55428e-09 -8.06091e-07 1.03523e-06 
75
0
-2.10798
0.00019387
0.534369 4.84825e-06 9.78871e-09 4.84825e-06 0.611213 -8.06743e-07 9.78871e-09 -8.06743e-07 1.03523e-06 
76
0
-2.13974
-0.000657375
0.541389 4.42812e-06 9.91275e-09 4.42812e-06 0.619248 -8.07352e-07 9.91275e-09 -8.07352e-07 1.03523e-06 
77
0
-2.17275
9.82051e-05
0.548409 5.66e-06 1.00111e-08 5.66e-06 0.627282 -8.07918e-07 1.00111e-08 -8.07918e-07 1.03523e-06 
78
0
-2.20442
-0.000920891
0.555429 5.41861e-06 1.01892e-08 5.41861e-06 0.635317 -8.08445e-07 1.01892e-08 -8.08445e-07 1.03523e-06 
79
0
-2.23844
0.000673801
0.562449 7.21011e-06 1.02856e-08 7.21011e-06 0.643352 -8.08938e-07 1.02856e-08 -8.08938e-07 1.03523e-06 
80
0
-2.27037
0.000159714
0.569469 5.79951e-06 1.05117e-08 5.79951e-06 0.651386 -8.09394e-07 1.05117e-08 -8.09394e-07 1.03523e-06 
81
0
-2.3019
-0.000892083
0.576489 5.42467e-06 1.06549e-08 5.42467e-06 0.659421 -8.09822e-07 1.06549e-08 -8.09822e-07 1.03523e-06 
82
0
-2.33517
-0.000286423
0.583509 7.22649e-06 1.07434e-08 7.22649e-06 0.667456 -8.10223e-07 1.07434e-08 -8.10223e-07 1.03523e-06 
83
0
-2.36744
-0.000789141
0.590529 7.77981e-06 1.09088e-08 7.77981e-06 0.67549 -8.10595e-07 1.09088e-08 -8.10595e-07 1.03523e-06 
84
0
-2.3998
-0.000542667
0.597549 9.40819e-06 1.10293e-08 9.40819e-06 0.683525 -8.10943e-07 1.10293e-08 -8.10943e-07 1.03523e-06 
85
0
-2.43249
-0.000460433
0.604569 1.05268e-05 1.11781e-08 1.05268e-05 0.69156 -8.11268e-07 1.11781e-08 -8.11268e-07 1.03523e-06 
86
0
-2.46523
-0.00046841
0.611589 1.14803e-05 1.13277e-08 1.14803e-05 0.699594 -8.11572e-07 1.13277e-08 -8.11572e-07 1.03523e-06 
87
0
-2.49827
0.000276951
0.618609 1.24631e-05 1.1474e-08 1.24631e-05 0.707629 -8.11853e-07 1.1474e-08 -8.11853e-07 1.03523e-06 
88
0
-2.52989
-0.000615554
0.625629 1.17989e-05 1.16641e-08 1.17989e-05 0.715664 -8.12116e-07 1.16641e-08 -8.12116e-07 1.03523e-06 
89
0
-2.56354
0.000559374
0.632649 1.31366e-05 1.17734e-08 1.31366e-05 0.723698 -8.12362e-07 1.17734e-08 -8.12362e-07 1.03523e-06 
90
0
-2.59597
3.50155e-05
0.639669 1.18155e-05 1.1982e-08 1.18155e-05 0.731733 -8.12591e-07 1.1982e-08 -8.12591e-07 1.03523e-06 
91
0
-2.62854
-0.000103899
0.646689 1.16871e-05 1.21229e-08 1.16871e-05 0.739768 -8.12806e-07 1.21229e-08 -8.12806e-07 1.03523e-06 
92
0
-2.66215
0.000863108
0.653709 1.1881e-05 1.22667e-08 1.1881e-05 0.747802 -8.13004e-07 1.22667e-08 -8.13004e-07 1.03523e-06 
93
0
-2.69369
-0.000429148
0.660729 9.80283e-06 1.24762e-08 9.80283e-06 0.755837 -8.13192e-07 1.24762e-08 -8.13192e-07 1.03523e-06 
94
0
-2.72706
0.000744443
0.667749 1.07754e-05 1.25736e-08 1.07754e-05 0.763872 -8.13366e-07 1.25736e-08 -8.13366e-07 1.03523e-06 
95
0
-2.75871
-0.000222545
0.674769 8.93854e-06 1.27805e-08 8.93854e-06 0.771906 -8.13529e-07 1.27805e-08 -8.13529e-07 1.03523e-06 
96
0
-2.79058
-0.00132115
0.681789 9.43112e-06 1.28942e-08 9.43112e-06 0.779941 -8.13681e-07 1.28942e-08 -8.13681e-07 1.03523e-06 
97
0
-2.8241
-0.000552171
0.688809 1.26251e-05 1.29705e-08 1.26251e-05 0.787976 -8.13824e-07 1.29705e-08 -8.13824e-07 1.03523e-06 
98
0
-2.85659
-0.000701343
0.695829 1.39461e-05 1.31379e-08 1.39461e-05 0.79601 -8.13957e-07 1.31379e-08 -8.13957e-07 1.03523e-06 
99
0
-2.88986
-7.02503e-05
0.702849 1.56548e-05 1.32763e-08 1.56548e-05 0.804045 -8.14081e-07 1.32763e-08 -8.14081e-07 1.03523e-06 
100
0
-2.92298
0.000412321
0.709869 1.57845e-05 1.34556e-08 1.57845e-05 0.81208 -8.14197e-07 1.34556e-08 -8.14197e-07 1.03523e-06 
101
0
-2.95559
0.000445207
0.716889 1.4683e-05 1.36426e-08 1.4683e-05 0.820114 -8.14306e-07 1.36426e-08 -8.14306e-07 1.03523e-06 
102
0
-2.9884
0.000751094
0.723909 1.34862e-05 1.381e-08 1.34862e-05 0.828149 -8.14408e-07 1.381e-08 -8.14408e-07 1.03523e-06 
103
0
-3.02057
4.42812e-06
0.730929 1.14809e-05 1.39906e-08 1.14809e-05 0.836184 -8.14504e-07 1.39906e-08 -8.14504e-07 1.03523e-06 
104
0
-3.05331
-0.000100844
0.737949 1.14213e-05 1.41147e-08 1.14213e-05 0.844218 -8.14593e-07 1.41147e-08 -8.14593e-07 1.03523e-06 
105
0
-3.08516
-0.000895655
0.744969 1.16413e-05 1.42565e-08 1.16413e-05 0.852253 -8.14676e-07 1.42565e-08 -8.14676e-07 1.03523e-06 
106
0
-3.11884
3.30973e-05
0.751989 1.39956e-05 1.43567e-08 1.39956e-05 0.860288 -8.14755e-07 1.43567e-08 -8.14755e-07 1.03523e-06 
107
0
-3.15153
0.000107165
0.759009 1.3858e-05 1.45442e-08 1.3858e-05 0.868322 -8.14827e-07 1.45442e-08 -8.14827e-07 1.03523e-06 
108
0
-3.18311
-0.00147525
0.766029 1.35171e-05 1.47078e-08 1.35171e-05 0.876357 -8.14895e-07 1.47078e-08 -8.14895e-07 1.03523e-06 
109
0
-3.21638
-0.00101713
0.773049 1.75382e-05 1.4769e-08 1.75382e-05 0.884392 -8.1496e-07 1.4769e-08 -8.1496e-07 1.03523e-06 
110
0
-3.24882
-0.000694387
0.780069 2.03214e-05 1.4913e-08 2.03214e-05 0.892426 -8.1502e-07 1.4913e-08 -8.1502e-07 1.03523e-06 
111
0
-3.28251
0.000499236
0.787089 2.22239e-05 1.50677e-08 2.22239e-05 0.900461 -8.15075e-07 1.50677e-08 -8.15075e-07 1.03523e-06 
112
0
-3.31439
0.000227501
0.794109 2.07609e-05 1.52846e-08 2.07609e-05 0.908496 -8.15128e-07 1.52846e-08 -8.15128e-07 1.03523e-06 
113
0
-3.34653
-0.000129321
0.801129 2.00623e-05 1.54387e-08 2.00623e-05 0.91653 -8.15178e-07 1.54387e-08 -8.15178e-07 1.03523e-06 
114
0
-3.37946
0.000238387
0.808149 2.03874e-05 1.55738e-08 2.03874e-05 0.924565 -8.15225e-07 1.55738e-08 -8.15225e-07 1.03523e-06 
115
0
-3.41182
-0.000478675
0.815169 1.96455e-05 1.57449e-08 1.96455e-05 0.9326 -8.15268e-07 1.57449e-08 -8.15268e-07 1.03523e-06 
116
0
-3.44343
-0.00135101
0.822189 2.10028e-05 1.5863e-08 2.10028e-05 0.940634 -8.15308e-07 1.5863e-08 -8.15308e-07 1.03523e-06 
117
0
-3.47685
-0.000404899
0.829209 2.49553e-05 1.59494e-08 2.49553e-05 0.948669 -8.15346e-07 1.59494e-08 -8.15346e-07 1.03523e-06 
118
0
-3.51045
0.000139691
0.836229 2.61165e-05 1.61291e-08 2.61165e-05 0.956704 -8.15382e-07 1.61291e-08 -8.15382e-07 1.03523e-06 
119
0
-3.54205
-0.000408755
0.843249 2.56477e-05 1.63174e-08 2.56477e-05 0.964738 -8.15415e-07 1.63174e-08 -8.15415e-07 1.03523e-06 
120
0
-3.57528
0.000584607
0.850269 2.68411e-05 1.64445e-08 2.68411e-05 0.972773 -8.15447e-07 1.64445e-08 -8.15447e-07 1.03523e-06 
121
0
-3.60824
0.000516966
0.857289 2.50026e-05 1.66478e-08 2.50026e-05 0.980808 -8.15477e-07 1.66478e-08 -8.15477e-07 1.03523e-06 
122
0
-3.6407
0.000365064
0.864309 2.33582e-05 1.6817e-08 2.33582e-05 0.988842 -8.15506e-07 1.6817e-08 -8.15506e-07 1.03523e-06 
123
0
-3.67383
0.00102416
0.871329 2.21736e-05 1.69719e-08 2.21736e-05 0.996877 -8.15534e-07 1.69719e-08 -8.15534e-07 1.03523e-06 
124
0
-3.70598
-0.000152935
0.878349 1.89109e-05 1.71709e-08 1.89109e-05 1.00491 -8.1556e-07 1.71709e-08 -8.1556e-07 1.03523e-06 
125
0
-3.739
-3.34215e-05
0.885369 1.93467e-05 1.72775e-08 1.93467e-05 1.01295 -8.15586e-07 1.72775e-08 -8.15586e-07 1.03523e-06 
126
0
-3.77122
-0.000749978
0.892389 1.94052e-05 1.7428e-08 1.94052e-05 1.02098 -8.1561e-07 1.7428e-08 -8.1561e-07 1.03523e-06 
127
0
-3.80476
0.000442969
0.899409 2.17681e-05 1.75367e-08 2.17681e-05 1.02902 -8.15633e-07 1.75367e-08 -8.15633e-07 1.03523e-06 
128
0
-3.83651
-0.000502893
0.906429 2.02847e-05 1.77423e-08 2.02847e-05 1.03705 -8.15656e-07 1.77423e-08 -8.15656e-07 1.03523e-06 
129
0
-3.86931
-0.000300266
0.913449 2.18787e-05 1.78527e-08 2.18787e-05 1.04508 -8.15677e-07 1.78527e-08 -8.15677e-07 1.03523e-06 
130
0
-3.90309
0.000822338
0.920469 2.28187e-05 1.80026e-08 2.28187e-05 1.05312 -8.15697e-07 1.80026e-08 -8.15697e-07 1.03523e-06 
131
0
-3.93502
-0.000201977
0.927489 2.00434e-05 1.82191e-08 2.00434e-05 1.06115 -8.15716e-07 1.82191e-08 -8.15716e-07 1.03523e-06 
132
0
-3.96761
-0.00024131
0.934509 2.06702e-05 1.83332e-08 2.06702e-05 1.06919 -8.15735e-07 1.83332e-08 -8.15735e-07 1.03523e-06 
133
0
-4.00013
-0.000871101
0.941529 2.14345e-05 1.84732e-08 2.14345e-05 1.07722 -8.15754e-07 1.84732e-08 -8.15754e-07 1.03523e-06 
134
0
-4.0335
-8.07624e-05
0.948549 2.43414e-05 1.85829e-08 2.43414e-05 1.08526 -8.15768e-07 1.85829e-08 -8.15768e-07 1.03523e-06 
135
0
-4.06742
0.000681326
0.955569 2.45692e-05 1.87631e-08 2.45692e-05 1.09329 -8.15782e-07 1.87631e-08 -8.15782e-07 1.03523e-06 
136
0
-4.09912
-0.000545914
0.962589 2.21751e-05 1.89682e-08 2.21751e-05 1.10133 -8.15798e-07 1.89682e-08 -8.15798e-07 1.03523e-06 
137
0
-4.13215
-0.00011088
0.969609 2.40204e-05 1.90658e-08 2.40204e-05 1.10936 -8.15814e-07 1.90658e-08 -8.15814e-07 1.03523e-06 
138
0
-4.16515
0.000508791
0.976629 2.43595e-05 1.9227e-08 2.43595e-05 1.1174 -8.15826e-07 1.9227e-08 -8.15826e-07 1.03523e-06 
139
0
-4.1984
0.000869953
0.983649 2.25207e-05 1.94162e-08 2.25207e-05 1.12543 -8.15839e-07 1.94162e-08 -8.15839e-07 1.03523e-06 
140
0
-4.23105
0.00106234
0.990669 1.93888e-05 1.96056e-08 1.93888e-05 1.13347 -8.15851e-07 1.96056e-08 -8.15851e-07 1.03523e-06 
141
0
-4.26289
0.000145154
0.997689 1.5548e-05 1.97877e-08 1.5548e-05 1.1415 -8.15867e-07 1.97877e-08 -8.15867e-07 1.03523e-06 
142
0
-4.29565
0.000519246
1.00471 1.49779e-05 1.9904e-08 1.49779e-05 1.14954 -8.15883e-07 1.9904e-08 -8.15883e-07 1.03523e-06 
143
0
-4.32957
0.00101092
1.01173 1.30496e-05 2.00724e-08 1.30496e-05 1.15757 -8.15895e-07 2.00724e-08 -8.15895e-07 1.03523e-06 
144
0
-4.36139
-0.000681396
1.01875 9.31538e-06 2.02665e-08 9.31538e-06 1.16561 -8.15906e-07 2.02665e-08 -8.15906e-07 1.03523e-06 
145
0
-4.3948
0.000921941
1.02577 1.17688e-05 2.03383e-08 1.17688e-05 1.17364 -8.15919e-07 2.03383e-08 -8.15919e-07 1.03523e-06 
146
0
-4.42761
0.000702073
1.03279 8.31217e-06 2.05587e-08 8.31217e-06 1.18167 -8.15929e-07 2.05587e-08 -8.15929e-07 1.03523e-06 
147
0
-4.45909
-2.59726e-05
1.03981 5.65059e-06 2.07219e-08 5.65059e-06 1.18971 -8.15941e-07 2.07219e-08 -8.15941e-07 1.03523e-06 
148
0
-4.49114
-0.000711274
1.04683 5.69955e-06 2.08368e-08 5.69955e-06 1.19774 -8.15954e-07 2.08368e-08 -8.15954e-07 1.03523e-06 
149
0
-4.5246
-0.000153564
1.05385 8.3347e-06 2.09371e-08 8.3347e-06 1.20578 -8.15964e-07 2.09371e-08 -8.15964e-07 1.03523e-06 
150
0
-4.55727
-0.00044778
1.06087 8.86954e-06 2.11019e-08 8.86954e-06 1.21381 -8.15974e-07 2.11019e-08 -8.15974e-07 1.03523e-06 
151
0
-4.59057
-8.66738e-05
1.06789 1.05332e-05 2.12344e-08 1.05332e-05 1.22185 -8.15982e-07 2.12344e-08 -8.15982e-07 1.03523e-06 
152
0
-4.62258
-0.000953224
1.07491 1.08184e-05 2.13973e-08 1.08184e-05 1.22988 -8.15992e-07 2.13973e-08 -8.15992e-07 1.03523e-06 
153
0
-4.65519
-0.000344315
1.08193 1.44631e-05 2.14955e-08 1.44631e-05 1.23792 -8.16002e-07 2.14955e-08 -8.16002e-07 1.03523e-06 
154
0
-4.68763
-0.000176304
1.08895 1.57573e-05 2.16571e-08 1.57573e-05 1.24595 -8.16012e-07 2.16571e-08 -8.16012e-07 1.03523e-06 
155
0
-4.72114
0.000592974
1.09597 1.64009e-05 2.18132e-08 1.64009e-05 1.25399 -8.16021e-07 2.18132e-08 -8.16021e-07 1.03523e-06 
156
0
-4.75381
-0.000384037
1.10299 1.40099e-05 2.20098e-08 1.40099e-05 1.26202 -8.16029e-07 2.20098e-08 -8.16029e-07 1.03523e-06 
157
0
-4.7864
5.11242e-05
1.11001 1.54882e-05 2.21214e-08 1.54882e-05 1.27006 -8.1604e-07 2.21214e-08 -8.1604e-07 1.03523e-06 
158
0
-4.81936
0.00032104
1.11703 1.52352e-05 2.22843e-08 1.52352e-05 1.27809 -8.16049e-07 2.22843e-08 -8.16049e-07 1.03523e-06 
159
0
-4.85226
0.000460158
1.12405 1.3894e-05 2.24547e-08 1.3894e-05 1.28613 -8.16057e-07 2.24547e-08 -8.16057e-07 1.03523e-06 
160
0
-4.88436
-0.000413262
1.13107 1.1981e-05 2.26226e-08 1.1981e-05 1.29416 -8.16065e-07 2.26226e-08 -8.16065e-07 1.03523e-06 
161
0
-4.9167
-0.000840999
1.13809 1.36175e-05 2.27306e-08 1.36175e-05 1.30219 -8.16076e-07 2.27306e-08 -8.16076e-07 1.03523e-06 
162
0
-4.94926
-0.000778056
1.14511 1.70192e-05 2.28418e-08 1.70192e-05 1.31023 -8.16084e-07 2.28418e-08 -8.16084e-07 1.03523e-06 
163
0
-4.98277
0.000237632
1.15213 2.01825e-05 2.29765e-08 2.01825e-05 1.31826 -8.16093e-07 2.29765e-08 -8.16093e-07 1.03523e-06 
164
0
-5.01578
0.000824954
1.15915 1.91469e-05 2.31752e-08 1.91469e-05 1.3263 -8.16101e-07 2.31752e-08 -8.16101e-07 1.03523e-06 
165
0
-5.04818
0.00062048
1.16617 1.56511e-05 2.33738e-08 1.56511e-05 1.33433 -8.16108e-07 2.33738e-08 -8.16108e-07 1.03523e-06 
166
0
-5.0804
-0.000309721
1.17319 1.2994e-05 2.3533e-08 1.2994e-05 1.34237 -8.16117e-07 2.3533e-08 -8.16117e-07 1.03523e-06 
167
0
-5.11376
0.000410107
1.18021 1.42554e-05 2.36395e-08 1.42554e-05 1.3504 -8.16124e-07 2.36395e-08 -8.16124e-07 1.03523e-06 
168
0
-5.1454
-0.000411935
1.18723 1.24618e-05 2.3822e-08 1.24618e-05 1.35844 -8.16132e-07 2.3822e-08 -8.16132e-07 1.03523e-06 
169
0
-5.17826
-2.66524e-05
1.19425 1.41764e-05 2.39331e-08 1.41764e-05 1.36647 -8.1614e-07 2.39331e-08 -8.1614e-07 1.03523e-06 
170
0
-5.21104
0.000144087
1.20127 1.42425e-05 2.40937e-08 1.42425e-05 1.37451 -8.16147e-07 2.40937e-08 -8.16147e-07 1.03523e-06 
171
0
-5.2434
5.12683e-05
1.20829 1.35698e-05 2.42561e-08 1.35698e-05 1.38254 -8.16156e-07 2.42561e-08 -8.16156e-07 1.03523e-06 
172
0
-5.27558
-4.84278e-05
1.21531 1.32979e-05 2.44045e-08 1.32979e-05 1.39058 -8.16164e-07 2.44045e-08 -8.16164e-07 1.03523e-06 
173
0
-5.30769
-0.000524183
1.22233 1.34614e-05 2.45479e-08 1.34614e-05 1.39861 -8.16171e-07 2.45479e-08 -8.16171e-07 1.03523e-06 
174
0
-5.34108
0.000735832
1.22935 1.57228e-05 2.46672e-08 1.57228e-05 1.40665 -8.1618e-07 2.46672e-08 -8.1618e-07 1.03523e-06 
175
0
-5.37345
0.000357326
1.23637 1.24126e-05 2.488e-08 1.24126e-05 1.41468 -8.16184e-07 2.488e-08 -8.16184e-07 1.03523e-06 
176
0
-5.40576
0.000655282
1.24339 1.0771e-05 2.50297e-08 1.0771e-05 1.42271 -8.16191e-07 2.50297e-08 -8.16191e-07 1.03523e-06 
177
0
-5.43885
0.00105822
1.25041 7.78462e-06 2.52011e-08 7.78462e-06 1.43075 -8.16197e-07 2.52011e-08 -8.16197e-07 1.03523e-06 
178
0
-5.47169
0.000355096
1.25743 2.9649e-06 2.53894e-08 2.9649e-06 1.43878 -8.16203e-07 2.53894e-08 -8.16203e-07 1.03523e-06 
179
0
-5.50392
-0.000519635
1.26445 1.30623e-06 2.55217e-08 1.30623e-06 1.44682 -8.16212e-07 2.55217e-08 -8.16212e-07 1.03523e-06 
180
0
-5.53676
-0.000219785
1.27147 3.62662e-06 2.56211e-08 3.62662e-06 1.45485 -8.1622e-07 2.56211e-08 -8.1622e-07 1.03523e-06 
181
0
-5.56948
0.000677625
1.27849 4.58546e-06 2.57715e-08 4.58546e-06 1.46289 -8.16229e-07 2.57715e-08 -8.16229e-07 1.03523e-06 
182
0
-5.60205
0.000344232
1.28551 1.41282e-06 2.59694e-08 1.41282e-06 1.47092 -8.16237e-07 2.59694e-08 -8.16237e-07 1.03523e-06 
183
0
-5.63466
-0.000130193
1.29253 -2.31603e-07 2.61175e-08 -2.31603e-07 1.47896 -8.16244e-07 2.61175e-08 -8.16244e-07 1.03523e-06 
184
0
-5.66688
-0.00045599
1.29955 3.26377e-07 2.62439e-08 3.26377e-07 1.48699 -8.16252e-07 2.62439e-08 -8.16252e-07 1.03523e-06 
185
0
-5.69918
-0.000313831
1.30657 2.41434e-06 2.63664e-08 2.41434e-06 1.49503 -8.1626e-07 2.63664e-08 -8.1626e-07 1.03523e-06 
186
0
-5.73159
-0.000452363
1.31359 3.84407e-06 2.65107e-08 3.84407e-06 1.50306 -8.16267e-07 2.65107e-08 -8.16267e-07 1.03523e-06 
187
0
-5.76443
-2.9039e-05
1.32061 5.93795e-06 2.66455e-08 5.93795e-06 1.5111 -8.16274e-07 2.66455e-08 -8.16274e-07 1.03523e-06 
188
0
-5.79715
0.000529484
1.32763 6.02735e-06 2.68109e-08 6.02735e-06 1.51913 -8.16282e-07 2.68109e-08 -8.16282e-07 1.03523e-06 
189
0
-5.82926
-0.000287663
1.33465 3.44353e-06 2.69954e-08 3.44353e-06 1.52717 -8.16289e-07 2.69954e-08 -8.16289e-07 1.03523e-06 
190
0
-5.86202
-0.00019438
1.34167 4.77914e-06 2.71102e-08 4.77914e-06 1.5352 -8.16294e-07 2.71102e-08 -8.16294e-07 1.03523e-06 
191
0
-5.8944
-0.000259763
1.34869 5.67069e-06 2.72555e-08 5.67069e-06 1.54323 -8.16301e-07 2.72555e-08 -8.16301e-07 1.03523e-06 
192
0
-5.92825
0.000870509
1.35571 6.88515e-06 2.7397e-08 6.88515e-06 1.55127 -8.16307e-07 2.7397e-08 -8.16307e-07 1.03523e-06 
193
0
-5.96026
8.9324e-06
1.36273 2.58029e-06 2.76115e-08 2.58029e-06 1.5593 -8.16312e-07 2.76115e-08 -8.16312e-07 1.03523e-06 
194
0
-5.99313
0.000306307
1.36975 2.48746e-06 2.77338e-08 2.48746e-06 1.56734 -8.16319e-07 2.77338e-08 -8.16319e-07 1.03523e-06 
195
0
-6.02612
0.000809848
1.37677 9.2543e-07 2.7897e-08 9.2543e-07 1.57537 -8.16323e-07 2.7897e-08 -8.16323e-07 1.03523e-06 
196
0
-6.05867
0.000582526
1.38379 -3.14451e-06 2.80838e-08 -3.14451e-06 1.58341 -8.16329e-07 2.80838e-08 -8.16329e-07 1.03523e-06 
197
0
-6.0908
0.000221209
1.39081 -6.10055e-06 2.82382e-08 -6.10055e-06 1.59144 -8.16336e-07 2.82382e-08 -8.16336e-07 1.03523e-06 
198
0
-6.12272
-0.000825313
1.39783 -7.25909e-06 2.83739e-08 -7.25909e-06 1.59948 -8.16343e-07 2.83739e-08 -8.16343e-07 1.03523e-06 
199
0
-6.15605
-0.000351477
1.40485 -3.14753e-06 2.84606e-08 -3.14753e-06 1.60751 -8.16351e-07 2.84606e-08 -8.16351e-07 1.03523e-06 
200
0
-6.18916
0.000431942
1.41187 -1.41581e-06 2.86163e-08 -1.41581e-06 1.61555 -8.16359e-07 2.86163e-08 -8.16359e-07 1.03523e-06 
201
0
-6.22092
-0.000611288
1.41889 -3.6643e-06 2.88082e-08 -3.6643e-06 1.62358 -8.16366e-07 2.88082e-08 -8.16366e-07 1.03523e-06 
202
0
-6.25373
-0.000139311
1.42591 -5.85212e-07 2.8908e-08 -5.85212e-07 1.63162 -8.16374e-07 2.8908e-08 -8.16374e-07 1.03523e-06 
203
0
-6.28665
0.000125677
1.43293 8.21204e-08 2.90675e-08 8.21204e-08 1.63965 -8.16382e-07 2.90675e-08 -8.16382e-07 1.03523e-06 
204
0
-6.31801
-0.000597257
1.43995 -6.16482e-07 2.92333e-08 -6.16482e-07 1.64769 -8.16388e-07 2.92333e-08 -8.16388e-07 1.03523e-06 
205
0
-6.35106
5.66676e-05
1.44697 2.43621e-06 2.93413e-08 2.43621e-06 1.65572 -8.16395e-07 2.93413e-08 -8.16395e-07 1.03523e-06 
206
0
-6.38333
-0.000446135
1.45399 2.09134e-06 2.95144e-08 2.09134e-06 1.66375 -8.16401e-07 2.95144e-08 -8.16401e-07 1.03523e-06 
207
0
-6.41598
-0.000577896
1.46101 4.3818e-06 2.96393e-08 4.3818e-06 1.67179 -8.16409e-07 2.96393e-08 -8.16409e-07 1.03523e-06 
208
0
-6.45027
0.00106327
1.46803 7.37786e-06 2.97714e-08 7.37786e-06 1.67982 -8.16416e-07 2.97714e-08 -8.16416e-07 1.03523e-06 
209
0
-6.48187
-0.000501367
1.47505 1.69881e-06 3.00113e-08 1.69881e-06 1.68786 -8.16421e-07 3.00113e-08 -8.16421e-07 1.03523e-06 
210
0
-6.51451
-0.000802928
1.48207 4.31705e-06 3.00997e-08 4.31705e-06 1.69589 -8.16428e-07 3.00997e-08 -8.16428e-07 1.03523e-06 
211
0
-6.54719
-0.000534975
1.48909 8.55999e-06 3.02149e-08 8.55999e-06 1.70393 -8.16435e-07 3.02149e-08 -8.16435e-07 1.03523e-06 
212
0
-6.58055
0.000499504
1.49611 1.13841e-05 3.03635e-08 1.13841e-05 1.71196 -8.16442e-07 3.03635e-08 -8.16442e-07 1.03523e-06 
213
0
-6.61289
0.000361109
1.50313 8.63939e-06 3.0569e-08 8.63939e-06 1.72 -8.16449e-07 3.0569e-08 -8.16449e-07 1.03523e-06 
214
0
-6.64457
-0.000847465
1.51015 6.63236e-06 3.07285e-08 6.63236e-06 1.72803 -8.16458e-07 3.07285e-08 -8.16458e-07 1.03523e-06 
215
0
-6.67759
-0.000283932
1.51717 1.11993e-05 3.08137e-08 1.11993e-05 1.73607 -8.16467e-07 3.08137e-08 -8.16467e-07 1.03523e-06 
216
0
-6.71053
6.26649e-05
1.52419 1.27039e-05 3.09751e-08 1.27039e-05 1.7441 -8.16474e-07 3.09751e-08 -8.16474e-07 1.03523e-06 
217
0
-6.74332
-0.000143751
1.53121 1.23101e-05 3.11456e-08 1.23101e-05 1.75214 -8.16481e-07 3.11456e-08 -8.16481e-07 1.03523e-06 
218
0
-6.77638
0.000424417
1.53823 1.30548e-05 3.12907e-08 1.30548e-05 1.76017 -8.16488e-07 3.12907e-08 -8.16488e-07 1.03523e-06 
219
0
-6.80894
0.000375073
1.54525 1.06506e-05 3.14738e-08 1.06506e-05 1.76821 -8.16496e-07 3.14738e-08 -8.16496e-07 1.03523e-06 
220
0
-6.84228
0.00100129
1.55227 8.51066e-06 3.16344e-08 8.51066e-06 1.77624 -8.16503e-07 3.16344e-08 -8.16503e-07 1.03523e-06 
221
0
-6.87376
0.000313508
1.55929 2.85487e-06 3.1832e-08 2.85487e-06 1.78427 -8.16508e-07 3.1832e-08 -8.16508e-07 1.03523e-06 
222
0
-6.90564
-0.000644224
1.56631 1.0422e-06 3.1962e-08 1.0422e-06 1.79231 -8.16516e-07 3.1962e-08 -8.16516e-07 1.03523e-06 
223
0
-6.93987
0.00110779
1.57333 4.63271e-06 3.20557e-08 4.63271e-06 1.80034 -8.16523e-07 3.20557e-08 -8.16523e-07 1.03523e-06 
224
0
-6.97229
0.000578616
1.58035 -1.70379e-06 3.22937e-08 -1.70379e-06 1.80838 -8.1653e-07 3.22937e-08 -8.1653e-07 1.03523e-06 
225
0
-7.00391
-0.000250692
1.58737 -5.05168e-06 3.24445e-08 -5.05168e-06 1.81641 -8.16538e-07 3.24445e-08 -8.16538e-07 1.03523e-06 
226
0
-7.03674
5.81882e-05
1.59439 -3.6656e-06 3.25514e-08 -3.6656e-06 1.82445 -8.16545e-07 3.25514e-08 -8.16545e-07 1.03523e-06 
227
0
-7.06985
-2.07479e-05
1.60141 -4.0497e-06 3.27083e-08 -4.0497e-06 1.83248 -8.16552e-07 3.27083e-08 -8.16552e-07 1.03523e-06 
228
0
-7.10179
-0.000637857
1.60843 -3.9793e-06 3.28575e-08 -3.9793e-06 1.84052 -8.16559e-07 3.28575e-08 -8.16559e-07 1.03523e-06 
229
0
-7.13514
0.000595698
1.61545 -3.27813e-07 3.29685e-08 -3.27813e-07 1.84855 -8.16564e-07 3.29685e-08 -8.16564e-07 1.03523e-06 
230
0
-7.1672
0.000291804
1.62247 -3.84878e-06 3.31757e-08 -3.84878e-06 1.85659 -8.16569e-07 3.31757e-08 -8.16569e-07 1.03523e-06 
231
0
-7.19923
-0.000738075
1.62949 -5.60617e-06 3.33247e-08 -5.60617e-06 1.86462 -8.16575e-07 3.33247e-08 -8.16575e-07 1.03523e-06 
232
0
-7.23308
0.000633708
1.63651 -1.31707e-06 3.34171e-08 -1.31707e-06 1.87266 -8.16581e-07 3.34171e-08 -8.16581e-07 1.03523e-06 
233
0
-7.26523
-0.000449142
1.64353 -5.10781e-06 3.36295e-08 -5.10781e-06 1.88069 -8.16587e-07 3.36295e-08 -8.16587e-07 1.03523e-06 
234
0
-7.2985
0.000542523
1.65055 -2.49438e-06 3.37357e-08 -2.49438e-06 1.88873 -8.16593e-07 3.37357e-08 -8.16593e-07 1.03523e-06 
235
0
-7.33081
-0.000382128
1.65757 -5.77434e-06 3.39307e-08 -5.77434e-06 1.89676 -8.16598e-07 3.39307e-08 -8.16598e-07 1.03523e-06 
236
0
-7.36417
0.000455495
1.66459 -3.53889e-06 3.40421e-08 -3.53889e-06 1.90479 -8.16606e-07 3.40421e-08 -8.16606e-07 1.03523e-06 
237
0
-7.39709
0.000829783
1.67161 -6.32379e-06 3.42305e-08 -6.32379e-06 1.91283 -8.16611e-07 3.42305e-08 -8.16611e-07 1.03523e-06 
238
0
-7.42893
-0.000194305
1.67863 -1.13774e-05 3.44164e-08 -1.13774e-05 1.92086 -8.16618e-07 3.44164e-08 -8.16618e-07 1.03523e-06 
239
0
-7.46105
-0.000149126
1.68565 -1.02503e-05 3.45226e-08 -1.02503e-05 1.9289 -8.16624e-07 3.45226e-08 -8.16624e-07 1.03523e-06 
240
0
-7.49315
4.48785e-05
1.69267 -9.3931e-06 3.4662e-08 -9.3931e-06 1.93693 -8.1663e-07 3.4662e-08 -8.1663e-07 1.03523e-06 
241
0
-7.52569
-1.96773e-05
1.69969 -9.71683e-06 3.48163e-08 -9.71683e-06 1.94497 -8.16635e-07 3.48163e-08 -8.16635e-07 1.03523e-06 
242
0
-7.55794
-2.04424e-05
1.70671 -9.64586e-06 3.49632e-08 -9.64586e-06 1.953 -8.16643e-07 3.49632e-08 -8.16643e-07 1.03523e-06 
243
0
-7.59061
-0.000276417
1.71373 -9.56969e-06 3.51103e-08 -9.56969e-06 1.96104 -8.1665e-07 3.51103e-08 -8.1665e-07 1.03523e-06 
244
0
-7.62425
0.000656857
1.72075 -7.91042e-06 3.52445e-08 -7.91042e-06 1.96907 -8.16655e-07 3.52445e-08 -8.16655e-07 1.03523e-06 
245
0
-7.65684
0.000544376
1.72777 -1.2038e-05 3.5445e-08 -1.2038e-05 1.97711 -8.16665e-07 3.5445e-08 -8.16665e-07 1.03523e-06 
246
0
-7.68924
0.000161162
1.73479 -1.5481e-05 3.56065e-08 -1.5481e-05 1.98514 -8.16673e-07 3.56065e-08 -8.16673e-07 1.03523e-06 
247
0
-7.72222
0.000533283
1.74181 -1.65394e-05 3.57431e-08 -1.65394e-05 1.99318 -8.16679e-07 3.57431e-08 -8.16679e-07 1.03523e-06 
248
0
-7.75401
-8.93464e-05
1.74883 -1.99405e-05 3.5915e-08 -1.99405e-05 2.00121 -8.16685e-07 3.5915e-08 -8.16685e-07 1.03523e-06 
249
0
-7.7865
0.000213826
1.75585 -1.94265e-05 3.60366e-08 -1.94265e-05 2.00925 -8.16691e-07 3.60366e-08 -8.16691e-07 1.03523e-06 
250
0
-7.81815
-0.000809407
1.76287 -2.08309e-05 3.6196e-08 -2.08309e-05 2.01728 -8.16696e-07 3.6196e-08 -8.16696e-07 1.03523e-06 
251
0
-7.85175
-0.000205739
1.76989 -1.57327e-05 3.62871e-08 -1.57327e-05 2.02531 -8.16703e-07 3.62871e-08 -8.16703e-07 1.03523e-06 
252
0
-7.88446
-0.000226567
1.77691 -1.44689e-05 3.64524e-08 -1.44689e-05 2.03335 -8.16707e-07 3.64524e-08 -8.16707e-07 1.03523e-06 
253
0
-7.91719
-0.000217258
1.78393 -1.30662e-05 3.66006e-08 -1.30662e-05 2.04138 -8.16712e-07 3.66006e-08 -8.16712e-07 1.03523e-06 
254
0
-7.95043
0.000103451
1.79095 -1.17178e-05 3.67475e-08 -1.17178e-05 2.04942 -8.16718e-07 3.67475e-08 -8.16718e-07 1.03523e-06 
255
0
-7.98313
-0.000113492
1.79797 -1.24362e-05 3.69145e-08 -1.24362e-05 2.05745 -8.16726e-07 3.69145e-08 -8.16726e-07 1.03523e-06 
256
0
-8.01573
0.000109854
1.80499 -1.17499e-05 3.70568e-08 -1.17499e-05 2.06549 -8.16733e-07 3.70568e-08 -8.16733e-07 1.03523e-06 
257
0
-8.0478
-0.000707274
1.81201 -1.25153e-05 3.72166e-08 -1.25153e-05 2.07352 -8.1674e-07 3.72166e-08 -8.1674e-07 1.03523e-06 
258
0
-8.08105
-0.000340591
1.81903 -7.94122e-06 3.7321e-08 -7.94122e-06 2.08156 -8.16748e-07 3.7321e-08 -8.16748e-07 1.03523e-06 
259
0
-8.11476
0.000219392
1.82605 -5.75586e-06 3.74764e-08 -5.75586e-06 2.08959 -8.16754e-07 3.74764e-08 -8.16754e-07 1.03523e-06 
260
0
-8.14703
-0.000490468
1.83307 -7.25134e-06 3.76594e-08 -7.25134e-06 2.09763 -8.1676e-07 3.76594e-08 -8.1676e-07 1.03523e-06 
261
0
-8.1808
0.000259966
1.84009 -4.05745e-06 3.77771e-08 -4.05745e-06 2.10566 -8.16768e-07 3.77771e-08 -8.16768e-07 1.03523e-06 
262
0
-8.2141
0.000484104
1.84711 -5.83346e-06 3.79627e-08 -5.83346e-06 2.1137 -8.16772e-07 3.79627e-08 -8.16772e-07 1.03523e-06 
263
0
-8.24698
0.000483174
1.85413 -9.10986e-06 3.81393e-08 -9.10986e-06 2.12173 -8.1678e-07 3.81393e-08 -8.1678e-07 1.03523e-06 
264
0
-8.27939
0.000311531
1.86115 -1.23923e-05 3.83029e-08 -1.23923e-05 2.12977 -8.16787e-07 3.83029e-08 -8.16787e-07 1.03523e-06 
265
0
-8.31264
0.00024906
1.86817 -1.45344e-05 3.84521e-08 -1.45344e-05 2.1378 -8.16793e-07 3.84521e-08 -8.16793e-07 1.03523e-06 
266
0
-8.34571
0.000756975
1.87519 -1.62634e-05 3.86058e-08 -1.62634e-05 2.14583 -8.168e-07 3.86058e-08 -8.168e-07 1.03523e-06 
267
0
-8.37731
-0.000405834
1.88221 -2.14352e-05 3.8791e-08 -2.14352e-05 2.15387 -8.16807e-07 3.8791e-08 -8.16807e-07 1.03523e-06 
268
0
-8.41058
3.22606e-05
1.88923 -1.87291e-05 3.88873e-08 -1.87291e-05 2.1619 -8.16814e-07 3.88873e-08 -8.16814e-07 1.03523e-06 
269
0
-8.44305
-0.000322743
1.89625 -1.89992e-05 3.90492e-08 -1.89992e-05 2.16994 -8.1682e-07 3.90492e-08 -8.1682e-07 1.03523e-06 
270
0
-8.47615
0.000128037
1.90327 -1.68411e-05 3.91804e-08 -1.68411e-05 2.17797 -8.16825e-07 3.91804e-08 -8.16825e-07 1.03523e-06 
271
0
-8.50888
9.71017e-06
1.91029 -1.77707e-05 3.93499e-08 -1.77707e-05 2.18601 -8.16831e-07 3.93499e-08 -8.16831e-07 1.03523e-06 
272
0
-8.54108
-0.000389148
1.91731 -1.78878e-05 3.94987e-08 -1.78878e-05 2.19404 -8.16838e-07 3.94987e-08 -8.16838e-07 1.03523e-06 
273
0
-8.57399
0.000347162
1.92433 -1.52458e-05 3.9624e-08 -1.52458e-05 2.20208 -8.16845e-07 3.9624e-08 -8.16845e-07 1.03523e-06 
274
0
-8.60667
0.000360943
1.93135 -1.77066e-05 3.98072e-08 -1.77066e-05 2.21011 -8.16851e-07 3.98072e-08 -8.16851e-07 1.03523e-06 
275
0
-8.63989
0.000915837
1.93837 -2.02723e-05 3.99693e-08 -2.02723e-05 2.21815 -8.16859e-07 3.99693e-08 -8.16859e-07 1.03523e-06 
276
0
-8.67187
-3.53032e-05
1.94539 -2.67283e-05 4.01608e-08 -2.67283e-05 2.22618 -8.16866e-07 4.01608e-08 -8.16866e-07 1.03523e-06 
277
0
-8.70414
-0.000439926
1.95241 -2.65308e-05 4.0274e-08 -2.65308e-05 2.23422 -8.16874e-07 4.0274e-08 -8.16874e-07 1.03523e-06 
278
0
-8.73709
-0.000385857
1.95943 -2.34818e-05 4.03917e-08 -2.34818e-05 2.24225 -8.16881e-07 4.03917e-08 -8.16881e-07 1.03523e-06 
279
0
-8.76936
-0.0013448
1.96645 -2.0804e-05 4.05334e-08 -2.0804e-05 2.25029 -8.16887e-07 4.05334e-08 -8.16887e-07 1.03523e-06 
280
0
-8.80257
-0.000434002
1.97347 -1.13119e-05 4.06195e-08 -1.13119e-05 2.25832 -8.16894e-07 4.06195e-08 -8.16894e-07 1.03523e-06 
281
0
-8.8361
0.000600869
1.98049 -8.27171e-06 4.07932e-08 -8.27171e-06 2.26636 -8.16901e-07 4.07932e-08 -8.16901e-07 1.03523e-06 
282
0
-8.86803
-0.000355516
1.98751 -1.26163e-05 4.10047e-08 -1.26163e-05 2.27439 -8.16906e-07 4.10047e-08 -8.16906e-07 1.03523e-06 
283
0
-8.90128
0.000528869
1.99453 -1.0117e-05 4.11177e-08 -1.0117e-05 2.28242 -8.16914e-07 4.11177e-08 -8.16914e-07 1.03523e-06 
284
0
-8.93311
-0.000285851
2.00155 -1.39738e-05 4.131e-08 -1.39738e-05 2.29046 -8.16922e-07 4.131e-08 -8.16922e-07 1.03523e-06 
285
0
-8.96641
0.000125995
2.00857 -1.19597e-05 4.14262e-08 -1.19597e-05 2.29849 -8.1693e-07 4.14262e-08 -8.1693e-07 1.03523e-06 
286
0
-8.99864
7.0077e-05
2.01559 -1.29234e-05 4.15932e-08 -1.29234e-05 2.30653 -8.16936e-07 4.15932e-08 -8.16936e-07 1.03523e-06 
287
0
-9.03117
0.000143663
2.02261 -1.34836e-05 4.1744e-08 -1.34836e-05 2.31456 -8.16943e-07 4.1744e-08 -8.16943e-07 1.03523e-06 
288
0
-9.0645
0.000909692
2.02963 -1.45827e-05 4.18998e-08 -1.45827e-05 2.3226 -8.16951e-07 4.18998e-08 -8.16951e-07 1.03523e-06 
289
0
-9.09653
0.000118025
2.03665 -2.12959e-05 4.21004e-08 -2.12959e-05 2.33063 -8.16959e-07 4.21004e-08 -8.16959e-07 1.03523e-06 
290
0
-9.12845
-0.000387436
2.04367 -2.22139e-05 4.22253e-08 -2.22139e-05 2.33867 -8.16967e-07 4.22253e-08 -8.16967e-07 1.03523e-06 
291
0
-9.16185
-0.000133048
2.05069 -1.94072e-05 4.23409e-08 -1.94072e-05 2.3467 -8.16974e-07 4.23409e-08 -8.16974e-07 1.03523e-06 
292
0
-9.19497
0.00048547
2.05771 -1.84733e-05 4.24969e-08 -1.84733e-05 2.35474 -8.16979e-07 4.24969e-08 -8.16979e-07 1.03523e-06 
293
0
-9.22808
0.000691714
2.06473 -2.21288e-05 4.26836e-08 -2.21288e-05 2.36277 -8.16988e-07 4.26836e-08 -8.16988e-07 1.03523e-06 
294
0
-9.26018
8.86468e-05
2.07175 -2.73334e-05 4.28612e-08 -2.73334e-05 2.37081 -8.16995e-07 4.28612e-08 -8.16995e-07 1.03523e-06 
295
0
-9.2924
-7.96127e-05
2.07877 -2.80468e-05 4.29894e-08 -2.80468e-05 2.37884 -8.17002e-07 4.29894e-08 -8.17002e-07 1.03523e-06 
296
0
-9.32456
-0.000628491
2.0858 -2.75003e-05 4.31251e-08 -2.75003e-05 2.38688 -8.17008e-07 4.31251e-08 -8.17008e-07 1.03523e-06 
297
0
-9.35779
6.34217e-05
2.09282 -2.28203e-05 4.32377e-08 -2.28203e-05 2.39491 -8.17013e-07 4.32377e-08 -8.17013e-07 1.03523e-06 
298
0
-9.39121
0.000876027
2.09984 -2.33501e-05 4.34137e-08 -2.33501e-05 2.40294 -8.17017e-07 4.34137e-08 -8.17017e-07 1.03523e-06 
299
0
-9.42399
0.000574057
2.10686 -3.00392e-05 4.36189e-08 -3.00392e-05 2.41098 -8.17024e-07 4.36189e-08 -8.17024e-07 1.03523e-06 
300
0
-9.45581
-0.000259327
2.11388 -3.44546e-05 4.37746e-08 -3.44546e-05 2.41901 -8.17031e-07 4.37746e-08 -8.17031e-07 1.03523e-06 
301
0
-9.48906
0.000517187
2.1209 -3.25271e-05 4.38824e-08 -3.25271e-05 2.42705 -8.1704e-07 4.38824e-08 -8.1704e-07 1.03523e-06 
302
0
-9.52163
0.000406152
2.12792 -3.65364e-05 4.40675e-08 -3.65364e-05 2.43508 -8.17046e-07 4.40675e-08 -8.17046e-07 1.03523e-06 
303
0
-9.55416
0.000310566
2.13494 -3.97062e-05 4.42238e-08 -3.97062e-05 2.44312 -8.17052e-07 4.42238e-08 -8.17052e-07 1.03523e-06 
304
0
-9.58642
-0.000158517
2.14196 -4.21499e-05 4.4374e-08 -4.21499e-05 2.45115 -8.17059e-07 4.4374e-08 -8.17059e-07 1.03523e-06 
305
0
-9.62018
9.31293e-05
2.14898 -4.09755e-05 4.4499e-08 -4.09755e-05 2.45919 -8.17065e-07 4.4499e-08 -8.17065e-07 1.03523e-06 
306
0
-9.65301
0.000192253
2.156 -4.17486e-05 4.466e-08 -4.17486e-05 2.46722 -8.17073e-07 4.466e-08 -8.17073e-07 1.03523e-06 
307
0
-9.68632
0.00016854
2.16302 -4.32955e-05 4.48186e-08 -4.32955e-05 2.47526 -8.17081e-07 4.48186e-08 -8.17081e-07 1.03523e-06 
308
0
-9.71851
-8.33168e-05
2.17004 -4.46621e-05 4.4973e-08 -4.46621e-05 2.48329 -8.17089e-07 4.4973e-08 -8.17089e-07 1.03523e-06 
309
0
-9.75141
0.000231068
2.17706 -4.40606e-05 4.51088e-08 -4.40606e-05 2.49133 -8.17095e-07 4.51088e-08 -8.17095e-07 1.03523e-06 
310
0
-9.78398
0.000530793
2.18408 -4.59271e-05 4.5273e-08 -4.59271e-05 2.49936 -8.17103e-07 4.5273e-08 -8.17103e-07 1.03523e-06 
311
0
-9.81581
-0.00015624
2.1911 -5.01619e-05 4.54446e-08 -5.01619e-05 2.5074 -8.1711e-07 4.54446e-08 -8.1711e-07 1.03523e-06 
312
0
-9.8478
-0.000922232
2.19812 -4.89775e-05 4.55622e-08 -4.89775e-05 2.51543 -8.17117e-07 4.55622e-08 -8.17117e-07 1.03523e-06 
313
0
-9.88161
-9.34664e-05
2.20514 -4.17127e-05 4.56564e-08 -4.17127e-05 2.52346 -8.17124e-07 4.56564e-08 -8.17124e-07 1.03523e-06 
314
0
-9.91499
0.000460965
2.21216 -4.102e-05 4.58342e-08 -4.102e-05 2.5315 -8.17131e-07 4.58342e-08 -8.17131e-07 1.03523e-06 
315
0
-9.94698
-0.000318454
2.21918 -4.47513e-05 4.60217e-08 -4.47513e-05 2.53953 -8.17138e-07 4.60217e-08 -8.17138e-07 1.03523e-06 
316
0
-9.97916
-0.00117913
2.2262 -4.2252e-05 4.61372e-08 -4.2252e-05 2.54757 -8.17147e-07 4.61372e-08 -8.17147e-07 1.03523e-06 
317
0
-10.0118
-0.000806455
2.23322 -3.28297e-05 4.62248e-08 -3.28297e-05 2.5556 -8.17157e-07 4.62248e-08 -8.17157e-07 1.03523e-06 
318
0
-10.0444
-0.000351168
2.24024 -2.63811e-05 4.63677e-08 -2.63811e-05 2.56364 -8.17163e-07 4.63677e-08 -8.17163e-07 1.03523e-06 
319
0
-10.0772
0.000130382
2.24726 -2.35932e-05 4.65313e-08 -2.35932e-05 2.57167 -8.1717e-07 4.65313e-08 -8.1717e-07 1.03523e-06 
320
0
-10.1096
-0.000427138
2.25428 -2.47019e-05 4.67077e-08 -2.47019e-05 2.57971 -8.17178e-07 4.67077e-08 -8.17178e-07 1.03523e-06 
321
0
-10.1425
-0.000566051
2.2613 -2.12781e-05 4.68325e-08 -2.12781e-05 2.58774 -8.17184e-07 4.68325e-08 -8.17184e-07 1.03523e-06 
322
0
-10.175
-0.00087396
2.26832 -1.67097e-05 4.69663e-08 -1.67097e-05 2.59578 -8.17191e-07 4.69663e-08 -8.17191e-07 1.03523e-06 
323
0
-10.2089
0.000372335
2.27534 -9.60636e-06 4.70885e-08 -9.60636e-06 2.60381 -8.17197e-07 4.70885e-08 -8.17197e-07 1.03523e-06 
324
0
-10.2411
0.0002372
2.28236 -1.27153e-05 4.72996e-08 -1.27153e-05 2.61185 -8.17202e-07 4.72996e-08 -8.17202e-07 1.03523e-06 
325
0
-10.2735
-0.00067423
2.28938 -1.47205e-05 4.74586e-08 -1.47205e-05 2.61988 -8.1721e-07 4.74586e-08 -8.1721e-07 1.03523e-06 
326
0
-10.3064
-0.000252404
2.2964 -9.20095e-06 4.75628e-08 -9.20095e-06 2.62792 -8.17217e-07 4.75628e-08 -8.17217e-07 1.03523e-06 
327
0
-10.3392
-0.000106077
2.30342 -7.16043e-06 4.77223e-08 -7.16043e-06 2.63595 -8.17223e-07 4.77223e-08 -8.17223e-07 1.03523e-06 
328
0
-10.3712
-0.00101742
2.31044 -6.32998e-06 4.78817e-08 -6.32998e-06 2.64398 -8.1723e-07 4.78817e-08 -8.1723e-07 1.03523e-06 
329
0
-10.4042
-0.00024005
2.31746 2.10253e-06 4.79796e-08 2.10253e-06 2.65202 -8.17237e-07 4.79796e-08 -8.17237e-07 1.03523e-06 
330
0
-10.438
0.000798423
2.32448 4.05886e-06 4.81545e-08 4.05886e-06 2.66005 -8.17241e-07 4.81545e-08 -8.17241e-07 1.03523e-06 
331
0
-10.4703
0.00032008
2.3315 -2.69093e-06 4.83725e-08 -2.69093e-06 2.66809 -8.17247e-07 4.83725e-08 -8.17247e-07 1.03523e-06 
332
0
-10.5018
-0.000536041
2.33852 -5.43581e-06 4.85204e-08 -5.43581e-06 2.67612 -8.17256e-07 4.85204e-08 -8.17256e-07 1.03523e-06 
333
0
-10.5344
-0.000682762
2.34554 -9.63018e-07 4.8624e-08 -9.63018e-07 2.68416 -8.17261e-07 4.8624e-08 -8.17261e-07 1.03523e-06 
334
0
-10.5668
-0.000240028
2.35256 4.76539e-06 4.87518e-08 4.76539e-06 2.69219 -8.17267e-07 4.87518e-08 -8.17267e-07 1.03523e-06 
335
0
-10.5992
-6.15561e-05
2.35958 6.75189e-06 4.89154e-08 6.75189e-06 2.70023 -8.17272e-07 4.89154e-08 -8.17272e-07 1.03523e-06 
336
0
-10.6319
0.000546008
2.3666 7.22454e-06 4.90764e-08 7.22454e-06 2.70826 -8.17277e-07 4.90764e-08 -8.17277e-07 1.03523e-06 
337
0
-10.6636
-0.000258454
2.37362 2.50916e-06 4.92655e-08 2.50916e-06 2.7163 -8.17284e-07 4.92655e-08 -8.17284e-07 1.03523e-06 
338
0
-10.6962
-0.000272905
2.38064 4.67174e-06 4.93834e-08 4.67174e-06 2.72433 -8.17291e-07 4.93834e-08 -8.17291e-07 1.03523e-06 
339
0
-10.7296
0.000315654
2.38766 6.965e-06 4.95256e-08 6.965e-06 2.73237 -8.17297e-07 4.95256e-08 -8.17297e-07 1.03523e-06 
340
0
-10.7621
-0.000212592
2.39468 4.19311e-06 4.97102e-08 4.19311e-06 2.7404 -8.17304e-07 4.97102e-08 -8.17304e-07 1.03523e-06 
341
0
-10.7956
0.000486928
2.4017 5.97888e-06 4.98426e-08 5.97888e-06 2.74844 -8.1731e-07 4.98426e-08 -8.1731e-07 1.03523e-06 
342
0
-10.8283
0.000270737
2.40872 1.70625e-06 5.00325e-08 1.70625e-06 2.75647 -8.17317e-07 5.00325e-08 -8.17317e-07 1.03523e-06 
343
0
-10.8599
-0.000837565
2.41574 -6.99211e-07 5.01866e-08 -6.99211e-07 2.7645 -8.17326e-07 5.01866e-08 -8.17326e-07 1.03523e-06 
344
0
-10.8935
9.22852e-05
2.42276 6.55191e-06 5.02757e-08 6.55191e-06 2.77254 -8.17334e-07 5.02757e-08 -8.17334e-07 1.03523e-06 
345
0
-10.9261
-3.12852e-05
2.42978 5.69311e-06 5.04622e-08 5.69311e-06 2.78057 -8.17339e-07 5.04622e-08 -8.17339e-07 1.03523e-06 
346
0
-10.9591
0.000387267
2.4368 5.91566e-06 5.06148e-08 5.91566e-06 2.78861 -8.17347e-07 5.06148e-08 -8.17347e-07 1.03523e-06 
347
0
-10.9912
-0.000965863
2.44382 2.4577e-06 5.07923e-08 2.4577e-06 2.79664 -8.17354e-07 5.07923e-08 -8.17354e-07 1.03523e-06 
348
0
-11.0242
-0.000478517
2.45084 1.09254e-05 5.08752e-08 1.09254e-05 2.80468 -8.17362e-07 5.08752e-08 -8.17362e-07 1.03523e-06 
349
0
-11.0568
-6.84435e-05
2.45786 1.51064e-05 5.10305e-08 1.51064e-05 2.81271 -8.17366e-07 5.10305e-08 -8.17366e-07 1.03523e-06 
350
0
-11.09
4.88294e-05
2.46488 1.56617e-05 5.12004e-08 1.56617e-05 2.82075 -8.17372e-07 5.12004e-08 -8.17372e-07 1.03523e-06 
351
0
-11.1221
-0.000372926
2.4719 1.51753e-05 5.13644e-08 1.51753e-05 2.82878 -8.17381e-07 5.13644e-08 -8.17381e-07 1.03523e-06 
352
0
-11.1542
-0.000916531
2.47892 1.84506e-05 5.14938e-08 1.84506e-05 2.83682 -8.17388e-07 5.14938e-08 -8.17388e-07 1.03523e-06 
353
0
-11.1872
-0.000590504
2.48594 2.65992e-05 5.16036e-08 2.65992e-05 2.84485 -8.17395e-07 5.16036e-08 -8.17395e-07 1.03523e-06 
354
0
-11.2198
-0.0011297
2.49296 3.18457e-05 5.17563e-08 3.18457e-05 2.85289 -8.174e-07 5.17563e-08 -8.174e-07 1.03523e-06 
355
0
-11.2539
0.000311669
2.49998 4.19589e-05 5.18702e-08 4.19589e-05 2.86092 -8.17403e-07 5.18702e-08 -8.17403e-07 1.03523e-06 
356
0
-11.2876
0.00117098
2.507 3.90944e-05 5.20895e-08 3.90944e-05 2.86896 -8.17409e-07 5.20895e-08 -8.17409e-07 1.03523e-06 
357
0
-11.3198
0.000159147
2.51402 2.84463e-05 5.23135e-08 2.84463e-05 2.87699 -8.17417e-07 5.23135e-08 -8.17417e-07 1.03523e-06 
358
0
-11.3523
-0.000174598
2.52104 2.69501e-05 5.24374e-08 2.69501e-05 2.88502 -8.17426e-07 5.24374e-08 -8.17426e-07 1.03523e-06 
359
0
-11.3853
0.00034246
2.52806 2.84867e-05 5.25685e-08 2.84867e-05 2.89306 -8.17434e-07 5.25685e-08 -8.17434e-07 1.03523e-06 
360
0
-11.4173
-0.00069385
2.53508 2.53096e-05 5.27467e-08 2.53096e-05 2.90109 -8.17443e-07 5.27467e-08 -8.17443e-07 1.03523e-06 
361
0
-11.4507
0.000265169
2.5421 3.16064e-05 5.28471e-08 3.16064e-05 2.90913 -8.1745e-07 5.28471e-08 -8.1745e-07 1.03523e-06 
362
0
-11.483
-0.00015583
2.54912 2.91211e-05 5.30388e-08 2.91211e-05 2.91716 -8.17456e-07 5.30388e-08 -8.17456e-07 1.03523e-06 
363
0
-11.5146
-0.00100744
2.55614 3.05026e-05 5.31772e-08 3.05026e-05 2.9252 -8.17463e-07 5.31772e-08 -8.17463e-07 1.03523e-06 
364
0
-11.5478
0.000140823
2.56316 3.97454e-05 5.32724e-08 3.97454e-05 2.93323 -8.17468e-07 5.32724e-08 -8.17468e-07 1.03523e-06 
365
0
-11.5802
-0.000429201
2.57018 3.83903e-05 5.34686e-08 3.83903e-05 2.94127 -8.17472e-07 5.34686e-08 -8.17472e-07 1.03523e-06 
366
0
-11.6132
-3.60624e-06
2.5772 4.23197e-05 5.35979e-08 4.23197e-05 2.9493 -8.1748e-07 5.35979e-08 -8.1748e-07 1.03523e-06 
367
0
-11.6457
-0.00011095
2.58422 4.23009e-05 5.37668e-08 4.23009e-05 2.95734 -8.17487e-07 5.37668e-08 -8.17487e-07 1.03523e-06 
368
0
-11.6796
0.000757352
2.59124 4.32835e-05 5.39162e-08 4.32835e-05 2.96537 -8.17497e-07 5.39162e-08 -8.17497e-07 1.03523e-06 
369
0
-11.7117
-5.96438e-05
2.59826 3.61473e-05 5.41223e-08 3.61473e-05 2.97341 -8.17505e-07 5.41223e-08 -8.17505e-07 1.03523e-06 
370
0
-11.7448
0.000580152
2.60528 3.66543e-05 5.42469e-08 3.66543e-05 2.98144 -8.17512e-07 5.42469e-08 -8.17512e-07 1.03523e-06 
371
0
-11.7778
0.000102136
2.6123 3.11461e-05 5.44328e-08 3.11461e-05 2.98948 -8.17518e-07 5.44328e-08 -8.17518e-07 1.03523e-06 
372
0
-11.8102
-0.000420385
2.61932 3.01306e-05 5.45735e-08 3.01306e-05 2.99751 -8.17524e-07 5.45735e-08 -8.17524e-07 1.03523e-06 
373
0
-11.8436
0.000330137
2.62634 3.40527e-05 5.46943e-08 3.40527e-05 3.00554 -8.17531e-07 5.46943e-08 -8.17531e-07 1.03523e-06 
374
0
-11.8764
0.000429776
2.63336 3.08704e-05 5.48807e-08 3.08704e-05 3.01358 -8.17538e-07 5.48807e-08 -8.17538e-07 1.03523e-06 
375
0
-11.9086
-0.000164447
2.64038 2.67326e-05 5.505e-08 2.67326e-05 3.02161 -8.17544e-07 5.505e-08 -8.17544e-07 1.03523e-06 
376
0
-11.9408
-0.000182031
2.6474 2.82473e-05 5.51754e-08 2.82473e-05 3.02965 -8.17554e-07 5.51754e-08 -8.17554e-07 1.03523e-06 
377
0
-11.9726
-0.000500721
2.65442 2.99342e-05 5.53171e-08 2.99342e-05 3.03768 -8.17561e-07 5.53171e-08 -8.17561e-07 1.03523e-06 
378
0
-12.0059
0.000228425
2.66144 3.46792e-05 5.54425e-08 3.46792e-05 3.04572 -8.17567e-07 5.54425e-08 -8.17567e-07 1.03523e-06 
379
0
-12.0379
-0.000278593
2.66846 3.24321e-05 5.56265e-08 3.24321e-05 3.05375 -8.17574e-07 5.56265e-08 -8.17574e-07 1.03523e-06 
380
0
-12.071
0.00036879
2.67548 3.50628e-05 5.57557e-08 3.50628e-05 3.06179 -8.17582e-07 5.57557e-08 -8.17582e-07 1.03523e-06 
381
0
-12.1029
-0.000103575
2.6825 3.14484e-05 5.59385e-08 3.14484e-05 3.06982 -8.17588e-07 5.59385e-08 -8.17588e-07 1.03523e-06 
382
0
-12.1358
-0.000441427
2.68952 3.23986e-05 5.60711e-08 3.23986e-05 3.07786 -8.17595e-07 5.60711e-08 -8.17595e-07 1.03523e-06 
383
0
-12.1693
0.000435817
2.69654 3.66313e-05 5.61992e-08 3.66313e-05 3.08589 -8.17603e-07 5.61992e-08 -8.17603e-07 1.03523e-06 
384
0
-12.2011
-0.000358831
2.70356 3.23363e-05 5.6394e-08 3.23363e-05 3.09393 -8.17612e-07 5.6394e-08 -8.17612e-07 1.03523e-06 
385
0
-12.2345
0.000533028
2.71058 3.57853e-05 5.65107e-08 3.57853e-05 3.10196 -8.1762e-07 5.65107e-08 -8.1762e-07 1.03523e-06 
386
0
-12.2669
0.000173717
2.7176 3.0517e-05 5.6705e-08 3.0517e-05 3.11 -8.17626e-07 5.6705e-08 -8.17626e-07 1.03523e-06 
387
0
-12.2998
1.38381e-06
2.72462 2.87599e-05 5.68503e-08 2.87599e-05 3.11803 -8.17633e-07 5.68503e-08 -8.17633e-07 1.03523e-06 
388
0
-12.3333
0.000595339
2.73164 2.86934e-05 5.69942e-08 2.86934e-05 3.12606 -8.1764e-07 5.69942e-08 -8.1764e-07 1.03523e-06 
389
0
-12.3652
-0.00079952
2.73866 2.277e-05 5.71813e-08 2.277e-05 3.1341 -8.17648e-07 5.71813e-08 -8.17648e-07 1.03523e-06 
390
0
-12.3982
-0.000283498
2.74568 3.0621e-05 5.72644e-08 3.0621e-05 3.14213 -8.17656e-07 5.72644e-08 -8.17656e-07 1.03523e-06 
391
0
-12.4315
0.000669535
2.7527 3.33778e-05 5.74226e-08 3.33778e-05 3.15017 -8.17662e-07 5.74226e-08 -8.17662e-07 1.03523e-06 
392
0
-12.4639
9.98841e-05
2.75972 2.66717e-05 5.7628e-08 2.66717e-05 3.1582 -8.17666e-07 5.7628e-08 -8.17666e-07 1.03523e-06 
393
0
-12.4974
0.000210661
2.76674 2.56236e-05 5.77649e-08 2.56236e-05 3.16624 -8.17672e-07 5.77649e-08 -8.17672e-07 1.03523e-06 
394
0
-12.5299
-4.02537e-05
2.77376 2.34665e-05 5.79246e-08 2.34665e-05 3.17427 -8.17679e-07 5.79246e-08 -8.17679e-07 1.03523e-06 
395
0
-12.5628
-0.00020605
2.78078 2.38164e-05 5.80647e-08 2.38164e-05 3.18231 -8.17685e-07 5.80647e-08 -8.17685e-07 1.03523e-06 
396
0
-12.5962
0.00029387
2.7878 2.58316e-05 5.82045e-08 2.58316e-05 3.19034 -8.17691e-07 5.82045e-08 -8.17691e-07 1.03523e-06 
397
0
-12.6284
-0.000119341
2.79482 2.2821e-05 5.83817e-08 2.2821e-05 3.19838 -8.17698e-07 5.83817e-08 -8.17698e-07 1.03523e-06 
398
0
-12.6614
0.000413206
2.80184 2.39718e-05 5.85157e-08 2.39718e-05 3.20641 -8.17705e-07 5.85157e-08 -8.17705e-07 1.03523e-06 
399
0
-12.6933
-0.000218053
2.80886 1.97392e-05 5.86938e-08 1.97392e-05 3.21445 -8.17709e-07 5.86938e-08 -8.17709e-07 1.03523e-06 
400
0
-12.7258
0.000145629
2.81588 2.18969e-05 5.88159e-08 2.18969e-05 3.22248 -8.17715e-07 5.88159e-08 -8.17715e-07 1.03523e-06 
401
0
-12.7584
-0.000389005
2.8229 2.03633e-05 5.89781e-08 2.03633e-05 3.23052 -8.17722e-07 5.89781e-08 -8.17722e-07 1.03523e-06 
402
0
-12.7907
-0.00129416
2.82993 2.4274e-05 5.91017e-08 2.4274e-05 3.23855 -8.17728e-07 5.91017e-08 -8.17728e-07 1.03523e-06 
403
0
-12.8247
0.000230183
2.83695 3.74413e-05 5.91884e-08 3.74413e-05 3.24658 -8.17733e-07 5.91884e-08 -8.17733e-07 1.03523e-06 
404
0
-12.857
2.71635e-05
2.84397 3.50305e-05 5.94019e-08 3.50305e-05 3.25462 -8.17739e-07 5.94019e-08 -8.17739e-07 1.03523e-06 
405
0
-12.8894
-1.39953e-05
2.85099 3.46982e-05 5.95546e-08 3.46982e-05 3.26265 -8.17747e-07 5.95546e-08 -8.17747e-07 1.03523e-06 
406
0
-12.9221
0.000826152
2.85801 3.47888e-05 5.97035e-08 3.47888e-05 3.27069 -8.17753e-07 5.97035e-08 -8.17753e-07 1.03523e-06 
407
0
-12.9547
0.00020623
2.86503 2.62118e-05 5.99027e-08 2.62118e-05 3.27872 -8.1776e-07 5.99027e-08 -8.1776e-07 1.03523e-06 
408
0
-12.9881
0.000691215
2.87205 2.40253e-05 6.00388e-08 2.40253e-05 3.28676 -8.17768e-07 6.00388e-08 -8.17768e-07 1.03523e-06 
409
0
-13.0198
-0.000154132
2.87907 1.68054e-05 6.02206e-08 1.68054e-05 3.29479 -8.17772e-07 6.02206e-08 -8.17772e-07 1.03523e-06 
410
0
-13.0522
-0.000306118
2.88609 1.83537e-05 6.03345e-08 1.83537e-05 3.30283 -8.17779e-07 6.03345e-08 -8.17779e-07 1.03523e-06 
411
0
-13.085
-2.97672e-05
2.89311 2.14894e-05 6.04663e-08 2.14894e-05 3.31086 -8.17786e-07 6.04663e-08 -8.17786e-07 1.03523e-06 
412
0
-13.1178
-0.00049551
2.90013 2.17467e-05 6.06251e-08 2.17467e-05 3.3189 -8.17792e-07 6.06251e-08 -8.17792e-07 1.03523e-06 
413
0
-13.15
-0.000394903
2.90715 2.68806e-05 6.07508e-08 2.68806e-05 3.32693 -8.178e-07 6.07508e-08 -8.178e-07 1.03523e-06 
414
0
-13.1833
-0.000123635
2.91417 3.09713e-05 6.08935e-08 3.09713e-05 3.33497 -8.17805e-07 6.08935e-08 -8.17805e-07 1.03523e-06 
415
0
-13.2157
0.000113866
2.92119 3.22182e-05 6.10553e-08 3.22182e-05 3.343 -8.1781e-07 6.10553e-08 -8.1781e-07 1.03523e-06 
416
0
-13.2493
0.001115
2.92821 3.09637e-05 6.12193e-08 3.09637e-05 3.35104 -8.17815e-07 6.12193e-08 -8.17815e-07 1.03523e-06 
417
0
-13.2819
0.000658144
2.93523 1.91236e-05 6.14356e-08 1.91236e-05 3.35907 -8.1782e-07 6.14356e-08 -8.1782e-07 1.03523e-06 
418
0
-13.3134
0.000134137
2.94225 1.2096e-05 6.1588e-08 1.2096e-05 3.36711 -8.1783e-07 6.1588e-08 -8.1783e-07 1.03523e-06 
419
0
-13.3459
-0.000167857
2.94927 1.06174e-05 6.17135e-08 1.06174e-05 3.37514 -8.17839e-07 6.17135e-08 -8.17839e-07 1.03523e-06 
420
0
-13.3791
6.85605e-06
2.95629 1.23507e-05 6.18433e-08 1.23507e-05 3.38317 -8.17845e-07 6.18433e-08 -8.17845e-07 1.03523e-06 
421
0
-13.412
-0.000367614
2.96331 1.22236e-05 6.19992e-08 1.22236e-05 3.39121 -8.17853e-07 6.19992e-08 -8.17853e-07 1.03523e-06 
422
0
-13.445
-0.000142668
2.97033 1.61023e-05 6.21295e-08 1.61023e-05 3.39924 -8.17859e-07 6.21295e-08 -8.17859e-07 1.03523e-06 
423
0
-13.4772
-0.0002182
2.97735 1.75781e-05 6.22849e-08 1.75781e-05 3.40728 -8.17864e-07 6.22849e-08 -8.17864e-07 1.03523e-06 
424
0
-13.51
-0.000245386
2.98437 1.98694e-05 6.24278e-08 1.98694e-05 3.41531 -8.17869e-07 6.24278e-08 -8.17869e-07 1.03523e-06 
425
0
-13.5426
8.42067e-06
2.99139 2.2459e-05 6.25727e-08 2.2459e-05 3.42335 -8.17874e-07 6.25727e-08 -8.17874e-07 1.03523e-06 
426
0
-13.5757
0.00031928
2.99841 2.2314e-05 6.2733e-08 2.2314e-05 3.43138 -8.1788e-07 6.2733e-08 -8.1788e-07 1.03523e-06 
427
0
-13.6081
0.000141269
3.00543 1.8804e-05 6.29051e-08 1.8804e-05 3.43942 -8.17887e-07 6.29051e-08 -8.17887e-07 1.03523e-06 
428
0
-13.6416
0.000749067
3.01245 1.72171e-05 6.30529e-08 1.72171e-05 3.44745 -8.17893e-07 6.30529e-08 -8.17893e-07 1.03523e-06 
429
0
-13.6739
0.000121017
3.01947 9.01679e-06 6.32434e-08 9.01679e-06 3.45549 -8.17899e-07 6.32434e-08 -8.17899e-07 1.03523e-06 
430
0
-13.7062
0.00016991
3.02649 7.64349e-06 6.33741e-08 7.64349e-06 3.46352 -8.17908e-07 6.33741e-08 -8.17908e-07 1.03523e-06 
431
0
-13.739
0.000542162
3.03351 5.73288e-06 6.35239e-08 5.73288e-06 3.47156 -8.17916e-07 6.35239e-08 -8.17916e-07 1.03523e-06 
432
0
-13.7717
0.000360858
3.04053 -2.58689e-07 6.36982e-08 -2.58689e-07 3.47959 -8.17923e-07 6.36982e-08 -8.17923e-07 1.03523e-06 
433
0
-13.8027
-0.00115359
3.04755 -4.27394e-06 6.38497e-08 -4.27394e-06 3.48763 -8.17933e-07 6.38497e-08 -8.17933e-07 1.03523e-06 
434
0
-13.8369
3.35486e-05
3.05457 8.36343e-06 6.39112e-08 8.36343e-06 3.49566 -8.1794e-07 6.39112e-08 -8.1794e-07 1.03523e-06 
435
0
-13.8698
0.000280647
3.06159 7.93911e-06 6.41027e-08 7.93911e-06 3.50369 -8.17943e-07 6.41027e-08 -8.17943e-07 1.03523e-06 
436
0
-13.9025
4.86844e-05
3.06861 4.78283e-06 6.42753e-08 4.78283e-06 3.51173 -8.17951e-07 6.42753e-08 -8.17951e-07 1.03523e-06 
437
0
-13.9343
-0.000462134
3.07563 4.1891e-06 6.44201e-08 4.1891e-06 3.51976 -8.17958e-07 6.44201e-08 -8.17958e-07 1.03523e-06 
438
0
-13.9677
0.000412044
3.08265 9.26592e-06 6.4537e-08 9.26592e-06 3.5278 -8.17963e-07 6.4537e-08 -8.17963e-07 1.03523e-06 
439
0
-14.0005
-1.67179e-05
3.08967 4.62591e-06 6.47278e-08 4.62591e-06 3.53583 -8.1797e-07 6.47278e-08 -8.1797e-07 1.03523e-06 
440
0
-14.0327
-0.00035489
3.09669 4.75788e-06 6.48667e-08 4.75788e-06 3.54387 -8.17979e-07 6.48667e-08 -8.17979e-07 1.03523e-06 
441
0
-14.0655
-0.000254316
3.10371 8.67084e-06 6.49932e-08 8.67084e-06 3.5519 -8.17985e-07 6.49932e-08 -8.17985e-07 1.03523e-06 
442
0
-14.0977
-0.000827981
3.11073 1.14658e-05 6.51404e-08 1.14658e-05 3.55994 -8.17987e-07 6.51404e-08 -8.17987e-07 1.03523e-06 
443
0
-14.1301
-0.000430268
3.11775 2.07096e-05 6.52521e-08 2.07096e-05 3.56797 -8.17994e-07 6.52521e-08 -8.17994e-07 1.03523e-06 
444
0
-14.1634
0.00042738
3.12477 2.54979e-05 6.54053e-08 2.54979e-05 3.57601 -8.18e-07 6.54053e-08 -8.18e-07 1.03523e-06 
445
0
-14.1956
0.000186794
3.13179 2.0622e-05 6.56026e-08 2.0622e-05 3.58404 -8.18007e-07 6.56026e-08 -8.18007e-07 1.03523e-06 
446
0
-14.2288
0.00066164
3.13881 1.84554e-05 6.57525e-08 1.84554e-05 3.59208 -8.18015e-07 6.57525e-08 -8.18015e-07 1.03523e-06 
447
0
-14.2608
-0.000123228
3.14583 1.09032e-05 6.59359e-08 1.09032e-05 3.60011 -8.18024e-07 6.59359e-08 -8.18024e-07 1.03523e-06 
448
0
-14.2944
0.00075346
3.15285 1.2248e-05 6.60546e-08 1.2248e-05 3.60815 -8.1803e-07 6.60546e-08 -8.1803e-07 1.03523e-06 
449
0
-14.3263
-1.75028e-05
3.15987 3.61707e-06 6.62523e-08 3.61707e-06 3.61618 -8.18035e-07 6.62523e-08 -8.18035e-07 1.03523e-06 
450
0
-14.3592
0.000555734
3.16689 3.76196e-06 6.63747e-08 3.76196e-06 3.62421 -8.18042e-07 6.63747e-08 -8.18042e-07 1.03523e-06 
451
0
-14.3908
-0.000213764
3.17391 -2.64664e-06 6.65538e-08 -2.64664e-06 3.63225 -8.18049e-07 6.65538e-08 -8.18049e-07 1.03523e-06 
452
0
-14.4227
-0.000545106
3.18093 -2.5209e-07 6.66685e-08 -2.5209e-07 3.64028 -8.18059e-07 6.66685e-08 -8.18059e-07 1.03523e-06 
453
0
-14.4554
-0.000523436
3.18795 5.9529e-06 6.67869e-08 5.9529e-06 3.64832 -8.18067e-07 6.67869e-08 -8.18067e-07 1.03523e-06 
454
0
-14.4882
-0.000512986
3.19497 1.19223e-05 6.69249e-08 1.19223e-05 3.65635 -8.18074e-07 6.69249e-08 -8.18074e-07 1.03523e-06 
455
0
-14.5215
0.000331227
3.20199 1.77843e-05 6.70666e-08 1.77843e-05 3.66439 -8.18077e-07 6.70666e-08 -8.18077e-07 1.03523e-06 
456
0
-14.5535
-0.000292973
3.20901 1.39004e-05 6.72596e-08 1.39004e-05 3.67242 -8.18083e-07 6.72596e-08 -8.18083e-07 1.03523e-06 
457
0
-14.5866
-0.000259235
3.21603 1.72395e-05 6.73842e-08 1.72395e-05 3.68046 -8.18089e-07 6.73842e-08 -8.18089e-07 1.03523e-06 
458
0
-14.6203
0.000523391
3.22305 2.01943e-05 6.75302e-08 2.01943e-05 3.68849 -8.18094e-07 6.75302e-08 -8.18094e-07 1.03523e-06 
459
0
-14.6523
-0.000147988
3.23007 1.40491e-05 6.77259e-08 1.40491e-05 3.69653 -8.181e-07 6.77259e-08 -8.181e-07 1.03523e-06 
460
0
-14.6842
-0.000390641
3.23709 1.57197e-05 6.78516e-08 1.57197e-05 3.70456 -8.18109e-07 6.78516e-08 -8.18109e-07 1.03523e-06 
461
0
-14.718
0.00036046
3.24411 2.02299e-05 6.79791e-08 2.02299e-05 3.7126 -8.18117e-07 6.79791e-08 -8.18117e-07 1.03523e-06 
462
0
-14.7497
-0.00108256
3.25113 1.59529e-05 6.81683e-08 1.59529e-05 3.72063 -8.18122e-07 6.81683e-08 -8.18122e-07 1.03523e-06 
463
0
-14.7826
-0.000720779
3.25815 2.86042e-05 6.82449e-08 2.86042e-05 3.72867 -8.18129e-07 6.82449e-08 -8.18129e-07 1.03523e-06 
464
0
-14.8156
-0.000271238
3.26517 3.70274e-05 6.83891e-08 3.70274e-05 3.7367 -8.18132e-07 6.83891e-08 -8.18132e-07 1.03523e-06 
465
0
-14.8492
0.000220474
3.27219 4.01695e-05 6.85566e-08 4.01695e-05 3.74473 -8.18136e-07 6.85566e-08 -8.18136e-07 1.03523e-06 
466
0
-14.8821
0.000434476
3.27921 3.75096e-05 6.87398e-08 3.75096e-05 3.75277 -8.18143e-07 6.87398e-08 -8.18143e-07 1.03523e-06 
467
0
-14.9145
-5.66391e-05
3.28623 3.23105e-05 6.89142e-08 3.23105e-05 3.7608 -8.1815e-07 6.89142e-08 -8.1815e-07 1.03523e-06 
468
0
-14.947
4.43065e-06
3.29325 3.29272e-05 6.90476e-08 3.29272e-05 3.76884 -8.18158e-07 6.90476e-08 -8.18158e-07 1.03523e-06 
469
0
-14.9796
-0.000357424
3.30027 3.28191e-05 6.91988e-08 3.28191e-05 3.77687 -8.18165e-07 6.91988e-08 -8.18165e-07 1.03523e-06 
470
0
-15.0128
-2.57548e-05
3.3073 3.70224e-05 6.93298e-08 3.70224e-05 3.78491 -8.18173e-07 6.93298e-08 -8.18173e-07 1.03523e-06 
471
0
-15.0455
-0.000450908
3.31432 3.72744e-05 6.94944e-08 3.72744e-05 3.79294 -8.18178e-07 6.94944e-08 -8.18178e-07 1.03523e-06 
472
0
-15.0785
-0.000211026
3.32134 4.26144e-05 6.9624e-08 4.26144e-05 3.80098 -8.18184e-07 6.9624e-08 -8.18184e-07 1.03523e-06 
473
0
-15.1108
-0.000426713
3.32836 4.50893e-05 6.97811e-08 4.50893e-05 3.80901 -8.18191e-07 6.97811e-08 -8.18191e-07 1.03523e-06 
474
0
-15.144
6.32509e-05
3.33538 5.01613e-05 6.99175e-08 5.01613e-05 3.81705 -8.18197e-07 6.99175e-08 -8.18197e-07 1.03523e-06 
475
0
-15.1763
-0.000443355
3.3424 4.9344e-05 7.00915e-08 4.9344e-05 3.82508 -8.18201e-07 7.00915e-08 -8.18201e-07 1.03523e-06 
476
0
-15.2087
-0.0010844
3.34942 5.46385e-05 7.02187e-08 5.46385e-05 3.83312 -8.1821e-07 7.02187e-08 -8.1821e-07 1.03523e-06 
477
0
-15.2421
-0.000311763
3.35644 6.76959e-05 7.03228e-08 6.76959e-05 3.84115 -8.18217e-07 7.03228e-08 -8.18217e-07 1.03523e-06 
478
0
-15.275
0.000137684
3.36346 7.14181e-05 7.04991e-08 7.14181e-05 3.84919 -8.18222e-07 7.04991e-08 -8.18222e-07 1.03523e-06 
479
0
-15.3077
0.000578876
3.37048 6.96905e-05 7.0679e-08 6.96905e-05 3.85722 -8.18225e-07 7.0679e-08 -8.18225e-07 1.03523e-06 
480
0
-15.339
-0.00129337
3.3775 6.25906e-05 7.08652e-08 6.25906e-05 3.86525 -8.1823e-07 7.08652e-08 -8.1823e-07 1.03523e-06 
481
0
-15.3721
-0.00014271
3.38452 7.83061e-05 7.09205e-08 7.83061e-05 3.87329 -8.18236e-07 7.09205e-08 -8.18236e-07 1.03523e-06 
482
0
-15.405
-0.000283707
3.39154 7.99941e-05 7.11056e-08 7.99941e-05 3.88132 -8.18241e-07 7.11056e-08 -8.18241e-07 1.03523e-06 
483
0
-15.4368
-0.000992512
3.39856 8.34122e-05 7.12557e-08 8.34122e-05 3.88936 -8.18249e-07 7.12557e-08 -8.18249e-07 1.03523e-06 
484
0
-15.4706
0.000460784
3.40558 9.55345e-05 7.13613e-08 9.55345e-05 3.89739 -8.18255e-07 7.13613e-08 -8.18255e-07 1.03523e-06 
485
0
-15.5025
-3.72316e-05
3.4126 8.98131e-05 7.15806e-08 8.98131e-05 3.90543 -8.18261e-07 7.15806e-08 -8.18261e-07 1.03523e-06 
486
0
-15.5357
-0.000168084
3.41962 9.02159e-05 7.17219e-08 9.02159e-05 3.91346 -8.18269e-07 7.17219e-08 -8.18269e-07 1.03523e-06 
487
0
-15.569
0.000235971
3.42664 9.22352e-05 7.18681e-08 9.22352e-05 3.9215 -8.18276e-07 7.18681e-08 -8.18276e-07 1.03523e-06 
488
0
-15.6009
-0.000254622
3.43366 8.92598e-05 7.20446e-08 8.92598e-05 3.92953 -8.18284e-07 7.20446e-08 -8.18284e-07 1.03523e-06 
489
0
-15.6331
-0.000468652
3.44068 9.23603e-05 7.21748e-08 9.23603e-05 3.93757 -8.18292e-07 7.21748e-08 -8.18292e-07 1.03523e-06 
490
0
-15.6661
-0.000607523
3.4477 9.8126e-05 7.23071e-08 9.8126e-05 3.9456 -8.18299e-07 7.23071e-08 -8.18299e-07 1.03523e-06 
491
0
-15.699
-0.000142687
3.45472 0.000105632 7.24439e-08 0.000105632 3.95364 -8.18306e-07 7.24439e-08 -8.18306e-07 1.03523e-06 
492
0
-15.7322
0.000191537
3.46174 0.000107356 7.26139e-08 0.000107356 3.96167 -8.18312e-07 7.26139e-08 -8.18312e-07 1.03523e-06 
493
0
-15.7654
0.00118293
3.46876 0.000104906 7.27906e-08 0.000104906 3.96971 -8.18318e-07 7.27906e-08 -8.18318e-07 1.03523e-06 
494
0
-15.7973
0.00070671
3.47578 9.00347e-05 7.30109e-08 9.00347e-05 3.97774 -8.18324e-07 7.30109e-08 -8.18324e-07 1.03523e-06 
495
0
-15.8286
-0.000350246
3.4828 8.11099e-05 7.31636e-08 8.11099e-05 3.98577 -8.18331e-07 7.31636e-08 -8.18331e-07 1.03523e-06 
496
0
-15.8615
-5.06193e-05
3.48982 8.54578e-05 7.32608e-08 8.54578e-05 3.99381 -8.18338e-07 7.32608e-08 -8.18338e-07 1.03523e-06 
497
0
-15.8939
-0.000473429
3.49684 8.60393e-05 7.34169e-08 8.60393e-05 4.00184 -8.18344e-07 7.34169e-08 -8.18344e-07 1.03523e-06 
498
0
-15.9266
-0.000504927
3.50386 9.19601e-05 7.3544e-08 9.19601e-05 4.00988 -8.18351e-07 7.3544e-08 -8.18351e-07 1.03523e-06 
499
0
-15.96
0.000322709
3.51088 9.82912e-05 7.36834e-08 9.82912e-05 4.01791 -8.18356e-07 7.36834e-08 -8.18356e-07 1.03523e-06 
500
0
-15.9933
0.000590092
3.5179 9.41442e-05 7.3877e-08 9.41442e-05 4.02595 -8.18362e-07 7.3877e-08 -8.18362e-07 1.03523e-06 
501
0
-16.0254
0.000105686
3.52492 8.65929e-05 7.406e-08 8.65929e-05 4.03398 -8.18369e-07 7.406e-08 -8.18369e-07 1.03523e-06 
502
0
-16.058
-0.000150259
3.53194 8.51914e-05 7.41963e-08 8.51914e-05 4.04202 -8.1838e-07 7.41963e-08 -8.1838e-07 1.03523e-06 
503
0
-16.0898
-0.00108095
3.53896 8.70509e-05 7.43323e-08 8.70509e-05 4.05005 -8.18387e-07 7.43323e-08 -8.18387e-07 1.03523e-06 
504
0
-16.1243
0.000384789
3.54598 0.000100806 7.44227e-08 0.000100806 4.05809 -8.18395e-07 7.44227e-08 -8.18395e-07 1.03523e-06 
505
0
-16.157
0.00050178
3.553 9.5823e-05 7.46396e-08 9.5823e-05 4.06612 -8.18399e-07 7.46396e-08 -8.18399e-07 1.03523e-06 
506
0
-16.1896
3.35779e-05
3.56002 8.93295e-05 7.4816e-08 8.93295e-05 4.07416 -8.18407e-07 7.4816e-08 -8.18407e-07 1.03523e-06 
507
0
-16.2226
0.000238079
3.56704 8.88412e-05 7.49529e-08 8.88412e-05 4.08219 -8.18414e-07 7.49529e-08 -8.18414e-07 1.03523e-06 
508
0
-16.2557
9.35865e-05
3.57406 8.57183e-05 7.51156e-08 8.57183e-05 4.09023 -8.18421e-07 7.51156e-08 -8.18421e-07 1.03523e-06 
509
0
-16.2878
-0.000478354
3.58108 8.44539e-05 7.52665e-08 8.44539e-05 4.09826 -8.18431e-07 7.52665e-08 -8.18431e-07 1.03523e-06 
510
0
-16.3203
-0.000763813
3.5881 9.0582e-05 7.53842e-08 9.0582e-05 4.10629 -8.18436e-07 7.53842e-08 -8.18436e-07 1.03523e-06 
511
0
-16.353
-0.000402091
3.59512 0.00010042 7.55057e-08 0.00010042 4.11433 -8.18443e-07 7.55057e-08 -8.18443e-07 1.03523e-06 
512
0
-16.3852
-0.00133112
3.60214 0.000105582 7.56621e-08 0.000105582 4.12236 -8.18448e-07 7.56621e-08 -8.18448e-07 1.03523e-06 
513
0
-16.4184
-0.000505132
3.60916 0.000122838 7.57542e-08 0.000122838 4.1304 -8.18452e-07 7.57542e-08 -8.18452e-07 1.03523e-06 
514
0
-16.4512
-0.000144446
3.61618 0.000129363 7.59262e-08 0.000129363 4.13843 -8.18457e-07 7.59262e-08 -8.18457e-07 1.03523e-06 
515
0
-16.4834
-0.000414821
3.6232 0.000131192 7.60967e-08 0.000131192 4.14647 -8.18463e-07 7.60967e-08 -8.18463e-07 1.03523e-06 
516
0
-16.5167
0.00025116
3.63022 0.000136561 7.6234e-08 0.000136561 4.1545 -8.18468e-07 7.6234e-08 -8.18468e-07 1.03523e-06 
517
0
-16.5485
2.44716e-06
3.63724 0.000133212 7.642e-08 0.000133212 4.16254 -8.18473e-07 7.642e-08 -8.18473e-07 1.03523e-06 
518
0
-16.5806
-0.000243023
3.64426 0.000133123 7.65655e-08 0.000133123 4.17057 -8.18479e-07 7.65655e-08 -8.18479e-07 1.03523e-06 
519
0
-16.6137
0.000448577
3.65128 0.000136264 7.6702e-08 0.000136264 4.17861 -8.18486e-07 7.6702e-08 -8.18486e-07 1.03523e-06 
520
0
-16.6455
-0.000259966
3.6583 0.000130293 7.68906e-08 0.000130293 4.18664 -8.18491e-07 7.68906e-08 -8.18491e-07 1.03523e-06 
521
0
-16.6777
-0.00115069
3.66532 0.00013367 7.70129e-08 0.00013367 4.19468 -8.18497e-07 7.70129e-08 -8.18497e-07 1.03523e-06 
522
0
-16.7109
-0.000757618
3.67235 0.00014884 7.71042e-08 0.00014884 4.20271 -8.18505e-07 7.71042e-08 -8.18505e-07 1.03523e-06 
523
0
-16.7437
-0.000122713
3.67937 0.000158828 7.72547e-08 0.000158828 4.21075 -8.1851e-07 7.72547e-08 -8.1851e-07 1.03523e-06 
524
0
-16.777
0.000531492
3.68639 0.000160401 7.74343e-08 0.000160401 4.21878 -8.18517e-07 7.74343e-08 -8.18517e-07 1.03523e-06 
525
0
-16.8089
-0.000365383
3.69341 0.00015327 7.76317e-08 0.00015327 4.22681 -8.18523e-07 7.76317e-08 -8.18523e-07 1.03523e-06 
526
0
-16.8422
0.000487268
3.70043 0.000158085 7.77472e-08 0.000158085 4.23485 -8.18531e-07 7.77472e-08 -8.18531e-07 1.03523e-06 
527
0
-16.8733
-0.000678973
3.70745 0.000151517 7.79405e-08 0.000151517 4.24288 -8.18537e-07 7.79405e-08 -8.18537e-07 1.03523e-06 
528
0
-16.9071
0.00042778
3.71447 0.000160549 7.80359e-08 0.000160549 4.25092 -8.18546e-07 7.80359e-08 -8.18546e-07 1.03523e-06 
529
0
-16.9399
0.000189982
3.72149 0.000154754 7.82377e-08 0.000154754 4.25895 -8.18551e-07 7.82377e-08 -8.18551e-07 1.03523e-06 
530
0
-16.972
-0.000203655
3.72851 0.000152144 7.8393e-08 0.000152144 4.26699 -8.18558e-07 7.8393e-08 -8.18558e-07 1.03523e-06 
531
0
-17.0046
-0.000936499
3.73553 0.000154828 7.85249e-08 0.000154828 4.27502 -8.18564e-07 7.85249e-08 -8.18564e-07 1.03523e-06 
532
0
-17.0385
0.000176282
3.74255 0.000167401 7.86296e-08 0.000167401 4.28306 -8.1857e-07 7.86296e-08 -8.1857e-07 1.03523e-06 
533
0
-17.0709
4.87328e-05
3.74957 0.000164962 7.88295e-08 0.000164962 4.29109 -8.18573e-07 7.88295e-08 -8.18573e-07 1.03523e-06 
534
0
-17.1037
0.000289657
3.75659 0.000164244 7.89859e-08 0.000164244 4.29913 -8.18578e-07 7.89859e-08 -8.18578e-07 1.03523e-06 
535
0
-17.1366
-3.07967e-05
3.76361 0.000160258 7.91551e-08 0.000160258 4.30716 -8.18585e-07 7.91551e-08 -8.18585e-07 1.03523e-06 
536
0
-17.1694
-0.000167297
3.77063 0.000160619 7.9298e-08 0.000160619 4.3152 -8.18593e-07 7.9298e-08 -8.18593e-07 1.03523e-06 
537
0
-17.2024
-0.000124131
3.77765 0.000162839 7.94421e-08 0.000162839 4.32323 -8.18599e-07 7.94421e-08 -8.18599e-07 1.03523e-06 
