0
0
0
-0.00023985
0.00800061 -2.68385e-11 1.2769e-14 -2.68385e-11 0.00900061 -9.84301e-12 1.2769e-14 -9.84301e-12 1.24978e-06 
1
0
0
-0.000213006
0.0150026 5.71386e-09 -1.42552e-11 5.71386e-09 0.0170026 -6.4448e-09 -1.42552e-11 -6.4448e-09 1.03722e-06 
2
0
0
0.000222117
0.0220062 1.55422e-08 -3.41951e-11 1.55422e-08 0.0250061 -1.73334e-08 -3.41951e-11 -1.73334e-08 1.03685e-06 
3
0
0
-1.87801e-05
0.0290117 -2.90689e-09 -4.83254e-11 -2.90689e-09 0.0330113 -3.1146e-08 -4.83254e-11 -3.1146e-08 1.03711e-06 
4
0
0
-0.000897242
0.036019 -4.20866e-09 -6.1445e-11 -4.20866e-09 0.0410185 -4.77365e-08 -6.1445e-11 -4.77365e-08 1.03672e-06 
5
0
0
-0.000985903
0.043028 1.02984e-07 -7.81056e-11 1.02984e-07 0.0490275 -6.68843e-08 -7.81056e-11 -6.68843e-08 1.03632e-06 
6
0
0
-0.000646053
0.0500387 2.43817e-07 -8.00186e-11 2.43817e-07 0.0570384 -8.82426e-08 -8.00186e-11 -8.82426e-08 1.03601e-06 
7
0
-0.0538948
-0.00146706
0.0570507 3.475e-07 -6.1954e-11 3.475e-07 0.0650513 -1.11424e-07 -6.1954e-11 -1.11424e-07 1.03577e-06 
8
0
-0.0691175
5.6951e-07
0.0640641 6.29101e-07 -5.3263e-11 6.29101e-07 0.0730661 -1.36046e-07 -5.3263e-11 -1.36046e-07 1.03559e-06 
9
0
-0.0858302
0.000163469
0.0710785 6.14545e-07 1.46465e-11 6.14545e-07 0.0810826 -1.61744e-07 1.46465e-11 -1.61744e-07 1.03545e-06 
10
0
-0.104123
0.000693961
0.0780938 5.56617e-07 7.88909e-11 5.56617e-07 0.0891008 -1.8818e-07 7.88909e-11 -1.8818e-07 1.03535e-06 
11
0
-0.12384
-0.000427816
0.0851099 3.45997e-07 1.64331e-10 3.45997e-07 0.0971206 -2.15051e-07 1.64331e-10 -2.15051e-07 1.03528e-06 
12
0
-0.145414
-0.000809761
0.0921267 4.52359e-07 2.15588e-10 4.52359e-07 0.105142 -2.42087e-07 2.15588e-10 -2.42087e-07 1.03523e-06 
13
0
-0.16782
-0.00109151
0.099144 6.91452e-07 2.87108e-10 6.91452e-07 0.113165 -2.69051e-07 2.87108e-10 -2.69051e-07 1.03519e-06 
14
0
-0.191449
-0.000364116
0.106162 1.04754e-06 3.69104e-10 1.04754e-06 0.121188 -2.9574e-07 3.69104e-10 -2.9574e-07 1.03517e-06 
15
0
-0.216407
-4.95881e-05
0.11318 1.1558e-06 4.95075e-10 1.1558e-06 0.129214 -3.21986e-07 4.95075e-10 -3.21986e-07 1.03515e-06 
16
0
-0.241918
-0.000394284
0.120198 1.14524e-06 6.26708e-10 1.14524e-06 0.13724 -3.47648e-07 6.26708e-10 -3.47648e-07 1.03515e-06 
17
0
-0.268449
-0.000345143
0.127217 1.28109e-06 7.40144e-10 1.28109e-06 0.145267 -3.72615e-07 7.40144e-10 -3.72615e-07 1.03514e-06 
18
0
-0.295885
-2.89648e-05
0.134236 1.40314e-06 8.69197e-10 1.40314e-06 0.153294 -3.968e-07 8.69197e-10 -3.968e-07 1.03514e-06 
19
0
-0.323817
0.00036864
0.141255 1.38181e-06 1.01772e-09 1.38181e-06 0.161323 -4.20137e-07 1.01772e-09 -4.20137e-07 1.03514e-06 
20
0
-0.351742
-0.0008031
0.148274 1.16037e-06 1.1793e-09 1.16037e-06 0.169352 -4.42576e-07 1.1793e-09 -4.42576e-07 1.03515e-06 
21
0
-0.38097
-0.000547199
0.155293 1.54603e-06 1.27806e-09 1.54603e-06 0.177382 -4.64089e-07 1.27806e-09 -4.64089e-07 1.03515e-06 
22
0
-0.410958
-4.66133e-05
0.162313 1.80964e-06 1.4249e-09 1.80964e-06 0.185412 -4.84659e-07 1.4249e-09 -4.84659e-07 1.03515e-06 
23
0
-0.44074
-0.000625803
0.169332 1.79704e-06 1.59752e-09 1.79704e-06 0.193443 -5.04279e-07 1.59752e-09 -5.04279e-07 1.03516e-06 
24
0
-0.471001
-0.00033519
0.176352 2.13398e-06 1.72837e-09 2.13398e-06 0.201475 -5.22953e-07 1.72837e-09 -5.22953e-07 1.03517e-06 
25
0
-0.50135
-0.00116783
0.183371 2.30347e-06 1.88956e-09 2.30347e-06 0.209506 -5.40694e-07 1.88956e-09 -5.40694e-07 1.03517e-06 
26
0
-0.53277
-0.000603513
0.190391 3.02492e-06 2.00488e-09 3.02492e-06 0.217538 -5.57519e-07 2.00488e-09 -5.57519e-07 1.03518e-06 
27
0
-0.564055
-0.000216421
0.197411 3.39234e-06 2.17612e-09 3.39234e-06 0.22557 -5.73452e-07 2.17612e-09 -5.73452e-07 1.03518e-06 
28
0
-0.594837
-0.00025394
0.20443 3.50198e-06 2.35399e-09 3.50198e-06 0.233603 -5.88519e-07 2.35399e-09 -5.88519e-07 1.03519e-06 
29
0
-0.626393
6.44568e-05
0.21145 3.64399e-06 2.51387e-09 3.64399e-06 0.241636 -6.02751e-07 2.51387e-09 -6.02751e-07 1.03519e-06 
30
0
-0.658048
0.000572836
0.21847 3.55169e-06 2.69113e-09 3.55169e-06 0.249669 -6.16176e-07 2.69113e-09 -6.16176e-07 1.03519e-06 
31
0
-0.689541
0.000296636
0.22549 3.06079e-06 2.88501e-09 3.06079e-06 0.257702 -6.2883e-07 2.88501e-09 -6.2883e-07 1.0352e-06 
32
0
-0.721543
0.000253455
0.23251 2.77743e-06 3.04604e-09 2.77743e-06 0.265735 -6.40744e-07 3.04604e-09 -6.40744e-07 1.0352e-06 
33
0
-0.753488
-0.000170854
0.23953 2.52209e-06 3.21164e-09 2.52209e-06 0.273769 -6.51955e-07 3.21164e-09 -6.51955e-07 1.0352e-06 
34
0
-0.785583
-0.000143566
0.24655 2.62327e-06 3.35659e-09 2.62327e-06 0.281802 -6.62494e-07 3.35659e-09 -6.62494e-07 1.03521e-06 
35
0
-0.818141
0.000906209
0.253569 2.70448e-06 3.51665e-09 2.70448e-06 0.289836 -6.72396e-07 3.51665e-09 -6.72396e-07 1.03521e-06 
36
0
-0.850251
0.00102606
0.260589 1.83723e-06 3.73555e-09 1.83723e-06 0.29787 -6.8169e-07 3.73555e-09 -6.8169e-07 1.03521e-06 
37
0
-0.881989
0.000327037
0.267609 8.3506e-07 3.92582e-09 8.3506e-07 0.305903 -6.90415e-07 3.92582e-09 -6.90415e-07 1.03521e-06 
38
0
-0.913844
0.000176629
0.274629 4.75936e-07 4.0662e-09 4.75936e-07 0.313937 -6.98599e-07 4.0662e-09 -6.98599e-07 1.03521e-06 
39
0
-0.945657
-0.00067287
0.281649 2.56158e-07 4.21817e-09 2.56158e-07 0.321971 -7.06269e-07 4.21817e-09 -7.06269e-07 1.03522e-06 
40
0
-0.978009
-0.000636672
0.288669 8.88161e-07 4.33133e-09 8.88161e-07 0.330005 -7.13456e-07 4.33133e-09 -7.13456e-07 1.03522e-06 
41
0
-1.01114
-2.73258e-05
0.295689 1.4997e-06 4.47656e-09 1.4997e-06 0.33804 -7.20187e-07 4.47656e-09 -7.20187e-07 1.03522e-06 
42
0
-1.04385
0.000406809
0.302709 1.4821e-06 4.66214e-09 1.4821e-06 0.346074 -7.26492e-07 4.66214e-09 -7.26492e-07 1.03522e-06 
43
0
-1.07577
-0.000497557
0.309729 9.94417e-07 4.8513e-09 9.94417e-07 0.354108 -7.32393e-07 4.8513e-09 -7.32393e-07 1.03522e-06 
44
0
-1.1081
-0.000165553
0.316749 1.49976e-06 4.96951e-09 1.49976e-06 0.362142 -7.37914e-07 4.96951e-09 -7.37914e-07 1.03522e-06 
45
0
-1.14096
0.000209862
0.323769 1.64084e-06 5.13272e-09 1.64084e-06 0.370177 -7.43078e-07 5.13272e-09 -7.43078e-07 1.03522e-06 
46
0
-1.17395
0.000466853
0.330789 1.35047e-06 5.31249e-09 1.35047e-06 0.378211 -7.47909e-07 5.31249e-09 -7.47909e-07 1.03522e-06 
47
0
-1.20694
0.000579197
0.337809 7.50027e-07 5.4939e-09 7.50027e-07 0.386245 -7.52425e-07 5.4939e-09 -7.52425e-07 1.03522e-06 
48
0
-1.2403
0.00107152
0.344829 1.62492e-09 5.67057e-09 1.62492e-09 0.39428 -7.56647e-07 5.67057e-09 -7.56647e-07 1.03522e-06 
49
0
-1.27245
0.000181396
0.351849 -1.37021e-06 5.87004e-09 -1.37021e-06 0.402314 -7.6059e-07 5.87004e-09 -7.6059e-07 1.03522e-06 
50
0
-1.30485
-0.000127056
0.358869 -1.64623e-06 5.99745e-09 -1.64623e-06 0.410349 -7.64274e-07 5.99745e-09 -7.64274e-07 1.03522e-06 
51
0
-1.33751
0.000125699
0.365889 -1.52992e-06 6.13274e-09 -1.52992e-06 0.418383 -7.67718e-07 6.13274e-09 -7.67718e-07 1.03522e-06 
52
0
-1.37011
-0.00037124
0.372909 -1.74216e-06 6.2972e-09 -1.74216e-06 0.426418 -7.70934e-07 6.2972e-09 -7.70934e-07 1.03522e-06 
53
0
-1.40299
-0.000247246
0.379929 -1.29283e-06 6.42767e-09 -1.29283e-06 0.434452 -7.73938e-07 6.42767e-09 -7.73938e-07 1.03522e-06 
54
0
-1.43581
-7.06659e-05
0.386949 -1.00314e-06 6.58101e-09 -1.00314e-06 0.442487 -7.76742e-07 6.58101e-09 -7.76742e-07 1.03522e-06 
55
0
-1.46908
-6.91947e-05
0.393969 -9.52395e-07 6.74274e-09 -9.52395e-07 0.450521 -7.79358e-07 6.74274e-09 -7.79358e-07 1.03522e-06 
56
0
-1.50156
-0.000688625
0.400989 -9.0196e-07 6.90025e-09 -9.0196e-07 0.458556 -7.81802e-07 6.90025e-09 -7.81802e-07 1.03522e-06 
57
0
-1.53419
-0.000468808
0.408009 4.17009e-08 7.01868e-09 4.17009e-08 0.46659 -7.84084e-07 7.01868e-09 -7.84084e-07 1.03523e-06 
58
0
-1.56781
-6.82485e-05
0.415029 6.80858e-07 7.16948e-09 6.80858e-07 0.474625 -7.86209e-07 7.16948e-09 -7.86209e-07 1.03523e-06 
59
0
-1.60129
0.000706197
0.422049 7.3508e-07 7.34345e-09 7.3508e-07 0.482659 -7.88193e-07 7.34345e-09 -7.88193e-07 1.03523e-06 
60
0
-1.63422
0.000950379
0.429069 -3.82501e-07 7.54777e-09 -3.82501e-07 0.490694 -7.90045e-07 7.54777e-09 -7.90045e-07 1.03523e-06 
61
0
-1.66659
0.000427823
0.436089 -1.89421e-06 7.73602e-09 -1.89421e-06 0.498728 -7.91772e-07 7.73602e-09 -7.91772e-07 1.03523e-06 
62
0
-1.70012
0.00117519
0.443109 -2.6117e-06 7.87859e-09 -2.6117e-06 0.506763 -7.93385e-07 7.87859e-09 -7.93385e-07 1.03523e-06 
63
0
-1.73207
-0.000113802
0.450129 -4.52945e-06 8.08186e-09 -4.52945e-06 0.514798 -7.94888e-07 8.08186e-09 -7.94888e-07 1.03523e-06 
64
0
-1.76561
0.000620173
0.457149 -4.39302e-06 8.18382e-09 -4.39302e-06 0.522832 -7.96292e-07 8.18382e-09 -7.96292e-07 1.03523e-06 
65
0
-1.79859
0.000759797
0.464169 -5.45903e-06 8.37033e-09 -5.45903e-06 0.530867 -7.97602e-07 8.37033e-09 -7.97602e-07 1.03523e-06 
66
0
-1.83141
0.000163206
0.471189 -6.7736e-06 8.54587e-09 -6.7736e-06 0.538901 -7.98824e-07 8.54587e-09 -7.98824e-07 1.03523e-06 
67
0
-1.86376
-0.000173821
0.478209 -7.09753e-06 8.67848e-09 -7.09753e-06 0.546936 -7.99964e-07 8.67848e-09 -7.99964e-07 1.03523e-06 
68
0
-1.89676
0.000171027
0.485229 -6.84653e-06 8.80746e-09 -6.84653e-06 0.554971 -8.01025e-07 8.80746e-09 -8.01025e-07 1.03523e-06 
69
0
-1.92984
0.000587213
0.492249 -7.19243e-06 8.97221e-09 -7.19243e-06 0.563005 -8.02016e-07 8.97221e-09 -8.02016e-07 1.03523e-06 
70
0
-1.96268
3.9018e-05
0.499269 -8.27888e-06 9.15257e-09 -8.27888e-06 0.57104 -8.02941e-07 9.15257e-09 -8.02941e-07 1.03523e-06 
71
0
-1.99528
-0.00022208
0.506289 -8.39659e-06 9.28557e-09 -8.39659e-06 0.579075 -8.03802e-07 9.28557e-09 -8.03802e-07 1.03523e-06 
72
0
-2.02741
-0.000793984
0.513309 -8.04021e-06 9.41751e-09 -8.04021e-06 0.587109 -8.04607e-07 9.41751e-09 -8.04607e-07 1.03523e-06 
73
0
-2.0614
0.00045185
0.520329 -6.62302e-06 9.52584e-09 -6.62302e-06 0.595144 -8.05355e-07 9.52584e-09 -8.05355e-07 1.03523e-06 
74
0
-2.09425
0.000268966
0.527349 -7.51593e-06 9.73318e-09 -7.51593e-06 0.603178 -8.06051e-07 9.73318e-09 -8.06051e-07 1.03523e-06 
75
0
-2.12708
-0.000336693
0.534369 -8.07358e-06 9.88999e-09 -8.07358e-06 0.611213 -8.067e-07 9.88999e-09 -8.067e-07 1.03523e-06 
76
0
-2.16079
0.000216812
0.541389 -7.47451e-06 1.0011e-08 -7.47451e-06 0.619248 -8.07305e-07 1.0011e-08 -8.07305e-07 1.03523e-06 
77
0
-2.19359
0.00014834
0.548409 -7.94432e-06 1.01866e-08 -7.94432e-06 0.627282 -8.07871e-07 1.01866e-08 -8.07871e-07 1.03523e-06 
78
0
-2.22659
0.000165716
0.555429 -8.28461e-06 1.03408e-08 -8.28461e-06 0.635317 -8.08398e-07 1.03408e-08 -8.08398e-07 1.03523e-06 
79
0
-2.25961
-0.000479482
0.562449 -8.66338e-06 1.04958e-08 -8.66338e-06 0.643352 -8.0889e-07 1.04958e-08 -8.0889e-07 1.03523e-06 
80
0
-2.29279
-0.000633464
0.569469 -7.74137e-06 1.06134e-08 -7.74137e-06 0.651386 -8.09347e-07 1.06134e-08 -8.09347e-07 1.03523e-06 
81
0
-2.32629
-0.000137947
0.576489 -6.49188e-06 1.07437e-08 -6.49188e-06 0.659421 -8.09772e-07 1.07437e-08 -8.09772e-07 1.03523e-06 
82
0
-2.35989
0.000395518
0.583509 -6.25369e-06 1.09129e-08 -6.25369e-06 0.667456 -8.10169e-07 1.09129e-08 -8.10169e-07 1.03523e-06 
83
0
-2.3922
0.000417449
0.590529 -7.13159e-06 1.10989e-08 -7.13159e-06 0.67549 -8.10539e-07 1.10989e-08 -8.10539e-07 1.03523e-06 
84
0
-2.42524
0.000919041
0.597549 -8.06609e-06 1.12613e-08 -8.06609e-06 0.683525 -8.10884e-07 1.12613e-08 -8.10884e-07 1.03523e-06 
85
0
-2.45805
0.00112397
0.604569 -1.00893e-05 1.14501e-08 -1.00893e-05 0.69156 -8.11207e-07 1.14501e-08 -8.11207e-07 1.03523e-06 
86
0
-2.49034
1.87645e-05
0.611589 -1.25816e-05 1.16325e-08 -1.25816e-05 0.699594 -8.11508e-07 1.16325e-08 -8.11508e-07 1.03523e-06 
87
0
-2.52362
0.000443554
0.618609 -1.26707e-05 1.17393e-08 -1.26707e-05 0.707629 -8.1179e-07 1.17393e-08 -8.1179e-07 1.03523e-06 
88
0
-2.55548
-0.000640224
0.625629 -1.37057e-05 1.19076e-08 -1.37057e-05 0.715664 -8.12053e-07 1.19076e-08 -8.12053e-07 1.03523e-06 
89
0
-2.58934
0.000435622
0.632649 -1.23124e-05 1.20008e-08 -1.23124e-05 0.723698 -8.12298e-07 1.20008e-08 -8.12298e-07 1.03523e-06 
90
0
-2.62189
0.000227168
0.639669 -1.33519e-05 1.21966e-08 -1.33519e-05 0.731733 -8.12525e-07 1.21966e-08 -8.12525e-07 1.03523e-06 
91
0
-2.65488
9.64912e-05
0.646689 -1.39227e-05 1.23475e-08 -1.39227e-05 0.739768 -8.12739e-07 1.23475e-08 -8.12739e-07 1.03523e-06 
92
0
-2.68694
-0.000807059
0.653709 -1.41951e-05 1.24936e-08 -1.41951e-05 0.747802 -8.12937e-07 1.24936e-08 -8.12937e-07 1.03523e-06 
93
0
-2.72085
0.000636224
0.660729 -1.23445e-05 1.25889e-08 -1.23445e-05 0.755837 -8.13122e-07 1.25889e-08 -8.13122e-07 1.03523e-06 
94
0
-2.75387
0.000340952
0.667749 -1.39052e-05 1.28041e-08 -1.39052e-05 0.763872 -8.13295e-07 1.28041e-08 -8.13295e-07 1.03523e-06 
95
0
-2.78623
2.48466e-05
0.674769 -1.47724e-05 1.29584e-08 -1.47724e-05 0.771906 -8.13457e-07 1.29584e-08 -8.13457e-07 1.03523e-06 
96
0
-2.81994
0.000846283
0.681789 -1.48807e-05 1.30938e-08 -1.48807e-05 0.779941 -8.13608e-07 1.30938e-08 -8.13608e-07 1.03523e-06 
97
0
-2.85215
-0.000510132
0.688809 -1.70053e-05 1.32918e-08 -1.70053e-05 0.787976 -8.13749e-07 1.32918e-08 -8.13749e-07 1.03523e-06 
98
0
-2.88612
4.25444e-05
0.695829 -1.57885e-05 1.33818e-08 -1.57885e-05 0.79601 -8.13884e-07 1.33818e-08 -8.13884e-07 1.03523e-06 
99
0
-2.9188
-0.000232632
0.702849 -1.5943e-05 1.35493e-08 -1.5943e-05 0.804045 -8.14008e-07 1.35493e-08 -8.14008e-07 1.03523e-06 
100
0
-2.95185
0.000295597
0.709869 -1.54024e-05 1.36861e-08 -1.54024e-05 0.81208 -8.14123e-07 1.36861e-08 -8.14123e-07 1.03523e-06 
101
0
-2.98428
-0.000599496
0.716889 -1.62057e-05 1.38611e-08 -1.62057e-05 0.820114 -8.14233e-07 1.38611e-08 -8.14233e-07 1.03523e-06 
102
0
-3.01804
0.000244806
0.723909 -1.47066e-05 1.39666e-08 -1.47066e-05 0.828149 -8.14335e-07 1.39666e-08 -8.14335e-07 1.03523e-06 
103
0
-3.05017
-0.000268624
0.730929 -1.53925e-05 1.41519e-08 -1.53925e-05 0.836184 -8.14427e-07 1.41519e-08 -8.14427e-07 1.03523e-06 
104
0
-3.08354
0.000229278
0.737949 -1.47336e-05 1.42796e-08 -1.47336e-05 0.844218 -8.14514e-07 1.42796e-08 -8.14514e-07 1.03523e-06 
105
0
-3.11648
0.00015244
0.744969 -1.53908e-05 1.44525e-08 -1.53908e-05 0.852253 -8.14595e-07 1.44525e-08 -8.14595e-07 1.03523e-06 
106
0
-3.14918
8.46165e-05
0.751989 -1.58476e-05 1.46062e-08 -1.58476e-05 0.860288 -8.14673e-07 1.46062e-08 -8.14673e-07 1.03523e-06 
107
0
-3.18286
0.00049717
0.759009 -1.61247e-05 1.47549e-08 -1.61247e-05 0.868322 -8.14745e-07 1.47549e-08 -8.14745e-07 1.03523e-06 
108
0
-3.2148
-0.000461521
0.766029 -1.75314e-05 1.49331e-08 -1.75314e-05 0.876357 -8.1481e-07 1.49331e-08 -8.1481e-07 1.03523e-06 
109
0
-3.24805
0.000254583
0.773049 -1.63064e-05 1.5037e-08 -1.63064e-05 0.884392 -8.14873e-07 1.5037e-08 -8.14873e-07 1.03523e-06 
110
0
-3.28026
-1.79025e-05
0.780069 -1.70631e-05 1.52149e-08 -1.70631e-05 0.892426 -8.14933e-07 1.52149e-08 -8.14933e-07 1.03523e-06 
111
0
-3.31372
0.000592729
0.787089 -1.70608e-05 1.53556e-08 -1.70608e-05 0.900461 -8.14989e-07 1.53556e-08 -8.14989e-07 1.03523e-06 
112
0
-3.34577
-0.000392911
0.794109 -1.87888e-05 1.55414e-08 -1.87888e-05 0.908496 -8.15042e-07 1.55414e-08 -8.15042e-07 1.03523e-06 
113
0
-3.37926
0.000672438
0.801129 -1.77133e-05 1.56469e-08 -1.77133e-05 0.91653 -8.15094e-07 1.56469e-08 -8.15094e-07 1.03523e-06 
114
0
-3.41059
-0.000632342
0.808149 -1.97013e-05 1.58471e-08 -1.97013e-05 0.924565 -8.15141e-07 1.58471e-08 -8.15141e-07 1.03523e-06 
115
0
-3.44385
1.71118e-05
0.815169 -1.7909e-05 1.5935e-08 -1.7909e-05 0.9326 -8.15186e-07 1.5935e-08 -8.15186e-07 1.03523e-06 
116
0
-3.47672
0.000110123
0.822189 -1.80073e-05 1.61039e-08 -1.80073e-05 0.940634 -8.15227e-07 1.61039e-08 -8.15227e-07 1.03523e-06 
117
0
-3.50992
0.000515802
0.829209 -1.83815e-05 1.62631e-08 -1.83815e-05 0.948669 -8.15265e-07 1.62631e-08 -8.15265e-07 1.03523e-06 
118
0
-3.54364
0.000764224
0.836229 -1.997e-05 1.64414e-08 -1.997e-05 0.956704 -8.15302e-07 1.64414e-08 -8.15302e-07 1.03523e-06 
119
0
-3.57611
0.000382303
0.843249 -2.23198e-05 1.66221e-08 -2.23198e-05 0.964738 -8.15338e-07 1.66221e-08 -8.15338e-07 1.03523e-06 
120
0
-3.60921
0.000787767
0.850269 -2.3529e-05 1.67652e-08 -2.3529e-05 0.972773 -8.1537e-07 1.67652e-08 -8.1537e-07 1.03523e-06 
121
0
-3.64108
-0.000153338
0.857289 -2.59898e-05 1.69435e-08 -2.59898e-05 0.980808 -8.15402e-07 1.69435e-08 -8.15402e-07 1.03523e-06 
122
0
-3.67438
0.000707718
0.864309 -2.55643e-05 1.70516e-08 -2.55643e-05 0.988842 -8.15432e-07 1.70516e-08 -8.15432e-07 1.03523e-06 
123
0
-3.70705
0.000668438
0.871329 -2.78158e-05 1.72422e-08 -2.78158e-05 0.996877 -8.1546e-07 1.72422e-08 -8.1546e-07 1.03523e-06 
124
0
-3.73854
-0.000705883
0.878349 -2.9962e-05 1.74058e-08 -2.9962e-05 1.00491 -8.15487e-07 1.74058e-08 -8.15487e-07 1.03523e-06 
125
0
-3.77223
0.000207113
0.885369 -2.77767e-05 1.74825e-08 -2.77767e-05 1.01295 -8.15513e-07 1.74825e-08 -8.15513e-07 1.03523e-06 
126
0
-3.8056
0.000226719
0.892389 -2.84854e-05 1.76637e-08 -2.84854e-05 1.02098 -8.15535e-07 1.76637e-08 -8.15535e-07 1.03523e-06 
127
0
-3.83755
2.76441e-05
0.899409 -2.92624e-05 1.78243e-08 -2.92624e-05 1.02902 -8.15556e-07 1.78243e-08 -8.15556e-07 1.03523e-06 
128
0
-3.87093
-0.000183401
0.906429 -2.94002e-05 1.79633e-08 -2.94002e-05 1.03705 -8.15579e-07 1.79633e-08 -8.15579e-07 1.03523e-06 
129
0
-3.90357
-0.000360601
0.913449 -2.88495e-05 1.81008e-08 -2.88495e-05 1.04508 -8.15599e-07 1.81008e-08 -8.15599e-07 1.03523e-06 
130
0
-3.93746
0.000527597
0.920469 -2.77109e-05 1.8234e-08 -2.77109e-05 1.05312 -8.15618e-07 1.8234e-08 -8.15618e-07 1.03523e-06 
131
0
-3.96994
-0.000281108
0.927489 -2.95088e-05 1.84302e-08 -2.95088e-05 1.06115 -8.15636e-07 1.84302e-08 -8.15636e-07 1.03523e-06 
132
0
-4.00383
0.000497992
0.934509 -2.86176e-05 1.85476e-08 -2.86176e-05 1.06919 -8.15656e-07 1.85476e-08 -8.15656e-07 1.03523e-06 
133
0
-4.0357
-0.00048099
0.941529 -3.03426e-05 1.8736e-08 -3.03426e-05 1.07722 -8.15672e-07 1.8736e-08 -8.15672e-07 1.03523e-06 
134
0
-4.06897
-7.46417e-05
0.948549 -2.87591e-05 1.88395e-08 -2.87591e-05 1.08526 -8.15688e-07 1.88395e-08 -8.15688e-07 1.03523e-06 
135
0
-4.10252
0.000395621
0.955569 -2.85523e-05 1.89989e-08 -2.85523e-05 1.09329 -8.15704e-07 1.89989e-08 -8.15704e-07 1.03523e-06 
136
0
-4.13551
0.000721853
0.962589 -2.99627e-05 1.9179e-08 -2.99627e-05 1.10133 -8.15719e-07 1.9179e-08 -8.15719e-07 1.03523e-06 
137
0
-4.16793
0.000654709
0.969609 -3.25146e-05 1.93591e-08 -3.25146e-05 1.10936 -8.15734e-07 1.93591e-08 -8.15734e-07 1.03523e-06 
138
0
-4.1996
-0.000541808
0.976629 -3.48503e-05 1.95191e-08 -3.48503e-05 1.1174 -8.15748e-07 1.95191e-08 -8.15748e-07 1.03523e-06 
139
0
-4.23273
-0.000518894
0.983649 -3.29918e-05 1.96064e-08 -3.29918e-05 1.12543 -8.15762e-07 1.96064e-08 -8.15762e-07 1.03523e-06 
140
0
-4.2662
-1.89199e-05
0.990669 -3.12009e-05 1.97392e-08 -3.12009e-05 1.13347 -8.15776e-07 1.97392e-08 -8.15776e-07 1.03523e-06 
141
0
-4.29865
-0.000326429
0.997689 -3.11816e-05 1.99092e-08 -3.11816e-05 1.1415 -8.15787e-07 1.99092e-08 -8.15787e-07 1.03523e-06 
142
0
-4.33137
-0.000237373
1.00471 -3.00563e-05 2.00431e-08 -3.00563e-05 1.14954 -8.15797e-07 2.00431e-08 -8.15797e-07 1.03523e-06 
143
0
-4.36537
0.000731059
1.01173 -2.92452e-05 2.01901e-08 -2.92452e-05 1.15757 -8.15808e-07 2.01901e-08 -8.15808e-07 1.03523e-06 
144
0
-4.39743
-0.000386131
1.01875 -3.19589e-05 2.03966e-08 -3.19589e-05 1.16561 -8.15818e-07 2.03966e-08 -8.15818e-07 1.03523e-06 
145
0
-4.43032
-0.000525196
1.02577 -3.05896e-05 2.05004e-08 -3.05896e-05 1.17364 -8.1583e-07 2.05004e-08 -8.1583e-07 1.03523e-06 
146
0
-4.46359
-7.90695e-05
1.03279 -2.86964e-05 2.06291e-08 -2.86964e-05 1.18167 -8.1584e-07 2.06291e-08 -8.1584e-07 1.03523e-06 
147
0
-4.49589
-0.000468265
1.03981 -2.84504e-05 2.07955e-08 -2.84504e-05 1.18971 -8.15849e-07 2.07955e-08 -8.15849e-07 1.03523e-06 
148
0
-4.52894
-0.00023132
1.04683 -2.67439e-05 2.09235e-08 -2.67439e-05 1.19774 -8.15857e-07 2.09235e-08 -8.15857e-07 1.03523e-06 
149
0
-4.5621
-0.000128076
1.05385 -2.59195e-05 2.10782e-08 -2.59195e-05 1.20578 -8.15867e-07 2.10782e-08 -8.15867e-07 1.03523e-06 
150
0
-4.59538
-0.000226371
1.06087 -2.54814e-05 2.12342e-08 -2.54814e-05 1.21381 -8.15876e-07 2.12342e-08 -8.15876e-07 1.03523e-06 
151
0
-4.62743
-0.000744358
1.06789 -2.46642e-05 2.1381e-08 -2.46642e-05 1.22185 -8.15884e-07 2.1381e-08 -8.15884e-07 1.03523e-06 
152
0
-4.66134
0.000523804
1.07491 -2.18475e-05 2.14959e-08 -2.18475e-05 1.22988 -8.15892e-07 2.14959e-08 -8.15892e-07 1.03523e-06 
153
0
-4.69406
0.000144553
1.08193 -2.39253e-05 2.17078e-08 -2.39253e-05 1.23792 -8.159e-07 2.17078e-08 -8.159e-07 1.03523e-06 
154
0
-4.72628
-0.000691127
1.08895 -2.45374e-05 2.18562e-08 -2.45374e-05 1.24595 -8.15909e-07 2.18562e-08 -8.15909e-07 1.03523e-06 
155
0
-4.76029
0.000522759
1.09597 -2.1873e-05 2.19597e-08 -2.1873e-05 1.25399 -8.15916e-07 2.19597e-08 -8.15916e-07 1.03523e-06 
156
0
-4.79307
0.000376284
1.10299 -2.39866e-05 2.21677e-08 -2.39866e-05 1.26202 -8.15924e-07 2.21677e-08 -8.15924e-07 1.03523e-06 
157
0
-4.82549
-0.00012109
1.11001 -2.5531e-05 2.23291e-08 -2.5531e-05 1.27006 -8.15934e-07 2.23291e-08 -8.15934e-07 1.03523e-06 
158
0
-4.85834
-0.000215548
1.11703 -2.50949e-05 2.24583e-08 -2.50949e-05 1.27809 -8.15944e-07 2.24583e-08 -8.15944e-07 1.03523e-06 
159
0
-4.89159
0.000206512
1.12405 -2.42754e-05 2.25993e-08 -2.42754e-05 1.28613 -8.15952e-07 2.25993e-08 -8.15952e-07 1.03523e-06 
160
0
-4.92353
-0.00067242
1.13107 -2.51606e-05 2.27722e-08 -2.51606e-05 1.29416 -8.15959e-07 2.27722e-08 -8.15959e-07 1.03523e-06 
161
0
-4.95672
-0.000504351
1.13809 -2.24674e-05 2.28771e-08 -2.24674e-05 1.30219 -8.15967e-07 2.28771e-08 -8.15967e-07 1.03523e-06 
162
0
-4.9901
-0.000165977
1.14511 -2.04466e-05 2.30223e-08 -2.04466e-05 1.31023 -8.15974e-07 2.30223e-08 -8.15974e-07 1.03523e-06 
163
0
-5.02271
-0.000262297
1.15213 -1.98099e-05 2.31878e-08 -1.98099e-05 1.31826 -8.15979e-07 2.31878e-08 -8.15979e-07 1.03523e-06 
164
0
-5.05562
-0.000378917
1.15915 -1.8769e-05 2.33341e-08 -1.8769e-05 1.3263 -8.15985e-07 2.33341e-08 -8.15985e-07 1.03523e-06 
165
0
-5.08789
-0.00106367
1.16617 -1.72341e-05 2.34758e-08 -1.72341e-05 1.33433 -8.15993e-07 2.34758e-08 -8.15993e-07 1.03523e-06 
166
0
-5.12163
0.000102445
1.17319 -1.28107e-05 2.35801e-08 -1.28107e-05 1.34237 -8.15999e-07 2.35801e-08 -8.15999e-07 1.03523e-06 
167
0
-5.15448
-0.000132535
1.18021 -1.32925e-05 2.378e-08 -1.32925e-05 1.3504 -8.16005e-07 2.378e-08 -8.16005e-07 1.03523e-06 
168
0
-5.18832
0.000610405
1.18723 -1.27771e-05 2.39304e-08 -1.27771e-05 1.35844 -8.16012e-07 2.39304e-08 -8.16012e-07 1.03523e-06 
169
0
-5.22141
0.000803554
1.19425 -1.54383e-05 2.41286e-08 -1.54383e-05 1.36647 -8.16019e-07 2.41286e-08 -8.16019e-07 1.03523e-06 
170
0
-5.25404
0.000277824
1.20127 -1.89465e-05 2.43114e-08 -1.89465e-05 1.37451 -8.16027e-07 2.43114e-08 -8.16027e-07 1.03523e-06 
171
0
-5.2861
-0.000571694
1.20829 -2.01982e-05 2.44509e-08 -2.01982e-05 1.38254 -8.16036e-07 2.44509e-08 -8.16036e-07 1.03523e-06 
172
0
-5.31849
-0.00093664
1.21531 -1.77563e-05 2.45538e-08 -1.77563e-05 1.39058 -8.16044e-07 2.45538e-08 -8.16044e-07 1.03523e-06 
173
0
-5.35127
-0.000787423
1.22233 -1.37008e-05 2.46668e-08 -1.37008e-05 1.39861 -8.1605e-07 2.46668e-08 -8.1605e-07 1.03523e-06 
174
0
-5.38435
-0.000575468
1.22935 -1.02791e-05 2.48075e-08 -1.02791e-05 1.40665 -8.16058e-07 2.48075e-08 -8.16058e-07 1.03523e-06 
175
0
-5.41812
0.000262593
1.23637 -7.77702e-06 2.49606e-08 -7.77702e-06 1.41468 -8.16063e-07 2.49606e-08 -8.16063e-07 1.03523e-06 
176
0
-5.4507
-0.000471347
1.24339 -8.99619e-06 2.5158e-08 -8.99619e-06 1.42271 -8.1607e-07 2.5158e-08 -8.1607e-07 1.03523e-06 
177
0
-5.48363
-0.000231994
1.25041 -6.93165e-06 2.52808e-08 -6.93165e-06 1.43075 -8.16078e-07 2.52808e-08 -8.16078e-07 1.03523e-06 
178
0
-5.51701
-8.05539e-05
1.25743 -5.9343e-06 2.54369e-08 -5.9343e-06 1.43878 -8.16087e-07 2.54369e-08 -8.16087e-07 1.03523e-06 
179
0
-5.55023
9.82856e-05
1.26445 -5.61769e-06 2.55992e-08 -5.61769e-06 1.44682 -8.16095e-07 2.55992e-08 -8.16095e-07 1.03523e-06 
180
0
-5.58329
0.000887801
1.27147 -6.11441e-06 2.57659e-08 -6.11441e-06 1.45485 -8.16101e-07 2.57659e-08 -8.16101e-07 1.03523e-06 
181
0
-5.61522
0.000125414
1.27849 -1.02332e-05 2.59702e-08 -1.02332e-05 1.46289 -8.16107e-07 2.59702e-08 -8.16107e-07 1.03523e-06 
182
0
-5.64833
-2.69981e-05
1.28551 -1.086e-05 2.60989e-08 -1.086e-05 1.47092 -8.16114e-07 2.60989e-08 -8.16114e-07 1.03523e-06 
183
0
-5.68134
0.00014773
1.29253 -1.07835e-05 2.62425e-08 -1.07835e-05 1.47896 -8.16122e-07 2.62425e-08 -8.16122e-07 1.03523e-06 
184
0
-5.71407
0.000300228
1.29955 -1.15207e-05 2.64045e-08 -1.15207e-05 1.48699 -8.1613e-07 2.64045e-08 -8.1613e-07 1.03523e-06 
185
0
-5.74695
0.00028192
1.30657 -1.29763e-05 2.65698e-08 -1.29763e-05 1.49503 -8.16137e-07 2.65698e-08 -8.16137e-07 1.03523e-06 
186
0
-5.77967
0.000233842
1.31359 -1.43532e-05 2.67285e-08 -1.43532e-05 1.50306 -8.16146e-07 2.67285e-08 -8.16146e-07 1.03523e-06 
187
0
-5.81244
-2.72605e-05
1.32061 -1.55096e-05 2.68832e-08 -1.55096e-05 1.5111 -8.16155e-07 2.68832e-08 -8.16155e-07 1.03523e-06 
188
0
-5.84553
0.000311891
1.32763 -1.54285e-05 2.70242e-08 -1.54285e-05 1.51913 -8.16162e-07 2.70242e-08 -8.16162e-07 1.03523e-06 
189
0
-5.87871
0.000690732
1.33465 -1.69704e-05 2.71945e-08 -1.69704e-05 1.52717 -8.16169e-07 2.71945e-08 -8.16169e-07 1.03523e-06 
190
0
-5.91062
-0.000633578
1.34167 -2.03436e-05 2.73774e-08 -2.03436e-05 1.5352 -8.16176e-07 2.73774e-08 -8.16176e-07 1.03523e-06 
191
0
-5.94351
0.000150753
1.34869 -1.73269e-05 2.74651e-08 -1.73269e-05 1.54323 -8.16184e-07 2.74651e-08 -8.16184e-07 1.03523e-06 
192
0
-5.97653
0.000589772
1.35571 -1.81089e-05 2.76412e-08 -1.81089e-05 1.55127 -8.16191e-07 2.76412e-08 -8.16191e-07 1.03523e-06 
193
0
-6.00914
0.000637617
1.36273 -2.10411e-05 2.78252e-08 -2.10411e-05 1.5593 -8.16198e-07 2.78252e-08 -8.16198e-07 1.03523e-06 
194
0
-6.04089
-0.000891417
1.36975 -2.42234e-05 2.79928e-08 -2.42234e-05 1.56734 -8.16206e-07 2.79928e-08 -8.16206e-07 1.03523e-06 
195
0
-6.07431
-4.92949e-05
1.37677 -1.98689e-05 2.80641e-08 -1.98689e-05 1.57537 -8.16211e-07 2.80641e-08 -8.16211e-07 1.03523e-06 
196
0
-6.10824
0.00111622
1.38379 -1.9673e-05 2.82385e-08 -1.9673e-05 1.58341 -8.16217e-07 2.82385e-08 -8.16217e-07 1.03523e-06 
197
0
-6.13992
-0.000349815
1.39081 -2.52924e-05 2.84642e-08 -2.52924e-05 1.59144 -8.16223e-07 2.84642e-08 -8.16223e-07 1.03523e-06 
198
0
-6.17343
0.000327401
1.39783 -2.35866e-05 2.85559e-08 -2.35866e-05 1.59948 -8.1623e-07 2.85559e-08 -8.1623e-07 1.03523e-06 
199
0
-6.20621
1.97766e-05
1.40485 -2.5286e-05 2.87326e-08 -2.5286e-05 1.60751 -8.16237e-07 2.87326e-08 -8.16237e-07 1.03523e-06 
200
0
-6.23918
0.000390625
1.41187 -2.54351e-05 2.88747e-08 -2.54351e-05 1.61555 -8.16242e-07 2.88747e-08 -8.16242e-07 1.03523e-06 
201
0
-6.2725
0.00103974
1.41889 -2.74731e-05 2.90458e-08 -2.74731e-05 1.62358 -8.16247e-07 2.90458e-08 -8.16247e-07 1.03523e-06 
202
0
-6.30466
3.67191e-05
1.42591 -3.28427e-05 2.92447e-08 -3.28427e-05 1.63162 -8.16253e-07 2.92447e-08 -8.16253e-07 1.03523e-06 
203
0
-6.33751
-0.000355331
1.43293 -3.30805e-05 2.93582e-08 -3.30805e-05 1.63965 -8.16262e-07 2.93582e-08 -8.16262e-07 1.03523e-06 
204
0
-6.37093
6.93064e-05
1.43995 -3.12931e-05 2.94795e-08 -3.12931e-05 1.64769 -8.1627e-07 2.94795e-08 -8.1627e-07 1.03523e-06 
205
0
-6.40403
0.00017545
1.44697 -3.1702e-05 2.96456e-08 -3.1702e-05 1.65572 -8.16277e-07 2.96456e-08 -8.16277e-07 1.03523e-06 
206
0
-6.43689
0.000160696
1.45399 -3.26667e-05 2.98062e-08 -3.26667e-05 1.66375 -8.16282e-07 2.98062e-08 -8.16282e-07 1.03523e-06 
207
0
-6.47113
0.000933287
1.46101 -3.35584e-05 2.99597e-08 -3.35584e-05 1.67179 -8.16288e-07 2.99597e-08 -8.16288e-07 1.03523e-06 
208
0
-6.50324
-7.87365e-05
1.46803 -3.85254e-05 3.01623e-08 -3.85254e-05 1.67982 -8.16295e-07 3.01623e-08 -8.16295e-07 1.03523e-06 
209
0
-6.53645
-0.00023027
1.47505 -3.81575e-05 3.02737e-08 -3.81575e-05 1.68786 -8.16303e-07 3.02737e-08 -8.16303e-07 1.03523e-06 
210
0
-6.57024
0.00113628
1.48207 -3.69815e-05 3.04079e-08 -3.69815e-05 1.69589 -8.1631e-07 3.04079e-08 -8.1631e-07 1.03523e-06 
211
0
-6.6026
0.000250247
1.48909 -4.31047e-05 3.06332e-08 -4.31047e-05 1.70393 -8.16317e-07 3.06332e-08 -8.16317e-07 1.03523e-06 
212
0
-6.6348
-0.000631355
1.49611 -4.44978e-05 3.07596e-08 -4.44978e-05 1.71196 -8.16324e-07 3.07596e-08 -8.16324e-07 1.03523e-06 
213
0
-6.66759
-0.00103792
1.50313 -4.114e-05 3.08549e-08 -4.114e-05 1.72 -8.16331e-07 3.08549e-08 -8.16331e-07 1.03523e-06 
214
0
-6.70083
-0.000316902
1.51015 -3.55618e-05 3.09614e-08 -3.55618e-05 1.72803 -8.16338e-07 3.09614e-08 -8.16338e-07 1.03523e-06 
215
0
-6.73412
5.05667e-05
1.51717 -3.38848e-05 3.11309e-08 -3.38848e-05 1.73607 -8.16343e-07 3.11309e-08 -8.16343e-07 1.03523e-06 
216
0
-6.76695
0.000407414
1.52419 -3.42107e-05 3.13025e-08 -3.42107e-05 1.7441 -8.16348e-07 3.13025e-08 -8.16348e-07 1.03523e-06 
217
0
-6.79974
1.45834e-05
1.53121 -3.64998e-05 3.14777e-08 -3.64998e-05 1.75214 -8.16354e-07 3.14777e-08 -8.16354e-07 1.03523e-06 
218
0
-6.83255
5.76985e-05
1.53823 -3.66295e-05 3.16157e-08 -3.66295e-05 1.76017 -8.1636e-07 3.16157e-08 -8.1636e-07 1.03523e-06 
219
0
-6.86513
-0.000134754
1.54525 -3.69988e-05 3.17664e-08 -3.69988e-05 1.76821 -8.16367e-07 3.17664e-08 -8.16367e-07 1.03523e-06 
220
0
-6.89813
0.000285576
1.55227 -3.6297e-05 3.19055e-08 -3.6297e-05 1.77624 -8.16374e-07 3.19055e-08 -8.16374e-07 1.03523e-06 
221
0
-6.93019
-0.000609735
1.55929 -3.79452e-05 3.20767e-08 -3.79452e-05 1.78427 -8.16381e-07 3.20767e-08 -8.16381e-07 1.03523e-06 
222
0
-6.96272
-0.000498894
1.56631 -3.45649e-05 3.21805e-08 -3.45649e-05 1.79231 -8.16389e-07 3.21805e-08 -8.16389e-07 1.03523e-06 
223
0
-6.99592
-6.04678e-05
1.57333 -3.17954e-05 3.2319e-08 -3.17954e-05 1.80034 -8.16395e-07 3.2319e-08 -8.16395e-07 1.03523e-06 
224
0
-7.02878
5.23296e-05
1.58035 -3.15015e-05 3.2487e-08 -3.15015e-05 1.80838 -8.16398e-07 3.2487e-08 -8.16398e-07 1.03523e-06 
225
0
-7.06138
0.000306818
1.58737 -3.18491e-05 3.26469e-08 -3.18491e-05 1.81641 -8.16404e-07 3.26469e-08 -8.16404e-07 1.03523e-06 
226
0
-7.09368
-0.000466021
1.59439 -3.36553e-05 3.28143e-08 -3.36553e-05 1.82445 -8.16411e-07 3.28143e-08 -8.16411e-07 1.03523e-06 
227
0
-7.12712
0.000111249
1.60141 -3.10243e-05 3.29266e-08 -3.10243e-05 1.83248 -8.16418e-07 3.29266e-08 -8.16418e-07 1.03523e-06 
228
0
-7.15912
-0.000638772
1.60843 -3.17163e-05 3.30998e-08 -3.17163e-05 1.84052 -8.16422e-07 3.30998e-08 -8.16422e-07 1.03523e-06 
229
0
-7.19262
0.000514427
1.61545 -2.80593e-05 3.32105e-08 -2.80593e-05 1.84855 -8.16427e-07 3.32105e-08 -8.16427e-07 1.03523e-06 
230
0
-7.22546
0.000930328
1.62247 -3.11065e-05 3.34145e-08 -3.11065e-05 1.85659 -8.16431e-07 3.34145e-08 -8.16431e-07 1.03523e-06 
231
0
-7.25859
0.000872803
1.62949 -3.6601e-05 3.3607e-08 -3.6601e-05 1.86462 -8.16437e-07 3.3607e-08 -8.16437e-07 1.03523e-06 
232
0
-7.29146
0.000307821
1.63651 -4.17809e-05 3.37773e-08 -4.17809e-05 1.87266 -8.16443e-07 3.37773e-08 -8.16443e-07 1.03523e-06 
233
0
-7.32442
2.59252e-05
1.64353 -4.36475e-05 3.39121e-08 -4.36475e-05 1.88069 -8.16449e-07 3.39121e-08 -8.16449e-07 1.03523e-06 
234
0
-7.35787
0.0004597
1.65055 -4.38506e-05 3.40487e-08 -4.38506e-05 1.88873 -8.16455e-07 3.40487e-08 -8.16455e-07 1.03523e-06 
235
0
-7.38982
-8.74908e-06
1.65757 -4.66373e-05 3.42241e-08 -4.66373e-05 1.89676 -8.16462e-07 3.42241e-08 -8.16462e-07 1.03523e-06 
236
0
-7.42258
-0.000168171
1.66459 -4.66344e-05 3.43549e-08 -4.66344e-05 1.90479 -8.16469e-07 3.43549e-08 -8.16469e-07 1.03523e-06 
237
0
-7.45519
-9.79041e-05
1.67161 -4.5674e-05 3.44918e-08 -4.5674e-05 1.91283 -8.16477e-07 3.44918e-08 -8.16477e-07 1.03523e-06 
238
0
-7.48835
0.00015613
1.67863 -4.5133e-05 3.46401e-08 -4.5133e-05 1.92086 -8.16484e-07 3.46401e-08 -8.16484e-07 1.03523e-06 
239
0
-7.52035
-0.000109531
1.68565 -4.6128e-05 3.48042e-08 -4.6128e-05 1.9289 -8.16489e-07 3.48042e-08 -8.16489e-07 1.03523e-06 
240
0
-7.55298
-0.000644253
1.69267 -4.55114e-05 3.49405e-08 -4.55114e-05 1.93693 -8.16497e-07 3.49405e-08 -8.16497e-07 1.03523e-06 
241
0
-7.58705
0.000895263
1.69969 -4.16268e-05 3.50551e-08 -4.16268e-05 1.94497 -8.16504e-07 3.50551e-08 -8.16504e-07 1.03523e-06 
242
0
-7.61865
-0.000515637
1.70671 -4.7166e-05 3.5283e-08 -4.7166e-05 1.953 -8.16507e-07 3.5283e-08 -8.16507e-07 1.03523e-06 
243
0
-7.65178
-0.000427915
1.71373 -4.40406e-05 3.53744e-08 -4.40406e-05 1.96104 -8.16514e-07 3.53744e-08 -8.16514e-07 1.03523e-06 
244
0
-7.68572
0.000849984
1.72075 -4.14446e-05 3.55131e-08 -4.14446e-05 1.96907 -8.1652e-07 3.55131e-08 -8.1652e-07 1.03523e-06 
245
0
-7.71694
-0.000944365
1.72777 -4.67709e-05 3.57332e-08 -4.67709e-05 1.97711 -8.16524e-07 3.57332e-08 -8.16524e-07 1.03523e-06 
246
0
-7.75118
0.000202019
1.73479 -4.09339e-05 3.57992e-08 -4.09339e-05 1.98514 -8.16531e-07 3.57992e-08 -8.16531e-07 1.03523e-06 
247
0
-7.78403
0.000264193
1.74181 -4.22479e-05 3.59927e-08 -4.22479e-05 1.99318 -8.16539e-07 3.59927e-08 -8.16539e-07 1.03523e-06 
248
0
-7.81751
0.000502456
1.74883 -4.39577e-05 3.61578e-08 -4.39577e-05 2.00121 -8.16548e-07 3.61578e-08 -8.16548e-07 1.03523e-06 
249
0
-7.85069
0.000361468
1.75585 -4.71776e-05 3.63314e-08 -4.71776e-05 2.00925 -8.16555e-07 3.63314e-08 -8.16555e-07 1.03523e-06 
250
0
-7.88383
0.000187984
1.76287 -4.95171e-05 3.64869e-08 -4.95171e-05 2.01728 -8.16561e-07 3.64869e-08 -8.16561e-07 1.03523e-06 
251
0
-7.91644
0.000102185
1.76989 -5.07624e-05 3.6635e-08 -5.07624e-05 2.02531 -8.16566e-07 3.6635e-08 -8.16566e-07 1.03523e-06 
252
0
-7.94819
-0.000900777
1.77691 -5.14646e-05 3.67818e-08 -5.14646e-05 2.03335 -8.16573e-07 3.67818e-08 -8.16573e-07 1.03523e-06 
253
0
-7.98258
0.000399258
1.78393 -4.57395e-05 3.68711e-08 -4.57395e-05 2.04138 -8.1658e-07 3.68711e-08 -8.1658e-07 1.03523e-06 
254
0
-8.01492
-0.000656767
1.79095 -4.8359e-05 3.70784e-08 -4.8359e-05 2.04942 -8.16585e-07 3.70784e-08 -8.16585e-07 1.03523e-06 
255
0
-8.04749
-0.000326751
1.79797 -4.41649e-05 3.71824e-08 -4.41649e-05 2.05745 -8.16591e-07 3.71824e-08 -8.16591e-07 1.03523e-06 
256
0
-8.08116
-9.53303e-05
1.80499 -4.20951e-05 3.73333e-08 -4.20951e-05 2.06549 -8.16596e-07 3.73333e-08 -8.16596e-07 1.03523e-06 
257
0
-8.11376
-0.000250796
1.81201 -4.1524e-05 3.74964e-08 -4.1524e-05 2.07352 -8.16602e-07 3.74964e-08 -8.16602e-07 1.03523e-06 
258
0
-8.14849
0.00169734
1.81903 -3.99342e-05 3.76386e-08 -3.99342e-05 2.08156 -8.16609e-07 3.76386e-08 -8.16609e-07 1.03523e-06 
259
0
-8.18046
0.000151415
1.82605 -5.11238e-05 3.79044e-08 -5.11238e-05 2.08959 -8.16616e-07 3.79044e-08 -8.16616e-07 1.03523e-06 
260
0
-8.21347
4.03751e-05
1.83307 -5.21712e-05 3.80087e-08 -5.21712e-05 2.09763 -8.16626e-07 3.80087e-08 -8.16626e-07 1.03523e-06 
261
0
-8.24713
0.000592655
1.84009 -5.24881e-05 3.81478e-08 -5.24881e-05 2.10566 -8.16634e-07 3.81478e-08 -8.16634e-07 1.03523e-06 
262
0
-8.27962
3.70795e-05
1.84711 -5.64728e-05 3.83319e-08 -5.64728e-05 2.1137 -8.1664e-07 3.83319e-08 -8.1664e-07 1.03523e-06 
263
0
-8.31343
0.000192064
1.85413 -5.67698e-05 3.84636e-08 -5.67698e-05 2.12173 -8.16648e-07 3.84636e-08 -8.16648e-07 1.03523e-06 
264
0
-8.34626
0.000216386
1.86115 -5.81046e-05 3.86238e-08 -5.81046e-05 2.12977 -8.16656e-07 3.86238e-08 -8.16656e-07 1.03523e-06 
265
0
-8.3792
0.000234306
1.86817 -5.96076e-05 3.87797e-08 -5.96076e-05 2.1378 -8.16664e-07 3.87797e-08 -8.16664e-07 1.03523e-06 
266
0
-8.4113
-0.000917559
1.87519 -6.12369e-05 3.89353e-08 -6.12369e-05 2.14583 -8.1667e-07 3.89353e-08 -8.1667e-07 1.03523e-06 
267
0
-8.44512
-7.10413e-05
1.88221 -5.50786e-05 3.90205e-08 -5.50786e-05 2.15387 -8.16678e-07 3.90205e-08 -8.16678e-07 1.03523e-06 
268
0
-8.47865
0.000464137
1.88923 -5.46462e-05 3.91982e-08 -5.46462e-05 2.1619 -8.16684e-07 3.91982e-08 -8.16684e-07 1.03523e-06 
269
0
-8.51146
-0.000336451
1.89625 -5.78601e-05 3.93858e-08 -5.78601e-05 2.16994 -8.1669e-07 3.93858e-08 -8.1669e-07 1.03523e-06 
270
0
-8.54474
-0.000186646
1.90327 -5.56081e-05 3.95035e-08 -5.56081e-05 2.17797 -8.16697e-07 3.95035e-08 -8.16697e-07 1.03523e-06 
271
0
-8.57807
0.00062716
1.91029 -5.43764e-05 3.96537e-08 -5.43764e-05 2.18601 -8.16703e-07 3.96537e-08 -8.16703e-07 1.03523e-06 
272
0
-8.61042
-0.000401001
1.91731 -5.87494e-05 3.98501e-08 -5.87494e-05 2.19404 -8.16709e-07 3.98501e-08 -8.16709e-07 1.03523e-06 
273
0
-8.64353
-0.000544517
1.92433 -5.60252e-05 3.99571e-08 -5.60252e-05 2.20208 -8.16716e-07 3.99571e-08 -8.16716e-07 1.03523e-06 
274
0
-8.6766
-0.000854589
1.93135 -5.22944e-05 4.0087e-08 -5.22944e-05 2.21011 -8.16723e-07 4.0087e-08 -8.16723e-07 1.03523e-06 
275
0
-8.709
-0.00105671
1.93837 -4.63889e-05 4.02094e-08 -4.63889e-05 2.21815 -8.16729e-07 4.02094e-08 -8.16729e-07 1.03523e-06 
276
0
-8.7422
-0.000859627
1.94539 -3.9048e-05 4.03298e-08 -3.9048e-05 2.22618 -8.16735e-07 4.03298e-08 -8.16735e-07 1.03523e-06 
277
0
-8.77533
-0.000830381
1.95241 -3.30638e-05 4.04737e-08 -3.30638e-05 2.23422 -8.16741e-07 4.04737e-08 -8.16741e-07 1.03523e-06 
278
0
-8.80856
0.000152577
1.95943 -2.72639e-05 4.06153e-08 -2.72639e-05 2.24225 -8.16748e-07 4.06153e-08 -8.16748e-07 1.03523e-06 
279
0
-8.84156
0.000195812
1.96645 -2.83929e-05 4.08126e-08 -2.83929e-05 2.25029 -8.16754e-07 4.08126e-08 -8.16754e-07 1.03523e-06 
280
0
-8.87451
-0.000279633
1.97347 -2.98325e-05 4.09797e-08 -2.98325e-05 2.25832 -8.16761e-07 4.09797e-08 -8.16761e-07 1.03523e-06 
281
0
-8.90802
0.000304726
1.98049 -2.78914e-05 4.11121e-08 -2.78914e-05 2.26636 -8.16768e-07 4.11121e-08 -8.16768e-07 1.03523e-06 
282
0
-8.94013
-0.000865266
1.98751 -3.01193e-05 4.12945e-08 -3.01193e-05 2.27439 -8.16774e-07 4.12945e-08 -8.16774e-07 1.03523e-06 
283
0
-8.97403
0.000522735
1.99453 -2.3964e-05 4.1388e-08 -2.3964e-05 2.28242 -8.16779e-07 4.1388e-08 -8.16779e-07 1.03523e-06 
284
0
-9.00632
-0.000184818
2.00155 -2.77765e-05 4.16025e-08 -2.77765e-05 2.29046 -8.16784e-07 4.16025e-08 -8.16784e-07 1.03523e-06 
285
0
-9.03967
9.10924e-05
2.00857 -2.64919e-05 4.17322e-08 -2.64919e-05 2.29849 -8.16792e-07 4.17322e-08 -8.16792e-07 1.03523e-06 
286
0
-9.07283
-0.000259067
2.01559 -2.72024e-05 4.18971e-08 -2.72024e-05 2.30653 -8.168e-07 4.18971e-08 -8.168e-07 1.03523e-06 
287
0
-9.1061
0.000496022
2.02261 -2.53684e-05 4.20355e-08 -2.53684e-05 2.31456 -8.16807e-07 4.20355e-08 -8.16807e-07 1.03523e-06 
288
0
-9.13849
2.03766e-05
2.02963 -2.90391e-05 4.22279e-08 -2.90391e-05 2.3226 -8.16812e-07 4.22279e-08 -8.16812e-07 1.03523e-06 
289
0
-9.17053
-0.000416514
2.03665 -2.92386e-05 4.23666e-08 -2.92386e-05 2.33063 -8.1682e-07 4.23666e-08 -8.1682e-07 1.03523e-06 
290
0
-9.20394
0.000743527
2.04367 -2.62278e-05 4.24896e-08 -2.62278e-05 2.33867 -8.16825e-07 4.24896e-08 -8.16825e-07 1.03523e-06 
291
0
-9.23651
-0.000388717
2.05069 -3.17616e-05 4.27004e-08 -3.17616e-05 2.3467 -8.16831e-07 4.27004e-08 -8.16831e-07 1.03523e-06 
292
0
-9.27012
-1.02416e-06
2.05771 -2.89354e-05 4.28087e-08 -2.89354e-05 2.35474 -8.16839e-07 4.28087e-08 -8.16839e-07 1.03523e-06 
293
0
-9.30271
0.000176481
2.06473 -2.89782e-05 4.29736e-08 -2.89782e-05 2.36277 -8.16845e-07 4.29736e-08 -8.16845e-07 1.03523e-06 
294
0
-9.3355
-0.000225376
2.07176 -3.03436e-05 4.31378e-08 -3.03436e-05 2.37081 -8.1685e-07 4.31378e-08 -8.1685e-07 1.03523e-06 
295
0
-9.36892
-8.72649e-05
2.07878 -2.87091e-05 4.32722e-08 -2.87091e-05 2.37884 -8.16856e-07 4.32722e-08 -8.16856e-07 1.03523e-06 
296
0
-9.40173
0.000270716
2.0858 -2.81049e-05 4.34288e-08 -2.81049e-05 2.38688 -8.16862e-07 4.34288e-08 -8.16862e-07 1.03523e-06 
297
0
-9.43404
-0.000536074
2.09282 -3.01931e-05 4.36015e-08 -3.01931e-05 2.39491 -8.16867e-07 4.36015e-08 -8.16867e-07 1.03523e-06 
298
0
-9.46685
-0.000802195
2.09984 -2.6195e-05 4.37134e-08 -2.6195e-05 2.40294 -8.16874e-07 4.37134e-08 -8.16874e-07 1.03523e-06 
299
0
-9.50109
0.000465812
2.10686 -2.01667e-05 4.38358e-08 -2.01667e-05 2.41098 -8.16877e-07 4.38358e-08 -8.16877e-07 1.03523e-06 
300
0
-9.53463
0.0013331
2.11388 -2.37589e-05 4.40502e-08 -2.37589e-05 2.41901 -8.16882e-07 4.40502e-08 -8.16882e-07 1.03523e-06 
301
0
-9.56661
7.29672e-05
2.1209 -3.3979e-05 4.42736e-08 -3.3979e-05 2.42705 -8.16889e-07 4.42736e-08 -8.16889e-07 1.03523e-06 
302
0
-9.5997
0.000662241
2.12792 -3.4588e-05 4.43827e-08 -3.4588e-05 2.43508 -8.16899e-07 4.43827e-08 -8.16899e-07 1.03523e-06 
303
0
-9.63215
0.000392716
2.13494 -3.97241e-05 4.45632e-08 -3.97241e-05 2.44312 -8.16905e-07 4.45632e-08 -8.16905e-07 1.03523e-06 
304
0
-9.66512
0.000852992
2.14196 -4.28005e-05 4.47127e-08 -4.28005e-05 2.45115 -8.16913e-07 4.47127e-08 -8.16913e-07 1.03523e-06 
305
0
-9.6981
0.000610687
2.14898 -4.94447e-05 4.48963e-08 -4.94447e-05 2.45919 -8.1692e-07 4.48963e-08 -8.1692e-07 1.03523e-06 
306
0
-9.73068
-0.000195451
2.156 -5.42315e-05 4.5052e-08 -5.42315e-05 2.46722 -8.16928e-07 4.5052e-08 -8.16928e-07 1.03523e-06 
307
0
-9.76375
0.000349091
2.16302 -5.27615e-05 4.51649e-08 -5.27615e-05 2.47526 -8.16935e-07 4.51649e-08 -8.16935e-07 1.03523e-06 
308
0
-9.79702
0.000299209
2.17004 -5.55372e-05 4.53376e-08 -5.55372e-05 2.48329 -8.16941e-07 4.53376e-08 -8.16941e-07 1.03523e-06 
309
0
-9.83094
0.00156949
2.17706 -5.79312e-05 4.54953e-08 -5.79312e-05 2.49133 -8.16948e-07 4.54953e-08 -8.16948e-07 1.03523e-06 
310
0
-9.86222
0.000131323
2.18408 -7.03131e-05 4.57279e-08 -7.03131e-05 2.49936 -8.16955e-07 4.57279e-08 -8.16955e-07 1.03523e-06 
311
0
-9.89548
0.000477605
2.1911 -7.1399e-05 4.58259e-08 -7.1399e-05 2.5074 -8.16963e-07 4.58259e-08 -8.16963e-07 1.03523e-06 
312
0
-9.92846
0.000230389
2.19812 -7.52266e-05 4.59889e-08 -7.52266e-05 2.51543 -8.16971e-07 4.59889e-08 -8.16971e-07 1.03523e-06 
313
0
-9.96172
0.00020231
2.20514 -7.71051e-05 4.6133e-08 -7.71051e-05 2.52346 -8.16978e-07 4.6133e-08 -8.16978e-07 1.03523e-06 
314
0
-9.99447
-0.000330052
2.21216 -7.8766e-05 4.62837e-08 -7.8766e-05 2.5315 -8.16984e-07 4.62837e-08 -8.16984e-07 1.03523e-06 
315
0
-10.027
-0.000158715
2.21918 -7.6182e-05 4.64041e-08 -7.6182e-05 2.53953 -8.1699e-07 4.64041e-08 -8.1699e-07 1.03523e-06 
316
0
-10.061
0.000292836
2.2262 -7.49618e-05 4.6551e-08 -7.49618e-05 2.54757 -8.16996e-07 4.6551e-08 -8.16996e-07 1.03523e-06 
317
0
-10.0936
9.83361e-05
2.23322 -7.73656e-05 4.6727e-08 -7.73656e-05 2.5556 -8.17005e-07 4.6727e-08 -8.17005e-07 1.03523e-06 
318
0
-10.1275
0.00132452
2.24024 -7.82091e-05 4.68724e-08 -7.82091e-05 2.56364 -8.17012e-07 4.68724e-08 -8.17012e-07 1.03523e-06 
319
0
-10.1594
0.000199238
2.24726 -8.8969e-05 4.70961e-08 -8.8969e-05 2.57167 -8.17018e-07 4.70961e-08 -8.17018e-07 1.03523e-06 
320
0
-10.1931
0.00049863
2.25428 -9.06359e-05 4.72087e-08 -9.06359e-05 2.57971 -8.17027e-07 4.72087e-08 -8.17027e-07 1.03523e-06 
321
0
-10.225
-0.00029264
2.2613 -9.47438e-05 4.73737e-08 -9.47438e-05 2.58774 -8.17034e-07 4.73737e-08 -8.17034e-07 1.03523e-06 
322
0
-10.2584
0.000206713
2.26832 -9.24066e-05 4.74823e-08 -9.24066e-05 2.59578 -8.1704e-07 4.74823e-08 -8.1704e-07 1.03523e-06 
323
0
-10.292
0.000688666
2.27534 -9.415e-05 4.76493e-08 -9.415e-05 2.60381 -8.17045e-07 4.76493e-08 -8.17045e-07 1.03523e-06 
324
0
-10.3242
-0.000299693
2.28236 -9.98564e-05 4.78337e-08 -9.98564e-05 2.61185 -8.17051e-07 4.78337e-08 -8.17051e-07 1.03523e-06 
325
0
-10.3575
0.000421429
2.28938 -9.74389e-05 4.79389e-08 -9.74389e-05 2.61988 -8.17059e-07 4.79389e-08 -8.17059e-07 1.03523e-06 
326
0
-10.3906
0.000524306
2.2964 -0.000100972 4.81173e-08 -0.000100972 2.62792 -8.17064e-07 4.81173e-08 -8.17064e-07 1.03523e-06 
327
0
-10.4232
0.000199011
2.30342 -0.000105369 4.82834e-08 -0.000105369 2.63595 -8.17071e-07 4.82834e-08 -8.17071e-07 1.03523e-06 
328
0
-10.4559
-0.000409313
2.31044 -0.000107075 4.84223e-08 -0.000107075 2.64398 -8.17079e-07 4.84223e-08 -8.17079e-07 1.03523e-06 
329
0
-10.489
-0.000122094
2.31746 -0.000103713 4.85355e-08 -0.000103713 2.65202 -8.17083e-07 4.85355e-08 -8.17083e-07 1.03523e-06 
330
0
-10.5222
0.00049236
2.32448 -0.000102743 4.86886e-08 -0.000102743 2.66005 -8.17091e-07 4.86886e-08 -8.17091e-07 1.03523e-06 
331
0
-10.554
-0.000228474
2.3315 -0.000106925 4.88721e-08 -0.000106925 2.66809 -8.17099e-07 4.88721e-08 -8.17099e-07 1.03523e-06 
332
0
-10.5877
0.000878135
2.33852 -0.000105054 4.89879e-08 -0.000105054 2.67612 -8.17106e-07 4.89879e-08 -8.17106e-07 1.03523e-06 
333
0
-10.6201
1.16592e-05
2.34554 -0.000112517 4.91938e-08 -0.000112517 2.68416 -8.17111e-07 4.91938e-08 -8.17111e-07 1.03523e-06 
334
0
-10.6531
0.000464063
2.35256 -0.000112667 4.93135e-08 -0.000112667 2.69219 -8.17117e-07 4.93135e-08 -8.17117e-07 1.03523e-06 
335
0
-10.686
0.000394328
2.35958 -0.000116658 4.9483e-08 -0.000116658 2.70023 -8.17124e-07 4.9483e-08 -8.17124e-07 1.03523e-06 
336
0
-10.7189
0.000421067
2.3666 -0.000120068 4.96374e-08 -0.000120068 2.70826 -8.17129e-07 4.96374e-08 -8.17129e-07 1.03523e-06 
337
0
-10.7512
0.000129398
2.37362 -0.000123716 4.97939e-08 -0.000123716 2.7163 -8.17137e-07 4.97939e-08 -8.17137e-07 1.03523e-06 
338
0
-10.7847
0.00120192
2.38064 -0.000124876 4.99301e-08 -0.000124876 2.72433 -8.17144e-07 4.99301e-08 -8.17144e-07 1.03523e-06 
339
0
-10.8172
0.000602521
2.38766 -0.000135255 5.01414e-08 -0.000135255 2.73237 -8.17151e-07 5.01414e-08 -8.17151e-07 1.03523e-06 
340
0
-10.8499
0.000761592
2.39468 -0.000140499 5.02818e-08 -0.000140499 2.7404 -8.17159e-07 5.02818e-08 -8.17159e-07 1.03523e-06 
341
0
-10.8821
-0.000423816
2.4017 -0.000147133 5.04449e-08 -0.000147133 2.74844 -8.17167e-07 5.04449e-08 -8.17167e-07 1.03523e-06 
342
0
-10.9161
0.000536573
2.40872 -0.00014351 5.05348e-08 -0.00014351 2.75647 -8.17174e-07 5.05348e-08 -8.17174e-07 1.03523e-06 
343
0
-10.9492
0.00107746
2.41574 -0.000148227 5.07245e-08 -0.000148227 2.7645 -8.1718e-07 5.07245e-08 -8.1718e-07 1.03523e-06 
344
0
-10.9819
0.000347364
2.42276 -0.000157673 5.09184e-08 -0.000157673 2.77254 -8.17188e-07 5.09184e-08 -8.17188e-07 1.03523e-06 
345
0
-11.0139
-0.00066049
2.42978 -0.000160762 5.1046e-08 -0.000160762 2.78057 -8.17196e-07 5.1046e-08 -8.17196e-07 1.03523e-06 
346
0
-11.0464
-0.000700741
2.4368 -0.000155022 5.11326e-08 -0.000155022 2.78861 -8.17204e-07 5.11326e-08 -8.17204e-07 1.03523e-06 
347
0
-11.0804
0.00031293
2.44382 -0.00014891 5.12547e-08 -0.00014891 2.79664 -8.1721e-07 5.12547e-08 -8.1721e-07 1.03523e-06 
348
0
-11.1129
-0.000250353
2.45084 -0.000151722 5.14494e-08 -0.000151722 2.80468 -8.17215e-07 5.14494e-08 -8.17215e-07 1.03523e-06 
349
0
-11.1452
-0.00083561
2.45786 -0.000149559 5.15756e-08 -0.000149559 2.81271 -8.17223e-07 5.15756e-08 -8.17223e-07 1.03523e-06 
350
0
-11.1781
-0.00050231
2.46488 -0.000142198 5.16798e-08 -0.000142198 2.82075 -8.17229e-07 5.16798e-08 -8.17229e-07 1.03523e-06 
351
0
-11.2118
0.000491665
2.4719 -0.000137781 5.18269e-08 -0.000137781 2.82878 -8.17235e-07 5.18269e-08 -8.17235e-07 1.03523e-06 
352
0
-11.2439
-0.000484622
2.47892 -0.00014222 5.20283e-08 -0.00014222 2.83682 -8.17239e-07 5.20283e-08 -8.17239e-07 1.03523e-06 
353
0
-11.2772
-0.000203465
2.48594 -0.000137935 5.21349e-08 -0.000137935 2.84485 -8.17246e-07 5.21349e-08 -8.17246e-07 1.03523e-06 
354
0
-11.3099
-0.000284983
2.49296 -0.000136161 5.22876e-08 -0.000136161 2.85289 -8.17252e-07 5.22876e-08 -8.17252e-07 1.03523e-06 
355
0
-11.3433
0.000609999
2.49998 -0.000133649 5.24294e-08 -0.000133649 2.86092 -8.17257e-07 5.24294e-08 -8.17257e-07 1.03523e-06 
356
0
-11.3751
-0.000468879
2.507 -0.000139205 5.26271e-08 -0.000139205 2.86896 -8.17264e-07 5.26271e-08 -8.17264e-07 1.03523e-06 
357
0
-11.4082
-0.000478698
2.51402 -0.000135014 5.27286e-08 -0.000135014 2.87699 -8.1727e-07 5.27286e-08 -8.1727e-07 1.03523e-06 
358
0
-11.4416
1.34745e-05
2.52104 -0.000130722 5.28636e-08 -0.000130722 2.88502 -8.17275e-07 5.28636e-08 -8.17275e-07 1.03523e-06 
359
0
-11.4748
-0.000257643
2.52806 -0.000130897 5.30346e-08 -0.000130897 2.89306 -8.17279e-07 5.30346e-08 -8.17279e-07 1.03523e-06 
360
0
-11.5086
0.000770395
2.53508 -0.000128598 5.31752e-08 -0.000128598 2.90109 -8.17285e-07 5.31752e-08 -8.17285e-07 1.03523e-06 
361
0
-11.5408
-0.000413058
2.5421 -0.000135699 5.33834e-08 -0.000135699 2.90913 -8.17293e-07 5.33834e-08 -8.17293e-07 1.03523e-06 
362
0
-11.5738
-0.00020363
2.54912 -0.000131961 5.34854e-08 -0.000131961 2.91716 -8.17302e-07 5.34854e-08 -8.17302e-07 1.03523e-06 
363
0
-11.6065
-0.00039094
2.55614 -0.00013014 5.3634e-08 -0.00013014 2.9252 -8.1731e-07 5.3634e-08 -8.1731e-07 1.03523e-06 
364
0
-11.64
0.000421331
2.56316 -0.000126585 5.37707e-08 -0.000126585 2.93323 -8.17317e-07 5.37707e-08 -8.17317e-07 1.03523e-06 
365
0
-11.6723
-0.000239401
2.57018 -0.000130535 5.39629e-08 -0.000130535 2.94127 -8.17323e-07 5.39629e-08 -8.17323e-07 1.03523e-06 
366
0
-11.7054
-0.000419047
2.5772 -0.000128366 5.40875e-08 -0.000128366 2.9493 -8.17333e-07 5.40875e-08 -8.17333e-07 1.03523e-06 
367
0
-11.738
-0.000349905
2.58422 -0.00012452 5.42218e-08 -0.00012452 2.95734 -8.17337e-07 5.42218e-08 -8.17337e-07 1.03523e-06 
368
0
-11.7706
-0.00044304
2.59124 -0.000121308 5.43671e-08 -0.000121308 2.96537 -8.17344e-07 5.43671e-08 -8.17344e-07 1.03523e-06 
369
0
-11.8044
0.000602706
2.59826 -0.000117217 5.45067e-08 -0.000117217 2.97341 -8.1735e-07 5.45067e-08 -8.1735e-07 1.03523e-06 
370
0
-11.8367
-0.00045752
2.60528 -0.000122922 5.47142e-08 -0.000122922 2.98144 -8.17358e-07 5.47142e-08 -8.17358e-07 1.03523e-06 
371
0
-11.8702
0.000381596
2.6123 -0.000118671 5.48221e-08 -0.000118671 2.98948 -8.17365e-07 5.48221e-08 -8.17365e-07 1.03523e-06 
372
0
-11.9037
0.000801398
2.61932 -0.000122322 5.50105e-08 -0.000122322 2.99751 -8.17371e-07 5.50105e-08 -8.17371e-07 1.03523e-06 
373
0
-11.9359
-3.74439e-05
2.62634 -0.000129951 5.52018e-08 -0.000129951 3.00554 -8.17377e-07 5.52018e-08 -8.17377e-07 1.03523e-06 
374
0
-11.9695
0.00094138
2.63336 -0.000129648 5.53215e-08 -0.000129648 3.01358 -8.17385e-07 5.53215e-08 -8.17385e-07 1.03523e-06 
375
0
-12.0017
-0.000191981
2.64038 -0.000138649 5.55263e-08 -0.000138649 3.02161 -8.17393e-07 5.55263e-08 -8.17393e-07 1.03523e-06 
376
0
-12.0348
0.000243656
2.6474 -0.000136872 5.56334e-08 -0.000136872 3.02965 -8.17403e-07 5.56334e-08 -8.17403e-07 1.03523e-06 
377
0
-12.0674
-0.000310274
2.65442 -0.000139252 5.57999e-08 -0.000139252 3.03768 -8.17409e-07 5.57999e-08 -8.17409e-07 1.03523e-06 
378
0
-12.1004
-1.76197e-05
2.66144 -0.000136332 5.59242e-08 -0.000136332 3.04572 -8.17414e-07 5.59242e-08 -8.17414e-07 1.03523e-06 
379
0
-12.1339
0.000888146
2.66846 -0.000136215 5.60833e-08 -0.000136215 3.05375 -8.17419e-07 5.60833e-08 -8.17419e-07 1.03523e-06 
380
0
-12.1668
0.000536184
2.67548 -0.000144822 5.62903e-08 -0.000144822 3.06179 -8.17425e-07 5.62903e-08 -8.17425e-07 1.03523e-06 
381
0
-12.1997
0.000557503
2.6825 -0.000150053 5.64439e-08 -0.000150053 3.06982 -8.17432e-07 5.64439e-08 -8.17432e-07 1.03523e-06 
382
0
-12.232
-0.000580481
2.68952 -0.000155504 5.6604e-08 -0.000155504 3.07786 -8.17439e-07 5.6604e-08 -8.17439e-07 1.03523e-06 
383
0
-12.2655
0.000212727
2.69654 -0.000149921 5.66965e-08 -0.000149921 3.08589 -8.17446e-07 5.66965e-08 -8.17446e-07 1.03523e-06 
384
0
-12.2977
-0.000303814
2.70356 -0.000152044 5.68761e-08 -0.000152044 3.09393 -8.17449e-07 5.68761e-08 -8.17449e-07 1.03523e-06 
385
0
-12.3315
0.000545294
2.71058 -0.000149132 5.70023e-08 -0.000149132 3.10196 -8.17457e-07 5.70023e-08 -8.17457e-07 1.03523e-06 
386
0
-12.3648
0.000394785
2.7176 -0.00015452 5.7196e-08 -0.00015452 3.11 -8.17462e-07 5.7196e-08 -8.17462e-07 1.03523e-06 
387
0
-12.3978
0.000519751
2.72462 -0.000158445 5.7355e-08 -0.000158445 3.11803 -8.17469e-07 5.7355e-08 -8.17469e-07 1.03523e-06 
388
0
-12.4307
0.000660145
2.73164 -0.00016361 5.752e-08 -0.00016361 3.12606 -8.17473e-07 5.752e-08 -8.17473e-07 1.03523e-06 
389
0
-12.4628
-0.000116545
2.73866 -0.000170172 5.7688e-08 -0.000170172 3.1341 -8.1748e-07 5.7688e-08 -8.1748e-07 1.03523e-06 
390
0
-12.4951
-0.000504232
2.74568 -0.000169073 5.7803e-08 -0.000169073 3.14213 -8.17488e-07 5.7803e-08 -8.17488e-07 1.03523e-06 
391
0
-12.5289
0.000420645
2.7527 -0.000164128 5.79197e-08 -0.000164128 3.15017 -8.17497e-07 5.79197e-08 -8.17497e-07 1.03523e-06 
392
0
-12.5619
0.000144952
2.75972 -0.00016836 5.81128e-08 -0.00016836 3.1582 -8.17502e-07 5.81128e-08 -8.17502e-07 1.03523e-06 
393
0
-12.5948
0.000536619
2.76674 -0.000169857 5.82608e-08 -0.000169857 3.16624 -8.17508e-07 5.82608e-08 -8.17508e-07 1.03523e-06 
394
0
-12.6273
-6.5518e-06
2.77376 -0.00017527 5.84345e-08 -0.00017527 3.17427 -8.17514e-07 5.84345e-08 -8.17514e-07 1.03523e-06 
395
0
-12.6599
-0.000367211
2.78078 -0.000175257 5.85633e-08 -0.000175257 3.18231 -8.17522e-07 5.85633e-08 -8.17522e-07 1.03523e-06 
396
0
-12.6931
0.000200754
2.7878 -0.000171624 5.86868e-08 -0.000171624 3.19034 -8.1753e-07 5.86868e-08 -8.1753e-07 1.03523e-06 
397
0
-12.7251
-7.07151e-05
2.79482 -0.000173697 5.88603e-08 -0.000173697 3.19838 -8.17535e-07 5.88603e-08 -8.17535e-07 1.03523e-06 
398
0
-12.758
0.000324038
2.80184 -0.000173037 5.89976e-08 -0.000173037 3.20641 -8.1754e-07 5.89976e-08 -8.1754e-07 1.03523e-06 
399
0
-12.7907
0.000247562
2.80886 -0.000176367 5.91669e-08 -0.000176367 3.21445 -8.17546e-07 5.91669e-08 -8.17546e-07 1.03523e-06 
400
0
-12.8233
-0.000421643
2.81589 -0.00017893 5.93196e-08 -0.00017893 3.22248 -8.17552e-07 5.93196e-08 -8.17552e-07 1.03523e-06 
401
0
-12.857
0.000940718
2.82291 -0.000174697 5.94338e-08 -0.000174697 3.23052 -8.17559e-07 5.94338e-08 -8.17559e-07 1.03523e-06 
402
0
-12.8894
0.000434193
2.82993 -0.000184336 5.96524e-08 -0.000184336 3.23855 -8.17565e-07 5.96524e-08 -8.17565e-07 1.03523e-06 
403
0
-12.9214
-0.000420834
2.83695 -0.000188825 5.97969e-08 -0.000188825 3.24658 -8.17573e-07 5.97969e-08 -8.17573e-07 1.03523e-06 
404
0
-12.9546
-0.000276044
2.84397 -0.000184569 5.98992e-08 -0.000184569 3.25462 -8.17581e-07 5.98992e-08 -8.17581e-07 1.03523e-06 
405
0
-12.9874
8.29554e-05
2.85099 -0.000181788 6.00435e-08 -0.000181788 3.26265 -8.17587e-07 6.00435e-08 -8.17587e-07 1.03523e-06 
406
0
-13.0197
-0.000222839
2.85801 -0.000182695 6.02085e-08 -0.000182695 3.27069 -8.17592e-07 6.02085e-08 -8.17592e-07 1.03523e-06 
407
0
-13.0525
-0.000335386
2.86503 -0.000180449 6.03424e-08 -0.000180449 3.27872 -8.17598e-07 6.03424e-08 -8.17598e-07 1.03523e-06 
408
0
-13.0851
-0.000793903
2.87205 -0.000177033 6.04792e-08 -0.000177033 3.28676 -8.17603e-07 6.04792e-08 -8.17603e-07 1.03523e-06 
409
0
-13.1179
-0.000440717
2.87907 -0.000168856 6.05948e-08 -0.000168856 3.29479 -8.17611e-07 6.05948e-08 -8.17611e-07 1.03523e-06 
410
0
-13.1518
0.00108463
2.88609 -0.000164329 6.07478e-08 -0.000164329 3.30283 -8.17617e-07 6.07478e-08 -8.17617e-07 1.03523e-06 
411
0
-13.1844
0.000722484
2.89311 -0.000175682 6.09842e-08 -0.000175682 3.31086 -8.17622e-07 6.09842e-08 -8.17622e-07 1.03523e-06 
412
0
-13.2168
0.0003932
2.90013 -0.000183281 6.11444e-08 -0.000183281 3.3189 -8.17631e-07 6.11444e-08 -8.17631e-07 1.03523e-06 
413
0
-13.2502
0.000545572
2.90715 -0.000187451 6.12869e-08 -0.000187451 3.32693 -8.17638e-07 6.12869e-08 -8.17638e-07 1.03523e-06 
414
0
-13.2831
0.000669265
2.91417 -0.00019323 6.14523e-08 -0.00019323 3.33497 -8.17643e-07 6.14523e-08 -8.17643e-07 1.03523e-06 
415
0
-13.3157
0.000111629
2.92119 -0.000200324 6.16204e-08 -0.000200324 3.343 -8.17651e-07 6.16204e-08 -8.17651e-07 1.03523e-06 
416
0
-13.3493
0.000427624
2.92821 -0.000201555 6.17497e-08 -0.000201555 3.35104 -8.17657e-07 6.17497e-08 -8.17657e-07 1.03523e-06 
417
0
-13.3825
0.000594236
2.93523 -0.000206128 6.19183e-08 -0.000206128 3.35907 -8.17663e-07 6.19183e-08 -8.17663e-07 1.03523e-06 
418
0
-13.4149
6.37915e-05
2.94225 -0.000212479 6.2088e-08 -0.000212479 3.3671 -8.17669e-07 6.2088e-08 -8.17669e-07 1.03523e-06 
419
0
-13.4484
0.000229184
2.94927 -0.00021321 6.22169e-08 -0.00021321 3.37514 -8.17676e-07 6.22169e-08 -8.17676e-07 1.03523e-06 
420
0
-13.4809
-0.000161764
2.95629 -0.000215703 6.23751e-08 -0.000215703 3.38317 -8.17683e-07 6.23751e-08 -8.17683e-07 1.03523e-06 
421
0
-13.5148
0.000856473
2.96331 -0.000214031 6.25047e-08 -0.000214031 3.39121 -8.1769e-07 6.25047e-08 -8.1769e-07 1.03523e-06 
422
0
-13.5466
0.00010011
2.97033 -0.000223246 6.27101e-08 -0.000223246 3.39924 -8.17698e-07 6.27101e-08 -8.17698e-07 1.03523e-06 
423
0
-13.5802
0.000888923
2.97735 -0.000224374 6.28335e-08 -0.000224374 3.40728 -8.17705e-07 6.28335e-08 -8.17705e-07 1.03523e-06 
424
0
-13.613
0.000504705
2.98437 -0.000233982 6.3027e-08 -0.000233982 3.41531 -8.17712e-07 6.3027e-08 -8.17712e-07 1.03523e-06 
425
0
-13.6448
-0.000650778
2.99139 -0.000239473 6.31739e-08 -0.000239473 3.42335 -8.17722e-07 6.31739e-08 -8.17722e-07 1.03523e-06 
426
0
-13.6786
-9.83671e-06
2.99841 -0.000232499 6.32581e-08 -0.000232499 3.43138 -8.17729e-07 6.32581e-08 -8.17729e-07 1.03523e-06 
427
0
-13.7111
-0.000262636
3.00543 -0.000232446 6.34257e-08 -0.000232446 3.43942 -8.17735e-07 6.34257e-08 -8.17735e-07 1.03523e-06 
428
0
-13.7447
0.000437796
3.01245 -0.000229651 6.3561e-08 -0.000229651 3.44745 -8.17741e-07 6.3561e-08 -8.17741e-07 1.03523e-06 
429
0
-13.7772
-0.000319691
3.01947 -0.000234466 6.37465e-08 -0.000234466 3.45549 -8.17748e-07 6.37465e-08 -8.17748e-07 1.03523e-06 
430
0
-13.8097
-0.00110708
3.02649 -0.000231035 6.38628e-08 -0.000231035 3.46352 -8.17756e-07 6.38628e-08 -8.17756e-07 1.03523e-06 
431
0
-13.8431
-0.000349341
3.03351 -0.000218993 6.39544e-08 -0.000218993 3.47156 -8.17763e-07 6.39544e-08 -8.17763e-07 1.03523e-06 
432
0
-13.8758
-0.000215684
3.04053 -0.000215221 6.4123e-08 -0.000215221 3.47959 -8.17767e-07 6.4123e-08 -8.17767e-07 1.03523e-06 
433
0
-13.9081
-0.000686143
3.04755 -0.000212908 6.42781e-08 -0.000212908 3.48762 -8.1777e-07 6.42781e-08 -8.1777e-07 1.03523e-06 
434
0
-13.9418
-8.83231e-05
3.05457 -0.000205413 6.43969e-08 -0.000205413 3.49566 -8.17776e-07 6.43969e-08 -8.17776e-07 1.03523e-06 
435
0
-13.9749
0.000211707
3.06159 -0.000204493 6.45696e-08 -0.000204493 3.50369 -8.17782e-07 6.45696e-08 -8.17782e-07 1.03523e-06 
436
0
-14.0067
-0.00141582
3.06861 -0.000206887 6.47412e-08 -0.000206887 3.51173 -8.17788e-07 6.47412e-08 -8.17788e-07 1.03523e-06 
437
0
-14.0402
-0.000679635
3.07563 -0.000191257 6.48019e-08 -0.000191257 3.51976 -8.17797e-07 6.48019e-08 -8.17797e-07 1.03523e-06 
438
0
-14.0735
-8.87791e-05
3.08265 -0.000183765 6.49619e-08 -0.000183765 3.5278 -8.178e-07 6.49619e-08 -8.178e-07 1.03523e-06 
439
0
-14.1067
0.000169041
3.08967 -0.000182831 6.51412e-08 -0.000182831 3.53583 -8.17804e-07 6.51412e-08 -8.17804e-07 1.03523e-06 
440
0
-14.1398
0.000444984
3.09669 -0.00018477 6.53137e-08 -0.00018477 3.54387 -8.17812e-07 6.53137e-08 -8.17812e-07 1.03523e-06 
441
0
-14.1721
-8.09598e-05
3.10371 -0.000189799 6.54896e-08 -0.000189799 3.5519 -8.17818e-07 6.54896e-08 -8.17818e-07 1.03523e-06 
442
0
-14.2051
4.16074e-05
3.11073 -0.000188946 6.5621e-08 -0.000188946 3.55994 -8.17825e-07 6.5621e-08 -8.17825e-07 1.03523e-06 
443
0
-14.2381
0.000435386
3.11775 -0.000189468 6.57762e-08 -0.000189468 3.56797 -8.17828e-07 6.57762e-08 -8.17828e-07 1.03523e-06 
444
0
-14.2697
-0.000592359
3.12477 -0.000194423 6.59533e-08 -0.000194423 3.57601 -8.17833e-07 6.59533e-08 -8.17833e-07 1.03523e-06 
445
0
-14.3027
-0.000739002
3.13179 -0.000187795 6.60529e-08 -0.000187795 3.58404 -8.17842e-07 6.60529e-08 -8.17842e-07 1.03523e-06 
446
0
-14.3357
9.25664e-05
3.13881 -0.000179494 6.61796e-08 -0.000179494 3.59208 -8.17849e-07 6.61796e-08 -8.17849e-07 1.03523e-06 
447
0
-14.3681
-0.00024919
3.14583 -0.000180597 6.63651e-08 -0.000180597 3.60011 -8.17855e-07 6.63651e-08 -8.17855e-07 1.03523e-06 
448
0
-14.4006
-0.000396531
3.15285 -0.000177821 6.65042e-08 -0.000177821 3.60815 -8.17863e-07 6.65042e-08 -8.17863e-07 1.03523e-06 
449
0
-14.4335
-0.000214325
3.15987 -0.000173362 6.66414e-08 -0.000173362 3.61618 -8.17869e-07 6.66414e-08 -8.17869e-07 1.03523e-06 
450
0
-14.4661
-0.000680136
3.16689 -0.000170972 6.6797e-08 -0.000170972 3.62421 -8.17874e-07 6.6797e-08 -8.17874e-07 1.03523e-06 
451
0
-14.4991
-0.000319346
3.17391 -0.00016325 6.69201e-08 -0.00016325 3.63225 -8.1788e-07 6.69201e-08 -8.1788e-07 1.03523e-06 
452
0
-14.5316
-0.000990977
3.18093 -0.000159645 6.70801e-08 -0.000159645 3.64028 -8.17884e-07 6.70801e-08 -8.17884e-07 1.03523e-06 
453
0
-14.5651
-2.7096e-05
3.18795 -0.00014832 6.71908e-08 -0.00014832 3.64832 -8.17889e-07 6.71908e-08 -8.17889e-07 1.03523e-06 
454
0
-14.5979
0.000115805
3.19497 -0.000148062 6.73812e-08 -0.000148062 3.65635 -8.17895e-07 6.73812e-08 -8.17895e-07 1.03523e-06 
455
0
-14.6307
0.000237364
3.20199 -0.000149453 6.75501e-08 -0.000149453 3.66439 -8.179e-07 6.75501e-08 -8.179e-07 1.03523e-06 
456
0
-14.6639
0.000758425
3.20901 -0.000152251 6.77161e-08 -0.000152251 3.67242 -8.17906e-07 6.77161e-08 -8.17906e-07 1.03523e-06 
457
0
-14.6961
-2.75442e-05
3.21603 -0.000161092 6.79078e-08 -0.000161092 3.68046 -8.17912e-07 6.79078e-08 -8.17912e-07 1.03523e-06 
458
0
-14.729
-0.000230685
3.22305 -0.000160827 6.80322e-08 -0.000160827 3.68849 -8.1792e-07 6.80322e-08 -8.1792e-07 1.03523e-06 
459
0
-14.7619
-0.000328078
3.23007 -0.000158198 6.81693e-08 -0.000158198 3.69653 -8.17925e-07 6.81693e-08 -8.17925e-07 1.03523e-06 
460
0
-14.7951
9.74837e-05
3.23709 -0.000154426 6.83113e-08 -0.000154426 3.70456 -8.17931e-07 6.83113e-08 -8.17931e-07 1.03523e-06 
461
0
-14.8284
0.000319658
3.24411 -0.00015562 6.84842e-08 -0.00015562 3.7126 -8.17936e-07 6.84842e-08 -8.17936e-07 1.03523e-06 
462
0
-14.8614
0.000243581
3.25113 -0.000159419 6.86572e-08 -0.000159419 3.72063 -8.17941e-07 6.86572e-08 -8.17941e-07 1.03523e-06 
463
0
-14.894
9.84208e-05
3.25815 -0.000162333 6.88156e-08 -0.000162333 3.72867 -8.1795e-07 6.88156e-08 -8.1795e-07 1.03523e-06 
464
0
-14.9277
0.000779863
3.26517 -0.000163545 6.89643e-08 -0.000163545 3.7367 -8.17957e-07 6.89643e-08 -8.17957e-07 1.03523e-06 
465
0
-14.9609
0.000805487
3.27219 -0.000172794 6.91605e-08 -0.000172794 3.74473 -8.17965e-07 6.91605e-08 -8.17965e-07 1.03523e-06 
466
0
-14.9938
0.00100097
3.27921 -0.000182364 6.93353e-08 -0.000182364 3.75277 -8.17973e-07 6.93353e-08 -8.17973e-07 1.03523e-06 
467
0
-15.0264
0.000693347
3.28624 -0.000194269 6.95144e-08 -0.000194269 3.7608 -8.17982e-07 6.95144e-08 -8.17982e-07 1.03523e-06 
468
0
-15.0586
-0.000191934
3.29326 -0.00020255 6.96667e-08 -0.00020255 3.76884 -8.1799e-07 6.96667e-08 -8.1799e-07 1.03523e-06 
469
0
-15.0916
-0.000686333
3.30028 -0.000200323 6.97744e-08 -0.000200323 3.77687 -8.17998e-07 6.97744e-08 -8.17998e-07 1.03523e-06 
470
0
-15.1259
0.00119012
3.3073 -0.000192201 6.98867e-08 -0.000192201 3.78491 -8.18004e-07 6.98867e-08 -8.18004e-07 1.03523e-06 
471
0
-15.1585
0.000217996
3.31432 -0.000206466 7.01338e-08 -0.000206466 3.79294 -8.18007e-07 7.01338e-08 -8.18007e-07 1.03523e-06 
472
0
-15.1911
-0.000677238
3.32134 -0.00020913 7.02619e-08 -0.00020913 3.80098 -8.18019e-07 7.02619e-08 -8.18019e-07 1.03523e-06 
473
0
-15.2242
-0.000357005
3.32836 -0.000201064 7.03589e-08 -0.000201064 3.80901 -8.18028e-07 7.03589e-08 -8.18028e-07 1.03523e-06 
474
0
-15.2566
-0.000376483
3.33538 -0.00019683 7.05087e-08 -0.00019683 3.81705 -8.18034e-07 7.05087e-08 -8.18034e-07 1.03523e-06 
475
0
-15.2901
-0.000299587
3.3424 -0.000192352 7.0651e-08 -0.000192352 3.82508 -8.1804e-07 7.0651e-08 -8.1804e-07 1.03523e-06 
476
0
-15.3236
0.000277919
3.34942 -0.000188792 7.08015e-08 -0.000188792 3.83312 -8.18045e-07 7.08015e-08 -8.18045e-07 1.03523e-06 
477
0
-15.3562
-0.000243088
3.35644 -0.000192208 7.09838e-08 -0.000192208 3.84115 -8.18051e-07 7.09838e-08 -8.18051e-07 1.03523e-06 
478
0
-15.3881
-0.000970361
3.36346 -0.000189317 7.11134e-08 -0.000189317 3.84919 -8.18059e-07 7.11134e-08 -8.18059e-07 1.03523e-06 
479
0
-15.4213
0.000117454
3.37048 -0.00017759 7.12115e-08 -0.00017759 3.85722 -8.18066e-07 7.12115e-08 -8.18066e-07 1.03523e-06 
480
0
-15.4537
-0.000306801
3.3775 -0.000179074 7.14036e-08 -0.000179074 3.86525 -8.18071e-07 7.14036e-08 -8.18071e-07 1.03523e-06 
481
0
-15.4879
0.00107193
3.38452 -0.000175389 7.15378e-08 -0.000175389 3.87329 -8.18076e-07 7.15378e-08 -8.18076e-07 1.03523e-06 
482
0
-15.5201
0.00016055
3.39154 -0.000188542 7.1767e-08 -0.000188542 3.88132 -8.1808e-07 7.1767e-08 -8.1808e-07 1.03523e-06 
483
0
-15.5539
0.00124717
3.39856 -0.000190564 7.18932e-08 -0.000190564 3.88936 -8.1809e-07 7.18932e-08 -8.1809e-07 1.03523e-06 
484
0
-15.5845
-0.000728808
3.40558 -0.000205922 7.21088e-08 -0.000205922 3.89739 -8.18099e-07 7.21088e-08 -8.18099e-07 1.03523e-06 
485
0
-15.6187
0.000592282
3.4126 -0.000197017 7.21669e-08 -0.000197017 3.90543 -8.18109e-07 7.21669e-08 -8.18109e-07 1.03523e-06 
486
0
-15.6503
-0.000589449
3.41962 -0.00020437 7.23719e-08 -0.00020437 3.91346 -8.18115e-07 7.23719e-08 -8.18115e-07 1.03523e-06 
487
0
-15.6836
-0.000250786
3.42664 -0.000197148 7.24682e-08 -0.000197148 3.9215 -8.18123e-07 7.24682e-08 -8.18123e-07 1.03523e-06 
488
0
-15.7166
-1.16956e-05
3.43366 -0.000194101 7.2622e-08 -0.000194101 3.92953 -8.18127e-07 7.2622e-08 -8.18127e-07 1.03523e-06 
489
0
-15.7503
0.000611498
3.44068 -0.000194012 7.27838e-08 -0.000194012 3.93757 -8.18131e-07 7.27838e-08 -8.18131e-07 1.03523e-06 
490
0
-15.7825
-0.000647606
3.4477 -0.000201664 7.29758e-08 -0.000201664 3.9456 -8.18137e-07 7.29758e-08 -8.18137e-07 1.03523e-06 
491
0
-15.8154
-0.000723475
3.45472 -0.000193658 7.30681e-08 -0.000193658 3.95364 -8.18145e-07 7.30681e-08 -8.18145e-07 1.03523e-06 
492
0
-15.849
-0.000195289
3.46174 -0.00018469 7.31954e-08 -0.00018469 3.96167 -8.18151e-07 7.31954e-08 -8.18151e-07 1.03523e-06 
493
0
-15.8822
0.000230763
3.46876 -0.000182305 7.33654e-08 -0.000182305 3.96971 -8.18157e-07 7.33654e-08 -8.18157e-07 1.03523e-06 
494
0
-15.9152
0.0004424
3.47578 -0.000185251 7.35434e-08 -0.000185251 3.97774 -8.18162e-07 7.35434e-08 -8.18162e-07 1.03523e-06 
495
0
-15.9476
-0.000100455
3.4828 -0.000190859 7.3716e-08 -0.000190859 3.98577 -8.18167e-07 7.3716e-08 -8.18167e-07 1.03523e-06 
496
0
-15.9812
0.000561761
3.48982 -0.000189652 7.38453e-08 -0.000189652 3.99381 -8.18176e-07 7.38453e-08 -8.18176e-07 1.03523e-06 
497
0
-16.0134
0.000292994
3.49684 -0.000196786 7.40323e-08 -0.000196786 4.00184 -8.18181e-07 7.40323e-08 -8.18181e-07 1.03523e-06 
498
0
-16.0467
0.000499384
3.50386 -0.000200541 7.41805e-08 -0.000200541 4.00988 -8.18188e-07 7.41805e-08 -8.18188e-07 1.03523e-06 
499
0
-16.0793
4.14044e-05
3.51088 -0.000206914 7.43491e-08 -0.000206914 4.01791 -8.18195e-07 7.43491e-08 -8.18195e-07 1.03523e-06 
500
0
-16.1132
0.00098919
3.5179 -0.000207495 7.44833e-08 -0.000207495 4.02595 -8.18201e-07 7.44833e-08 -8.18201e-07 1.03523e-06 
501
0
-16.1457
0.000817805
3.52492 -0.000220115 7.469e-08 -0.000220115 4.03398 -8.18207e-07 7.469e-08 -8.18207e-07 1.03523e-06 
502
0
-16.1786
0.000903852
3.53194 -0.000230579 7.48536e-08 -0.000230579 4.04202 -8.18216e-07 7.48536e-08 -8.18216e-07 1.03523e-06 
503
0
-16.21
-0.000329427
3.53896 -0.000242161 7.50228e-08 -0.000242161 4.05005 -8.18224e-07 7.50228e-08 -8.18224e-07 1.03523e-06 
504
0
-16.243
1.70208e-05
3.54598 -0.000238009 7.51123e-08 -0.000238009 4.05809 -8.18234e-07 7.51123e-08 -8.18234e-07 1.03523e-06 
505
0
-16.2751
-0.000297079
3.553 -0.000238283 7.52662e-08 -0.000238283 4.06612 -8.1824e-07 7.52662e-08 -8.1824e-07 1.03523e-06 
506
0
-16.3084
0.000347544
3.56002 -0.000234528 7.53949e-08 -0.000234528 4.07416 -8.18247e-07 7.53949e-08 -8.18247e-07 1.03523e-06 
507
0
-16.341
0.000477893
3.56704 -0.000239052 7.55749e-08 -0.000239052 4.08219 -8.18252e-07 7.55749e-08 -8.18252e-07 1.03523e-06 
508
0
-16.3739
0.000628094
3.57406 -0.000245263 7.57413e-08 -0.000245263 4.09023 -8.18258e-07 7.57413e-08 -8.18258e-07 1.03523e-06 
509
0
-16.4063
2.72423e-05
3.58108 -0.000253424 7.5909e-08 -0.000253424 4.09826 -8.18263e-07 7.5909e-08 -8.18263e-07 1.03523e-06 
510
0
-16.4393
0.000468149
3.5881 -0.000253833 7.60338e-08 -0.000253833 4.10629 -8.18273e-07 7.60338e-08 -8.18273e-07 1.03523e-06 
511
0
-16.4714
4.41089e-06
3.59512 -0.000259954 7.62047e-08 -0.000259954 4.11433 -8.18279e-07 7.62047e-08 -8.18279e-07 1.03523e-06 
512
0
-16.5037
-0.000653644
3.60214 -0.000260068 7.63342e-08 -0.000260068 4.12236 -8.18284e-07 7.63342e-08 -8.18284e-07 1.03523e-06 
513
0
-16.537
-0.000167178
3.60916 -0.000251624 7.64395e-08 -0.000251624 4.1304 -8.1829e-07 7.64395e-08 -8.1829e-07 1.03523e-06 
514
0
-16.5695
-0.000429064
3.61618 -0.000249502 7.66002e-08 -0.000249502 4.13843 -8.18293e-07 7.66002e-08 -8.18293e-07 1.03523e-06 
515
0
-16.6027
-0.000492442
3.6232 -0.000243956 7.67327e-08 -0.000243956 4.14647 -8.183e-07 7.67327e-08 -8.183e-07 1.03523e-06 
516
0
-16.6354
-0.00074251
3.63022 -0.000237571 7.68704e-08 -0.000237571 4.1545 -8.18304e-07 7.68704e-08 -8.18304e-07 1.03523e-06 
517
0
-16.6686
-0.000225563
3.63724 -0.000227896 7.6996e-08 -0.000227896 4.16254 -8.18308e-07 7.6996e-08 -8.18308e-07 1.03523e-06 
518
0
-16.7028
0.000476105
3.64426 -0.00022499 7.71621e-08 -0.00022499 4.17057 -8.18314e-07 7.71621e-08 -8.18314e-07 1.03523e-06 
519
0
-16.7346
-0.000831442
3.65129 -0.000231312 7.73582e-08 -0.000231312 4.17861 -8.18317e-07 7.73582e-08 -8.18317e-07 1.03523e-06 
520
0
-16.768
0.000191833
3.65831 -0.000220408 7.7445e-08 -0.000220408 4.18664 -8.18325e-07 7.7445e-08 -8.18325e-07 1.03523e-06 
521
0
-16.8012
0.000305427
3.66533 -0.000222998 7.76337e-08 -0.000222998 4.19468 -8.18329e-07 7.76337e-08 -8.18329e-07 1.03523e-06 
522
0
-16.8344
0.000264426
3.67235 -0.000227097 7.78025e-08 -0.000227097 4.20271 -8.18333e-07 7.78025e-08 -8.18333e-07 1.03523e-06 
523
0
-16.867
0.000213808
3.67937 -0.00023066 7.79607e-08 -0.00023066 4.21075 -8.18342e-07 7.79607e-08 -8.18342e-07 1.03523e-06 
524
0
-16.9004
0.000544795
3.68639 -0.000233557 7.81131e-08 -0.000233557 4.21878 -8.1835e-07 7.81131e-08 -8.1835e-07 1.03523e-06 
525
0
-16.9333
0.000826322
3.69341 -0.000240865 7.82891e-08 -0.000240865 4.22681 -8.18358e-07 7.82891e-08 -8.18358e-07 1.03523e-06 
526
0
-16.9661
0.000666203
3.70043 -0.000251942 7.84689e-08 -0.000251942 4.23485 -8.18365e-07 7.84689e-08 -8.18365e-07 1.03523e-06 
527
0
-16.9987
-0.00021812
3.70745 -0.0002609 7.86272e-08 -0.0002609 4.24288 -8.18374e-07 7.86272e-08 -8.18374e-07 1.03523e-06 
528
0
-17.0321
-0.000490018
3.71447 -0.000258037 7.87369e-08 -0.000258037 4.25092 -8.18382e-07 7.87369e-08 -8.18382e-07 1.03523e-06 
529
0
-17.0653
-0.000433143
3.72149 -0.000251522 7.88629e-08 -0.000251522 4.25895 -8.18387e-07 7.88629e-08 -8.18387e-07 1.03523e-06 
530
0
-17.0981
0.000350226
3.72851 -0.000245759 7.9006e-08 -0.000245759 4.26699 -8.18392e-07 7.9006e-08 -8.18392e-07 1.03523e-06 
531
0
-17.1307
2.49802e-05
3.73553 -0.000250531 7.91936e-08 -0.000250531 4.27502 -8.18396e-07 7.91936e-08 -8.18396e-07 1.03523e-06 
532
0
-17.1637
0.000208888
3.74255 -0.000250925 7.93362e-08 -0.000250925 4.28306 -8.18402e-07 7.93362e-08 -8.18402e-07 1.03523e-06 
533
0
-17.1956
-0.000101789
3.74957 -0.000253805 7.94965e-08 -0.000253805 4.29109 -8.18409e-07 7.94965e-08 -8.18409e-07 1.03523e-06 
534
0
-17.229
0.000891355
3.75659 -0.000252485 7.96303e-08 -0.000252485 4.29913 -8.18416e-07 7.96303e-08 -8.18416e-07 1.03523e-06 
535
0
-17.2614
-4.55265e-05
3.76361 -0.000264632 7.98354e-08 -0.000264632 4.30716 -8.18422e-07 7.98354e-08 -8.18422e-07 1.03523e-06 
536
0
-17.2944
0.000490748
3.77063 -0.000264071 7.99529e-08 -0.000264071 4.3152 -8.18432e-07 7.99529e-08 -8.18432e-07 1.03523e-06 
537
0
-17.3269
0.000245828
3.77765 -0.000270809 8.01279e-08 -0.000270809 4.32323 -8.18438e-07 8.01279e-08 -8.18438e-07 1.03523e-06 
538
0
-17.36
3.80774e-05
3.78467 -0.00027422 8.02739e-08 -0.00027422 4.33127 -8.18446e-07 8.02739e-08 -8.18446e-07 1.03523e-06 
539
0
-17.3927
0.000489804
3.79169 -0.000274797 8.04156e-08 -0.000274797 4.3393 -8.18453e-07 8.04156e-08 -8.18453e-07 1.03523e-06 
540
0
-17.4246
-0.00058701
3.79871 -0.000281561 8.05895e-08 -0.000281561 4.34733 -8.18462e-07 8.05895e-08 -8.18462e-07 1.03523e-06 
541
0
-17.4572
-0.000810082
3.80573 -0.000273567 8.06849e-08 -0.000273567 4.35537 -8.18469e-07 8.06849e-08 -8.18469e-07 1.03523e-06 
542
0
-17.4911
0.000308249
3.81275 -0.000262493 8.08026e-08 -0.000262493 4.3634 -8.18475e-07 8.08026e-08 -8.18475e-07 1.03523e-06 
543
0
-17.5235
-6.13045e-05
3.81977 -0.000266794 8.10035e-08 -0.000266794 4.37144 -8.1848e-07 8.10035e-08 -8.1848e-07 1.03523e-06 
544
0
-17.5559
-0.00020777
3.82679 -0.000266007 8.11442e-08 -0.000266007 4.37947 -8.18485e-07 8.11442e-08 -8.18485e-07 1.03523e-06 
545
0
-17.589
-1.10643e-05
3.83381 -0.000263194 8.12819e-08 -0.000263194 4.38751 -8.18489e-07 8.12819e-08 -8.18489e-07 1.03523e-06 
546
0
-17.6219
-0.000311847
3.84083 -0.000263098 8.14395e-08 -0.000263098 4.39554 -8.18494e-07 8.14395e-08 -8.18494e-07 1.03523e-06 
547
0
-17.6548
0.000127214
3.84785 -0.000258831 8.15743e-08 -0.000258831 4.40358 -8.18501e-07 8.15743e-08 -8.18501e-07 1.03523e-06 
548
0
-17.6871
-0.00016397
3.85487 -0.000260657 8.17429e-08 -0.000260657 4.41161 -8.18508e-07 8.17429e-08 -8.18508e-07 1.03523e-06 
549
0
-17.72
0.000372327
3.86189 -0.000258432 8.188e-08 -0.000258432 4.41965 -8.18515e-07 8.188e-08 -8.18515e-07 1.03523e-06 
550
0
-17.7521
-0.00073224
3.86891 -0.000263682 8.20574e-08 -0.000263682 4.42768 -8.18522e-07 8.20574e-08 -8.18522e-07 1.03523e-06 
551
0
-17.7866
0.00092719
3.87593 -0.000253511 8.21523e-08 -0.000253511 4.43572 -8.18529e-07 8.21523e-08 -8.18529e-07 1.03523e-06 
552
0
-17.8182
-0.000354357
3.88295 -0.000266545 8.23847e-08 -0.000266545 4.44375 -8.18532e-07 8.23847e-08 -8.18532e-07 1.03523e-06 
553
0
-17.8511
0.000146451
3.88997 -0.000261635 8.24855e-08 -0.000261635 4.45179 -8.1854e-07 8.24855e-08 -8.1854e-07 1.03523e-06 
554
0
-17.884
0.000521391
3.89699 -0.00026375 8.26516e-08 -0.00026375 4.45982 -8.18546e-07 8.26516e-08 -8.18546e-07 1.03523e-06 
555
0
-17.9168
0.000253355
3.90401 -0.000271144 8.28292e-08 -0.000271144 4.46785 -8.18552e-07 8.28292e-08 -8.18552e-07 1.03523e-06 
556
0
-17.9491
-0.000511197
3.91103 -0.000274773 8.29772e-08 -0.000274773 4.47589 -8.18558e-07 8.29772e-08 -8.18558e-07 1.03523e-06 
557
0
-17.9822
-0.000293836
3.91805 -0.000267613 8.30852e-08 -0.000267613 4.48392 -8.18566e-07 8.30852e-08 -8.18566e-07 1.03523e-06 
558
0
-18.0147
-0.000364335
3.92507 -0.000263514 8.32343e-08 -0.000263514 4.49196 -8.18572e-07 8.32343e-08 -8.18572e-07 1.03523e-06 
559
0
-18.0484
0.000264641
3.93209 -0.000258409 8.33753e-08 -0.000258409 4.49999 -8.18579e-07 8.33753e-08 -8.18579e-07 1.03523e-06 
560
0
-18.081
-0.000167237
3.93911 -0.000262225 8.35589e-08 -0.000262225 4.50803 -8.18586e-07 8.35589e-08 -8.18586e-07 1.03523e-06 
561
0
-18.1138
2.73722e-05
3.94613 -0.000259904 8.36942e-08 -0.000259904 4.51606 -8.18594e-07 8.36942e-08 -8.18594e-07 1.03523e-06 
562
0
-18.1473
0.000710347
3.95316 -0.000260353 8.38518e-08 -0.000260353 4.5241 -8.18598e-07 8.38518e-08 -8.18598e-07 1.03523e-06 
563
0
-18.18
0.000370687
3.96018 -0.00027055 8.40465e-08 -0.00027055 4.53213 -8.18602e-07 8.40465e-08 -8.18602e-07 1.03523e-06 
564
0
-18.2118
-0.0010382
3.9672 -0.000275909 8.41957e-08 -0.000275909 4.54017 -8.18609e-07 8.41957e-08 -8.18609e-07 1.03523e-06 
565
0
-18.2454
-0.000159257
3.97422 -0.000261096 8.42673e-08 -0.000261096 4.5482 -8.18616e-07 8.42673e-08 -8.18616e-07 1.03523e-06 
566
0
-18.2788
-9.47913e-07
3.98124 -0.000258869 8.44426e-08 -0.000258869 4.55624 -8.18621e-07 8.44426e-08 -8.18621e-07 1.03523e-06 
567
0
-18.3122
0.00055929
3.98826 -0.000258914 8.46073e-08 -0.000258914 4.56427 -8.18627e-07 8.46073e-08 -8.18627e-07 1.03523e-06 
568
0
-18.3456
0.00101469
3.99528 -0.000267027 8.47954e-08 -0.000267027 4.57231 -8.18631e-07 8.47954e-08 -8.18631e-07 1.03523e-06 
569
0
-18.3777
0.000452985
4.0023 -0.000281723 8.499e-08 -0.000281723 4.58034 -8.18636e-07 8.499e-08 -8.18636e-07 1.03523e-06 
570
0
-18.4102
0.000526749
4.00932 -0.000288328 8.51288e-08 -0.000288328 4.58838 -8.18643e-07 8.51288e-08 -8.18643e-07 1.03523e-06 
571
0
-18.4429
0.000372781
4.01634 -0.000296012 8.52866e-08 -0.000296012 4.59641 -8.18648e-07 8.52866e-08 -8.18648e-07 1.03523e-06 
572
0
-18.4758
0.000846287
4.02336 -0.000301477 8.54363e-08 -0.000301477 4.60444 -8.18657e-07 8.54363e-08 -8.18657e-07 1.03523e-06 
573
0
-18.5081
-7.21399e-05
4.03038 -0.00031383 8.5619e-08 -0.00031383 4.61248 -8.18663e-07 8.5619e-08 -8.18663e-07 1.03523e-06 
574
0
-18.5405
-0.000459305
4.0374 -0.000312839 8.57321e-08 -0.000312839 4.62051 -8.1867e-07 8.57321e-08 -8.1867e-07 1.03523e-06 
575
0
-18.574
-0.000137959
4.04442 -0.000306202 8.58496e-08 -0.000306202 4.62855 -8.18677e-07 8.58496e-08 -8.18677e-07 1.03523e-06 
576
0
-18.6075
0.000527649
4.05144 -0.000304246 8.60076e-08 -0.000304246 4.63658 -8.18682e-07 8.60076e-08 -8.18682e-07 1.03523e-06 
577
0
-18.6408
0.000967073
4.05846 -0.000312024 8.61973e-08 -0.000312024 4.64462 -8.18688e-07 8.61973e-08 -8.18688e-07 1.03523e-06 
578
0
-18.6737
0.00100743
4.06548 -0.000326254 8.63884e-08 -0.000326254 4.65265 -8.18696e-07 8.63884e-08 -8.18696e-07 1.03523e-06 
579
0
-18.705
-0.00098905
4.0725 -0.000341102 8.6562e-08 -0.000341102 4.66069 -8.18704e-07 8.6562e-08 -8.18704e-07 1.03523e-06 
580
0
-18.7386
0.000241137
4.07952 -0.000326617 8.66088e-08 -0.000326617 4.66872 -8.18716e-07 8.66088e-08 -8.18716e-07 1.03523e-06 
581
0
-18.7715
0.000489529
4.08654 -0.000330228 8.67984e-08 -0.000330228 4.67676 -8.18719e-07 8.67984e-08 -8.18719e-07 1.03523e-06 
582
0
-18.8045
0.000491988
4.09356 -0.00033751 8.69721e-08 -0.00033751 4.68479 -8.18726e-07 8.69721e-08 -8.18726e-07 1.03523e-06 
583
0
-18.8381
0.00107211
4.10058 -0.000344842 8.71334e-08 -0.000344842 4.69283 -8.18734e-07 8.71334e-08 -8.18734e-07 1.03523e-06 
584
0
-18.8706
0.000249721
4.1076 -0.000360775 8.73275e-08 -0.000360775 4.70086 -8.18742e-07 8.73275e-08 -8.18742e-07 1.03523e-06 
585
0
-18.9036
0.000362933
4.11462 -0.000364538 8.74506e-08 -0.000364538 4.7089 -8.1875e-07 8.74506e-08 -8.1875e-07 1.03523e-06 
586
0
-18.9364
-0.000146718
4.12164 -0.000369989 8.76048e-08 -0.000369989 4.71693 -8.18757e-07 8.76048e-08 -8.18757e-07 1.03523e-06 
587
0
-18.9703
0.000289731
4.12866 -0.000367865 8.77292e-08 -0.000367865 4.72496 -8.18763e-07 8.77292e-08 -8.18763e-07 1.03523e-06 
588
0
-19.0027
0.00015549
4.13568 -0.000372244 8.78996e-08 -0.000372244 4.733 -8.18769e-07 8.78996e-08 -8.18769e-07 1.03523e-06 
589
0
-19.0354
4.17045e-05
4.1427 -0.000374625 8.80459e-08 -0.000374625 4.74103 -8.18776e-07 8.80459e-08 -8.18776e-07 1.03523e-06 
590
0
-19.0678
-0.000280666
4.14972 -0.000375308 8.81882e-08 -0.000375308 4.74907 -8.18784e-07 8.81882e-08 -8.18784e-07 1.03523e-06 
591
0
-19.1008
-0.000171217
4.15674 -0.000371163 8.83155e-08 -0.000371163 4.7571 -8.18792e-07 8.83155e-08 -8.18792e-07 1.03523e-06 
592
0
-19.1339
-0.00063261
4.16376 -0.000368652 8.84623e-08 -0.000368652 4.76514 -8.18798e-07 8.84623e-08 -8.18798e-07 1.03523e-06 
593
0
-19.1672
0.000102522
4.17078 -0.000359201 8.85821e-08 -0.000359201 4.77317 -8.18805e-07 8.85821e-08 -8.18805e-07 1.03523e-06 
594
0
-19.2002
-8.85021e-08
4.1778 -0.000360805 8.87604e-08 -0.000360805 4.78121 -8.18809e-07 8.87604e-08 -8.18809e-07 1.03523e-06 
595
0
-19.2332
0.000322269
4.18482 -0.000360863 8.89109e-08 -0.000360863 4.78924 -8.18816e-07 8.89109e-08 -8.18816e-07 1.03523e-06 
596
0
-19.2663
0.000434855
4.19184 -0.000365793 8.90794e-08 -0.000365793 4.79728 -8.18818e-07 8.90794e-08 -8.18818e-07 1.03523e-06 
597
0
-19.2991
-0.000112392
4.19886 -0.000372434 8.92442e-08 -0.000372434 4.80531 -8.18825e-07 8.92442e-08 -8.18825e-07 1.03523e-06 
598
0
-19.3327
0.000683347
4.20588 -0.00037079 8.93707e-08 -0.00037079 4.81335 -8.18835e-07 8.93707e-08 -8.18835e-07 1.03523e-06 
599
0
-19.3649
0.000388627
4.21291 -0.000381228 8.95629e-08 -0.000381228 4.82138 -8.18839e-07 8.95629e-08 -8.18839e-07 1.03523e-06 
600
0
-19.3977
0.00105144
4.21993 -0.000387199 8.97098e-08 -0.000387199 4.82942 -8.18846e-07 8.97098e-08 -8.18846e-07 1.03523e-06 
601
0
-19.4296
0.000528011
4.22695 -0.00040328 8.9902e-08 -0.00040328 4.83745 -8.1885e-07 8.9902e-08 -8.1885e-07 1.03523e-06 
602
0
-19.4622
0.000645149
4.23397 -0.000411399 9.00397e-08 -0.000411399 4.84548 -8.18859e-07 9.00397e-08 -8.18859e-07 1.03523e-06 
603
0
-19.4948
0.000544338
4.24099 -0.000421322 9.01991e-08 -0.000421322 4.85352 -8.18867e-07 9.01991e-08 -8.18867e-07 1.03523e-06 
604
0
-19.5274
-0.000152346
4.24801 -0.000429718 9.03516e-08 -0.000429718 4.86155 -8.18875e-07 9.03516e-08 -8.18875e-07 1.03523e-06 
605
0
-19.561
0.000574169
4.25503 -0.000427441 9.04668e-08 -0.000427441 4.86959 -8.18882e-07 9.04668e-08 -8.18882e-07 1.03523e-06 
606
0
-19.5928
-0.000112425
4.26205 -0.000436323 9.06506e-08 -0.000436323 4.87762 -8.18888e-07 9.06506e-08 -8.18888e-07 1.03523e-06 
607
0
-19.6265
0.000619976
4.26907 -0.000434653 9.07689e-08 -0.000434653 4.88566 -8.18898e-07 9.07689e-08 -8.18898e-07 1.03523e-06 
608
0
-19.658
-0.000523562
4.27609 -0.00044427 9.09549e-08 -0.00044427 4.89369 -8.18903e-07 9.09549e-08 -8.18903e-07 1.03523e-06 
609
0
-19.6912
-0.000155855
4.28311 -0.000436247 9.10468e-08 -0.000436247 4.90173 -8.18911e-07 9.10468e-08 -8.18911e-07 1.03523e-06 
610
0
-19.7248
9.9682e-05
4.29013 -0.000433897 9.11989e-08 -0.000433897 4.90976 -8.18917e-07 9.11989e-08 -8.18917e-07 1.03523e-06 
611
0
-19.757
-0.00052304
4.29715 -0.000435501 9.13629e-08 -0.000435501 4.9178 -8.18924e-07 9.13629e-08 -8.18924e-07 1.03523e-06 
612
0
-19.7908
5.19912e-05
4.30417 -0.000427446 9.14766e-08 -0.000427446 4.92583 -8.18931e-07 9.14766e-08 -8.18931e-07 1.03523e-06 
613
0
-19.8239
0.000253398
4.31119 -0.000428315 9.16479e-08 -0.000428315 4.93387 -8.18937e-07 9.16479e-08 -8.18937e-07 1.03523e-06 
614
0
-19.8562
-0.000335936
4.31821 -0.00043232 9.18137e-08 -0.00043232 4.9419 -8.18943e-07 9.18137e-08 -8.18943e-07 1.03523e-06 
615
0
-19.8899
0.000716293
4.32523 -0.000427143 9.19332e-08 -0.000427143 4.94994 -8.18953e-07 9.19332e-08 -8.18953e-07 1.03523e-06 
616
0
-19.9226
0.000537356
4.33225 -0.00043839 9.21356e-08 -0.00043839 4.95797 -8.18958e-07 9.21356e-08 -8.18958e-07 1.03523e-06 
617
0
-19.9545
0.000257065
4.33927 -0.000446857 9.22934e-08 -0.000446857 4.966 -8.18966e-07 9.22934e-08 -8.18966e-07 1.03523e-06 
618
0
-19.9874
0.00024496
4.34629 -0.000450945 9.2432e-08 -0.000450945 4.97404 -8.18972e-07 9.2432e-08 -8.18972e-07 1.03523e-06 
619
0
-20.0196
-0.000385912
4.35331 -0.00045485 9.25817e-08 -0.00045485 4.98207 -8.18978e-07 9.25817e-08 -8.18978e-07 1.03523e-06 
620
0
-20.0529
0.000261695
4.36033 -0.000448845 9.26954e-08 -0.000448845 4.99011 -8.18987e-07 9.26954e-08 -8.18987e-07 1.03523e-06 
621
0
-20.0857
0.000175057
4.36735 -0.000453026 9.2871e-08 -0.000453026 4.99814 -8.18992e-07 9.2871e-08 -8.18992e-07 1.03523e-06 
622
0
-20.1187
0.000398357
4.37437 -0.000455847 9.30231e-08 -0.000455847 5.00618 -8.19e-07 9.30231e-08 -8.19e-07 1.03523e-06 
623
0
-20.1511
0.000349603
4.38139 -0.000462201 9.31883e-08 -0.000462201 5.01421 -8.19008e-07 9.31883e-08 -8.19008e-07 1.03523e-06 
624
0
-20.1836
-0.00029201
4.38841 -0.000467792 9.33412e-08 -0.000467792 5.02225 -8.19017e-07 9.33412e-08 -8.19017e-07 1.03523e-06 
625
0
-20.2165
0.000237615
4.39543 -0.000463226 9.34575e-08 -0.000463226 5.03028 -8.19025e-07 9.34575e-08 -8.19025e-07 1.03523e-06 
626
0
-20.2496
0.000222506
4.40245 -0.000467059 9.36266e-08 -0.000467059 5.03832 -8.19029e-07 9.36266e-08 -8.19029e-07 1.03523e-06 
627
0
-20.2823
-0.00049716
4.40947 -0.000470657 9.37825e-08 -0.000470657 5.04635 -8.19038e-07 9.37825e-08 -8.19038e-07 1.03523e-06 
628
0
-20.3162
0.000480228
4.41649 -0.000462802 9.38941e-08 -0.000462802 5.05439 -8.19046e-07 9.38941e-08 -8.19046e-07 1.03523e-06 
629
0
-20.3487
0.000662215
4.42351 -0.000470522 9.40892e-08 -0.000470522 5.06242 -8.1905e-07 9.40892e-08 -8.1905e-07 1.03523e-06 
630
0
-20.3807
-3.6987e-05
4.43053 -0.00048116 9.42624e-08 -0.00048116 5.07046 -8.19057e-07 9.42624e-08 -8.19057e-07 1.03523e-06 
631
0
-20.4129
-0.000205822
4.43755 -0.00048063 9.43818e-08 -0.00048063 5.07849 -8.19066e-07 9.43818e-08 -8.19066e-07 1.03523e-06 
632
0
-20.4462
0.000296882
4.44458 -0.000477393 9.45128e-08 -0.000477393 5.08652 -8.19071e-07 9.45128e-08 -8.19071e-07 1.03523e-06 
633
0
-20.4795
0.000521398
4.4516 -0.000482219 9.46859e-08 -0.000482219 5.09456 -8.19078e-07 9.46859e-08 -8.19078e-07 1.03523e-06 
634
0
-20.5117
-0.00012833
4.45862 -0.000490662 9.48585e-08 -0.000490662 5.10259 -8.19086e-07 9.48585e-08 -8.19086e-07 1.03523e-06 
635
0
-20.5454
0.000361814
4.46564 -0.000488657 9.49792e-08 -0.000488657 5.11063 -8.19093e-07 9.49792e-08 -8.19093e-07 1.03523e-06 
636
0
-20.5784
0.00110818
4.47266 -0.000494553 9.51528e-08 -0.000494553 5.11866 -8.19098e-07 9.51528e-08 -8.19098e-07 1.03523e-06 
637
0
-20.6115
0.000595476
4.47968 -0.000512512 9.53547e-08 -0.000512512 5.1267 -8.19106e-07 9.53547e-08 -8.19106e-07 1.03523e-06 
638
0
-20.6453
0.00158249
4.4867 -0.000522206 9.55004e-08 -0.000522206 5.13473 -8.19116e-07 9.55004e-08 -8.19116e-07 1.03523e-06 
639
0
-20.6773
0.000695781
4.49372 -0.000547905 9.5717e-08 -0.000547905 5.14277 -8.19123e-07 9.5717e-08 -8.19123e-07 1.03523e-06 
640
0
-20.7091
-0.000861992
4.50074 -0.000559257 9.58456e-08 -0.000559257 5.1508 -8.19133e-07 9.58456e-08 -8.19133e-07 1.03523e-06 
641
0
-20.7429
0.00026913
4.50776 -0.00054531 9.59054e-08 -0.00054531 5.15884 -8.19144e-07 9.59054e-08 -8.19144e-07 1.03523e-06 
642
0
-20.7752
-5.99183e-06
4.51478 -0.000549752 9.60928e-08 -0.000549752 5.16687 -8.1915e-07 9.60928e-08 -8.1915e-07 1.03523e-06 
643
0
-20.809
0.000813227
4.5218 -0.000549716 9.62327e-08 -0.000549716 5.17491 -8.19158e-07 9.62327e-08 -8.19158e-07 1.03523e-06 
644
0
-20.8414
5.00604e-05
4.52882 -0.000563056 9.64291e-08 -0.000563056 5.18294 -8.19162e-07 9.64291e-08 -8.19162e-07 1.03523e-06 
645
0
-20.8739
-0.000910467
4.53584 -0.000563937 9.6551e-08 -0.000563937 5.19098 -8.19172e-07 9.6551e-08 -8.19172e-07 1.03523e-06 
646
0
-20.9068
-0.000852427
4.54286 -0.000549087 9.66378e-08 -0.000549087 5.19901 -8.19178e-07 9.66378e-08 -8.19178e-07 1.03523e-06 
647
0
-20.9415
0.000950328
4.54988 -0.000535166 9.67645e-08 -0.000535166 5.20704 -8.19183e-07 9.67645e-08 -8.19183e-07 1.03523e-06 
648
0
-20.9732
-0.000499384
4.5569 -0.000550841 9.70073e-08 -0.000550841 5.21508 -8.19184e-07 9.70073e-08 -8.19184e-07 1.03523e-06 
649
0
-21.0067
-0.000159877
4.56392 -0.000542686 9.70981e-08 -0.000542686 5.22311 -8.19194e-07 9.70981e-08 -8.19194e-07 1.03523e-06 
650
0
-21.0396
-0.000528634
4.57094 -0.000540114 9.72512e-08 -0.000540114 5.23115 -8.192e-07 9.72512e-08 -8.192e-07 1.03523e-06 
651
0
-21.0724
-0.000294977
4.57796 -0.000531451 9.73774e-08 -0.000531451 5.23918 -8.19205e-07 9.73774e-08 -8.19205e-07 1.03523e-06 
652
0
-21.1052
-0.000310338
4.58498 -0.000526637 9.7528e-08 -0.000526637 5.24722 -8.19211e-07 9.7528e-08 -8.19211e-07 1.03523e-06 
653
0
-21.1378
-0.000327567
4.592 -0.000521561 9.76727e-08 -0.000521561 5.25525 -8.19219e-07 9.76727e-08 -8.19219e-07 1.03523e-06 
654
0
-21.1715
0.000509371
4.59902 -0.000516192 9.78152e-08 -0.000516192 5.26329 -8.19223e-07 9.78152e-08 -8.19223e-07 1.03523e-06 
655
0
-21.2043
0.000622561
4.60604 -0.000524714 9.80108e-08 -0.000524714 5.27132 -8.19227e-07 9.80108e-08 -8.19227e-07 1.03523e-06 
656
0
-21.2361
-0.000136014
4.61306 -0.000535131 9.81832e-08 -0.000535131 5.27936 -8.19234e-07 9.81832e-08 -8.19234e-07 1.03523e-06 
657
0
-21.2693
8.04913e-05
4.62008 -0.000532927 9.82988e-08 -0.000532927 5.28739 -8.19241e-07 9.82988e-08 -8.19241e-07 1.03523e-06 
658
0
-21.3012
-0.000635494
4.6271 -0.000534333 9.8455e-08 -0.000534333 5.29543 -8.19246e-07 9.8455e-08 -8.19246e-07 1.03523e-06 
659
0
-21.3347
0.000477909
4.63412 -0.000523777 9.85623e-08 -0.000523777 5.30346 -8.19255e-07 9.85623e-08 -8.19255e-07 1.03523e-06 
660
0
-21.3674
2.26468e-05
4.64114 -0.000531837 9.87627e-08 -0.000531837 5.3115 -8.19259e-07 9.87627e-08 -8.19259e-07 1.03523e-06 
661
0
-21.4006
0.000219531
4.64817 -0.000532279 9.89024e-08 -0.000532279 5.31953 -8.19268e-07 9.89024e-08 -8.19268e-07 1.03523e-06 
662
0
-21.4327
-0.000433802
4.65519 -0.000536027 9.90639e-08 -0.000536027 5.32756 -8.19274e-07 9.90639e-08 -8.19274e-07 1.03523e-06 
663
0
-21.4656
-0.000726541
4.66221 -0.000528797 9.91794e-08 -0.000528797 5.3356 -8.19283e-07 9.91794e-08 -8.19283e-07 1.03523e-06 
664
0
-21.4999
0.000328077
4.66923 -0.000516629 9.93011e-08 -0.000516629 5.34363 -8.19288e-07 9.93011e-08 -8.19288e-07 1.03523e-06 
665
0
-21.5326
-0.000326336
4.67625 -0.000522223 9.95025e-08 -0.000522223 5.35167 -8.1929e-07 9.95025e-08 -8.1929e-07 1.03523e-06 
666
0
-21.5657
0.000291947
4.68327 -0.000516776 9.96293e-08 -0.000516776 5.3597 -8.19297e-07 9.96293e-08 -8.19297e-07 1.03523e-06 
667
0
-21.5981
-0.000402494
4.69029 -0.000521776 9.98082e-08 -0.000521776 5.36774 -8.19302e-07 9.98082e-08 -8.19302e-07 1.03523e-06 
668
0
-21.6308
-0.000643081
4.69731 -0.000515022 9.99273e-08 -0.000515022 5.37577 -8.19309e-07 9.99273e-08 -8.19309e-07 1.03523e-06 
669
0
-21.6641
1.07656e-05
4.70433 -0.000504177 1.00053e-07 -0.000504177 5.38381 -8.19316e-07 1.00053e-07 -8.19316e-07 1.03523e-06 
670
0
-21.6974
0.000135259
4.71135 -0.000504423 1.0023e-07 -0.000504423 5.39184 -8.19318e-07 1.0023e-07 -8.19318e-07 1.03523e-06 
671
0
-21.7308
0.000389191
4.71837 -0.000506787 1.00396e-07 -0.000506787 5.39988 -8.19324e-07 1.00396e-07 -8.19324e-07 1.03523e-06 
672
0
-21.7637
0.000296098
4.72539 -0.000513481 1.00569e-07 -0.000513481 5.40791 -8.19331e-07 1.00569e-07 -8.19331e-07 1.03523e-06 
673
0
-21.796
-0.000647831
4.73241 -0.000518597 1.00726e-07 -0.000518597 5.41595 -8.1934e-07 1.00726e-07 -8.1934e-07 1.03523e-06 
674
0
-21.8294
0.000153258
4.73943 -0.00050759 1.00827e-07 -0.00050759 5.42398 -8.19351e-07 1.00827e-07 -8.19351e-07 1.03523e-06 
675
0
-21.862
0.000100713
4.74645 -0.000510276 1.01009e-07 -0.000510276 5.43202 -8.19354e-07 1.01009e-07 -8.19354e-07 1.03523e-06 
676
0
-21.8944
-0.000336565
4.75347 -0.000512065 1.01164e-07 -0.000512065 5.44005 -8.19359e-07 1.01164e-07 -8.19359e-07 1.03523e-06 
677
0
-21.9273
-1.30689e-05
4.76049 -0.000506351 1.01291e-07 -0.000506351 5.44808 -8.19368e-07 1.01291e-07 -8.19368e-07 1.03523e-06 
678
0
-21.9603
0.000211111
4.76751 -0.00050619 1.01453e-07 -0.00050619 5.45612 -8.19374e-07 1.01453e-07 -8.19374e-07 1.03523e-06 
679
0
-21.9936
0.000109416
4.77453 -0.000509888 1.0162e-07 -0.000509888 5.46415 -8.19381e-07 1.0162e-07 -8.19381e-07 1.03523e-06 
680
0
-22.0261
-0.0001267
4.78155 -0.000511838 1.01774e-07 -0.000511838 5.47219 -8.19388e-07 1.01774e-07 -8.19388e-07 1.03523e-06 
681
0
-22.0596
0.000980709
4.78857 -0.000509714 1.01913e-07 -0.000509714 5.48022 -8.19394e-07 1.01913e-07 -8.19394e-07 1.03523e-06 
682
0
-22.0916
0.000264451
4.79559 -0.000526735 1.02127e-07 -0.000526735 5.48826 -8.19398e-07 1.02127e-07 -8.19398e-07 1.03523e-06 
683
0
-22.1251
0.000765124
4.80261 -0.000531378 1.0226e-07 -0.000531378 5.49629 -8.19406e-07 1.0226e-07 -8.19406e-07 1.03523e-06 
684
0
-22.157
-0.000240607
4.80963 -0.000544711 1.02443e-07 -0.000544711 5.50433 -8.19414e-07 1.02443e-07 -8.19414e-07 1.03523e-06 
685
0
-22.1895
-0.000397066
4.81665 -0.000540596 1.0255e-07 -0.000540596 5.51236 -8.19424e-07 1.0255e-07 -8.19424e-07 1.03523e-06 
686
0
-22.2228
0.000427475
4.82367 -0.000533754 1.02678e-07 -0.000533754 5.5204 -8.1943e-07 1.02678e-07 -8.1943e-07 1.03523e-06 
687
0
-22.255
-0.000259556
4.83069 -0.000541263 1.02869e-07 -0.000541263 5.52843 -8.19437e-07 1.02869e-07 -8.19437e-07 1.03523e-06 
688
0
-22.2887
0.000651386
4.83771 -0.0005368 1.0299e-07 -0.0005368 5.53647 -8.19446e-07 1.0299e-07 -8.19446e-07 1.03523e-06 
689
0
-22.3211
-0.000280466
4.84474 -0.000548242 1.03188e-07 -0.000548242 5.5445 -8.19453e-07 1.03188e-07 -8.19453e-07 1.03523e-06 
690
0
-22.3543
-0.000422248
4.85176 -0.0005434 1.03301e-07 -0.0005434 5.55254 -8.19462e-07 1.03301e-07 -8.19462e-07 1.03523e-06 
691
0
-22.3884
0.000781468
4.85878 -0.000536066 1.03435e-07 -0.000536066 5.56057 -8.19467e-07 1.03435e-07 -8.19467e-07 1.03523e-06 
692
0
-22.4204
-0.000606588
4.8658 -0.000549841 1.0365e-07 -0.000549841 5.5686 -8.19471e-07 1.0365e-07 -8.19471e-07 1.03523e-06 
693
0
-22.4542
0.000376753
4.87282 -0.000539248 1.03741e-07 -0.000539248 5.57664 -8.19478e-07 1.03741e-07 -8.19478e-07 1.03523e-06 
694
0
-22.4858
-0.00097016
4.87984 -0.000545941 1.03932e-07 -0.000545941 5.58467 -8.19483e-07 1.03932e-07 -8.19483e-07 1.03523e-06 
695
0
-22.5192
-0.000563735
4.88686 -0.00052891 1.04014e-07 -0.00052891 5.59271 -8.19491e-07 1.04014e-07 -8.19491e-07 1.03523e-06 
696
0
-22.5519
-0.000268204
4.89388 -0.000519027 1.04163e-07 -0.000519027 5.60074 -8.19496e-07 1.04163e-07 -8.19496e-07 1.03523e-06 
697
0
-22.5849
-0.00068059
4.9009 -0.000514351 1.04323e-07 -0.000514351 5.60878 -8.195e-07 1.04323e-07 -8.195e-07 1.03523e-06 
698
0
-22.6182
-0.000116395
4.90792 -0.000502371 1.04449e-07 -0.000502371 5.61681 -8.19507e-07 1.04449e-07 -8.19507e-07 1.03523e-06 
699
0
-22.651
-0.000498275
4.91494 -0.000500373 1.04621e-07 -0.000500373 5.62485 -8.19511e-07 1.04621e-07 -8.19511e-07 1.03523e-06 
700
0
-22.6839
-0.000659288
4.92196 -0.000491594 1.04754e-07 -0.000491594 5.63288 -8.19516e-07 1.04754e-07 -8.19516e-07 1.03523e-06 
701
0
-22.7172
-0.000168793
4.92898 -0.000479941 1.04887e-07 -0.000479941 5.64092 -8.19521e-07 1.04887e-07 -8.19521e-07 1.03523e-06 
702
0
-22.7504
9.93569e-05
4.936 -0.000477001 1.05057e-07 -0.000477001 5.64895 -8.19523e-07 1.05057e-07 -8.19523e-07 1.03523e-06 
703
0
-22.7834
7.19081e-05
4.94302 -0.000478837 1.05228e-07 -0.000478837 5.65699 -8.19529e-07 1.05228e-07 -8.19529e-07 1.03523e-06 
704
0
-22.8161
0.000108339
4.95004 -0.000480185 1.05385e-07 -0.000480185 5.66502 -8.19535e-07 1.05385e-07 -8.19535e-07 1.03523e-06 
705
0
-22.8485
4.17611e-05
4.95706 -0.000482186 1.05542e-07 -0.000482186 5.67306 -8.19542e-07 1.05542e-07 -8.19542e-07 1.03523e-06 
706
0
-22.8815
0.00012471
4.96408 -0.000482998 1.05693e-07 -0.000482998 5.68109 -8.19549e-07 1.05693e-07 -8.19549e-07 1.03523e-06 
707
0
-22.9147
0.000709913
4.9711 -0.000485299 1.05851e-07 -0.000485299 5.68912 -8.19555e-07 1.05851e-07 -8.19555e-07 1.03523e-06 
708
0
-22.9474
0.000365839
4.97812 -0.000498107 1.06043e-07 -0.000498107 5.69716 -8.1956e-07 1.06043e-07 -8.1956e-07 1.03523e-06 
709
0
-22.9798
-0.000537696
4.98514 -0.000504748 1.06193e-07 -0.000504748 5.70519 -8.19569e-07 1.06193e-07 -8.19569e-07 1.03523e-06 
710
0
-23.0132
-2.5498e-05
4.99216 -0.000495134 1.06297e-07 -0.000495134 5.71323 -8.19578e-07 1.06297e-07 -8.19578e-07 1.03523e-06 
711
0
-23.0458
0.000168836
4.99918 -0.000494739 1.06464e-07 -0.000494739 5.72126 -8.19582e-07 1.06464e-07 -8.19582e-07 1.03523e-06 
712
0
-23.0791
0.000299749
5.0062 -0.000497852 1.06629e-07 -0.000497852 5.7293 -8.19588e-07 1.06629e-07 -8.19588e-07 1.03523e-06 
713
0
-23.1122
0.000194252
5.01322 -0.000503336 1.06796e-07 -0.000503336 5.73733 -8.19596e-07 1.06796e-07 -8.19596e-07 1.03523e-06 
714
0
-23.1443
-0.000798405
5.02025 -0.000506917 1.0695e-07 -0.000506917 5.74537 -8.19603e-07 1.0695e-07 -8.19603e-07 1.03523e-06 
715
0
-23.1779
-0.000329636
5.02727 -0.000492509 1.07045e-07 -0.000492509 5.7534 -8.19611e-07 1.07045e-07 -8.19611e-07 1.03523e-06 
716
0
-23.2108
-0.000125053
5.03429 -0.00048659 1.07206e-07 -0.00048659 5.76144 -8.19614e-07 1.07206e-07 -8.19614e-07 1.03523e-06 
717
0
-23.244
0.0004138
5.04131 -0.000484382 1.07367e-07 -0.000484382 5.76947 -8.19619e-07 1.07367e-07 -8.19619e-07 1.03523e-06 
718
0
-23.2769
0.000273695
5.04833 -0.00049198 1.07552e-07 -0.00049198 5.77751 -8.19625e-07 1.07552e-07 -8.19625e-07 1.03523e-06 
719
0
-23.3097
0.000120918
5.05535 -0.000497035 1.07708e-07 -0.000497035 5.78554 -8.19633e-07 1.07708e-07 -8.19633e-07 1.03523e-06 
720
0
-23.3424
0.000268154
5.06237 -0.000499308 1.07856e-07 -0.000499308 5.79358 -8.19642e-07 1.07856e-07 -8.19642e-07 1.03523e-06 
721
0
-23.3753
-0.00019856
5.06939 -0.000504275 1.08017e-07 -0.000504275 5.80161 -8.19649e-07 1.08017e-07 -8.19649e-07 1.03523e-06 
722
0
-23.4076
-0.000528099
5.07641 -0.000500706 1.08148e-07 -0.000500706 5.80964 -8.19653e-07 1.08148e-07 -8.19653e-07 1.03523e-06 
723
0
-23.4415
0.00090605
5.08343 -0.000491091 1.08273e-07 -0.000491091 5.81768 -8.19658e-07 1.08273e-07 -8.19658e-07 1.03523e-06 
724
0
-23.4738
-0.000353865
5.09045 -0.000507788 1.08499e-07 -0.000507788 5.82571 -8.1966e-07 1.08499e-07 -8.1966e-07 1.03523e-06 
725
0
-23.5069
-0.000547125
5.09747 -0.000501349 1.08602e-07 -0.000501349 5.83375 -8.19669e-07 1.08602e-07 -8.19669e-07 1.03523e-06 
726
0
-23.5405
0.000240152
5.10449 -0.000491344 1.08731e-07 -0.000491344 5.84178 -8.19676e-07 1.08731e-07 -8.19676e-07 1.03523e-06 
727
0
-23.5734
0.000172636
5.11151 -0.000495836 1.08918e-07 -0.000495836 5.84982 -8.19681e-07 1.08918e-07 -8.19681e-07 1.03523e-06 
728
0
-23.6059
-0.000431761
5.11853 -0.000499088 1.09077e-07 -0.000499088 5.85785 -8.19686e-07 1.09077e-07 -8.19686e-07 1.03523e-06 
729
0
-23.6389
-0.000451022
5.12555 -0.000491174 1.09196e-07 -0.000491174 5.86589 -8.19693e-07 1.09196e-07 -8.19693e-07 1.03523e-06 
730
0
-23.6715
-0.000828196
5.13257 -0.000482892 1.09336e-07 -0.000482892 5.87392 -8.197e-07 1.09336e-07 -8.197e-07 1.03523e-06 
731
0
-23.705
-0.00072128
5.13959 -0.000467609 1.09457e-07 -0.000467609 5.88196 -8.19706e-07 1.09457e-07 -8.19706e-07 1.03523e-06 
732
0
-23.7378
-0.000560101
5.14661 -0.000454288 1.09601e-07 -0.000454288 5.88999 -8.19709e-07 1.09601e-07 -8.19709e-07 1.03523e-06 
733
0
-23.7708
-0.000658468
5.15363 -0.000443945 1.09751e-07 -0.000443945 5.89803 -8.19715e-07 1.09751e-07 -8.19715e-07 1.03523e-06 
734
0
-23.8036
-0.000804752
5.16065 -0.000431757 1.09891e-07 -0.000431757 5.90606 -8.1972e-07 1.09891e-07 -8.1972e-07 1.03523e-06 
735
0
-23.8375
0.000529578
5.16767 -0.000416827 1.10024e-07 -0.000416827 5.9141 -8.19726e-07 1.10024e-07 -8.19726e-07 1.03523e-06 
736
0
-23.8696
-0.000484395
5.17469 -0.000426775 1.10244e-07 -0.000426775 5.92213 -8.19727e-07 1.10244e-07 -8.19727e-07 1.03523e-06 
737
0
-23.9025
-0.000180985
5.18171 -0.00041779 1.10357e-07 -0.00041779 5.93017 -8.19733e-07 1.10357e-07 -8.19733e-07 1.03523e-06 
738
0
-23.935
-0.000690153
5.18874 -0.00041447 1.10515e-07 -0.00041447 5.9382 -8.1974e-07 1.10515e-07 -8.1974e-07 1.03523e-06 
739
0
-23.9681
-0.000134348
5.19576 -0.000401605 1.10638e-07 -0.000401605 5.94623 -8.19747e-07 1.10638e-07 -8.19747e-07 1.03523e-06 
740
0
-24.0015
0.000442092
5.20278 -0.00039915 1.1081e-07 -0.00039915 5.95427 -8.19752e-07 1.1081e-07 -8.19752e-07 1.03523e-06 
741
0
-24.0348
0.000717587
5.2098 -0.000407523 1.11002e-07 -0.000407523 5.9623 -8.19757e-07 1.11002e-07 -8.19757e-07 1.03523e-06 
742
0
-24.0676
0.000338092
5.21682 -0.000421089 1.11187e-07 -0.000421089 5.97034 -8.19766e-07 1.11187e-07 -8.19766e-07 1.03523e-06 
743
0
-24.1
-0.000330397
5.22384 -0.000427524 1.11336e-07 -0.000427524 5.97837 -8.19775e-07 1.11336e-07 -8.19775e-07 1.03523e-06 
