0
0
0
0.00112082
0.00632102 -7.44339e-05 -4.31087e-09 -7.44339e-05 0.0065425 -1.42373e-07 -4.31087e-09 -1.42373e-07 1.21851e-06 
1
0
0
0.001928
0.00930531 -0.000180888 -4.22229e-09 -0.000180888 0.00905162 -1.84335e-07 -4.22229e-09 -1.84335e-07 1.03651e-06 
2
0
0
0.000126737
0.0107701 -0.000255985 -3.77324e-09 -0.000255985 0.00996569 -2.08365e-07 -3.77324e-09 -2.08365e-07 1.03685e-06 
3
0
0
0.000360289
0.0114639 -0.000297127 -3.37309e-09 -0.000297127 0.010272 -2.19247e-07 -3.37309e-09 -2.19247e-07 1.0371e-06 
4
0
0
0.00105514
0.0117902 -0.000317551 -3.09262e-09 -0.000317551 0.0103719 -2.24879e-07 -3.09262e-09 -2.24879e-07 1.03671e-06 
5
0.0529601
0
-0.000302258
0.0119437 -0.000327263 -2.88967e-09 -0.000327263 0.0104043 -2.28649e-07 -2.88967e-09 -2.28649e-07 1.03631e-06 
6
0.0587572
0
8.80039e-05
0.0120159 -0.000331818 -2.74551e-09 -0.000331818 0.0104149 -2.31715e-07 -2.74551e-09 -2.31715e-07 1.036e-06 
7
0.0620187
0
0.0010313
0.01205 -0.000333921 -2.62103e-09 -0.000333921 0.0104184 -2.34445e-07 -2.62103e-09 -2.34445e-07 1.03576e-06 
8
0.0638043
0
0.00113644
0.0120662 -0.00033488 -2.5061e-09 -0.00033488 0.0104197 -2.36955e-07 -2.5061e-09 -2.36955e-07 1.03558e-06 
9
0.0667655
0
0.000843684
0.0120739 -0.000335326 -2.40221e-09 -0.000335326 0.0104202 -2.39274e-07 -2.40221e-09 -2.39274e-07 1.03545e-06 
10
0.0699863
0
0.000461496
0.0120777 -0.00033554 -2.3087e-09 -0.00033554 0.0104204 -2.41407e-07 -2.3087e-09 -2.41407e-07 1.03535e-06 
11
0.073531
0
0.00133659
0.0120795 -0.000335649 -2.22441e-09 -0.000335649 0.0104206 -2.43359e-07 -2.22441e-09 -2.43359e-07 1.03528e-06 
12
0.0766753
0
0.00158594
0.0120805 -0.000335689 -2.14265e-09 -0.000335689 0.0104207 -2.45137e-07 -2.14265e-09 -2.45137e-07 1.03523e-06 
13
0.0798198
0
0.00110279
0.012081 -0.000335707 -2.07026e-09 -0.000335707 0.0104208 -2.46751e-07 -2.07026e-09 -2.46751e-07 1.03519e-06 
14
0.0833272
0
0.0003016
0.0120812 -0.000335726 -2.00874e-09 -0.000335726 0.0104209 -2.48207e-07 -2.00874e-09 -2.48207e-07 1.03517e-06 
15
0.0865548
0
-0.000314522
0.0120814 -0.000335749 -1.95605e-09 -0.000335749 0.010421 -2.49517e-07 -1.95605e-09 -2.49517e-07 1.03515e-06 
16
0.0886684
0
0.000843125
0.0120815 -0.00033577 -1.90856e-09 -0.00033577 0.010421 -2.50691e-07 -1.90856e-09 -2.50691e-07 1.03514e-06 
17
0.0900404
0
0.000941813
0.0120815 -0.000335762 -1.85361e-09 -0.000335762 0.0104211 -2.51743e-07 -1.85361e-09 -2.51743e-07 1.03514e-06 
18
0.0932093
0
0.00179067
0.0120816 -0.000335759 -1.8076e-09 -0.000335759 0.0104211 -2.52682e-07 -1.8076e-09 -2.52682e-07 1.03514e-06 
19
0.0982615
0
0.00163927
0.0120816 -0.000335746 -1.75927e-09 -0.000335746 0.0104212 -2.53514e-07 -1.75927e-09 -2.53514e-07 1.03514e-06 
20
0.103942
0
0.00160745
0.0120817 -0.000335744 -1.72192e-09 -0.000335744 0.0104212 -2.54245e-07 -1.72192e-09 -2.54245e-07 1.03514e-06 
21
0.109805
0
-0.000139034
0.0120817 -0.000335745 -1.69109e-09 -0.000335745 0.0104212 -2.5489e-07 -1.69109e-09 -2.5489e-07 1.03515e-06 
22
0.115404
0
-0.000846679
0.0120817 -0.000335774 -1.67883e-09 -0.000335774 0.0104213 -2.55458e-07 -1.67883e-09 -2.55458e-07 1.03515e-06 
23
0.119879
0
0.000972169
0.0120817 -0.000335797 -1.66717e-09 -0.000335797 0.0104213 -2.55958e-07 -1.66717e-09 -2.55958e-07 1.03516e-06 
24
0.124226
0
0.00290853
0.0120817 -0.000335777 -1.63604e-09 -0.000335777 0.0104213 -2.564e-07 -1.63604e-09 -2.564e-07 1.03516e-06 
25
0.130222
0
0.00270943
0.0120817 -0.00033574 -1.59728e-09 -0.00033574 0.0104213 -2.56789e-07 -1.59728e-09 -2.56789e-07 1.03517e-06 
26
0.138063
0
0.00102595
0.0120818 -0.000335729 -1.57601e-09 -0.000335729 0.0104213 -2.57125e-07 -1.57601e-09 -2.57125e-07 1.03517e-06 
27
0.144243
0
-0.00070696
0.0120817 -0.000335752 -1.57851e-09 -0.000335752 0.0104213 -2.57413e-07 -1.57851e-09 -2.57413e-07 1.03518e-06 
28
0.148904
0
-0.00139493
0.0120817 -0.000335788 -1.58795e-09 -0.000335788 0.0104214 -2.57667e-07 -1.58795e-09 -2.57667e-07 1.03518e-06 
29
0.15171
0
0.00066609
0.0120817 -0.000335813 -1.59231e-09 -0.000335813 0.0104214 -2.57892e-07 -1.59231e-09 -2.57892e-07 1.03519e-06 
30
0.156287
0
0.00198422
0.0120817 -0.00033579 -1.57077e-09 -0.00033579 0.0104214 -2.58092e-07 -1.57077e-09 -2.58092e-07 1.03519e-06 
31
0.160989
0
0.00215663
0.0120817 -0.000335761 -1.54856e-09 -0.000335761 0.0104214 -2.58263e-07 -1.54856e-09 -2.58263e-07 1.03519e-06 
32
0.164931
0
-0.000353546
0.0120818 -0.000335747 -1.53668e-09 -0.000335747 0.0104214 -2.5841e-07 -1.53668e-09 -2.5841e-07 1.0352e-06 
33
0.168173
0
-0.00096931
0.0120817 -0.000335782 -1.5503e-09 -0.000335782 0.0104214 -2.58539e-07 -1.5503e-09 -2.58539e-07 1.0352e-06 
34
0.171494
0
0.000933307
0.0120817 -0.000335805 -1.55721e-09 -0.000335805 0.0104214 -2.58652e-07 -1.55721e-09 -2.58652e-07 1.0352e-06 
35
0.175252
0
0.002983
0.0120817 -0.000335784 -1.54185e-09 -0.000335784 0.0104214 -2.58749e-07 -1.54185e-09 -2.58749e-07 1.0352e-06 
36
0.178095
0
0.00052991
0.0120818 -0.000335743 -1.50953e-09 -0.000335743 0.0104214 -2.58833e-07 -1.50953e-09 -2.58833e-07 1.03521e-06 
37
0.181482
0
0.000713131
0.0120818 -0.000335767 -1.51361e-09 -0.000335767 0.0104214 -2.58906e-07 -1.51361e-09 -2.58906e-07 1.03521e-06 
38
0.185547
0
0.00233845
0.0120818 -0.000335773 -1.50943e-09 -0.000335773 0.0104214 -2.58968e-07 -1.50943e-09 -2.58968e-07 1.03521e-06 
39
0.189119
0
0.00184751
0.0120818 -0.000335749 -1.49364e-09 -0.000335749 0.0104214 -2.59019e-07 -1.49364e-09 -2.59019e-07 1.03521e-06 
40
0.191724
0
-0.00082399
0.0120818 -0.000335748 -1.49432e-09 -0.000335748 0.0104214 -2.59063e-07 -1.49432e-09 -2.59063e-07 1.03521e-06 
41
0.194584
0
-0.000259537
0.0120817 -0.00033579 -1.51718e-09 -0.00033579 0.0104214 -2.59102e-07 -1.51718e-09 -2.59102e-07 1.03521e-06 
42
0.197588
0
0.00112621
0.0120817 -0.000335797 -1.51988e-09 -0.000335797 0.0104214 -2.59136e-07 -1.51988e-09 -2.59136e-07 1.03521e-06 
43
0.200616
0
0.00174367
0.0120817 -0.000335778 -1.50905e-09 -0.000335778 0.0104214 -2.59163e-07 -1.50905e-09 -2.59163e-07 1.03522e-06 
44
0.20417
0
0.00159717
0.0120818 -0.000335761 -1.50105e-09 -0.000335761 0.0104214 -2.59186e-07 -1.50105e-09 -2.59186e-07 1.03522e-06 
45
0.208425
0
0.000868018
0.0120818 -0.000335757 -1.49922e-09 -0.000335757 0.0104214 -2.59204e-07 -1.49922e-09 -2.59204e-07 1.03522e-06 
46
0.21196
0
-0.00078514
0.0120818 -0.000335767 -1.50556e-09 -0.000335767 0.0104214 -2.59216e-07 -1.50556e-09 -2.59216e-07 1.03522e-06 
47
0.21567
0
-0.00132944
0.0120817 -0.000335797 -1.52103e-09 -0.000335797 0.0104214 -2.59226e-07 -1.52103e-09 -2.59226e-07 1.03522e-06 
48
0.219805
0
0.000656988
0.0120817 -0.000335817 -1.53044e-09 -0.000335817 0.0104214 -2.59234e-07 -1.53044e-09 -2.59234e-07 1.03522e-06 
49
0.224223
0
0.00256023
0.0120817 -0.000335793 -1.51877e-09 -0.000335793 0.0104214 -2.59239e-07 -1.51877e-09 -2.59239e-07 1.03522e-06 
50
0.225934
0
0.00286779
0.0120818 -0.000335754 -1.50244e-09 -0.000335754 0.0104214 -2.59241e-07 -1.50244e-09 -2.59241e-07 1.03522e-06 
51
0.22993
0
0.00282171
0.0120818 -0.000335734 -1.49736e-09 -0.000335734 0.0104214 -2.59247e-07 -1.49736e-09 -2.59247e-07 1.03522e-06 
52
0.234216
0
0.000215838
0.0120818 -0.000335727 -1.49543e-09 -0.000335727 0.0104214 -2.59247e-07 -1.49543e-09 -2.59247e-07 1.03522e-06 
53
0.239032
0
-0.00128063
0.0120818 -0.000335766 -1.51953e-09 -0.000335766 0.0104214 -2.59244e-07 -1.51953e-09 -2.59244e-07 1.03522e-06 
54
0.244793
0
0.00182628
0.0120817 -0.000335805 -1.54357e-09 -0.000335805 0.0104214 -2.59239e-07 -1.54357e-09 -2.59239e-07 1.03522e-06 
55
0.250382
0
0.00360446
0.0120818 -0.00033577 -1.52956e-09 -0.00033577 0.0104214 -2.59231e-07 -1.52956e-09 -2.59231e-07 1.03522e-06 
56
0.25731
0
0.0025028
0.0120818 -0.000335729 -1.5121e-09 -0.000335729 0.0104214 -2.59222e-07 -1.5121e-09 -2.59222e-07 1.03522e-06 
57
0.264402
0
0.00114852
0.0120818 -0.00033573 -1.51298e-09 -0.00033573 0.0104214 -2.59208e-07 -1.51298e-09 -2.59208e-07 1.03522e-06 
58
0.271889
0
-0.000595648
0.0120818 -0.000335752 -1.52837e-09 -0.000335752 0.0104214 -2.59194e-07 -1.52837e-09 -2.59194e-07 1.03522e-06 
59
0.280744
0
0.00263781
0.0120817 -0.000335789 -1.55177e-09 -0.000335789 0.0104214 -2.59178e-07 -1.55177e-09 -2.59178e-07 1.03522e-06 
60
0.289953
0
0.00629484
0.0120818 -0.000335751 -1.53312e-09 -0.000335751 0.0104214 -2.59158e-07 -1.53312e-09 -2.59158e-07 1.03522e-06 
61
0.299444
0
0.00604719
0.0120818 -0.000335679 -1.49533e-09 -0.000335679 0.0104214 -2.59137e-07 -1.49533e-09 -2.59137e-07 1.03522e-06 
62
0.308753
0
0.000229219
0.0120818 -0.000335655 -1.48744e-09 -0.000335655 0.0104214 -2.59114e-07 -1.48744e-09 -2.59114e-07 1.03522e-06 
63
0.317746
0
-0.000586906
0.0120818 -0.000335738 -1.53601e-09 -0.000335738 0.0104214 -2.59091e-07 -1.53601e-09 -2.59091e-07 1.03522e-06 
64
0.32695
0
0.0020329
0.0120818 -0.000335783 -1.56275e-09 -0.000335783 0.0104214 -2.59068e-07 -1.56275e-09 -2.59068e-07 1.03522e-06 
65
0.335201
0
0.00502898
0.0120818 -0.000335759 -1.55386e-09 -0.000335759 0.0104214 -2.59046e-07 -1.55386e-09 -2.59046e-07 1.03522e-06 
66
0.342452
0
0.00466567
0.0120818 -0.000335702 -1.5271e-09 -0.000335702 0.0104214 -2.59025e-07 -1.5271e-09 -2.59025e-07 1.03522e-06 
67
0.345999
0
0.00281734
0.0120818 -0.000335686 -1.5234e-09 -0.000335686 0.0104214 -2.59007e-07 -1.5234e-09 -2.59007e-07 1.03522e-06 
68
0.351583
0
0.00651327
0.0120818 -0.000335709 -1.53892e-09 -0.000335709 0.0104214 -2.58997e-07 -1.53892e-09 -2.58997e-07 1.03522e-06 
69
0.356544
0
0.00629559
0.0120818 -0.000335659 -1.51801e-09 -0.000335659 0.0104214 -2.58984e-07 -1.51801e-09 -2.58984e-07 1.03522e-06 
70
0.361027
0
0.00625359
0.0120818 -0.000335644 -1.51567e-09 -0.000335644 0.0104214 -2.58972e-07 -1.51567e-09 -2.58972e-07 1.03522e-06 
71
0.365704
0
0.00416341
0.0120818 -0.000335639 -1.51722e-09 -0.000335639 0.0104214 -2.5896e-07 -1.51722e-09 -2.5896e-07 1.03522e-06 
72
0.37196
0
0.00404623
0.0120818 -0.00033567 -1.5365e-09 -0.00033567 0.0104214 -2.58948e-07 -1.5365e-09 -2.58948e-07 1.03522e-06 
73
0.377283
0
0.00322561
0.0120818 -0.000335683 -1.54518e-09 -0.000335683 0.0104214 -2.58932e-07 -1.54518e-09 -2.58932e-07 1.03522e-06 
74
0.382729
0
0.00282902
0.0120818 -0.000335702 -1.55776e-09 -0.000335702 0.0104214 -2.58918e-07 -1.55776e-09 -2.58918e-07 1.03522e-06 
75
0.387697
0.0527663
0.00505856
0.0120818 -0.000335715 -1.56614e-09 -0.000335715 0.0104214 -2.58904e-07 -1.56614e-09 -2.58904e-07 1.03522e-06 
76
0.392132
0.054556
0.00470652
0.0120818 -0.000335685 -1.56472e-09 -0.000335685 0.0104214 -2.58891e-07 -1.56472e-09 -2.58891e-07 1.03522e-06 
77
0.39776
0.0565557
0.0036946
0.0120818 -0.000335679 -1.57237e-09 -0.000335679 0.0104214 -2.5888e-07 -1.57237e-09 -2.5888e-07 1.03522e-06 
78
0.40398
0.05814
0.0039852
0.0120818 -0.000335692 -1.58933e-09 -0.000335692 0.0104214 -2.58865e-07 -1.58933e-09 -2.58865e-07 1.03522e-06 
79
0.409348
0.0591539
0.00250414
0.0120818 -0.000335693 -1.59735e-09 -0.000335693 0.0104214 -2.58849e-07 -1.59735e-09 -2.58849e-07 1.03522e-06 
80
0.415391
0.0595542
0.00449608
0.0120818 -0.000335717 -1.61388e-09 -0.000335717 0.0104214 -2.58834e-07 -1.61388e-09 -2.58834e-07 1.03522e-06 
81
0.421598
0.0602863
0.00685281
0.0120818 -0.000335694 -1.60487e-09 -0.000335694 0.0104214 -2.58819e-07 -1.60487e-09 -2.58819e-07 1.03522e-06 
82
0.427598
0.0614592
0.00688828
0.0120818 -0.000335648 -1.5871e-09 -0.000335648 0.0104214 -2.58802e-07 -1.5871e-09 -2.58802e-07 1.03522e-06 
83
0.432331
0.0621875
0.00719891
0.0120818 -0.00033563 -1.58579e-09 -0.00033563 0.0104214 -2.58786e-07 -1.58579e-09 -2.58786e-07 1.03522e-06 
84
0.437497
0.0628975
0.00578386
0.0120818 -0.000335618 -1.58514e-09 -0.000335618 0.0104214 -2.58774e-07 -1.58514e-09 -2.58774e-07 1.03522e-06 
85
0.442709
0.063418
0.00527182
0.0120818 -0.000335636 -1.59783e-09 -0.000335636 0.0104214 -2.5876e-07 -1.59783e-09 -2.5876e-07 1.03522e-06 
86
0.44952
0.0634113
0.0058197
0.0120818 -0.000335651 -1.60721e-09 -0.000335651 0.0104214 -2.58746e-07 -1.60721e-09 -2.58746e-07 1.03522e-06 
87
0.456105
0.0634452
0.0058678
0.0120818 -0.000335648 -1.60566e-09 -0.000335648 0.0104214 -2.58728e-07 -1.60566e-09 -2.58728e-07 1.03522e-06 
88
0.461406
0.0644102
0.0070988
0.0120818 -0.000335646 -1.60509e-09 -0.000335646 0.0104214 -2.58711e-07 -1.60509e-09 -2.58711e-07 1.03522e-06 
89
0.467151
0.0644642
0.00760765
0.0120818 -0.000335626 -1.59975e-09 -0.000335626 0.0104214 -2.58697e-07 -1.59975e-09 -2.58697e-07 1.03522e-06 
90
0.472719
0.0654139
0.0044854
0.0120818 -0.00033561 -1.59401e-09 -0.00033561 0.0104214 -2.58682e-07 -1.59401e-09 -2.58682e-07 1.03522e-06 
91
0.47898
0.0656143
0.0042166
0.0120818 -0.000335654 -1.61983e-09 -0.000335654 0.0104214 -2.58666e-07 -1.61983e-09 -2.58666e-07 1.03522e-06 
92
0.484462
0.0669609
0.00509758
0.0120818 -0.000335675 -1.63004e-09 -0.000335675 0.0104214 -2.5865e-07 -1.63004e-09 -2.5865e-07 1.03522e-06 
93
0.489246
0.0671514
0.00763749
0.0120818 -0.000335669 -1.6319e-09 -0.000335669 0.0104214 -2.58635e-07 -1.6319e-09 -2.58635e-07 1.03522e-06 
94
0.493677
0.0678549
0.0076055
0.0120818 -0.000335626 -1.61337e-09 -0.000335626 0.0104214 -2.58623e-07 -1.61337e-09 -2.58623e-07 1.03522e-06 
95
0.496993
0.0678459
0.00809594
0.0120818 -0.00033561 -1.6106e-09 -0.00033561 0.0104214 -2.58611e-07 -1.6106e-09 -2.58611e-07 1.03522e-06 
96
0.500187
0.0697346
0.0086536
0.0120818 -0.000335597 -1.6055e-09 -0.000335597 0.0104214 -2.58602e-07 -1.6055e-09 -2.58602e-07 1.03522e-06 
97
0.501162
0.0696394
0.00794076
0.0120819 -0.000335582 -1.60719e-09 -0.000335582 0.0104214 -2.58593e-07 -1.60719e-09 -2.58593e-07 1.03522e-06 
98
0.504444
0.0696312
0.00418001
0.0120819 -0.000335588 -1.6114e-09 -0.000335588 0.0104214 -2.5859e-07 -1.6114e-09 -2.5859e-07 1.03522e-06 
99
0.506416
0.0677036
-0.000174123
0.0120818 -0.00033565 -1.64109e-09 -0.00033565 0.0104214 -2.58582e-07 -1.64109e-09 -2.58582e-07 1.03522e-06 
100
0.507081
0.0651217
-0.00914481
0.0120818 -0.000335743 -1.67525e-09 -0.000335743 0.0104214 -2.58576e-07 -1.67525e-09 -2.58576e-07 1.03522e-06 
101
0.510581
0.0603878
-0.0200733
0.0120817 -0.000335921 -1.74432e-09 -0.000335921 0.0104215 -2.58573e-07 -1.74432e-09 -2.58573e-07 1.03522e-06 
102
0.518903
0.0571072
-0.0193603
0.0120816 -0.000336161 -1.83123e-09 -0.000336161 0.0104216 -2.58563e-07 -1.83123e-09 -2.58563e-07 1.03522e-06 
103
0.527288
0.0565463
-0.0080536
0.0120815 -0.000336242 -1.84325e-09 -0.000336242 0.0104216 -2.58542e-07 -1.84325e-09 -2.58542e-07 1.03522e-06 
104
0.533324
0.0602704
0.00464915
0.0120816 -0.000336093 -1.76295e-09 -0.000336093 0.0104215 -2.58521e-07 -1.76295e-09 -2.58521e-07 1.03522e-06 
105
0.535986
0.0647504
0.00846742
0.0120817 -0.000335835 -1.65937e-09 -0.000335835 0.0104214 -2.58505e-07 -1.65937e-09 -2.58505e-07 1.03522e-06 
106
0.539815
0.0680064
0.0075313
0.0120818 -0.000335676 -1.61529e-09 -0.000335676 0.0104214 -2.58498e-07 -1.61529e-09 -2.58498e-07 1.03522e-06 
107
0.544182
0.0668832
0.00817741
0.0120818 -0.00033563 -1.61836e-09 -0.00033563 0.0104214 -2.58487e-07 -1.61836e-09 -2.58487e-07 1.03522e-06 
108
0.549668
0.0654742
0.00889705
0.0120818 -0.000335603 -1.60598e-09 -0.000335603 0.0104214 -2.58476e-07 -1.60598e-09 -2.58476e-07 1.03522e-06 
109
0.554054
0.0648969
0.00695217
0.0120819 -0.000335581 -1.59019e-09 -0.000335581 0.0104214 -2.58462e-07 -1.59019e-09 -2.58462e-07 1.03522e-06 
110
0.559399
0.0656469
0.00158903
0.0120818 -0.000335603 -1.59808e-09 -0.000335603 0.0104214 -2.5845e-07 -1.59808e-09 -2.5845e-07 1.03522e-06 
111
0.564264
0.0666595
0.00152161
0.0120818 -0.000335697 -1.64447e-09 -0.000335697 0.0104214 -2.58436e-07 -1.64447e-09 -2.58436e-07 1.03522e-06 
112
0.56833
0.0664341
0.00542803
0.0120818 -0.000335734 -1.66294e-09 -0.000335734 0.0104214 -2.58423e-07 -1.66294e-09 -2.58423e-07 1.03522e-06 
113
0.570706
0.0661845
0.00764131
0.0120818 -0.000335686 -1.63753e-09 -0.000335686 0.0104214 -2.58412e-07 -1.63753e-09 -2.58412e-07 1.03522e-06 
114
0.574304
0.0653414
0.00836231
0.0120818 -0.000335633 -1.61243e-09 -0.000335633 0.0104214 -2.58405e-07 -1.61243e-09 -2.58405e-07 1.03522e-06 
115
0.581899
0.0686112
0.00640483
0.0120818 -0.000335601 -1.59651e-09 -0.000335601 0.0104214 -2.58396e-07 -1.59651e-09 -2.58396e-07 1.03522e-06 
116
0.585105
0.070555
0.00567895
0.0120818 -0.00033562 -1.62049e-09 -0.00033562 0.0104214 -2.58377e-07 -1.62049e-09 -2.58377e-07 1.03522e-06 
117
0.588036
0.0705472
0.00417234
0.0120818 -0.000335638 -1.63906e-09 -0.000335638 0.0104214 -2.58367e-07 -1.63906e-09 -2.58367e-07 1.03522e-06 
118
0.59297
0.0703057
0.00571173
0.0120818 -0.000335669 -1.65444e-09 -0.000335669 0.0104214 -2.58359e-07 -1.65444e-09 -2.58359e-07 1.03522e-06 
119
0.594437
0.0724845
0.008194
0.0120818 -0.000335657 -1.64645e-09 -0.000335657 0.0104214 -2.58346e-07 -1.64645e-09 -2.58346e-07 1.03522e-06 
120
0.595396
0.0729526
0.0115298
0.0120818 -0.000335613 -1.63431e-09 -0.000335613 0.0104214 -2.58342e-07 -1.63431e-09 -2.58342e-07 1.03522e-06 
121
0.596553
0.0748359
0.0118417
0.0120819 -0.000335543 -1.60606e-09 -0.000335543 0.0104213 -2.58339e-07 -1.60606e-09 -2.58339e-07 1.03522e-06 
122
0.597873
0.0764448
0.0096273
0.0120819 -0.000335511 -1.60227e-09 -0.000335511 0.0104213 -2.58336e-07 -1.60227e-09 -2.58336e-07 1.03522e-06 
123
0.599369
0.0755562
0.0117337
0.0120819 -0.000335535 -1.62308e-09 -0.000335535 0.0104213 -2.58333e-07 -1.62308e-09 -2.58333e-07 1.03522e-06 
124
0.601669
0.0760592
0.0146927
0.0120819 -0.00033551 -1.60839e-09 -0.00033551 0.0104213 -2.58329e-07 -1.60839e-09 -2.58329e-07 1.03522e-06 
125
0.601763
0.074749
0.014803
0.0120819 -0.000335454 -1.58384e-09 -0.000335454 0.0104213 -2.58323e-07 -1.58384e-09 -2.58323e-07 1.03522e-06 
126
0.603849
0.0756522
0.00785242
0.0120819 -0.000335431 -1.56988e-09 -0.000335431 0.0104213 -2.58323e-07 -1.56988e-09 -2.58323e-07 1.03522e-06 
127
0.607295
0.0739805
0.00479596
0.0120819 -0.000335532 -1.62289e-09 -0.000335532 0.0104213 -2.58317e-07 -1.62289e-09 -2.58317e-07 1.03522e-06 
128
0.613688
0.0725035
0.0064536
0.0120818 -0.000335619 -1.65506e-09 -0.000335619 0.0104214 -2.58308e-07 -1.65506e-09 -2.58308e-07 1.03522e-06 
129
0.61811
0.0726369
0.00760236
0.0120818 -0.000335626 -1.64766e-09 -0.000335626 0.0104214 -2.58292e-07 -1.64766e-09 -2.58292e-07 1.03522e-06 
130
0.622253
0.0732266
0.00834034
0.0120818 -0.00033561 -1.63891e-09 -0.00033561 0.0104214 -2.5828e-07 -1.63891e-09 -2.5828e-07 1.03522e-06 
131
0.629346
0.0723641
0.00763014
0.0120818 -0.000335593 -1.63388e-09 -0.000335593 0.0104214 -2.58268e-07 -1.63388e-09 -2.58268e-07 1.03522e-06 
132
0.636294
0.0718714
0.00572729
0.0120818 -0.000335597 -1.63433e-09 -0.000335597 0.0104214 -2.5825e-07 -1.63433e-09 -2.5825e-07 1.03522e-06 
133
0.643187
0.0724976
0.00705364
0.0120818 -0.000335629 -1.64773e-09 -0.000335629 0.0104214 -2.58231e-07 -1.64773e-09 -2.58231e-07 1.03522e-06 
134
0.649339
0.0723028
0.0076831
0.0120818 -0.00033562 -1.64492e-09 -0.00033562 0.0104214 -2.58213e-07 -1.64492e-09 -2.58213e-07 1.03522e-06 
135
0.654746
0.0729412
0.00643941
0.0120818 -0.000335607 -1.63832e-09 -0.000335607 0.0104214 -2.58197e-07 -1.63832e-09 -2.58197e-07 1.03522e-06 
136
0.65994
0.0734812
0.00771862
0.0120818 -0.000335622 -1.64857e-09 -0.000335622 0.0104214 -2.58182e-07 -1.64857e-09 -2.58182e-07 1.03522e-06 
137
0.664237
0.074301
0.00661382
0.0120818 -0.000335607 -1.64403e-09 -0.000335607 0.0104214 -2.58168e-07 -1.64403e-09 -2.58168e-07 1.03522e-06 
138
0.668611
0.0745609
0.00939248
0.0120818 -0.000335619 -1.65388e-09 -0.000335619 0.0104214 -2.58156e-07 -1.65388e-09 -2.58156e-07 1.03522e-06 
139
0.669781
0.0726287
0.011835
0.0120819 -0.000335579 -1.63643e-09 -0.000335579 0.0104214 -2.58145e-07 -1.63643e-09 -2.58145e-07 1.03522e-06 
140
0.672936
0.0714447
0.0123071
0.0120819 -0.000335525 -1.6044e-09 -0.000335525 0.0104213 -2.58141e-07 -1.6044e-09 -2.58141e-07 1.03522e-06 
141
0.675922
0.0726139
0.010144
0.0120819 -0.000335497 -1.5874e-09 -0.000335497 0.0104213 -2.58134e-07 -1.5874e-09 -2.58134e-07 1.03522e-06 
142
0.680178
0.0735611
0.00947161
0.0120819 -0.000335521 -1.60431e-09 -0.000335521 0.0104213 -2.58125e-07 -1.60431e-09 -2.58125e-07 1.03522e-06 
143
0.685977
0.0746664
0.00848833
0.0120819 -0.000335541 -1.61778e-09 -0.000335541 0.0104213 -2.58114e-07 -1.61778e-09 -2.58114e-07 1.03522e-06 
144
0.689152
0.0746289
0.0108192
0.0120819 -0.000335564 -1.63327e-09 -0.000335564 0.0104214 -2.58099e-07 -1.63327e-09 -2.58099e-07 1.03522e-06 
145
0.694688
0.0725419
0.011292
0.0120819 -0.000335536 -1.61945e-09 -0.000335536 0.0104213 -2.5809e-07 -1.61945e-09 -2.5809e-07 1.03522e-06 
146
0.700138
0.0739862
0.00979812
0.0120819 -0.000335517 -1.60336e-09 -0.000335517 0.0104213 -2.58076e-07 -1.60336e-09 -2.58076e-07 1.03522e-06 
147
0.707409
0.0730171
0.0100451
0.0120819 -0.000335534 -1.61729e-09 -0.000335534 0.0104213 -2.58061e-07 -1.61729e-09 -2.58061e-07 1.03522e-06 
148
0.714793
0.0718829
0.00957544
0.0120819 -0.000335537 -1.6152e-09 -0.000335537 0.0104213 -2.58043e-07 -1.6152e-09 -2.58043e-07 1.03522e-06 
149
0.721661
0.0725016
0.0127262
0.0120819 -0.000335545 -1.61408e-09 -0.000335545 0.0104213 -2.58023e-07 -1.61408e-09 -2.58023e-07 1.03522e-06 
150
0.727209
0.0744474
0.015061
0.0120819 -0.000335498 -1.59347e-09 -0.000335498 0.0104213 -2.58005e-07 -1.59347e-09 -2.58005e-07 1.03522e-06 
151
0.73187
0.0751399
0.0164056
0.0120819 -0.000335443 -1.57741e-09 -0.000335443 0.0104213 -2.5799e-07 -1.57741e-09 -2.5799e-07 1.03522e-06 
152
0.738544
0.0746254
0.0166453
0.0120819 -0.000335401 -1.56401e-09 -0.000335401 0.0104213 -2.57977e-07 -1.56401e-09 -2.57977e-07 1.03522e-06 
153
0.744731
0.0762571
0.0132029
0.012082 -0.000335381 -1.55547e-09 -0.000335381 0.0104213 -2.5796e-07 -1.55547e-09 -2.5796e-07 1.03522e-06 
154
0.751255
0.0773651
0.0145482
0.0120819 -0.000335428 -1.58574e-09 -0.000335428 0.0104213 -2.57943e-07 -1.58574e-09 -2.57943e-07 1.03522e-06 
155
0.756199
0.0757129
0.0204639
0.0120819 -0.000335425 -1.58823e-09 -0.000335425 0.0104213 -2.57926e-07 -1.58823e-09 -2.57926e-07 1.03522e-06 
156
0.761521
0.0779189
0.023577
0.012082 -0.00033533 -1.53663e-09 -0.00033533 0.0104213 -2.57913e-07 -1.53663e-09 -2.57913e-07 1.03522e-06 
157
0.766711
0.0803655
0.0230837
0.012082 -0.000335244 -1.50756e-09 -0.000335244 0.0104212 -2.57899e-07 -1.50756e-09 -2.57899e-07 1.03522e-06 
158
0.773297
0.0824957
0.022496
0.012082 -0.000335219 -1.51143e-09 -0.000335219 0.0104212 -2.57885e-07 -1.51143e-09 -2.57885e-07 1.03522e-06 
159
0.777676
0.0840085
0.0259707
0.0120821 -0.000335219 -1.52378e-09 -0.000335219 0.0104212 -2.57868e-07 -1.52378e-09 -2.57868e-07 1.03522e-06 
160
0.783763
0.0837499
0.0288226
0.0120821 -0.000335164 -1.50557e-09 -0.000335164 0.0104212 -2.57856e-07 -1.50557e-09 -2.57856e-07 1.03522e-06 
161
0.790477
0.0861258
0.0297299
0.0120821 -0.000335098 -1.47625e-09 -0.000335098 0.0104212 -2.5784e-07 -1.47625e-09 -2.5784e-07 1.03522e-06 
162
0.79563
0.0886804
0.0286013
0.0120821 -0.000335058 -1.47021e-09 -0.000335058 0.0104212 -2.57823e-07 -1.47021e-09 -2.57823e-07 1.03522e-06 
163
0.799987
0.0860187
0.0282275
0.0120821 -0.000335061 -1.48596e-09 -0.000335061 0.0104212 -2.57808e-07 -1.48596e-09 -2.57808e-07 1.03522e-06 
164
0.805636
0.0834021
0.0260727
0.0120821 -0.000335068 -1.48084e-09 -0.000335068 0.0104212 -2.57797e-07 -1.48084e-09 -2.57797e-07 1.03522e-06 
165
0.813655
0.0833799
0.0252525
0.0120821 -0.000335105 -1.48633e-09 -0.000335105 0.0104212 -2.57782e-07 -1.48633e-09 -2.57782e-07 1.03522e-06 
166
0.818431
0.0846776
0.0246682
0.0120821 -0.000335132 -1.49635e-09 -0.000335132 0.0104212 -2.57761e-07 -1.49635e-09 -2.57761e-07 1.03522e-06 
167
0.824736
0.0860863
0.023271
0.0120821 -0.000335152 -1.5098e-09 -0.000335152 0.0104212 -2.57748e-07 -1.5098e-09 -2.57748e-07 1.03522e-06 
168
0.829393
0.0871262
0.0252642
0.0120821 -0.000335181 -1.53003e-09 -0.000335181 0.0104212 -2.57731e-07 -1.53003e-09 -2.57731e-07 1.03522e-06 
169
0.836063
0.0868264
0.0263496
0.0120821 -0.000335161 -1.52491e-09 -0.000335161 0.0104212 -2.57718e-07 -1.52491e-09 -2.57718e-07 1.03522e-06 
170
0.839694
0.0876113
0.0261706
0.0120821 -0.000335136 -1.51352e-09 -0.000335136 0.0104212 -2.57701e-07 -1.51352e-09 -2.57701e-07 1.03522e-06 
171
0.843688
0.0861268
0.0240892
0.0120821 -0.000335129 -1.51487e-09 -0.000335129 0.0104212 -2.57691e-07 -1.51487e-09 -2.57691e-07 1.03522e-06 
172
0.843619
0.0857178
0.0219405
0.0120821 -0.00033516 -1.52445e-09 -0.00033516 0.0104212 -2.5768e-07 -1.52445e-09 -2.5768e-07 1.03522e-06 
173
0.847197
0.0841055
0.0201059
0.0120821 -0.000335205 -1.54266e-09 -0.000335205 0.0104212 -2.57679e-07 -1.54266e-09 -2.57679e-07 1.03522e-06 
174
0.84919
0.0840332
0.0159865
0.012082 -0.000335252 -1.55602e-09 -0.000335252 0.0104213 -2.5767e-07 -1.55602e-09 -2.5767e-07 1.03522e-06 
175
0.850668
0.0826465
0.011452
0.012082 -0.000335335 -1.59229e-09 -0.000335335 0.0104213 -2.57664e-07 -1.59229e-09 -2.57664e-07 1.03522e-06 
176
0.853626
0.0798033
0.00950111
0.0120819 -0.000335439 -1.63253e-09 -0.000335439 0.0104213 -2.5766e-07 -1.63253e-09 -2.5766e-07 1.03522e-06 
177
0.854738
0.077364
0.00745726
0.0120819 -0.000335509 -1.64924e-09 -0.000335509 0.0104213 -2.57652e-07 -1.64924e-09 -2.57652e-07 1.03522e-06 
178
0.858852
0.0769549
0.00437245
0.0120819 -0.000335568 -1.66236e-09 -0.000335568 0.0104214 -2.57649e-07 -1.66236e-09 -2.57649e-07 1.03522e-06 
179
0.860562
0.0802015
0.00214755
0.0120818 -0.00033564 -1.69065e-09 -0.00033564 0.0104214 -2.57638e-07 -1.69065e-09 -2.57638e-07 1.03522e-06 
180
0.862152
0.0787504
0.00106926
0.0120818 -0.000335702 -1.73045e-09 -0.000335702 0.0104214 -2.57633e-07 -1.73045e-09 -2.57633e-07 1.03522e-06 
181
0.865475
0.0777888
0.00224551
0.0120818 -0.000335743 -1.74332e-09 -0.000335743 0.0104214 -2.57628e-07 -1.74332e-09 -2.57628e-07 1.03522e-06 
182
0.867848
0.0777657
-0.000734895
0.0120818 -0.00033574 -1.73546e-09 -0.00033574 0.0104214 -2.5762e-07 -1.73546e-09 -2.5762e-07 1.03522e-06 
183
0.872315
0.0792097
-0.0074572
0.0120817 -0.000335786 -1.75621e-09 -0.000335786 0.0104214 -2.57613e-07 -1.75621e-09 -2.57613e-07 1.03522e-06 
184
0.872475
0.0798827
-0.00787478
0.0120817 -0.00033591 -1.81966e-09 -0.00033591 0.0104215 -2.57601e-07 -1.81966e-09 -2.57601e-07 1.03522e-06 
185
0.876513
0.0766679
-0.00503971
0.0120817 -0.000335964 -1.84391e-09 -0.000335964 0.0104215 -2.57599e-07 -1.84391e-09 -2.57599e-07 1.03522e-06 
186
0.874617
0.0764784
-0.0058806
0.0120817 -0.00033594 -1.81597e-09 -0.00033594 0.0104215 -2.5759e-07 -1.81597e-09 -2.5759e-07 1.03522e-06 
187
0.878653
0.0720351
-0.0115529
0.0120817 -0.000335943 -1.81497e-09 -0.000335943 0.0104215 -2.57594e-07 -1.81497e-09 -2.57594e-07 1.03522e-06 
188
0.881403
0.0766537
-0.0117699
0.0120816 -0.000336035 -1.84014e-09 -0.000336035 0.0104215 -2.57584e-07 -1.84014e-09 -2.57584e-07 1.03522e-06 
189
0.881144
0.0762176
-0.0080532
0.0120816 -0.000336073 -1.87098e-09 -0.000336073 0.0104215 -2.57576e-07 -1.87098e-09 -2.57576e-07 1.03522e-06 
190
0.883693
0.0753052
-0.00247502
0.0120816 -0.000336029 -1.84772e-09 -0.000336029 0.0104215 -2.57576e-07 -1.84772e-09 -2.57576e-07 1.03522e-06 
191
0.88534
0.0720607
-0.000828516
0.0120817 -0.000335923 -1.79473e-09 -0.000335923 0.0104215 -2.57571e-07 -1.79473e-09 -2.57571e-07 1.03522e-06 
192
0.890309
0.0712012
-0.00161754
0.0120817 -0.000335857 -1.75318e-09 -0.000335857 0.0104215 -2.57566e-07 -1.75318e-09 -2.57566e-07 1.03522e-06 
193
0.892853
0.0704472
-0.00591204
0.0120817 -0.000335844 -1.74483e-09 -0.000335844 0.0104214 -2.57554e-07 -1.74483e-09 -2.57554e-07 1.03522e-06 
194
0.897178
0.0733275
-0.00849937
0.0120817 -0.000335908 -1.77195e-09 -0.000335908 0.0104215 -2.57546e-07 -1.77195e-09 -2.57546e-07 1.03522e-06 
195
0.900731
0.0731618
-0.00589006
0.0120816 -0.000335973 -1.81172e-09 -0.000335973 0.0104215 -2.57535e-07 -1.81172e-09 -2.57535e-07 1.03522e-06 
196
0.905283
0.0693728
-0.000620722
0.0120817 -0.000335956 -1.80157e-09 -0.000335956 0.0104215 -2.57525e-07 -1.80157e-09 -2.57525e-07 1.03522e-06 
197
0.907275
0.0686034
-0.00839492
0.0120817 -0.000335866 -1.74292e-09 -0.000335866 0.0104215 -2.57514e-07 -1.74292e-09 -2.57514e-07 1.03522e-06 
198
0.910151
0.0694728
-0.0101209
0.0120817 -0.000335955 -1.7831e-09 -0.000335955 0.0104215 -2.57508e-07 -1.7831e-09 -2.57508e-07 1.03522e-06 
199
0.910941
0.0711863
-0.00339413
0.0120816 -0.000336017 -1.81266e-09 -0.000336017 0.0104215 -2.575e-07 -1.81266e-09 -2.575e-07 1.03522e-06 
200
0.91018
0.0719532
0.00278154
0.0120817 -0.000335933 -1.77706e-09 -0.000335933 0.0104215 -2.57498e-07 -1.77706e-09 -2.57498e-07 1.03522e-06 
201
0.908064
0.0721434
0.00387006
0.0120817 -0.000335804 -1.7215e-09 -0.000335804 0.0104214 -2.575e-07 -1.7215e-09 -2.575e-07 1.03522e-06 
202
0.90909
0.0715464
-0.00251092
0.0120818 -0.000335737 -1.69642e-09 -0.000335737 0.0104214 -2.57505e-07 -1.69642e-09 -2.57505e-07 1.03522e-06 
203
0.911024
0.0722998
-0.00578368
0.0120817 -0.000335813 -1.73377e-09 -0.000335813 0.0104214 -2.57503e-07 -1.73377e-09 -2.57503e-07 1.03522e-06 
204
0.909935
0.0705279
-0.00495711
0.0120817 -0.000335894 -1.77284e-09 -0.000335894 0.0104215 -2.57498e-07 -1.77284e-09 -2.57498e-07 1.03522e-06 
205
0.912652
0.0690796
-0.00244787
0.0120817 -0.000335911 -1.77049e-09 -0.000335911 0.0104215 -2.575e-07 -1.77049e-09 -2.575e-07 1.03522e-06 
206
0.910789
0.0689184
-0.00397057
0.0120817 -0.000335878 -1.74609e-09 -0.000335878 0.0104215 -2.57494e-07 -1.74609e-09 -2.57494e-07 1.03522e-06 
207
0.915509
0.06656
-0.00497936
0.0120817 -0.00033589 -1.75091e-09 -0.00033589 0.0104215 -2.57498e-07 -1.75091e-09 -2.57498e-07 1.03522e-06 
208
0.915516
0.070317
-0.00232039
0.0120817 -0.00033591 -1.75102e-09 -0.00033591 0.0104215 -2.57487e-07 -1.75102e-09 -2.57487e-07 1.03522e-06 
209
0.913888
0.0686143
-0.00635449
0.0120817 -0.000335876 -1.74782e-09 -0.000335876 0.0104215 -2.57486e-07 -1.74782e-09 -2.57486e-07 1.03522e-06 
210
0.918733
0.0685381
-0.00701213
0.0120817 -0.000335927 -1.76823e-09 -0.000335927 0.0104215 -2.57489e-07 -1.76823e-09 -2.57489e-07 1.03522e-06 
211
0.919028
0.0692304
-0.00136746
0.0120817 -0.000335957 -1.78018e-09 -0.000335957 0.0104215 -2.57478e-07 -1.78018e-09 -2.57478e-07 1.03522e-06 
212
0.920769
0.0670943
0.00567089
0.0120817 -0.000335878 -1.74417e-09 -0.000335878 0.0104215 -2.57477e-07 -1.74417e-09 -2.57477e-07 1.03522e-06 
213
0.920653
0.0683231
0.00409229
0.0120818 -0.000335737 -1.67076e-09 -0.000335737 0.0104214 -2.57473e-07 -1.67076e-09 -2.57473e-07 1.03522e-06 
214
0.920025
0.0677105
-0.00385205
0.0120818 -0.000335708 -1.66656e-09 -0.000335708 0.0104214 -2.57473e-07 -1.66656e-09 -2.57473e-07 1.03522e-06 
215
0.920485
0.0680033
-0.00830267
0.0120817 -0.000335823 -1.72192e-09 -0.000335823 0.0104214 -2.57474e-07 -1.72192e-09 -2.57474e-07 1.03522e-06 
216
0.920426
0.0652599
-0.0104664
0.0120817 -0.000335938 -1.77351e-09 -0.000335938 0.0104215 -2.57472e-07 -1.77351e-09 -2.57472e-07 1.03522e-06 
217
0.922863
0.0642775
-0.00913328
0.0120816 -0.000336016 -1.79408e-09 -0.000336016 0.0104215 -2.57472e-07 -1.79408e-09 -2.57472e-07 1.03522e-06 
218
0.925976
0.0632367
-0.000487052
0.0120816 -0.000336024 -1.78865e-09 -0.000336024 0.0104215 -2.57466e-07 -1.78865e-09 -2.57466e-07 1.03522e-06 
219
0.930849
0.0651933
0.00219736
0.0120817 -0.00033589 -1.71903e-09 -0.00033589 0.0104215 -2.57459e-07 -1.71903e-09 -2.57459e-07 1.03522e-06 
220
0.931733
0.0663375
0.000770055
0.0120817 -0.000335797 -1.6868e-09 -0.000335797 0.0104214 -2.57447e-07 -1.6868e-09 -2.57447e-07 1.03522e-06 
221
0.933108
0.0653883
-0.00560807
0.0120817 -0.000335784 -1.69128e-09 -0.000335784 0.0104214 -2.57443e-07 -1.69128e-09 -2.57443e-07 1.03522e-06 
222
0.935291
0.0665024
-0.0109131
0.0120817 -0.00033588 -1.73556e-09 -0.00033588 0.0104215 -2.57439e-07 -1.73556e-09 -2.57439e-07 1.03522e-06 
223
0.93667
0.0655998
-0.00914431
0.0120816 -0.000336001 -1.79395e-09 -0.000336001 0.0104215 -2.57433e-07 -1.79395e-09 -2.57433e-07 1.03522e-06 
224
0.938182
0.0659798
-0.00985289
0.0120816 -0.000336019 -1.79409e-09 -0.000336019 0.0104215 -2.57429e-07 -1.79409e-09 -2.57429e-07 1.03522e-06 
225
0.939166
0.066945
-0.00693366
0.0120816 -0.000336037 -1.8018e-09 -0.000336037 0.0104215 -2.57425e-07 -1.8018e-09 -2.57425e-07 1.03522e-06 
226
0.938296
0.06582
-0.00497185
0.0120816 -0.000335997 -1.78647e-09 -0.000335997 0.0104215 -2.57423e-07 -1.78647e-09 -2.57423e-07 1.03522e-06 
227
0.940397
0.0631329
-0.0117765
0.0120817 -0.000335951 -1.76189e-09 -0.000335951 0.0104215 -2.57425e-07 -1.76189e-09 -2.57425e-07 1.03522e-06 
228
0.94462
0.0630462
-0.0127018
0.0120816 -0.000336041 -1.79559e-09 -0.000336041 0.0104215 -2.57419e-07 -1.79559e-09 -2.57419e-07 1.03522e-06 
229
0.948055
0.0643842
-0.00415937
0.0120816 -0.00033609 -1.81442e-09 -0.00033609 0.0104215 -2.57408e-07 -1.81442e-09 -2.57408e-07 1.03522e-06 
230
0.94684
0.0669569
0.00268151
0.0120816 -0.000335974 -1.7613e-09 -0.000335974 0.0104215 -2.574e-07 -1.7613e-09 -2.574e-07 1.03522e-06 
231
0.947325
0.0672833
0.00812599
0.0120817 -0.000335821 -1.70307e-09 -0.000335821 0.0104214 -2.57403e-07 -1.70307e-09 -2.57403e-07 1.03522e-06 
232
0.945631
0.0691765
0.0069829
0.0120818 -0.000335676 -1.64351e-09 -0.000335676 0.0104214 -2.57402e-07 -1.64351e-09 -2.57402e-07 1.03522e-06 
233
0.944347
0.0707417
0.000381664
0.0120818 -0.000335639 -1.64057e-09 -0.000335639 0.0104214 -2.57406e-07 -1.64057e-09 -2.57406e-07 1.03522e-06 
234
0.944649
0.0694823
0.000498309
0.0120818 -0.00033573 -1.69387e-09 -0.00033573 0.0104214 -2.57409e-07 -1.69387e-09 -2.57409e-07 1.03522e-06 
235
0.944338
0.0683238
0.00725894
0.0120818 -0.000335762 -1.70214e-09 -0.000335762 0.0104214 -2.57409e-07 -1.70214e-09 -2.57409e-07 1.03522e-06 
236
0.94243
0.0652686
0.0111046
0.0120818 -0.000335668 -1.64917e-09 -0.000335668 0.0104214 -2.5741e-07 -1.64917e-09 -2.5741e-07 1.03522e-06 
237
0.943922
0.0639233
0.0119431
0.0120819 -0.000335571 -1.5923e-09 -0.000335571 0.0104214 -2.57415e-07 -1.5923e-09 -2.57415e-07 1.03522e-06 
238
0.940279
0.0678459
0.0134644
0.0120819 -0.00033552 -1.56532e-09 -0.00033552 0.0104213 -2.57412e-07 -1.56532e-09 -2.57412e-07 1.03522e-06 
239
0.941333
0.0687379
0.0144161
0.0120819 -0.000335477 -1.56242e-09 -0.000335477 0.0104213 -2.57421e-07 -1.56242e-09 -2.57421e-07 1.03522e-06 
240
0.939354
0.0731707
0.0176993
0.0120819 -0.000335446 -1.55555e-09 -0.000335446 0.0104213 -2.57419e-07 -1.55555e-09 -2.57419e-07 1.03522e-06 
241
0.936955
0.0709632
0.0201058
0.012082 -0.000335381 -1.54551e-09 -0.000335381 0.0104213 -2.57424e-07 -1.54551e-09 -2.57424e-07 1.03522e-06 
242
0.936349
0.0730825
0.0235996
0.012082 -0.000335319 -1.51202e-09 -0.000335319 0.0104213 -2.5743e-07 -1.51202e-09 -2.5743e-07 1.03522e-06 
243
0.933606
0.0739374
0.0264736
0.012082 -0.00033524 -1.48479e-09 -0.00033524 0.0104212 -2.57433e-07 -1.48479e-09 -2.57433e-07 1.03522e-06 
244
0.930935
0.0756
0.0218098
0.0120821 -0.000335164 -1.45686e-09 -0.000335164 0.0104212 -2.5744e-07 -1.45686e-09 -2.5744e-07 1.03522e-06 
245
0.930526
0.074985
0.0104711
0.0120821 -0.000335209 -1.48948e-09 -0.000335209 0.0104212 -2.57446e-07 -1.48948e-09 -2.57446e-07 1.03522e-06 
246
0.934068
0.0772812
0.0220502
0.012082 -0.000335406 -1.5817e-09 -0.000335406 0.0104213 -2.57447e-07 -1.5817e-09 -2.57447e-07 1.03522e-06 
247
0.935663
0.0787346
0.0393873
0.012082 -0.000335298 -1.53198e-09 -0.000335298 0.0104213 -2.5744e-07 -1.53198e-09 -2.5744e-07 1.03522e-06 
248
0.934387
0.0839192
0.0429934
0.0120822 -0.000334981 -1.39073e-09 -0.000334981 0.0104212 -2.57436e-07 -1.39073e-09 -2.57436e-07 1.03522e-06 
249
0.932323
0.0880506
0.0396901
0.0120823 -0.000334803 -1.34117e-09 -0.000334803 0.0104211 -2.57439e-07 -1.34117e-09 -2.57439e-07 1.03522e-06 
250
0.931174
0.0880878
0.0359748
0.0120823 -0.000334788 -1.36425e-09 -0.000334788 0.0104211 -2.57444e-07 -1.36425e-09 -2.57444e-07 1.03522e-06 
251
0.932732
0.0885868
0.0314079
0.0120823 -0.000334841 -1.39534e-09 -0.000334841 0.0104211 -2.57447e-07 -1.39534e-09 -2.57447e-07 1.03522e-06 
252
0.93168
0.0887556
0.031641
0.0120822 -0.000334934 -1.44026e-09 -0.000334934 0.0104211 -2.57443e-07 -1.44026e-09 -2.57443e-07 1.03522e-06 
253
0.932301
0.0882484
0.0377252
0.0120822 -0.000334966 -1.45244e-09 -0.000334966 0.0104212 -2.57445e-07 -1.45244e-09 -2.57445e-07 1.03522e-06 
254
0.931767
0.0888306
0.0447196
0.0120822 -0.000334881 -1.40832e-09 -0.000334881 0.0104211 -2.57445e-07 -1.40832e-09 -2.57445e-07 1.03522e-06 
255
0.92806
0.0893376
0.0450314
0.0120823 -0.000334738 -1.34537e-09 -0.000334738 0.0104211 -2.57446e-07 -1.34537e-09 -2.57446e-07 1.03522e-06 
256
0.929049
0.0894615
0.0378195
0.0120823 -0.000334678 -1.3261e-09 -0.000334678 0.0104211 -2.57455e-07 -1.3261e-09 -2.57455e-07 1.03522e-06 
257
0.931417
0.0897135
0.040611
0.0120823 -0.00033477 -1.37505e-09 -0.00033477 0.0104211 -2.57453e-07 -1.37505e-09 -2.57453e-07 1.03522e-06 
258
0.931034
0.0881631
0.0482663
0.0120823 -0.000334761 -1.36969e-09 -0.000334761 0.0104211 -2.57448e-07 -1.36969e-09 -2.57448e-07 1.03522e-06 
259
0.931771
0.0889584
0.0482878
0.0120824 -0.000334636 -1.30369e-09 -0.000334636 0.010421 -2.57449e-07 -1.30369e-09 -2.57449e-07 1.03522e-06 
260
0.936127
0.0896882
0.0393243
0.0120824 -0.000334588 -1.28831e-09 -0.000334588 0.010421 -2.57447e-07 -1.28831e-09 -2.57447e-07 1.03522e-06 
261
0.940976
0.0904527
0.0398132
0.0120823 -0.000334712 -1.35457e-09 -0.000334712 0.0104211 -2.57435e-07 -1.35457e-09 -2.57435e-07 1.03522e-06 
262
0.944681
0.0915837
0.0462792
0.0120823 -0.000334751 -1.37385e-09 -0.000334751 0.0104211 -2.57423e-07 -1.37385e-09 -2.57423e-07 1.03522e-06 
263
0.943777
0.0921034
0.0405764
0.0120824 -0.000334664 -1.33527e-09 -0.000334664 0.0104211 -2.57413e-07 -1.33527e-09 -2.57413e-07 1.03522e-06 
264
0.948925
0.0922348
0.0384537
0.0120823 -0.000334721 -1.36854e-09 -0.000334721 0.0104211 -2.57414e-07 -1.36854e-09 -2.57414e-07 1.03522e-06 
265
0.951964
0.0949348
0.0456233
0.0120823 -0.000334776 -1.39554e-09 -0.000334776 0.0104211 -2.57401e-07 -1.39554e-09 -2.57401e-07 1.03522e-06 
266
0.955668
0.093777
0.052362
0.0120823 -0.000334684 -1.36077e-09 -0.000334684 0.0104211 -2.57393e-07 -1.36077e-09 -2.57393e-07 1.03522e-06 
267
0.956128
0.0969773
0.0561274
0.0120824 -0.000334542 -1.29313e-09 -0.000334542 0.010421 -2.57384e-07 -1.29313e-09 -2.57384e-07 1.03522e-06 
268
0.956476
0.0971605
0.0516538
0.0120825 -0.000334427 -1.25761e-09 -0.000334427 0.010421 -2.57382e-07 -1.25761e-09 -2.57382e-07 1.03522e-06 
269
0.958716
0.097641
0.0470194
0.0120825 -0.000334455 -1.27924e-09 -0.000334455 0.010421 -2.57381e-07 -1.27924e-09 -2.57381e-07 1.03522e-06 
270
0.958517
0.0978953
0.0427216
0.0120824 -0.000334539 -1.32202e-09 -0.000334539 0.010421 -2.57375e-07 -1.32202e-09 -2.57375e-07 1.03522e-06 
271
0.961392
0.0979666
0.0427601
0.0120824 -0.000334639 -1.36787e-09 -0.000334639 0.010421 -2.57375e-07 -1.36787e-09 -2.57375e-07 1.03522e-06 
272
0.962199
0.0983179
0.0448067
0.0120824 -0.000334677 -1.38192e-09 -0.000334677 0.0104211 -2.57368e-07 -1.38192e-09 -2.57368e-07 1.03522e-06 
273
0.965252
0.0969557
0.0466849
0.0120824 -0.000334659 -1.37277e-09 -0.000334659 0.0104211 -2.57365e-07 -1.37277e-09 -2.57365e-07 1.03522e-06 
274
0.965519
0.0976586
0.0444935
0.0120824 -0.000334622 -1.35076e-09 -0.000334622 0.010421 -2.57358e-07 -1.35076e-09 -2.57358e-07 1.03522e-06 
275
0.966012
0.10147
0.0437349
0.0120824 -0.000334643 -1.36473e-09 -0.000334643 0.010421 -2.57356e-07 -1.36473e-09 -2.57356e-07 1.03522e-06 
276
0.968614
0.105687
0.0461441
0.0120824 -0.000334663 -1.3903e-09 -0.000334663 0.0104211 -2.57355e-07 -1.3903e-09 -2.57355e-07 1.03522e-06 
277
0.968593
0.106752
0.0491235
0.0120824 -0.000334632 -1.39486e-09 -0.000334632 0.010421 -2.57348e-07 -1.39486e-09 -2.57348e-07 1.03522e-06 
278
0.97195
0.106198
0.043961
0.0120824 -0.000334573 -1.37511e-09 -0.000334573 0.010421 -2.57348e-07 -1.37511e-09 -2.57348e-07 1.03522e-06 
279
0.972102
0.109034
0.039159
0.0120824 -0.000334633 -1.40495e-09 -0.000334633 0.010421 -2.57339e-07 -1.40495e-09 -2.57339e-07 1.03522e-06 
280
0.976358
0.107176
0.0395243
0.0120823 -0.000334732 -1.46185e-09 -0.000334732 0.0104211 -2.57338e-07 -1.46185e-09 -2.57338e-07 1.03522e-06 
281
0.978089
0.106905
0.0447487
0.0120823 -0.000334764 -1.46714e-09 -0.000334764 0.0104211 -2.57327e-07 -1.46714e-09 -2.57327e-07 1.03522e-06 
282
0.981275
0.105863
0.0452126
0.0120823 -0.000334693 -1.42932e-09 -0.000334693 0.0104211 -2.57323e-07 -1.42932e-09 -2.57323e-07 1.03522e-06 
283
0.983165
0.113244
0.0422631
0.0120824 -0.000334658 -1.41074e-09 -0.000334658 0.0104211 -2.57315e-07 -1.41074e-09 -2.57315e-07 1.03522e-06 
284
0.984061
0.115766
0.0413378
0.0120823 -0.000334692 -1.4583e-09 -0.000334692 0.0104211 -2.57309e-07 -1.4583e-09 -2.57309e-07 1.03522e-06 
285
0.986739
0.117066
0.0449125
0.0120823 -0.00033472 -1.48544e-09 -0.00033472 0.0104211 -2.57306e-07 -1.48544e-09 -2.57306e-07 1.03522e-06 
286
0.98673
0.117734
0.0487542
0.0120824 -0.000334673 -1.46967e-09 -0.000334673 0.0104211 -2.57299e-07 -1.46967e-09 -2.57299e-07 1.03522e-06 
287
0.989015
0.116879
0.052929
0.0120824 -0.000334595 -1.43735e-09 -0.000334595 0.010421 -2.57299e-07 -1.43735e-09 -2.57299e-07 1.03522e-06 
288
0.987091
0.118845
0.0540069
0.0120824 -0.000334499 -1.39163e-09 -0.000334499 0.010421 -2.57294e-07 -1.39163e-09 -2.57294e-07 1.03522e-06 
289
0.987256
0.116972
0.052573
0.0120825 -0.000334445 -1.37755e-09 -0.000334445 0.010421 -2.57298e-07 -1.37755e-09 -2.57298e-07 1.03522e-06 
290
0.986454
0.119253
0.0473308
0.0120825 -0.000334447 -1.37477e-09 -0.000334447 0.010421 -2.57298e-07 -1.37477e-09 -2.57298e-07 1.03522e-06 
291
0.982415
0.12046
0.0417426
0.0120824 -0.000334531 -1.42353e-09 -0.000334531 0.010421 -2.573e-07 -1.42353e-09 -2.573e-07 1.03522e-06 
292
0.98163
0.122284
0.0448504
0.0120824 -0.000334652 -1.484e-09 -0.000334652 0.0104211 -2.57309e-07 -1.484e-09 -2.57309e-07 1.03522e-06 
293
0.978196
0.123165
0.0490137
0.0120824 -0.000334649 -1.48541e-09 -0.000334649 0.010421 -2.57312e-07 -1.48541e-09 -2.57312e-07 1.03522e-06 
294
0.977099
0.12117
0.0534853
0.0120824 -0.000334581 -1.45705e-09 -0.000334581 0.010421 -2.57321e-07 -1.45705e-09 -2.57321e-07 1.03522e-06 
295
0.976075
0.121124
0.049206
0.0120825 -0.000334485 -1.40606e-09 -0.000334485 0.010421 -2.57325e-07 -1.40606e-09 -2.57325e-07 1.03522e-06 
296
0.976936
0.123778
0.0420533
0.0120824 -0.000334516 -1.42398e-09 -0.000334516 0.010421 -2.57327e-07 -1.42398e-09 -2.57327e-07 1.03522e-06 
297
0.976472
0.124195
0.0403653
0.0120824 -0.000334641 -1.49454e-09 -0.000334641 0.010421 -2.57325e-07 -1.49454e-09 -2.57325e-07 1.03522e-06 
298
0.978074
0.122296
0.0407497
0.0120823 -0.000334716 -1.52883e-09 -0.000334716 0.0104211 -2.57326e-07 -1.52883e-09 -2.57326e-07 1.03522e-06 
299
0.978497
0.12071
0.0421555
0.0120823 -0.000334738 -1.52844e-09 -0.000334738 0.0104211 -2.57322e-07 -1.52844e-09 -2.57322e-07 1.03522e-06 
300
0.98086
0.118328
0.0412203
0.0120823 -0.000334724 -1.51289e-09 -0.000334724 0.0104211 -2.57321e-07 -1.51289e-09 -2.57321e-07 1.03522e-06 
301
0.981211
0.118609
0.0386594
0.0120823 -0.000334734 -1.50695e-09 -0.000334734 0.0104211 -2.57315e-07 -1.50695e-09 -2.57315e-07 1.03522e-06 
302
0.982282
0.118107
0.0346618
0.0120823 -0.000334778 -1.52769e-09 -0.000334778 0.0104211 -2.57313e-07 -1.52769e-09 -2.57313e-07 1.03522e-06 
303
0.985192
0.117645
0.0278074
0.0120823 -0.000334858 -1.56254e-09 -0.000334858 0.0104211 -2.5731e-07 -1.56254e-09 -2.5731e-07 1.03522e-06 
304
0.985644
0.119707
0.0296602
0.0120822 -0.000334998 -1.62376e-09 -0.000334998 0.0104212 -2.57302e-07 -1.62376e-09 -2.57302e-07 1.03522e-06 
305
0.985401
0.117214
0.0307015
0.0120822 -0.000335021 -1.63727e-09 -0.000335021 0.0104212 -2.573e-07 -1.63727e-09 -2.573e-07 1.03522e-06 
306
0.985661
0.115652
0.03293
0.0120822 -0.000335014 -1.62236e-09 -0.000335014 0.0104212 -2.57301e-07 -1.62236e-09 -2.57301e-07 1.03522e-06 
307
0.983116
0.115587
0.0283029
0.0120822 -0.000334976 -1.59632e-09 -0.000334976 0.0104212 -2.57301e-07 -1.59632e-09 -2.57301e-07 1.03522e-06 
308
0.981405
0.115085
0.0210245
0.0120822 -0.000335034 -1.62436e-09 -0.000335034 0.0104212 -2.57306e-07 -1.62436e-09 -2.57306e-07 1.03522e-06 
309
0.981151
0.113447
0.00889459
0.0120821 -0.000335172 -1.68596e-09 -0.000335172 0.0104212 -2.57311e-07 -1.68596e-09 -2.57311e-07 1.03522e-06 
310
0.984085
0.113041
0.00280029
0.012082 -0.000335417 -1.78995e-09 -0.000335417 0.0104213 -2.57311e-07 -1.78995e-09 -2.57311e-07 1.03522e-06 
311
0.984932
0.110042
0.0066322
0.0120819 -0.000335607 -1.86763e-09 -0.000335607 0.0104214 -2.57303e-07 -1.86763e-09 -2.57303e-07 1.03522e-06 
312
0.988028
0.106825
0.00789154
0.0120818 -0.000335619 -1.85132e-09 -0.000335619 0.0104214 -2.57301e-07 -1.85132e-09 -2.57301e-07 1.03522e-06 
313
0.986674
0.106656
0.000743078
0.0120818 -0.000335603 -1.82668e-09 -0.000335603 0.0104214 -2.57293e-07 -1.82668e-09 -2.57293e-07 1.03522e-06 
314
0.991446
0.103649
-0.00457046
0.0120818 -0.00033571 -1.87532e-09 -0.00033571 0.0104214 -2.57295e-07 -1.87532e-09 -2.57295e-07 1.03522e-06 
315
0.98769
0.107326
-0.00203371
0.0120817 -0.000335836 -1.9188e-09 -0.000335836 0.0104214 -2.57283e-07 -1.9188e-09 -2.57283e-07 1.03522e-06 
316
0.986656
0.10388
-0.00538104
0.0120817 -0.000335843 -1.92961e-09 -0.000335843 0.0104214 -2.57291e-07 -1.92961e-09 -2.57291e-07 1.03522e-06 
317
0.99029
0.105246
-0.0117273
0.0120817 -0.000335899 -1.9424e-09 -0.000335899 0.0104215 -2.57294e-07 -1.9424e-09 -2.57294e-07 1.03522e-06 
318
0.990856
0.105345
-0.0148717
0.0120816 -0.000336021 -2.00185e-09 -0.000336021 0.0104215 -2.57285e-07 -2.00185e-09 -2.57285e-07 1.03522e-06 
319
0.994069
0.103278
-0.0121252
0.0120816 -0.000336117 -2.04304e-09 -0.000336117 0.0104215 -2.57283e-07 -2.04304e-09 -2.57283e-07 1.03522e-06 
320
0.995473
0.103576
-0.0104399
0.0120816 -0.00033611 -2.02633e-09 -0.00033611 0.0104215 -2.57275e-07 -2.02633e-09 -2.57275e-07 1.03522e-06 
321
0.99762
0.102212
-0.0104923
0.0120816 -0.000336081 -2.01091e-09 -0.000336081 0.0104215 -2.57271e-07 -2.01091e-09 -2.57271e-07 1.03522e-06 
322
0.996292
0.102178
-0.0123971
0.0120816 -0.00033607 -2.00098e-09 -0.00033607 0.0104215 -2.57265e-07 -2.00098e-09 -2.57265e-07 1.03522e-06 
323
1.00182
0.0987859
-0.0168951
0.0120816 -0.000336096 -2.01235e-09 -0.000336096 0.0104215 -2.57268e-07 -2.01235e-09 -2.57268e-07 1.03522e-06 
324
1.00401
0.0978537
-0.0164601
0.0120815 -0.000336178 -2.03557e-09 -0.000336178 0.0104216 -2.57254e-07 -2.03557e-09 -2.57254e-07 1.03522e-06 
325
1.00775
0.0952415
-0.0142384
0.0120815 -0.000336202 -2.0372e-09 -0.000336202 0.0104216 -2.57248e-07 -2.0372e-09 -2.57248e-07 1.03522e-06 
326
1.01074
0.0958526
-0.0154705
0.0120815 -0.000336176 -2.01087e-09 -0.000336176 0.0104216 -2.57238e-07 -2.01087e-09 -2.57238e-07 1.03522e-06 
327
1.01332
0.0962563
-0.0131515
0.0120815 -0.000336185 -2.01638e-09 -0.000336185 0.0104216 -2.5723e-07 -2.01638e-09 -2.5723e-07 1.03522e-06 
328
1.01695
0.0963348
-0.00944956
0.0120815 -0.000336152 -2.00181e-09 -0.000336152 0.0104216 -2.57223e-07 -2.00181e-09 -2.57223e-07 1.03522e-06 
329
1.02121
0.0993659
0.000471066
0.0120816 -0.000336081 -1.96909e-09 -0.000336081 0.0104215 -2.57214e-07 -1.96909e-09 -2.57214e-07 1.03522e-06 
330
1.0213
0.10296
0.00399429
0.0120817 -0.000335896 -1.89595e-09 -0.000335896 0.0104215 -2.57204e-07 -1.89595e-09 -2.57204e-07 1.03522e-06 
331
1.0193
0.0990024
-0.00228734
0.0120817 -0.00033577 -1.85918e-09 -0.00033577 0.0104214 -2.57203e-07 -1.85918e-09 -2.57203e-07 1.03522e-06 
332
1.01914
0.0946296
-0.0124681
0.0120817 -0.000335822 -1.8756e-09 -0.000335822 0.0104214 -2.57208e-07 -1.8756e-09 -2.57208e-07 1.03522e-06 
333
1.02516
0.0915596
-0.0220061
0.0120816 -0.000336003 -1.94059e-09 -0.000336003 0.0104215 -2.57208e-07 -1.94059e-09 -2.57208e-07 1.03522e-06 
334
1.03234
0.0909731
-0.0158681
0.0120815 -0.000336223 -2.02269e-09 -0.000336223 0.0104216 -2.57192e-07 -2.02269e-09 -2.57192e-07 1.03522e-06 
335
1.03742
0.0910743
-0.00278871
0.0120815 -0.00033621 -2.00168e-09 -0.00033621 0.0104216 -2.57174e-07 -2.00168e-09 -2.57174e-07 1.03522e-06 
336
1.03753
0.0938188
0.00385404
0.0120816 -0.000335997 -1.89841e-09 -0.000335997 0.0104215 -2.57161e-07 -1.89841e-09 -2.57161e-07 1.03522e-06 
337
1.04057
0.0950139
-0.000832746
0.0120817 -0.000335811 -1.82866e-09 -0.000335811 0.0104214 -2.5716e-07 -1.82866e-09 -2.5716e-07 1.03522e-06 
338
1.04489
0.0977076
-0.00307297
0.0120817 -0.000335814 -1.846e-09 -0.000335814 0.0104214 -2.57152e-07 -1.846e-09 -2.57152e-07 1.03522e-06 
339
1.04934
0.0958764
0.00509311
0.0120817 -0.000335851 -1.87742e-09 -0.000335851 0.0104215 -2.57141e-07 -1.87742e-09 -2.57141e-07 1.03522e-06 
340
1.05252
0.0969044
0.0147994
0.0120818 -0.000335736 -1.81495e-09 -0.000335736 0.0104214 -2.5713e-07 -1.81495e-09 -2.5713e-07 1.03522e-06 
341
1.05281
0.100425
0.0183797
0.0120819 -0.000335538 -1.72701e-09 -0.000335538 0.0104213 -2.57122e-07 -1.72701e-09 -2.57122e-07 1.03522e-06 
342
1.05341
0.103235
0.0191831
0.0120819 -0.000335406 -1.68673e-09 -0.000335406 0.0104213 -2.57121e-07 -1.68673e-09 -2.57121e-07 1.03522e-06 
343
1.05567
0.10722
0.0229167
0.012082 -0.000335343 -1.67696e-09 -0.000335343 0.0104213 -2.57119e-07 -1.67696e-09 -2.57119e-07 1.03522e-06 
344
1.05393
0.107282
0.029339
0.012082 -0.000335259 -1.65895e-09 -0.000335259 0.0104212 -2.57114e-07 -1.65895e-09 -2.57114e-07 1.03522e-06 
345
1.05794
0.106654
0.0345626
0.0120821 -0.000335126 -1.6015e-09 -0.000335126 0.0104212 -2.57118e-07 -1.6015e-09 -2.57118e-07 1.03522e-06 
346
1.05438
0.110349
0.0312506
0.0120822 -0.000334992 -1.54111e-09 -0.000334992 0.0104212 -2.57109e-07 -1.54111e-09 -2.57109e-07 1.03522e-06 
347
1.05346
0.113587
0.0237625
0.0120822 -0.000334994 -1.56279e-09 -0.000334994 0.0104212 -2.57117e-07 -1.56279e-09 -2.57117e-07 1.03522e-06 
348
1.05058
0.117144
0.0214198
0.0120821 -0.000335113 -1.63678e-09 -0.000335113 0.0104212 -2.57119e-07 -1.63678e-09 -2.57119e-07 1.03522e-06 
349
1.05696
0.115829
0.0279422
0.0120821 -0.000335196 -1.68885e-09 -0.000335196 0.0104212 -2.57126e-07 -1.68885e-09 -2.57126e-07 1.03522e-06 
350
1.05965
0.121786
0.0464628
0.0120821 -0.000335124 -1.64803e-09 -0.000335124 0.0104212 -2.57112e-07 -1.64803e-09 -2.57112e-07 1.03522e-06 
351
1.06078
0.125149
0.0522331
0.0120823 -0.000334803 -1.5211e-09 -0.000334803 0.0104211 -2.57105e-07 -1.5211e-09 -2.57105e-07 1.03522e-06 
352
1.06315
0.131468
0.0470569
0.0120824 -0.000334589 -1.44954e-09 -0.000334589 0.010421 -2.57102e-07 -1.44954e-09 -2.57102e-07 1.03522e-06 
353
1.06274
0.133833
0.0467312
0.0120824 -0.000334589 -1.49003e-09 -0.000334589 0.010421 -2.57095e-07 -1.49003e-09 -2.57095e-07 1.03522e-06 
354
1.06483
0.132502
0.0535519
0.0120824 -0.000334595 -1.50916e-09 -0.000334595 0.010421 -2.57096e-07 -1.50916e-09 -2.57096e-07 1.03522e-06 
355
1.06153
0.132432
0.0564472
0.0120825 -0.000334489 -1.45511e-09 -0.000334489 0.010421 -2.57092e-07 -1.45511e-09 -2.57092e-07 1.03522e-06 
356
1.06098
0.132007
0.0569019
0.0120825 -0.000334402 -1.41668e-09 -0.000334402 0.010421 -2.57099e-07 -1.41668e-09 -2.57099e-07 1.03522e-06 
357
1.06025
0.132771
0.0469699
0.0120825 -0.000334362 -1.39997e-09 -0.000334362 0.010421 -2.57102e-07 -1.39997e-09 -2.57102e-07 1.03522e-06 
358
1.06154
0.135119
0.0371619
0.0120825 -0.000334504 -1.47359e-09 -0.000334504 0.010421 -2.57103e-07 -1.47359e-09 -2.57103e-07 1.03522e-06 
359
1.0637
0.13547
0.0341016
0.0120824 -0.000334714 -1.57973e-09 -0.000334714 0.0104211 -2.57099e-07 -1.57973e-09 -2.57099e-07 1.03522e-06 
360
1.06471
0.131215
0.0344636
0.0120823 -0.000334843 -1.63587e-09 -0.000334843 0.0104211 -2.57093e-07 -1.63587e-09 -2.57093e-07 1.03522e-06 
361
1.06403
0.126568
0.0215688
0.0120823 -0.000334886 -1.63367e-09 -0.000334886 0.0104211 -2.5709e-07 -1.63367e-09 -2.5709e-07 1.03522e-06 
362
1.07085
0.123556
0.00988521
0.0120821 -0.000335107 -1.71577e-09 -0.000335107 0.0104212 -2.57091e-07 -1.71577e-09 -2.57091e-07 1.03522e-06 
363
1.07171
0.123978
0.0180818
0.012082 -0.000335377 -1.82168e-09 -0.000335377 0.0104213 -2.57073e-07 -1.82168e-09 -2.57073e-07 1.03522e-06 
364
1.07595
0.122588
0.017036
0.012082 -0.00033535 -1.79737e-09 -0.00033535 0.0104213 -2.5707e-07 -1.79737e-09 -2.5707e-07 1.03522e-06 
365
1.0811
0.124838
0.00590125
0.012082 -0.000335356 -1.7939e-09 -0.000335356 0.0104213 -2.5706e-07 -1.7939e-09 -2.5706e-07 1.03522e-06 
366
1.08334
0.123327
-0.00624564
0.0120819 -0.000335534 -1.88864e-09 -0.000335534 0.0104213 -2.57045e-07 -1.88864e-09 -2.57045e-07 1.03522e-06 
367
1.08865
0.121237
-0.00559501
0.0120818 -0.000335795 -2.00252e-09 -0.000335795 0.0104214 -2.57037e-07 -2.00252e-09 -2.57037e-07 1.03522e-06 
368
1.08827
0.119223
-0.00630119
0.0120817 -0.000335884 -2.025e-09 -0.000335884 0.0104215 -2.57024e-07 -2.025e-09 -2.57024e-07 1.03522e-06 
369
1.08944
0.115742
-0.0139485
0.0120817 -0.000335929 -2.03121e-09 -0.000335929 0.0104215 -2.57023e-07 -2.03121e-09 -2.57023e-07 1.03522e-06 
370
1.0871
0.115723
-0.0222097
0.0120816 -0.000336067 -2.07882e-09 -0.000336067 0.0104215 -2.5702e-07 -2.07882e-09 -2.5702e-07 1.03522e-06 
371
1.08284
0.11127
-0.0359211
0.0120815 -0.000336251 -2.15825e-09 -0.000336251 0.0104216 -2.57025e-07 -2.15825e-09 -2.57025e-07 1.03522e-06 
372
1.08486
0.109545
-0.0426156
0.0120814 -0.000336538 -2.2685e-09 -0.000336538 0.0104217 -2.57034e-07 -2.2685e-09 -2.57034e-07 1.03522e-06 
373
1.08616
0.10765
-0.0331795
0.0120813 -0.000336754 -2.34901e-09 -0.000336754 0.0104218 -2.5703e-07 -2.34901e-09 -2.5703e-07 1.03522e-06 
374
1.08887
0.105765
-0.0198874
0.0120813 -0.000336686 -2.29669e-09 -0.000336686 0.0104217 -2.57027e-07 -2.29669e-09 -2.57027e-07 1.03522e-06 
375
1.08776
0.107625
-0.021512
0.0120814 -0.00033645 -2.17459e-09 -0.00033645 0.0104217 -2.57021e-07 -2.17459e-09 -2.57021e-07 1.03522e-06 
376
1.08895
0.111073
-0.0275605
0.0120814 -0.000336385 -2.15901e-09 -0.000336385 0.0104216 -2.57023e-07 -2.15901e-09 -2.57023e-07 1.03522e-06 
377
1.08949
0.110098
-0.0244865
0.0120814 -0.000336456 -2.21201e-09 -0.000336456 0.0104217 -2.57019e-07 -2.21201e-09 -2.57019e-07 1.03522e-06 
378
1.08933
0.109803
-0.0208355
0.0120814 -0.000336435 -2.19691e-09 -0.000336435 0.0104217 -2.57018e-07 -2.19691e-09 -2.57018e-07 1.03522e-06 
379
1.09034
0.102885
-0.0229056
0.0120814 -0.000336369 -2.16223e-09 -0.000336369 0.0104216 -2.57019e-07 -2.16223e-09 -2.57019e-07 1.03522e-06 
380
1.09435
0.102165
-0.0243557
0.0120814 -0.000336377 -2.13845e-09 -0.000336377 0.0104216 -2.57017e-07 -2.13845e-09 -2.57017e-07 1.03522e-06 
381
1.09312
0.101341
-0.023009
0.0120814 -0.000336402 -2.14295e-09 -0.000336402 0.0104216 -2.57007e-07 -2.14295e-09 -2.57007e-07 1.03522e-06 
382
1.09321
0.0989272
-0.0236731
0.0120814 -0.000336391 -2.13099e-09 -0.000336391 0.0104216 -2.57009e-07 -2.13099e-09 -2.57009e-07 1.03522e-06 
383
1.09131
0.0995104
-0.0267371
0.0120814 -0.000336397 -2.12258e-09 -0.000336397 0.0104216 -2.57009e-07 -2.12258e-09 -2.57009e-07 1.03522e-06 
384
1.08978
0.0950563
-0.0275222
0.0120814 -0.000336448 -2.14675e-09 -0.000336448 0.0104217 -2.57013e-07 -2.14675e-09 -2.57013e-07 1.03522e-06 
385
1.09048
0.095579
-0.0311753
0.0120814 -0.00033648 -2.14134e-09 -0.00033648 0.0104217 -2.57018e-07 -2.14134e-09 -2.57018e-07 1.03522e-06 
386
1.08847
0.0927623
-0.0400072
0.0120813 -0.00033655 -2.17194e-09 -0.00033655 0.0104217 -2.57016e-07 -2.17194e-09 -2.57016e-07 1.03522e-06 
387
1.09174
0.0913875
-0.0382392
0.0120813 -0.000336717 -2.23655e-09 -0.000336717 0.0104218 -2.5702e-07 -2.23655e-09 -2.5702e-07 1.03522e-06 
388
1.09376
0.0915319
-0.0298248
0.0120812 -0.000336752 -2.23923e-09 -0.000336752 0.0104218 -2.57012e-07 -2.23923e-09 -2.57012e-07 1.03522e-06 
389
1.09217
0.0940993
-0.0171076
0.0120813 -0.000336632 -2.17846e-09 -0.000336632 0.0104217 -2.57008e-07 -2.17846e-09 -2.57008e-07 1.03522e-06 
390
1.0928
0.0929047
-0.0150071
0.0120814 -0.000336385 -2.07486e-09 -0.000336385 0.0104216 -2.57012e-07 -2.07486e-09 -2.57012e-07 1.03522e-06 
391
1.09186
0.0936708
-0.0228309
0.0120815 -0.000336257 -2.02086e-09 -0.000336257 0.0104216 -2.57011e-07 -2.02086e-09 -2.57011e-07 1.03522e-06 
392
1.09556
0.0932471
-0.0298069
0.0120814 -0.000336333 -2.06614e-09 -0.000336333 0.0104216 -2.57013e-07 -2.06614e-09 -2.57013e-07 1.03522e-06 
393
1.09644
0.0954408
-0.0263865
0.0120814 -0.000336472 -2.12919e-09 -0.000336472 0.0104217 -2.57003e-07 -2.12919e-09 -2.57003e-07 1.03522e-06 
394
1.09748
0.0933352
-0.0227994
0.0120814 -0.000336471 -2.13092e-09 -0.000336471 0.0104217 -2.57001e-07 -2.13092e-09 -2.57001e-07 1.03522e-06 
395
1.1025
0.0890011
-0.0206944
0.0120814 -0.000336414 -2.09444e-09 -0.000336414 0.0104216 -2.56998e-07 -2.09444e-09 -2.56998e-07 1.03522e-06 
396
1.10907
0.0810476
-0.0344318
0.0120814 -0.000336359 -2.05121e-09 -0.000336359 0.0104216 -2.56986e-07 -2.05121e-09 -2.56986e-07 1.03522e-06 
397
1.11457
0.0845002
-0.0345608
0.0120813 -0.000336555 -2.11253e-09 -0.000336555 0.0104217 -2.56968e-07 -2.11253e-09 -2.56968e-07 1.03522e-06 
398
1.11701
0.083452
-0.0229357
0.0120813 -0.000336632 -2.15198e-09 -0.000336632 0.0104217 -2.56953e-07 -2.15198e-09 -2.56953e-07 1.03522e-06 
399
1.1187
0.0854662
-0.0120166
0.0120814 -0.000336478 -2.07053e-09 -0.000336478 0.0104217 -2.56947e-07 -2.07053e-09 -2.56947e-07 1.03522e-06 
400
1.11144
0.0858174
-0.012512
0.0120815 -0.000336245 -1.97198e-09 -0.000336245 0.0104216 -2.56943e-07 -1.97198e-09 -2.56943e-07 1.03522e-06 
401
1.11107
0.0842306
-0.0194247
0.0120815 -0.000336165 -1.94562e-09 -0.000336165 0.0104216 -2.5696e-07 -1.94562e-09 -2.5696e-07 1.03522e-06 
402
1.11384
0.0851151
-0.0241858
0.0120815 -0.000336244 -1.98249e-09 -0.000336244 0.0104216 -2.56962e-07 -1.98249e-09 -2.56962e-07 1.03522e-06 
403
1.11529
0.0795251
-0.0233874
0.0120814 -0.000336349 -2.0335e-09 -0.000336349 0.0104216 -2.56955e-07 -2.0335e-09 -2.56955e-07 1.03522e-06 
404
1.11521
0.0731111
-0.021612
0.0120814 -0.000336377 -2.01937e-09 -0.000336377 0.0104216 -2.56952e-07 -2.01937e-09 -2.56952e-07 1.03522e-06 
405
1.11735
0.0704319
-0.018804
0.0120814 -0.000336359 -1.97887e-09 -0.000336359 0.0104216 -2.56952e-07 -1.97887e-09 -2.56952e-07 1.03522e-06 
406
1.11438
0.0689689
-0.0264538
0.0120815 -0.000336308 -1.93949e-09 -0.000336308 0.0104216 -2.56947e-07 -1.93949e-09 -2.56947e-07 1.03522e-06 
407
1.10971
0.064775
-0.0437208
0.0120814 -0.00033641 -1.98205e-09 -0.00033641 0.0104216 -2.56953e-07 -1.98205e-09 -2.56953e-07 1.03522e-06 
408
1.1218
0.0591973
-0.0431142
0.0120813 -0.000336722 -2.10991e-09 -0.000336722 0.0104218 -2.56964e-07 -2.10991e-09 -2.56964e-07 1.03522e-06 
409
1.12636
0.0603555
-0.0251348
0.0120812 -0.000336832 -2.12495e-09 -0.000336832 0.0104218 -2.56935e-07 -2.12495e-09 -2.56935e-07 1.03522e-06 
410
1.12998
0.0631297
-0.0118294
0.0120813 -0.000336588 -2.00307e-09 -0.000336588 0.0104217 -2.56923e-07 -2.00307e-09 -2.56923e-07 1.03522e-06 
411
1.12725
0.0680836
-0.0129818
0.0120815 -0.000336285 -1.87787e-09 -0.000336285 0.0104216 -2.56914e-07 -1.87787e-09 -2.56914e-07 1.03522e-06 
412
1.12845
0.0697283
-0.0184744
0.0120815 -0.000336187 -1.86714e-09 -0.000336187 0.0104216 -2.5692e-07 -1.86714e-09 -2.5692e-07 1.03522e-06 
413
1.1301
0.0700623
-0.0221414
0.0120815 -0.000336237 -1.90767e-09 -0.000336237 0.0104216 -2.56917e-07 -1.90767e-09 -2.56917e-07 1.03522e-06 
414
1.13348
0.0683322
-0.018483
0.0120815 -0.000336314 -1.94615e-09 -0.000336314 0.0104216 -2.56913e-07 -1.94615e-09 -2.56913e-07 1.03522e-06 
415
1.1345
0.070153
-0.0140809
0.0120815 -0.000336286 -1.92217e-09 -0.000336286 0.0104216 -2.56904e-07 -1.92217e-09 -2.56904e-07 1.03522e-06 
416
1.13412
0.0686975
-0.0152243
0.0120815 -0.000336205 -1.88993e-09 -0.000336205 0.0104216 -2.56902e-07 -1.88993e-09 -2.56902e-07 1.03522e-06 
417
1.13959
0.0708751
-0.0206394
0.0120815 -0.000336193 -1.88195e-09 -0.000336193 0.0104216 -2.56902e-07 -1.88195e-09 -2.56902e-07 1.03522e-06 
418
1.13937
0.0764621
-0.0135651
0.0120815 -0.000336274 -1.9303e-09 -0.000336274 0.0104216 -2.56888e-07 -1.9303e-09 -2.56888e-07 1.03522e-06 
419
1.14388
0.0749066
-0.000698847
0.0120815 -0.000336192 -1.91296e-09 -0.000336192 0.0104216 -2.56888e-07 -1.91296e-09 -2.56888e-07 1.03522e-06 
420
1.14431
0.0776149
0.00467803
0.0120816 -0.000335957 -1.80043e-09 -0.000335957 0.0104215 -2.56878e-07 -1.80043e-09 -2.56878e-07 1.03522e-06 
421
1.14426
0.0802989
0.0046387
0.0120817 -0.000335783 -1.73701e-09 -0.000335783 0.0104214 -2.56877e-07 -1.73701e-09 -2.56877e-07 1.03522e-06 
422
1.14059
0.0741383
-0.00454307
0.0120818 -0.000335717 -1.72687e-09 -0.000335717 0.0104214 -2.56877e-07 -1.72687e-09 -2.56877e-07 1.03522e-06 
423
1.14309
0.0711524
-0.0181031
0.0120817 -0.000335837 -1.76476e-09 -0.000335837 0.0104214 -2.56885e-07 -1.76476e-09 -2.56885e-07 1.03522e-06 
424
1.1407
0.0694558
-0.0244174
0.0120816 -0.000336098 -1.86947e-09 -0.000336098 0.0104215 -2.56879e-07 -1.86947e-09 -2.56879e-07 1.03522e-06 
425
1.14453
0.0682699
-0.0202958
0.0120815 -0.000336298 -1.94458e-09 -0.000336298 0.0104216 -2.56884e-07 -1.94458e-09 -2.56884e-07 1.03522e-06 
426
1.14255
0.0685273
-0.0138809
0.0120815 -0.000336309 -1.93416e-09 -0.000336309 0.0104216 -2.56875e-07 -1.93416e-09 -2.56875e-07 1.03522e-06 
427
1.14304
0.0651547
-0.0200617
0.0120815 -0.000336211 -1.88623e-09 -0.000336211 0.0104216 -2.5688e-07 -1.88623e-09 -2.5688e-07 1.03522e-06 
428
1.13922
0.0642176
-0.0338374
0.0120815 -0.000336272 -1.90571e-09 -0.000336272 0.0104216 -2.56879e-07 -1.90571e-09 -2.56879e-07 1.03522e-06 
429
1.14078
0.0601619
-0.0344102
0.0120814 -0.000336513 -2.01415e-09 -0.000336513 0.0104217 -2.56887e-07 -2.01415e-09 -2.56887e-07 1.03522e-06 
430
1.1417
0.0589353
-0.0208101
0.0120813 -0.000336614 -2.03611e-09 -0.000336614 0.0104217 -2.56884e-07 -2.03611e-09 -2.56884e-07 1.03522e-06 
431
1.13973
0.0596332
-0.00961242
0.0120814 -0.000336437 -1.93807e-09 -0.000336437 0.0104217 -2.56882e-07 -1.93807e-09 -2.56882e-07 1.03522e-06 
432
1.13559
0.0614327
-0.0162853
0.0120815 -0.000336192 -1.82829e-09 -0.000336192 0.0104216 -2.56888e-07 -1.82829e-09 -2.56888e-07 1.03522e-06 
433
1.1362
0.0618231
-0.0209714
0.0120815 -0.000336204 -1.85254e-09 -0.000336204 0.0104216 -2.56898e-07 -1.85254e-09 -2.56898e-07 1.03522e-06 
434
1.13345
0.058331
-0.0176079
0.0120815 -0.000336283 -1.89519e-09 -0.000336283 0.0104216 -2.56897e-07 -1.89519e-09 -2.56897e-07 1.03522e-06 
435
1.13056
0.0535963
-0.0165485
0.0120815 -0.00033626 -1.86679e-09 -0.00033626 0.0104216 -2.56904e-07 -1.86679e-09 -2.56904e-07 1.03522e-06 
436
1.12994
0.0556388
-0.0185007
0.0120815 -0.000336235 -1.83225e-09 -0.000336235 0.0104216 -2.56912e-07 -1.83225e-09 -2.56912e-07 1.03522e-06 
437
1.12798
0.0553465
-0.0209126
0.0120815 -0.000336256 -1.84822e-09 -0.000336256 0.0104216 -2.56914e-07 -1.84822e-09 -2.56914e-07 1.03522e-06 
438
1.13275
0.055612
-0.0152966
0.0120815 -0.000336302 -1.86966e-09 -0.000336302 0.0104216 -2.56918e-07 -1.86966e-09 -2.56918e-07 1.03522e-06 
439
1.13156
0.0546807
-0.0125842
0.0120815 -0.000336231 -1.83517e-09 -0.000336231 0.0104216 -2.56908e-07 -1.83517e-09 -2.56908e-07 1.03522e-06 
440
1.13641
0
-0.014574
0.0120815 -0.000336161 -1.80008e-09 -0.000336161 0.0104216 -2.5691e-07 -1.80008e-09 -2.5691e-07 1.03522e-06 
441
1.13731
0.0562095
-0.0165011
0.0120815 -0.000336165 -1.78561e-09 -0.000336165 0.0104216 -2.56898e-07 -1.78561e-09 -2.56898e-07 1.03522e-06 
442
1.13228
0.0567261
-0.0220194
0.0120815 -0.000336198 -1.82441e-09 -0.000336198 0.0104216 -2.56895e-07 -1.82441e-09 -2.56895e-07 1.03522e-06 
443
1.13908
0.0504327
-0.0210735
0.0120815 -0.000336298 -1.87632e-09 -0.000336298 0.0104216 -2.56906e-07 -1.87632e-09 -2.56906e-07 1.03522e-06 
444
1.13894
0
-0.0132878
0.0120815 -0.000336321 -1.85865e-09 -0.000336321 0.0104216 -2.56891e-07 -1.85865e-09 -2.56891e-07 1.03522e-06 
445
1.1408
0
-0.0188737
0.0120815 -0.000336206 -1.79413e-09 -0.000336206 0.0104216 -2.56891e-07 -1.79413e-09 -2.56891e-07 1.03522e-06 
446
1.141
0
-0.0318143
0.0120815 -0.000336251 -1.80848e-09 -0.000336251 0.0104216 -2.56886e-07 -1.80848e-09 -2.56886e-07 1.03522e-06 
447
1.14174
0
-0.0355244
0.0120814 -0.000336473 -1.9072e-09 -0.000336473 0.0104217 -2.56884e-07 -1.9072e-09 -2.56884e-07 1.03522e-06 
448
1.14202
0
-0.0302502
0.0120813 -0.000336617 -1.96185e-09 -0.000336617 0.0104217 -2.56881e-07 -1.96185e-09 -2.56881e-07 1.03522e-06 
449
1.14162
0
-0.017465
0.0120813 -0.000336588 -1.92476e-09 -0.000336588 0.0104217 -2.56881e-07 -1.92476e-09 -2.56881e-07 1.03522e-06 
450
1.13797
0
-0.0188968
0.0120814 -0.000336374 -1.82983e-09 -0.000336374 0.0104216 -2.56883e-07 -1.82983e-09 -2.56883e-07 1.03522e-06 
451
1.13954
0
-0.02446
0.0120814 -0.000336315 -1.81295e-09 -0.000336315 0.0104216 -2.56892e-07 -1.81295e-09 -2.56892e-07 1.03522e-06 
452
1.1418
0
-0.0221305
0.0120814 -0.000336381 -1.84127e-09 -0.000336381 0.0104216 -2.56888e-07 -1.84127e-09 -2.56888e-07 1.03522e-06 
453
1.14581
0
-0.0148693
0.0120814 -0.000336369 -1.82669e-09 -0.000336369 0.0104216 -2.56883e-07 -1.82669e-09 -2.56883e-07 1.03522e-06 
454
1.14458
0
-0.00818124
0.0120815 -0.000336249 -1.7691e-09 -0.000336249 0.0104216 -2.56873e-07 -1.7691e-09 -2.56873e-07 1.03522e-06 
455
1.1431
0
-0.00777065
0.0120816 -0.000336098 -1.71422e-09 -0.000336098 0.0104215 -2.56876e-07 -1.71422e-09 -2.56876e-07 1.03522e-06 
456
1.14294
0
-0.016207
0.0120816 -0.000336034 -1.69667e-09 -0.000336034 0.0104215 -2.5688e-07 -1.69667e-09 -2.5688e-07 1.03522e-06 
457
1.14358
0
-0.0135429
0.0120816 -0.000336143 -1.75784e-09 -0.000336143 0.0104216 -2.5688e-07 -1.75784e-09 -2.5688e-07 1.03522e-06 
458
1.14593
0
-0.00702969
0.0120816 -0.000336142 -1.75691e-09 -0.000336142 0.0104216 -2.56879e-07 -1.75691e-09 -2.56879e-07 1.03522e-06 
459
1.14312
0
-0.00703077
0.0120816 -0.000336039 -1.70541e-09 -0.000336039 0.0104215 -2.56873e-07 -1.70541e-09 -2.56873e-07 1.03522e-06 
460
1.14384
0
-0.0116739
0.0120816 -0.000335999 -1.68304e-09 -0.000335999 0.0104215 -2.5688e-07 -1.68304e-09 -2.5688e-07 1.03522e-06 
461
1.14135
0
-0.0233079
0.0120816 -0.000336058 -1.71854e-09 -0.000336058 0.0104215 -2.56878e-07 -1.71854e-09 -2.56878e-07 1.03522e-06 
462
1.14875
0
-0.0212549
0.0120815 -0.000336265 -1.81528e-09 -0.000336265 0.0104216 -2.56883e-07 -1.81528e-09 -2.56883e-07 1.03522e-06 
463
1.14949
0
-0.00596437
0.0120815 -0.000336311 -1.83591e-09 -0.000336311 0.0104216 -2.56866e-07 -1.83591e-09 -2.56866e-07 1.03522e-06 
464
1.15643
0
0.0132255
0.0120816 -0.000336086 -1.73416e-09 -0.000336086 0.0104215 -2.56863e-07 -1.73416e-09 -2.56863e-07 1.03522e-06 
465
1.15115
0.0547626
0.0148717
0.0120818 -0.000335696 -1.55951e-09 -0.000335696 0.0104214 -2.56848e-07 -1.55951e-09 -2.56848e-07 1.03522e-06 
466
1.15466
0.0550801
0.0107106
0.0120819 -0.000335522 -1.51404e-09 -0.000335522 0.0104213 -2.56859e-07 -1.51404e-09 -2.56859e-07 1.03522e-06 
467
1.14782
0.0597821
0.0035855
0.0120819 -0.000335521 -1.52851e-09 -0.000335521 0.0104213 -2.56852e-07 -1.52851e-09 -2.56852e-07 1.03522e-06 
468
1.14773
0.0550711
0.0030686
0.0120818 -0.000335634 -1.60326e-09 -0.000335634 0.0104214 -2.56867e-07 -1.60326e-09 -2.56867e-07 1.03522e-06 
469
1.14641
0.0583165
0.0136607
0.0120818 -0.000335685 -1.60658e-09 -0.000335685 0.0104214 -2.56869e-07 -1.60658e-09 -2.56869e-07 1.03522e-06 
470
1.13943
0.0554806
0.0111412
0.0120819 -0.000335537 -1.54333e-09 -0.000335537 0.0104213 -2.56873e-07 -1.54333e-09 -2.56873e-07 1.03522e-06 
471
1.14299
0.0566541
0.0118048
0.0120819 -0.00033552 -1.53019e-09 -0.00033552 0.0104213 -2.5689e-07 -1.53019e-09 -2.5689e-07 1.03522e-06 
472
1.13979
0.0591592
0.0199866
0.0120819 -0.000335503 -1.52792e-09 -0.000335503 0.0104213 -2.56883e-07 -1.52792e-09 -2.56883e-07 1.03522e-06 
473
1.1431
0.058449
0.0414998
0.012082 -0.000335367 -1.47488e-09 -0.000335367 0.0104213 -2.56891e-07 -1.47488e-09 -2.56891e-07 1.03522e-06 
474
1.14338
0.0630777
0.0526557
0.0120822 -0.000334974 -1.29159e-09 -0.000334974 0.0104211 -2.56885e-07 -1.29159e-09 -2.56885e-07 1.03522e-06 
475
1.14225
0.070699
0.0398218
0.0120823 -0.000334647 -1.17057e-09 -0.000334647 0.010421 -2.56884e-07 -1.17057e-09 -2.56884e-07 1.03522e-06 
476
1.14436
0.0750208
0.0358003
0.0120823 -0.000334726 -1.25813e-09 -0.000334726 0.0104211 -2.56886e-07 -1.25813e-09 -2.56886e-07 1.03522e-06 
477
1.1506
0.0756516
0.0553312
0.0120823 -0.00033482 -1.32659e-09 -0.00033482 0.0104211 -2.56881e-07 -1.32659e-09 -2.56881e-07 1.03522e-06 
478
1.15325
0.0821327
0.0668666
0.0120824 -0.000334546 -1.19841e-09 -0.000334546 0.010421 -2.56867e-07 -1.19841e-09 -2.56867e-07 1.03522e-06 
479
1.15675
0.0862491
0.0555162
0.0120826 -0.000334259 -1.09802e-09 -0.000334259 0.0104209 -2.56859e-07 -1.09802e-09 -2.56859e-07 1.03522e-06 
480
1.16015
0.0892058
0.0450496
0.0120825 -0.000334329 -1.16624e-09 -0.000334329 0.0104209 -2.56849e-07 -1.16624e-09 -2.56849e-07 1.03522e-06 
481
1.16645
0.0889513
0.0468995
0.0120825 -0.000334522 -1.27483e-09 -0.000334522 0.010421 -2.56839e-07 -1.27483e-09 -2.56839e-07 1.03522e-06 
482
1.15745
0.0865566
0.0396913
0.0120824 -0.000334567 -1.29029e-09 -0.000334567 0.010421 -2.56823e-07 -1.29029e-09 -2.56823e-07 1.03522e-06 
483
1.16807
0.0807125
0.0312671
0.0120824 -0.000334698 -1.34026e-09 -0.000334698 0.0104211 -2.56844e-07 -1.34026e-09 -2.56844e-07 1.03522e-06 
484
1.17946
0.0867198
0.0367492
0.0120823 -0.000334882 -1.39861e-09 -0.000334882 0.0104211 -2.56819e-07 -1.39861e-09 -2.56819e-07 1.03522e-06 
485
1.18159
0.0907002
0.0643858
0.0120823 -0.000334865 -1.40501e-09 -0.000334865 0.0104211 -2.56789e-07 -1.40501e-09 -2.56789e-07 1.03522e-06 
486
1.17849
0.0918385
0.0851325
0.0120825 -0.00033442 -1.21219e-09 -0.00033442 0.010421 -2.56783e-07 -1.21219e-09 -2.56783e-07 1.03522e-06 
487
1.17609
0.0945417
0.0844504
0.0120827 -0.000333921 -9.99142e-10 -0.000333921 0.0104208 -2.56792e-07 -9.99142e-10 -2.56792e-07 1.03522e-06 
488
1.17389
0.0929856
0.0738601
0.0120829 -0.000333741 -9.48972e-10 -0.000333741 0.0104208 -2.56798e-07 -9.48972e-10 -2.56798e-07 1.03522e-06 
489
1.17625
0.0873661
0.067008
0.0120828 -0.000333841 -1.00369e-09 -0.000333841 0.0104208 -2.56803e-07 -1.00369e-09 -2.56803e-07 1.03522e-06 
490
1.18124
0.088836
0.0632559
0.0120828 -0.000333988 -1.0483e-09 -0.000333988 0.0104208 -2.56798e-07 -1.0483e-09 -2.56798e-07 1.03522e-06 
491
1.17953
0.100929
0.0577416
0.0120827 -0.000334104 -1.09965e-09 -0.000334104 0.0104209 -2.56785e-07 -1.09965e-09 -2.56785e-07 1.03522e-06 
492
1.18166
0.104603
0.0495525
0.0120826 -0.000334235 -1.20661e-09 -0.000334235 0.0104209 -2.56788e-07 -1.20661e-09 -2.56788e-07 1.03522e-06 
493
1.18469
0.108265
0.06052
0.0120825 -0.000334415 -1.3101e-09 -0.000334415 0.010421 -2.56782e-07 -1.3101e-09 -2.56782e-07 1.03522e-06 
494
1.18465
0.105629
0.0677996
0.0120826 -0.00033431 -1.27179e-09 -0.00033431 0.0104209 -2.56775e-07 -1.27179e-09 -2.56775e-07 1.03522e-06 
495
1.18499
0.106748
0.061703
0.0120826 -0.000334154 -1.19274e-09 -0.000334154 0.0104209 -2.56774e-07 -1.19274e-09 -2.56774e-07 1.03522e-06 
496
1.18516
0.110623
0.0473382
0.0120826 -0.000334191 -1.22159e-09 -0.000334191 0.0104209 -2.56773e-07 -1.22159e-09 -2.56773e-07 1.03522e-06 
497
1.1871
0.110242
0.0391997
0.0120825 -0.000334434 -1.35454e-09 -0.000334434 0.010421 -2.56771e-07 -1.35454e-09 -2.56771e-07 1.03522e-06 
498
1.18738
0.110237
0.0433686
0.0120824 -0.000334655 -1.45277e-09 -0.000334655 0.0104211 -2.56766e-07 -1.45277e-09 -2.56766e-07 1.03522e-06 
499
1.17729
0.114342
0.0380729
0.0120824 -0.000334674 -1.45118e-09 -0.000334674 0.0104211 -2.56765e-07 -1.45118e-09 -2.56765e-07 1.03522e-06 
500
1.1766
0.111963
0.0209587
0.0120823 -0.000334765 -1.50834e-09 -0.000334765 0.0104211 -2.56789e-07 -1.50834e-09 -2.56789e-07 1.03522e-06 
501
1.17601
0.112744
0.0105353
0.0120822 -0.000335071 -1.64422e-09 -0.000335071 0.0104212 -2.56792e-07 -1.64422e-09 -2.56792e-07 1.03522e-06 
502
1.18086
0.111226
0.00305868
0.012082 -0.000335353 -1.76965e-09 -0.000335353 0.0104213 -2.56792e-07 -1.76965e-09 -2.56792e-07 1.03522e-06 
503
1.17621
0.113165
0.00180114
0.0120819 -0.000335579 -1.85886e-09 -0.000335579 0.0104214 -2.5678e-07 -1.85886e-09 -2.5678e-07 1.03522e-06 
504
1.18209
0.102365
-0.00683893
0.0120818 -0.000335685 -1.90569e-09 -0.000335685 0.0104214 -2.5679e-07 -1.90569e-09 -2.5679e-07 1.03522e-06 
505
1.1858
0.105439
-0.00600372
0.0120817 -0.000335862 -1.94181e-09 -0.000335862 0.0104215 -2.56776e-07 -1.94181e-09 -2.56776e-07 1.03522e-06 
506
1.1868
0.101053
-0.00761855
0.0120817 -0.000335916 -1.96674e-09 -0.000335916 0.0104215 -2.56765e-07 -1.96674e-09 -2.56765e-07 1.03522e-06 
507
1.18725
0.102026
-0.0116233
0.0120817 -0.000335962 -1.96833e-09 -0.000335962 0.0104215 -2.56762e-07 -1.96833e-09 -2.56762e-07 1.03522e-06 
508
1.18729
0.0984546
-0.0219811
0.0120816 -0.000336043 -2.00591e-09 -0.000336043 0.0104215 -2.5676e-07 -2.00591e-09 -2.5676e-07 1.03522e-06 
509
1.19054
0.0931077
-0.0275324
0.0120815 -0.000336238 -2.0804e-09 -0.000336238 0.0104216 -2.56759e-07 -2.0804e-09 -2.56759e-07 1.03522e-06 
510
1.1925
0.0903368
-0.031895
0.0120814 -0.0003364 -2.12509e-09 -0.0003364 0.0104216 -2.56751e-07 -2.12509e-09 -2.56751e-07 1.03522e-06 
511
1.19513
0.09064
-0.0254877
0.0120814 -0.000336531 -2.16409e-09 -0.000336531 0.0104217 -2.56745e-07 -2.16409e-09 -2.56745e-07 1.03522e-06 
512
1.18843
0.0911461
-0.0175267
0.0120814 -0.00033648 -2.13128e-09 -0.00033648 0.0104217 -2.56738e-07 -2.13128e-09 -2.56738e-07 1.03522e-06 
513
1.18763
0.0898841
-0.0235464
0.0120814 -0.000336334 -2.06286e-09 -0.000336334 0.0104216 -2.56755e-07 -2.06286e-09 -2.56755e-07 1.03522e-06 
514
1.18194
0.0866839
-0.0336242
0.0120814 -0.000336373 -2.08187e-09 -0.000336373 0.0104216 -2.56758e-07 -2.08187e-09 -2.56758e-07 1.03522e-06 
515
1.19034
0.0819062
-0.034567
0.0120813 -0.000336548 -2.15057e-09 -0.000336548 0.0104217 -2.56771e-07 -2.15057e-09 -2.56771e-07 1.03522e-06 
516
1.18576
0.0831975
-0.0307183
0.0120813 -0.00033663 -2.16023e-09 -0.00033663 0.0104217 -2.56752e-07 -2.16023e-09 -2.56752e-07 1.03522e-06 
517
1.18939
0.0863574
-0.0277269
0.0120813 -0.0003366 -2.14171e-09 -0.0003366 0.0104217 -2.56761e-07 -2.14171e-09 -2.56761e-07 1.03522e-06 
518
1.18524
0.0919057
-0.0182253
0.0120813 -0.000336541 -2.12585e-09 -0.000336541 0.0104217 -2.56754e-07 -2.12585e-09 -2.56754e-07 1.03522e-06 
519
1.18324
0.0918866
-0.014361
0.0120814 -0.000336368 -2.06905e-09 -0.000336368 0.0104216 -2.56764e-07 -2.06905e-09 -2.56764e-07 1.03522e-06 
520
1.1821
0.095413
-0.0122807
0.0120815 -0.000336241 -2.01757e-09 -0.000336241 0.0104216 -2.5677e-07 -2.01757e-09 -2.5677e-07 1.03522e-06 
521
1.18185
0.0948632
-0.0172378
0.0120815 -0.000336159 -1.9991e-09