0
0
0
-0.000151055
0.00632102 -7.44339e-05 -4.31087e-09 -7.44339e-05 0.0065425 -1.42373e-07 -4.31087e-09 -1.42373e-07 1.21851e-06 
1
0
0
0.00129507
0.0093053 -0.000180885 -4.21819e-09 -0.000180885 0.00905162 -1.84352e-07 -4.21819e-09 -1.84352e-07 1.03651e-06 
2
0
0
0.000264523
0.0107701 -0.000255985 -3.76062e-09 -0.000255985 0.00996569 -2.08405e-07 -3.76062e-09 -2.08405e-07 1.03685e-06 
3
0
0
-0.00017451
0.0114639 -0.000297126 -3.34816e-09 -0.000297126 0.010272 -2.19317e-07 -3.34816e-09 -2.19317e-07 1.0371e-06 
4
0
0
0.000542982
0.0117902 -0.000317557 -3.06116e-09 -0.000317557 0.0103719 -2.24976e-07 -3.06116e-09 -2.24976e-07 1.03671e-06 
5
0
0
-2.6173e-05
0.0119437 -0.000327272 -2.85781e-09 -0.000327272 0.0104043 -2.28769e-07 -2.85781e-09 -2.28769e-07 1.03631e-06 
6
0
0
0.00131824
0.0120159 -0.000331817 -2.70998e-09 -0.000331817 0.0104149 -2.31855e-07 -2.70998e-09 -2.31855e-07 1.036e-06 
7
0
0
3.43728e-05
0.01205 -0.000333902 -2.5787e-09 -0.000333902 0.0104184 -2.34603e-07 -2.5787e-09 -2.34603e-07 1.03576e-06 
8
0
0
5.50557e-05
0.0120662 -0.000334889 -2.47511e-09 -0.000334889 0.0104197 -2.37124e-07 -2.47511e-09 -2.37124e-07 1.03558e-06 
9
0
0
-0.000592855
0.0120739 -0.000335346 -2.37583e-09 -0.000335346 0.0104202 -2.39451e-07 -2.37583e-09 -2.39451e-07 1.03545e-06 
10
0
0
-0.000201182
0.0120777 -0.000335571 -2.28701e-09 -0.000335571 0.0104205 -2.41593e-07 -2.28701e-09 -2.41593e-07 1.03535e-06 
11
0
0
4.90448e-05
0.0120795 -0.000335671 -2.1979e-09 -0.000335671 0.0104206 -2.43556e-07 -2.1979e-09 -2.43556e-07 1.03528e-06 
12
0
0
0.000993395
0.0120804 -0.000335717 -2.11375e-09 -0.000335717 0.0104207 -2.45344e-07 -2.11375e-09 -2.45344e-07 1.03523e-06 
13
0
0
-8.28256e-05
0.0120809 -0.000335727 -2.03002e-09 -0.000335727 0.0104208 -2.46967e-07 -2.03002e-09 -2.46967e-07 1.03519e-06 
14
0
0
-0.000425062
0.0120812 -0.000335752 -1.96971e-09 -0.000335752 0.0104209 -2.48435e-07 -1.96971e-09 -2.48435e-07 1.03517e-06 
15
0
0
0.000281941
0.0120814 -0.000335771 -1.91454e-09 -0.000335771 0.010421 -2.49756e-07 -1.91454e-09 -2.49756e-07 1.03515e-06 
16
0
0
0.00029361
0.0120815 -0.000335769 -1.85514e-09 -0.000335769 0.010421 -2.50941e-07 -1.85514e-09 -2.50941e-07 1.03514e-06 
17
0
0
0.000301488
0.0120815 -0.00033577 -1.80339e-09 -0.00033577 0.0104211 -2.51999e-07 -1.80339e-09 -2.51999e-07 1.03514e-06 
18
0
0
-0.000134514
0.0120816 -0.000335772 -1.75777e-09 -0.000335772 0.0104211 -2.52944e-07 -1.75777e-09 -2.52944e-07 1.03514e-06 
19
0
0
0.000115869
0.0120816 -0.000335781 -1.7215e-09 -0.000335781 0.0104212 -2.53784e-07 -1.7215e-09 -2.53784e-07 1.03514e-06 
20
0
0
0.000322639
0.0120817 -0.000335782 -1.68492e-09 -0.000335782 0.0104212 -2.5453e-07 -1.68492e-09 -2.5453e-07 1.03514e-06 
21
0
0
0.000808986
0.0120817 -0.00033578 -1.65109e-09 -0.00033578 0.0104212 -2.5519e-07 -1.65109e-09 -2.5519e-07 1.03515e-06 
22
0
0
0.000751863
0.0120817 -0.000335772 -1.61832e-09 -0.000335772 0.0104213 -2.55774e-07 -1.61832e-09 -2.55774e-07 1.03515e-06 
23
0
0
4.69183e-05
0.0120817 -0.000335771 -1.59609e-09 -0.000335771 0.0104213 -2.56294e-07 -1.59609e-09 -2.56294e-07 1.03516e-06 
24
0
0
0.000454233
0.0120817 -0.000335782 -1.58311e-09 -0.000335782 0.0104213 -2.56751e-07 -1.58311e-09 -2.56751e-07 1.03516e-06 
25
0
0
-0.00011372
0.0120817 -0.00033578 -1.56388e-09 -0.00033578 0.0104213 -2.57153e-07 -1.56388e-09 -2.57153e-07 1.03517e-06 
26
0
0
-0.000399615
0.0120817 -0.000335789 -1.55245e-09 -0.000335789 0.0104213 -2.57505e-07 -1.55245e-09 -2.57505e-07 1.03517e-06 
27
0
0
0.000378441
0.0120817 -0.000335797 -1.54199e-09 -0.000335797 0.0104214 -2.57814e-07 -1.54199e-09 -2.57814e-07 1.03518e-06 
28
0
0
-0.00115912
0.0120817 -0.000335788 -1.5239e-09 -0.000335788 0.0104214 -2.58086e-07 -1.5239e-09 -2.58086e-07 1.03518e-06 
29
0
0
-0.000615203
0.0120817 -0.00033581 -1.52391e-09 -0.00033581 0.0104214 -2.58325e-07 -1.52391e-09 -2.58325e-07 1.03519e-06 
30
0
0
0.00072574
0.0120817 -0.000335809 -1.51311e-09 -0.000335809 0.0104214 -2.58533e-07 -1.51311e-09 -2.58533e-07 1.03519e-06 
31
0
0
-0.000116407
0.0120817 -0.000335788 -1.4958e-09 -0.000335788 0.0104214 -2.58718e-07 -1.4958e-09 -2.58718e-07 1.03519e-06 
32
0
0
0.000391437
0.0120817 -0.000335794 -1.49382e-09 -0.000335794 0.0104214 -2.58878e-07 -1.49382e-09 -2.58878e-07 1.0352e-06 
33
0
0
-0.000393832
0.0120817 -0.000335788 -1.48501e-09 -0.000335788 0.0104214 -2.59018e-07 -1.48501e-09 -2.59018e-07 1.0352e-06 
34
0
0
0.000534201
0.0120817 -0.000335798 -1.48556e-09 -0.000335798 0.0104214 -2.5914e-07 -1.48556e-09 -2.5914e-07 1.0352e-06 
35
0
0
0.000480981
0.0120817 -0.000335787 -1.47454e-09 -0.000335787 0.0104214 -2.59248e-07 -1.47454e-09 -2.59248e-07 1.0352e-06 
36
0
0
-0.000358062
0.0120817 -0.000335784 -1.46819e-09 -0.000335784 0.0104214 -2.59341e-07 -1.46819e-09 -2.59341e-07 1.03521e-06 
37
0
0
-0.000564874
0.0120817 -0.000335796 -1.47099e-09 -0.000335796 0.0104214 -2.59423e-07 -1.47099e-09 -2.59423e-07 1.03521e-06 
38
0
0
0.000124198
0.0120817 -0.000335804 -1.47381e-09 -0.000335804 0.0104214 -2.59496e-07 -1.47381e-09 -2.59496e-07 1.03521e-06 
39
0
0
0.000429263
0.0120817 -0.000335797 -1.46818e-09 -0.000335797 0.0104214 -2.59559e-07 -1.46818e-09 -2.59559e-07 1.03521e-06 
40
0
0
-0.000470739
0.0120817 -0.000335789 -1.46269e-09 -0.000335789 0.0104214 -2.59613e-07 -1.46269e-09 -2.59613e-07 1.03521e-06 
41
0
0
-0.000419963
0.0120817 -0.0003358 -1.46786e-09 -0.0003358 0.0104214 -2.5966e-07 -1.46786e-09 -2.5966e-07 1.03521e-06 
42
0
0
4.67084e-05
0.0120817 -0.000335804 -1.46826e-09 -0.000335804 0.0104214 -2.59701e-07 -1.46826e-09 -2.59701e-07 1.03521e-06 
43
0
0
0.00124397
0.0120817 -0.000335798 -1.46376e-09 -0.000335798 0.0104214 -2.59736e-07 -1.46376e-09 -2.59736e-07 1.03522e-06 
44
0
0
0.000527799
0.0120817 -0.000335776 -1.45114e-09 -0.000335776 0.0104214 -2.59767e-07 -1.45114e-09 -2.59767e-07 1.03522e-06 
45
0
0
-0.000456288
0.0120817 -0.00033578 -1.45219e-09 -0.00033578 0.0104214 -2.59793e-07 -1.45219e-09 -2.59793e-07 1.03522e-06 
46
0
0
-0.00139043
0.0120817 -0.000335797 -1.45541e-09 -0.000335797 0.0104214 -2.59817e-07 -1.45541e-09 -2.59817e-07 1.03522e-06 
47
0
0
-0.000681786
0.0120817 -0.000335818 -1.46203e-09 -0.000335818 0.0104214 -2.59837e-07 -1.46203e-09 -2.59837e-07 1.03522e-06 
48
0
0
0.000518072
0.0120817 -0.000335815 -1.45733e-09 -0.000335815 0.0104214 -2.59855e-07 -1.45733e-09 -2.59855e-07 1.03522e-06 
49
0
0
0.00037063
0.0120817 -0.000335795 -1.44509e-09 -0.000335795 0.0104214 -2.59871e-07 -1.44509e-09 -2.59871e-07 1.03522e-06 
50
0
0
0.00026402
0.0120817 -0.000335789 -1.44241e-09 -0.000335789 0.0104214 -2.59885e-07 -1.44241e-09 -2.59885e-07 1.03522e-06 
51
0
0
0.000121468
0.0120817 -0.000335789 -1.44189e-09 -0.000335789 0.0104214 -2.59896e-07 -1.44189e-09 -2.59896e-07 1.03522e-06 
52
0
0
-0.00113973
0.0120817 -0.000335791 -1.44255e-09 -0.000335791 0.0104214 -2.59906e-07 -1.44255e-09 -2.59906e-07 1.03522e-06 
53
0
0
-0.000368099
0.0120817 -0.000335812 -1.45406e-09 -0.000335812 0.0104214 -2.59915e-07 -1.45406e-09 -2.59915e-07 1.03522e-06 
54
0
0
-0.000263557
0.0120817 -0.000335808 -1.44975e-09 -0.000335808 0.0104214 -2.59922e-07 -1.44975e-09 -2.59922e-07 1.03522e-06 
55
0
0
-0.000374715
0.0120817 -0.000335804 -1.44673e-09 -0.000335804 0.0104214 -2.59929e-07 -1.44673e-09 -2.59929e-07 1.03522e-06 
56
0
0
0.00131288
0.0120817 -0.000335805 -1.446e-09 -0.000335805 0.0104214 -2.59934e-07 -1.446e-09 -2.59934e-07 1.03522e-06 
57
0
0
0.000142321
0.0120817 -0.000335778 -1.43275e-09 -0.000335778 0.0104214 -2.59941e-07 -1.43275e-09 -2.59941e-07 1.03522e-06 
58
0
0
-0.000297544
0.0120817 -0.000335787 -1.43747e-09 -0.000335787 0.0104214 -2.59946e-07 -1.43747e-09 -2.59946e-07 1.03522e-06 
59
0
0
-0.000445211
0.0120817 -0.000335797 -1.44265e-09 -0.000335797 0.0104214 -2.59951e-07 -1.44265e-09 -2.59951e-07 1.03522e-06 
60
0
0
-0.000481684
0.0120817 -0.000335803 -1.44583e-09 -0.000335803 0.0104214 -2.59955e-07 -1.44583e-09 -2.59955e-07 1.03522e-06 
61
0
0
-0.000788192
0.0120817 -0.000335806 -1.44714e-09 -0.000335806 0.0104214 -2.59957e-07 -1.44714e-09 -2.59957e-07 1.03522e-06 
62
0
0
-0.000458569
0.0120817 -0.000335812 -1.45061e-09 -0.000335812 0.0104214 -2.59957e-07 -1.45061e-09 -2.59957e-07 1.03522e-06 
63
0
0
0.000321989
0.0120817 -0.000335809 -1.45065e-09 -0.000335809 0.0104214 -2.59957e-07 -1.45065e-09 -2.59957e-07 1.03522e-06 
64
0
0
-0.000181023
0.0120817 -0.000335796 -1.44446e-09 -0.000335796 0.0104214 -2.59959e-07 -1.44446e-09 -2.59959e-07 1.03522e-06 
65
0
0
0.000519761
0.0120817 -0.000335798 -1.44645e-09 -0.000335798 0.0104214 -2.5996e-07 -1.44645e-09 -2.5996e-07 1.03522e-06 
66
0
0
0.00125411
0.0120817 -0.000335788 -1.44189e-09 -0.000335788 0.0104214 -2.59962e-07 -1.44189e-09 -2.59962e-07 1.03522e-06 
67
0
0
-0.000627787
0.0120817 -0.000335773 -1.43471e-09 -0.000335773 0.0104214 -2.59964e-07 -1.43471e-09 -2.59964e-07 1.03522e-06 
68
0
0
-0.000307237
0.0120817 -0.000335797 -1.44809e-09 -0.000335797 0.0104214 -2.59965e-07 -1.44809e-09 -2.59965e-07 1.03522e-06 
69
0
0
0.000302733
0.0120817 -0.000335801 -1.44975e-09 -0.000335801 0.0104214 -2.59966e-07 -1.44975e-09 -2.59966e-07 1.03522e-06 
70
0
0
-0.000303296
0.0120817 -0.000335793 -1.44508e-09 -0.000335793 0.0104214 -2.59967e-07 -1.44508e-09 -2.59967e-07 1.03522e-06 
71
0
0
0.000715267
0.0120817 -0.000335799 -1.44836e-09 -0.000335799 0.0104214 -2.59964e-07 -1.44836e-09 -2.59964e-07 1.03522e-06 
72
0
0
2.8313e-05
0.0120817 -0.000335786 -1.44078e-09 -0.000335786 0.0104214 -2.59962e-07 -1.44078e-09 -2.59962e-07 1.03522e-06 
73
0
0
-0.000631345
0.0120817 -0.000335791 -1.4443e-09 -0.000335791 0.0104214 -2.59962e-07 -1.4443e-09 -2.59962e-07 1.03522e-06 
74
0
0
0.000979661
0.0120817 -0.000335804 -1.45117e-09 -0.000335804 0.0104214 -2.59962e-07 -1.45117e-09 -2.59962e-07 1.03522e-06 
75
0
0
1.07646e-05
0.0120817 -0.000335783 -1.43981e-09 -0.000335783 0.0104214 -2.59962e-07 -1.43981e-09 -2.59962e-07 1.03522e-06 
76
0
0
-0.000157105
0.0120817 -0.000335791 -1.44423e-09 -0.000335791 0.0104214 -2.59962e-07 -1.44423e-09 -2.59962e-07 1.03522e-06 
77
0
0
-8.99316e-05
0.0120817 -0.000335796 -1.44627e-09 -0.000335796 0.0104214 -2.59962e-07 -1.44627e-09 -2.59962e-07 1.03522e-06 
78
0
0
-0.000216103
0.0120817 -0.000335797 -1.44658e-09 -0.000335797 0.0104214 -2.59962e-07 -1.44658e-09 -2.59962e-07 1.03522e-06 
79
0
0
0.000207509
0.0120817 -0.0003358 -1.44096e-09 -0.0003358 0.0104214 -2.59962e-07 -1.44096e-09 -2.59962e-07 1.03522e-06 
80
0
0
-0.000750844
0.0120817 -0.000335794 -1.43299e-09 -0.000335794 0.0104214 -2.59963e-07 -1.43299e-09 -2.59963e-07 1.03522e-06 
81
0
0
3.60303e-05
0.0120817 -0.000335807 -1.43719e-09 -0.000335807 0.0104214 -2.59963e-07 -1.43719e-09 -2.59963e-07 1.03522e-06 
82
0
0
0.000389245
0.0120817 -0.000335799 -1.43089e-09 -0.000335799 0.0104214 -2.59964e-07 -1.43089e-09 -2.59964e-07 1.03522e-06 
83
0
0
0.000179548
0.0120817 -0.000335791 -1.42562e-09 -0.000335791 0.0104214 -2.59964e-07 -1.42562e-09 -2.59964e-07 1.03522e-06 
84
0
0
-0.000226529
0.0120817 -0.000335791 -1.42564e-09 -0.000335791 0.0104214 -2.59964e-07 -1.42564e-09 -2.59964e-07 1.03522e-06 
85
0
0
0.00081004
0.0120817 -0.000335797 -1.42894e-09 -0.000335797 0.0104214 -2.59963e-07 -1.42894e-09 -2.59963e-07 1.03522e-06 
86
0
0
0.00028613
0.0120817 -0.000335783 -1.4209e-09 -0.000335783 0.0104214 -2.59963e-07 -1.4209e-09 -2.59963e-07 1.03522e-06 
87
0
0
-0.000272267
0.0120817 -0.000335786 -1.42245e-09 -0.000335786 0.0104214 -2.59963e-07 -1.42245e-09 -2.59963e-07 1.03522e-06 
88
0
0
-0.000189113
0.0120817 -0.000335796 -1.42939e-09 -0.000335796 0.0104214 -2.59963e-07 -1.42939e-09 -2.59963e-07 1.03522e-06 
89
0
0
-0.000547718
0.0120817 -0.000335799 -1.43204e-09 -0.000335799 0.0104214 -2.59962e-07 -1.43204e-09 -2.59962e-07 1.03522e-06 
90
0
0
-0.000697927
0.0120817 -0.000335806 -1.43635e-09 -0.000335806 0.0104214 -2.59962e-07 -1.43635e-09 -2.59962e-07 1.03522e-06 
91
0
0
-7.30255e-05
0.0120817 -0.00033581 -1.43956e-09 -0.00033581 0.0104214 -2.59962e-07 -1.43956e-09 -2.59962e-07 1.03522e-06 
92
0
0
0.000479134
0.0120817 -0.000335802 -1.43563e-09 -0.000335802 0.0104214 -2.59962e-07 -1.43563e-09 -2.59962e-07 1.03522e-06 
93
0
0
-0.000792907
0.0120817 -0.000335791 -1.42953e-09 -0.000335791 0.0104214 -2.59963e-07 -1.42953e-09 -2.59963e-07 1.03522e-06 
94
0
0
-5.86418e-05
0.0120817 -0.000335806 -1.43788e-09 -0.000335806 0.0104214 -2.59963e-07 -1.43788e-09 -2.59963e-07 1.03522e-06 
95
0
0
0.000143866
0.0120817 -0.000335801 -1.43493e-09 -0.000335801 0.0104214 -2.59965e-07 -1.43493e-09 -2.59965e-07 1.03522e-06 
96
0
0
0.000317327
0.0120817 -0.000335795 -1.43253e-09 -0.000335795 0.0104214 -2.59967e-07 -1.43253e-09 -2.59967e-07 1.03522e-06 
97
0
0
-0.000348624
0.0120817 -0.00033579 -1.43051e-09 -0.00033579 0.0104214 -2.59968e-07 -1.43051e-09 -2.59968e-07 1.03522e-06 
98
0
0
-0.000675158
0.0120817 -0.000335799 -1.43493e-09 -0.000335799 0.0104214 -2.5997e-07 -1.43493e-09 -2.5997e-07 1.03522e-06 
99
0
0
-0.000879325
0.0120817 -0.000335808 -1.43927e-09 -0.000335808 0.0104214 -2.5997e-07 -1.43927e-09 -2.5997e-07 1.03522e-06 
100
0
0
-0.00088404
0.0120817 -0.000335814 -1.44251e-09 -0.000335814 0.0104214 -2.59971e-07 -1.44251e-09 -2.59971e-07 1.03522e-06 
101
0
0
-4.46176e-05
0.0120817 -0.000335817 -1.44366e-09 -0.000335817 0.0104214 -2.59971e-07 -1.44366e-09 -2.59971e-07 1.03522e-06 
102
0
0
-8.3307e-05
0.0120817 -0.000335804 -1.43645e-09 -0.000335804 0.0104214 -2.59971e-07 -1.43645e-09 -2.59971e-07 1.03522e-06 
103
0
0
0.000581238
0.0120817 -0.0003358 -1.43458e-09 -0.0003358 0.0104214 -2.59972e-07 -1.43458e-09 -2.59972e-07 1.03522e-06 
104
0
0
0.000333876
0.0120817 -0.000335788 -1.4282e-09 -0.000335788 0.0104214 -2.59972e-07 -1.4282e-09 -2.59972e-07 1.03522e-06 
105
0
0
-0.000108306
0.0120817 -0.000335787 -1.42826e-09 -0.000335787 0.0104214 -2.59973e-07 -1.42826e-09 -2.59973e-07 1.03522e-06 
106
0
0
-0.000860889
0.0120817 -0.000335794 -1.43236e-09 -0.000335794 0.0104214 -2.59973e-07 -1.43236e-09 -2.59973e-07 1.03522e-06 
107
0
0
-0.000160827
0.0120817 -0.000335809 -1.4401e-09 -0.000335809 0.0104214 -2.59974e-07 -1.4401e-09 -2.59974e-07 1.03522e-06 
108
0
0
0.000643614
0.0120817 -0.000335803 -1.4369e-09 -0.000335803 0.0104214 -2.59974e-07 -1.4369e-09 -2.59974e-07 1.03522e-06 
109
0
0
0.000787196
0.0120817 -0.000335788 -1.42927e-09 -0.000335788 0.0104214 -2.59975e-07 -1.42927e-09 -2.59975e-07 1.03522e-06 
110
0
0
0.000429941
0.0120817 -0.00033578 -1.42559e-09 -0.00033578 0.0104214 -2.59976e-07 -1.42559e-09 -2.59976e-07 1.03522e-06 
111
0
0
0.000661502
0.0120817 -0.000335783 -1.42262e-09 -0.000335783 0.0104214 -2.59977e-07 -1.42262e-09 -2.59977e-07 1.03522e-06 
112
0
0
-0.000117404
0.0120817 -0.00033578 -1.4181e-09 -0.00033578 0.0104214 -2.59979e-07 -1.4181e-09 -2.59979e-07 1.03522e-06 
113
0
0
-0.000247437
0.0120817 -0.000335792 -1.42226e-09 -0.000335792 0.0104214 -2.5998e-07 -1.42226e-09 -2.5998e-07 1.03522e-06 
114
0
0
-0.000395822
0.0120817 -0.000335798 -1.42451e-09 -0.000335798 0.0104214 -2.5998e-07 -1.42451e-09 -2.5998e-07 1.03522e-06 
115
0
0
0.000208127
0.0120817 -0.000335803 -1.42621e-09 -0.000335803 0.0104214 -2.5998e-07 -1.42621e-09 -2.5998e-07 1.03522e-06 
116
0
0
3.23305e-05
0.0120817 -0.000335795 -1.42113e-09 -0.000335795 0.0104214 -2.5998e-07 -1.42113e-09 -2.5998e-07 1.03522e-06 
117
0
0
-0.000482811
0.0120817 -0.000335795 -1.42045e-09 -0.000335795 0.0104214 -2.59978e-07 -1.42045e-09 -2.59978e-07 1.03522e-06 
118
0
0
-8.40992e-05
0.0120817 -0.000335803 -1.4234e-09 -0.000335803 0.0104214 -2.59977e-07 -1.4234e-09 -2.59977e-07 1.03522e-06 
119
0
0
0.000305686
0.0120817 -0.0003358 -1.42095e-09 -0.0003358 0.0104214 -2.59976e-07 -1.42095e-09 -2.59976e-07 1.03522e-06 
120
0
0
0.000101682
0.0120817 -0.000335792 -1.41748e-09 -0.000335792 0.0104214 -2.59975e-07 -1.41748e-09 -2.59975e-07 1.03522e-06 
121
0
0
9.45562e-05
0.0120817 -0.000335793 -1.41819e-09 -0.000335793 0.0104214 -2.59974e-07 -1.41819e-09 -2.59974e-07 1.03522e-06 
122
0
0
-0.000194327
0.0120817 -0.000335793 -1.4182e-09 -0.000335793 0.0104214 -2.59972e-07 -1.4182e-09 -2.59972e-07 1.03522e-06 
123
0
0
-0.000335552
0.0120817 -0.000335798 -1.42053e-09 -0.000335798 0.0104214 -2.59972e-07 -1.42053e-09 -2.59972e-07 1.03522e-06 
124
0
0
-0.000660535
0.0120817 -0.000335802 -1.42242e-09 -0.000335802 0.0104214 -2.59972e-07 -1.42242e-09 -2.59972e-07 1.03522e-06 
125
0
0
-0.000597872
0.0120817 -0.000335808 -1.426e-09 -0.000335808 0.0104214 -2.59973e-07 -1.426e-09 -2.59973e-07 1.03522e-06 
126
0
0
1.771e-07
0.0120817 -0.00033581 -1.42609e-09 -0.00033581 0.0104214 -2.59974e-07 -1.42609e-09 -2.59974e-07 1.03522e-06 
127
0
0
0.000283363
0.0120817 -0.000335801 -1.4251e-09 -0.000335801 0.0104214 -2.59976e-07 -1.4251e-09 -2.59976e-07 1.03522e-06 
128
0
0
0.000790691
0.0120817 -0.000335793 -1.42428e-09 -0.000335793 0.0104214 -2.59976e-07 -1.42428e-09 -2.59976e-07 1.03522e-06 
129
0
0
0.00114619
0.0120817 -0.000335782 -1.42019e-09 -0.000335782 0.0104214 -2.59975e-07 -1.42019e-09 -2.59975e-07 1.03522e-06 
130
0
0
-0.00115191
0.0120818 -0.000335772 -1.41529e-09 -0.000335772 0.0104214 -2.59975e-07 -1.41529e-09 -2.59975e-07 1.03522e-06 
131
0
0
-0.000728504
0.0120817 -0.000335805 -1.43242e-09 -0.000335805 0.0104214 -2.59973e-07 -1.43242e-09 -2.59973e-07 1.03522e-06 
132
0
0
0.0005785
0.0120817 -0.000335811 -1.43427e-09 -0.000335811 0.0104214 -2.59971e-07 -1.43427e-09 -2.59971e-07 1.03522e-06 
133
0
0
0.000551103
0.0120817 -0.000335792 -1.42521e-09 -0.000335792 0.0104214 -2.5997e-07 -1.42521e-09 -2.5997e-07 1.03522e-06 
134
0
0
-7.38317e-05
0.0120817 -0.000335786 -1.42415e-09 -0.000335786 0.0104214 -2.59969e-07 -1.42415e-09 -2.59969e-07 1.03522e-06 
135
0
0
-0.000427589
0.0120817 -0.000335793 -1.42434e-09 -0.000335793 0.0104214 -2.5997e-07 -1.42434e-09 -2.5997e-07 1.03522e-06 
136
0
0
-0.000860061
0.0120817 -0.000335801 -1.42498e-09 -0.000335801 0.0104214 -2.5997e-07 -1.42498e-09 -2.5997e-07 1.03522e-06 
137
0
0
-7.23303e-05
0.0120817 -0.000335811 -1.42794e-09 -0.000335811 0.0104214 -2.5997e-07 -1.42794e-09 -2.5997e-07 1.03522e-06 
138
0
0
-0.000888927
0.0120817 -0.000335803 -1.42179e-09 -0.000335803 0.0104214 -2.59969e-07 -1.42179e-09 -2.59969e-07 1.03522e-06 
139
0
0
0.000213806
0.0120817 -0.000335812 -1.42636e-09 -0.000335812 0.0104214 -2.59965e-07 -1.42636e-09 -2.59965e-07 1.03522e-06 
140
0
0
0.000370471
0.0120817 -0.000335799 -1.41824e-09 -0.000335799 0.0104214 -2.5996e-07 -1.41824e-09 -2.5996e-07 1.03522e-06 
141
0
0
0.000585338
0.0120817 -0.000335791 -1.4135e-09 -0.000335791 0.0104214 -2.59953e-07 -1.4135e-09 -2.59953e-07 1.03522e-06 
142
0
0
0.000300972
0.0120817 -0.000335784 -1.40907e-09 -0.000335784 0.0104214 -2.59942e-07 -1.40907e-09 -2.59942e-07 1.03522e-06 
143
0
0
-0.000540175
0.0120817 -0.000335787 -1.40088e-09 -0.000335787 0.0104214 -2.59927e-07 -1.40088e-09 -2.59927e-07 1.03522e-06 
144
0
0
0.000255221
0.0120817 -0.000335801 -1.40383e-09 -0.000335801 0.0104214 -2.59909e-07 -1.40383e-09 -2.59909e-07 1.03522e-06 
145
0
0
0.000325777
0.0120817 -0.000335794 -1.39946e-09 -0.000335794 0.0104214 -2.59889e-07 -1.39946e-09 -2.59889e-07 1.03522e-06 
146
0
0
-8.85545e-05
0.0120817 -0.00033579 -1.39685e-09 -0.00033579 0.0104214 -2.59863e-07 -1.39685e-09 -2.59863e-07 1.03522e-06 
147
0.0518443
0
0.000402089
0.0120817 -0.000335795 -1.39928e-09 -0.000335795 0.0104214 -2.59829e-07 -1.39928e-09 -2.59829e-07 1.03522e-06 
148
0.0660173
0
-0.00029232
0.0120817 -0.000335789 -1.39787e-09 -0.000335789 0.0104214 -2.59791e-07 -1.39787e-09 -2.59791e-07 1.03522e-06 
149
0.0827117
0
2.04955e-05
0.0120817 -0.000335798 -1.40621e-09 -0.000335798 0.0104214 -2.59753e-07 -1.40621e-09 -2.59753e-07 1.03522e-06 
150
0.0999205
0
0.000427393
0.0120817 -0.000335796 -1.4074e-09 -0.000335796 0.0104214 -2.59709e-07 -1.4074e-09 -2.59709e-07 1.03522e-06 
151
0.117489
0
0.00156913
0.0120817 -0.000335789 -1.40566e-09 -0.000335789 0.0104214 -2.59663e-07 -1.40566e-09 -2.59663e-07 1.03522e-06 
152
0.136479
0
0.000246435
0.0120818 -0.000335768 -1.39674e-09 -0.000335768 0.0104214 -2.59617e-07 -1.39674e-09 -2.59617e-07 1.03522e-06 
153
0.159488
0
-0.00230613
0.0120817 -0.000335781 -1.40601e-09 -0.000335781 0.0104214 -2.59566e-07 -1.40601e-09 -2.59566e-07 1.03522e-06 
154
0.186088
0
-0.00208714
0.0120817 -0.000335827 -1.43251e-09 -0.000335827 0.0104214 -2.59506e-07 -1.43251e-09 -2.59506e-07 1.03522e-06 
155
0.212109
0
-0.000254777
0.0120817 -0.000335841 -1.44479e-09 -0.000335841 0.0104215 -2.59436e-07 -1.44479e-09 -2.59436e-07 1.03522e-06 
156
0.237559
0
-0.000477142
0.0120817 -0.000335817 -1.44102e-09 -0.000335817 0.0104214 -2.59366e-07 -1.44102e-09 -2.59366e-07 1.03522e-06 
157
0.265183
0
-0.00225197
0.0120817 -0.000335811 -1.44637e-09 -0.000335811 0.0104214 -2.59298e-07 -1.44637e-09 -2.59298e-07 1.03522e-06 
158
0.293318
0
-0.00233459
0.0120817 -0.000335837 -1.46957e-09 -0.000335837 0.0104215 -2.59225e-07 -1.46957e-09 -2.59225e-07 1.03522e-06 
159
0.321049
0
3.06546e-05
0.0120817 -0.000335848 -1.46716e-09 -0.000335848 0.0104215 -2.5915e-07 -1.46716e-09 -2.5915e-07 1.03522e-06 
160
0.350032
0
0.000105545
0.0120817 -0.000335815 -1.44519e-09 -0.000335815 0.0104214 -2.59077e-07 -1.44519e-09 -2.59077e-07 1.03522e-06 
161
0.376432
0
-0.00135038
0.0120817 -0.000335801 -1.44185e-09 -0.000335801 0.0104214 -2.59e-07 -1.44185e-09 -2.59e-07 1.03522e-06 
162
0.400769
0
-0.00102431
0.0120817 -0.000335819 -1.46451e-09 -0.000335819 0.0104214 -2.58929e-07 -1.46451e-09 -2.58929e-07 1.03522e-06 
163
0.425268
0
-0.000233993
0.0120817 -0.000335821 -1.47356e-09 -0.000335821 0.0104214 -2.58863e-07 -1.47356e-09 -2.58863e-07 1.03522e-06 
164
0.451003
0
0.000414967
0.0120817 -0.000335809 -1.47272e-09 -0.000335809 0.0104214 -2.58798e-07 -1.47272e-09 -2.58798e-07 1.03522e-06 
165
0.474847
0
-0.000591814
0.0120817 -0.000335794 -1.47139e-09 -0.000335794 0.0104214 -2.5873e-07 -1.47139e-09 -2.5873e-07 1.03522e-06 
166
0.492598
0
-0.00124111
0.0120817 -0.000335804 -1.48668e-09 -0.000335804 0.0104214 -2.58666e-07 -1.48668e-09 -2.58666e-07 1.03522e-06 
167
0.510041
0
-0.00139807
0.0120817 -0.000335819 -1.476e-09 -0.000335819 0.0104214 -2.58617e-07 -1.476e-09 -2.58617e-07 1.03522e-06 
168
0.528921
0
-0.000760781
0.0120817 -0.000335826 -1.46999e-09 -0.000335826 0.0104214 -2.58571e-07 -1.46999e-09 -2.58571e-07 1.03522e-06 
169
0.546544
0
-0.000624146
0.0120817 -0.000335819 -1.45881e-09 -0.000335819 0.0104214 -2.58521e-07 -1.45881e-09 -2.58521e-07 1.03522e-06 
170
0.565217
0
-0.00345736
0.0120817 -0.000335815 -1.45658e-09 -0.000335815 0.0104214 -2.58474e-07 -1.45658e-09 -2.58474e-07 1.03522e-06 
171
0.585093
0
-0.00344931
0.0120817 -0.000335858 -1.48432e-09 -0.000335858 0.0104215 -2.58424e-07 -1.48432e-09 -2.58424e-07 1.03522e-06 
172
0.602908
0
0.00105331
0.0120817 -0.000335874 -1.50148e-09 -0.000335874 0.0104215 -2.58372e-07 -1.50148e-09 -2.58372e-07 1.03522e-06 
173
0.620208
0
0.00360001
0.0120817 -0.000335809 -1.47829e-09 -0.000335809 0.0104214 -2.58324e-07 -1.47829e-09 -2.58324e-07 1.03522e-06 
174
0.636235
0
0.00334191
0.0120818 -0.000335743 -1.45191e-09 -0.000335743 0.0104214 -2.58278e-07 -1.45191e-09 -2.58278e-07 1.03522e-06 
175
0.650273
0
0.000397988
0.0120818 -0.000335723 -1.42212e-09 -0.000335723 0.0104214 -2.58235e-07 -1.42212e-09 -2.58235e-07 1.03522e-06 
176
0.665849
0
0.00216697
0.0120818 -0.000335761 -1.44314e-09 -0.000335761 0.0104214 -2.58197e-07 -1.44314e-09 -2.58197e-07 1.03522e-06 
177
0.679101
0
0.00943942
0.0120818 -0.000335748 -1.4346e-09 -0.000335748 0.0104214 -2.58156e-07 -1.4346e-09 -2.58156e-07 1.03522e-06 
178
0.690799
0
0.00687135
0.0120818 -0.000335628 -1.37169e-09 -0.000335628 0.0104214 -2.58121e-07 -1.37169e-09 -2.58121e-07 1.03522e-06 
179
0.703635
0
0.00405369
0.0120818 -0.000335623 -1.37539e-09 -0.000335623 0.0104214 -2.5809e-07 -1.37539e-09 -2.5809e-07 1.03522e-06 
180
0.715973
0
0.00637525
0.0120818 -0.000335665 -1.40436e-09 -0.000335665 0.0104214 -2.58055e-07 -1.40436e-09 -2.58055e-07 1.03522e-06 
181
0.726197
0
0.00797372
0.0120818 -0.000335645 -1.40645e-09 -0.000335645 0.0104214 -2.58023e-07 -1.40645e-09 -2.58023e-07 1.03522e-06 
182
0.733488
0
0.0106586
0.0120818 -0.000335612 -1.40588e-09 -0.000335612 0.0104214 -2.57995e-07 -1.40588e-09 -2.57995e-07 1.03522e-06 
183
0.740506
0
0.0138437
0.0120819 -0.000335557 -1.3613e-09 -0.000335557 0.0104214 -2.57975e-07 -1.3613e-09 -2.57975e-07 1.03522e-06 
184
0.744852
0
0.0127871
0.0120819 -0.000335485 -1.31997e-09 -0.000335485 0.0104213 -2.57957e-07 -1.31997e-09 -2.57957e-07 1.03522e-06 
185
0.751559
0
0.00793679
0.0120819 -0.000335475 -1.31759e-09 -0.000335475 0.0104213 -2.57945e-07 -1.31759e-09 -2.57945e-07 1.03522e-06 
186
0.75655
0
0.00718445
0.0120819 -0.000335547 -1.35888e-09 -0.000335547 0.0104214 -2.57927e-07 -1.35888e-09 -2.57927e-07 1.03522e-06 
187
0.764686
0
0.00965826
0.0120819 -0.000335587 -1.37988e-09 -0.000335587 0.0104214 -2.57913e-07 -1.37988e-09 -2.57913e-07 1.03522e-06 
188
0.773477
0
0.00857016
0.0120819 -0.000335563 -1.35484e-09 -0.000335563 0.0104214 -2.57893e-07 -1.35484e-09 -2.57893e-07 1.03522e-06 
189
0.784734
0
0.005652
0.0120819 -0.000335571 -1.35224e-09 -0.000335571 0.0104214 -2.57869e-07 -1.35224e-09 -2.57869e-07 1.03522e-06 
190
0.79143
0
0.00944088
0.0120818 -0.000335621 -1.37986e-09 -0.000335621 0.0104214 -2.5784e-07 -1.37986e-09 -2.5784e-07 1.03522e-06 
191
0.801133
0
0.0123217
0.0120819 -0.000335579 -1.3422e-09 -0.000335579 0.0104214 -2.57821e-07 -1.3422e-09 -2.57821e-07 1.03522e-06 
192
0.810673
0
0.00878426
0.0120819 -0.000335518 -1.2905e-09 -0.000335518 0.0104213 -2.57796e-07 -1.2905e-09 -2.57796e-07 1.03522e-06 
193
0.82474
0
0.000493219
0.0120819 -0.000335551 -1.30337e-09 -0.000335551 0.0104213 -2.57771e-07 -1.30337e-09 -2.57771e-07 1.03522e-06 
194
0.839001
0
-0.00140509
0.0120818 -0.000335695 -1.36909e-09 -0.000335695 0.0104214 -2.57734e-07 -1.36909e-09 -2.57734e-07 1.03522e-06 
195
0.854466
0
0.00269049
0.0120818 -0.00033578 -1.40904e-09 -0.00033578 0.0104214 -2.57696e-07 -1.40904e-09 -2.57696e-07 1.03522e-06 
196
0.875132
0
0.0153846
0.0120818 -0.000335747 -1.39248e-09 -0.000335747 0.0104214 -2.57655e-07 -1.39248e-09 -2.57655e-07 1.03522e-06 
197
0.892097
0
0.0228262
0.0120819 -0.000335533 -1.28223e-09 -0.000335533 0.0104213 -2.57602e-07 -1.28223e-09 -2.57602e-07 1.03522e-06 
198
0.903719
0
0.0184486
0.012082 -0.000335334 -1.20857e-09 -0.000335334 0.0104213 -2.57557e-07 -1.20857e-09 -2.57557e-07 1.03522e-06 
199
0.917212
0
0.0113392
0.012082 -0.000335327 -1.2019e-09 -0.000335327 0.0104213 -2.57524e-07 -1.2019e-09 -2.57524e-07 1.03522e-06 
200
0.929156
0
0.00937165
0.0120819 -0.000335437 -1.24712e-09 -0.000335437 0.0104213 -2.57488e-07 -1.24712e-09 -2.57488e-07 1.03522e-06 
201
0.945325
0
0.0114851
0.0120819 -0.000335511 -1.28619e-09 -0.000335511 0.0104213 -2.57456e-07 -1.28619e-09 -2.57456e-07 1.03522e-06 
202
0.956629
0
0.0171689
0.0120819 -0.000335505 -1.28588e-09 -0.000335505 0.0104213 -2.57414e-07 -1.28588e-09 -2.57414e-07 1.03522e-06 
203
0.966853
0
0.0154783
0.0120819 -0.000335413 -1.25142e-09 -0.000335413 0.0104213 -2.57383e-07 -1.25142e-09 -2.57383e-07 1.03522e-06 
204
0.979926
0
0.0153272
0.012082 -0.000335404 -1.25712e-09 -0.000335404 0.0104213 -2.57356e-07 -1.25712e-09 -2.57356e-07 1.03522e-06 
205
0.993399
0
0.0146396
0.012082 -0.000335404 -1.25443e-09 -0.000335404 0.0104213 -2.57321e-07 -1.25443e-09 -2.57321e-07 1.03522e-06 
206
1.00266
0
0.0169133
0.0120819 -0.000335414 -1.25336e-09 -0.000335414 0.0104213 -2.57286e-07 -1.25336e-09 -2.57286e-07 1.03522e-06 
207
1.01616
0
0.0112221
0.012082 -0.000335382 -1.21447e-09 -0.000335382 0.0104213 -2.5726e-07 -1.21447e-09 -2.5726e-07 1.03522e-06 
208
1.03169
0
0.015906
0.0120819 -0.00033546 -1.23451e-09 -0.00033546 0.0104213 -2.57225e-07 -1.23451e-09 -2.57225e-07 1.03522e-06 
209
1.04474
0
0.0167138
0.0120819 -0.000335416 -1.20546e-09 -0.000335416 0.0104213 -2.57185e-07 -1.20546e-09 -2.57185e-07 1.03522e-06 
210
1.06135
0
0.0124385
0.012082 -0.000335386 -1.19342e-09 -0.000335386 0.0104213 -2.5715e-07 -1.19342e-09 -2.5715e-07 1.03522e-06 
211
1.07908
0
0.00567434
0.0120819 -0.000335442 -1.21802e-09 -0.000335442 0.0104213 -2.57106e-07 -1.21802e-09 -2.57106e-07 1.03522e-06 
212
1.09989
0
0.00322795
0.0120819 -0.000335571 -1.27883e-09 -0.000335571 0.0104214 -2.57058e-07 -1.27883e-09 -2.57058e-07 1.03522e-06 
213
1.1239
0
0.0104662
0.0120818 -0.000335659 -1.31378e-09 -0.000335659 0.0104214 -2.57003e-07 -1.31378e-09 -2.57003e-07 1.03522e-06 
214
1.13608
0
0.0109513
0.0120819 -0.000335578 -1.27826e-09 -0.000335578 0.0104214 -2.56941e-07 -1.27826e-09 -2.56941e-07 1.03522e-06 
215
1.16081
0
0.0117282
0.0120819 -0.000335539 -1.263e-09 -0.000335539 0.0104213 -2.56905e-07 -1.263e-09 -2.56905e-07 1.03522e-06 
216
1.17281
0
0.023845
0.0120819 -0.000335512 -1.22706e-09 -0.000335512 0.0104213 -2.56843e-07 -1.22706e-09 -2.56843e-07 1.03522e-06 
217
1.18743
0
0.0138456
0.012082 -0.000335309 -1.14249e-09 -0.000335309 0.0104213 -2.56809e-07 -1.14249e-09 -2.56809e-07 1.03522e-06 
218
1.19972
0
-0.000610066
0.012082 -0.000335391 -1.18073e-09 -0.000335391 0.0104213 -2.5677e-07 -1.18073e-09 -2.5677e-07 1.03522e-06 
219
1.21593
0
-0.00106118
0.0120818 -0.000335651 -1.32165e-09 -0.000335651 0.0104214 -2.56735e-07 -1.32165e-09 -2.56735e-07 1.03522e-06 
220
1.2339
0
0.0138395
0.0120818 -0.000335758 -1.36964e-09 -0.000335758 0.0104214 -2.56693e-07 -1.36964e-09 -2.56693e-07 1.03522e-06 
221
1.24362
0
0.0337496
0.0120819 -0.000335562 -1.25924e-09 -0.000335562 0.0104213 -2.56647e-07 -1.25924e-09 -2.56647e-07 1.03522e-06 
222
1.24941
0
0.0260404
0.0120821 -0.000335171 -1.10192e-09 -0.000335171 0.0104212 -2.5662e-07 -1.10192e-09 -2.5662e-07 1.03522e-06 
223
1.26113
0
0.0111661
0.0120821 -0.000335145 -1.09374e-09 -0.000335145 0.0104212 -2.56604e-07 -1.09374e-09 -2.56604e-07 1.03522e-06 
224
1.26899
0
0.00266033
0.012082 -0.000335371 -1.18979e-09 -0.000335371 0.0104213 -2.56573e-07 -1.18979e-09 -2.56573e-07 1.03522e-06 
225
1.28263
0
0.00466017
0.0120819 -0.000335592 -1.28143e-09 -0.000335592 0.0104214 -2.5655e-07 -1.28143e-09 -2.5655e-07 1.03522e-06 
226
1.29363
0
0.0117248
0.0120818 -0.000335644 -1.27557e-09 -0.000335644 0.0104214 -2.56516e-07 -1.27557e-09 -2.56516e-07 1.03522e-06 
227
1.30423
0
0.0132384
0.0120819 -0.000335552 -1.22856e-09 -0.000335552 0.0104213 -2.56486e-07 -1.22856e-09 -2.56486e-07 1.03522e-06 
228
1.31496
0
0.00117638
0.0120819 -0.000335493 -1.20463e-09 -0.000335493 0.0104213 -2.56458e-07 -1.20463e-09 -2.56458e-07 1.03522e-06 
229
1.33081
0
-0.00723397
0.0120818 -0.000335662 -1.28221e-09 -0.000335662 0.0104214 -2.56429e-07 -1.28221e-09 -2.56429e-07 1.03522e-06 
230
1.34012
0
0.00354081
0.0120817 -0.00033586 -1.36293e-09 -0.00033586 0.0104215 -2.56387e-07 -1.36293e-09 -2.56387e-07 1.03522e-06 
231
1.35134
0
0.0145777
0.0120818 -0.000335764 -1.28995e-09 -0.000335764 0.0104214 -2.56362e-07 -1.28995e-09 -2.56362e-07 1.03522e-06 
232
1.35643
0
0.0153733
0.0120819 -0.000335553 -1.17549e-09 -0.000335553 0.0104213 -2.56333e-07 -1.17549e-09 -2.56333e-07 1.03522e-06 
233
1.37007
0
0.00840555
0.0120819 -0.000335459 -1.14428e-09 -0.000335459 0.0104213 -2.56318e-07 -1.14428e-09 -2.56318e-07 1.03522e-06 
234
1.38509
0
0.0047713
0.0120819 -0.000335534 -1.17508e-09 -0.000335534 0.0104213 -2.56283e-07 -1.17508e-09 -2.56283e-07 1.03522e-06 
235
1.39963
0
0.011817
0.0120818 -0.00033562 -1.2159e-09 -0.00033562 0.0104214 -2.56244e-07 -1.2159e-09 -2.56244e-07 1.03522e-06 
236
1.41468
0
0.0194368
0.0120819 -0.000335542 -1.17711e-09 -0.000335542 0.0104213 -2.56205e-07 -1.17711e-09 -2.56205e-07 1.03522e-06 
237
1.42524
0
0.0213115
0.0120819 -0.000335391 -1.11497e-09 -0.000335391 0.0104213 -2.56166e-07 -1.11497e-09 -2.56166e-07 1.03522e-06 
238
1.43661
0
0.014365
0.012082 -0.000335303 -1.09492e-09 -0.000335303 0.0104213 -2.56137e-07 -1.09492e-09 -2.56137e-07 1.03522e-06 
239
1.45008
0
0.000691411
0.012082 -0.00033538 -1.11492e-09 -0.00033538 0.0104213 -2.56106e-07 -1.11492e-09 -2.56106e-07 1.03522e-06 
240
1.46114
0
0.00546548
0.0120818 -0.000335627 -1.21485e-09 -0.000335627 0.0104214 -2.5607e-07 -1.21485e-09 -2.5607e-07 1.03522e-06 
241
1.47178
0
0.00951876
0.0120818 -0.000335645 -1.2217e-09 -0.000335645 0.0104214 -2.5604e-07 -1.2217e-09 -2.5604e-07 1.03522e-06 
242
1.47849
0
0.013289
0.0120819 -0.000335587 -1.1849e-09 -0.000335587 0.0104214 -2.56012e-07 -1.1849e-09 -2.56012e-07 1.03522e-06 
243
1.48233
0
0.00526379
0.0120819 -0.000335506 -1.13513e-09 -0.000335506 0.0104213 -2.55994e-07 -1.13513e-09 -2.55994e-07 1.03522e-06 
244
1.48761
0
-0.00745622
0.0120818 -0.000335602 -1.17602e-09 -0.000335602 0.0104214 -2.55983e-07 -1.17602e-09 -2.55983e-07 1.03522e-06 
245
1.50267
0
-0.007716
0.0120817 -0.00033584 -1.27854e-09 -0.00033584 0.0104214 -2.55968e-07 -1.27854e-09 -2.55968e-07 1.03522e-06 
246
1.50695
0
-0.00517209
0.0120817 -0.000335935 -1.30504e-09 -0.000335935 0.0104215 -2.5593e-07 -1.30504e-09 -2.5593e-07 1.03522e-06 
247
1.51627
0
-0.00694995
0.0120817 -0.000335931 -1.28065e-09 -0.000335931 0.0104215 -2.55917e-07 -1.28065e-09 -2.55917e-07 1.03522e-06 
248
1.52265
0
-0.00790218
0.0120817 -0.000335957 -1.26178e-09 -0.000335957 0.0104215 -2.55893e-07 -1.26178e-09 -2.55893e-07 1.03522e-06 
249
1.52438
0
-0.0136485
0.0120816 -0.000335983 -1.26583e-09 -0.000335983 0.0104215 -2.55875e-07 -1.26583e-09 -2.55875e-07 1.03522e-06 
250
1.5373
-0.056957
-0.0365767
0.0120816 -0.000336083 -1.30201e-09 -0.000336083 0.0104215 -2.55869e-07 -1.30201e-09 -2.55869e-07 1.03522e-06 
251
1.55382
-0.0636471
-0.0333853
0.0120814 -0.000336485 -1.45603e-09 -0.000336485 0.0104217 -2.55835e-07 -1.45603e-09 -2.55835e-07 1.03522e-06 
252
1.56341
-0.0627374
-0.0155109
0.0120813 -0.000336588 -1.45777e-09 -0.000336588 0.0104217 -2.55793e-07 -1.45777e-09 -2.55793e-07 1.03522e-06 
253
1.5716
-0.0584529
-0.00670362
0.0120814 -0.000336343 -1.33262e-09 -0.000336343 0.0104216 -2.55767e-07 -1.33262e-09 -2.55767e-07 1.03522e-06 
254
1.58083
-0.0635525
-0.00233402
0.0120816 -0.00033611 -1.24722e-09 -0.00033611 0.0104215 -2.55745e-07 -1.24722e-09 -2.55745e-07 1.03522e-06 
255
1.59253
-0.0640173
0.00113301
0.0120816 -0.000335952 -1.16525e-09 -0.000335952 0.0104215 -2.55721e-07 -1.16525e-09 -2.55721e-07 1.03522e-06 
256
1.60472
-0.0683383
-0.0131417
0.0120817 -0.000335837 -1.11383e-09 -0.000335837 0.0104214 -2.55691e-07 -1.11383e-09 -2.55691e-07 1.03522e-06 
257
1.62505
-0.0703929
-0.0132559
0.0120816 -0.00033602 -1.18789e-09 -0.00033602 0.0104215 -2.55658e-07 -1.18789e-09 -2.55658e-07 1.03522e-06 
258
1.63886
-0.063663
-0.00467704
0.0120816 -0.000336091 -1.20549e-09 -0.000336091 0.0104215 -2.55606e-07 -1.20549e-09 -2.55606e-07 1.03522e-06 
259
1.66094
-0.0643675
0.00283887
0.0120816 -0.000335982 -1.17472e-09 -0.000335982 0.0104215 -2.55568e-07 -1.17472e-09 -2.55568e-07 1.03522e-06 
260
1.66726
-0.0568191
0.00085927
0.0120817 -0.000335822 -1.10229e-09 -0.000335822 0.0104214 -2.55512e-07 -1.10229e-09 -2.55512e-07 1.03522e-06 
261
1.67117
-0.0593059
-0.0136557
0.0120817 -0.000335792 -1.12577e-09 -0.000335792 0.0104214 -2.55491e-07 -1.12577e-09 -2.55491e-07 1.03522e-06 
262
1.67866
-0.0680367
-0.0160678
0.0120816 -0.000336011 -1.22682e-09 -0.000336011 0.0104215 -2.55479e-07 -1.22682e-09 -2.55479e-07 1.03522e-06 
263
1.68556
-0.0737044
-0.00709777
0.0120816 -0.000336132 -1.24093e-09 -0.000336132 0.0104215 -2.5546e-07 -1.24093e-09 -2.5546e-07 1.03522e-06 
264
1.69808
-0.080584
-0.0043777
0.0120816 -0.000336037 -1.1599e-09 -0.000336037 0.0104215 -2.55443e-07 -1.1599e-09 -2.55443e-07 1.03522e-06 
265
1.70341
-0.0772085
-0.013164
0.0120816 -0.000335957 -1.09142e-09 -0.000335957 0.0104215 -2.55411e-07 -1.09142e-09 -2.55411e-07 1.03522e-06 
266
1.71068
-0.0780971
-0.0241888
0.0120816 -0.000336066 -1.15635e-09 -0.000336066 0.0104215 -2.55394e-07 -1.15635e-09 -2.55394e-07 1.03522e-06 
267
1.72218
-0.0772062
-0.0153485
0.0120815 -0.000336282 -1.2547e-09 -0.000336282 0.0104216 -2.55375e-07 -1.2547e-09 -2.55375e-07 1.03522e-06 
268
1.73214
-0.0787187
-0.00539116
0.0120815 -0.000336224 -1.22227e-09 -0.000336224 0.0104216 -2.55346e-07 -1.22227e-09 -2.55346e-07 1.03522e-06 
269
1.74341
-0.077981
0.00234443
0.0120816 -0.000336044 -1.13102e-09 -0.000336044 0.0104215 -2.5532e-07 -1.13102e-09 -2.5532e-07 1.03522e-06 
270
1.74189
-0.0781491
0.0076005
0.0120817 -0.000335853 -1.04973e-09 -0.000335853 0.0104214 -2.5529e-07 -1.04973e-09 -2.5529e-07 1.03522e-06 
271
1.74922
-0.0832297
0.00781586
0.0120818 -0.000335697 -9.83757e-10 -0.000335697 0.0104214 -2.55292e-07 -9.83757e-10 -2.55292e-07 1.03522e-06 
272
1.75411
-0.081865
0.00715407
0.0120818 -0.000335634 -9.4055e-10 -0.000335634 0.0104214 -2.55275e-07 -9.4055e-10 -2.55275e-07 1.03522e-06 
273
1.76075
-0.0848243
-0.00414597
0.0120818 -0.000335621 -9.40357e-10 -0.000335621 0.0104214 -2.55261e-07 -9.40357e-10 -2.55261e-07 1.03522e-06 
274
1.771
-0.0887199
-0.0174355
0.0120817 -0.000335795 -1.01245e-09 -0.000335795 0.0104214 -2.55243e-07 -1.01245e-09 -2.55243e-07 1.03522e-06 
275
1.78012
-0.0926686
-0.0188529
0.0120816 -0.000336072 -1.1209e-09 -0.000336072 0.0104215 -2.55216e-07 -1.1209e-09 -2.55216e-07 1.03522e-06 
276
1.79582
-0.0981769
-0.0157817
0.0120815 -0.0003362 -1.15145e-09 -0.0003362 0.0104216 -2.55191e-07 -1.15145e-09 -2.55191e-07 1.03522e-06 
277
1.80919
-0.0981126
-0.0085739
0.0120815 -0.0003362 -1.11974e-09 -0.0003362 0.0104216 -2.55151e-07 -1.11974e-09 -2.55151e-07 1.03522e-06 
278
1.82544
-0.106076
-0.000405204
0.0120816 -0.000336086 -1.06181e-09 -0.000336086 0.0104215 -2.55116e-07 -1.06181e-09 -2.55116e-07 1.03522e-06 
279
1.81696
-0.0990108
0.0041149
0.0120817 -0.000335913 -9.51673e-10 -0.000335913 0.0104215 -2.55074e-07 -9.51673e-10 -2.55074e-07 1.03522e-06 
280
1.82402
-0.105745
-0.0261252
0.0120817 -0.000335775 -9.17386e-10 -0.000335775 0.0104214 -2.55091e-07 -9.17386e-10 -2.55091e-07 1.03522e-06 
281
1.82557
-0.103688
-0.0214067
0.0120815 -0.000336202 -1.10384e-09 -0.000336202 0.0104216 -2.55074e-07 -1.10384e-09 -2.55074e-07 1.03522e-06 
282
1.83115
-0.103144
-0.00707142
0.0120815 -0.00033629 -1.13643e-09 -0.00033629 0.0104216 -2.55069e-07 -1.13643e-09 -2.55069e-07 1.03522e-06 
283
1.83714
-0.10629
0.00448924
0.0120816 -0.000336096 -1.03925e-09 -0.000336096 0.0104215 -2.55056e-07 -1.03925e-09 -2.55056e-07 1.03522e-06 
284
1.83945
-0.107001
-0.000965604
0.0120817 -0.000335839 -9.10189e-10 -0.000335839 0.0104214 -2.55041e-07 -9.10189e-10 -2.55041e-07 1.03522e-06 
285
1.85342
-0.112486
-0.0117371
0.0120817 -0.000335827 -9.11427e-10 -0.000335827 0.0104214 -2.55034e-07 -9.11427e-10 -2.55034e-07 1.03522e-06 
286
1.85735
-0.115097
-0.00850813
0.0120816 -0.000335994 -9.71225e-10 -0.000335994 0.0104215 -2.54999e-07 -9.71225e-10 -2.54999e-07 1.03522e-06 
287
1.86449
-0.115477
0.00119886
0.0120816 -0.000336006 -9.57346e-10 -0.000336006 0.0104215 -2.54986e-07 -9.57346e-10 -2.54986e-07 1.03522e-06 
288
1.86883
-0.114309
-0.000183996
0.0120817 -0.000335857 -8.8043e-10 -0.000335857 0.0104214 -2.54969e-07 -8.8043e-10 -2.54969e-07 1.03522e-06 
289
1.87734
-0.114833
0.00257982
0.0120817 -0.000335822 -8.73727e-10 -0.000335822 0.0104214 -2.54957e-07 -8.73727e-10 -2.54957e-07 1.03522e-06 
290
1.88772
-0.116148
-0.00104393
0.0120817 -0.000335765 -8.47961e-10 -0.000335765 0.0104214 -2.54935e-07 -8.47961e-10 -2.54935e-07 1.03522e-06 
291
1.89566
-0.11643
-0.00224321
0.0120817 -0.000335801 -8.62185e-10 -0.000335801 0.0104214 -2.54908e-07 -8.62185e-10 -2.54908e-07 1.03522e-06 
292
1.90094
-0.116699
0.00629599
0.0120817 -0.000335833 -8.7469e-10 -0.000335833 0.0104214 -2.54886e-07 -8.7469e-10 -2.54886e-07 1.03522e-06 
293
1.89897
-0.121218
0.0180989
0.0120818 -0.00033571 -8.13431e-10 -0.00033571 0.0104214 -2.54872e-07 -8.13431e-10 -2.54872e-07 1.03522e-06 
294
1.89992
-0.125563
0.0192736
0.0120819 -0.000335476 -6.87436e-10 -0.000335476 0.0104213 -2.54877e-07 -6.87436e-10 -2.54877e-07 1.03522e-06 
295
1.90861
-0.128194
0.0115566
0.012082 -0.000335368 -6.24985e-10 -0.000335368 0.0104213 -2.54875e-07 -6.24985e-10 -2.54875e-07 1.03522e-06 
296
1.91137
-0.118937
0.01858
0.0120819 -0.00033545 -6.56409e-10 -0.00033545 0.0104213 -2.54853e-07 -6.56409e-10 -2.54853e-07 1.03522e-06 
297
1.91034
-0.118416
0.0217825
0.012082 -0.000335369 -6.52222e-10 -0.000335369 0.0104213 -2.54845e-07 -6.52222e-10 -2.54845e-07 1.03522e-06 
298
1.9163
-0.123325
0.00676658
0.012082 -0.000335288 -6.23307e-10 -0.000335288 0.0104213 -2.54847e-07 -6.23307e-10 -2.54847e-07 1.03522e-06 
299
1.92332
-0.13061
-0.0119183
0.0120819 -0.000335495 -7.07199e-10 -0.000335495 0.0104213 -2.54832e-07 -7.07199e-10 -2.54832e-07 1.03522e-06 
300
1.93476
-0.138801
-0.0256466
0.0120817 -0.000335871 -8.47771e-10 -0.000335871 0.0104215 -2.54812e-07 -8.47771e-10 -2.54812e-07 1.03522e-06 
301
1.93809
-0.1424
-0.0491182
0.0120815 -0.000336231 -9.66894e-10 -0.000336231 0.0104216 -2.54782e-07 -9.66894e-10 -2.54782e-07 1.03522e-06 
302
1.9428
-0.159775
-0.0740476
0.0120813 -0.000336741 -1.1728e-09 -0.000336741 0.0104218 -2.54769e-07 -1.1728e-09 -2.54769e-07 1.03522e-06 
303
1.94552
-0.178664
-0.0910975
0.012081 -0.00033733 -1.3586e-09 -0.00033733 0.010422 -2.54755e-07 -1.3586e-09 -2.54755e-07 1.03522e-06 
304
1.94067
-0.191755
-0.107811
0.0120807 -0.000337824 -1.4809e-09 -0.000337824 0.0104222 -2.54746e-07 -1.4809e-09 -2.54746e-07 1.03522e-06 
305
1.94283
-0.205282
-0.138247
0.0120805 -0.000338276 -1.60774e-09 -0.000338276 0.0104223 -2.54755e-07 -1.60774e-09 -2.54755e-07 1.03522e-06 
306
1.94938
-0.208269
-0.153807
0.0120802 -0.00033893 -1.8351e-09 -0.00033893 0.0104226 -2.54747e-07 -1.8351e-09 -2.54747e-07 1.03522e-06 
307
1.95044
-0.211143
-0.159665
0.0120799 -0.000339424 -2.02298e-09 -0.000339424 0.0104228 -2.54729e-07 -2.02298e-09 -2.54729e-07 1.03522e-06 
308
1.95981
-0.221438
-0.147027
0.0120798 -0.000339704 -2.11876e-09 -0.000339704 0.0104229 -2.54723e-07 -2.11876e-09 -2.54723e-07 1.03522e-06 
309
1.95438
-0.226863
-0.135974
0.0120798 -0.000339611 -2.01574e-09 -0.000339611 0.0104228 -2.54701e-07 -2.01574e-09 -2.54701e-07 1.03522e-06 
310
1.95049
-0.249726
-0.150366
0.0120799 -0.0003394 -1.88667e-09 -0.0003394 0.0104227 -2.54713e-07 -1.88667e-09 -2.54713e-07 1.03522e-06 
311
1.95208
-0.262429
-0.153509
0.0120798 -0.000339547 -1.8664e-09 -0.000339547 0.0104228 -2.54723e-07 -1.8664e-09 -2.54723e-07 1.03522e-06 
312
1.94946
-0.263446
-0.154307
0.0120797 -0.000339653 -1.8449e-09 -0.000339653 0.0104228 -2.5472e-07 -1.8449e-09 -2.5472e-07 1.03522e-06 
313
1.95136
-0.264543
-0.164809
0.0120797 -0.000339706 -1.84772e-09 -0.000339706 0.0104229 -2.54726e-07 -1.84772e-09 -2.54726e-07 1.03522e-06 
314
1.94693
-0.260133
-0.168564
0.0120796 -0.000339892 -1.92439e-09 -0.000339892 0.0104229 -2.54721e-07 -1.92439e-09 -2.54721e-07 1.03522e-06 
315
1.9436
-0.261365
-0.172226
0.0120796 -0.000340022 -1.99367e-09 -0.000340022 0.010423 -2.5473e-07 -1.99367e-09 -2.5473e-07 1.03522e-06 
316
1.94517
-0.263773
-0.173096
0.0120795 -0.000340129 -2.0338e-09 -0.000340129 0.010423 -2.54739e-07 -2.0338e-09 -2.54739e-07 1.03522e-06 
317
1.94727
-0.265813
-0.160348
0.0120795 -0.000340184 -2.04224e-09 -0.000340184 0.0104231 -2.54736e-07 -2.04224e-09 -2.54736e-07 1.03522e-06 
318
1.9462
-0.279573
-0.142431
0.0120796 -0.000340003 -1.9406e-09 -0.000340003 0.010423 -2.54732e-07 -1.9406e-09 -2.54732e-07 1.03522e-06 
319
1.94499
-0.286764
-0.13508
0.0120797 -0.00033965 -1.71826e-09 -0.00033965 0.0104228 -2.54736e-07 -1.71826e-09 -2.54736e-07 1.03522e-06 
320
1.93738
-0.290046
-0.147452
0.0120798 -0.0003394 -1.57276e-09 -0.0003394 0.0104227 -2.54741e-07 -1.57276e-09 -2.54741e-07 1.03522e-06 
321
1.93791
-0.294368
-0.160843
0.0120798 -0.000339501 -1.61166e-09 -0.000339501 0.0104228 -2.54759e-07 -1.61166e-09 -2.54759e-07 1.03522e-06 
322
1.93732
-0.293201
-0.161464
0.0120797 -0.000339751 -1.70736e-09 -0.000339751 0.0104229 -2.54758e-07 -1.70736e-09 -2.54758e-07 1.03522e-06 
323
1.93951
-0.29925
-0.16305
0.0120796 -0.000339856 -1.74684e-09 -0.000339856 0.0104229 -2.5476e-07 -1.74684e-09 -2.5476e-07 1.03522e-06 
324
1.94662
-0.303046
-0.151801
0.0120796 -0.000339921 -1.74525e-09 -0.000339921 0.0104229 -2.54754e-07 -1.74525e-09 -2.54754e-07 1.03522e-06 
325
1.94985
-0.302791
-0.133301
0.0120797 -0.000339768 -1.64827e-09 -0.000339768 0.0104229 -2.54738e-07 -1.64827e-09 -2.54738e-07 1.03522e-06 
326
1.94607
-0.31219
-0.1329
0.0120798 -0.000339417 -1.48336e-09 -0.000339417 0.0104227 -2.54731e-07 -1.48336e-09 -2.54731e-07 1.03522e-06 
327
1.94596
-0.318832
-0.12885
0.0120799 -0.000339277 -1.39164e-09 -0.000339277 0.0104227 -2.5474e-07 -1.39164e-09 -2.5474e-07 1.03522e-06 
328
1.95315
-0.32351
-0.122637
0.01208 -0.00033916 -1.31019e-09 -0.00033916 0.0104226 -2.54742e-07 -1.31019e-09 -2.54742e-07 1.03522e-06 
329
1.9588
-0.323858
-0.107577
0.01208 -0.000339017 -1.22296e-09 -0.000339017 0.0104226 -2.54726e-07 -1.22296e-09 -2.54726e-07 1.03522e-06 
330
1.95953
-0.322792
-0.109376
0.0120802 -0.000338725 -1.08337e-09 -0.000338725 0.0104225 -2.54712e-07 -1.08337e-09 -2.54712e-07 1.03522e-06 
331
1.97091
-0.32024
-0.113055
0.0120802 -0.000338642 -1.05903e-09 -0.000338642 0.0104224 -2.54709e-07 -1.05903e-09 -2.54709e-07 1.03522e-06 
332
1.97509
-0.306948
-0.107934
0.0120802 -0.000338669 -1.0887e-09 -0.000338669 0.0104225 -2.54681e-07 -1.0887e-09 -2.54681e-07 1.03522e-06 
333
1.98096
-0.299019
-0.0806309
0.0120803 -0.000338598 -1.11048e-09 -0.000338598 0.0104224 -2.54669e-07 -1.11048e-09 -2.54669e-07 1.03522e-06 
334
1.97876
-0.300911
-0.0411955
0.0120805 -0.000338139 -9.34201e-10 -0.000338139 0.0104223 -2.54656e-07 -9.34201e-10 -2.54656e-07 1.03522e-06 
335
1.96528
-0.290073
-0.0311683
0.0120808 -0.00033734 -5.67652e-10 -0.00033734 0.010422 -2.54664e-07 -5.67652e-10 -2.54664e-07 1.03522e-06 
336
1.96421
-0.291411
-0.031614
0.0120811 -0.000336877 -4.23764e-10 -0.000336877 0.0104218 -2.54699e-07 -4.23764e-10 -2.54699e-07 1.03522e-06 
337
1.97146
-0.291898
-0.0272356
0.0120812 -0.000336708 -3.68803e-10 -0.000336708 0.0104217 -2.54705e-07 -3.68803e-10 -2.54705e-07 1.03522e-06 
338
1.96738
-0.291805
-0.0205622
0.0120813 -0.000336574 -3.13356e-10 -0.000336574 0.0104217 -2.54688e-07 -3.13356e-10 -2.54688e-07 1.03522e-06 
339
1.96558
-0.297785
-0.0308989
0.0120814 -0.000336418 -2.44044e-10 -0.000336418 0.0104216 -2.54698e-07 -2.44044e-10 -2.54698e-07 1.03522e-06 
340
1.96402
-0.305824
-0.0392544
0.0120813 -0.000336522 -2.75551e-10 -0.000336522 0.0104217 -2.54702e-07 -2.75551e-10 -2.54702e-07 1.03522e-06 
341
1.97343
-0.315483
-0.0388762
0.0120813 -0.000336695 -3.19652e-10 -0.000336695 0.0104217 -2.54706e-07 -3.19652e-10 -2.54706e-07 1.03522e-06 
342
1.97297
-0.32389
-0.0317029
0.0120812 -0.000336755 -2.97685e-10 -0.000336755 0.0104218 -2.54684e-07 -2.97685e-10 -2.54684e-07 1.03522e-06 
343
1.98306
-0.328178
-0.0271908
0.0120813 -0.000336664 -2.11349e-10 -0.000336664 0.0104217 -2.54684e-07 -2.11349e-10 -2.54684e-07 1.03522e-06 
344
1.98246
-0.324755
-0.0285974
0.0120813 -0.000336557 -1.42706e-10 -0.000336557 0.0104217 -2.5466e-07 -1.42706e-10 -2.5466e-07 1.03522e-06 
345
1.98281
-0.325536
-0.0230088
0.0120813 -0.000336539 -1.52225e-10 -0.000336539 0.0104217 -2.54659e-07 -1.52225e-10 -2.54659e-07 1.03522e-06 
346
1.98634
-0.329003
-0.0287003
0.0120814 -0.000336444 -1.09044e-10 -0.000336444 0.0104216 -2.54659e-07 -1.09044e-10 -2.54659e-07 1.03522e-06 
347
1.98965
-0.329402
-0.0342489
0.0120814 -0.000336498 -1.26024e-10 -0.000336498 0.0104217 -2.5465e-07 -1.26024e-10 -2.5465e-07 1.03522e-06 
348
2.0006
-0.332154
-0.01745
0.0120813 -0.000336606 -1.74603e-10 -0.000336606 0.0104217 -2.54641e-07 -1.74603e-10 -2.54641e-07 1.03522e-06 
349
1.99482
-0.340437
0.00228283
0.0120814 -0.000336381 -5.29443e-11 -0.000336381 0.0104216 -2.54615e-07 -5.29443e-11 -2.54615e-07 1.03522e-06 
350
1.99792
-0.346462
-0.000487714
0.0120816 -0.000335983 1.64482e-10 -0.000335983 0.0104215 -2.54628e-07 1.64482e-10 -2.54628e-07 1.03522e-06 
351
1.99328
-0.345313
-0.0169945
0.0120817 -0.000335875 2.28273e-10 -0.000335875 0.0104214 -2.54622e-07 2.28273e-10 -2.54622e-07 1.03522e-06 
352
1.9968
-0.351005
-0.0356737
0.0120816 -0.000336096 1.13898e-10 -0.000336096 0.0104215 -2.54632e-07 1.13898e-10 -2.54632e-07 1.03522e-06 
353
2.00219
-0.353874
-0.0394675
0.0120814 -0.000336476 -3.84804e-11 -0.000336476 0.0104217 -2.54623e-07 -3.84804e-11 -2.54623e-07 1.03522e-06 
354
1.99994
-0.354249
-0.0385438
0.0120813 -0.000336681 -1.05845e-10 -0.000336681 0.0104217 -2.54609e-07 -1.05845e-10 -2.54609e-07 1.03522e-06 
355
2.00716
-0.362521
-0.0282687
0.0120812 -0.000336744 -1.2207e-10 -0.000336744 0.0104218 -2.54613e-07 -1.2207e-10 -2.54613e-07 1.03522e-06 
356
2.0129
-0.364218
-0.0237546
0.0120813 -0.000336606 -1.94276e-11 -0.000336606 0.0104217 -2.54597e-07 -1.94276e-11 -2.54597e-07 1.03522e-06 
357
2.0154
-0.367647
-0.0346407
0.0120814 -0.000336481 4.55316e-11 -0.000336481 0.0104217 -2.54581e-07 4.55316e-11 -2.54581e-07 1.03522e-06 
358
2.01569
-0.386468
-0.0313135
0.0120813 -0.000336606 -5.18039e-12 -0.000336606 0.0104217 -2.54573e-07 -5.18039e-12 -2.54573e-07 1.03522e-06 
359
2.00792
-0.390976
-0.0250308
0.0120813 -0.000336601 7.83757e-11 -0.000336601 0.0104217 -2.54573e-07 7.83757e-11 -2.54573e-07 1.03522e-06 
360
2.00788
-0.399632
-0.0200818
0.0120814 -0.0003365 1.58174e-10 -0.0003365 0.0104217 -2.54593e-07 1.58174e-10 -2.54593e-07 1.03522e-06 
361
1.99717
-0.399264
-0.040563
0.0120814 -0.000336382 2.50499e-10 -0.000336382 0.0104216 -2.54595e-07 2.50499e-10 -2.54595e-07 1.03522e-06 
362
1.98875
-0.401231
-0.0657508
0.0120813 -0.000336662 1.15988e-10 -0.000336662 0.0104217 -2.5462e-07 1.15988e-10 -2.5462e-07 1.03522e-06 
363
1.98162
-0.409217
-0.0779426
0.012081 -0.000337168 -1.0797e-10 -0.000337168 0.0104219 -2.5464e-07 -1.0797e-10 -2.5464e-07 1.03522e-06 
364
1.97665
-0.423894
-0.0938775
0.0120808 -0.000337554 -2.36761e-10 -0.000337554 0.0104221 -2.54659e-07 -2.36761e-10 -2.54659e-07 1.03522e-06 
365
1.96819
-0.432394
-0.104245
0.0120806 -0.000337953 -3.43498e-10 -0.000337953 0.0104222 -2.54671e-07 -3.43498e-10 -2.54671e-07 1.03522e-06 
366
1.94936
-0.455219
-0.114433
0.0120805 -0.000338269 -4.31847e-10 -0.000338269 0.0104223 -2.54692e-07 -4.31847e-10 -2.54692e-07 1.03522e-06 
367
1.9426
-0.474475
-0.146487
0.0120803 -0.00033855 -4.51324e-10 -0.00033855 0.0104224 -2.54739e-07 -4.51324e-10 -2.54739e-07 1.03522e-06 
368
1.94029
-0.489958
-0.155617
0.01208 -0.000339164 -6.38357e-10 -0.000339164 0.0104227 -2.54756e-07 -6.38357e-10 -2.54756e-07 1.03522e-06 
369
1.93526
-0.496388
-0.184366
0.0120798 -0.000339542 -7.18004e-10 -0.000339542 0.0104228 -2.54763e-07 -7.18004e-10 -2.54763e-07 1.03522e-06 
370
1.93218
-0.50587
-0.196356
0.0120796 -0.00034014 -9.47108e-10 -0.00034014 0.010423 -2.54772e-07 -9.47108e-10 -2.54772e-07 1.03522e-06 
371
1.93046
-0.509839
-0.197354
0.0120794 -0.000340557 -1.07762e-09 -0.000340557 0.0104232 -2.54778e-07 -1.07762e-09 -2.54778e-07 1.03522e-06 
372
1.92948
-0.516559
-0.195141
0.0120793 -0.00034073 -1.11712e-09 -0.00034073 0.0104233 -2.54782e-07 -1.11712e-09 -2.54782e-07 1.03522e-06 
373
1.92608
-0.520459
-0.190708
0.0120792 -0.000340761 -1.09063e-09 -0.000340761 0.0104233 -2.54785e-07 -1.09063e-09 -2.54785e-07 1.03522e-06 
374
1.92197
-0.534425
-0.181365
0.0120792 -0.000340702 -1.0391e-09 -0.000340702 0.0104233 -2.54794e-07 -1.0391e-09 -2.54794e-07 1.03522e-06 
375
1.92073
-0.5415
-0.168212
0.0120793 -0.000340532 -8.98152e-10 -0.000340532 0.0104232 -2.54806e-07 -8.98152e-10 -2.54806e-07 1.03522e-06 
376
1.9107
-0.543066
-0.165477
0.0120794 -0.00034026 -7.34368e-10 -0.00034026 0.0104231 -2.54812e-07 -7.34368e-10 -2.54812e-07 1.03522e-06 
377
1.90213
-0.556117
-0.167098
0.0120795 -0.000340113 -6.60067e-10 -0.000340113 0.010423 -2.54837e-07 -6.60067e-10 -2.54837e-07 1.03522e-06 
378
1.89773
-0.561093
-0.182116
0.0120795 -0.000340083 -5.94913e-10 -0.000340083 0.010423 -2.54861e-07 -5.94913e-10 -2.54861e-07 1.03522e-06 
379
1.89642
-0.561208
-0.18946
0.0120794 -0.000340309 -6.73487e-10 -0.000340309 0.0104231 -2.54872e-07 -6.73487e-10 -2.54872e-07 1.03522e-06 
380
1.89836
-0.562941
-0.192869
0.0120793 -0.000340511 -7.54197e-10 -0.000340511 0.0104232 -2.54876e-07 -7.54197e-10 -2.54876e-07 1.03522e-06 
381
1.90157
-0.563296
-0.187
0.0120793 -0.000340641 -7.97349e-10 -0.000340641 0.0104232 -2.54871e-07 -7.97349e-10 -2.54871e-07 1.03522e-06 
382
1.9009
-0.57672
-0.181606
0.0120793 -0.000340598 -7.65869e-10 -0.000340598 0.0104232 -2.54863e-07 -7.65869e-10 -2.54863e-07 1.03522e-06 
383
1.89794
-0.583641
-0.187793
0.0120793 -0.000340497 -6.60588e-10 -0.000340497 0.0104232 -2.54865e-07 -6.60588e-10 -2.54865e-07 1.03522e-06 
384
1.89977
-0.590066
-0.190751
0.0120793 -0.000340556 -6.55092e-10 -0.000340556 0.0104232 -2.54872e-07 -6.55092e-10 -2.54872e-07 1.03522e-06 
385
1.90571
-0.59396
-0.190899
0.0120793 -0.000340625 -6.5455e-10 -0.000340625 0.0104232 -2.54868e-07 -6.5455e-10 -2.54868e-07 1.03522e-06 
386
1.90331
-0.592391
-0.188448
0.0120793 -0.000340654 -6.44044e-10 -0.000340654 0.0104232 -2.54853e-07 -6.44044e-10 -2.54853e-07 1.03522e-06 
387
1.9021
-0.599131
-0.179058
0.0120793 -0.000340626 -6.3084e-10 -0.000340626 0.0104232 -2.54858e-07 -6.3084e-10 -2.54858e-07 1.03522e-06 
388
1.89922
-0.600617
-0.172366
0.0120793 -0.000340467 -5.27382e-10 -0.000340467 0.0104232 -2.54863e-07 -5.27382e-10 -2.54863e-07 1.03522e-06 
389
1.89978
-0.604597
-0.178635
0.0120794 -0.0003403 -4.42768e-10 -0.0003403 0.0104231 -2.54871e-07 -4.42768e-10 -2.54871e-07 1.03522e-06 
390
1.88998
-0.610377
-0.186194
0.0120794 -0.000340336 -4.48908e-10 -0.000340336 0.0104231 -2.5487e-07 -4.48908e-10 -2.5487e-07 1.03522e-06 
391
1.88868
-0.614257
-0.186687
0.0120793 -0.00034047 -4.85579e-10 -0.00034047 0.0104232 -2.54894e-07 -4.85579e-10 -2.54894e-07 1.03522e-06 
392
1.88096
-0.617419
-0.191007
0.0120793 -0.000340528 -4.86729e-10 -0.000340528 0.0104232 -2.54899e-07 -4.86729e-10 -2.54899e-07 1.03522e-06 
393
1.87529
-0.625861
-0.202878
0.0120793 -0.000340619 -5.09347e-10 -0.000340619 0.0104232 -2.54918e-07 -5.09347e-10 -2.54918e-07 1.03522e-06 
394
1.87395
-0.636088
-0.212283
0.0120792 -0.000340841 -5.73833e-10 -0.000340841 0.0104233 -2.54932e-07 -5.73833e-10 -2.54932e-07 1.03522e-06 
395
1.87414
-0.642973
-0.209945
0.0120791 -0.000341073 -6.2891e-10 -0.000341073 0.0104234 -2.54936e-07 -6.2891e-10 -2.54936e-07 1.03522e-06 
396
1.87348
-0.650127
-0.215854
0.012079 -0.000341125 -6.07809e-10 -0.000341125 0.0104234 -2.54936e-07 -6.07809e-10 -2.54936e-07 1.03522e-06 
397
1.86945
-0.650321
-0.233276
0.012079 -0.000341238 -6.23277e-10 -0.000341238 0.0104235 -2.54937e-07 -6.23277e-10 -2.54937e-07 1.03522e-06 
398
1.85829
-0.66508
-0.24485
0.0120789 -0.000341556 -7.64796e-10 -0.000341556 0.0104236 -2.54944e-07 -7.64796e-10 -2.54944e-07 1.03522e-06 
399
1.85788
-0.678754
-0.252185
0.0120787 -0.000341859 -8.36083e-10 -0.000341859 0.0104237 -2.54971e-07 -8.36083e-10 -2.54971e-07 1.03522e-06 
400
1.8477
-0.684759
-0.260322
0.0120786 -0.00034209 -8.68063e-10 -0.00034209 0.0104238 -2.54973e-07 -8.68063e-10 -2.54973e-07 1.03522e-06 
401
1.8483
-0.701973
-0.27698
0.0120785 -0.000342306 -9.25437e-10 -0.000342306 0.0104239 -2.54997e-07 -9.25437e-10 -2.54997e-07 1.03522e-06 
402
1.8462
-0.712364
-0.275724
0.0120784 -0.000342651 -1.00544e-09 -0.000342651 0.0104241 -2.54996e-07 -1.00544e-09 -2.54996e-07 1.03522e-06 
403
1.85072
-0.729102
-0.289612
0.0120783 -0.000342762 -9.90457e-10 -0.000342762 0.0104241 -2.55001e-07 -9.90457e-10 -2.55001e-07 1.03522e-06 
404
1.86226
-0.736816
-0.306385
0.0120782 -0.000343023 -1.03246e-09 -0.000343023 0.0104242 -2.54988e-07 -1.03246e-09 -2.54988e-07 1.03522e-06 
405
1.87101
-0.734994
-0.315336
0.012078 -0.000343386 -1.15383e-09 -0.000343386 0.0104244 -2.54956e-07 -1.15383e-09 -2.54956e-07 1.03522e-06 
406
1.87203
-0.747275
-0.313028
0.0120779 -0.000343665 -1.27352e-09 -0.000343665 0.0104245 -2.5493e-07 -1.27352e-09 -2.5493e-07 1.03521e-06 
407
1.87512
-0.755616
-0.303977
0.0120779 -0.000343734 -1.24315e-09 -0.000343734 0.0104245 -2.54926e-07 -1.24315e-09 -2.54926e-07 1.03521e-06 
408
1.88513
-0.762498
-0.302713
0.0120779 -0.000343618 -1.13995e-09 -0.000343618 0.0104245 -2.54919e-07 -1.13995e-09 -2.54919e-07 1.03522e-06 
409
1.89375
-0.764965
-0.306244
0.0120779 -0.000343553 -1.07747e-09 -0.000343553 0.0104245 -2.54895e-07 -1.07747e-09 -2.54895e-07 1.03522e-06 
410
1.90172
-0.768297
-0.307426
0.0120779 -0.000343584 -1.07917e-09 -0.000343584 0.0104245 -2.54871e-07 -1.07917e-09 -2.54871e-07 1.03522e-06 
411
1.90572
-0.768889
-0.304498
0.0120779 -0.000343615 -1.07578e-09 -0.000343615 0.0104245 -2.5485e-07 -1.07578e-09 -2.5485e-07 1.03522e-06 
412
1.91066
-0.767654
-0.30376
0.0120779 -0.00034358 -1.05077e-09 -0.00034358 0.0104245 -2.54838e-07 -1.05077e-09 -2.54838e-07 1.03522e-06 
413
1.91128
-0.764197
-0.304302
0.0120779 -0.000343556 -1.04231e-09 -0.000343556 0.0104245 -2.54826e-07 -1.04231e-09 -2.54826e-07 1.03522e-06 
414
1.90274
-0.778205
-0.306262
0.0120779 -0.000343555 -1.05555e-09 -0.000343555 0.0104245 -2.54823e-07 -1.05555e-09 -2.54823e-07 1.03522e-06 
415
1.90472
-0.789836
-0.303061
0.0120779 -0.000343585 -1.01319e-09 -0.000343585 0.0104245 -2.54844e-07 -1.01319e-09 -2.54844e-07 1.03522e-06 
416
1.90606
-0.799621
-0.29576
0.0120779 -0.000343547 -9.35487e-10 -0.000343547 0.0104245 -2.54842e-07 -9.35487e-10 -2.54842e-07 1.03522e-06 
417
1.90845
-0.804621
-0.298165
0.012078 -0.000343417 -8.24077e-10 -0.000343417 0.0104244 -2.5484e-07 -8.24077e-10 -2.5484e-07 1.03522e-06 
418
1.91001
-0.806367
-0.297469
0.012078 -0.000343405 -7.94587e-10 -0.000343405 0.0104244 -2.54834e-07 -7.94587e-10 -2.54834e-07 1.03522e-06 
419
1.91365
-0.808087
-0.300708
0.012078 -0.00034339 -7.76786e-10 -0.00034339 0.0104244 -2.5483e-07 -7.76786e-10 -2.5483e-07 1.03522e-06 
420
1.9238
-0.811696
-0.301443
0.012078 -0.000343435 -7.90166e-10 -0.000343435 0.0104244 -2.54821e-07 -7.90166e-10 -2.54821e-07 1.03522e-06 
421
1.93657
-0.815955
-0.307814
0.012078 -0.000343464 -7.8588e-10 -0.000343464 0.0104244 -2.54795e-07 -7.8588e-10 -2.54795e-07 1.03522e-06 
422
1.93535
-0.8264
-0.314972
0.0120779 -0.000343576 -8.17427e-10 -0.000343576 0.0104245 -2.54761e-07 -8.17427e-10 -2.54761e-07 1.03522e-06 
423
1.929
-0.831756
-0.320412
0.0120779 -0.000343731 -8.405e-10 -0.000343731 0.0104245 -2.5476e-07 -8.405e-10 -2.5476e-07 1.03522e-06 
424
1.92574
-0.83675
-0.328284
0.0120778 -0.000343875 -8.7366e-10 -0.000343875 0.0104246 -2.54775e-07 -8.7366e-10 -2.54775e-07 1.03521e-06 
425
1.92421
-0.842925
-0.344276
0.0120777 -0.000344054 -9.27322e-10 -0.000344054 0.0104247 -2.54783e-07 -9.27322e-10 -2.54783e-07 1.03521e-06 
426
1.92841
-0.850571
-0.354499
0.0120776 -0.000344374 -1.04392e-09 -0.000344374 0.0104248 -2.54785e-07 -1.04392e-09 -2.54785e-07 1.03521e-06 
427
1.93103
-0.861054
-0.366677
0.0120775 -0.000344656 -1.13051e-09 -0.000344656 0.010425 -2.54774e-07 -1.13051e-09 -2.54774e-07 1.03521e-06 
428
1.93791
-0.870725
-0.377127
0.0120773 -0.000344955 -1.21297e-09 -0.000344955 0.0104251 -2.54764e-07 -1.21297e-09 -2.54764e-07 1.03521e-06 
429
1.94409
-0.879303
-0.380609
0.0120772 -0.000345233 -1.28684e-09 -0.000345233 0.0104252 -2.54745e-07 -1.28684e-09 -2.54745e-07 1.03521e-06 
430
1.94315
-0.896054
-0.384534
0.0120772 -0.000345393 -1.30911e-09 -0.000345393 0.0104253 -2.54727e-07 -1.30911e-09 -2.54727e-07 1.03521e-06 
431
1.94308
-0.907196
-0.3798
0.0120771 -0.000345515 -1.28495e-09 -0.000345515 0.0104254 -2.54727e-07 -1.28495e-09 -2.54727e-07 1.03521e-06 
432
1.95567
-0.915371
-0.37575
0.0120771 -0.000345487 -1.20894e-09 -0.000345487 0.0104253 -2.54728e-07 -1.20894e-09 -2.54728e-07 1.03521e-06 
433
1.96018
-0.912529
-0.376313
0.0120771 -0.000345412 -1.13113e-09 -0.000345412 0.0104253 -2.54698e-07 -1.13113e-09 -2.54698e-07 1.03521e-06 
434
1.97074
-0.912917
-0.37838
0.0120771 -0.000345392 -1.1294e-09 -0.000345392 0.0104253 -2.54685e-07 -1.1294e-09 -2.54685e-07 1.03521e-06 
435
1.98081
-0.912754
-0.368682
0.0120771 -0.000345417 -1.14164e-09 -0.000345417 0.0104253 -2.54657e-07 -1.14164e-09 -2.54657e-07 1.03521e-06 
436
1.98746
-0.912419
-0.357744
0.0120772 -0.000345274 -1.07153e-09 -0.000345274 0.0104252 -2.54632e-07 -1.07153e-09 -2.54632e-07 1.03521e-06 
437
1.99807
-0.914376
-0.344573
0.0120773 -0.000345048 -9.67359e-10 -0.000345048 0.0104251 -2.54615e-07 -9.67359e-10 -2.54615e-07 1.03521e-06 
438
1.99307
-0.921037
-0.335653
0.0120774 -0.000344754 -8.26569e-10 -0.000344754 0.010425 -2.54591e-07 -8.26569e-10 -2.54591e-07 1.03521e-06 
439
1.99033
-0.92278
-0.333566
0.0120775 -0.000344503 -6.87817e-10 -0.000344503 0.0104249 -2.54603e-07 -6.87817e-10 -2.54603e-07 1.03521e-06 
440
1.9923
-0.923393
-0.327986
0.0120775 -0.000344374 -6.24278e-10 -0.000344374 0.0104248 -2.54612e-07 -6.24278e-10 -2.54612e-07 1.03521e-06 
441
2.0007
-0.925762
-0.313682
0.0120776 -0.000344238 -5.59759e-10 -0.000344238 0.0104248 -2.54609e-07 -5.59759e-10 -2.54609e-07 1.03521e-06 
442
2.00188
-0.924458
-0.304489
0.0120777 -0.000343961 -4.21304e-10 -0.000343961 0.0104246 -2.54591e-07 -4.21304e-10 -2.54591e-07 1.03522e-06 
443
2.00771
-0.926173
-0.303652
0.0120778 -0.000343711 -3.15268e-10 -0.000343711 0.0104245 -2.54588e-07 -3.15268e-10 -2.54588e-07 1.03522e-06 
444
2.01167
-0.923017
-0.319354
0.0120779 -0.000343603 -2.67619e-10 -0.000343603 0.0104245 -2.54575e-07 -2.67619e-10 -2.54575e-07 1.03522e-06 
445
2.01891
-0.918224
-0.330501
0.0120778 -0.00034381 -3.8479e-10 -0.00034381 0.0104246 -2.54562e-07 -3.8479e-10 -2.54562e-07 1.03522e-06 
446
2.01852
-0.928594
-0.330593
0.0120777 -0.000344064 -5.21769e-10 -0.000344064 0.0104247 -2.54542e-07 -5.21769e-10 -2.54542e-07 1.03521e-06 
447
2.02051
-0.931999
-0.329224
0.0120777 -0.000344162 -5.19078e-10 -0.000344162 0.0104247 -2.54541e-07 -5.19078e-10 -2.54541e-07 1.03521e-06 
448
2.02144
-0.939296
-0.3298
0.0120777 -0.000344178 -5.00944e-10 -0.000344178 0.0104247 -2.54536e-07 -5.00944e-10 -2.54536e-07 1.03521e-06 
449
2.02538
-0.94741
-0.339569
0.0120776 -0.000344193 -4.74275e-10 -0.000344193 0.0104248 -2.54534e-07 -4.74275e-10 -2.54534e-07 1.03521e-06 
450
2.02527
-0.949012
-0.351963
0.0120776 -0.000344352 -5.13296e-10 -0.000344352 0.0104248 -2.54523e-07 -5.13296e-10 -2.54523e-07 1.03521e-06 
451
2.02707
-0.949763
-0.359338
0.0120775 -0.000344608 -6.19087e-10 -0.000344608 0.0104249 -2.5452e-07 -6.19087e-10 -2.5452e-07 1.03521e-06 
452
2.02072
-0.951006
-0.363346
0.0120774 -0.000344821 -7.06699e-10 -0.000344821 0.010425 -2.54514e-07 -7.06699e-10 -2.54514e-07 1.03521e-06 
453
2.01883
-0.960226
-0.367688
0.0120773 -0.000344965 -7.60091e-10 -0.000344965 0.0104251 -2.54528e-07 -7.60091e-10 -2.54528e-07 1.03521e-06 
454
2.0017
-0.976221
-0.37259
0.0120773 -0.000345088 -7.74063e-10 -0.000345088 0.0104252 -2.54533e-07 -7.74063e-10 -2.54533e-07 1.03521e-06 
455
2.00134
-0.991202
-0.383446
0.0120772 -0.000345212 -7.56892e-10 -0.000345212 0.0104252 -2.54575e-07 -7.56892e-10 -2.54575e-07 1.03521e-06 
456
2.00217
-0.997715
-0.389804
0.0120771 -0.000345429 -7.84689e-10 -0.000345429 0.0104253 -2.54578e-07 -7.84689e-10 -2.54578e-07 1.03521e-06 
457
2.00446
-1.00162
-0.401654
0.0120771 -0.000345612 -8.26701e-10 -0.000345612 0.0104254 -2.54575e-07 -8.26701e-10 -2.54575e-07 1.03521e-06 
458
2.00664
-1.0068
-0.405902
0.012077 -0.000345867 -9.19797e-10 -0.000345867 0.0104255 -2.54567e-07 -9.19797e-10 -2.54567e-07 1.03521e-06 
459
2.01035
-1.01279
-0.408142
0.0120769 -0.000346031 -9.63574e-10 -0.000346031 0.0104256 -2.5456e-07 -9.63574e-10 -2.5456e-07 1.03521e-06 
460
2.0158
-1.02089
-0.401566
0.0120768 -0.000346128 -9.7413e-10 -0.000346128 0.0104257 -2.54549e-07 -9.7413e-10 -2.54549e-07 1.03521e-06 
461
2.01629
-1.02259
-0.407448
0.0120769 -0.000346061 -8.99556e-10 -0.000346061 0.0104256 -2.54536e-07 -8.99556e-10 -2.54536e-07 1.03521e-06 
462
2.00349
-1.03306
-0.422968
0.0120768 -0.000346128 -9.20064e-10 -0.000346128 0.0104256 -2.54533e-07 -9.20064e-10 -2.54533e-07 1.03521e-06 
463
1.99626
-1.03715
-0.427379
0.0120767 -0.000346398 -1.00227e-09 -0.000346398 0.0104258 -2.54561e-07 -1.00227e-09 -2.54561e-07 1.03521e-06 
464
1.99085
-1.04084
-0.429031
0.0120767 -0.00034657 -1.04975e-09 -0.00034657 0.0104259 -2.54581e-07 -1.04975e-09 -2.54581e-07 1.03521e-06 
465
1.98208
-1.04525
-0.437798
0.0120766 -0.00034666 -1.06492e-09 -0.00034666 0.0104259 -2.54595e-07 -1.06492e-09 -2.54595e-07 1.03521e-06 
466
1.97957
-1.04914
-0.456812
0.0120766 -0.000346833 -1.12025e-09 -0.000346833 0.010426 -2.54616e-07 -1.12025e-09 -2.54616e-07 1.03521e-06 
467
1.98401
-1.05587
-0.46099
0.0120764 -0.000347197 -1.2683e-09 -0.000347197 0.0104262 -2.5462e-07 -1.2683e-09 -2.5462e-07 1.03521e-06 
468
1.98217
-1.05833
-0.456603
0.0120764 -0.0003474 -1.32081e-09 -0.0003474 0.0104263 -2.54609e-07 -1.32081e-09 -2.54609e-07 1.03521e-06 
469
1.98569
-1.06251
-0.449311
0.0120763 -0.000347408 -1.29857e-09 -0.000347408 0.0104263 -2.54612e-07 -1.29857e-09 -2.54612e-07 1.03521e-06 
470
1.9744
-1.07133
-0.446536
0.0120764 -0.000347296 -1.22263e-09 -0.000347296 0.0104262 -2.54605e-07 -1.22263e-09 -2.54605e-07 1.03521e-06 
471
1.97499
-1.07184
-0.445166
0.0120764 -0.00034721 -1.14537e-09 -0.00034721 0.0104262 -2.54633e-07 -1.14537e-09 -2.54633e-07 1.03521e-06 
472
1.98694
-1.07301
-0.432106
0.0120764 -0.000347156 -1.1146e-09 -0.000347156 0.0104261 -2.54634e-07 -1.1146e-09 -2.54634e-07 1.03521e-06 
473
1.98682
-1.06463
-0.4271
0.0120765 -0.00034693 -1.00269e-09 -0.00034693 0.010426 -2.54607e-07 -1.00269e-09 -2.54607e-07 1.03521e-06 
474
1.99016
-1.06631
-0.441218
0.0120766 -0.000346766 -9.63555e-10 -0.000346766 0.0104259 -2.54606e-07 -9.63555e-10 -2.54606e-07 1.03521e-06 
475
1.99573
-1.06912
-0.451304
0.0120765 -0.000346926 -1.04493e-09 -0.000346926 0.010426 -2.54596e-07 -1.04493e-09 -2.54596e-07 1.03521e-06 
476
2.00694
-1.07155
-0.434962
0.0120764 -0.000347145 -1.13277e-09 -0.000347145 0.0104261 -2.5458e-07 -1.13277e-09 -2.5458e-07 1.03521e-06 
477
2.01746
-1.06831
-0.421063
0.0120765 -0.000346971 -1.02686e-09 -0.000346971 0.0104261 -2.54554e-07 -1.02686e-09 -2.54554e-07 1.03521e-06 
478
2.00331
-1.06343
-0.42099
0.0120766 -0.000346686 -9.04242e-10 -0.000346686 0.0104259 -2.54529e-07 -9.04242e-10