0
0
0
-0.000706333
0.00800061 -2.68385e-11 1.2769e-14 -2.68385e-11 0.00900061 -9.84301e-12 1.2769e-14 -9.84301e-12 1.24978e-06 
1
0
0
0.000265454
0.0150026 1.73764e-08 -1.56067e-11 1.73764e-08 0.0170026 -6.44479e-09 -1.56067e-11 -6.44479e-09 1.03722e-06 
2
0
0
0.000458655
0.0220062 3.28221e-09 -3.20084e-11 3.28221e-09 0.0250061 -1.73336e-08 -3.20084e-11 -1.73336e-08 1.03685e-06 
3
0
0
0.000176763
0.0290117 -3.29069e-08 -4.58939e-11 -3.29069e-08 0.0330113 -3.11466e-08 -4.58939e-11 -3.11466e-08 1.03711e-06 
4
0
0
-1.0679e-05
0.036019 -5.3764e-08 -5.88874e-11 -5.3764e-08 0.0410185 -4.77371e-08 -5.88874e-11 -4.77371e-08 1.03672e-06 
5
0
0
-0.00124332
0.043028 -5.73926e-08 -6.57519e-11 -5.73926e-08 0.0490275 -6.68848e-08 -6.57519e-11 -6.68848e-08 1.03632e-06 
6
0
0
0.000433024
0.0500387 1.22035e-07 -8.16898e-11 1.22035e-07 0.0570384 -8.82426e-08 -8.16898e-11 -8.82426e-08 1.03601e-06 
7
0
-0.0534637
0.000810445
0.0570507 3.68391e-08 -4.18414e-11 3.68391e-08 0.0650513 -1.11424e-07 -4.18414e-11 -1.11424e-07 1.03577e-06 
8
0
-0.0684604
0.000889867
0.0640641 -1.37228e-07 1.86698e-12 -1.37228e-07 0.0730661 -1.36046e-07 1.86698e-12 -1.36046e-07 1.03559e-06 
9
0
-0.0848056
-0.000402523
0.0710785 -3.52108e-07 5.23799e-11 -3.52108e-07 0.0810826 -1.61743e-07 5.23799e-11 -1.61743e-07 1.03545e-06 
10
0
-0.10329
0.000557815
0.0780938 -2.68646e-07 7.73783e-11 -2.68646e-07 0.0891008 -1.8818e-07 7.73783e-11 -1.8818e-07 1.03535e-06 
11
0
-0.122778
-0.000313897
0.0851099 -4.41969e-07 1.65668e-10 -4.41969e-07 0.0971206 -2.1505e-07 1.65668e-10 -2.1505e-07 1.03528e-06 
12
0
-0.143959
-9.33668e-05
0.0921267 -3.69989e-07 2.23529e-10 -3.69989e-07 0.105142 -2.42086e-07 2.23529e-10 -2.42086e-07 1.03523e-06 
13
0
-0.16633
0.000499961
0.099144 -3.64232e-07 3.15286e-10 -3.64232e-07 0.113165 -2.69051e-07 3.15286e-10 -2.69051e-07 1.03519e-06 
14
0
-0.189484
2.83441e-05
0.106162 -5.66355e-07 4.3575e-10 -5.66355e-07 0.121188 -2.95742e-07 4.3575e-10 -2.95742e-07 1.03517e-06 
15
0
-0.214007
0.000143611
0.11318 -6.05923e-07 5.33082e-10 -6.05923e-07 0.129214 -3.21989e-07 5.33082e-10 -3.21989e-07 1.03515e-06 
16
0
-0.239217
-0.000457152
0.120198 -6.9431e-07 6.52566e-10 -6.9431e-07 0.13724 -3.47653e-07 6.52566e-10 -3.47653e-07 1.03515e-06 
17
0
-0.26542
-0.000251566
0.127217 -5.3203e-07 7.53323e-10 -5.3203e-07 0.145267 -3.72622e-07 7.53323e-10 -3.72622e-07 1.03514e-06 
18
0
-0.29243
-0.000104455
0.134236 -4.52541e-07 8.84101e-10 -4.52541e-07 0.153294 -3.96808e-07 8.84101e-10 -3.96808e-07 1.03514e-06 
19
0
-0.320512
0.00134
0.141255 -4.38208e-07 1.02412e-09 -4.38208e-07 0.161323 -4.20145e-07 1.02412e-09 -4.20145e-07 1.03514e-06 
20
0
-0.347781
-0.000977
0.148274 -1.14738e-06 1.22888e-09 -1.14738e-06 0.169352 -4.42585e-07 1.22888e-09 -4.42585e-07 1.03515e-06 
21
0
-0.376897
-6.57779e-05
0.155293 -6.70405e-07 1.28929e-09 -6.70405e-07 0.177382 -4.641e-07 1.28929e-09 -4.641e-07 1.03515e-06 
22
0
-0.406224
0.000126012
0.162313 -6.73004e-07 1.4562e-09 -6.73004e-07 0.185412 -4.84671e-07 1.4562e-09 -4.84671e-07 1.03515e-06 
23
0
-0.435901
-0.000274867
0.169332 -7.85629e-07 1.61889e-09 -7.85629e-07 0.193443 -5.0429e-07 1.61889e-09 -5.0429e-07 1.03516e-06 
24
0
-0.465755
1.81044e-05
0.176352 -6.60577e-07 1.75652e-09 -6.60577e-07 0.201475 -5.22967e-07 1.75652e-09 -5.22967e-07 1.03517e-06 
25
0
-0.496353
0.000661521
0.183371 -7.13327e-07 1.91967e-09 -7.13327e-07 0.209506 -5.40708e-07 1.91967e-09 -5.40708e-07 1.03517e-06 
26
0
-0.526636
-0.000298752
0.190391 -1.18766e-06 2.11049e-09 -1.18766e-06 0.217538 -5.57534e-07 2.11049e-09 -5.57534e-07 1.03518e-06 
27
0
-0.55766
0.000146772
0.197411 -1.02753e-06 2.23278e-09 -1.02753e-06 0.22557 -5.73468e-07 2.23278e-09 -5.73468e-07 1.03518e-06 
28
0
-0.588226
-0.000233478
0.20443 -1.17404e-06 2.40524e-09 -1.17404e-06 0.233603 -5.88534e-07 2.40524e-09 -5.88534e-07 1.03519e-06 
29
0
-0.61961
-0.000181134
0.21145 -1.04736e-06 2.54779e-09 -1.04736e-06 0.241636 -6.02767e-07 2.54779e-09 -6.02767e-07 1.03519e-06 
30
0
-0.650918
-0.00086539
0.21847 -9.54674e-07 2.7057e-09 -9.54674e-07 0.249669 -6.16192e-07 2.7057e-09 -6.16192e-07 1.03519e-06 
31
0
-0.683458
0.00127093
0.22549 -3.23984e-07 2.82836e-09 -3.23984e-07 0.257702 -6.28846e-07 2.82836e-09 -6.28846e-07 1.0352e-06 
32
0
-0.714486
-4.66171e-06
0.23251 -1.39224e-06 3.08771e-09 -1.39224e-06 0.265735 -6.40762e-07 3.08771e-09 -6.40762e-07 1.0352e-06 
33
0
-0.745613
-0.0010197
0.23953 -1.43337e-06 3.21194e-09 -1.43337e-06 0.273769 -6.51976e-07 3.21194e-09 -6.51976e-07 1.0352e-06 
34
0
-0.777833
-0.000503904
0.24655 -6.05709e-07 3.3105e-09 -6.05709e-07 0.281802 -6.62519e-07 3.3105e-09 -6.62519e-07 1.03521e-06 
35
0
-0.810011
-0.000580515
0.253569 -2.07028e-07 3.47704e-09 -2.07028e-07 0.289836 -6.72422e-07 3.47704e-09 -6.72422e-07 1.03521e-06 
36
0
-0.842461
-8.74354e-05
0.260589 2.73714e-07 3.62991e-09 2.73714e-07 0.29787 -6.81721e-07 3.62991e-09 -6.81721e-07 1.03521e-06 
37
0
-0.874382
0.000387372
0.267609 3.09413e-07 3.81082e-09 3.09413e-07 0.305903 -6.90446e-07 3.81082e-09 -6.90446e-07 1.03521e-06 
38
0
-0.906154
1.18072e-05
0.274629 -1.0743e-07 3.99955e-09 -1.0743e-07 0.313937 -6.98629e-07 3.99955e-09 -6.98629e-07 1.03521e-06 
39
0
-0.938982
0.00108892
0.281649 -1.6516e-07 4.14871e-09 -1.6516e-07 0.321971 -7.06301e-07 4.14871e-09 -7.06301e-07 1.03522e-06 
40
0
-0.970506
1.47119e-05
0.288669 -1.30922e-06 4.36875e-09 -1.30922e-06 0.330005 -7.1349e-07 4.36875e-09 -7.1349e-07 1.03522e-06 
41
0
-1.00322
0.00143955
0.295689 -1.37085e-06 4.49204e-09 -1.37085e-06 0.33804 -7.20223e-07 4.49204e-09 -7.20223e-07 1.03522e-06 
42
0
-1.03453
0.000145533
0.302709 -2.94166e-06 4.72517e-09 -2.94166e-06 0.346074 -7.26528e-07 4.72517e-09 -7.26528e-07 1.03522e-06 
43
0
-1.06631
-0.000519446
0.309729 -3.14614e-06 4.84069e-09 -3.14614e-06 0.354108 -7.3243e-07 4.84069e-09 -7.3243e-07 1.03522e-06 
44
0
-1.09906
-2.86919e-05
0.316749 -2.6166e-06 4.95406e-09 -2.6166e-06 0.362142 -7.37949e-07 4.95406e-09 -7.37949e-07 1.03522e-06 
45
0
-1.13234
0.000268169
0.323769 -2.63092e-06 5.12537e-09 -2.63092e-06 0.370177 -7.43111e-07 5.12537e-09 -7.43111e-07 1.03522e-06 
46
0
-1.16445
-0.000436304
0.330789 -2.98901e-06 5.30457e-09 -2.98901e-06 0.378211 -7.4794e-07 5.30457e-09 -7.4794e-07 1.03522e-06 
47
0
-1.19802
0.000540536
0.337809 -2.51874e-06 5.42849e-09 -2.51874e-06 0.386245 -7.52455e-07 5.42849e-09 -7.52455e-07 1.03522e-06 
48
0
-1.23044
0.000435365
0.344829 -3.22038e-06 5.63227e-09 -3.22038e-06 0.39428 -7.56676e-07 5.63227e-09 -7.56676e-07 1.03522e-06 
49
0
-1.26236
-0.000499293
0.351849 -3.80576e-06 5.79818e-09 -3.80576e-06 0.402314 -7.60619e-07 5.79818e-09 -7.60619e-07 1.03522e-06 
50
0
-1.29473
8.90481e-05
0.358869 -3.22299e-06 5.90711e-09 -3.22299e-06 0.410349 -7.64304e-07 5.90711e-09 -7.64304e-07 1.03522e-06 
51
0
-1.32692
0.000259364
0.365889 -3.38483e-06 6.07981e-09 -3.38483e-06 0.418383 -7.67746e-07 6.07981e-09 -7.67746e-07 1.03522e-06 
52
0
-1.35992
0.000471794
0.372909 -3.77249e-06 6.24753e-09 -3.77249e-06 0.426418 -7.70962e-07 6.24753e-09 -7.70962e-07 1.03522e-06 
53
0
-1.39196
8.84356e-07
0.379929 -4.45094e-06 6.42212e-09 -4.45094e-06 0.434452 -7.73966e-07 6.42212e-09 -7.73966e-07 1.03522e-06 
54
0
-1.42512
0.000591899
0.386949 -4.49949e-06 6.55814e-09 -4.49949e-06 0.442487 -7.7677e-07 6.55814e-09 -7.7677e-07 1.03522e-06 
55
0
-1.45735
-0.000114167
0.393969 -5.36873e-06 6.74474e-09 -5.36873e-06 0.450521 -7.79388e-07 6.74474e-09 -7.79388e-07 1.03522e-06 
56
0
-1.48947
-0.000832975
0.400989 -5.25473e-06 6.87124e-09 -5.25473e-06 0.458556 -7.8183e-07 6.87124e-09 -7.8183e-07 1.03522e-06 
57
0
-1.52238
-5.34129e-05
0.408009 -4.10335e-06 6.97573e-09 -4.10335e-06 0.46659 -7.84111e-07 6.97573e-09 -7.84111e-07 1.03523e-06 
58
0
-1.55509
0.000380362
0.415029 -4.0726e-06 7.15401e-09 -4.0726e-06 0.474625 -7.86239e-07 7.15401e-09 -7.86239e-07 1.03523e-06 
59
0
-1.58752
0.000310754
0.422049 -4.68681e-06 7.33605e-09 -4.68681e-06 0.482659 -7.88224e-07 7.33605e-09 -7.88224e-07 1.03523e-06 
60
0
-1.62015
0.000687472
0.429069 -5.20521e-06 7.49512e-09 -5.20521e-06 0.490694 -7.90077e-07 7.49512e-09 -7.90077e-07 1.03523e-06 
61
0
-1.65204
-0.000512455
0.436089 -6.3119e-06 7.67502e-09 -6.3119e-06 0.498728 -7.91809e-07 7.67502e-09 -7.91809e-07 1.03523e-06 
62
0
-1.68533
8.49705e-06
0.443109 -5.55693e-06 7.77113e-09 -5.55693e-06 0.506763 -7.93422e-07 7.77113e-09 -7.93422e-07 1.03523e-06 
63
0
-1.71883
0.000949739
0.450129 -5.61805e-06 7.93841e-09 -5.61805e-06 0.514798 -7.94926e-07 7.93841e-09 -7.94926e-07 1.03523e-06 
64
0
-1.75077
0.000131406
0.457149 -7.20115e-06 8.15033e-09 -7.20115e-06 0.522832 -7.96329e-07 8.15033e-09 -7.96329e-07 1.03523e-06 
65
0
-1.78314
-0.000422291
0.464169 -7.46454e-06 8.27705e-09 -7.46454e-06 0.530867 -7.97638e-07 8.27705e-09 -7.97638e-07 1.03523e-06 
66
0
-1.81629
3.99626e-06
0.471189 -6.80801e-06 8.39347e-09 -6.80801e-06 0.538901 -7.98862e-07 8.39347e-09 -7.98862e-07 1.03523e-06 
67
0
-1.84891
-1.7979e-05
0.478209 -6.86244e-06 8.55883e-09 -6.86244e-06 0.546936 -8e-07 8.55883e-09 -8e-07 1.03523e-06 
68
0
-1.88091
-0.000422593
0.485229 -6.87921e-06 8.71136e-09 -6.87921e-06 0.554971 -8.01063e-07 8.71136e-09 -8.01063e-07 1.03523e-06 
69
0
-1.91463
0.000873642
0.492249 -6.19007e-06 8.83698e-09 -6.19007e-06 0.563005 -8.02054e-07 8.83698e-09 -8.02054e-07 1.03523e-06 
70
0
-1.94724
0.000529291
0.499269 -7.7832e-06 9.05594e-09 -7.7832e-06 0.57104 -8.02977e-07 9.05594e-09 -8.02977e-07 1.03523e-06 
71
0
-1.97957
5.67726e-06
0.506289 -8.7806e-06 9.21193e-09 -8.7806e-06 0.579075 -8.03837e-07 9.21193e-09 -8.03837e-07 1.03523e-06 
72
0
-2.01219
7.75545e-05
0.513309 -8.83864e-06 9.34018e-09 -8.83864e-06 0.587109 -8.04639e-07 9.34018e-09 -8.04639e-07 1.03523e-06 
73
0
-2.04489
-2.12444e-05
0.520329 -9.02946e-06 9.49081e-09 -9.02946e-06 0.595144 -8.05389e-07 9.49081e-09 -8.05389e-07 1.03523e-06 
74
0
-2.07746
-0.000197261
0.527349 -9.03747e-06 9.63686e-09 -9.03747e-06 0.603178 -8.06088e-07 9.63686e-09 -8.06088e-07 1.03523e-06 
75
0
-2.10961
-0.000697784
0.534369 -8.71127e-06 9.77574e-09 -8.71127e-06 0.611213 -8.06738e-07 9.77574e-09 -8.06738e-07 1.03523e-06 
76
0
-2.14325
0.00063386
0.541389 -7.41849e-06 9.89058e-09 -7.41849e-06 0.619248 -8.07343e-07 9.89058e-09 -8.07343e-07 1.03523e-06 
77
0
-2.17571
0.000303585
0.548409 -8.7001e-06 1.01048e-08 -8.7001e-06 0.627282 -8.07908e-07 1.01048e-08 -8.07908e-07 1.03523e-06 
78
0
-2.20841
0.00019871
0.555429 -9.3465e-06 1.02562e-08 -9.3465e-06 0.635317 -8.08436e-07 1.02562e-08 -8.08436e-07 1.03523e-06 
79
0
-2.24109
-2.30647e-05
0.562449 -9.79116e-06 1.04055e-08 -9.79116e-06 0.643352 -8.0893e-07 1.04055e-08 -8.0893e-07 1.03523e-06 
80
0
-2.27416
0.00061815
0.569469 -9.7923e-06 1.05458e-08 -9.7923e-06 0.651386 -8.09389e-07 1.05458e-08 -8.09389e-07 1.03523e-06 
81
0
-2.30651
0.000151742
0.576489 -1.11061e-05 1.07322e-08 -1.11061e-05 0.659421 -8.09819e-07 1.07322e-08 -8.09819e-07 1.03523e-06 
82
0
-2.34026
0.000894343
0.583509 -1.14685e-05 1.08697e-08 -1.14685e-05 0.667456 -8.10217e-07 1.08697e-08 -8.10217e-07 1.03523e-06 
83
0
-2.37247
0.000684222
0.590529 -1.33933e-05 1.10663e-08 -1.33933e-05 0.67549 -8.10589e-07 1.10663e-08 -8.10589e-07 1.03523e-06 
84
0
-2.40502
0.00051981
0.597549 -1.48944e-05 1.12232e-08 -1.48944e-05 0.683525 -8.10936e-07 1.12232e-08 -8.10936e-07 1.03523e-06 
85
0
-2.43776
0.000706197
0.604569 -1.60596e-05 1.13735e-08 -1.60596e-05 0.69156 -8.11256e-07 1.13735e-08 -8.11256e-07 1.03523e-06 
86
0
-2.46966
4.33043e-05
0.611589 -1.76433e-05 1.15407e-08 -1.76433e-05 0.699594 -8.1156e-07 1.15407e-08 -8.1156e-07 1.03523e-06 
87
0
-2.50237
0.000533636
0.618609 -1.77864e-05 1.16613e-08 -1.77864e-05 0.707629 -8.11842e-07 1.16613e-08 -8.11842e-07 1.03523e-06 
88
0
-2.53474
-0.000250286
0.625629 -1.90219e-05 1.1833e-08 -1.90219e-05 0.715664 -8.12103e-07 1.1833e-08 -8.12103e-07 1.03523e-06 
89
0
-2.5676
-0.000279222
0.632649 -1.85065e-05 1.19465e-08 -1.85065e-05 0.723698 -8.12348e-07 1.19465e-08 -8.12348e-07 1.03523e-06 
90
0
-2.60003
-4.2797e-05
0.639669 -1.79188e-05 1.20834e-08 -1.79188e-05 0.731733 -8.12576e-07 1.20834e-08 -8.12576e-07 1.03523e-06 
91
0
-2.63305
0.000417668
0.646689 -1.78682e-05 1.22375e-08 -1.78682e-05 0.739768 -8.1279e-07 1.22375e-08 -8.1279e-07 1.03523e-06 
92
0
-2.66557
0.000213657
0.653709 -1.88881e-05 1.24137e-08 -1.88881e-05 0.747802 -8.12991e-07 1.24137e-08 -8.12991e-07 1.03523e-06 
93
0
-2.69741
-0.00076468
0.660729 -1.94386e-05 1.25604e-08 -1.94386e-05 0.755837 -8.13176e-07 1.25604e-08 -8.13176e-07 1.03523e-06 
94
0
-2.73053
-0.000853321
0.667749 -1.76683e-05 1.26518e-08 -1.76683e-05 0.763872 -8.13352e-07 1.26518e-08 -8.13352e-07 1.03523e-06 
95
0
-2.76359
3.65797e-05
0.674769 -1.56657e-05 1.27755e-08 -1.56657e-05 0.771906 -8.13516e-07 1.27755e-08 -8.13516e-07 1.03523e-06 
96
0
-2.79626
-0.000131816
0.681789 -1.58025e-05 1.29599e-08 -1.58025e-05 0.779941 -8.13668e-07 1.29599e-08 -8.13668e-07 1.03523e-06 
97
0
-2.8289
-0.000121794
0.688809 -1.5527e-05 1.31061e-08 -1.5527e-05 0.787976 -8.1381e-07 1.31061e-08 -8.1381e-07 1.03523e-06 
98
0
-2.86174
0.000347234
0.695829 -1.5273e-05 1.32536e-08 -1.5273e-05 0.79601 -8.13943e-07 1.32536e-08 -8.13943e-07 1.03523e-06 
99
0
-2.89375
0.000241312
0.702849 -1.61907e-05 1.34287e-08 -1.61907e-05 0.804045 -8.14066e-07 1.34287e-08 -8.14066e-07 1.03523e-06 
100
0
-2.92617
-4.57781e-05
0.709869 -1.68491e-05 1.35793e-08 -1.68491e-05 0.81208 -8.14181e-07 1.35793e-08 -8.14181e-07 1.03523e-06 
101
0
-2.95841
-0.000674274
0.716889 -1.67801e-05 1.37152e-08 -1.67801e-05 0.820114 -8.14289e-07 1.37152e-08 -8.14289e-07 1.03523e-06 
102
0
-2.99189
0.000520572
0.723909 -1.50881e-05 1.3824e-08 -1.50881e-05 0.828149 -8.1439e-07 1.3824e-08 -8.1439e-07 1.03523e-06 
103
0
-3.02397
3.93364e-05
0.730929 -1.64927e-05 1.40285e-08 -1.64927e-05 0.836184 -8.14485e-07 1.40285e-08 -8.14485e-07 1.03523e-06 
104
0
-3.05621
-0.000826249
0.737949 -1.66442e-05 1.41658e-08 -1.66442e-05 0.844218 -8.14572e-07 1.41658e-08 -8.14572e-07 1.03523e-06 
105
0
-3.08874
-0.000497888
0.744969 -1.4497e-05 1.42628e-08 -1.4497e-05 0.852253 -8.14656e-07 1.42628e-08 -8.14656e-07 1.03523e-06 
106
0
-3.12215
3.4168e-05
0.751989 -1.32097e-05 1.44099e-08 -1.32097e-05 0.860288 -8.14733e-07 1.44099e-08 -8.14733e-07 1.03523e-06 
107
0
-3.15425
3.11466e-05
0.759009 -1.33502e-05 1.45861e-08 -1.33502e-05 0.868322 -8.14807e-07 1.45861e-08 -8.14807e-07 1.03523e-06 
108
0
-3.18692
7.27188e-05
0.766029 -1.34833e-05 1.47396e-08 -1.34833e-05 0.876357 -8.14875e-07 1.47396e-08 -8.14875e-07 1.03523e-06 
109
0
-3.21956
0.000464469
0.773049 -1.37319e-05 1.4894e-08 -1.37319e-05 0.884392 -8.1494e-07 1.4894e-08 -8.1494e-07 1.03523e-06 
110
0
-3.25187
0.000738863
0.780069 -1.50728e-05 1.50692e-08 -1.50728e-05 0.892426 -8.15e-07 1.50692e-08 -8.15e-07 1.03523e-06 
111
0
-3.28458
0.000936417
0.787089 -1.71963e-05 1.52455e-08 -1.71963e-05 0.900461 -8.15057e-07 1.52455e-08 -8.15057e-07 1.03523e-06 
112
0
-3.31619
-0.000331405
0.794109 -1.98984e-05 1.5423e-08 -1.98984e-05 0.908496 -8.15109e-07 1.5423e-08 -8.15109e-07 1.03523e-06 
113
0
-3.34969
0.000223333
0.801129 -1.89987e-05 1.55147e-08 -1.89987e-05 0.91653 -8.15162e-07 1.55147e-08 -8.15162e-07 1.03523e-06 
114
0
-3.38261
0.000264456
0.808149 -1.96911e-05 1.56844e-08 -1.96911e-05 0.924565 -8.15209e-07 1.56844e-08 -8.15209e-07 1.03523e-06 
115
0
-3.41542
0.000437278
0.815169 -2.05089e-05 1.58442e-08 -2.05089e-05 0.9326 -8.15254e-07 1.58442e-08 -8.15254e-07 1.03523e-06 
116
0
-3.44811
0.000798678
0.822189 -2.18407e-05 1.60099e-08 -2.18407e-05 0.940634 -8.15296e-07 1.60099e-08 -8.15296e-07 1.03523e-06 
117
0
-3.48003
-2.70185e-05
0.829209 -2.42538e-05 1.61893e-08 -2.42538e-05 0.948669 -8.15336e-07 1.61893e-08 -8.15336e-07 1.03523e-06 
118
0
-3.51344
0.000702886
0.836229 -2.42212e-05 1.6305e-08 -2.42212e-05 0.956704 -8.15374e-07 1.6305e-08 -8.15374e-07 1.03523e-06 
119
0
-3.54581
-1.18451e-05
0.843249 -2.63864e-05 1.64922e-08 -2.63864e-05 0.964738 -8.1541e-07 1.64922e-08 -8.1541e-07 1.03523e-06 
120
0
-3.57929
0.00050927
0.850269 -2.63985e-05 1.66156e-08 -2.63985e-05 0.972773 -8.15443e-07 1.66156e-08 -8.15443e-07 1.03523e-06 
121
0
-3.61215
0.000755409
0.857289 -2.80064e-05 1.67924e-08 -2.80064e-05 0.980808 -8.15475e-07 1.67924e-08 -8.15475e-07 1.03523e-06 
122
0
-3.64483
0.00137032
0.864309 -3.03872e-05 1.69678e-08 -3.03872e-05 0.988842 -8.15505e-07 1.69678e-08 -8.15505e-07 1.03523e-06 
123
0
-3.67682
0.00114994
0.871329 -3.47016e-05 1.71667e-08 -3.47016e-05 0.996877 -8.15531e-07 1.71667e-08 -8.15531e-07 1.03523e-06 
124
0
-3.70953
0.000753115
0.878349 -3.83591e-05 1.73276e-08 -3.83591e-05 1.00491 -8.15558e-07 1.73276e-08 -8.15558e-07 1.03523e-06 
125
0
-3.74233
0.000588197
0.885369 -4.07902e-05 1.74707e-08 -4.07902e-05 1.01295 -8.15584e-07 1.74707e-08 -8.15584e-07 1.03523e-06 
126
0
-3.77501
0.00108319
0.892389 -4.27144e-05 1.76179e-08 -4.27144e-05 1.02098 -8.15609e-07 1.76179e-08 -8.15609e-07 1.03523e-06 
127
0
-3.80743
0.00033648
0.899409 -4.62449e-05 1.78003e-08 -4.62449e-05 1.02902 -8.15633e-07 1.78003e-08 -8.15633e-07 1.03523e-06 
128
0
-3.83989
0.000100592
0.906429 -4.73834e-05 1.79236e-08 -4.73834e-05 1.03705 -8.15652e-07 1.79236e-08 -8.15652e-07 1.03523e-06 
129
0
-3.8724
0.000338384
0.913449 -4.77601e-05 1.80546e-08 -4.77601e-05 1.04508 -8.15674e-07 1.80546e-08 -8.15674e-07 1.03523e-06 
130
0
-3.90511
4.20541e-05
0.920469 -4.8922e-05 1.82109e-08 -4.8922e-05 1.05312 -8.15693e-07 1.82109e-08 -8.15693e-07 1.03523e-06 
131
0
-3.93768
-6.10819e-05
0.927489 -4.91097e-05 1.83453e-08 -4.91097e-05 1.06115 -8.15711e-07 1.83453e-08 -8.15711e-07 1.03523e-06 
132
0
-3.97144
0.00138305
0.934509 -4.89539e-05 1.8482e-08 -4.89539e-05 1.06919 -8.15729e-07 1.8482e-08 -8.15729e-07 1.03523e-06 
133
0
-4.00343
0.000472979
0.941529 -5.3659e-05 1.87113e-08 -5.3659e-05 1.07722 -8.15747e-07 1.87113e-08 -8.15747e-07 1.03523e-06 
134
0
-4.036
-3.23564e-05
0.948549 -5.53118e-05 1.88359e-08 -5.53118e-05 1.08526 -8.15764e-07 1.88359e-08 -8.15764e-07 1.03523e-06 
135
0
-4.06901
0.000225432
0.955569 -5.52495e-05 1.8954e-08 -5.52495e-05 1.09329 -8.1578e-07 1.8954e-08 -8.1578e-07 1.03523e-06 
136
0
-4.1022
0.000972213
0.962589 -5.60741e-05 1.9109e-08 -5.60741e-05 1.10133 -8.15795e-07 1.9109e-08 -8.15795e-07 1.03523e-06 
137
0
-4.13456
0.000409794
0.969609 -5.94945e-05 1.93032e-08 -5.94945e-05 1.10936 -8.15812e-07 1.93032e-08 -8.15812e-07 1.03523e-06 
138
0
-4.16653
-0.000390987
0.976629 -6.09747e-05 1.94367e-08 -6.09747e-05 1.1174 -8.15826e-07 1.94367e-08 -8.15826e-07 1.03523e-06 
139
0
-4.20006
0.000509556
0.983649 -5.96471e-05 1.95359e-08 -5.96471e-05 1.12543 -8.15841e-07 1.95359e-08 -8.15841e-07 1.03523e-06 
140
0
-4.23152
-0.000425654
0.990669 -6.15016e-05 1.97213e-08 -6.15016e-05 1.13347 -8.15853e-07 1.97213e-08 -8.15853e-07 1.03523e-06 
141
0
-4.26408
-0.000160028
0.997689 -6.00304e-05 1.98216e-08 -6.00304e-05 1.1415 -8.15865e-07 1.98216e-08 -8.15865e-07 1.03523e-06 
142
0
-4.29738
0.000765993
1.00471 -5.95035e-05 1.99668e-08 -5.95035e-05 1.14954 -8.15876e-07 1.99668e-08 -8.15876e-07 1.03523e-06 
143
0
-4.32916
-0.00014118
1.01173 -6.23254e-05 2.01649e-08 -6.23254e-05 1.15757 -8.1589e-07 2.01649e-08 -8.1589e-07 1.03523e-06 
144
0
-4.36265
0.00118288
1.01875 -6.1859e-05 2.02749e-08 -6.1859e-05 1.16561 -8.15903e-07 2.02749e-08 -8.15903e-07 1.03523e-06 
145
0
-4.39485
0.000595768
1.02577 -6.62503e-05 2.0491e-08 -6.62503e-05 1.17364 -8.15915e-07 2.0491e-08 -8.15915e-07 1.03523e-06 
146
0
-4.42726
0.000670802
1.03279 -6.85011e-05 2.06303e-08 -6.85011e-05 1.18167 -8.15929e-07 2.06303e-08 -8.15929e-07 1.03523e-06 
147
0
-4.45905
8.2771e-05
1.03981 -7.10464e-05 2.0786e-08 -7.10464e-05 1.18971 -8.1594e-07 2.0786e-08 -8.1594e-07 1.03523e-06 
148
0
-4.49059
-0.000827734
1.04683 -7.1405e-05 2.0905e-08 -7.1405e-05 1.19774 -8.1595e-07 2.0905e-08 -8.1595e-07 1.03523e-06 
149
0
-4.5239
-0.000344904
1.05385 -6.83306e-05 2.09893e-08 -6.83306e-05 1.20578 -8.15959e-07 2.09893e-08 -8.15959e-07 1.03523e-06 
150
0
-4.55741
0.00100916
1.06087 -6.70691e-05 2.11415e-08 -6.70691e-05 1.21381 -8.15968e-07 2.11415e-08 -8.15968e-07 1.03523e-06 
151
0
-4.58869
-0.000694404
1.06789 -7.09762e-05 2.1364e-08 -7.09762e-05 1.22185 -8.15978e-07 2.1364e-08 -8.15978e-07 1.03523e-06 
152
0
-4.62188
-0.000383213
1.07491 -6.8352e-05 2.14347e-08 -6.8352e-05 1.22988 -8.1599e-07 2.14347e-08 -8.1599e-07 1.03523e-06 
153
0
-4.65534
0.00085496
1.08193 -6.69158e-05 2.1577e-08 -6.69158e-05 1.23792 -8.15997e-07 2.1577e-08 -8.15997e-07 1.03523e-06 
154
0
-4.68722
-0.000379501
1.08895 -7.02984e-05 2.17912e-08 -7.02984e-05 1.24595 -8.16005e-07 2.17912e-08 -8.16005e-07 1.03523e-06 
155
0
-4.71999
-0.00057558
1.09597 -6.88573e-05 2.18882e-08 -6.88573e-05 1.25399 -8.16015e-07 2.18882e-08 -8.16015e-07 1.03523e-06 
156
0
-4.75329
0.000376492
1.10299 -6.66321e-05 2.20097e-08 -6.66321e-05 1.26202 -8.16025e-07 2.20097e-08 -8.16025e-07 1.03523e-06 
157
0
-4.78542
-0.000324485
1.11001 -6.81775e-05 2.22009e-08 -6.81775e-05 1.27006 -8.16032e-07 2.22009e-08 -8.16032e-07 1.03523e-06 
158
0
-4.81877
0.000116684
1.11703 -6.69277e-05 2.23192e-08 -6.69277e-05 1.27809 -8.16039e-07 2.23192e-08 -8.16039e-07 1.03523e-06 
159
0
-4.85165
0.00077044
1.12405 -6.74461e-05 2.24851e-08 -6.74461e-05 1.28613 -8.16048e-07 2.24851e-08 -8.16048e-07 1.03523e-06 
160
0
-4.88443
0.000361935
1.13107 -7.06164e-05 2.26761e-08 -7.06164e-05 1.29416 -8.16055e-07 2.26761e-08 -8.16055e-07 1.03523e-06 
161
0
-4.91672
3.78909e-05
1.13809 -7.21407e-05 2.282e-08 -7.21407e-05 1.30219 -8.16065e-07 2.282e-08 -8.16065e-07 1.03523e-06 
162
0
-4.94882
-0.000114245
1.14511 -7.23447e-05 2.29522e-08 -7.23447e-05 1.31023 -8.16076e-07 2.29522e-08 -8.16076e-07 1.03523e-06 
163
0
-4.98182
0.000717086
1.15213 -7.19217e-05 2.30866e-08 -7.19217e-05 1.31826 -8.16084e-07 2.30866e-08 -8.16084e-07 1.03523e-06 
164
0
-5.01418
0.00035989
1.15915 -7.49486e-05 2.32793e-08 -7.49486e-05 1.3263 -8.16091e-07 2.32793e-08 -8.16091e-07 1.03523e-06 
165
0
-5.04591
-0.000529156
1.16617 -7.65011e-05 2.34237e-08 -7.65011e-05 1.33433 -8.161e-07 2.34237e-08 -8.161e-07 1.03523e-06 
166
0
-5.07946
0.000649692
1.17319 -7.43251e-05 2.35212e-08 -7.43251e-05 1.34237 -8.1611e-07 2.35212e-08 -8.1611e-07 1.03523e-06 
167
0
-5.11177
0.000216493
1.18021 -7.71216e-05 2.37234e-08 -7.71216e-05 1.3504 -8.16118e-07 2.37234e-08 -8.16118e-07 1.03523e-06 
168
0
-5.14507
0.000711325
1.18723 -7.80914e-05 2.38639e-08 -7.80914e-05 1.35844 -8.16128e-07 2.38639e-08 -8.16128e-07 1.03523e-06 
169
0
-5.17656
-0.000671934
1.19425 -8.11847e-05 2.40443e-08 -8.11847e-05 1.36647 -8.16136e-07 2.40443e-08 -8.16136e-07 1.03523e-06 
170
0
-5.20958
-9.22496e-05
1.20127 -7.83403e-05 2.4124e-08 -7.83403e-05 1.37451 -8.16146e-07 2.4124e-08 -8.16146e-07 1.03523e-06 
171
0
-5.24294
0.000795202
1.20829 -7.79894e-05 2.42842e-08 -7.79894e-05 1.38254 -8.16155e-07 2.42842e-08 -8.16155e-07 1.03523e-06 
172
0
-5.27509
1.42029e-05
1.21531 -8.15023e-05 2.44866e-08 -8.15023e-05 1.39058 -8.16162e-07 2.44866e-08 -8.16162e-07 1.03523e-06 
173
0
-5.30831
0.000481789
1.22233 -8.16132e-05 2.46088e-08 -8.16132e-05 1.39861 -8.1617e-07 2.46088e-08 -8.1617e-07 1.03523e-06 
174
0
-5.34116
0.000485648
1.22935 -8.37852e-05 2.47812e-08 -8.37852e-05 1.40665 -8.16179e-07 2.47812e-08 -8.16179e-07 1.03523e-06 
175
0
-5.37267
-0.000258204
1.23637 -8.59865e-05 2.49412e-08 -8.59865e-05 1.41468 -8.16187e-07 2.49412e-08 -8.16187e-07 1.03523e-06 
176
0
-5.40652
0.00125344
1.24339 -8.48842e-05 2.50507e-08 -8.48842e-05 1.42271 -8.16194e-07 2.50507e-08 -8.16194e-07 1.03523e-06 
177
0
-5.43953
0.00124811
1.25041 -9.05524e-05 2.5279e-08 -9.05524e-05 1.43075 -8.16198e-07 2.5279e-08 -8.16198e-07 1.03523e-06 
178
0
-5.47078
-0.000242252
1.25743 -9.62282e-05 2.54599e-08 -9.62282e-05 1.43878 -8.16205e-07 2.54599e-08 -8.16205e-07 1.03523e-06 
179
0
-5.504
0.000254839
1.26445 -9.51787e-05 2.55397e-08 -9.51787e-05 1.44682 -8.16212e-07 2.55397e-08 -8.16212e-07 1.03523e-06 
180
0
-5.53596
-0.000110586
1.27147 -9.63893e-05 2.57013e-08 -9.63893e-05 1.45485 -8.1622e-07 2.57013e-08 -8.1622e-07 1.03523e-06 
181
0
-5.56824
-0.000238625
1.27849 -9.59312e-05 2.58302e-08 -9.59312e-05 1.46289 -8.16229e-07 2.58302e-08 -8.16229e-07 1.03523e-06 
182
0
-5.60114
-7.73949e-05
1.28551 -9.48799e-05 2.59629e-08 -9.48799e-05 1.47092 -8.16237e-07 2.59629e-08 -8.16237e-07 1.03523e-06 
183
0
-5.63357
-0.000350174
1.29253 -9.45701e-05 2.61137e-08 -9.45701e-05 1.47896 -8.16245e-07 2.61137e-08 -8.16245e-07 1.03523e-06 
184
0
-5.66668
0.000314972
1.29955 -9.29869e-05 2.62435e-08 -9.29869e-05 1.48699 -8.16252e-07 2.62435e-08 -8.16252e-07 1.03523e-06 
185
0
-5.69955
0.000202619
1.30657 -9.45117e-05 2.64225e-08 -9.45117e-05 1.49503 -8.1626e-07 2.64225e-08 -8.1626e-07 1.03523e-06 
186
0
-5.73174
0.000234792
1.31359 -9.55152e-05 2.65745e-08 -9.55152e-05 1.50306 -8.16268e-07 2.65745e-08 -8.16268e-07 1.03523e-06 
187
0
-5.76355
-0.000470706
1.32061 -9.66763e-05 2.67257e-08 -9.66763e-05 1.5111 -8.16276e-07 2.67257e-08 -8.16276e-07 1.03523e-06 
188
0
-5.79567
-0.00056083
1.32763 -9.44836e-05 2.68335e-08 -9.44836e-05 1.51913 -8.16282e-07 2.68335e-08 -8.16282e-07 1.03523e-06 
189
0
-5.82849
-0.000129515
1.33465 -9.18476e-05 2.69599e-08 -9.18476e-05 1.52717 -8.16288e-07 2.69599e-08 -8.16288e-07 1.03523e-06 
190
0
-5.86124
4.32804e-05
1.34167 -9.12732e-05 2.71214e-08 -9.12732e-05 1.5352 -8.16292e-07 2.71214e-08 -8.16292e-07 1.03523e-06 
191
0
-5.89397
0.000284191
1.34869 -9.15315e-05 2.72807e-08 -9.15315e-05 1.54323 -8.16299e-07 2.72807e-08 -8.16299e-07 1.03523e-06 
192
0
-5.92671
0.000971138
1.35571 -9.29627e-05 2.74461e-08 -9.29627e-05 1.55127 -8.16303e-07 2.74461e-08 -8.16303e-07 1.03523e-06 
193
0
-5.95897
-0.000234853
1.36273 -9.77595e-05 2.76418e-08 -9.77595e-05 1.5593 -8.16312e-07 2.76418e-08 -8.16312e-07 1.03523e-06 
194
0
-5.99176
-0.000272217
1.36975 -9.66543e-05 2.77423e-08 -9.66543e-05 1.56734 -8.1632e-07 2.77423e-08 -8.1632e-07 1.03523e-06 
195
0
-6.02449
0.00021304
1.37677 -9.53586e-05 2.78773e-08 -9.53586e-05 1.57537 -8.16328e-07 2.78773e-08 -8.16328e-07 1.03523e-06 
196
0
-6.05706
-0.000343079
1.38379 -9.64654e-05 2.80476e-08 -9.64654e-05 1.58341 -8.16335e-07 2.80476e-08 -8.16335e-07 1.03523e-06 
197
0
-6.0904
0.000150771
1.39081 -9.48023e-05 2.81712e-08 -9.48023e-05 1.59144 -8.16341e-07 2.81712e-08 -8.16341e-07 1.03523e-06 
198
0
-6.12407
0.0016152
1.39783 -9.56075e-05 2.83417e-08 -9.56075e-05 1.59948 -8.16349e-07 2.83417e-08 -8.16349e-07 1.03523e-06 
199
0
-6.15683
0.00138802
1.40485 -0.000103799 2.85847e-08 -0.000103799 1.60751 -8.16356e-07 2.85847e-08 -8.16356e-07 1.03523e-06 
200
0
-6.18816
2.22184e-05
1.41187 -0.000110881 2.87611e-08 -0.000110881 1.61555 -8.16366e-07 2.87611e-08 -8.16366e-07 1.03523e-06 
201
0
-6.22089
0.000208356
1.41889 -0.000111043 2.88508e-08 -0.000111043 1.62358 -8.16374e-07 2.88508e-08 -8.16374e-07 1.03523e-06 
202
0
-6.25418
0.00136828
1.42591 -0.000112158 2.89991e-08 -0.000112158 1.63162 -8.16383e-07 2.89991e-08 -8.16383e-07 1.03523e-06 
203
0
-6.28555
-0.000114959
1.43293 -0.000119244 2.92184e-08 -0.000119244 1.63965 -8.16391e-07 2.92184e-08 -8.16391e-07 1.03523e-06 
204
0
-6.31821
-0.00044269
1.43995 -0.000118699 2.93077e-08 -0.000118699 1.64769 -8.16401e-07 2.93077e-08 -8.16401e-07 1.03523e-06 
205
0
-6.35179
0.000773798
1.44697 -0.000116449 2.94236e-08 -0.000116449 1.65572 -8.16408e-07 2.94236e-08 -8.16408e-07 1.03523e-06 
206
0
-6.38481
0.000996825
1.45399 -0.000120536 2.96316e-08 -0.000120536 1.66375 -8.16414e-07 2.96316e-08 -8.16414e-07 1.03523e-06 
207
0
-6.41727
0.000189222
1.46101 -0.000125813 2.98145e-08 -0.000125813 1.67179 -8.16422e-07 2.98145e-08 -8.16422e-07 1.03523e-06 
208
0
-6.45018
-4.88771e-05
1.46803 -0.000126859 2.99346e-08 -0.000126859 1.67982 -8.1643e-07 2.99346e-08 -8.1643e-07 1.03523e-06 
209
0
-6.48343
0.000361473
1.47505 -0.00012665 3.00661e-08 -0.00012665 1.68786 -8.16436e-07 3.00661e-08 -8.16436e-07 1.03523e-06 
210
0
-6.51522
0.000106764
1.48207 -0.000128622 3.02345e-08 -0.000128622 1.69589 -8.16442e-07 3.02345e-08 -8.16442e-07 1.03523e-06 
211
0
-6.54727
-0.00030973
1.48909 -0.000129242 3.03716e-08 -0.000129242 1.70393 -8.1645e-07 3.03716e-08 -8.1645e-07 1.03523e-06 
212
0
-6.58011
0.000802626
1.49611 -0.000127628 3.04912e-08 -0.000127628 1.71196 -8.16457e-07 3.04912e-08 -8.16457e-07 1.03523e-06 
213
0
-6.61201
-0.000544523
1.50313 -0.000132008 3.06926e-08 -0.000132008 1.72 -8.16464e-07 3.06926e-08 -8.16464e-07 1.03523e-06 
214
0
-6.64583
-0.000101713
1.51015 -0.000129105 3.07801e-08 -0.000129105 1.72803 -8.16474e-07 3.07801e-08 -8.16474e-07 1.03523e-06 
215
0
-6.67998
0.000920043
1.51717 -0.000128601 3.09381e-08 -0.000128601 1.73607 -8.1648e-07 3.09381e-08 -8.1648e-07 1.03523e-06 
216
0
-6.71262
0.000761819
1.52419 -0.000133685 3.11499e-08 -0.000133685 1.7441 -8.16487e-07 3.11499e-08 -8.16487e-07 1.03523e-06 
217
0
-6.74534
0.00036906
1.53121 -0.000137922 3.13123e-08 -0.000137922 1.75214 -8.16494e-07 3.13123e-08 -8.16494e-07 1.03523e-06 
218
0
-6.77812
0.000615519
1.53823 -0.00014001 3.14504e-08 -0.00014001 1.76017 -8.165e-07 3.14504e-08 -8.165e-07 1.03523e-06 
219
0
-6.81037
0.000111446
1.54525 -0.000143475 3.1615e-08 -0.000143475 1.76821 -8.16508e-07 3.1615e-08 -8.16508e-07 1.03523e-06 
220
0
-6.84349
0.000515899
1.55227 -0.000144145 3.17427e-08 -0.000144145 1.77624 -8.16516e-07 3.17427e-08 -8.16516e-07 1.03523e-06 
221
0
-6.87494
-0.000643804
1.55929 -0.000147083 3.19119e-08 -0.000147083 1.78427 -8.16525e-07 3.19119e-08 -8.16525e-07 1.03523e-06 
222
0
-6.90821
0.000193339
1.56631 -0.000143512 3.19979e-08 -0.000143512 1.79231 -8.16534e-07 3.19979e-08 -8.16534e-07 1.03523e-06 
223
0
-6.94097
0.000880527
1.57333 -0.000144654 3.21742e-08 -0.000144654 1.80034 -8.1654e-07 3.21742e-08 -8.1654e-07 1.03523e-06 
224
0
-6.97245
-0.000286965
1.58035 -0.0001497 3.23682e-08 -0.0001497 1.80838 -8.16547e-07 3.23682e-08 -8.16547e-07 1.03523e-06 
225
0
-7.00522
0.00014848
1.58737 -0.000148114 3.24641e-08 -0.000148114 1.81641 -8.16555e-07 3.24641e-08 -8.16555e-07 1.03523e-06 
226
0
-7.03782
1.44431e-05
1.59439 -0.000149014 3.26225e-08 -0.000149014 1.82445 -8.16562e-07 3.26225e-08 -8.16562e-07 1.03523e-06 
227
0
-7.0697
-0.00061549
1.60141 -0.000149146 3.27652e-08 -0.000149146 1.83248 -8.16568e-07 3.27652e-08 -8.16568e-07 1.03523e-06 
228
0
-7.10327
9.3742e-05
1.60843 -0.00014564 3.28719e-08 -0.00014564 1.84052 -8.16575e-07 3.28719e-08 -8.16575e-07 1.03523e-06 
229
0
-7.13694
0.000401844
1.61545 -0.000146234 3.3047e-08 -0.000146234 1.84855 -8.1658e-07 3.3047e-08 -8.1658e-07 1.03523e-06 
230
0
-7.17011
0.00102304
1.62247 -0.000148625 3.32222e-08 -0.000148625 1.85659 -8.16587e-07 3.32222e-08 -8.16587e-07 1.03523e-06 
231
0
-7.20282
0.000517268
1.62949 -0.000154662 3.3418e-08 -0.000154662 1.86462 -8.16594e-07 3.3418e-08 -8.16594e-07 1.03523e-06 
232
0
-7.23482
-0.000303114
1.63651 -0.000157753 3.35598e-08 -0.000157753 1.87266 -8.16603e-07 3.35598e-08 -8.16603e-07 1.03523e-06 
233
0
-7.26801
0.000448836
1.64353 -0.000156013 3.36636e-08 -0.000156013 1.88069 -8.16611e-07 3.36636e-08 -8.16611e-07 1.03523e-06 
234
0
-7.29992
-0.000521373
1.65055 -0.000158723 3.38435e-08 -0.000158723 1.88873 -8.16618e-07 3.38435e-08 -8.16618e-07 1.03523e-06 
235
0
-7.33294
-0.000313083
1.65757 -0.000155669 3.3944e-08 -0.000155669 1.89676 -8.16625e-07 3.3944e-08 -8.16625e-07 1.03523e-06 
236
0
-7.3654
-0.000172674
1.66459 -0.000153846 3.40885e-08 -0.000153846 1.90479 -8.16633e-07 3.40885e-08 -8.16633e-07 1.03523e-06 
237
0
-7.39812
-0.000411884
1.67161 -0.000152859 3.4238e-08 -0.000152859 1.91283 -8.1664e-07 3.4238e-08 -8.1664e-07 1.03523e-06 
238
0
-7.43119
0.000222997
1.67863 -0.000150425 3.43701e-08 -0.000150425 1.92086 -8.16647e-07 3.43701e-08 -8.16647e-07 1.03523e-06 
239
0
-7.46303
-0.000773467
1.68565 -0.000151825 3.45475e-08 -0.000151825 1.9289 -8.16654e-07 3.45475e-08 -8.16654e-07 1.03523e-06 
240
0
-7.49647
0.000180447
1.69267 -0.000147171 3.46439e-08 -0.000147171 1.93693 -8.16661e-07 3.46439e-08 -8.16661e-07 1.03523e-06 
241
0
-7.52963
0.00092976
1.69969 -0.000148323 3.48299e-08 -0.000148323 1.94497 -8.16668e-07 3.48299e-08 -8.16668e-07 1.03523e-06 
242
0
-7.56181
4.97581e-05
1.70671 -0.000154074 3.50332e-08 -0.000154074 1.953 -8.16675e-07 3.50332e-08 -8.16675e-07 1.03523e-06 
243
0
-7.59543
0.00101018
1.71373 -0.00015443 3.51531e-08 -0.00015443 1.96104 -8.16685e-07 3.51531e-08 -8.16685e-07 1.03523e-06 
244
0
-7.62727
0.000698459
1.72075 -0.000160725 3.53564e-08 -0.000160725 1.96907 -8.16694e-07 3.53564e-08 -8.16694e-07 1.03523e-06 
245
0
-7.66047
0.000363065
1.72777 -0.000165111 3.55082e-08 -0.000165111 1.97711 -8.16701e-07 3.55082e-08 -8.16701e-07 1.03523e-06 
246
0
-7.6932
0.000126554
1.73479 -0.000167424 3.56501e-08 -0.000167424 1.98514 -8.16708e-07 3.56501e-08 -8.16708e-07 1.03523e-06 
247
0
-7.72558
-0.000150641
1.74181 -0.000168266 3.57887e-08 -0.000168266 1.99318 -8.16716e-07 3.57887e-08 -8.16716e-07 1.03523e-06 
248
0
-7.75772
-0.000438017
1.74883 -0.000167369 3.59195e-08 -0.000167369 2.00121 -8.16722e-07 3.59195e-08 -8.16722e-07 1.03523e-06 
249
0
-7.79055
0.000167905
1.75585 -0.000164655 3.60433e-08 -0.000164655 2.00925 -8.16729e-07 3.60433e-08 -8.16729e-07 1.03523e-06 
250
0
-7.82313
0.000184829
1.76287 -0.000165769 3.62159e-08 -0.000165769 2.01728 -8.16735e-07 3.62159e-08 -8.16735e-07 1.03523e-06 
251
0
-7.85655
0.00077684
1.76989 -0.000166994 3.63713e-08 -0.000166994 2.02531 -8.1674e-07 3.63713e-08 -8.1674e-07 1.03523e-06 
252
0
-7.8893
0.000620037
1.77691 -0.000172005 3.65605e-08 -0.000172005 2.03335 -8.16748e-07 3.65605e-08 -8.16748e-07 1.03523e-06 
253
0
-7.92204
0.000227012
1.78393 -0.00017603 3.67185e-08 -0.00017603 2.04138 -8.16756e-07 3.67185e-08 -8.16756e-07 1.03523e-06 
254
0
-7.95434
0.000327652
1.79095 -0.000177541 3.68548e-08 -0.000177541 2.04942 -8.16765e-07 3.68548e-08 -8.16765e-07 1.03523e-06 
255
0
-7.98683
0.000191859
1.79797 -0.000179708 3.70079e-08 -0.000179708 2.05745 -8.16773e-07 3.70079e-08 -8.16773e-07 1.03523e-06 
256
0
-8.01942
0.000109457
1.80499 -0.000181003 3.71525e-08 -0.000181003 2.06549 -8.1678e-07 3.71525e-08 -8.1678e-07 1.03523e-06 
257
0
-8.0531
0.000844751
1.81201 -0.000181766 3.7297e-08 -0.000181766 2.07352 -8.16784e-07 3.7297e-08 -8.16784e-07 1.03523e-06 
258
0
-8.08504
0.00078475
1.81903 -0.000187338 3.74915e-08 -0.000187338 2.08156 -8.16791e-07 3.74915e-08 -8.16791e-07 1.03523e-06 
259
0
-8.11654
0.000100131
1.82605 -0.000192539 3.76529e-08 -0.000192539 2.08959 -8.16799e-07 3.76529e-08 -8.16799e-07 1.03523e-06 
260
0
-8.14944
-1.32669e-05
1.83307 -0.000193249 3.77696e-08 -0.000193249 2.09763 -8.16807e-07 3.77696e-08 -8.16807e-07 1.03523e-06 
261
0
-8.18178
-0.000223502
1.84009 -0.000193211 3.79067e-08 -0.000193211 2.10566 -8.16815e-07 3.79067e-08 -8.16815e-07 1.03523e-06 
262
0
-8.21441
-0.000507998
1.84711 -0.000191777 3.80379e-08 -0.000191777 2.1137 -8.16822e-07 3.80379e-08 -8.16822e-07 1.03523e-06 
263
0
-8.2475
-0.000222743
1.85413 -0.000188442 3.8162e-08 -0.000188442 2.12173 -8.16828e-07 3.8162e-08 -8.16828e-07 1.03523e-06 
264
0
-8.28059
-0.000221766
1.86115 -0.000187002 3.83155e-08 -0.000187002 2.12977 -8.16833e-07 3.83155e-08 -8.16833e-07 1.03523e-06 
265
0
-8.31375
-0.000364786
1.86817 -0.000185563 3.84626e-08 -0.000185563 2.1378 -8.16839e-07 3.84626e-08 -8.16839e-07 1.03523e-06 
266
0
-8.34681
0.000575822
1.87519 -0.000183154 3.86008e-08 -0.000183154 2.14583 -8.16846e-07 3.86008e-08 -8.16846e-07 1.03523e-06 
267
0
-8.37907
0.000164135
1.88221 -0.0001871 3.87975e-08 -0.0001871 2.15387 -8.16854e-07 3.87975e-08 -8.16854e-07 1.03523e-06 
268
0
-8.41127
-0.000368726
1.88923 -0.000188265 3.89376e-08 -0.000188265 2.1619 -8.16863e-07 3.89376e-08 -8.16863e-07 1.03523e-06 
269
0
-8.44469
0.000363505
1.89625 -0.000185802 3.90545e-08 -0.000185802 2.16994 -8.1687e-07 3.90545e-08 -8.1687e-07 1.03523e-06 
270
0
-8.47683
-0.000630294
1.90327 -0.00018834 3.9237e-08 -0.00018834 2.17797 -8.16877e-07 3.9237e-08 -8.16877e-07 1.03523e-06 
271
0
-8.50974
0.00030385
1.91029 -0.000184061 3.93379e-08 -0.000184061 2.18601 -8.16885e-07 3.93379e-08 -8.16885e-07 1.03523e-06 
272
0
-8.54237
0.00042666
1.91731 -0.000186206 3.95236e-08 -0.000186206 2.19404 -8.1689e-07 3.95236e-08 -8.1689e-07 1.03523e-06 
273
0
-8.5755
0.000849125
1.92433 -0.000189208 3.96904e-08 -0.000189208 2.20208 -8.16896e-07 3.96904e-08 -8.16896e-07 1.03523e-06 
274
0
-8.60755
-0.00013647
1.93135 -0.000195155 3.9875e-08 -0.000195155 2.21011 -8.16905e-07 3.9875e-08 -8.16905e-07 1.03523e-06 
275
0
-8.64087
0.000655223
1.93837 -0.000194254 3.99835e-08 -0.000194254 2.21815 -8.16912e-07 3.99835e-08 -8.16912e-07 1.03523e-06 
276
0
-8.6729
0.000655264
1.94539 -0.000198887 4.01709e-08 -0.000198887 2.22618 -8.1692e-07 4.01709e-08 -8.1692e-07 1.03523e-06 
277
0
-8.70567
0.000473914
1.95241 -0.000203537 4.03331e-08 -0.000203537 2.23422 -8.16926e-07 4.03331e-08 -8.16926e-07 1.03523e-06 
278
0
-8.73876
0.000634477
1.95943 -0.000206926 4.04833e-08 -0.000206926 2.24225 -8.16932e-07 4.04833e-08 -8.16932e-07 1.03523e-06 
279
0
-8.77116
0.000335275
1.96645 -0.000211463 4.06492e-08 -0.000211463 2.25029 -8.1694e-07 4.06492e-08 -8.1694e-07 1.03523e-06 
280
0
-8.80399
0.000259137
1.97347 -0.000213892 4.07909e-08 -0.000213892 2.25832 -8.16948e-07 4.07909e-08 -8.16948e-07 1.03523e-06 
281
0
-8.83688
0.000624168
1.98049 -0.000215788 4.09382e-08 -0.000215788 2.26635 -8.16956e-07 4.09382e-08 -8.16956e-07 1.03523e-06 
282
0
-8.86937
-0.000237363
1.98751 -0.000220299 4.11107e-08 -0.000220299 2.27439 -8.16961e-07 4.11107e-08 -8.16961e-07 1.03523e-06 
283
0
-8.90232
0.000312303
1.99453 -0.000218648 4.1221e-08 -0.000218648 2.28242 -8.16967e-07 4.1221e-08 -8.16967e-07 1.03523e-06 
284
0
-8.93513
4.60422e-05
2.00155 -0.000220946 4.13904e-08 -0.000220946 2.29046 -8.16973e-07 4.13904e-08 -8.16973e-07 1.03523e-06 
285
0
-8.9679
0.000268228
2.00857 -0.000221329 4.1531e-08 -0.000221329 2.29849 -8.1698e-07 4.1531e-08 -8.1698e-07 1.03523e-06 
286
0
-9.00039
-0.000405702
2.01559 -0.000223324 4.16905e-08 -0.000223324 2.30653 -8.16986e-07 4.16905e-08 -8.16986e-07 1.03523e-06 
287
0
-9.03275
-0.000701511
2.02261 -0.000220424 4.18042e-08 -0.000220424 2.31456 -8.16994e-07 4.18042e-08 -8.16994e-07 1.03523e-06 
288
0
-9.06643
0.000241593
2.02963 -0.000215354 4.19212e-08 -0.000215354 2.3226 -8.17002e-07 4.19212e-08 -8.17002e-07 1.03523e-06 
289
0
-9.09808
-0.000757167
2.03665 -0.000217174 4.21111e-08 -0.000217174 2.33063 -8.17007e-07 4.21111e-08 -8.17007e-07 1.03523e-06 
290
0
-9.13085
-0.000188532
2.04367 -0.00021166 4.22087e-08 -0.00021166 2.33867 -8.17014e-07 4.22087e-08 -8.17014e-07 1.03523e-06 
291
0
-9.16264
-0.00070083
2.05069 -0.000210321 4.23699e-08 -0.000210321 2.3467 -8.1702e-07 4.23699e-08 -8.1702e-07 1.03523e-06 
292
0
-9.19554
-0.00026749
2.05771 -0.000205185 4.24853e-08 -0.000205185 2.35474 -8.17027e-07 4.24853e-08 -8.17027e-07 1.03523e-06 
293
0
-9.22867
0.000693654
2.06474 -0.00020325 4.26441e-08 -0.00020325 2.36277 -8.17033e-07 4.26441e-08 -8.17033e-07 1.03523e-06 
294
0
-9.26179
0.000871065
2.07176 -0.000208469 4.28486e-08 -0.000208469 2.37081 -8.17038e-07 4.28486e-08 -8.17038e-07 1.03523e-06 
295
0
-9.29392
0.000547497
2.07878 -0.000215032 4.30302e-08 -0.000215032 2.37884 -8.17047e-07 4.30302e-08 -8.17047e-07 1.03523e-06 
296
0
-9.32668
0.000770439
2.0858 -0.00021919 4.31775e-08 -0.00021919 2.38687 -8.17053e-07 4.31775e-08 -8.17053e-07 1.03523e-06 
297
0
-9.35841
0.000115234
2.09282 -0.00022504 4.33475e-08 -0.00022504 2.39491 -8.17061e-07 4.33475e-08 -8.17061e-07 1.03523e-06 
298
0
-9.39088
3.02856e-05
2.09984 -0.000225961 4.34698e-08 -0.000225961 2.40294 -8.1707e-07 4.34698e-08 -8.1707e-07 1.03523e-06 
299
0
-9.42471
0.00102023
2.10686 -0.000226241 4.36096e-08 -0.000226241 2.41098 -8.17078e-07 4.36096e-08 -8.17078e-07 1.03523e-06 
300
0
-9.4567
0.000223987
2.11388 -0.000234049 4.38182e-08 -0.000234049 2.41901 -8.17087e-07 4.38182e-08 -8.17087e-07 1.03523e-06 
301
0
-9.48865
-0.000391457
2.1209 -0.000235809 4.39434e-08 -0.000235809 2.42705 -8.17096e-07 4.39434e-08 -8.17096e-07 1.03523e-06 
302
0
-9.52177
-2.13685e-05
2.12792 -0.000232863 4.40523e-08 -0.000232863 2.43508 -8.17102e-07 4.40523e-08 -8.17102e-07 1.03523e-06 
303
0
-9.55508
0.000779763
2.13494 -0.00023275 4.42104e-08 -0.00023275 2.44312 -8.17108e-07 4.42104e-08 -8.17108e-07 1.03523e-06 
304
0
-9.58663
-0.000415662
2.14196 -0.000238809 4.44083e-08 -0.000238809 2.45115 -8.17114e-07 4.44083e-08 -8.17114e-07 1.03523e-06 
305
0
-9.62045
0.000497174
2.14898 -0.000235647 4.45034e-08 -0.000235647 2.45919 -8.17122e-07 4.45034e-08 -8.17122e-07 1.03523e-06 
306
0
-9.65286
0.000115277
2.156 -0.000239554 4.46928e-08 -0.000239554 2.46722 -8.17127e-07 4.46928e-08 -8.17127e-07 1.03523e-06 
307
0
-9.68583
0.000458345
2.16302 -0.000240502 4.48323e-08 -0.000240502 2.47526 -8.17134e-07 4.48323e-08 -8.17134e-07 1.03523e-06 
308
0
-9.71835
0.000525376
2.17004 -0.000244131 4.50012e-08 -0.000244131 2.48329 -8.1714e-07 4.50012e-08 -8.1714e-07 1.03523e-06 
309
0
-9.75034
0.000253556
2.17706 -0.000248296 4.51626e-08 -0.000248296 2.49133 -8.17146e-07 4.51626e-08 -8.17146e-07 1.03523e-06 
310
0
-9.78349
0.00127236
2.18408 -0.000250339 4.5302e-08 -0.000250339 2.49936 -8.17152e-07 4.5302e-08 -8.17152e-07 1.03523e-06 
311
0
-9.81526
-4.25818e-05
2.1911 -0.00026042 4.55119e-08 -0.00026042 2.50739 -8.17158e-07 4.55119e-08 -8.17158e-07 1.03523e-06 
312
0
-9.84779
-0.000236929
2.19812 -0.000260134 4.56096e-08 -0.000260134 2.51543 -8.17167e-07 4.56096e-08 -8.17167e-07 1.03523e-06 
313
0
-9.88063
-2.97411e-05
2.20514 -0.000258306 4.57353e-08 -0.000258306 2.52346 -8.17176e-07 4.57353e-08 -8.17176e-07 1.03523e-06 
314
0
-9.91381
0.000691842
2.21216 -0.00025812 4.58873e-08 -0.00025812 2.5315 -8.17184e-07 4.58873e-08 -8.17184e-07 1.03523e-06 
315
0
-9.94618
0.000300722
2.21918 -0.000263695 4.60781e-08 -0.000263695 2.53953 -8.17193e-07 4.60781e-08 -8.17193e-07 1.03523e-06 
316
0
-9.9791
0.000155993
2.2262 -0.000266155 4.62192e-08 -0.000266155 2.54757 -8.17201e-07 4.62192e-08 -8.17201e-07 1.03523e-06 
317
0
-10.0116
2.80497e-05
2.23322 -0.000267459 4.63621e-08 -0.000267459 2.5556 -8.17209e-07 4.63621e-08 -8.17209e-07 1.03523e-06 
318
0
-10.0433
-0.00107094
2.24024 -0.000267737 4.65024e-08 -0.000267737 2.56364 -8.17216e-07 4.65024e-08 -8.17216e-07 1.03523e-06 
319
0
-10.0771
0.00016552
2.24726 -0.000259129 4.65816e-08 -0.000259129 2.57167 -8.17223e-07 4.65816e-08 -8.17223e-07 1.03523e-06 
320
0
-10.11
0.000478335
2.25428 -0.000260523 4.67764e-08 -0.000260523 2.57971 -8.17228e-07 4.67764e-08 -8.17228e-07 1.03523e-06 
321
0
-10.142
0.000108848
2.2613 -0.000264466 4.69536e-08 -0.000264466 2.58774 -8.17236e-07 4.69536e-08 -8.17236e-07 1.03523e-06 
322
0
-10.175
0.000567725
2.26832 -0.000265406 4.70897e-08 -0.000265406 2.59578 -8.17244e-07 4.70897e-08 -8.17244e-07 1.03523e-06 
323
0
-10.2075
0.000163132
2.27534 -0.000270105 4.72646e-08 -0.000270105 2.60381 -8.17252e-07 4.72646e-08 -8.17252e-07 1.03523e-06 
324
0
-10.2398
-0.000282599
2.28236 -0.000271496 4.74018e-08 -0.000271496 2.61185 -8.17261e-07 4.74018e-08 -8.17261e-07 1.03523e-06 
325
0
-10.2722
4.53331e-05
2.28938 -0.00026922 4.75228e-08 -0.00026922 2.61988 -8.17268e-07 4.75228e-08 -8.17268e-07 1.03523e-06 
326
0
-10.3041
-0.000604268
2.2964 -0.000269646 4.76794e-08 -0.000269646 2.62791 -8.17273e-07 4.76794e-08 -8.17273e-07 1.03523e-06 
327
0
-10.3368
-0.000494112
2.30342 -0.000264689 4.7789e-08 -0.000264689 2.63595 -8.17281e-07 4.7789e-08 -8.17281e-07 1.03523e-06 
328
0
-10.3707
0.000730096
2.31044 -0.000260633 4.79281e-08 -0.000260633 2.64398 -8.17287e-07 4.79281e-08 -8.17287e-07 1.03523e-06 
329
0
-10.4029
0.000178837
2.31746 -0.000266773 4.81432e-08 -0.000266773 2.65202 -8.17294e-07 4.81432e-08 -8.17294e-07 1.03523e-06 
330
0
-10.4352
-0.00031293
2.32448 -0.00026832 4.82808e-08 -0.00026832 2.66005 -8.17301e-07 4.82808e-08 -8.17301e-07 1.03523e-06 
331
0
-10.4691
0.000640684
2.3315 -0.000265747 4.84008e-08 -0.000265747 2.66809 -8.17307e-07 4.84008e-08 -8.17307e-07 1.03523e-06 
332
0
-10.5004
-0.000421212
2.33852 -0.000271189 4.85993e-08 -0.000271189 2.67612 -8.17313e-07 4.85993e-08 -8.17313e-07 1.03523e-06 
333
0
-10.5333
-8.29254e-05
2.34554 -0.000267686 4.87e-08 -0.000267686 2.68416 -8.17323e-07 4.87e-08 -8.17323e-07 1.03523e-06 
334
0
-10.5649
-0.000560461
2.35256 -0.000267036 4.88547e-08 -0.000267036 2.69219 -8.17329e-07 4.88547e-08 -8.17329e-07 1.03523e-06 
335
0
-10.598
9.84275e-05
2.35958 -0.000262329 4.89717e-08 -0.000262329 2.70023 -8.17335e-07 4.89717e-08 -8.17335e-07 1.03523e-06 
336
0
-10.6306
-0.000117443
2.3666 -0.000263219 4.91471e-08 -0.000263219 2.70826 -8.17343e-07 4.91471e-08 -8.17343e-07 1.03523e-06 
337
0
-10.6634
2.47844e-05
2.37362 -0.000262267 4.92901e-08 -0.000262267 2.7163 -8.1735e-07 4.92901e-08 -8.1735e-07 1.03523e-06 
338
0
-10.6959
-0.000285991
2.38064 -0.000262531 4.94458e-08 -0.000262531 2.72433 -8.17357e-07 4.94458e-08 -8.17357e-07 1.03523e-06 
339
0
-10.7287
-4.40047e-05
2.38766 -0.000260126 4.95785e-08 -0.000260126 2.73237 -8.17365e-07 4.95785e-08 -8.17365e-07 1.03523e-06 
340
0
-10.7623
0.000603258
2.39468 -0.000259798 4.97361e-08 -0.000259798 2.7404 -8.17372e-07 4.97361e-08 -8.17372e-07 1.03523e-06 
341
0
-10.7944
0.000121756
2.4017 -0.000265064 4.99278e-08 -0.000265064 2.74844 -8.1738e-07 4.99278e-08 -8.1738e-07 1.03523e-06 
342
0
-10.8269
-8.45676e-05
2.40872 -0.000266172 5.00644e-08 -0.000266172 2.75647 -8.17389e-07 5.00644e-08 -8.17389e-07 1.03523e-06 
343
0
-10.8601
0.000105499
2.41574 -0.000265488 5.02015e-08 -0.000265488 2.7645 -8.17398e-07 5.02015e-08 -8.17398e-07 1.03523e-06 
344
0
-10.8919
-0.000895944
2.42276 -0.00026646 5.03611e-08 -0.00026646 2.77254 -8.17405e-07 5.03611e-08 -8.17405e-07 1.03523e-06 
345
0
-10.9258
-3.02695e-05
2.42978 -0.000258678 5.04533e-08 -0.000258678 2.78057 -8.17413e-07 5.04533e-08 -8.17413e-07 1.03523e-06 
346
0
-10.9578
-0.000356308
2.4368 -0.000258464 5.06349e-08 -0.000258464 2.78861 -8.1742e-07 5.06349e-08 -8.1742e-07 1.03523e-06 
347
0
-10.9907
-0.000323493
2.44382 -0.000255382 5.07692e-08 -0.000255382 2.79664 -8.17427e-07 5.07692e-08 -8.17427e-07 1.03523e-06 
348
0
-11.0236
3.93945e-05
2.45084 -0.000252581 5.09149e-08 -0.000252581 2.80468 -8.17432e-07 5.09149e-08 -8.17432e-07 1.03523e-06 
349
0
-11.057
0.0013251
2.45786 -0.000252981 5.10822e-08 -0.000252981 2.81271 -8.17439e-07 5.10822e-08 -8.17439e-07 1.03523e-06 
350
0
-11.0884
0.000345327
2.46488 -0.000264789 5.13139e-08 -0.000264789 2.82075 -8.17446e-07 5.13139e-08 -8.17446e-07 1.03523e-06 
351
0
-11.1211
0.00053521
2.4719 -0.000267913 5.14375e-08 -0.000267913 2.82878 -8.17454e-07 5.14375e-08 -8.17454e-07 1.03523e-06 
352
0
-11.1533
0.000289893
2.47892 -0.000272741 5.15994e-08 -0.000272741 2.83682 -8.1746e-07 5.15994e-08 -8.1746e-07 1.03523e-06 
353
0
-11.1861
0.000349452
2.48594 -0.000275387 5.17435e-08 -0.000275387 2.84485 -8.17464e-07 5.17435e-08 -8.17464e-07 1.03523e-06 
354
0
-11.2183
-4.77772e-06
2.49296 -0.000278574 5.19001e-08 -0.000278574 2.85289 -8.1747e-07 5.19001e-08 -8.1747e-07 1.03523e-06 
355
0
-11.2522
0.000907375
2.49998 -0.000278584 5.2034e-08 -0.000278584 2.86092 -8.17478e-07 5.2034e-08 -8.17478e-07 1.03523e-06 
356
0
-11.2836
-9.66235e-05
2.507 -0.000286823 5.22375e-08 -0.000286823 2.86896 -8.17485e-07 5.22375e-08 -8.17485e-07 1.03523e-06 
357
0
-11.316
-0.000626194
2.51402 -0.000286001 5.23469e-08 -0.000286001 2.87699 -8.17492e-07 5.23469e-08 -8.17492e-07 1.03523e-06 
358
0
-11.3501
0.000930301
2.52104 -0.000280371 5.2456e-08 -0.000280371 2.88502 -8.17497e-07 5.2456e-08 -8.17497e-07 1.03523e-06 
359
0
-11.3821
-0.000255951
2.52806 -0.000288889 5.26837e-08 -0.000288889 2.89306 -8.17502e-07 5.26837e-08 -8.17502e-07 1.03523e-06 
360
0
-11.4143
-0.000268649
2.53508 -0.000286606 5.27893e-08 -0.000286606 2.90109 -8.1751e-07 5.27893e-08 -8.1751e-07 1.03523e-06 
361
0
-11.4468
0.000293523
2.5421 -0.0002842 5.29244e-08 -0.0002842 2.90913 -8.17518e-07 5.29244e-08 -8.17518e-07 1.03523e-06 
362
0
-11.4792
-0.000230457
2.54912 -0.000286946 5.30983e-08 -0.000286946 2.91716 -8.17525e-07 5.30983e-08 -8.17525e-07 1.03523e-06 
363
0
-11.5114
-0.00132662
2.55614 -0.000284878 5.3225e-08 -0.000284878 2.9252 -8.17531e-07 5.3225e-08 -8.17531e-07 1.03523e-06 
364
0
-11.5449
-0.000265976
2.56316 -0.00027269 5.33021e-08 -0.00027269 2.93323 -8.17539e-07 5.33021e-08 -8.17539e-07 1.03523e-06 
365
0
-11.5775
-0.000474404
2.57018 -0.000270282 5.34837e-08 -0.000270282 2.94127 -8.17544e-07 5.34837e-08 -8.17544e-07 1.03523e-06 
366
0
-11.6104
-0.000193197
2.5772 -0.000265933 5.36237e-08 -0.000265933 2.9493 -8.17549e-07 5.36237e-08 -8.17549e-07 1.03523e-06 
367
0
-11.6422
-0.000459869
2.58422 -0.000264189 5.37824e-08 -0.000264189 2.95734 -8.17554e-07 5.37824e-08 -8.17554e-07 1.03523e-06 
368
0
-11.6757
0.000339097
2.59124 -0.000259952 5.39137e-08 -0.000259952 2.96537 -8.17562e-07 5.39137e-08 -8.17562e-07 1.03523e-06 
369
0
-11.7087
7.38028e-05
2.59826 -0.000263176 5.41039e-08 -0.000263176 2.97341 -8.17568e-07 5.41039e-08 -8.17568e-07 1.03523e-06 
370
0
-11.7403
-0.000707753
2.60528 -0.000263921 5.42532e-08 -0.000263921 2.98144 -8.17574e-07 5.42532e-08 -8.17574e-07 1.03523e-06 
371
0
-11.7736
0.00016838
2.6123 -0.000257318 5.43564e-08 -0.000257318 2.98948 -8.1758e-07 5.43564e-08 -8.1758e-07 1.03523e-06 
372
0
-11.8061
8.27232e-05
2.61932 -0.000258958 5.45423e-08 -0.000258958 2.99751 -8.17585e-07 5.45423e-08 -8.17585e-07 1.03523e-06 
373
0
-11.8387
0.000170419
2.62634 -0.000259793 5.46968e-08 -0.000259793 3.00554 -8.17591e-07 5.46968e-08 -8.17591e-07 1.03523e-06 
374
0
-11.8717
0.000397835
2.63336 -0.000261461 5.48553e-08 -0.000261461 3.01358 -8.17597e-07 5.48553e-08 -8.17597e-07 1.03523e-06 
375
0
-11.904
0.000339693
2.64038 -0.000265295 5.50253e-08 -0.000265295 3.02161 -8.17602e-07 5.50253e-08 -8.17602e-07 1.03523e-06 
376
0
-11.9372
0.000965061
2.6474 -0.000268586 5.5181e-08 -0.000268586 3.02965 -8.17609e-07 5.5181e-08 -8.17609e-07 1.03523e-06 
377
0
-11.9702
0.000909025
2.65442 -0.000277861 5.5376e-08 -0.000277861 3.03768 -8.17616e-07 5.5376e-08 -8.17616e-07 1.03523e-06 
378
0
-12.0027
0.000203202
2.66144 -0.000286623 5.55469e-08 -0.000286623 3.04572 -8.17624e-07 5.55469e-08 -8.17624e-07 1.03523e-06 
379
0
-12.0357
0.00065441
2.66846 -0.000288628 5.56726e-08 -0.000288628 3.05375 -8.17632e-07 5.56726e-08 -8.17632e-07 1.03523e-06 
380
0
-12.0671
-0.000657281
2.67548 -0.000294984 5.58484e-08 -0.000294984 3.06179 -8.17637e-07 5.58484e-08 -8.17637e-07 1.03523e-06 
381
0
-12.0999
-5.89863e-05
2.6825 -0.00028869 5.59315e-08 -0.00028869 3.06982 -8.17644e-07 5.59315e-08 -8.17644e-07 1.03523e-06 
382
0
-12.1326
0.000225882
2.68952 -0.000288171 5.60942e-08 -0.000288171 3.07786 -8.17652e-07 5.60942e-08 -8.17652e-07 1.03523e-06 
383
0
-12.1652
0.000331141
2.69654 -0.000290417 5.62612e-08 -0.000290417 3.08589 -8.17659e-07 5.62612e-08 -8.17659e-07 1.03523e-06 
384
0
-12.1979
5.43922e-05
2.70356 -0.000293693 5.64231e-08 -0.000293693 3.09393 -8.17667e-07 5.64231e-08 -8.17667e-07 1.03523e-06 
385
0
-12.2303
6.41668e-05
2.71058 -0.000294277 5.65633e-08 -0.000294277 3.10196 -8.17674e-07 5.65633e-08 -8.17674e-07 1.03523e-06 
386
0
-12.2631
0.000387815
2.7176 -0.000294958 5.67115e-08 -0.000294958 3.11 -8.17679e-07 5.67115e-08 -8.17679e-07 1.03523e-06 
387
0
-12.296
0.000551933
2.72462 -0.000298816 5.68804e-08 -0.000298816 3.11803 -8.17687e-07 5.68804e-08 -8.17687e-07 1.03523e-06 
388
0
-12.3293
0.0011143
2.73164 -0.000304297 5.70488e-08 -0.000304297 3.12606 -8.17695e-07 5.70488e-08 -8.17695e-07 1.03523e-06 
389
0
-12.3619
0.000779453
2.73866 -0.000315338 5.72441e-08 -0.000315338 3.1341 -8.177e-07 5.72441e-08 -8.177e-07 1.03523e-06 
390
0
-12.3935
-9.08998e-05
2.74568 -0.000323097 5.73972e-08 -0.000323097 3.14213 -8.17707e-07 5.73972e-08 -8.17707e-07 1.03523e-06 
391
0
-12.4256
-0.000856369
2.7527 -0.000322249 5.75032e-08 -0.000322249 3.15017 -8.17716e-07 5.75032e-08 -8.17716e-07 1.03523e-06 
392
0
-12.4594
0.000816591
2.75972 -0.000313793 5.75956e-08 -0.000313793 3.1582 -8.17724e-07 5.75956e-08 -8.17724e-07 1.03523e-06 
393
0
-12.4923
0.000995966
2.76674 -0.000321981 5.78214e-08 -0.000321981 3.16624 -8.17728e-07 5.78214e-08 -8.17728e-07 1.03523e-06 
394
0
-12.5254
0.000968801
2.77376 -0.000331981 5.80061e-08 -0.000331981 3.17427 -8.17735e-07 5.80061e-08 -8.17735e-07 1.03523e-06 
395
0
-12.5575
0.000140385
2.78078 -0.000341735 5.81746e-08 -0.000341735 3.18231 -8.17743e-07 5.81746e-08 -8.17743e-07 1.03523e-06 
396
0
-12.5904
0.000448643
2.7878 -0.000343197 5.829e-08 -0.000343197 3.19034 -8.17753e-07 5.829e-08 -8.17753e-07 1.03523e-06 
397
0
-12.6226
-0.000129393
2.79482 -0.000347766 5.84512e-08 -0.000347766 3.19838 -8.1776e-07 5.84512e-08 -8.1776e-07 1.03523e-06 
398
0
-12.6553
4.93575e-05
2.80184 -0.000346514 5.85719e-08 -0.000346514 3.20641 -8.17769e-07 5.85719e-08 -8.17769e-07 1.03523e-06 
399
0
-12.6882
0.00043221
2.80887 -0.000347066 5.87218e-08 -0.000347066 3.21445 -8.17777e-07 5.87218e-08 -8.17777e-07 1.03523e-06 
400
0
-12.7216
0.000918563
2.81589 -0.000351502 5.88925e-08 -0.000351502 3.22248 -8.17784e-07 5.88925e-08 -8.17784e-07 1.03523e-06 
401
0
-12.7535
-0.000345702
2.82291 -0.000360893 5.90802e-08 -0.000360893 3.23052 -8.17789e-07 5.90802e-08 -8.17789e-07 1.03523e-06 
402
0
-12.7861
-0.000157272
2.82993 -0.000357424 5.91717e-08 -0.000357424 3.23855 -8.17797e-07 5.91717e-08 -8.17797e-07 1.03523e-06 
403
0
-12.8185
-0.000444639
2.83695 -0.000355871 5.93134e-08 -0.000355871 3.24658 -8.17802e-07 5.93134e-08 -8.17802e-07 1.03523e-06 
404
0
-12.8514
0.000117559
2.84397 -0.000351371 5.94394e-08 -0.000351371 3.25462 -8.1781e-07 5.94394e-08 -8.1781e-07 1.03523e-06 
405
0
-12.884
0.00034338
2.85099 -0.000352631 5.96087e-08 -0.000352631 3.26265 -8.17816e-07 5.96087e-08 -8.17816e-07 1.03523e-06 
406
0
-12.9163
-0.000320902
2.85801 -0.000356219 5.97742e-08 -0.000356219 3.27069 -8.17822e-07 5.97742e-08 -8.17822e-07 1.03523e-06 
407
0
-12.9481
-0.00115649
2.86503 -0.000352962 5.989e-08 -0.000352962 3.27872 -8.17829e-07 5.989e-08 -8.17829e-07 1.03523e-06 
408
0
-12.9811
7.44574e-05
2.87205 -0.000341055 5.99758e-08 -0.000341055 3.28676 -8.17837e-07 5.99758e-08 -8.17837e-07 1.03523e-06 
409
0
-13.0137
0.000400902
2.87907 -0.00034188 6.01676e-08 -0.00034188 3.29479 -8.17843e-07 6.01676e-08 -8.17843e-07 1.03523e-06 
410
0
-13.0461
0.000829894
2.88609 -0.000346101 6.03434e-08 -0.000346101 3.30283 -8.1785e-07 6.03434e-08 -8.1785e-07 1.03523e-06 
411
0
-13.0786
0.000282536
2.89311 -0.000354801 6.05264e-08 -0.000354801 3.31086 -8.17857e-07 6.05264e-08 -8.17857e-07 1.03523e-06 
412
0
-13.1103
-0.000295954
2.90013 -0.000357805 6.0661e-08 -0.000357805 3.3189 -8.17866e-07 6.0661e-08 -8.17866e-07 1.03523e-06 
413
0
-13.1431
0.000524308
2.90715 -0.000354761 6.07737e-08 -0.000354761 3.32693 -8.17874e-07 6.07737e-08 -8.17874e-07 1.03523e-06 
414
0
-13.1751
5.81909e-05
2.91417 -0.000360317 6.09592e-08 -0.000360317 3.33497 -8.1788e-07 6.09592e-08 -8.1788e-07 1.03523e-06 
415
0
-13.2076
-0.000493538
2.92119 -0.000360983 6.10922e-08 -0.000360983 3.343 -8.1789e-07 6.10922e-08 -8.1789e-07 1.03523e-06 
416
0
-13.2401
-0.000801967
2.92821 -0.000355833 6.12062e-08 -0.000355833 3.35104 -8.17898e-07 6.12062e-08 -8.17898e-07 1.03523e-06 
417
0
-13.2724
-0.000963233
2.93523 -0.000347409 6.13229e-08 -0.000347409 3.35907 -8.17905e-07 6.13229e-08 -8.17905e-07 1.03523e-06 
418
0
-13.3053
0.000150929
2.94225 -0.000337257 6.14435e-08 -0.000337257 3.3671 -8.17911e-07 6.14435e-08 -8.17911e-07 1.03523e-06 
419
0
-13.3373
-0.000143784
2.94927 -0.000338914 6.16389e-08 -0.000338914 3.37514 -8.17913e-07 6.16389e-08 -8.17913e-07 1.03523e-06 
420
0
-13.3701
1.29834e-05
2.95629 -0.000337437 6.17795e-08 -0.000337437 3.38317 -8.17918e-07 6.17795e-08 -8.17918e-07 1.03523e-06 
421
0
-13.4027
0.000342485
2.96331 -0.00033763 6.19357e-08 -0.00033763 3.39121 -8.17921e-07 6.19357e-08 -8.17921e-07 1.03523e-06 
422
0
-13.4347
-0.000179931
2.97033 -0.000341348 6.21062e-08 -0.000341348 3.39924 -8.17926e-07 6.21062e-08 -8.17926e-07 1.03523e-06 
423
0
-13.4671
-0.000455007
2.97735 -0.000339473 6.22325e-08 -0.000339473 3.40728 -8.17933e-07 6.22325e-08 -8.17933e-07 1.03523e-06 
424
0
-13.4999
7.00396e-05
2.98437 -0.000334636 6.23595e-08 -0.000334636 3.41531 -8.17937e-07 6.23595e-08 -8.17937e-07 1.03523e-06 
425
0
-13.5323
0.000126758
2.99139 -0.000335445 6.25302e-08 -0.000335445 3.42335 -8.17944e-07 6.25302e-08 -8.17944e-07 1.03523e-06 
426
0
-13.5649
-0.000213821
2.99841 -0.000336868 6.26878e-08 -0.000336868 3.43138 -8.1795e-07 6.26878e-08 -8.1795e-07 1.03523e-06 
427
0
-13.5967
-0.000744927
3.00543 -0.000334608 6.28218e-08 -0.000334608 3.43942 -8.17957e-07 6.28218e-08 -8.17957e-07 1.03523e-06 
428
0
-13.63
-5.06606e-05
3.01245 -0.00032658 6.29332e-08 -0.00032658 3.44745 -8.17965e-07 6.29332e-08 -8.17965e-07 1.03523e-06 
429
0
-13.6628
4.07619e-05
3.01947 -0.000326083 6.31088e-08 -0.000326083 3.45549 -8.17972e-07 6.31088e-08 -8.17972e-07 1.03523e-06 
430
0
-13.696
0.000569293
3.02649 -0.000326582 6.32695e-08 -0.000326582 3.46352 -8.17978e-07 6.32695e-08 -8.17978e-07 1.03523e-06 
431
0
-13.7283
0.000802244
3.03351 -0.000332856 6.34561e-08 -0.000332856 3.47156 -8.17987e-07 6.34561e-08 -8.17987e-07 1.03523e-06 
432
0
-13.7599
-0.000508376
3.04053 -0.000341696 6.3634e-08 -0.000341696 3.47959 -8.17994e-07 6.3634e-08 -8.17994e-07 1.03523e-06 
433
0
-13.7932
9.20846e-05
3.04755 -0.00033617 6.37224e-08 -0.00033617 3.48762 -8.18004e-07 6.37224e-08 -8.18004e-07 1.03523e-06 
434
0
-13.8257
-0.000340595
3.05457 -0.000337238 6.3892e-08 -0.000337238 3.49566 -8.18012e-07 6.3892e-08 -8.18012e-07 1.03523e-06 
435
0
-13.8581
-0.000421091
3.06159 -0.000333536 6.40219e-08 -0.000333536 3.50369 -8.1802e-07 6.40219e-08 -8.1802e-07 1.03523e-06 
436
0
-13.8913
-0.00016932
3.06861 -0.000328937 6.41584e-08 -0.000328937 3.51173 -8.18026e-07 6.41584e-08 -8.18026e-07 1.03523e-06 
437
0
-13.9242
0.000208959
3.07563 -0.000327116 6.43177e-08 -0.000327116 3.51976 -8.18035e-07 6.43177e-08 -8.18035e-07 1.03523e-06 
438
0
-13.9559
-0.000581018
3.08265 -0.00032949 6.44907e-08 -0.00032949 3.5278 -8.18042e-07 6.44907e-08 -8.18042e-07 1.03523e-06 
439
0
-13.9897
0.000320954
3.08967 -0.000323079 6.46001e-08 -0.000323079 3.53583 -8.1805e-07 6.46001e-08 -8.1805e-07 1.03523e-06 
440
0
-14.0221
-0.000297746
3.09669 -0.000326714 6.4792e-08 -0.000326714 3.54387 -8.18056e-07 6.4792e-08 -8.18056e-07 1.03523e-06 
441
0
-14.0541
-0.000114732
3.10371 -0.00032344 6.49191e-08 -0.00032344 3.5519 -8.18063e-07 6.49191e-08 -8.18063e-07 1.03523e-06 
442
0
-14.0869
-1.15275e-05
3.11073 -0.000322209 6.50702e-08 -0.000322209 3.55994 -8.18068e-07 6.50702e-08 -8.18068e-07 1.03523e-06 
443
0
-14.1204
0.000392242
3.11775 -0.000322134 6.52265e-08 -0.000322134 3.56797 -8.18075e-07 6.52265e-08 -8.18075e-07 1.03523e-06 
444
0
-14.1527
0.000143965
3.12477 -0.000326604 6.54057e-08 -0.000326604 3.57601 -8.18082e-07 6.54057e-08 -8.18082e-07 1.03523e-06 
445
0
-14.1856
0.000132173
3.13179 -0.000328283 6.55522e-08 -0.000328283 3.58404 -8.1809e-07 6.55522e-08 -8.1809e-07 1.03523e-06 
446
0
-14.2183
0.000405924
3.13881 -0.000329832 6.57056e-08 -0.000329832 3.59208 -8.18098e-07 6.57056e-08 -8.18098e-07 1.03523e-06 
447
0
-14.2502
-0.000368039
3.14583 -0.000334487 6.58749e-08 -0.000334487 3.60011 -8.18107e-07 6.58749e-08 -8.18107e-07 1.03523e-06 
448
0
-14.2837
0.000807699
3.15285 -0.000330362 6.59877e-08 -0.000330362 3.60814 -8.18117e-07 6.59877e-08 -8.18117e-07 1.03523e-06 
449
0
-14.3164
0.000714586
3.15987 -0.00033961 6.61978e-08 -0.00033961 3.61618 -8.18123e-07 6.61978e-08 -8.18123e-07 1.03523e-06 
450
0
-14.3487
-0.00046061
3.16689 -0.000347817 6.63655e-08 -0.000347817 3.62421 -8.18131e-07 6.63655e-08 -8.18131e-07 1.03523e-06 
451
0
-14.3815
7.94833e-05
3.17391 -0.000342606 6.64605e-08 -0.000342606 3.63225 -8.18137e-07 6.64605e-08 -8.18137e-07 1.03523e-06 
452
0
-14.414
-0.00012445
3.18093 -0.000343572 6.6626e-08 -0.000343572 3.64028 -8.18143e-07 6.6626e-08 -8.18143e-07 1.03523e-06 
453
0
-14.4468
-7.18028e-05
3.18795 -0.000342198 6.67677e-08 -0.000342198 3.64832 -8.1815e-07 6.67677e-08 -8.1815e-07 1.03523e-06 
454
0
-14.4797
9.64528e-05
3.19497 -0.000341426 6.69182e-08 -0.000341426 3.65635 -8.18157e-07 6.69182e-08 -8.18157e-07 1.03523e-06 
455
0
-14.5117
-0.000204101
3.20199 -0.000342594 6.7078e-08 -0.000342594 3.66439 -8.18162e-07 6.7078e-08 -8.18162e-07 1.03523e-06 
456
0
-14.5444
-0.000101461
3.20901 -0.00034029 6.72116e-08 -0.00034029 3.67242 -8.1817e-07 6.72116e-08 -8.1817e-07 1.03523e-06 
457
0
-14.5763
-0.000734398
3.21603 -0.00033917 6.73621e-08 -0.00033917 3.68046 -8.18176e-07 6.73621e-08 -8.18176e-07 1.03523e-06 
458
0
-14.6085
-0.000774128
3.22305 -0.000330698 6.74716e-08 -0.000330698 3.68849 -8.18183e-07 6.74716e-08 -8.18183e-07 1.03523e-06 
459
0
-14.6415
-0.000606833
3.23007 -0.000321746 6.76006e-08 -0.000321746 3.69653 -8.18191e-07 6.76006e-08 -8.18191e-07 1.03523e-06 
460
0
-14.6743
-0.000348737
3.23709 -0.000314724 6.77474e-08 -0.000314724 3.70456 -8.18195e-07 6.77474e-08 -8.18195e-07 1.03523e-06 
461
0
-14.7068
-0.000566624
3.24411 -0.000310704 6.79049e-08 -0.000310704 3.7126 -8.18199e-07 6.79049e-08 -8.18199e-07 1.03523e-06 
462
0
-14.7395
-0.000669908
3.25113 -0.000304123 6.80398e-08 -0.000304123 3.72063 -8.18204e-07 6.80398e-08 -8.18204e-07 1.03523e-06 
463
0
-14.7726
-0.000976225
3.25815 -0.000296316 6.81754e-08 -0.000296316 3.72866 -8.1821e-07 6.81754e-08 -8.1821e-07 1.03523e-06 
464
0
-14.8068
0.000804552
3.26517 -0.000284888 6.82998e-08 -0.000284888 3.7367 -8.18215e-07 6.82998e-08 -8.18215e-07 1.03523e-06 
465
0
-14.839
0.000626353
3.27219 -0.000294428 6.85424e-08 -0.000294428 3.74473 -8.18219e-07 6.85424e-08 -8.18219e-07 1.03523e-06 
466
0
-14.8713
0.000557696
3.27921 -0.000301883 6.87116e-08 -0.000301883 3.75277 -8.18227e-07 6.87116e-08 -8.18227e-07 1.03523e-06 
467
0
-14.903
-0.000157996
3.28623 -0.000308541 6.88716e-08 -0.000308541 3.7608 -8.18234e-07 6.88716e-08 -8.18234e-07 1.03523e-06 
468
0
-14.9358
3.64239e-05
3.29326 -0.000306722 6.89891e-08 -0.000306722 3.76884 -8.18242e-07 6.89891e-08 -8.18242e-07 1.03523e-06 
469
0
-14.9684
-0.000388576
3.30028 -0.00030721 6.91451e-08 -0.00030721 3.77687 -8.18249e-07 6.91451e-08 -8.18249e-07 1.03523e-06 
470
0
-15.0006
0.000120584
3.3073 -0.000302636 6.92739e-08 -0.000302636 3.78491 -8.18258e-07 6.92739e-08 -8.18258e-07 1.03523e-06 
471
0
-15.0338
0.000583153
3.31432 -0.000304131 6.9444e-08 -0.000304131 3.79294 -8.18265e-07 6.9444e-08 -8.18265e-07 1.03523e-06 
472
0
-15.0669
0.000636239
3.32134 -0.000311165 6.96298e-08 -0.000311165 3.80098 -8.18271e-07 6.96298e-08 -8.18271e-07 1.03523e-06 
473
0
-15.1002
0.00118133
3.32836 -0.00031885 6.98016e-08 -0.00031885 3.80901 -8.18278e-07 6.98016e-08 -8.18278e-07 1.03523e-06 
474
0
-15.1307
0.000108366
3.33538 -0.000333101 6.99998e-08 -0.000333101 3.81705 -8.18285e-07 6.99998e-08 -8.18285e-07 1.03523e-06 
475
0
-15.1626
-0.000641069
3.3424 -0.000334462 7.01066e-08 -0.000334462 3.82508 -8.18294e-07 7.01066e-08 -8.18294e-07 1.03523e-06 
476
0
-15.1959
-0.000229475
3.34942 -0.000326782 7.02047e-08 -0.000326782 3.83312 -8.18301e-07 7.02047e-08 -8.18301e-07 1.03523e-06 
477
0
-15.229
0.000230646
3.35644 -0.000324063 7.03629e-08 -0.000324063 3.84115 -8.18306e-07 7.03629e-08 -8.18306e-07 1.03523e-06 
478
0
-15.2611
-0.000238527
3.36346 -0.000326914 7.05395e-08 -0.000326914 3.84919 -8.18311e-07 7.05395e-08 -8.18311e-07 1.03523e-06 
479
0
-15.2929
-0.000971172
3.37048 -0.000324073 7.06688e-08 -0.000324073 3.85722 -8.18319e-07 7.06688e-08 -8.18319e-07 1.03523e-06 
480
0
-15.3262
0.000531821
3.3775 -0.000312311 7.0767e-08 -0.000312311 3.86525 -8.18327e-07 7.0767e-08 -8.18327e-07 1.03523e-06 
481
0
-15.357
-0.000952904
3.38452 -0.000318852 7.09832e-08 -0.000318852 3.87329 -8.18332e-07 7.09832e-08 -8.18332e-07 1.03523e-06 
482
0
-15.3892
-0.000813391
3.39154 -0.000307265 7.10611e-08 -0.000307265 3.88132 -8.18338e-07 7.10611e-08 -8.18338e-07 1.03523e-06 
483
0
-15.4224
-0.000259982
3.39856 -0.000297361 7.11915e-08 -0.000297361 3.88936 -8.18342e-07 7.11915e-08 -8.18342e-07 1.03523e-06 
484
0
-15.4554
0.00028299
3.40558 -0.000294227 7.13618e-08 -0.000294227 3.89739 -8.18346e-07 7.13618e-08 -8.18346e-07 1.03523e-06 
485
0
-15.4882
0.000184166
3.4126 -0.000297763 7.15461e-08 -0.000297763 3.90543 -8.18352e-07 7.15461e-08 -8.18352e-07 1.03523e-06 
486
0
-15.5209
-0.000325829
3.41962 -0.000300088 7.17032e-08 -0.000300088 3.91346 -8.18359e-07 7.17032e-08 -8.18359e-07 1.03523e-06 
487
0
-15.5538
-0.000188466
3.42664 -0.000296121 7.18303e-08 -0.000296121 3.9215 -8.18367e-07 7.18303e-08 -8.18367e-07 1.03523e-06 
488
0
-15.5862
-0.000581507
3.43366 -0.000293846 7.19823e-08 -0.000293846 3.92953 -8.18372e-07 7.19823e-08 -8.18372e-07 1.03523e-06 
489
0
-15.6188
-0.000418456
3.44068 -0.000286693 7.21082e-08 -0.000286693 3.93757 -8.18376e-07 7.21082e-08 -8.18376e-07 1.03523e-06 
490
0
-15.6514
-0.000726344
3.4477 -0.000281552 7.22567e-08 -0.000281552 3.9456 -8.1838e-07 7.22567e-08 -8.1838e-07 1.03523e-06 
491
0
-15.6845
-0.000407902
3.45472 -0.000272567 7.23852e-08 -0.000272567 3.95364 -8.18388e-07 7.23852e-08 -8.18388e-07 1.03523e-06 
492
0
-15.7182
0.00105925
3.46174 -0.000267535 7.25435e-08 -0.000267535 3.96167 -8.18394e-07 7.25435e-08 -8.18394e-07 1.03523e-06 
493
0
-15.7499
0.000137275
3.46876 -0.000280831 7.27801e-08 -0.000280831 3.96971 -8.18398e-07 7.27801e-08 -8.18398e-07 1.03523e-06 
494
0
-15.7823
-0.000457198
3.47578 -0.000282606 7.29073e-08 -0.000282606 3.97774 -8.18407e-07 7.29073e-08 -8.18407e-07 1.03523e-06 
495
0
-15.8152
-0.000549114
3.4828 -0.000276925 7.30227e-08 -0.000276925 3.98577 -8.18417e-07 7.30227e-08 -8.18417e-07 1.03523e-06 
496
0
-15.8481
-0.000253177
3.48982 -0.000270077 7.31582e-08 -0.000270077 3.99381 -8.18424e-07 7.31582e-08 -8.18424e-07 1.03523e-06 
497
0
-15.8813
0.000285401
3.49684 -0.000266944 7.33184e-08 -0.000266944 4.00184 -8.18431e-07 7.33184e-08 -8.18431e-07 1.03523e-06 
498
0
-15.9132
-0.000256584
3.50386 -0.000270603 7.35021e-08 -0.000270603 4.00988 -8.18437e-07 7.35021e-08 -8.18437e-07 1.03523e-06 
499
0
-15.9466
0.000451024
3.51088 -0.000267414 7.36309e-08 -0.000267414 4.01791 -8.18444e-07 7.36309e-08 -8.18444e-07 1.03523e-06 
500
0
-15.9793
0.000529647
3.5179 -0.000273188 7.38199e-08 -0.000273188 4.02595 -8.18451e-07 7.38199e-08 -8.18451e-07 1.03523e-06 
501
0
-16.0109
-0.000325505
3.52492 -0.000279972 7.39903e-08 -0.000279972 4.03398 -8.18461e-07 7.39903e-08 -8.18461e-07 1.03523e-06 
502
0
-16.0436
-0.000295955
3.53194 -0.000275886 7.41008e-08 -0.000275886 4.04202 -8.1847e-07 7.41008e-08 -8.1847e-07 1.03523e-06 
503
0
-16.0771
0.000535845
3.53896 -0.000272169 7.4243e-08 -0.000272169 4.05005 -8.18478e-07 7.4243e-08 -8.18478e-07 1.03523e-06 
504
0
-16.1101
0.000764194
3.54598 -0.000279072 7.44406e-08 -0.000279072 4.05809 -8.18484e-07 7.44406e-08 -8.18484e-07 1.03523e-06 
505
0
-16.142
0.000144722
3.553 -0.000288913 7.46231e-08 -0.000288913 4.06612 -8.18491e-07 7.46231e-08 -8.18491e-07 1.03523e-06 
506
0
-16.1744
0.000403503
3.56002 -0.000290826 7.4753e-08 -0.000290826 4.07416 -8.18498e-07 7.4753e-08 -8.18498e-07 1.03523e-06 
507
0
-16.2069
0.000372495
3.56704 -0.000296069 7.49169e-08 -0.000296069 4.08219 -8.18504e-07 7.49169e-08 -8.18504e-07 1.03523e-06 
508
0
-16.2401
0.00102471
3.57406 -0.000300924 7.50735e-08 -0.000300924 4.09023 -8.18512e-07 7.50735e-08 -8.18512e-07 1.03523e-06 
509
0
-16.2718
-0.000456989
3.58108 -0.000314203 7.52705e-08 -0.000314203 4.09826 -8.1852e-07 7.52705e-08 -8.1852e-07 1.03523e-06 
510
0
-16.3044
-0.000681128
3.5881 -0.000308352 7.5355e-08 -0.000308352 4.10629 -8.1853e-07 7.5355e-08 -8.1853e-07 1.03523e-06 
511
0
-16.3382
0.000489718
3.59512 -0.000299585 7.54736e-08 -0.000299585 4.11433 -8.18536e-07 7.54736e-08 -8.18536e-07 1.03523e-06 
512
0
-16.3709
0.000614964
3.60214 -0.000305999 7.568e-08 -0.000305999 4.12236 -8.18541e-07 7.568e-08 -8.18541e-07 1.03523e-06 
513
0
-16.4036
0.000783114
3.60916 -0.000314054 7.58547e-08 -0.000314054 4.1304 -8.18548e-07 7.58547e-08 -8.18548e-07 1.03523e-06 
514
0
-16.4361
0.000889149
3.61618 -0.000324316 7.60279e-08 -0.000324316 4.13843 -8.18554e-07 7.60279e-08 -8.18554e-07 1.03523e-06 
515
0
-16.4677
-0.000306988
3.6232 -0.000335982 7.61983e-08 -0.000335982 4.14647 -8.18561e-07 7.61983e-08 -8.18561e-07 1.03523e-06 
516
0
-16.5003
-0.000588841
3.63022 -0.000332024 7.62912e-08 -0.000332024 4.1545 -8.1857e-07 7.62912e-08 -8.1857e-07 1.03523e-06 
517
0
-16.5337
0.000138054
3.63724 -0.000324363 7.6409e-08 -0.000324363 4.16254 -8.18575e-07 7.6409e-08 -8.18575e-07 1.03523e-06 
518
0
-16.5665
-1.36524e-05
3.64426 -0.000326233 7.65883e-08 -0.000326233 4.17057 -8.18579e-07 7.65883e-08 -8.18579e-07 1.03523e-06 
519
0
-16.5996
-0.000249102
3.65128 -0.000326111 7.67364e-08 -0.000326111 4.17861 -8.18585e-07 7.67364e-08 -8.18585e-07 1.03523e-06 
520
0
-16.6326
2.891e-05
3.6583 -0.000322885 7.68733e-08 -0.000322885 4.18664 -8.18592e-07 7.68733e-08 -8.18592e-07 1.03523e-06 
521
0
-16.6655
0.000590256
3.66533 -0.000323324 7.70342e-08 -0.000323324 4.19468 -8.18597e-07 7.70342e-08 -8.18597e-07 1.03523e-06 
522
0
-16.6972
0.000211204
3.67235 -0.000331193 7.72189e-08 -0.000331193 4.20271 -8.18602e-07 7.72189e-08 -8.18602e-07 1.03523e-06 
523
0
-16.7296
-0.000629681
3.67937 -0.000334051 7.73575e-08 -0.000334051 4.21075 -8.18609e-07 7.73575e-08 -8.18609e-07 1.03523e-06 
524
0
-16.7619
-0.000484085
3.68639 -0.000325743 7.74586e-08 -0.000325743 4.21878 -8.18616e-07 7.74586e-08 -8.18616e-07 1.03523e-06 
525
0
-16.7962
0.00116493
3.69341 -0.000319358 7.7597e-08 -0.000319358 4.22681 -8.18622e-07 7.7597e-08 -8.18622e-07 1.03523e-06 
526
0
-16.8273
-0.000570224
3.70043 -0.00033495 7.7839e-08 -0.00033495 4.23485 -8.18627e-07 7.7839e-08 -8.18627e-07 1.03523e-06 
527
0
-16.8605
0.000156393
3.70745 -0.000327389 7.79157e-08 -0.000327389 4.24288 -8.18638e-07 7.79157e-08 -8.18638e-07 1.03523e-06 
528
0
-16.8936
0.000905483
3.71447 -0.000329541 7.8088e-08 -0.000329541 4.25092 -8.18644e-07 7.8088e-08 -8.18644e-07 1.03523e-06 
529
0
-16.9253
0.000392198
3.72149 -0.000341742 7.82884e-08 -0.000341742 4.25895 -8.18651e-07 7.82884e-08 -8.18651e-07 1.03523e-06 
530
0
-16.957
-0.000941944
3.72851 -0.00034707 7.84269e-08 -0.00034707 4.26699 -8.18659e-07 7.84269e-08 -8.18659e-07 1.03523e-06 
531
0
-16.9903
0.000171587
3.73553 -0.000334447 7.84996e-08 -0.000334447 4.27502 -8.18668e-07 7.84996e-08 -8.18668e-07 1.03523e-06 
532
0
-17.0229
0.000443266
3.74255 -0.000336819 7.86875e-08 -0.000336819 4.28306 -8.18673e-07 7.86875e-08 -8.18673e-07 1.03523e-06 
533
0
-17.0556
0.000777964
3.74957 -0.000342867 7.88613e-08 -0.000342867 4.29109 -8.1868e-07 7.88613e-08 -8.1868e-07 1.03523e-06 
534
0
-17.0873
0.00027238
3.75659 -0.000353457 7.90411e-08 -0.000353457 4.29913 -8.18687e-07 7.90411e-08 -8.18687e-07 1.03523e-06 
535
0
-17.1203
0.000530421
3.76361 -0.00035721 7.9174e-08 -0.00035721 4.30716 -8.18696e-07 7.9174e-08 -8.18696e-07 1.03523e-06 
536
0
-17.1523
-0.000265813
3.77063 -0.000364476 7.93398e-08 -0.000364476 4.3152 -8.18704e-07 7.93398e-08 -8.18704e-07 1.03523e-06 
537
0
-17.1856
0.000308785
3.77765 -0.000360915 7.94509e-08 -0.000360915 4.32323 -8.18713e-07 7.94509e-08 -8.18713e-07 1.03523e-06 
538
0
-17.2184
0.000391341
3.78467 -0.000365185 7.96241e-08 -0.000365185 4.33127 -8.18721e-07 7.96241e-08 -8.18721e-07 1.03523e-06 
539
0
-17.2514
0.000648374
3.79169 -0.000370591 7.97865e-08 -0.000370591 4.3393 -8.18728e-07 7.97865e-08 -8.18728e-07 1.03523e-06 
540
0
-17.283
-0.000543153
3.79871 -0.000379525 7.99593e-08 -0.000379525 4.34733 -8.18736e-07 7.99593e-08 -8.18736e-07 1.03523e-06 
541
0
-17.3157
-0.000131983
3.80573 -0.000372134 8.00483e-08 -0.000372134 4.35537 -8.18743e-07 8.00483e-08 -8.18743e-07 1.03523e-06 
542
0
-17.348
4.45961e-05
3.81275 -0.000370379 8.02016e-08 -0.000370379 4.3634 -8.18749e-07 8.02016e-08 -8.18749e-07 1.03523e-06 
543
0
-17.3808
-9.27569e-05
3.81977 -0.000371051 8.03576e-08 -0.000371051 4.37144 -8.18754e-07 8.03576e-08 -8.18754e-07 1.03523e-06 
544
0
-17.4128
-0.000201727
3.82679 -0.00036983 8.05006e-08 -0.00036983 4.37947 -8.18759e-07 8.05006e-08 -8.18759e-07 1.03523e-06 
545
0
-17.4458
0.000479993
3.83381 -0.000367101 8.06377e-08 -0.000367101 4.38751 -8.18764e-07 8.06377e-08 -8.18764e-07 1.03523e-06 
546
0
-17.4781
0.000144004
3.84083 -0.000373804 8.08222e-08 -0.000373804 4.39554 -8.18769e-07 8.08222e-08 -8.18769e-07 1.03523e-06 
547
0
-17.5103
-0.000116833
3.84785 -0.00037586 8.09633e-08 -0.00037586 4.40358 -8.18776e-07 8.09633e-08 -8.18776e-07 1.03523e-06 
548
0
-17.543
0.000114665
3.85487 -0.000374295 8.1096e-08 -0.000374295 4.41161 -8.18784e-07 8.1096e-08 -8.18784e-07 1.03523e-06 
549
0
-17.5761
0.000250318
3.86189 -0.00037595 8.12537e-08 -0.00037595 4.41965 -8.18791e-07 8.12537e-08 -8.18791e-07 1.03523e-06 
550
0
-17.609
0.000701544
3.86891 -0.000379499 8.14152e-08 -0.000379499 4.42768 -8.18798e-07 8.14152e-08 -8.18798e-07 1.03523e-06 
551
0
-17.6413
0.000361848
3.87593 -0.000389357 8.15969e-08 -0.000389357 4.43572 -8.18804e-07 8.15969e-08 -8.18804e-07 1.03523e-06 
552
0
-17.6732
-0.00109477
3.88295 -0.00039448 8.17409e-08 -0.00039448 4.44375 -8.18814e-07 8.17409e-08 -8.18814e-07 1.03523e-06 
553
0
-17.7061
-0.00109268
3.88997 -0.00037919 8.18069e-08 -0.00037919 4.45179 -8.18822e-07 8.18069e-08 -8.18822e-07 1.03523e-06 
554
0
-17.7408
0.00145755
3.89699 -0.000363902 8.19262e-08 -0.000363902 4.45982 -8.18826e-07 8.19262e-08 -8.18826e-07 1.03523e-06 
555
0
-17.7719
4.81027e-05
3.90401 -0.00038447 8.22083e-08 -0.00038447 4.46785 -8.18829e-07 8.22083e-08 -8.18829e-07 1.03523e-06 
556
0
-17.8049
0.000607488
3.91103 -0.000385206 8.23155e-08 -0.000385206 4.47589 -8.1884e-07 8.23155e-08 -8.1884e-07 1.03523e-06 
557
0
-17.8367
-0.000564712
3.91805 -0.000393844 8.24914e-08 -0.000393844 4.48392 -8.18848e-07 8.24914e-08 -8.18848e-07 1.03523e-06 
558
0
-17.8696
-0.000245313
3.92507 -0.000385914 8.25835e-08 -0.000385914 4.49196 -8.18857e-07 8.25835e-08 -8.18857e-07 1.03523e-06 
559
0
-17.9029
0.00100274
3.93209 -0.000382497 8.27335e-08 -0.000382497 4.49999 -8.18862e-07 8.27335e-08 -8.18862e-07 1.03523e-06 
560
0
-17.9345
-0.000664034
3.93911 -0.000396792 8.29531e-08 -0.000396792 4.50803 -8.18866e-07 8.29531e-08 -8.18866e-07 1.03523e-06 
561
0
-17.9681
0.000295919
3.94613 -0.000387407 8.30296e-08 -0.000387407 4.51606 -8.18877e-07 8.30296e-08 -8.18877e-07 1.03523e-06 
562
0
-18.0008
3.96823e-05
3.95315 -0.000391682 8.32152e-08 -0.000391682 4.5241 -8.18881e-07 8.32152e-08 -8.18881e-07 1.03523e-06 
563
0
-18.0328
0.00021287
3.96017 -0.000392308 8.33604e-08 -0.000392308 4.53213 -8.18889e-07 8.33604e-08 -8.18889e-07 1.03523e-06 
564
0
-18.065
0.000117969
3.9672 -0.000395411 8.3517e-08 -0.000395411 4.54017 -8.18894e-07 8.3517e-08 -8.18894e-07 1.03523e-06 
565
0
-18.0966
-0.000726099
3.97422 -0.00039716 8.36633e-08 -0.00039716 4.5482 -8.18902e-07 8.36633e-08 -8.18902e-07 1.03523e-06 
566
0
-18.1295
0.000285435
3.98124 -0.0003868 8.3761e-08 -0.0003868 4.55624 -8.18909e-07 8.3761e-08 -8.18909e-07 1.03523e-06 
567
0
-18.1625
0.000328136
3.98826 -0.000390962 8.39494e-08 -0.000390962 4.56427 -8.18914e-07 8.39494e-08 -8.18914e-07 1.03523e-06 
