0
0
0
-0.000101453
0.00632102 -7.44339e-05 -4.31087e-09 -7.44339e-05 0.0065425 -1.42373e-07 -4.31087e-09 -1.42373e-07 1.21851e-06 
1
0
0
0.000349681
0.0093053 -0.000180885 -4.22578e-09 -0.000180885 0.00905162 -1.84353e-07 -4.22578e-09 -1.84353e-07 1.03651e-06 
2
0
0
-0.000804184
0.0107701 -0.000255988 -3.77882e-09 -0.000255988 0.00996569 -2.08409e-07 -3.77882e-09 -2.08409e-07 1.03685e-06 
3
0
0
4.54505e-05
0.0114639 -0.000297135 -3.37557e-09 -0.000297135 0.010272 -2.19323e-07 -3.37557e-09 -2.19323e-07 1.0371e-06 
4
0
0
-0.000842253
0.0117902 -0.000317558 -3.08817e-09 -0.000317558 0.0103719 -2.24984e-07 -3.08817e-09 -2.24984e-07 1.03671e-06 
5
0
0
-0.000751186
0.0119436 -0.000327291 -2.89581e-09 -0.000327291 0.0104043 -2.28778e-07 -2.89581e-09 -2.28778e-07 1.03631e-06 
6
0
0
-0.000518445
0.0120159 -0.000331835 -2.74916e-09 -0.000331835 0.0104149 -2.31864e-07 -2.74916e-09 -2.31864e-07 1.036e-06 
7
0
0
0.000634361
0.01205 -0.000333937 -2.62504e-09 -0.000333937 0.0104185 -2.34613e-07 -2.62504e-09 -2.34613e-07 1.03576e-06 
8
0
0
0.00130972
0.0120662 -0.000334893 -2.50673e-09 -0.000334893 0.0104197 -2.37134e-07 -2.50673e-09 -2.37134e-07 1.03558e-06 
9
0
0
0.000120121
0.0120739 -0.000335328 -2.3978e-09 -0.000335328 0.0104202 -2.3946e-07 -2.3978e-09 -2.3946e-07 1.03545e-06 
10
0
0
-0.00105127
0.0120777 -0.000335553 -2.29913e-09 -0.000335553 0.0104204 -2.41601e-07 -2.29913e-09 -2.41601e-07 1.03535e-06 
11
0
0
-0.000145492
0.0120795 -0.000335678 -2.21484e-09 -0.000335678 0.0104206 -2.43563e-07 -2.21484e-09 -2.43563e-07 1.03528e-06 
12
0
0
0.000159247
0.0120804 -0.000335723 -2.12591e-09 -0.000335723 0.0104207 -2.45351e-07 -2.12591e-09 -2.45351e-07 1.03523e-06 
13
0
0
-0.000269532
0.0120809 -0.000335742 -2.04566e-09 -0.000335742 0.0104208 -2.46975e-07 -2.04566e-09 -2.46975e-07 1.03519e-06 
14
0
0
0.0010196
0.0120812 -0.000335761 -1.97926e-09 -0.000335761 0.0104209 -2.48441e-07 -1.97926e-09 -2.48441e-07 1.03517e-06 
15
0
0
-8.46809e-05
0.0120814 -0.000335751 -1.90787e-09 -0.000335751 0.010421 -2.49762e-07 -1.90787e-09 -2.49762e-07 1.03515e-06 
16
0
0
-0.00108821
0.0120815 -0.000335768 -1.85777e-09 -0.000335768 0.010421 -2.50945e-07 -1.85777e-09 -2.50945e-07 1.03514e-06 
17
0
0
-0.000477031
0.0120815 -0.000335792 -1.81733e-09 -0.000335792 0.0104211 -2.52003e-07 -1.81733e-09 -2.52003e-07 1.03514e-06 
18
0
0
2.27895e-05
0.0120816 -0.000335793 -1.77094e-09 -0.000335793 0.0104211 -2.52947e-07 -1.77094e-09 -2.52947e-07 1.03514e-06 
19
0
0
0.000632298
0.0120816 -0.000335787 -1.72694e-09 -0.000335787 0.0104212 -2.5379e-07 -1.72694e-09 -2.5379e-07 1.03514e-06 
20
0
0
0.000683679
0.0120817 -0.000335776 -1.68567e-09 -0.000335776 0.0104212 -2.54537e-07 -1.68567e-09 -2.54537e-07 1.03514e-06 
21
0
0
0.000874807
0.0120817 -0.000335772 -1.65202e-09 -0.000335772 0.0104212 -2.55198e-07 -1.65202e-09 -2.55198e-07 1.03515e-06 
22
0
0
0.000741235
0.0120817 -0.000335768 -1.62193e-09 -0.000335768 0.0104213 -2.55783e-07 -1.62193e-09 -2.55783e-07 1.03515e-06 
23
0
0
-0.000520299
0.0120817 -0.000335769 -1.59735e-09 -0.000335769 0.0104213 -2.56299e-07 -1.59735e-09 -2.56299e-07 1.03516e-06 
24
0
0
-0.00111294
0.0120817 -0.00033579 -1.58666e-09 -0.00033579 0.0104213 -2.56753e-07 -1.58666e-09 -2.56753e-07 1.03516e-06 
25
0
0
0.000362447
0.0120817 -0.000335808 -1.57622e-09 -0.000335808 0.0104213 -2.57153e-07 -1.57622e-09 -2.57153e-07 1.03517e-06 
26
0
0
0.00047065
0.0120817 -0.000335792 -1.55048e-09 -0.000335792 0.0104213 -2.57504e-07 -1.55048e-09 -2.57504e-07 1.03517e-06 
27
0
0
4.40445e-05
0.0120817 -0.000335785 -1.53323e-09 -0.000335785 0.0104213 -2.57816e-07 -1.53323e-09 -2.57816e-07 1.03518e-06 
28
0
0
0.000638156
0.0120817 -0.000335789 -1.52379e-09 -0.000335789 0.0104214 -2.58088e-07 -1.52379e-09 -2.58088e-07 1.03518e-06 
29
0
0
-0.000351801
0.0120817 -0.000335781 -1.5089e-09 -0.000335781 0.0104214 -2.58328e-07 -1.5089e-09 -2.58328e-07 1.03519e-06 
30
0
0
0.000520675
0.0120817 -0.000335794 -1.5068e-09 -0.000335794 0.0104214 -2.58537e-07 -1.5068e-09 -2.58537e-07 1.03519e-06 
31
0
0
-0.000404583
0.0120817 -0.000335786 -1.49394e-09 -0.000335786 0.0104214 -2.5872e-07 -1.49394e-09 -2.5872e-07 1.03519e-06 
32
0
0
-6.26616e-05
0.0120817 -0.000335797 -1.49325e-09 -0.000335797 0.0104214 -2.5888e-07 -1.49325e-09 -2.5888e-07 1.0352e-06 
33
0
0
-2.65073e-05
0.0120817 -0.000335796 -1.48626e-09 -0.000335796 0.0104214 -2.59019e-07 -1.48626e-09 -2.59019e-07 1.0352e-06 
34
0
0
0.000383832
0.0120817 -0.000335796 -1.48109e-09 -0.000335796 0.0104214 -2.59141e-07 -1.48109e-09 -2.59141e-07 1.0352e-06 
35
0
0
0.00109957
0.0120817 -0.000335789 -1.46908e-09 -0.000335789 0.0104214 -2.59247e-07 -1.46908e-09 -2.59247e-07 1.0352e-06 
36
0
0
0.000296808
0.0120817 -0.000335775 -1.45472e-09 -0.000335775 0.0104214 -2.5934e-07 -1.45472e-09 -2.5934e-07 1.03521e-06 
37
0
0
0.000568128
0.0120817 -0.000335783 -1.45306e-09 -0.000335783 0.0104214 -2.5942e-07 -1.45306e-09 -2.5942e-07 1.03521e-06 
38
0
0
0.000887846
0.0120817 -0.000335781 -1.44773e-09 -0.000335781 0.0104214 -2.59491e-07 -1.44773e-09 -2.59491e-07 1.03521e-06 
39
0
0
-0.000198419
0.0120817 -0.000335776 -1.44144e-09 -0.000335776 0.0104214 -2.59553e-07 -1.44144e-09 -2.59553e-07 1.03521e-06 
40
0
0
-0.000381151
0.0120817 -0.000335791 -1.44788e-09 -0.000335791 0.0104214 -2.59607e-07 -1.44788e-09 -2.59607e-07 1.03521e-06 
41
0
0
4.20419e-05
0.0120817 -0.0003358 -1.45062e-09 -0.0003358 0.0104214 -2.59653e-07 -1.45062e-09 -2.59653e-07 1.03521e-06 
42
0
0
0.000253339
0.0120817 -0.000335796 -1.44678e-09 -0.000335796 0.0104214 -2.59694e-07 -1.44678e-09 -2.59694e-07 1.03521e-06 
43
0
0
0.000180312
0.0120817 -0.000335792 -1.44014e-09 -0.000335792 0.0104214 -2.59731e-07 -1.44014e-09 -2.59731e-07 1.03522e-06 
44
0
0
0.000204076
0.0120817 -0.000335791 -1.43669e-09 -0.000335791 0.0104214 -2.59762e-07 -1.43669e-09 -2.59762e-07 1.03522e-06 
45
0
0
0.00017753
0.0120817 -0.00033579 -1.43415e-09 -0.00033579 0.0104214 -2.5979e-07 -1.43415e-09 -2.5979e-07 1.03522e-06 
46
0
0
-0.000408433
0.0120817 -0.000335791 -1.43334e-09 -0.000335791 0.0104214 -2.59814e-07 -1.43334e-09 -2.59814e-07 1.03522e-06 
47
0
0
-0.000286566
0.0120817 -0.0003358 -1.43751e-09 -0.0003358 0.0104214 -2.59835e-07 -1.43751e-09 -2.59835e-07 1.03522e-06 
48
0
0
0.000235983
0.0120817 -0.000335802 -1.4378e-09 -0.000335802 0.0104214 -2.59853e-07 -1.4378e-09 -2.59853e-07 1.03522e-06 
49
0
0
0.000936678
0.0120817 -0.000335794 -1.43318e-09 -0.000335794 0.0104214 -2.59868e-07 -1.43318e-09 -2.59868e-07 1.03522e-06 
50
0
0
0.000203106
0.0120817 -0.00033578 -1.42546e-09 -0.00033578 0.0104214 -2.59882e-07 -1.42546e-09 -2.59882e-07 1.03522e-06 
51
0
0
-0.00156135
0.0120817 -0.000335786 -1.42638e-09 -0.000335786 0.0104214 -2.59897e-07 -1.42638e-09 -2.59897e-07 1.03522e-06 
52
0
0
-0.00133305
0.0120817 -0.000335817 -1.44004e-09 -0.000335817 0.0104214 -2.59909e-07 -1.44004e-09 -2.59909e-07 1.03522e-06 
53
0
0
-0.000482198
0.0120817 -0.000335825 -1.44257e-09 -0.000335825 0.0104214 -2.59918e-07 -1.44257e-09 -2.59918e-07 1.03522e-06 
54
0
0
1.70672e-05
0.0120817 -0.000335814 -1.43666e-09 -0.000335814 0.0104214 -2.59926e-07 -1.43666e-09 -2.59926e-07 1.03522e-06 
55
0
0
0.000884242
0.0120817 -0.000335802 -1.4316e-09 -0.000335802 0.0104214 -2.59933e-07 -1.4316e-09 -2.59933e-07 1.03522e-06 
56
0
0
0.000625429
0.0120817 -0.000335784 -1.42406e-09 -0.000335784 0.0104214 -2.59938e-07 -1.42406e-09 -2.59938e-07 1.03522e-06 
57
0
0
0.000439974
0.0120817 -0.000335781 -1.42451e-09 -0.000335781 0.0104214 -2.59944e-07 -1.42451e-09 -2.59944e-07 1.03522e-06 
58
0
0
-0.000349992
0.0120817 -0.000335783 -1.42685e-09 -0.000335783 0.0104214 -2.59949e-07 -1.42685e-09 -2.59949e-07 1.03522e-06 
59
0
0
-0.000238641
0.0120817 -0.000335796 -1.42763e-09 -0.000335796 0.0104214 -2.59953e-07 -1.42763e-09 -2.59953e-07 1.03522e-06 
60
0
0
0.000505207
0.0120817 -0.0003358 -1.42423e-09 -0.0003358 0.0104214 -2.59956e-07 -1.42423e-09 -2.59956e-07 1.03522e-06 
61
0
0
-0.000339926
0.0120817 -0.000335789 -1.41562e-09 -0.000335789 0.0104214 -2.59959e-07 -1.41562e-09 -2.59959e-07 1.03522e-06 
62
0
0
-0.000418435
0.0120817 -0.000335798 -1.41967e-09 -0.000335798 0.0104214 -2.59962e-07 -1.41967e-09 -2.59962e-07 1.03522e-06 
63
0
0
-0.000821729
0.0120817 -0.000335803 -1.4216e-09 -0.000335803 0.0104214 -2.59965e-07 -1.4216e-09 -2.59965e-07 1.03522e-06 
64
0
0
-0.000745024
0.0120817 -0.000335812 -1.42569e-09 -0.000335812 0.0104214 -2.59968e-07 -1.42569e-09 -2.59968e-07 1.03522e-06 
65
0
0
-0.000995641
0.0120817 -0.000335813 -1.4267e-09 -0.000335813 0.0104214 -2.5997e-07 -1.4267e-09 -2.5997e-07 1.03522e-06 
66
0
0
-0.000295315
0.0120817 -0.000335818 -1.42906e-09 -0.000335818 0.0104214 -2.59972e-07 -1.42906e-09 -2.59972e-07 1.03522e-06 
67
0
0
-0.000733884
0.0120817 -0.000335809 -1.42722e-09 -0.000335809 0.0104214 -2.59973e-07 -1.42722e-09 -2.59973e-07 1.03522e-06 
68
0
0
-0.000653131
0.0120817 -0.000335812 -1.43155e-09 -0.000335812 0.0104214 -2.59972e-07 -1.43155e-09 -2.59972e-07 1.03522e-06 
69
0
0
-0.000106988
0.0120817 -0.000335812 -1.43339e-09 -0.000335812 0.0104214 -2.59973e-07 -1.43339e-09 -2.59973e-07 1.03522e-06 
70
0
0
2.44873e-05
0.0120817 -0.000335804 -1.43035e-09 -0.000335804 0.0104214 -2.59974e-07 -1.43035e-09 -2.59974e-07 1.03522e-06 
71
0
0
-0.000554914
0.0120817 -0.000335798 -1.42902e-09 -0.000335798 0.0104214 -2.59976e-07 -1.42902e-09 -2.59976e-07 1.03522e-06 
72
0
0
0.000136764
0.0120817 -0.000335805 -1.43436e-09 -0.000335805 0.0104214 -2.59977e-07 -1.43436e-09 -2.59977e-07 1.03522e-06 
73
0
0
-5.03838e-05
0.0120817 -0.000335797 -1.43053e-09 -0.000335797 0.0104214 -2.59978e-07 -1.43053e-09 -2.59978e-07 1.03522e-06 
74
0
0
0.000789423
0.0120817 -0.000335797 -1.43093e-09 -0.000335797 0.0104214 -2.59978e-07 -1.43093e-09 -2.59978e-07 1.03522e-06 
75
0
0
0.000442079
0.0120817 -0.000335784 -1.41865e-09 -0.000335784 0.0104214 -2.59978e-07 -1.41865e-09 -2.59978e-07 1.03522e-06 
76
0
0
0.000274642
0.0120817 -0.000335784 -1.41544e-09 -0.000335784 0.0104214 -2.59979e-07 -1.41544e-09 -2.59979e-07 1.03522e-06 
77
0
0
-9.1662e-05
0.0120817 -0.000335787 -1.41486e-09 -0.000335787 0.0104214 -2.59979e-07 -1.41486e-09 -2.59979e-07 1.03522e-06 
78
0
0
-0.000362612
0.0120817 -0.000335794 -1.41747e-09 -0.000335794 0.0104214 -2.5998e-07 -1.41747e-09 -2.5998e-07 1.03522e-06 
79
0
0
0.000501096
0.0120817 -0.000335801 -1.42061e-09 -0.000335801 0.0104214 -2.59981e-07 -1.42061e-09 -2.59981e-07 1.03522e-06 
80
0
0
-0.000380831
0.0120817 -0.00033579 -1.41455e-09 -0.00033579 0.0104214 -2.59981e-07 -1.41455e-09 -2.59981e-07 1.03522e-06 
81
0
0
-0.00118538
0.0120817 -0.000335799 -1.4209e-09 -0.000335799 0.0104214 -2.59982e-07 -1.4209e-09 -2.59982e-07 1.03522e-06 
82
0
0
4.34841e-05
0.0120817 -0.000335816 -1.43105e-09 -0.000335816 0.0104214 -2.59981e-07 -1.43105e-09 -2.59981e-07 1.03522e-06 
83
0
0
-0.000362078
0.0120817 -0.000335803 -1.42312e-09 -0.000335803 0.0104214 -2.59978e-07 -1.42312e-09 -2.59978e-07 1.03522e-06 
84
0
0
0.000412748
0.0120817 -0.000335804 -1.42379e-09 -0.000335804 0.0104214 -2.59976e-07 -1.42379e-09 -2.59976e-07 1.03522e-06 
85
0
0
-1.9962e-05
0.0120817 -0.000335792 -1.41745e-09 -0.000335792 0.0104214 -2.59975e-07 -1.41745e-09 -2.59975e-07 1.03522e-06 
86
0
0
0.000654757
0.0120817 -0.000335795 -1.41897e-09 -0.000335795 0.0104214 -2.59974e-07 -1.41897e-09 -2.59974e-07 1.03522e-06 
87
0
0
0.000814777
0.0120817 -0.000335785 -1.41379e-09 -0.000335785 0.0104214 -2.59974e-07 -1.41379e-09 -2.59974e-07 1.03522e-06 
88
0
0
0.000561313
0.0120817 -0.000335779 -1.41128e-09 -0.000335779 0.0104214 -2.59974e-07 -1.41128e-09 -2.59974e-07 1.03522e-06 
89
0
0
-0.000370344
0.0120817 -0.00033578 -1.4135e-09 -0.00033578 0.0104214 -2.59975e-07 -1.4135e-09 -2.59975e-07 1.03522e-06 
90
0
0
-0.000790059
0.0120817 -0.000335796 -1.41723e-09 -0.000335796 0.0104214 -2.59972e-07 -1.41723e-09 -2.59972e-07 1.03522e-06 
91
0
0
-0.000239071
0.0120817 -0.000335808 -1.42015e-09 -0.000335808 0.0104214 -2.5997e-07 -1.42015e-09 -2.5997e-07 1.03522e-06 
92
0
0
0.000707831
0.0120817 -0.000335804 -1.4151e-09 -0.000335804 0.0104214 -2.59968e-07 -1.4151e-09 -2.59968e-07 1.03522e-06 
93
0
0
6.64671e-05
0.0120817 -0.000335788 -1.40438e-09 -0.000335788 0.0104214 -2.59967e-07 -1.40438e-09 -2.59967e-07 1.03522e-06 
94
0
0
9.65882e-05
0.0120817 -0.000335792 -1.40641e-09 -0.000335792 0.0104214 -2.59967e-07 -1.40641e-09 -2.59967e-07 1.03522e-06 
95
0
0
-0.000209607
0.0120817 -0.000335793 -1.40639e-09 -0.000335793 0.0104214 -2.59968e-07 -1.40639e-09 -2.59968e-07 1.03522e-06 
96
0
0
-0.00067077
0.0120817 -0.000335798 -1.40882e-09 -0.000335798 0.0104214 -2.59968e-07 -1.40882e-09 -2.59968e-07 1.03522e-06 
97
0
0
-2.7026e-05
0.0120817 -0.000335807 -1.41344e-09 -0.000335807 0.0104214 -2.59969e-07 -1.41344e-09 -2.59969e-07 1.03522e-06 
98
0
0
0.000147331
0.0120817 -0.0003358 -1.41046e-09 -0.0003358 0.0104214 -2.59972e-07 -1.41046e-09 -2.59972e-07 1.03522e-06 
99
0
0
-0.00010731
0.0120817 -0.000335795 -1.40842e-09 -0.000335795 0.0104214 -2.59974e-07 -1.40842e-09 -2.59974e-07 1.03522e-06 
100
0
0
0.000360614
0.0120817 -0.000335797 -1.41052e-09 -0.000335797 0.0104214 -2.59974e-07 -1.41052e-09 -2.59974e-07 1.03522e-06 
101
0
0
0.000409637
0.0120817 -0.00033579 -1.40839e-09 -0.00033579 0.0104214 -2.59974e-07 -1.40839e-09 -2.59974e-07 1.03522e-06 
102
0
0
8.97395e-05
0.0120817 -0.000335787 -1.40723e-09 -0.000335787 0.0104214 -2.59976e-07 -1.40723e-09 -2.59976e-07 1.03522e-06 
103
0
0
-0.000711978
0.0120817 -0.000335791 -1.40949e-09 -0.000335791 0.0104214 -2.59977e-07 -1.40949e-09 -2.59977e-07 1.03522e-06 
104
0
0
0.00012422
0.0120817 -0.000335805 -1.41714e-09 -0.000335805 0.0104214 -2.59978e-07 -1.41714e-09 -2.59978e-07 1.03522e-06 
105
0
0
-0.000580954
0.0120817 -0.000335797 -1.41294e-09 -0.000335797 0.0104214 -2.59978e-07 -1.41294e-09 -2.59978e-07 1.03522e-06 
106
0
0
0.000672061
0.0120817 -0.000335805 -1.4118e-09 -0.000335805 0.0104214 -2.59978e-07 -1.4118e-09 -2.59978e-07 1.03522e-06 
107
0
0
0.00026263
0.0120817 -0.000335789 -1.39913e-09 -0.000335789 0.0104214 -2.59978e-07 -1.39913e-09 -2.59978e-07 1.03522e-06 
108
0
0
0.000578758
0.0120817 -0.000335789 -1.39801e-09 -0.000335789 0.0104214 -2.59978e-07 -1.39801e-09 -2.59978e-07 1.03522e-06 
109
0
0
0.000840632
0.0120817 -0.000335784 -1.39498e-09 -0.000335784 0.0104214 -2.59977e-07 -1.39498e-09 -2.59977e-07 1.03522e-06 
110
0
0
0.000247281
0.0120817 -0.000335778 -1.39161e-09 -0.000335778 0.0104214 -2.59978e-07 -1.39161e-09 -2.59978e-07 1.03522e-06 
111
0
0
0.000417538
0.0120817 -0.000335785 -1.39568e-09 -0.000335785 0.0104214 -2.59979e-07 -1.39568e-09 -2.59979e-07 1.03522e-06 
112
0
0
0.000465683
0.0120817 -0.000335785 -1.3966e-09 -0.000335785 0.0104214 -2.59979e-07 -1.3966e-09 -2.59979e-07 1.03522e-06 
113
0
0
-0.000105098
0.0120817 -0.000335784 -1.39718e-09 -0.000335784 0.0104214 -2.59978e-07 -1.39718e-09 -2.59978e-07 1.03522e-06 
114
0
0
0.000124109
0.0120817 -0.000335793 -1.39758e-09 -0.000335793 0.0104214 -2.59978e-07 -1.39758e-09 -2.59978e-07 1.03522e-06 
115
0
0
-0.000517384
0.0120817 -0.000335793 -1.39369e-09 -0.000335793 0.0104214 -2.59978e-07 -1.39369e-09 -2.59978e-07 1.03522e-06 
116
0
0
-0.000387237
0.0120817 -0.000335803 -1.39836e-09 -0.000335803 0.0104214 -2.59978e-07 -1.39836e-09 -2.59978e-07 1.03522e-06 
117
0
0
-0.000372101
0.0120817 -0.000335804 -1.39972e-09 -0.000335804 0.0104214 -2.59979e-07 -1.39972e-09 -2.59979e-07 1.03522e-06 
118
0
0
0.000343625
0.0120817 -0.000335805 -1.40037e-09 -0.000335805 0.0104214 -2.59978e-07 -1.40037e-09 -2.59978e-07 1.03522e-06 
119
0
0
0.000190456
0.0120817 -0.000335794 -1.39443e-09 -0.000335794 0.0104214 -2.59977e-07 -1.39443e-09 -2.59977e-07 1.03522e-06 
120
0
0
0.00137482
0.0120817 -0.000335792 -1.39478e-09 -0.000335792 0.0104214 -2.59976e-07 -1.39478e-09 -2.59976e-07 1.03522e-06 
121
0
0
0.000287724
0.0120818 -0.000335772 -1.38604e-09 -0.000335772 0.0104214 -2.59975e-07 -1.38604e-09 -2.59975e-07 1.03522e-06 
122
0
0
-0.00060828
0.0120817 -0.000335782 -1.38913e-09 -0.000335782 0.0104214 -2.59975e-07 -1.38913e-09 -2.59975e-07 1.03522e-06 
123
0
0
-0.000421342
0.0120817 -0.0003358 -1.39594e-09 -0.0003358 0.0104214 -2.59977e-07 -1.39594e-09 -2.59977e-07 1.03522e-06 
124
0
0
-0.000635612
0.0120817 -0.000335804 -1.39483e-09 -0.000335804 0.0104214 -2.59978e-07 -1.39483e-09 -2.59978e-07 1.03522e-06 
125
0
0
0.000647049
0.0120817 -0.000335809 -1.39581e-09 -0.000335809 0.0104214 -2.59978e-07 -1.39581e-09 -2.59978e-07 1.03522e-06 
126
0
0
0.00125977
0.0120817 -0.00033579 -1.38562e-09 -0.00033579 0.0104214 -2.59977e-07 -1.38562e-09 -2.59977e-07 1.03522e-06 
127
0
0
0.000631359
0.0120817 -0.000335774 -1.37738e-09 -0.000335774 0.0104214 -2.59976e-07 -1.37738e-09 -2.59976e-07 1.03522e-06 
128
0
0
-0.00024361
0.0120817 -0.000335777 -1.37992e-09 -0.000335777 0.0104214 -2.59976e-07 -1.37992e-09 -2.59976e-07 1.03522e-06 
129
0
0
0.00064313
0.0120817 -0.000335792 -1.38837e-09 -0.000335792 0.0104214 -2.59976e-07 -1.38837e-09 -2.59976e-07 1.03522e-06 
130
0
0
0.000742814
0.0120817 -0.000335784 -1.38376e-09 -0.000335784 0.0104214 -2.59976e-07 -1.38376e-09 -2.59976e-07 1.03522e-06 
131
0
0
5.65631e-05
0.0120817 -0.000335779 -1.38509e-09 -0.000335779 0.0104214 -2.59973e-07 -1.38509e-09 -2.59973e-07 1.03522e-06 
132
0
0
-0.000304314
0.0120817 -0.000335789 -1.3923e-09 -0.000335789 0.0104214 -2.5997e-07 -1.3923e-09 -2.5997e-07 1.03522e-06 
133
0
0
-2.68394e-05
0.0120817 -0.000335798 -1.39803e-09 -0.000335798 0.0104214 -2.59969e-07 -1.39803e-09 -2.59969e-07 1.03522e-06 
134
0
0
0.000491395
0.0120817 -0.000335797 -1.39817e-09 -0.000335797 0.0104214 -2.59967e-07 -1.39817e-09 -2.59967e-07 1.03522e-06 
135
0
0
9.50106e-05
0.0120817 -0.000335788 -1.39482e-09 -0.000335788 0.0104214 -2.59967e-07 -1.39482e-09 -2.59967e-07 1.03522e-06 
136
0
0
0.00062756
0.0120817 -0.000335791 -1.39785e-09 -0.000335791 0.0104214 -2.59967e-07 -1.39785e-09 -2.59967e-07 1.03522e-06 
137
0
0
-9.80203e-05
0.0120817 -0.000335784 -1.39453e-09 -0.000335784 0.0104214 -2.59967e-07 -1.39453e-09 -2.59967e-07 1.03522e-06 
138
0
0
-0.00016618
0.0120817 -0.000335793 -1.40002e-09 -0.000335793 0.0104214 -2.59967e-07 -1.40002e-09 -2.59967e-07 1.03522e-06 
139
0
0
0.000922631
0.0120817 -0.000335797 -1.39721e-09 -0.000335797 0.0104214 -2.59964e-07 -1.39721e-09 -2.59964e-07 1.03522e-06 
140
0
0
-0.000850094
0.0120817 -0.000335782 -1.38492e-09 -0.000335782 0.0104214 -2.59962e-07 -1.38492e-09 -2.59962e-07 1.03522e-06 
141
0
0
-0.000475852
0.0120817 -0.000335804 -1.39552e-09 -0.000335804 0.0104214 -2.59961e-07 -1.39552e-09 -2.59961e-07 1.03522e-06 
142
0
0
-0.000658376
0.0120817 -0.000335806 -1.39497e-09 -0.000335806 0.0104214 -2.59961e-07 -1.39497e-09 -2.59961e-07 1.03522e-06 
143
0
0
0.000367962
0.0120817 -0.00033581 -1.39655e-09 -0.00033581 0.0104214 -2.59961e-07 -1.39655e-09 -2.59961e-07 1.03522e-06 
144
0
0
0.000292633
0.0120817 -0.000335795 -1.38861e-09 -0.000335795 0.0104214 -2.59961e-07 -1.38861e-09 -2.59961e-07 1.03522e-06 
145
0
0
0.000374179
0.0120817 -0.000335791 -1.3867e-09 -0.000335791 0.0104214 -2.5996e-07 -1.3867e-09 -2.5996e-07 1.03522e-06 
146
0
0
-0.000183985
0.0120817 -0.000335788 -1.3855e-09 -0.000335788 0.0104214 -2.5996e-07 -1.3855e-09 -2.5996e-07 1.03522e-06 
147
0
0
0.000337169
0.0120817 -0.000335796 -1.38984e-09 -0.000335796 0.0104214 -2.59956e-07 -1.38984e-09 -2.59956e-07 1.03522e-06 
148
0
0
-0.000121539
0.0120817 -0.00033579 -1.3869e-09 -0.00033579 0.0104214 -2.59953e-07 -1.3869e-09 -2.59953e-07 1.03522e-06 
149
0
0
-0.0009698
0.0120817 -0.000335795 -1.39017e-09 -0.000335795 0.0104214 -2.59951e-07 -1.39017e-09 -2.59951e-07 1.03522e-06 
150
0
0
-0.000802103
0.0120817 -0.000335811 -1.39869e-09 -0.000335811 0.0104214 -2.5995e-07 -1.39869e-09 -2.5995e-07 1.03522e-06 
151
0
0
-0.000141138
0.0120817 -0.000335814 -1.4007e-09 -0.000335814 0.0104214 -2.5995e-07 -1.4007e-09 -2.5995e-07 1.03522e-06 
152
0
0
-0.000438069
0.0120817 -0.000335805 -1.39591e-09 -0.000335805 0.0104214 -2.5995e-07 -1.39591e-09 -2.5995e-07 1.03522e-06 
153
0
0
0.00031615
0.0120817 -0.000335806 -1.39736e-09 -0.000335806 0.0104214 -2.59949e-07 -1.39736e-09 -2.59949e-07 1.03522e-06 
154
0
0
-0.000200634
0.0120817 -0.000335795 -1.39162e-09 -0.000335795 0.0104214 -2.59949e-07 -1.39162e-09 -2.59949e-07 1.03522e-06 
155
0
0
0.000260322
0.0120817 -0.000335798 -1.3894e-09 -0.000335798 0.0104214 -2.59951e-07 -1.3894e-09 -2.59951e-07 1.03522e-06 
156
0
0
-0.000171948
0.0120817 -0.000335793 -1.38317e-09 -0.000335793 0.0104214 -2.59952e-07 -1.38317e-09 -2.59952e-07 1.03522e-06 
157
0
0
-2.86978e-05
0.0120817 -0.000335797 -1.38407e-09 -0.000335797 0.0104214 -2.59952e-07 -1.38407e-09 -2.59952e-07 1.03522e-06 
158
0
0
-0.000758516
0.0120817 -0.000335797 -1.38277e-09 -0.000335797 0.0104214 -2.59953e-07 -1.38277e-09 -2.59953e-07 1.03522e-06 
159
0
0
-0.000214847
0.0120817 -0.000335808 -1.38869e-09 -0.000335808 0.0104214 -2.59953e-07 -1.38869e-09 -2.59953e-07 1.03522e-06 
160
0
0
0.000254302
0.0120817 -0.000335804 -1.3868e-09 -0.000335804 0.0104214 -2.59953e-07 -1.3868e-09 -2.59953e-07 1.03522e-06 
161
0
0
0.000524822
0.0120817 -0.000335795 -1.38232e-09 -0.000335795 0.0104214 -2.59954e-07 -1.38232e-09 -2.59954e-07 1.03522e-06 
162
0
0
-0.000526828
0.0120817 -0.000335787 -1.37873e-09 -0.000335787 0.0104214 -2.59954e-07 -1.37873e-09 -2.59954e-07 1.03522e-06 
163
0
0
-0.000578325
0.0120817 -0.000335801 -1.37458e-09 -0.000335801 0.0104214 -2.59954e-07 -1.37458e-09 -2.59954e-07 1.03522e-06 
164
0
0
2.89807e-05
0.0120817 -0.000335807 -1.36837e-09 -0.000335807 0.0104214 -2.59953e-07 -1.36837e-09 -2.59953e-07 1.03522e-06 
165
0
0
-0.000174572
0.0120817 -0.000335799 -1.35913e-09 -0.000335799 0.0104214 -2.59951e-07 -1.35913e-09 -2.59951e-07 1.03522e-06 
166
0
0
-0.000344495
0.0120817 -0.0003358 -1.35723e-09 -0.0003358 0.0104214 -2.59951e-07 -1.35723e-09 -2.59951e-07 1.03522e-06 
167
0
0
-0.000658521
0.0120817 -0.000335803 -1.35724e-09 -0.000335803 0.0104214 -2.59952e-07 -1.35724e-09 -2.59952e-07 1.03522e-06 
168
0
0
0.000495049
0.0120817 -0.000335809 -1.35971e-09 -0.000335809 0.0104214 -2.59952e-07 -1.35971e-09 -2.59952e-07 1.03522e-06 
169
0
0
0.000170771
0.0120817 -0.000335793 -1.35133e-09 -0.000335793 0.0104214 -2.59952e-07 -1.35133e-09 -2.59952e-07 1.03522e-06 
170
0
0
9.58672e-07
0.0120817 -0.000335792 -1.3523e-09 -0.000335792 0.0104214 -2.59951e-07 -1.3523e-09 -2.59951e-07 1.03522e-06 
171
0
0
0.000458737
0.0120817 -0.000335794 -1.35303e-09 -0.000335794 0.0104214 -2.59948e-07 -1.35303e-09 -2.59948e-07 1.03522e-06 
172
0
0
3.75866e-05
0.0120817 -0.000335788 -1.34839e-09 -0.000335788 0.0104214 -2.59947e-07 -1.34839e-09 -2.59947e-07 1.03522e-06 
173
0
0
0.000555617
0.0120817 -0.000335792 -1.35024e-09 -0.000335792 0.0104214 -2.59946e-07 -1.35024e-09 -2.59946e-07 1.03522e-06 
174
0
0
-0.000201741
0.0120817 -0.000335785 -1.34601e-09 -0.000335785 0.0104214 -2.59946e-07 -1.34601e-09 -2.59946e-07 1.03522e-06 
175
0
0
-0.00110675
0.0120817 -0.000335795 -1.35087e-09 -0.000335795 0.0104214 -2.59946e-07 -1.35087e-09 -2.59946e-07 1.03522e-06 
176
0
0
0.0008427
0.0120817 -0.000335813 -1.3604e-09 -0.000335813 0.0104214 -2.59946e-07 -1.3604e-09 -2.59946e-07 1.03522e-06 
177
0
0
0.000737227
0.0120817 -0.000335789 -1.34699e-09 -0.000335789 0.0104214 -2.59945e-07 -1.34699e-09 -2.59945e-07 1.03522e-06 
178
0
0
0.000544746
0.0120817 -0.000335781 -1.34415e-09 -0.000335781 0.0104214 -2.59944e-07 -1.34415e-09 -2.59944e-07 1.03522e-06 
179
0
0
0.000323942
0.0120817 -0.000335782 -1.3442e-09 -0.000335782 0.0104214 -2.59946e-07 -1.3442e-09 -2.59946e-07 1.03522e-06 
180
0
0
-0.000204686
0.0120817 -0.000335785 -1.34596e-09 -0.000335785 0.0104214 -2.59947e-07 -1.34596e-09 -2.59947e-07 1.03522e-06 
181
0
0
-0.000753729
0.0120817 -0.000335795 -1.35154e-09 -0.000335795 0.0104214 -2.59948e-07 -1.35154e-09 -2.59948e-07 1.03522e-06 
182
0
0
-0.000216123
0.0120817 -0.000335807 -1.35927e-09 -0.000335807 0.0104214 -2.59947e-07 -1.35927e-09 -2.59947e-07 1.03522e-06 
183
0
0
-0.00102533
0.0120817 -0.000335804 -1.35773e-09 -0.000335804 0.0104214 -2.59946e-07 -1.35773e-09 -2.59946e-07 1.03522e-06 
184
0
0
0.000205545
0.0120817 -0.000335815 -1.36425e-09 -0.000335815 0.0104214 -2.59945e-07 -1.36425e-09 -2.59945e-07 1.03522e-06 
185
0
0
0.000280484
0.0120817 -0.0003358 -1.3559e-09 -0.0003358 0.0104214 -2.59945e-07 -1.3559e-09 -2.59945e-07 1.03522e-06 
186
0
0
-0.000137058
0.0120817 -0.000335793 -1.3531e-09 -0.000335793 0.0104214 -2.59944e-07 -1.3531e-09 -2.59944e-07 1.03522e-06 
187
0
0
-0.000856959
0.0120817 -0.000335797 -1.35324e-09 -0.000335797 0.0104214 -2.5995e-07 -1.35324e-09 -2.5995e-07 1.03522e-06 
188
0
0
-0.00043971
0.0120817 -0.00033581 -1.35883e-09 -0.00033581 0.0104214 -2.59954e-07 -1.35883e-09 -2.59954e-07 1.03522e-06 
189
0
0
0.000427592
0.0120817 -0.000335808 -1.35746e-09 -0.000335808 0.0104214 -2.59955e-07 -1.35746e-09 -2.59955e-07 1.03522e-06 
190
0
0
0.000768986
0.0120817 -0.000335794 -1.34951e-09 -0.000335794 0.0104214 -2.59956e-07 -1.34951e-09 -2.59956e-07 1.03522e-06 
191
0
0
0.000614136
0.0120817 -0.000335783 -1.34383e-09 -0.000335783 0.0104214 -2.59957e-07 -1.34383e-09 -2.59957e-07 1.03522e-06 
192
0
0
-0.000137764
0.0120817 -0.000335781 -1.34348e-09 -0.000335781 0.0104214 -2.59958e-07 -1.34348e-09 -2.59958e-07 1.03522e-06 
193
0
0
-0.00118849
0.0120817 -0.000335792 -1.35015e-09 -0.000335792 0.0104214 -2.59958e-07 -1.35015e-09 -2.59958e-07 1.03522e-06 
194
0
0
-0.00080512
0.0120817 -0.000335813 -1.36175e-09 -0.000335813 0.0104214 -2.59958e-07 -1.36175e-09 -2.59958e-07 1.03522e-06 
195
0
0
0.000300373
0.0120817 -0.000335815 -1.36832e-09 -0.000335815 0.0104214 -2.59944e-07 -1.36832e-09 -2.59944e-07 1.03522e-06 
196
0
0
0.000494542
0.0120817 -0.000335798 -1.36313e-09 -0.000335798 0.0104214 -2.59935e-07 -1.36313e-09 -2.59935e-07 1.03522e-06 
197
0
0
0.000459831
0.0120817 -0.000335789 -1.36094e-09 -0.000335789 0.0104214 -2.5993e-07 -1.36094e-09 -2.5993e-07 1.03522e-06 
198
0
0
0.000621829
0.0120817 -0.000335786 -1.36129e-09 -0.000335786 0.0104214 -2.59927e-07 -1.36129e-09 -2.59927e-07 1.03522e-06 
199
0
0
0.000897194
0.0120817 -0.000335782 -1.3606e-09 -0.000335782 0.0104214 -2.59926e-07 -1.3606e-09 -2.59926e-07 1.03522e-06 
200
0
0
-0.000877574
0.0120817 -0.000335776 -1.3582e-09 -0.000335776 0.0104214 -2.59925e-07 -1.3582e-09 -2.59925e-07 1.03522e-06 
201
0
0
-0.000455263
0.0120817 -0.000335802 -1.37284e-09 -0.000335802 0.0104214 -2.59925e-07 -1.37284e-09 -2.59925e-07 1.03522e-06 
202
0
0
-0.000665158
0.0120817 -0.000335805 -1.37424e-09 -0.000335805 0.0104214 -2.59926e-07 -1.37424e-09 -2.59926e-07 1.03522e-06 
203
0
0
-0.00131321
0.0120817 -0.00033581 -1.3751e-09 -0.00033581 0.0104214 -2.59926e-07 -1.3751e-09 -2.59926e-07 1.03522e-06 
204
0
0
-1.35385e-05
0.0120817 -0.000335822 -1.38028e-09 -0.000335822 0.0104214 -2.59926e-07 -1.38028e-09 -2.59926e-07 1.03522e-06 
205
0
0
0.000727183
0.0120817 -0.000335806 -1.37074e-09 -0.000335806 0.0104214 -2.59925e-07 -1.37074e-09 -2.59925e-07 1.03522e-06 
206
0
0
-4.04401e-05
0.0120817 -0.000335788 -1.36095e-09 -0.000335788 0.0104214 -2.59925e-07 -1.36095e-09 -2.59925e-07 1.03522e-06 
207
0
0
-0.000412884
0.0120817 -0.000335793 -1.36446e-09 -0.000335793 0.0104214 -2.59925e-07 -1.36446e-09 -2.59925e-07 1.03522e-06 
208
0
0
8.29338e-05
0.0120817 -0.000335801 -1.36945e-09 -0.000335801 0.0104214 -2.59925e-07 -1.36945e-09 -2.59925e-07 1.03522e-06 
209
0
0
-0.000476705
0.0120817 -0.000335796 -1.36748e-09 -0.000335796 0.0104214 -2.59925e-07 -1.36748e-09 -2.59925e-07 1.03522e-06 
210
0
0
-0.00133212
0.0120817 -0.000335804 -1.37221e-09 -0.000335804 0.0104214 -2.59925e-07 -1.37221e-09 -2.59925e-07 1.03522e-06 
211
0
0
-8.18363e-05
0.0120817 -0.00033582 -1.38229e-09 -0.00033582 0.0104214 -2.59927e-07 -1.38229e-09 -2.59927e-07 1.03522e-06 
212
0
0
0.000529484
0.0120817 -0.000335806 -1.37523e-09 -0.000335806 0.0104214 -2.59927e-07 -1.37523e-09 -2.59927e-07 1.03522e-06 
213
0
0
0.000949715
0.0120817 -0.000335791 -1.3669e-09 -0.000335791 0.0104214 -2.59927e-07 -1.3669e-09 -2.59927e-07 1.03522e-06 
214
0
0
0.00127919
0.0120817 -0.000335779 -1.36147e-09 -0.000335779 0.0104214 -2.59927e-07 -1.36147e-09 -2.59927e-07 1.03522e-06 
215
0
0
0.000286508
0.0120818 -0.000335769 -1.35738e-09 -0.000335769 0.0104214 -2.59927e-07 -1.35738e-09 -2.59927e-07 1.03522e-06 
216
0
0
-0.000412346
0.0120817 -0.000335781 -1.36464e-09 -0.000335781 0.0104214 -2.59928e-07 -1.36464e-09 -2.59928e-07 1.03522e-06 
217
0
0
-0.000373681
0.0120817 -0.000335797 -1.37217e-09 -0.000335797 0.0104214 -2.5993e-07 -1.37217e-09 -2.5993e-07 1.03522e-06 
218
0
0
-0.0012434
0.0120817 -0.000335802 -1.37479e-09 -0.000335802 0.0104214 -2.59931e-07 -1.37479e-09 -2.59931e-07 1.03522e-06 
219
0
0
-0.000827399
0.0120817 -0.000335818 -1.38033e-09 -0.000335818 0.0104214 -2.59931e-07 -1.38033e-09 -2.59931e-07 1.03522e-06 
220
0
0
-0.000558062
0.0120817 -0.000335817 -1.37804e-09 -0.000335817 0.0104214 -2.59931e-07 -1.37804e-09 -2.59931e-07 1.03522e-06 
221
0
0
-0.000380423
0.0120817 -0.000335813 -1.37431e-09 -0.000335813 0.0104214 -2.59931e-07 -1.37431e-09 -2.59931e-07 1.03522e-06 
222
0
0
0.000503911
0.0120817 -0.000335808 -1.37169e-09 -0.000335808 0.0104214 -2.5993e-07 -1.37169e-09 -2.5993e-07 1.03522e-06 
223
0
0
0.000783597
0.0120817 -0.000335792 -1.36257e-09 -0.000335792 0.0104214 -2.59929e-07 -1.36257e-09 -2.59929e-07 1.03522e-06 
224
0
0
0.00148889
0.0120817 -0.000335782 -1.35609e-09 -0.000335782 0.0104214 -2.59929e-07 -1.35609e-09 -2.59929e-07 1.03522e-06 
225
0
0
0.000537793
0.0120818 -0.000335767 -1.34816e-09 -0.000335767 0.0104214 -2.59929e-07 -1.34816e-09 -2.59929e-07 1.03522e-06 
226
0
0
0.000603035
0.0120817 -0.000335776 -1.35415e-09 -0.000335776 0.0104214 -2.5993e-07 -1.35415e-09 -2.5993e-07 1.03522e-06 
227
0
0
-0.000447513
0.0120817 -0.000335779 -1.35617e-09 -0.000335779 0.0104214 -2.59931e-07 -1.35617e-09 -2.59931e-07 1.03522e-06 
228
0
0
-0.000630177
0.0120817 -0.000335796 -1.36818e-09 -0.000335796 0.0104214 -2.59931e-07 -1.36818e-09 -2.59931e-07 1.03522e-06 
229
0
0
-0.000623118
0.0120817 -0.000335806 -1.37539e-09 -0.000335806 0.0104214 -2.59929e-07 -1.37539e-09 -2.59929e-07 1.03522e-06 
230
0
0
-0.000433103
0.0120817 -0.000335809 -1.37871e-09 -0.000335809 0.0104214 -2.59929e-07 -1.37871e-09 -2.59929e-07 1.03522e-06 
231
0
0
-0.000868729
0.0120817 -0.000335808 -1.37877e-09 -0.000335808 0.0104214 -2.59929e-07 -1.37877e-09 -2.59929e-07 1.03522e-06 
232
0
0
0.000423048
0.0120817 -0.000335814 -1.38219e-09 -0.000335814 0.0104214 -2.59928e-07 -1.38219e-09 -2.59928e-07 1.03522e-06 
233
0
0
4.68238e-05
0.0120817 -0.000335796 -1.37236e-09 -0.000335796 0.0104214 -2.59927e-07 -1.37236e-09 -2.59927e-07 1.03522e-06 
234
0
0
0.00146708
0.0120817 -0.000335795 -1.37294e-09 -0.000335795 0.0104214 -2.59924e-07 -1.37294e-09 -2.59924e-07 1.03522e-06 
235
0
0
0.00108913
0.0120818 -0.000335772 -1.3586e-09 -0.000335772 0.0104214 -2.59926e-07 -1.3586e-09 -2.59926e-07 1.03522e-06 
236
0
0
0.000748008
0.0120818 -0.000335769 -1.35506e-09 -0.000335769 0.0104214 -2.59929e-07 -1.35506e-09 -2.59929e-07 1.03522e-06 
237
0
0
0.000986673
0.0120818 -0.000335774 -1.35494e-09 -0.000335774 0.0104214 -2.59932e-07 -1.35494e-09 -2.59932e-07 1.03522e-06 
238
0
0
3.62378e-05
0.0120818 -0.000335772 -1.35271e-09 -0.000335772 0.0104214 -2.59934e-07 -1.35271e-09 -2.59934e-07 1.03522e-06 
239
0
0
-0.000680833
0.0120817 -0.000335786 -1.36129e-09 -0.000335786 0.0104214 -2.59934e-07 -1.36129e-09 -2.59934e-07 1.03522e-06 
240
0
0
-0.000209105
0.0120817 -0.000335803 -1.37038e-09 -0.000335803 0.0104214 -2.59933e-07 -1.37038e-09 -2.59933e-07 1.03522e-06 
241
0
0
0.000343473
0.0120817 -0.000335802 -1.36945e-09 -0.000335802 0.0104214 -2.59931e-07 -1.36945e-09 -2.59931e-07 1.03522e-06 
242
0
0
0.000422871
0.0120817 -0.000335792 -1.36463e-09 -0.000335792 0.0104214 -2.59928e-07 -1.36463e-09 -2.59928e-07 1.03522e-06 
243
0
0
-0.000215296
0.0120817 -0.000335788 -1.35878e-09 -0.000335788 0.0104214 -2.59922e-07 -1.35878e-09 -2.59922e-07 1.03522e-06 
244
0
0
2.48342e-08
0.0120817 -0.000335796 -1.36146e-09 -0.000335796 0.0104214 -2.59916e-07 -1.36146e-09 -2.59916e-07 1.03522e-06 
245
0
0
0.000103167
0.0120817 -0.000335796 -1.35994e-09 -0.000335796 0.0104214 -2.59908e-07 -1.35994e-09 -2.59908e-07 1.03522e-06 
246
0
0
-0.000973196
0.0120817 -0.000335794 -1.3569e-09 -0.000335794 0.0104214 -2.59898e-07 -1.3569e-09 -2.59898e-07 1.03522e-06 
247
0
0
-0.00117398
0.0120817 -0.00033581 -1.36434e-09 -0.00033581 0.0104214 -2.59886e-07 -1.36434e-09 -2.59886e-07 1.03522e-06 
248
0
0
-0.00140667
0.0120817 -0.00033582 -1.3701e-09 -0.00033582 0.0104214 -2.59872e-07 -1.3701e-09 -2.59872e-07 1.03522e-06 
249
0
0
-0.000705015
0.0120817 -0.000335827 -1.37696e-09 -0.000335827 0.0104214 -2.59857e-07 -1.37696e-09 -2.59857e-07 1.03522e-06 
250
0
0
-0.000818152
0.0120817 -0.000335819 -1.37374e-09 -0.000335819 0.0104214 -2.59843e-07 -1.37374e-09 -2.59843e-07 1.03522e-06 
251
0
0
-0.00102118
0.0120817 -0.000335817 -1.37029e-09 -0.000335817 0.0104214 -2.59838e-07 -1.37029e-09 -2.59838e-07 1.03522e-06 
252
0
0
-0.000547634
0.0120817 -0.00033582 -1.36981e-09 -0.00033582 0.0104214 -2.59832e-07 -1.36981e-09 -2.59832e-07 1.03522e-06 
253
0
0
0.00129545
0.0120817 -0.000335814 -1.36546e-09 -0.000335814 0.0104214 -2.59825e-07 -1.36546e-09 -2.59825e-07 1.03522e-06 
254
0
0
0.00156478
0.0120817 -0.000335782 -1.34777e-09 -0.000335782 0.0104214 -2.59811e-07 -1.34777e-09 -2.59811e-07 1.03522e-06 
255
0.0560169
0
-0.00156495
0.0120818 -0.000335766 -1.34053e-09 -0.000335766 0.0104214 -2.59795e-07 -1.34053e-09 -2.59795e-07 1.03522e-06 
256
0.0612927
0
-0.00121172
0.0120817 -0.000335809 -1.36816e-09 -0.000335809 0.0104214 -2.59778e-07 -1.36816e-09 -2.59778e-07 1.03522e-06 
257
0.0645737
0
-0.00188466
0.0120817 -0.00033582 -1.37739e-09 -0.00033582 0.0104214 -2.59764e-07 -1.37739e-09 -2.59764e-07 1.03522e-06 
258
0.065702
0
-0.00272213
0.0120817 -0.000335835 -1.38908e-09 -0.000335835 0.0104215 -2.59755e-07 -1.38908e-09 -2.59755e-07 1.03522e-06 
259
0.0665196
0
-0.00230498
0.0120817 -0.000335854 -1.39122e-09 -0.000335854 0.0104215 -2.59751e-07 -1.39122e-09 -2.59751e-07 1.03522e-06 
260
0.0676892
0
0.000490122
0.0120817 -0.000335854 -1.38519e-09 -0.000335854 0.0104215 -2.59749e-07 -1.38519e-09 -2.59749e-07 1.03522e-06 
261
0.0687254
0
0.00297218
0.0120817 -0.00033581 -1.35805e-09 -0.00033581 0.0104214 -2.59746e-07 -1.35805e-09 -2.59746e-07 1.03522e-06 
262
0.0697494
0
0.000156312
0.0120818 -0.000335754 -1.32671e-09 -0.000335754 0.0104214 -2.59744e-07 -1.32671e-09 -2.59744e-07 1.03522e-06 
263
0.0709698
0
-0.00131173
0.0120817 -0.000335777 -1.33949e-09 -0.000335777 0.0104214 -2.59741e-07 -1.33949e-09 -2.59741e-07 1.03522e-06 
264
0.0724313
0
-0.000648985
0.0120817 -0.000335809 -1.3566e-09 -0.000335809 0.0104214 -2.59737e-07 -1.3566e-09 -2.59737e-07 1.03522e-06 
265
0.0731432
0
0.000656778
0.0120817 -0.000335811 -1.35816e-09 -0.000335811 0.0104214 -2.59734e-07 -1.35816e-09 -2.59734e-07 1.03522e-06 
266
0.0663191
0
-0.000876933
0.0120817 -0.000335791 -1.34908e-09 -0.000335791 0.0104214 -2.59732e-07 -1.34908e-09 -2.59732e-07 1.03522e-06 
267
0.0598842
0
-0.00418237
0.0120817 -0.000335808 -1.34589e-09 -0.000335808 0.0104214 -2.59748e-07 -1.34589e-09 -2.59748e-07 1.03522e-06 
268
0.0550785
0
-0.00471222
0.0120817 -0.000335867 -1.36812e-09 -0.000335867 0.0104215 -2.59765e-07 -1.36812e-09 -2.59765e-07 1.03522e-06 
269
0.0533129
0
0.000716442
0.0120817 -0.000335897 -1.37782e-09 -0.000335897 0.0104215 -2.59778e-07 -1.37782e-09 -2.59778e-07 1.03522e-06 
270
0.0529835
0
0.00475559
0.0120817 -0.000335823 -1.3345e-09 -0.000335823 0.0104214 -2.59784e-07 -1.3345e-09 -2.59784e-07 1.03522e-06 
271
0.0532589
0
0.00157954
0.0120818 -0.000335731 -1.2854e-09 -0.000335731 0.0104214 -2.59786e-07 -1.2854e-09 -2.59786e-07 1.03522e-06 
272
0.0548449
0
-0.00257789
0.0120818 -0.000335746 -1.29631e-09 -0.000335746 0.0104214 -2.59785e-07 -1.29631e-09 -2.59785e-07 1.03522e-06 
273
0.057908
0
-0.0024804
0.0120817 -0.000335818 -1.33526e-09 -0.000335818 0.0104214 -2.59781e-07 -1.33526e-09 -2.59781e-07 1.03522e-06 
274
0.0608397
0
0.000214219
0.0120817 -0.000335843 -1.34774e-09 -0.000335843 0.0104215 -2.59773e-07 -1.34774e-09 -2.59773e-07 1.03522e-06 
275
0.0625154
0
-8.59505e-05
0.0120817 -0.00033581 -1.31596e-09 -0.00033581 0.0104214 -2.59765e-07 -1.31596e-09 -2.59765e-07 1.03522e-06 
276
0.0631996
0
-0.00381751
0.0120817 -0.000335803 -1.30277e-09 -0.000335803 0.0104214 -2.59761e-07 -1.30277e-09 -2.59761e-07 1.03522e-06 
277
0.0639827
0
-0.00459452
0.0120817 -0.000335859 -1.32877e-09 -0.000335859 0.0104215 -2.59758e-07 -1.32877e-09 -2.59758e-07 1.03522e-06 
278
0.065974
0
-0.000173239
0.0120817 -0.000335893 -1.34422e-09 -0.000335893 0.0104215 -2.59756e-07 -1.34422e-09 -2.59756e-07 1.03522e-06 
279
0.0692017
0
0.00392836
0.0120817 -0.000335835 -1.31245e-09 -0.000335835 0.0104214 -2.59751e-07 -1.31245e-09 -2.59751e-07 1.03522e-06 
280
0.0732741
0
0.00196803
0.0120818 -0.000335748 -1.26739e-09 -0.000335748 0.0104214 -2.59743e-07 -1.26739e-09 -2.59743e-07 1.03522e-06 
281
0.0787721
0
-0.00188935
0.0120818 -0.000335746 -1.26799e-09 -0.000335746 0.0104214 -2.59733e-07 -1.26799e-09 -2.59733e-07 1.03522e-06 
282
0.0854087
0
-0.00253735
0.0120817 -0.000335807 -1.30119e-09 -0.000335807 0.0104214 -2.59718e-07 -1.30119e-09 -2.59718e-07 1.03522e-06 
283
0.09248
0
-0.00133089
0.0120817 -0.00033584 -1.31022e-09 -0.00033584 0.0104215 -2.59701e-07 -1.31022e-09 -2.59701e-07 1.03522e-06 
284
0.0989199
0
-0.000804375
0.0120817 -0.000335834 -1.29725e-09 -0.000335834 0.0104214 -2.59682e-07 -1.29725e-09 -2.59682e-07 1.03522e-06 
285
0.105606
0
-0.00221132
0.0120817 -0.000335823 -1.28617e-09 -0.000335823 0.0104214 -2.59665e-07 -1.28617e-09 -2.59665e-07 1.03522e-06 
286
0.115108
0
-0.00194678
0.0120817 -0.000335841 -1.29495e-09 -0.000335841 0.0104215 -2.59647e-07 -1.29495e-09 -2.59647e-07 1.03522e-06 
287
0.128175
0
0.00200977
0.0120817 -0.000335844 -1.30007e-09 -0.000335844 0.0104215 -2.59622e-07 -1.30007e-09 -2.59622e-07 1.03522e-06 
288
0.141391
0
0.00348803
0.0120817 -0.000335782 -1.27606e-09 -0.000335782 0.0104214 -2.59589e-07 -1.27606e-09 -2.59589e-07 1.03522e-06 
289
0.151653
0
-0.000705095
0.0120818 -0.000335735 -1.25154e-09 -0.000335735 0.0104214 -2.59554e-07 -1.25154e-09 -2.59554e-07 1.03522e-06 
290
0.166051
0
-0.00394061
0.0120817 -0.000335784 -1.26854e-09 -0.000335784 0.0104214 -2.59525e-07 -1.26854e-09 -2.59525e-07 1.03522e-06 
291
0.183343
0
-0.00579769
0.0120817 -0.000335854 -1.30285e-09 -0.000335854 0.0104215 -2.59487e-07 -1.30285e-09 -2.59487e-07 1.03522e-06 
292
0.202094
0
-0.00184967
0.0120817 -0.00033591 -1.33504e-09 -0.00033591 0.0104215 -2.59442e-07 -1.33504e-09 -2.59442e-07 1.03522e-06 
293
0.22128
0
0.00185612
0.0120817 -0.000335868 -1.31517e-09 -0.000335868 0.0104215 -2.59393e-07 -1.31517e-09 -2.59393e-07 1.03522e-06 
294
0.241898
0
0.000937296
0.0120817 -0.000335794 -1.27902e-09 -0.000335794 0.0104214 -2.59342e-07 -1.27902e-09 -2.59342e-07 1.03522e-06 
295
0.261709
0
0.00033731
0.0120817 -0.00033578 -1.27784e-09 -0.00033578 0.0104214 -2.59287e-07 -1.27784e-09 -2.59287e-07 1.03522e-06 
296
0.279406
0
-0.000674307
0.0120817 -0.000335784 -1.28266e-09 -0.000335784 0.0104214 -2.59234e-07 -1.28266e-09 -2.59234e-07 1.03522e-06 
297
0.293678
0
-0.000958382
0.0120817 -0.000335802 -1.29856e-09 -0.000335802 0.0104214 -2.59186e-07 -1.29856e-09 -2.59186e-07 1.03522e-06 
298
0.300613
0
-0.0017543
0.0120817 -0.000335813 -1.31533e-09 -0.000335813 0.0104214 -2.59148e-07 -1.31533e-09 -2.59148e-07 1.03522e-06 
299
0.309659
0
0.00367225
0.0120817 -0.00033583 -1.30942e-09 -0.00033583 0.0104214 -2.59128e-07 -1.30942e-09 -2.59128e-07 1.03522e-06 
300
0.318362
0
0.00463584
0.0120818 -0.000335751 -1.25561e-09 -0.000335751 0.0104214 -2.59105e-07 -1.25561e-09 -2.59105e-07 1.03522e-06 
301
0.327667
0
0.00356615
0.0120818 -0.000335705 -1.22949e-09 -0.000335705 0.0104214 -2.59082e-07 -1.22949e-09 -2.59082e-07 1.03522e-06 
302
0.336181
0
0.00184796
0.0120818 -0.000335705 -1.23384e-09 -0.000335705 0.0104214 -2.59057e-07 -1.23384e-09 -2.59057e-07 1.03522e-06 
303
0.345172
0
0.000704255
0.0120818 -0.000335732 -1.24893e-09 -0.000335732 0.0104214 -2.59034e-07 -1.24893e-09 -2.59034e-07 1.03522e-06 
304
0.351411
0
0.00206819
0.0120818 -0.00033576 -1.26361e-09 -0.00033576 0.0104214 -2.5901e-07 -1.26361e-09 -2.5901e-07 1.03522e-06 
305
0.356258
0
0.00154335
0.0120818 -0.000335749 -1.25564e-09 -0.000335749 0.0104214 -2.58993e-07 -1.25564e-09 -2.58993e-07 1.03522e-06 
306
0.356175
0
-0.000587285
0.0120818 -0.000335754 -1.25697e-09 -0.000335754 0.0104214 -2.5898e-07 -1.25697e-09 -2.5898e-07 1.03522e-06 
307
0.357354
0
-0.00265152
0.0120817 -0.000335789 -1.23686e-09 -0.000335789 0.0104214 -2.58979e-07 -1.23686e-09 -2.58979e-07 1.03522e-06 
308
0.359091
0
-0.00439296
0.0120817 -0.000335835 -1.23477e-09 -0.000335835 0.0104214 -2.58976e-07 -1.23477e-09 -2.58976e-07 1.03522e-06 
309
0.361556
0
-0.00261438
0.0120817 -0.00033588 -1.24481e-09 -0.00033588 0.0104215 -2.58972e-07 -1.24481e-09 -2.58972e-07 1.03522e-06 
310
0.36495
0
9.45241e-05
0.0120817 -0.00033587 -1.23273e-09 -0.00033587 0.0104215 -2.58965e-07 -1.23273e-09 -2.58965e-07 1.03522e-06 
311
0.367682
0
-0.000305851
0.0120817 -0.000335822 -1.20975e-09 -0.000335822 0.0104214 -2.58957e-07 -1.20975e-09 -2.58957e-07 1.03522e-06 
312
0.371893
0
-0.00115179
0.0120817 -0.000335811 -1.20442e-09 -0.000335811 0.0104214 -2.58949e-07 -1.20442e-09 -2.58949e-07 1.03522e-06 
313
0.376982
0
-0.00203121
0.0120817 -0.00033582 -1.20872e-09 -0.00033582 0.0104214 -2.58938e-07 -1.20872e-09 -2.58938e-07 1.03522e-06 
314
0.376812
0
-0.00158401
0.0120817 -0.000335837 -1.21591e-09 -0.000335837 0.0104214 -2.58925e-07 -1.21591e-09 -2.58925e-07 1.03522e-06 
315
0.379782
0
-0.00155137
0.0120817 -0.000335837 -1.18425e-09 -0.000335837 0.0104214 -2.58925e-07 -1.18425e-09 -2.58925e-07 1.03522e-06 
316
0.382496
0
-0.00173573
0.0120817 -0.000335836 -1.16514e-09 -0.000335836 0.0104214 -2.58917e-07 -1.16514e-09 -2.58917e-07 1.03522e-06 
317
0.387123
0
-0.00281731
0.0120817 -0.000335839 -1.14973e-09 -0.000335839 0.0104214 -2.5891e-07 -1.14973e-09 -2.5891e-07 1.03522e-06 
318
0.392679
0
-0.00555266
0.0120817 -0.000335857 -1.15144e-09 -0.000335857 0.0104215 -2.58898e-07 -1.15144e-09 -2.58898e-07 1.03522e-06 
319
0.397237
0
-0.0076552
0.0120817 -0.000335907 -1.17714e-09 -0.000335907 0.0104215 -2.58884e-07 -1.17714e-09 -2.58884e-07 1.03522e-06 
320
0.401035
0
-0.00543523
0.0120817 -0.00033596 -1.20772e-09 -0.00033596 0.0104215 -2.58871e-07 -1.20772e-09 -2.58871e-07 1.03522e-06 
321
0.400309
-0.0550076
-0.00192023
0.0120817 -0.000335944 -1.20243e-09 -0.000335944 0.0104215 -2.58861e-07 -1.20243e-09 -2.58861e-07 1.03522e-06 
322
0.402772
-0.0593899
0.00075572
0.0120817 -0.000335883 -1.13943e-09 -0.000335883 0.0104215 -2.58862e-07 -1.13943e-09 -2.58862e-07 1.03522e-06 
323
0.408081
-0.0604661
0.00107811
0.0120817 -0.000335817 -1.08736e-09 -0.000335817 0.0104214 -2.58857e-07 -1.08736e-09 -2.58857e-07 1.03522e-06 
324
0.411705
-0.0598931
0.0006655
0.0120817 -0.000335787 -1.06847e-09 -0.000335787 0.0104214 -2.58843e-07 -1.06847e-09 -2.58843e-07 1.03522e-06 
325
0.412716
-0.0604914
-0.00103748
0.0120817 -0.000335782 -1.06929e-09 -0.000335782 0.0104214 -2.58833e-07 -1.06929e-09 -2.58833e-07 1.03522e-06 
326
0.415152
-0.0626635
-0.00274663
0.0120817 -0.000335807 -1.0793e-09 -0.000335807 0.0104214 -2.5883e-07 -1.0793e-09 -2.5883e-07 1.03522e-06 
327
0.420634
-0.063662
-0.00239655
0.0120817 -0.000335844 -1.08663e-09 -0.000335844 0.0104215 -2.58824e-07 -1.08663e-09 -2.58824e-07 1.03522e-06 
328
0.425537
-0.0625893
-0.00439077
0.0120817 -0.000335852 -1.0838e-09 -0.000335852 0.0104215 -2.5881e-07 -1.0838e-09 -2.5881e-07 1.03522e-06 
329
0.42832
-0.0625807
-0.0035288
0.0120817 -0.000335887 -1.10358e-09 -0.000335887 0.0104215 -2.58797e-07 -1.10358e-09 -2.58797e-07 1.03522e-06 
330
0.42344
-0.0680494
-0.0023643
0.0120817 -0.000335886 -1.1028e-09 -0.000335886 0.0104215 -2.58789e-07 -1.1028e-09 -2.58789e-07 1.03522e-06 
331
0.422884
-0.0709774
0.000351704
0.0120817 -0.000335868 -1.07109e-09 -0.000335868 0.0104215 -2.588e-07 -1.07109e-09 -2.588e-07 1.03522e-06 
332
0.42539
-0.0718537
5.81543e-05
0.0120817 -0.000335818 -1.03248e-09 -0.000335818 0.0104214 -2.58803e-07 -1.03248e-09 -2.58803e-07 1.03522e-06 
333
0.426709
-0.0749472
-0.00220385
0.0120817 -0.000335803 -1.02196e-09 -0.000335803 0.0104214 -2.58797e-07 -1.02196e-09 -2.58797e-07 1.03522e-06 
334
0.428931
-0.0772331
-0.00523872
0.0120817 -0.000335834 -1.02419e-09 -0.000335834 0.0104214 -2.58793e-07 -1.02419e-09 -2.58793e-07 1.03522e-06 
335
0.430098
-0.0783849
-0.00632812
0.0120817 -0.000335893 -1.04049e-09 -0.000335893 0.0104215 -2.58788e-07 -1.04049e-09 -2.58788e-07 1.03522e-06 
336
0.433196
-0.0782264
-0.00496467
0.0120817 -0.000335933 -1.05069e-09 -0.000335933 0.0104215 -2.58784e-07 -1.05069e-09 -2.58784e-07 1.03522e-06 
337
0.437036
-0.0777637
-0.00261345
0.0120817 -0.000335927 -1.04543e-09 -0.000335927 0.0104215 -2.58776e-07 -1.04543e-09 -2.58776e-07 1.03522e-06 
338
0.435067
-0.0854211
-0.00279812
0.0120817 -0.000335887 -1.02847e-09 -0.000335887 0.0104215 -2.58767e-07 -1.02847e-09 -2.58767e-07 1.03522e-06 
339
0.435187
-0.0905361
-0.00376263
0.0120817 -0.000335875 -9.93253e-10 -0.000335875 0.0104215 -2.58771e-07 -9.93253e-10 -2.58771e-07 1.03522e-06 
340
0.436006
-0.0938347
-0.00219613
0.0120817 -0.000335886 -9.73605e-10 -0.000335886 0.0104215 -2.58771e-07 -9.73605e-10 -2.58771e-07 1.03522e-06 
341
0.438402
-0.0958746
-0.0048761
0.0120817 -0.000335865 -9.46059e-10 -0.000335865 0.0104215 -2.58769e-07 -9.46059e-10 -2.58769e-07 1.03522e-06 
342
0.443618
-0.0963151
-0.00665027
0.0120817 -0.0003359 -9.5249e-10 -0.0003359 0.0104215 -2.58763e-07 -9.5249e-10 -2.58763e-07 1.03522e-06 
343
0.450607
-0.0955128
-0.00801447
0.0120817 -0.000335941 -9.68179e-10 -0.000335941 0.0104215 -2.5875e-07 -9.68179e-10 -2.5875e-07 1.03522e-06 
344
0.456497
-0.095123
-0.00522787
0.0120816 -0.000335978 -9.87582e-10 -0.000335978 0.0104215 -2.58731e-07 -9.87582e-10 -2.58731e-07 1.03522e-06 
345
0.461934
-0.0944739
-0.00406379
0.0120817 -0.000335948 -9.73911e-10 -0.000335948 0.0104215 -2.58716e-07 -9.73911e-10 -2.58716e-07 1.03522e-06 
346
0.459728
-0.102049
-0.0037332
0.0120817 -0.000335918 -9.63582e-10 -0.000335918 0.0104215 -2.58701e-07 -9.63582e-10 -2.58701e-07 1.03522e-06 
347
0.461002
-0.106923
-0.00346398
0.0120817 -0.000335902 -9.26514e-10 -0.000335902 0.0104215 -2.58705e-07 -9.26514e-10 -2.58705e-07 1.03522e-06 
348
0.464
-0.11012
-0.00362392
0.0120817 -0.000335891 -8.97919e-10 -0.000335891 0.0104215 -2.58703e-07 -8.97919e-10 -2.58703e-07 1.03522e-06 
349
0.466963
-0.11073
-0.00213626
0.0120817 -0.00033589 -8.81076e-10 -0.00033589 0.0104215 -2.58696e-07 -8.81076e-10 -2.58696e-07 1.03522e-06 
350
0.471367
-0.109654
-0.00272959
0.0120817 -0.000335866 -8.64676e-10 -0.000335866 0.0104215 -2.58688e-07 -8.64676e-10 -2.58688e-07 1.03522e-06 
351
0.47534
-0.109064
-0.00393498
0.0120817 -0.000335866 -8.69495e-10 -0.000335866 0.0104215 -2.58677e-07 -8.69495e-10 -2.58677e-07 1.03522e-06 
352
0.477746
-0.109328
-0.00351116
0.0120817 -0.000335885 -8.82041e-10 -0.000335885 0.0104215 -2.58666e-07 -8.82041e-10 -2.58666e-07 1.03522e-06 
353
0.4797
-0.110501
-0.00213516
0.0120817 -0.000335886 -8.81028e-10 -0.000335886 0.0104215 -2.58659e-07 -8.81028e-10 -2.58659e-07 1.03522e-06 
354
0.474304
-0.120493
-0.00134574
0.0120817 -0.000335864 -8.65553e-10 -0.000335864 0.0104215 -2.58654e-07 -8.65553e-10 -2.58654e-07 1.03522e-06 
355
0.472985
-0.124572
0.00196361
0.0120817 -0.000335843 -8.14473e-10 -0.000335843 0.0104215 -2.58667e-07 -8.14473e-10 -2.58667e-07 1.03522e-06 
356
0.472588
-0.126344
0.00430529
0.0120817 -0.000335783 -7.63349e-10 -0.000335783 0.0104214 -2.58672e-07 -7.63349e-10 -2.58672e-07 1.03522e-06 
357
0.469785
-0.131411
0.00464361
0.0120818 -0.000335723 -7.26271e-10 -0.000335723 0.0104214 -2.58674e-07 -7.26271e-10 -2.58674e-07 1.03522e-06 
358
0.465148
-0.136483
-0.001511
0.0120818 -0.000335694 -6.93022e-10 -0.000335694 0.0104214 -2.58681e-07 -6.93022e-10 -2.58681e-07 1.03522e-06 
359
0.464504
-0.136572
-0.00632116
0.0120818 -0.000335781 -7.11555e-10 -0.000335781 0.0104214 -2.58692e-07 -7.11555e-10 -2.58692e-07 1.03522e-06 
360
0.464545
-0.135126
-0.00288067
0.0120817 -0.000335891 -7.56837e-10 -0.000335891 0.0104215 -2.58695e-07 -7.56837e-10 -2.58695e-07 1.03522e-06 
361
0.458842
-0.141885
0.00325252
0.0120817 -0.000335878 -7.5141e-10 -0.000335878 0.0104215 -2.58695e-07 -7.5141e-10 -2.58695e-07 1.03522e-06 
362
0.449375
-0.146516
0.00627144
0.0120817 -0.000335776 -6.75187e-10 -0.000335776 0.0104214 -2.5871e-07 -6.75187e-10 -2.5871e-07 1.03522e-06 
363
0.440226
-0.148861
0.00794513
0.0120818 -0.000335689 -6.14063e-10 -0.000335689 0.0104214 -2.58734e-07 -6.14063e-10 -2.58734e-07 1.03522e-06 
364
0.433301
-0.152127
0.00813276
0.0120818 -0.000335629 -5.76277e-10 -0.000335629 0.0104214 -2.58759e-07 -5.76277e-10 -2.58759e-07 1.03522e-06 
365
0.429901
-0.154021
0.00683977
0.0120818 -0.000335604 -5.51543e-10 -0.000335604 0.0104214 -2.58778e-07 -5.51543e-10 -2.58778e-07 1.03522e-06 
366
0.425612
-0.155226
0.00510911
0.0120818 -0.000335614 -5.48223e-10 -0.000335614 0.0104214 -2.58788e-07 -5.48223e-10 -2.58788e-07 1.03522e-06 
367
0.421563
-0.154379
0.00134328
0.0120818 -0.000335646 -5.5661e-10 -0.000335646 0.0104214 -2.58799e-07 -5.5661e-10 -2.58799e-07 1.03522e-06 
368
0.420846
-0.154151
0.000554576
0.0120818 -0.000335718 -5.92053e-10 -0.000335718 0.0104214 -2.5881e-07 -5.92053e-10 -2.5881e-07 1.03522e-06 
369
0.418034
-0.163694
0.00299896
0.0120818 -0.000335758 -6.0987e-10 -0.000335758 0.0104214 -2.58812e-07 -6.0987e-10 -2.58812e-07 1.03522e-06 
370
0.417213
-0.170051
0.00543583
0.0120818 -0.000335734 -5.58102e-10 -0.000335734 0.0104214 -2.5882e-07 -5.58102e-10 -2.5882e-07 1.03522e-06 
371
0.417175
-0.171912
0.00683731
0.0120818 -0.000335686 -5.04399e-10 -0.000335686 0.0104214 -2.58823e-07 -5.04399e-10 -2.58823e-07 1.03522e-06 
372
0.420951
-0.172729
0.010983
0.0120818 -0.000335646 -4.75141e-10 -0.000335646 0.0104214 -2.58823e-07 -4.75141e-10 -2.58823e-07 1.03522e-06 
373
0.424041
-0.173339
0.0108991
0.0120819 -0.000335565 -4.34013e-10 -0.000335565 0.0104214 -2.58815e-07 -4.34013e-10 -2.58815e-07 1.03522e-06 
374
0.428574
-0.176007
0.0086921
0.0120819 -0.000335535 -4.20639e-10 -0.000335535 0.0104213 -2.58806e-07 -4.20639e-10 -2.58806e-07 1.03522e-06 
375
0.434176
-0.179996
0.00822238
0.0120819 -0.000335559 -4.23114e-10 -0.000335559 0.0104214 -2.58794e-07 -4.23114e-10 -2.58794e-07 1.03522e-06 
376
0.440593
-0.181629
0.00938135
0.0120819 -0.000335576 -4.12979e-10 -0.000335576 0.0104214 -2.5878e-07 -4.12979e-10 -2.5878e-07 1.03522e-06 
377
0.444928
-0.181929
0.0102373
0.0120819 -0.000335564 -3.97407e-10 -0.000335564 0.0104214 -2.58763e-07 -3.97407e-10 -2.58763e-07 1.03522e-06 
378
0.447422
-0.188824
0.00697539
0.0120819 -0.000335545 -3.86635e-10 -0.000335545 0.0104213 -2.58751e-07 -3.86635e-10 -2.58751e-07 1.03522e-06 
379
0.453257
-0.192976
0.00547398
0.0120819 -0.00033559 -3.80644e-10 -0.00033559 0.0104214 -2.58744e-07 -3.80644e-10 -2.58744e-07 1.03522e-06 
380
0.461094
-0.197451
0.006213
0.0120818 -0.000335631 -3.7822e-10 -0.000335631 0.0104214 -2.58729e-07 -3.7822e-10 -2.58729e-07 1.03522e-06 
381
0.466514
-0.203025
0.00882753
0.0120818 -0.000335635 -3.57546e-10 -0.000335635 0.0104214 -2.58709e-07 -3.57546e-10 -2.58709e-07 1.03522e-06 
382
0.473899
-0.202251
0.00930287
0.0120818 -0.000335595 -3.12463e-10 -0.000335595 0.0104214 -2.58695e-07 -3.12463e-10 -2.58695e-07 1.03522e-06 
383
0.479379
-0.20215
0.00726848
0.0120819 -0.000335572 -3.02758e-10 -0.000335572 0.0104214 -2.58675e-07 -3.02758e-10 -2.58675e-07 1.03522e-06 
384
0.486709
-0.203439
0.00417485
0.0120818 -0.000335596 -3.16074e-10 -0.000335596 0.0104214 -2.5866e-07 -3.16074e-10 -2.5866e-07 1.03522e-06 
385
0.494918
-0.204798
0.00488597
0.0120818 -0.000335654 -3.38604e-10 -0.000335654 0.0104214 -2.58641e-07 -3.38604e-10 -2.58641e-07 1.03522e-06 
386
0.494669
-0.21561
0.00633275
0.0120818 -0.000335665 -3.35586e-10 -0.000335665 0.0104214 -2.58619e-07 -3.35586e-10 -2.58619e-07 1.03522e-06 
387
0.496446
-0.220721
0.004462
0.0120818 -0.000335646 -2.80507e-10 -0.000335646 0.0104214 -2.58619e-07 -2.80507e-10 -2.58619e-07 1.03522e-06 
388
0.499797
-0.223457
0.00195195
0.0120818 -0.000335668 -2.63981e-10 -0.000335668 0.0104214 -2.58614e-07 -2.63981e-10 -2.58614e-07 1.03522e-06 
389
0.505295
-0.224302
0.00254701
0.0120818 -0.000335717 -2.71345e-10 -0.000335717 0.0104214 -2.58606e-07 -2.71345e-10 -2.58606e-07 1.03522e-06 
390
0.513155
-0.224664
0.006938
0.0120818 -0.000335726 -2.68322e-10 -0.000335726 0.0104214 -2.58592e-07 -2.68322e-10 -2.58592e-07 1.03522e-06 
391
0.517213
-0.226565
0.00877002
0.0120818 -0.00033566 -2.34098e-10 -0.00033566 0.0104214 -2.58572e-07 -2.34098e-10 -2.58572e-07 1.03522e-06 
392
0.523408
-0.225553
0.00790586
0.0120818 -0.000335605 -2.02479e-10 -0.000335605 0.0104214 -2.5856e-07 -2.02479e-10 -2.5856e-07 1.03522e-06 
393
0.528102
-0.226929
0.00563817
0.0120818 -0.000335598 -2.04923e-10 -0.000335598 0.0104214 -2.58544e-07 -2.04923e-10 -2.58544e-07 1.03522e-06 
394
0.528351
-0.237712
0.00680297
0.0120818 -0.000335632 -2.16631e-10 -0.000335632 0.0104214 -2.58531e-07 -2.16631e-10 -2.58531e-07 1.03522e-06 
395
0.530573
-0.244049
0.00434192
0.0120818 -0.000335626 -1.67783e-10 -0.000335626 0.0104214 -2.5853e-07 -1.67783e-10 -2.5853e-07 1.03522e-06 
396
0.533543
-0.249022
0.000967544
0.0120818 -0.000335663 -1.52435e-10 -0.000335663 0.0104214 -2.58525e-07 -1.52435e-10 -2.58525e-07 1.03522e-06 
397
0.537051
-0.254968
-0.0020082
0.0120818 -0.00033573 -1.58172e-10 -0.00033573 0.0104214 -2.58517e-07 -1.58172e-10 -2.58517e-07 1.03522e-06 
398
0.543782
-0.256228
-0.00217823
0.0120817 -0.000335803 -1.62362e-10 -0.000335803 0.0104214 -2.58508e-07 -1.62362e-10 -2.58508e-07 1.03522e-06 
399
0.548021
-0.256786
-0.00189007
0.0120817 -0.000335834 -1.6451e-10 -0.000335834 0.0104214 -2.58491e-07 -1.6451e-10 -2.58491e-07 1.03522e-06 
400
0.551762
-0.256624
-0.000908279
0.0120817 -0.000335841 -1.62772e-10 -0.000335841 0.0104214 -2.58479e-07 -1.62772e-10 -2.58479e-07 1.03522e-06 
401
0.55434
-0.256244
-0.00106783
0.0120817 -0.000335828 -1.56493e-10 -0.000335828 0.0104214 -2.58469e-07 -1.56493e-10 -2.58469e-07 1.03522e-06 
402
0.551111
-0.262682
0.00114423
0.0120817 -0.000335825 -1.57414e-10 -0.000335825 0.0104214 -2.58461e-07 -1.57414e-10 -2.58461e-07 1.03522e-06 
403
0.549335
-0.26627
0.00289507
0.0120817 -0.000335789 -1.1421e-10 -0.000335789 0.0104214 -2.58469e-07 -1.1421e-10 -2.58469e-07 1.03522e-06 
404
0.548946
-0.268518
0.00179479
0.0120818 -0.000335748 -7.66965e-11 -0.000335748 0.0104214 -2.58474e-07 -7.66965e-11 -2.58474e-07 1.03522e-06 
405
0.547929
-0.271325
0.00148989
0.0120818 -0.00033575 -6.7118e-11 -0.00033575 0.0104214 -2.58476e-07 -6.7118e-11 -2.58476e-07 1.03522e-06 
406
0.548009
-0.27578
-0.00105547
0.0120818 -0.000335755 -5.64358e-11 -0.000335755 0.0104214 -2.58479e-07 -5.64358e-11 -2.58479e-07 1.03522e-06 
407
0.547389
-0.280218
-0.0116081
0.0120817 -0.000335798 -5.61185e-11 -0.000335798 0.0104214 -2.58479e-07 -5.61185e-11 -2.58479e-07 1.03522e-06 
408
0.548397
-0.280391
-0.0205509
0.0120817 -0.000335981 -1.2082e-10 -0.000335981 0.0104215 -2.58479e-07 -1.2082e-10 -2.58479e-07 1.03522e-06 
409
0.551291
-0.280903
-0.0158152
0.0120815 -0.000336193 -2.10868e-10 -0.000336193 0.0104216 -2.58476e-07 -2.10868e-10 -2.58476e-07 1.03522e-06 
410
0.549864
-0.288473
-0.00637512
0.0120815 -0.000336198 -2.01561e-10 -0.000336198 0.0104216 -2.58469e-07 -2.01561e-10 -2.58469e-07 1.03522e-06 
411
0.552283
-0.290093
0.00310942
0.0120816 -0.000336051 -9.74817e-11 -0.000336051 0.0104215 -2.58473e-07 -9.74817e-11 -2.58473e-07 1.03522e-06 
412
0.553091
-0.289554
0.00584947
0.0120817 -0.000335844 6.86775e-12 -0.000335844 0.0104214 -2.58468e-07 6.86775e-12 -2.58468e-07 1.03522e-06 
413
0.551651
-0.291101
0.00226169
0.0120818 -0.000335722 5.54498e-11 -0.000335722 0.0104214 -2.58466e-07 5.54498e-11 -2.58466e-07 1.03522e-06 
414
0.55303
-0.293924
0.00190547
0.0120818 -0.000335732 5.03761e-11 -0.000335732 0.0104214 -2.58469e-07 5.03761e-11 -2.58469e-07 1.03522e-06 
415
0.559283
-0.294752
0.00464335
0.0120818 -0.000335742 5.76204e-11 -0.000335742 0.0104214 -2.58466e-07 5.76204e-11 -2.58466e-07 1.03522e-06 
416
0.565883
-0.295313
0.00877719
0.0120818 -0.000335702 8.24496e-11 -0.000335702 0.0104214 -2.58451e-07 8.24496e-11 -2.58451e-07 1.03522e-06 
417
0.569334
-0.295664
0.00819435
0.0120818 -0.000335621 1.2276e-10 -0.000335621 0.0104214 -2.58434e-07 1.2276e-10 -2.58434e-07 1.03522e-06 
418
0.564049
-0.304965
0.0053544
0.0120818 -0.0003356 1.31741e-10 -0.0003356 0.0104214 -2.58424e-07 1.31741e-10 -2.58424e-07 1.03522e-06 
419
0.56544
-0.30924
0.00429354
0.0120818 -0.000335637 1.51394e-10 -0.000335637 0.0104214 -2.58436e-07 1.51394e-10 -2.58436e-07 1.03522e-06 
420
0.568484
-0.312663
0.00582081
0.0120818 -0.000335668 1.6104e-10 -0.000335668 0.0104214 -2.58434e-07 1.6104e-10 -2.58434e-07 1.03522e-06 
421
0.57011
-0.314857
0.00758321
0.0120818 -0.000335655 1.85571e-10 -0.000335655 0.0104214 -2.58427e-07 1.85571e-10 -2.58427e-07 1.03522e-06 
422
0.569408
-0.31661
0.00700602
0.0120818 -0.000335623 2.12434e-10 -0.000335623 0.0104214 -2.58423e-07 2.12434e-10 -2.58423e-07 1.03522e-06 
423
0.56931
-0.317627
0.00755335
0.0120818 -0.000335619 2.21554e-10 -0.000335619 0.0104214 -2.58424e-07 2.21554e-10 -2.58424e-07 1.03522e-06 
424
0.570054
-0.316992
0.00430502
0.0120818 -0.000335609 2.31163e-10 -0.000335609 0.0104214 -2.58424e-07 2.31163e-10 -2.58424e-07 1.03522e-06 
425
0.572303
-0.314177
0.00507045
0.0120818 -0.000335657 2.05971e-10 -0.000335657 0.0104214 -2.58422e-07 2.05971e-10 -2.58422e-07 1.03522e-06 
426
0.563418
-0.327861
0.0120689
0.0120818 -0.000335663 1.9262e-10 -0.000335663 0.0104214 -2.58417e-07 1.9262e-10 -2.58417e-07 1.03522e-06 
427
0.559734
-0.334888
0.0126161
0.0120819 -0.000335555 2.99542e-10 -0.000335555 0.0104213 -2.58439e-07 2.99542e-10 -2.58439e-07 1.03522e-06 
428
0.557602
-0.340043
0.00521931
0.0120819 -0.000335505 3.56798e-10 -0.000335505 0.0104213 -2.5845e-07 3.56798e-10 -2.5845e-07 1.03522e-06 
429
0.557762
-0.342092
0.000421381
0.0120818 -0.000335603 3.33443e-10 -0.000335603 0.0104214 -2.58456e-07 3.33443e-10 -2.58456e-07 1.03522e-06 
430
0.55941
-0.342584
0.00409633
0.0120818 -0.000335716 2.94384e-10 -0.000335716 0.0104214 -2.58456e-07 2.94384e-10 -2.58456e-07 1.03522e-06 
431
0.55922
-0.344058
0.00813467
0.0120818 -0.000335701 3.10195e-10 -0.000335701 0.0104214 -2.58452e-07 3.10195e-10 -2.58452e-07 1.03522e-06 
432
0.557844
-0.34479
0.00896882
0.0120818 -0.000335632 3.50434e-10 -0.000335632 0.0104214 -2.58453e-07 3.50434e-10 -2.58453e-07 1.03522e-06 
433
0.558006
-0.344769
0.0110412
0.0120818 -0.000335592 3.70533e-10 -0.000335592 0.0104214 -2.58456e-07 3.70533e-10 -2.58456e-07 1.03522e-06 
434
0.554283
-0.357505
0.012444
0.0120819 -0.000335544 3.91423e-10 -0.000335544 0.0104213 -2.58456e-07 3.91423e-10 -2.58456e-07 1.03522e-06 
435
0.557101
-0.359851
0.00788961
0.0120819 -0.000335503 4.60582e-10 -0.000335503 0.0104213 -2.58466e-07 4.60582e-10 -2.58466e-07 1.03522e-06 
436
0.556263
-0.364804
0.00849266
0.0120819 -0.00033556 4.48754e-10 -0.00033556 0.0104214 -2.58459e-07 4.48754e-10 -2.58459e-07 1.03522e-06 
437
0.558631
-0.36726
0.00975374
0.0120819 -0.000335572 4.67353e-10 -0.000335572 0.0104214 -2.58461e-07 4.67353e-10 -2.58461e-07 1.03522e-06 
438
0.562975
-0.368323
0.00975278
0.0120819 -0.000335557 4.88783e-10 -0.000335557 0.0104214 -2.58456e-07 4.88783e-10 -2.58456e-07 1.03522e-06 
439
0.564085
-0.371457
0.0100982
0.0120819 -0.000335551 4.96894e-10 -0.000335551 0.0104214 -2.58445e-07 4.96894e-10 -2.58445e-07 1.03522e-06 
440
0.567192
-0.372086
0.0104598
0.0120819 -0.000335543 5.13577e-10 -0.000335543 0.0104213 -2.58441e-07 5.13577e-10 -2.58441e-07 1.03522e-06 
441
0.56657
-0.374089
0.00553856
0.0120819 -0.000335535 5.21731e-10 -0.000335535 0.0104213 -2.58433e-07 5.21731e-10 -2.58433e-07 1.03522e-06 
442
0.564014
-0.38245
0.00227319
0.0120818 -0.000335609 4.94451e-10 -0.000335609 0.0104214 -2.58434e-07 4.94451e-10 -2.58434e-07 1.03522e-06 
443
0.563309
-0.390225
0.00659531
0.0120818 -0.00033569 4.94246e-10 -0.00033569 0.0104214 -2.5844e-07 4.94246e-10 -2.5844e-07 1.03522e-06 
444
0.567558
-0.390763
0.0101881
0.0120818 -0.000335652 5.52983e-10 -0.000335652 0.0104214 -2.58443e-07 5.52983e-10 -2.58443e-07 1.03522e-06 
445
0.566419
-0.395184
0.0102012
0.0120819 -0.00033558 5.93866e-10 -0.00033558 0.0104214 -2.58433e-07 5.93866e-10 -2.58433e-07 1.03522e-06 
446
0.568489
-0.394934
0.00780321
0.0120819 -0.000335553 6.22992e-10 -0.000335553 0.0104214 -2.58435e-07 6.22992e-10 -2.58435e-07 1.03522e-06 
447
0.569883
-0.39861
0.0077108
0.0120819 -0.00033558 6.09744e-10 -0.00033558 0.0104214 -2.5843e-07 6.09744e-10 -2.5843e-07 1.03522e-06 
448
0.572537
-0.400685
0.00772652
0.0120819 -0.000335592 6.19799e-10 -0.000335592 0.0104214 -2.58427e-07 6.19799e-10 -2.58427e-07 1.03522e-06 
449
0.573541
-0.403563
0.00796364
0.0120818 -0.000335597 6.29032e-10 -0.000335597 0.0104214 -2.5842e-07 6.29032e-10 -2.5842e-07 1.03522e-06 
450
0.569624
-0.413175
0.00570109
0.0120818 -0.000335595 6.43716e-10 -0.000335595 0.0104214 -2.58417e-07 6.43716e-10 -2.58417e-07 1.03522e-06 
451
0.566913
-0.420399
0.00659934
0.0120818 -0.00033563 6.68446e-10 -0.00033563 0.0104214 -2.58427e-07 6.68446e-10 -2.58427e-07 1.03522e-06 
452
0.567294
-0.422259
0.00727791
0.0120818 -0.000335629 7.06095e-10 -0.000335629 0.0104214 -2.58434e-07 7.06095e-10 -2.58434e-07 1.03522e-06 
453
0.56535
-0.424657
0.00821039
0.0120818 -0.000335618 7.24468e-10 -0.000335618 0.0104214 -2.58434e-07 7.24468e-10 -2.58434e-07 1.03522e-06 
454
0.56258
-0.427303
0.00778452
0.0120818 -0.000335599 7.44842e-10 -0.000335599 0.0104214 -2.58439e-07 7.44842e-10 -2.58439e-07 1.03522e-06 
455
0.561099
-0.430529
0.00666823
0.0120818 -0.000335598 7.56952e-10 -0.000335598 0.0104214 -2.58446e-07 7.56952e-10 -2.58446e-07 1.03522e-06 
456
0.559407
-0.431616
0.00402923
0.0120818 -0.000335616 7.63437e-10 -0.000335616 0.0104214 -2.58451e-07 7.63437e-10 -2.58451e-07 1.03522e-06 
457
0.556959
-0.431841
0.00321538
0.0120818 -0.000335664 7.47514e-10 -0.000335664 0.0104214 -2.58455e-07 7.47514e-10 -2.58455e-07 1.03522e-06 
458
0.54734
-0.442179
0.00622714
0.0120818 -0.000335696 7.36465e-10 -0.000335696 0.0104214 -2.58461e-07 7.36465e-10 -2.58461e-07 1.03522e-06 
459
0.543473
-0.449214
0.00845464
0.0120818 -0.00033566 7.98054e-10 -0.00033566 0.0104214 -2.58486e-07 7.98054e-10 -2.58486e-07 1.03522e-06 
460
0.542629
-0.4531
0.00568053
0.0120818 -0.000335611 8.55832e-10 -0.000335611 0.0104214 -2.58498e-07 8.55832e-10 -2.58498e-07 1.03522e-06 
461
0.543324
-0.454523
0.00516655
0.0120818 -0.000335636 8.62497e-10 -0.000335636 0.0104214 -2.58501e-07 8.62497e-10 -2.58501e-07 1.03522e-06 
462
0.542243
-0.45723
0.00497629
0.0120818 -0.000335654 8.63052e-10 -0.000335654 0.0104214 -2.58499e-07 8.63052e-10 -2.58499e-07 1.03522e-06 
463
0.543161
-0.458575
0.0017547
0.0120818 -0.000335664 8.71512e-10 -0.000335664 0.0104214 -2.58502e-07 8.71512e-10 -2.58502e-07 1.03522e-06 
464
0.545894
-0.459619
-0.00069934
0.0120818 -0.000335719 8.53112e-10 -0.000335719 0.0104214 -2.585e-07 8.53112e-10 -2.585e-07 1.03522e-06 
465
0.547574
-0.461718
-0.0010431
0.0120818 -0.000335779 8.31682e-10 -0.000335779 0.0104214 -2.58493e-07 8.31682e-10 -2.58493e-07 1.03522e-06 
466
0.543426
-0.470729
-8.70812e-05
0.0120817 -0.000335807 8.30034e-10 -0.000335807 0.0104214 -2.58488e-07 8.30034e-10 -2.58488e-07 1.03522e-06 
467
0.540788
-0.478277
-0.00122858
0.0120817 -0.000335802 8.72241e-10 -0.000335802 0.0104214 -2.58498e-07 8.72241e-10 -2.58498e-07 1.03522e-06 
468
0.543913
-0.478016
-0.00265542
0.0120817 -0.000335819 9.01225e-10 -0.000335819 0.0104214 -2.58506e-07 9.01225e-10 -2.58506e-07 1.03522e-06 
469
0.544982
-0.479504
0.00325028
0.0120817 -0.000335848 8.91899e-10 -0.000335848 0.0104215 -2.58498e-07 8.91899e-10 -2.58498e-07 1.03522e-06 
470
0.545233
-0.483679
0.00753936
0.0120818 -0.000335765 9.39094e-10 -0.000335765 0.0104214 -2.58496e-07 9.39094e-10 -2.58496e-07 1.03522e-06 
471
0.548199
-0.48602
0.00194286
0.0120818 -0.000335665 1.00191e-09 -0.000335665 0.0104214 -2.58495e-07 1.00191e-09 -2.58495e-07 1.03522e-06 
472
0.549178
-0.488593
-0.00467978
0.0120818 -0.000335716 9.8533e-10 -0.000335716 0.0104214 -2.58488e-07 9.8533e-10 -2.58488e-07 1.03522e-06 
473
0.55046
-0.49185
-0.00418738
0.0120817 -0.000335841 9.39164e-10 -0.000335841 0.0104215 -2.58484e-07 9.39164e-10 -2.58484e-07 1.03522e-06 
474
0.548764
-0.503209
-0.000569828
0.0120817 -0.00033588 9.40422e-10 -0.00033588 0.0104215 -2.58481e-07 9.40422e-10 -2.58481e-07 1.03522e-06 
475
0.546864
-0.51101
0.000410665
0.0120817 -0.000335838 1.0122e-09 -0.000335838 0.0104214 -2.58486e-07 1.0122e-09 -2.58486e-07 1.03522e-06 
476
0.545101
-0.513023
-0.0001582
0.0120817 -0.000335806 1.06564e-09 -0.000335806 0.0104214 -2.58491e-07 1.06564e-09 -2.58491e-07 1.03522e-06 
477
0.541654
-0.514442
0.00159143
0.0120817 -0.000335803 1.0799e-09 -0.000335803 0.0104214 -2.58496e-07 1.0799e-09 -2.58496e-07 1.03522e-06 
478
0.538796
-0.515141
0.00154045
0.0120817 -0.000335774 1.10124e-09 -0.000335774 0.0104214 -2.58505e-07 1.10124e-09 -2.58505e-07 1.03522e-06 
479
0.534765
-0.517164
-0.000214514
0.0120818 -0.000335764 1.10922e-09 -0.000335764 0.0104214 -2.58513e-07 1.10922e-09 -2.58513e-07 1.03522e-06 
480
0.529128
-0.520446
0.000244252
0.0120817 -0.000335788 1.10622e-09 -0.000335788 0.0104214 -2.58523e-07 1.10622e-09 -2.58523e-07 1.03522e-06 
481
0.52583
-0.521176
-0.00086866
0.0120817 -0.00033579 1.12136e-09 -0.00033579 0.0104214 -2.58538e-07 1.12136e-09 -2.58538e-07 1.03522e-06 
482
0.518345
-0.529537
-0.00246606
0.0120817 -0.000335808 1.1184e-09 -0.000335808 0.0104214 -2.58547e-07 1.1184e-09 -2.58547e-07 1.03522e-06 
483
0.512614
-0.534154
0.00119752