0.000000000000000000e+00 0.000000000000000000e+00
2.683614444444444302e+00 0.000000000000000000e+00
5.367228888888888605e+00 0.000000000000000000e+00
8.050843333333332907e+00 0.000000000000000000e+00
1.073445777777777721e+01 0.000000000000000000e+00
1.341807222222222151e+01 0.000000000000000000e+00
1.610168666666666581e+01 0.000000000000000000e+00
1.878530111111111012e+01 0.000000000000000000e+00
2.146891555555555442e+01 0.000000000000000000e+00
2.415252999999999872e+01 0.000000000000000000e+00
