1.584746999999999950e+01 0.000000000000000000e+00
1.955894186806667534e+01 -7.888976990112670507e-01
2.262866653248121906e+01 -3.019183216975418915e+00
2.452586071119327471e+01 -6.305219926328604174e+00
2.492248229523549341e+01 -1.007882222731733712e+01
2.374995180953300178e+01 -1.368749999999999822e+01
2.121101042716881580e+01 -1.650728007367139583e+01
1.774466417871205692e+01 -1.805059685669597513e+01
1.395027582128794741e+01 -1.805059685669597513e+01
1.048392957283118321e+01 -1.650728007367139583e+01
7.944988190466999001e+00 -1.368750000000000355e+01
6.772457704764505593e+00 -1.007882222731734423e+01
7.169079288806722516e+00 -6.305219926328605951e+00
9.066273467518772833e+00 -3.019183216975422468e+00
1.213599813193331656e+01 -7.888976990112706034e-01
1.584747000000000128e+01 0.000000000000000000e+00
