1.117490204221959805e-15 0.000000000000000000e+00
3.711471868066678947e+00 7.888976990112688270e-01
6.781196532481222228e+00 3.019183216975418915e+00
8.678390711193276985e+00 6.305219926328605951e+00
9.075012295235493909e+00 1.007882222731733712e+01
7.902481809533003165e+00 1.368750000000000000e+01
5.363540427168817182e+00 1.650728007367139583e+01
1.897194178712056534e+00 1.805059685669597513e+01
-1.897194178712052537e+00 1.805059685669597513e+01
-5.363540427168817182e+00 1.650728007367139583e+01
-7.902481809533001389e+00 1.368750000000000355e+01
-9.075012295235493909e+00 1.007882222731734423e+01
-8.678390711193276985e+00 6.305219926328605951e+00
-6.781196532481224892e+00 3.019183216975421580e+00
-3.711471868066682500e+00 7.888976990112688270e-01
1.117490204221959805e-15 0.000000000000000000e+00
