-2.072147000000000006e+01 0.000000000000000000e+00
-1.841908444444444370e+01 0.000000000000000000e+00
-1.611669888888889091e+01 0.000000000000000000e+00
-1.381431333333333455e+01 0.000000000000000000e+00
-1.151192777777777820e+01 0.000000000000000000e+00
-9.209542222222221852e+00 0.000000000000000000e+00
-6.907156666666667277e+00 0.000000000000000000e+00
-4.604771111111112702e+00 0.000000000000000000e+00
-2.302385555555556351e+00 0.000000000000000000e+00
0.000000000000000000e+00 0.000000000000000000e+00
