-3.594261407852172852e-01 7.777709364891052246e-01
-4.819569587707519531e-01 -1.486048936843872070e+00
-6.623250842094421387e-01 -2.657340943813323975e+00
-8.975570797920227051e-01 -3.952842950820922852e+00
-1.232246428728103638e+00 -5.419878244400024414e+00
-1.593827754259109497e+00 -6.700600862503051758e+00
-2.260354489088058472e+00 -8.936202764511108398e+00
-2.839493960142135620e+00 -1.055876636505126953e+01
-3.476085186004638672e+00 -1.158871698379516602e+01
-3.993620634078979492e+00 -1.270306062698364258e+01
-4.754093766212463379e+00 -1.371694803237915039e+01
-5.482879757881164551e+00 -1.477191877365112305e+01
-6.845652103424072266e+00 -1.620239973068237305e+01
-7.641049623489379883e+00 -1.701220035552978516e+01
-8.628650426864624023e+00 -1.797657299041748047e+01
-1.006267547607421875e+01 -1.913921451568603516e+01
-1.224356651306152344e+01 -1.981082439422607422e+01
-1.400570964813232422e+01 -2.046576213836669922e+01
-1.585478687286376953e+01 -2.093279933929443359e+01
-1.763539886474609375e+01 -2.151943206787109375e+01
-1.950159835815429688e+01 -2.207231426239013672e+01
-2.133144855499267578e+01 -2.256593322753906250e+01
-2.323794651031494141e+01 -2.292048645019531250e+01
-2.517446136474609375e+01 -2.334242343902587891e+01
-2.715836906433105469e+01 -2.370491790771484375e+01
-2.922479152679443359e+01 -2.400775241851806641e+01
-3.121240329742431641e+01 -2.411036205291748047e+01
-3.299742698669433594e+01 -2.415489482879638672e+01
-3.517279434204101562e+01 -2.421294784545898438e+01
-3.697547721862792969e+01 -2.408304977416992188e+01
-3.868950271606445312e+01 -2.393436813354492188e+01
-3.997581672668457031e+01 -2.376670074462890625e+01
-4.151433563232421875e+01 -2.325489997863769531e+01
-4.229844093322753906e+01 -2.279786777496337891e+01
-4.387140846252441406e+01 -2.134072780609130859e+01
-4.554654502868652344e+01 -2.038795089721679688e+01
-4.648074150085449219e+01 -1.961689567565917969e+01
-4.823992156982421875e+01 -1.800043582916259766e+01
-4.921566581726074219e+01 -1.721755981445312500e+01
-5.042653656005859375e+01 -1.618714427947998047e+01
-5.148313713073730469e+01 -1.525469636917114258e+01
-5.266967582702636719e+01 -1.420295238494873047e+01
-5.376007270812988281e+01 -1.317111921310424805e+01
-5.514956092834472656e+01 -1.186985492706298828e+01
-5.683858108520507812e+01 -1.043485355377197266e+01
-5.784569168090820312e+01 -9.443924188613891602e+00
-5.884690856933593750e+01 -8.351947069168090820e+00
-6.011829185485839844e+01 -7.125493764877319336e+00
-6.125900077819824219e+01 -6.067835807800292969e+00
-6.217760467529296875e+01 -5.219330430030822754e+00
-6.343551063537597656e+01 -4.341580271720886230e+00
-6.455622863769531250e+01 -3.200933605432510376e+00
-6.561573791503906250e+01 -2.176863938570022583e+00
-6.637490844726562500e+01 -1.075219869613647461e+00
-6.731085205078125000e+01 6.125102825462818146e-01
-6.783317947387695312e+01 2.642484545707702637e+00
-6.839197540283203125e+01 4.561512470245361328e+00
-6.882539367675781250e+01 6.342055559158325195e+00
-6.926943588256835938e+01 8.084165334701538086e+00
-6.975503540039062500e+01 1.006924152374267578e+01
-7.020296096801757812e+01 1.203746461868286133e+01
-7.072518157958984375e+01 1.412573575973510742e+01
-7.124744796752929688e+01 1.629694890975952148e+01
-7.185747528076171875e+01 1.843818283081054688e+01
-7.225482559204101562e+01 2.055269622802734375e+01
-7.232774353027343750e+01 2.244347953796386719e+01
-7.215589904785156250e+01 2.423755073547363281e+01
-7.193917846679687500e+01 2.584992408752441406e+01
-7.099484634399414062e+01 2.699669456481933594e+01
-7.021467971801757812e+01 2.771538257598876953e+01
-6.868897247314453125e+01 2.816611289978027344e+01
-6.703876876831054688e+01 2.812410163879394531e+01
-6.455744171142578125e+01 2.768155765533447266e+01
-6.271315574645996094e+01 2.721310329437255859e+01
-6.106030654907226562e+01 2.639421939849853516e+01
-5.800816917419433594e+01 2.446529388427734375e+01
-5.633985519409179688e+01 2.337246227264404297e+01
-5.473616218566894531e+01 2.200554943084716797e+01
-5.353180503845214844e+01 2.109798908233642578e+01
-5.232773399353027344e+01 1.957999038696289062e+01
-5.116363143920898438e+01 1.800844287872314453e+01
-5.061363410949707031e+01 1.702697753906250000e+01
-5.024336242675781250e+01 1.570280551910400391e+01
-5.004976272583007812e+01 1.397807264328002930e+01
-4.990983390808105469e+01 1.247841835021972656e+01
-5.035629081726074219e+01 1.035584831237792969e+01
-5.048673248291015625e+01 8.403283119201660156e+00
-5.096843910217285156e+01 6.420204162597656250e+00
-5.112220382690429688e+01 4.123018503189086914e+00
-5.107586479187011719e+01 3.064899563789367676e+00
-5.101812934875488281e+01 1.094513580203056335e+00
-5.082739067077636719e+01 -8.982747793197631836e-03
-5.032662391662597656e+01 -1.102430894970893860e+00
-4.968304634094238281e+01 -2.262862563133239746e+00
-4.901228713989257812e+01 -3.389481544494628906e+00
-4.755378341674804688e+01 -4.546676874160766602e+00
-4.628974914550781250e+01 -5.648969650268554688e+00
-4.524617195129394531e+01 -6.392416477203369141e+00
-4.333829498291015625e+01 -7.540122509002685547e+00
-4.210315513610839844e+01 -7.883069276809692383e+00
-3.985079002380371094e+01 -8.447082757949829102e+00
-3.822924613952636719e+01 -7.757111787796020508e+00
-3.603473854064941406e+01 -6.795792818069458008e+00
-3.450183105468750000e+01 -5.919630169868469238e+00
-3.256375598907470703e+01 -5.213503956794738770e+00
-3.056398391723632812e+01 -4.892394900321960449e+00
-2.923668670654296875e+01 -5.043446183204650879e+00
-2.733364963531494141e+01 -5.492882609367370605e+00
-2.612975788116455078e+01 -5.590747356414794922e+00
-2.411844253540039062e+01 -5.728925466537475586e+00
-2.247272491455078125e+01 -5.681814312934875488e+00
-2.040631866455078125e+01 -5.166087508201599121e+00
-1.867973709106445312e+01 -4.393288314342498779e+00
-1.697617959976196289e+01 -3.224216163158416748e+00
-1.622085952758789062e+01 -2.193856418132781982e+00
-1.574951839447021484e+01 -7.331161499023437500e-01
-1.552355575561523438e+01 1.205305099487304688e+00
-1.542238664627075195e+01 2.807947635650634766e+00
-1.550483942031860352e+01 4.552130699157714844e+00
-1.568209314346313477e+01 5.787707328796386719e+00
-1.639284276962280273e+01 7.141408681869506836e+00
-1.750949668884277344e+01 8.893484115600585938e+00
-1.824484634399414062e+01 9.794213771820068359e+00
-1.887729358673095703e+01 1.058722639083862305e+01
-1.962861347198486328e+01 1.142435264587402344e+01
-2.040227031707763672e+01 1.245781993865966797e+01
-2.128497409820556641e+01 1.351395654678344727e+01
-2.257775974273681641e+01 1.481892013549804688e+01
-2.330354595184326172e+01 1.557327747344970703e+01
-2.431112480163574219e+01 1.688313007354736328e+01
-2.548353958129882812e+01 1.828487205505371094e+01
-2.600346565246582031e+01 2.036670398712158203e+01
-2.651726150512695312e+01 2.245209312438964844e+01
-2.638321495056152344e+01 2.372550868988037109e+01
-2.622132492065429688e+01 2.496522140502929688e+01
-2.588305377960205078e+01 2.643941593170166016e+01
-2.553822326660156250e+01 2.795433330535888672e+01
-2.494462585449218750e+01 2.985567188262939453e+01
-2.419063949584960938e+01 3.199822902679443359e+01
-2.375577735900878906e+01 3.368926620483398438e+01
-2.300432300567626953e+01 3.541191864013671875e+01
-2.227694892883300781e+01 3.704706192016601562e+01
-2.154092502593994141e+01 3.820410156250000000e+01
-2.037217330932617188e+01 3.994479942321777344e+01
-1.931261825561523438e+01 4.095205307006835938e+01
-1.798751354217529297e+01 4.209783744812011719e+01
-1.713858079910278320e+01 4.255963134765625000e+01
-1.585083150863647461e+01 4.327426528930664062e+01
-1.500290298461914062e+01 4.362605476379394531e+01
-1.394738006591796875e+01 4.399995040893554688e+01
-1.293978404998779297e+01 4.418211936950683594e+01
-1.171167135238647461e+01 4.445009040832519531e+01
-1.089905691146850586e+01 4.449916267395019531e+01
-9.726375579833984375e+00 4.457718086242675781e+01
-8.532363653182983398e+00 4.458805084228515625e+01
-7.280067205429077148e+00 4.453300857543945312e+01
-6.416849374771118164e+00 4.430997276306152344e+01
-5.178084373474121094e+00 4.417663574218750000e+01
-4.181194663047790527e+00 4.375500488281250000e+01
-3.277740299701690674e+00 4.299640846252441406e+01
-1.935622513294219971e+00 4.185160446166992188e+01
-1.292607173323631287e+00 4.087470436096191406e+01
-8.569961190223693848e-01 3.977429962158203125e+01
-3.461306691169738770e-01 3.779957580566406250e+01
-3.095984458923339844e-01 3.600647735595703125e+01
-2.464103102684020996e-01 3.440640640258789062e+01
-1.522995829582214355e-01 3.273297500610351562e+01
-9.825789928436279297e-02 3.095102977752685547e+01
-2.034807205200195312e-02 2.902810859680175781e+01
1.874387264251708984e-03 2.747871017456054688e+01
6.963193416595458984e-02 2.588690948486328125e+01
1.230106949806213379e-01 2.342025566101074219e+01
1.640607118606567383e-01 2.102475833892822266e+01
1.359096169471740723e-01 1.891213798522949219e+01
1.117696762084960938e-01 1.666498470306396484e+01
8.677428960800170898e-02 1.433546400070190430e+01
4.652309417724609375e-02 1.208332872390747070e+01
-1.826047897338867188e-02 9.760281324386596680e+00
-4.325187206268310547e-02 7.382119655609130859e+00
-1.026479601860046387e-01 5.228378653526306152e+00
-1.084806919097900391e-01 2.969501972198486328e+00
