-2.072147000000000006e+01 0.000000000000000000e+00
-1.841908444444444370e+01 0.000000000000000000e+00
-1.611669888888889091e+01 0.000000000000000000e+00
-1.381431333333333455e+01 0.000000000000000000e+00
-1.151192777777777820e+01 0.000000000000000000e+00
-9.209542222222221852e+00 0.000000000000000000e+00
-6.907156666666667277e+00 0.000000000000000000e+00
-4.604771111111112702e+00 0.000000000000000000e+00
-2.302385555555556351e+00 0.000000000000000000e+00
0.000000000000000000e+00 0.000000000000000000e+00
1.117490204221959805e-15 0.000000000000000000e+00
3.711471868066678947e+00 7.888976990112688270e-01
6.781196532481222228e+00 3.019183216975418915e+00
8.678390711193276985e+00 6.305219926328605951e+00
9.075012295235493909e+00 1.007882222731733712e+01
7.902481809533003165e+00 1.368750000000000000e+01
5.363540427168817182e+00 1.650728007367139583e+01
1.897194178712056534e+00 1.805059685669597513e+01
-1.897194178712052537e+00 1.805059685669597513e+01
-5.363540427168817182e+00 1.650728007367139583e+01
-7.902481809533001389e+00 1.368750000000000355e+01
-9.075012295235493909e+00 1.007882222731734423e+01
-8.678390711193276985e+00 6.305219926328605951e+00
-6.781196532481224892e+00 3.019183216975421580e+00
-3.711471868066682500e+00 7.888976990112688270e-01
1.117490204221959805e-15 0.000000000000000000e+00
1.117490204221959805e-15 0.000000000000000000e+00
3.711471868066678947e+00 7.888976990112688270e-01
6.781196532481222228e+00 3.019183216975418915e+00
8.678390711193276985e+00 6.305219926328605951e+00
9.075012295235493909e+00 1.007882222731733712e+01
7.902481809533003165e+00 1.368750000000000000e+01
5.363540427168817182e+00 1.650728007367139583e+01
1.897194178712056534e+00 1.805059685669597513e+01
-1.897194178712052537e+00 1.805059685669597513e+01
-5.363540427168817182e+00 1.650728007367139583e+01
-7.902481809533001389e+00 1.368750000000000355e+01
-9.075012295235493909e+00 1.007882222731734423e+01
-8.678390711193276985e+00 6.305219926328605951e+00
-6.781196532481224892e+00 3.019183216975421580e+00
-3.711471868066682500e+00 7.888976990112688270e-01
1.117490204221959805e-15 0.000000000000000000e+00
0.000000000000000000e+00 0.000000000000000000e+00
3.711471868066676283e+00 -7.888976990112670507e-01
6.781196532481221340e+00 -3.019183216975418915e+00
8.678390711193275209e+00 -6.305219926328604174e+00
9.075012295235493909e+00 -1.007882222731733712e+01
7.902481809533003165e+00 -1.368749999999999822e+01
5.363540427168818070e+00 -1.650728007367139583e+01
1.897194178712057644e+00 -1.805059685669597513e+01
-1.897194178712051427e+00 -1.805059685669597513e+01
-5.363540427168816294e+00 -1.650728007367139583e+01
-7.902481809533000501e+00 -1.368750000000000355e+01
-9.075012295235493909e+00 -1.007882222731734423e+01
-8.678390711193276985e+00 -6.305219926328605951e+00
-6.781196532481225780e+00 -3.019183216975422468e+00
-3.711471868066683388e+00 -7.888976990112706034e-01
0.000000000000000000e+00 0.000000000000000000e+00
3.711471868066676283e+00 -7.888976990112670507e-01
6.781196532481221340e+00 -3.019183216975418915e+00
8.678390711193275209e+00 -6.305219926328604174e+00
9.075012295235493909e+00 -1.007882222731733712e+01
7.902481809533003165e+00 -1.368749999999999822e+01
5.363540427168818070e+00 -1.650728007367139583e+01
1.897194178712057644e+00 -1.805059685669597513e+01
-1.897194178712051427e+00 -1.805059685669597513e+01
-5.363540427168816294e+00 -1.650728007367139583e+01
-7.902481809533000501e+00 -1.368750000000000355e+01
-9.075012295235493909e+00 -1.007882222731734423e+01
-8.678390711193276985e+00 -6.305219926328605951e+00
-6.781196532481225780e+00 -3.019183216975422468e+00
-3.711471868066683388e+00 -7.888976990112706034e-01
0.000000000000000000e+00 0.000000000000000000e+00
2.683614444444444302e+00 0.000000000000000000e+00
5.367228888888888605e+00 0.000000000000000000e+00
8.050843333333332907e+00 0.000000000000000000e+00
1.073445777777777721e+01 0.000000000000000000e+00
1.341807222222222151e+01 0.000000000000000000e+00
1.610168666666666581e+01 0.000000000000000000e+00
1.878530111111111012e+01 0.000000000000000000e+00
2.146891555555555442e+01 0.000000000000000000e+00
2.415252999999999872e+01 0.000000000000000000e+00
