0.000000000000000000e+00 0.000000000000000000e+00
1.000660938532716426e-01 0.000000000000000000e+00
2.001321877065432853e-01 0.000000000000000000e+00
3.001982815598149279e-01 0.000000000000000000e+00
4.002643754130865705e-01 0.000000000000000000e+00
5.003304692663581577e-01 0.000000000000000000e+00
6.003965631196298558e-01 0.000000000000000000e+00
7.004626569729015539e-01 0.000000000000000000e+00
8.005287508261731411e-01 0.000000000000000000e+00
9.005948446794447282e-01 0.000000000000000000e+00
1.000660938532716315e+00 0.000000000000000000e+00
1.100727032385988124e+00 0.000000000000000000e+00
1.200793126239259712e+00 0.000000000000000000e+00
1.300859220092531299e+00 0.000000000000000000e+00
1.400925313945803108e+00 0.000000000000000000e+00
1.500991407799074695e+00 0.000000000000000000e+00
1.601057501652346282e+00 0.000000000000000000e+00
1.701123595505617869e+00 0.000000000000000000e+00
1.801189689358889456e+00 0.000000000000000000e+00
1.901255783212161266e+00 0.000000000000000000e+00
2.001321877065432631e+00 0.000000000000000000e+00
2.101387970918704440e+00 0.000000000000000000e+00
2.201454064771976249e+00 0.000000000000000000e+00
2.301520158625247614e+00 0.000000000000000000e+00
2.401586252478519423e+00 0.000000000000000000e+00
2.501652346331791232e+00 0.000000000000000000e+00
2.601718440185062597e+00 0.000000000000000000e+00
2.701784534038334407e+00 0.000000000000000000e+00
2.801850627891606216e+00 0.000000000000000000e+00
2.901916721744877581e+00 0.000000000000000000e+00
3.001982815598149390e+00 0.000000000000000000e+00
3.102048909451420755e+00 0.000000000000000000e+00
3.202115003304692564e+00 0.000000000000000000e+00
3.302181097157964373e+00 0.000000000000000000e+00
3.402247191011235739e+00 0.000000000000000000e+00
3.502313284864507548e+00 0.000000000000000000e+00
3.602379378717778913e+00 0.000000000000000000e+00
3.702445472571050722e+00 0.000000000000000000e+00
3.802511566424322531e+00 0.000000000000000000e+00
3.902577660277593896e+00 0.000000000000000000e+00
4.002643754130865261e+00 0.000000000000000000e+00
4.102709847984137070e+00 0.000000000000000000e+00
4.202775941837408880e+00 0.000000000000000000e+00
4.302842035690680689e+00 0.000000000000000000e+00
4.402908129543952498e+00 0.000000000000000000e+00
4.502974223397224307e+00 0.000000000000000000e+00
4.603040317250495228e+00 0.000000000000000000e+00
4.703106411103767037e+00 0.000000000000000000e+00
4.803172504957038846e+00 0.000000000000000000e+00
4.903238598810310656e+00 0.000000000000000000e+00
5.003304692663582465e+00 0.000000000000000000e+00
5.103370786516853386e+00 0.000000000000000000e+00
5.203436880370125195e+00 0.000000000000000000e+00
5.303502974223397004e+00 0.000000000000000000e+00
5.403569068076668813e+00 0.000000000000000000e+00
5.503635161929940622e+00 0.000000000000000000e+00
5.603701255783212432e+00 0.000000000000000000e+00
5.703767349636483353e+00 0.000000000000000000e+00
5.803833443489755162e+00 0.000000000000000000e+00
5.903899537343026971e+00 0.000000000000000000e+00
6.003965631196298780e+00 0.000000000000000000e+00
6.104031725049570589e+00 0.000000000000000000e+00
6.204097818902841510e+00 0.000000000000000000e+00
6.304163912756113319e+00 0.000000000000000000e+00
6.404230006609385129e+00 0.000000000000000000e+00
6.504296100462656938e+00 0.000000000000000000e+00
6.604362194315928747e+00 0.000000000000000000e+00
6.704428288169199668e+00 0.000000000000000000e+00
6.804494382022471477e+00 0.000000000000000000e+00
6.904560475875743286e+00 0.000000000000000000e+00
7.004626569729015095e+00 0.000000000000000000e+00
7.104692663582286905e+00 0.000000000000000000e+00
7.204758757435557825e+00 0.000000000000000000e+00
7.304824851288829635e+00 0.000000000000000000e+00
7.404890945142101444e+00 0.000000000000000000e+00
7.504957038995373253e+00 0.000000000000000000e+00
7.605023132848645062e+00 0.000000000000000000e+00
7.705089226701916871e+00 0.000000000000000000e+00
7.805155320555187792e+00 0.000000000000000000e+00
7.905221414408459601e+00 0.000000000000000000e+00
8.005287508261730522e+00 0.000000000000000000e+00
8.105353602115002332e+00 0.000000000000000000e+00
8.205419695968274141e+00 0.000000000000000000e+00
8.305485789821545950e+00 0.000000000000000000e+00
8.405551883674817759e+00 0.000000000000000000e+00
8.505617977528089568e+00 0.000000000000000000e+00
8.605684071381361377e+00 0.000000000000000000e+00
8.705750165234633187e+00 0.000000000000000000e+00
8.805816259087904996e+00 0.000000000000000000e+00
8.905882352941176805e+00 0.000000000000000000e+00
9.005948446794448614e+00 0.000000000000000000e+00
9.106014540647718647e+00 0.000000000000000000e+00
9.206080634500990456e+00 0.000000000000000000e+00
9.306146728354262265e+00 0.000000000000000000e+00
9.406212822207534074e+00 0.000000000000000000e+00
9.506278916060805884e+00 0.000000000000000000e+00
9.606345009914077693e+00 0.000000000000000000e+00
9.706411103767349502e+00 0.000000000000000000e+00
9.806477197620621311e+00 0.000000000000000000e+00
9.906543291473893120e+00 0.000000000000000000e+00
1.000660938532716493e+01 0.000000000000000000e+00
1.010667547918043674e+01 0.000000000000000000e+00
1.020674157303370677e+01 0.000000000000000000e+00
1.030680766688697858e+01 0.000000000000000000e+00
1.040687376074025039e+01 0.000000000000000000e+00
1.050693985459352220e+01 0.000000000000000000e+00
1.060700594844679401e+01 0.000000000000000000e+00
1.070707204230006582e+01 0.000000000000000000e+00
1.080713813615333763e+01 0.000000000000000000e+00
1.090720423000660944e+01 0.000000000000000000e+00
1.100727032385988124e+01 0.000000000000000000e+00
1.110733641771315305e+01 0.000000000000000000e+00
1.120740251156642486e+01 0.000000000000000000e+00
1.130746860541969490e+01 0.000000000000000000e+00
1.140753469927296671e+01 0.000000000000000000e+00
1.150760079312623851e+01 0.000000000000000000e+00
1.160766688697951032e+01 0.000000000000000000e+00
1.170773298083278213e+01 0.000000000000000000e+00
1.180779907468605394e+01 0.000000000000000000e+00
1.190786516853932575e+01 0.000000000000000000e+00
1.200793126239259756e+01 0.000000000000000000e+00
1.210799735624586937e+01 0.000000000000000000e+00
1.220806345009914118e+01 0.000000000000000000e+00
1.230812954395241121e+01 0.000000000000000000e+00
1.240819563780568302e+01 0.000000000000000000e+00
1.250826173165895483e+01 0.000000000000000000e+00
1.260832782551222664e+01 0.000000000000000000e+00
1.270839391936549845e+01 0.000000000000000000e+00
1.280846001321877026e+01 0.000000000000000000e+00
1.290852610707204207e+01 0.000000000000000000e+00
1.300859220092531388e+01 0.000000000000000000e+00
1.310865829477858568e+01 0.000000000000000000e+00
1.320872438863185749e+01 0.000000000000000000e+00
1.330879048248512930e+01 0.000000000000000000e+00
1.340885657633839934e+01 0.000000000000000000e+00
1.350892267019167114e+01 0.000000000000000000e+00
1.360898876404494295e+01 0.000000000000000000e+00
1.370905485789821476e+01 0.000000000000000000e+00
1.380912095175148657e+01 0.000000000000000000e+00
1.390918704560475838e+01 0.000000000000000000e+00
1.400925313945803019e+01 0.000000000000000000e+00
1.410931923331130200e+01 0.000000000000000000e+00
1.420938532716457381e+01 0.000000000000000000e+00
1.430945142101784562e+01 0.000000000000000000e+00
1.440951751487111565e+01 0.000000000000000000e+00
1.450958360872438746e+01 0.000000000000000000e+00
1.460964970257765927e+01 0.000000000000000000e+00
1.470971579643093108e+01 0.000000000000000000e+00
1.480978189028420289e+01 0.000000000000000000e+00
1.490984798413747470e+01 0.000000000000000000e+00
1.500991407799074651e+01 0.000000000000000000e+00
1.510998017184401832e+01 0.000000000000000000e+00
1.521004626569729012e+01 0.000000000000000000e+00
1.531011235955056193e+01 0.000000000000000000e+00
1.541017845340383374e+01 0.000000000000000000e+00
1.551024454725710378e+01 0.000000000000000000e+00
1.561031064111037558e+01 0.000000000000000000e+00
1.571037673496364739e+01 0.000000000000000000e+00
1.581044282881691920e+01 0.000000000000000000e+00
1.591050892267019101e+01 0.000000000000000000e+00
1.601057501652346104e+01 0.000000000000000000e+00
1.611064111037673285e+01 0.000000000000000000e+00
1.621070720423000466e+01 0.000000000000000000e+00
1.631077329808327647e+01 0.000000000000000000e+00
1.641083939193654828e+01 0.000000000000000000e+00
1.651090548578982009e+01 0.000000000000000000e+00
1.661097157964309190e+01 0.000000000000000000e+00
1.671103767349636371e+01 0.000000000000000000e+00
1.681110376734963552e+01 0.000000000000000000e+00
1.691116986120290733e+01 0.000000000000000000e+00
1.701123595505617914e+01 0.000000000000000000e+00
1.711130204890945095e+01 0.000000000000000000e+00
1.721136814276272275e+01 0.000000000000000000e+00
1.731143423661599456e+01 0.000000000000000000e+00
1.741150033046926637e+01 0.000000000000000000e+00
1.751156642432253818e+01 0.000000000000000000e+00
1.761163251817580999e+01 0.000000000000000000e+00
1.771169861202908180e+01 0.000000000000000000e+00
1.781176470588235361e+01 0.000000000000000000e+00
1.791183079973562542e+01 0.000000000000000000e+00
1.801189689358889723e+01 0.000000000000000000e+00
1.811196298744216904e+01 0.000000000000000000e+00
1.821202908129543729e+01 0.000000000000000000e+00
1.831209517514870910e+01 0.000000000000000000e+00
1.841216126900198091e+01 0.000000000000000000e+00
1.851222736285525272e+01 0.000000000000000000e+00
1.861229345670852453e+01 0.000000000000000000e+00
1.871235955056179634e+01 0.000000000000000000e+00
1.881242564441506815e+01 0.000000000000000000e+00
1.891249173826833996e+01 0.000000000000000000e+00
1.901255783212161177e+01 0.000000000000000000e+00
1.911262392597488358e+01 0.000000000000000000e+00
1.921269001982815539e+01 0.000000000000000000e+00
1.931275611368142719e+01 0.000000000000000000e+00
1.941282220753469900e+01 0.000000000000000000e+00
1.951288830138797081e+01 0.000000000000000000e+00
1.961295439524124262e+01 0.000000000000000000e+00
1.971302048909451443e+01 0.000000000000000000e+00
1.981308658294778624e+01 0.000000000000000000e+00
1.991315267680105805e+01 0.000000000000000000e+00
2.001321877065432986e+01 0.000000000000000000e+00
2.011328486450760167e+01 0.000000000000000000e+00
2.021335095836087348e+01 0.000000000000000000e+00
2.031341705221414173e+01 0.000000000000000000e+00
2.041348314606741354e+01 0.000000000000000000e+00
2.051354923992068535e+01 0.000000000000000000e+00
2.061361533377395716e+01 0.000000000000000000e+00
2.071368142762722897e+01 0.000000000000000000e+00
2.081374752148050078e+01 0.000000000000000000e+00
2.091381361533377259e+01 0.000000000000000000e+00
2.101387970918704440e+01 0.000000000000000000e+00
2.111394580304031621e+01 0.000000000000000000e+00
2.121401189689358802e+01 0.000000000000000000e+00
2.131407799074685983e+01 0.000000000000000000e+00
2.141414408460013163e+01 0.000000000000000000e+00
2.151421017845340344e+01 0.000000000000000000e+00
2.161427627230667525e+01 0.000000000000000000e+00
2.171434236615994706e+01 0.000000000000000000e+00
2.181440846001321887e+01 0.000000000000000000e+00
2.191447455386649068e+01 0.000000000000000000e+00
2.201454064771976249e+01 0.000000000000000000e+00
2.211460674157303430e+01 0.000000000000000000e+00
2.221467283542630611e+01 0.000000000000000000e+00
2.231473892927957792e+01 0.000000000000000000e+00
2.241480502313284973e+01 0.000000000000000000e+00
2.251487111698611798e+01 0.000000000000000000e+00
2.261493721083938979e+01 0.000000000000000000e+00
2.271500330469266160e+01 0.000000000000000000e+00
2.281506939854593341e+01 0.000000000000000000e+00
2.291513549239920522e+01 0.000000000000000000e+00
2.301520158625247703e+01 0.000000000000000000e+00
2.311526768010574884e+01 0.000000000000000000e+00
2.321533377395902065e+01 0.000000000000000000e+00
2.331539986781229246e+01 0.000000000000000000e+00
2.341546596166556427e+01 0.000000000000000000e+00
2.351553205551883607e+01 0.000000000000000000e+00
2.361559814937210788e+01 0.000000000000000000e+00
2.371566424322537969e+01 0.000000000000000000e+00
2.381573033707865150e+01 0.000000000000000000e+00
2.391579643093192331e+01 0.000000000000000000e+00
2.401586252478519512e+01 0.000000000000000000e+00
2.411592861863846693e+01 0.000000000000000000e+00
2.421599471249173874e+01 0.000000000000000000e+00
2.431606080634501055e+01 0.000000000000000000e+00
2.441612690019828236e+01 0.000000000000000000e+00
2.451619299405155417e+01 0.000000000000000000e+00
2.461625908790482242e+01 0.000000000000000000e+00
2.471632518175809423e+01 0.000000000000000000e+00
2.481639127561136604e+01 0.000000000000000000e+00
2.491645736946463785e+01 0.000000000000000000e+00
2.501652346331790966e+01 0.000000000000000000e+00
2.511658955717118147e+01 0.000000000000000000e+00
2.521665565102445328e+01 0.000000000000000000e+00
2.531672174487772509e+01 0.000000000000000000e+00
2.541678783873099690e+01 0.000000000000000000e+00
2.551685393258426870e+01 0.000000000000000000e+00
2.561692002643754051e+01 0.000000000000000000e+00
2.571698612029081232e+01 0.000000000000000000e+00
2.581705221414408413e+01 0.000000000000000000e+00
2.591711830799735594e+01 0.000000000000000000e+00
2.601718440185062775e+01 0.000000000000000000e+00
2.611725049570389956e+01 0.000000000000000000e+00
2.621731658955717137e+01 0.000000000000000000e+00
2.631738268341044318e+01 0.000000000000000000e+00
2.641744877726371499e+01 0.000000000000000000e+00
2.651751487111698680e+01 0.000000000000000000e+00
2.661758096497025861e+01 0.000000000000000000e+00
2.671764705882352686e+01 0.000000000000000000e+00
2.681771315267679867e+01 0.000000000000000000e+00
2.691777924653007048e+01 0.000000000000000000e+00
2.701784534038334229e+01 0.000000000000000000e+00
2.711791143423661410e+01 0.000000000000000000e+00
2.721797752808988591e+01 0.000000000000000000e+00
2.731804362194315772e+01 0.000000000000000000e+00
2.741810971579642953e+01 0.000000000000000000e+00
2.751817580964970134e+01 0.000000000000000000e+00
2.761824190350297314e+01 0.000000000000000000e+00
2.771830799735624495e+01 0.000000000000000000e+00
2.781837409120951676e+01 0.000000000000000000e+00
2.791844018506278857e+01 0.000000000000000000e+00
2.801850627891606038e+01 0.000000000000000000e+00
2.811857237276933219e+01 0.000000000000000000e+00
2.821863846662260400e+01 0.000000000000000000e+00
2.831870456047587581e+01 0.000000000000000000e+00
2.841877065432914762e+01 0.000000000000000000e+00
2.851883674818241943e+01 0.000000000000000000e+00
2.861890284203569124e+01 0.000000000000000000e+00
2.871896893588896305e+01 0.000000000000000000e+00
2.881903502974223130e+01 0.000000000000000000e+00
2.891910112359550311e+01 0.000000000000000000e+00
2.901916721744877492e+01 0.000000000000000000e+00
2.911923331130204673e+01 0.000000000000000000e+00
2.921929940515531854e+01 0.000000000000000000e+00
2.931936549900859035e+01 0.000000000000000000e+00
2.941943159286186216e+01 0.000000000000000000e+00
2.951949768671513397e+01 0.000000000000000000e+00
2.961956378056840578e+01 0.000000000000000000e+00
2.971962987442167758e+01 0.000000000000000000e+00
2.981969596827494939e+01 0.000000000000000000e+00
2.991976206212822120e+01 0.000000000000000000e+00
3.001982815598149301e+01 0.000000000000000000e+00
3.011989424983476482e+01 0.000000000000000000e+00
3.021996034368803663e+01 0.000000000000000000e+00
3.032002643754130844e+01 0.000000000000000000e+00
3.042009253139458025e+01 0.000000000000000000e+00
3.052015862524785206e+01 0.000000000000000000e+00
3.062022471910112387e+01 0.000000000000000000e+00
3.072029081295439568e+01 0.000000000000000000e+00
3.082035690680766749e+01 0.000000000000000000e+00
3.092042300066093929e+01 0.000000000000000000e+00
3.102048909451420755e+01 0.000000000000000000e+00
3.112055518836747936e+01 0.000000000000000000e+00
3.122062128222075117e+01 0.000000000000000000e+00
3.132068737607402298e+01 0.000000000000000000e+00
3.142075346992729479e+01 0.000000000000000000e+00
3.152081956378056660e+01 0.000000000000000000e+00
3.162088565763383841e+01 0.000000000000000000e+00
3.172095175148711022e+01 0.000000000000000000e+00
3.182101784534038202e+01 0.000000000000000000e+00
3.192108393919365383e+01 0.000000000000000000e+00
3.202115003304692209e+01 0.000000000000000000e+00
3.212121612690019390e+01 0.000000000000000000e+00
3.222128222075346571e+01 0.000000000000000000e+00
3.232134831460673752e+01 0.000000000000000000e+00
3.242141440846000933e+01 0.000000000000000000e+00
3.252148050231328114e+01 0.000000000000000000e+00
3.262154659616655294e+01 0.000000000000000000e+00
3.272161269001982475e+01 0.000000000000000000e+00
3.282167878387309656e+01 0.000000000000000000e+00
3.292174487772636837e+01 0.000000000000000000e+00
3.302181097157964018e+01 0.000000000000000000e+00
3.312187706543291199e+01 0.000000000000000000e+00
3.322194315928618380e+01 0.000000000000000000e+00
3.332200925313945561e+01 0.000000000000000000e+00
3.342207534699272742e+01 0.000000000000000000e+00
3.352214144084599923e+01 0.000000000000000000e+00
3.362220753469927104e+01 0.000000000000000000e+00
3.372227362855254285e+01 0.000000000000000000e+00
3.382233972240581465e+01 0.000000000000000000e+00
3.392240581625908646e+01 0.000000000000000000e+00
3.402247191011235827e+01 0.000000000000000000e+00
3.412253800396563008e+01 0.000000000000000000e+00
3.422260409781890189e+01 0.000000000000000000e+00
3.432267019167217370e+01 0.000000000000000000e+00
3.442273628552544551e+01 0.000000000000000000e+00
3.452280237937871732e+01 0.000000000000000000e+00
3.462286847323198913e+01 0.000000000000000000e+00
3.472293456708526094e+01 0.000000000000000000e+00
3.482300066093853275e+01 0.000000000000000000e+00
3.492306675479180456e+01 0.000000000000000000e+00
3.502313284864507636e+01 0.000000000000000000e+00
3.512319894249834817e+01 0.000000000000000000e+00
3.522326503635161998e+01 0.000000000000000000e+00
3.532333113020489179e+01 0.000000000000000000e+00
3.542339722405816360e+01 0.000000000000000000e+00
3.552346331791143541e+01 0.000000000000000000e+00
3.562352941176470722e+01 0.000000000000000000e+00
3.572359550561797903e+01 0.000000000000000000e+00
3.582366159947125084e+01 0.000000000000000000e+00
3.592372769332452265e+01 0.000000000000000000e+00
3.602379378717779446e+01 0.000000000000000000e+00
3.612385988103106627e+01 0.000000000000000000e+00
3.622392597488433807e+01 0.000000000000000000e+00
3.632399206873760278e+01 0.000000000000000000e+00
3.642405816259087459e+01 0.000000000000000000e+00
3.652412425644414640e+01 0.000000000000000000e+00
3.662419035029741821e+01 0.000000000000000000e+00
3.672425644415069002e+01 0.000000000000000000e+00
3.682432253800396182e+01 0.000000000000000000e+00
3.692438863185723363e+01 0.000000000000000000e+00
3.702445472571050544e+01 0.000000000000000000e+00
3.712452081956377725e+01 0.000000000000000000e+00
3.722458691341704906e+01 0.000000000000000000e+00
3.732465300727032087e+01 0.000000000000000000e+00
3.742471910112359268e+01 0.000000000000000000e+00
3.752478519497686449e+01 0.000000000000000000e+00
3.762485128883013630e+01 0.000000000000000000e+00
3.772491738268340811e+01 0.000000000000000000e+00
3.782498347653667992e+01 0.000000000000000000e+00
3.792504957038995173e+01 0.000000000000000000e+00
3.802511566424322353e+01 0.000000000000000000e+00
3.812518175809649534e+01 0.000000000000000000e+00
3.822524785194976715e+01 0.000000000000000000e+00
3.832531394580303896e+01 0.000000000000000000e+00
3.842538003965631077e+01 0.000000000000000000e+00
3.852544613350958258e+01 0.000000000000000000e+00
3.862551222736285439e+01 0.000000000000000000e+00
3.872557832121612620e+01 0.000000000000000000e+00
3.882564441506939801e+01 0.000000000000000000e+00
3.892571050892266982e+01 0.000000000000000000e+00
3.902577660277594163e+01 0.000000000000000000e+00
3.912584269662921344e+01 0.000000000000000000e+00
3.922590879048248524e+01 0.000000000000000000e+00
3.932597488433575705e+01 0.000000000000000000e+00
3.942604097818902886e+01 0.000000000000000000e+00
3.952610707204230067e+01 0.000000000000000000e+00
3.962617316589557248e+01 0.000000000000000000e+00
3.972623925974884429e+01 0.000000000000000000e+00
3.982630535360211610e+01 0.000000000000000000e+00
3.992637144745538791e+01 0.000000000000000000e+00
4.002643754130865972e+01 0.000000000000000000e+00
4.012650363516193153e+01 0.000000000000000000e+00
4.022656972901520334e+01 0.000000000000000000e+00
4.032663582286847515e+01 0.000000000000000000e+00
4.042670191672174695e+01 0.000000000000000000e+00
4.052676801057501876e+01 0.000000000000000000e+00
4.062683410442828347e+01 0.000000000000000000e+00
4.072690019828155528e+01 0.000000000000000000e+00
4.082696629213482709e+01 0.000000000000000000e+00
4.092703238598809889e+01 0.000000000000000000e+00
4.102709847984137070e+01 0.000000000000000000e+00
4.112716457369464251e+01 0.000000000000000000e+00
4.122723066754791432e+01 0.000000000000000000e+00
4.132729676140118613e+01 0.000000000000000000e+00
4.142736285525445794e+01 0.000000000000000000e+00
4.152742894910772975e+01 0.000000000000000000e+00
4.162749504296100156e+01 0.000000000000000000e+00
4.172756113681427337e+01 0.000000000000000000e+00
4.182762723066754518e+01 0.000000000000000000e+00
4.192769332452081699e+01 0.000000000000000000e+00
4.202775941837408880e+01 0.000000000000000000e+00
4.212782551222736060e+01 0.000000000000000000e+00
4.222789160608063241e+01 0.000000000000000000e+00
4.232795769993390422e+01 0.000000000000000000e+00
4.242802379378717603e+01 0.000000000000000000e+00
4.252808988764044784e+01 0.000000000000000000e+00
4.262815598149371965e+01 0.000000000000000000e+00
4.272822207534699146e+01 0.000000000000000000e+00
4.282828816920026327e+01 0.000000000000000000e+00
4.292835426305353508e+01 0.000000000000000000e+00
4.302842035690680689e+01 0.000000000000000000e+00
4.312848645076007870e+01 0.000000000000000000e+00
4.322855254461335051e+01 0.000000000000000000e+00
4.332861863846662231e+01 0.000000000000000000e+00
4.342868473231989412e+01 0.000000000000000000e+00
4.352875082617316593e+01 0.000000000000000000e+00
4.362881692002643774e+01 0.000000000000000000e+00
4.372888301387970955e+01 0.000000000000000000e+00
4.382894910773298136e+01 0.000000000000000000e+00
4.392901520158625317e+01 0.000000000000000000e+00
4.402908129543952498e+01 0.000000000000000000e+00
4.412914738929279679e+01 0.000000000000000000e+00
4.422921348314606860e+01 0.000000000000000000e+00
4.432927957699934041e+01 0.000000000000000000e+00
4.442934567085261222e+01 0.000000000000000000e+00
4.452941176470588402e+01 0.000000000000000000e+00
4.462947785855915583e+01 0.000000000000000000e+00
4.472954395241242764e+01 0.000000000000000000e+00
4.482961004626569945e+01 0.000000000000000000e+00
4.492967614011896416e+01 0.000000000000000000e+00
4.502974223397223597e+01 0.000000000000000000e+00
4.512980832782550777e+01 0.000000000000000000e+00
4.522987442167877958e+01 0.000000000000000000e+00
4.532994051553205139e+01 0.000000000000000000e+00
4.543000660938532320e+01 0.000000000000000000e+00
4.553007270323859501e+01 0.000000000000000000e+00
4.563013879709186682e+01 0.000000000000000000e+00
4.573020489094513863e+01 0.000000000000000000e+00
4.583027098479841044e+01 0.000000000000000000e+00
4.593033707865168225e+01 0.000000000000000000e+00
4.603040317250495406e+01 0.000000000000000000e+00
4.613046926635822587e+01 0.000000000000000000e+00
4.623053536021149768e+01 0.000000000000000000e+00
4.633060145406476948e+01 0.000000000000000000e+00
4.643066754791804129e+01 0.000000000000000000e+00
4.653073364177131310e+01 0.000000000000000000e+00
4.663079973562458491e+01 0.000000000000000000e+00
4.673086582947785672e+01 0.000000000000000000e+00
4.683093192333112853e+01 0.000000000000000000e+00
4.693099801718440034e+01 0.000000000000000000e+00
4.703106411103767215e+01 0.000000000000000000e+00
4.713113020489094396e+01 0.000000000000000000e+00
4.723119629874421577e+01 0.000000000000000000e+00
4.733126239259748758e+01 0.000000000000000000e+00
4.743132848645075939e+01 0.000000000000000000e+00
4.753139458030403119e+01 0.000000000000000000e+00
4.763146067415730300e+01 0.000000000000000000e+00
4.773152676801057481e+01 0.000000000000000000e+00
4.783159286186384662e+01 0.000000000000000000e+00
4.793165895571711843e+01 0.000000000000000000e+00
4.803172504957039024e+01 0.000000000000000000e+00
4.813179114342366205e+01 0.000000000000000000e+00
4.823185723727693386e+01 0.000000000000000000e+00
4.833192333113020567e+01 0.000000000000000000e+00
4.843198942498347748e+01 0.000000000000000000e+00
4.853205551883674929e+01 0.000000000000000000e+00
4.863212161269002110e+01 0.000000000000000000e+00
4.873218770654329290e+01 0.000000000000000000e+00
4.883225380039656471e+01 0.000000000000000000e+00
4.893231989424983652e+01 0.000000000000000000e+00
4.903238598810310833e+01 0.000000000000000000e+00
4.913245208195637304e+01 0.000000000000000000e+00
4.923251817580964484e+01 0.000000000000000000e+00
4.933258426966291665e+01 0.000000000000000000e+00
4.943265036351618846e+01 0.000000000000000000e+00
4.953271645736946027e+01 0.000000000000000000e+00
4.963278255122273208e+01 0.000000000000000000e+00
4.973284864507600389e+01 0.000000000000000000e+00
4.983291473892927570e+01 0.000000000000000000e+00
4.993298083278254751e+01 0.000000000000000000e+00
5.003304692663581932e+01 0.000000000000000000e+00
5.013311302048909113e+01 0.000000000000000000e+00
5.023317911434236294e+01 0.000000000000000000e+00
5.033324520819563475e+01 0.000000000000000000e+00
5.043331130204890655e+01 0.000000000000000000e+00
5.053337739590217836e+01 0.000000000000000000e+00
5.063344348975545017e+01 0.000000000000000000e+00
5.073350958360872198e+01 0.000000000000000000e+00
5.083357567746199379e+01 0.000000000000000000e+00
5.093364177131526560e+01 0.000000000000000000e+00
5.103370786516853741e+01 0.000000000000000000e+00
5.113377395902180922e+01 0.000000000000000000e+00
5.123384005287508103e+01 0.000000000000000000e+00
5.133390614672835284e+01 0.000000000000000000e+00
5.143397224058162465e+01 0.000000000000000000e+00
5.153403833443489646e+01 0.000000000000000000e+00
5.163410442828816826e+01 0.000000000000000000e+00
5.173417052214144007e+01 0.000000000000000000e+00
5.183423661599471188e+01 0.000000000000000000e+00
5.193430270984798369e+01 0.000000000000000000e+00
5.203436880370125550e+01 0.000000000000000000e+00
5.213443489755452731e+01 0.000000000000000000e+00
5.223450099140779912e+01 0.000000000000000000e+00
5.233456708526107093e+01 0.000000000000000000e+00
5.243463317911434274e+01 0.000000000000000000e+00
5.253469927296761455e+01 0.000000000000000000e+00
5.263476536682088636e+01 0.000000000000000000e+00
5.273483146067415817e+01 0.000000000000000000e+00
5.283489755452742997e+01 0.000000000000000000e+00
5.293496364838070178e+01 0.000000000000000000e+00
5.303502974223397359e+01 0.000000000000000000e+00
5.313509583608724540e+01 0.000000000000000000e+00
5.323516192994051721e+01 0.000000000000000000e+00
5.333522802379378902e+01 0.000000000000000000e+00
5.343529411764705372e+01 0.000000000000000000e+00
5.353536021150032553e+01 0.000000000000000000e+00
5.363542630535359734e+01 0.000000000000000000e+00
5.373549239920686915e+01 0.000000000000000000e+00
5.383555849306014096e+01 0.000000000000000000e+00
5.393562458691341277e+01 0.000000000000000000e+00
5.403569068076668458e+01 0.000000000000000000e+00
5.413575677461995639e+01 0.000000000000000000e+00
5.423582286847322820e+01 0.000000000000000000e+00
5.433588896232650001e+01 0.000000000000000000e+00
5.443595505617977182e+01 0.000000000000000000e+00
5.453602115003304363e+01 0.000000000000000000e+00
5.463608724388631543e+01 0.000000000000000000e+00
5.473615333773958724e+01 0.000000000000000000e+00
5.483621943159285905e+01 0.000000000000000000e+00
5.493628552544613086e+01 0.000000000000000000e+00
5.503635161929940267e+01 0.000000000000000000e+00
5.513641771315267448e+01 0.000000000000000000e+00
5.523648380700594629e+01 0.000000000000000000e+00
5.533654990085921810e+01 0.000000000000000000e+00
5.543661599471248991e+01 0.000000000000000000e+00
5.553668208856576172e+01 0.000000000000000000e+00
5.563674818241903353e+01 0.000000000000000000e+00
5.573681427627230534e+01 0.000000000000000000e+00
5.583688037012557714e+01 0.000000000000000000e+00
5.593694646397884895e+01 0.000000000000000000e+00
5.603701255783212076e+01 0.000000000000000000e+00
5.613707865168539257e+01 0.000000000000000000e+00
5.623714474553866438e+01 0.000000000000000000e+00
5.633721083939193619e+01 0.000000000000000000e+00
5.643727693324520800e+01 0.000000000000000000e+00
5.653734302709847981e+01 0.000000000000000000e+00
5.663740912095175162e+01 0.000000000000000000e+00
5.673747521480502343e+01 0.000000000000000000e+00
5.683754130865829524e+01 0.000000000000000000e+00
5.693760740251156705e+01 0.000000000000000000e+00
5.703767349636483885e+01 0.000000000000000000e+00
5.713773959021811066e+01 0.000000000000000000e+00
5.723780568407138247e+01 0.000000000000000000e+00
5.733787177792465428e+01 0.000000000000000000e+00
5.743793787177792609e+01 0.000000000000000000e+00
5.753800396563119790e+01 0.000000000000000000e+00
5.763807005948446260e+01 0.000000000000000000e+00
5.773813615333773441e+01 0.000000000000000000e+00
5.783820224719100622e+01 0.000000000000000000e+00
5.793826834104427803e+01 0.000000000000000000e+00
5.803833443489754984e+01 0.000000000000000000e+00
5.813840052875082165e+01 0.000000000000000000e+00
5.823846662260409346e+01 0.000000000000000000e+00
5.833853271645736527e+01 0.000000000000000000e+00
5.843859881031063708e+01 0.000000000000000000e+00
5.853866490416390889e+01 0.000000000000000000e+00
5.863873099801718070e+01 0.000000000000000000e+00
5.873879709187045250e+01 0.000000000000000000e+00
5.883886318572372431e+01 0.000000000000000000e+00
5.893892927957699612e+01 0.000000000000000000e+00
5.903899537343026793e+01 0.000000000000000000e+00
5.913906146728353974e+01 0.000000000000000000e+00
5.923912756113681155e+01 0.000000000000000000e+00
5.933919365499008336e+01 0.000000000000000000e+00
5.943925974884335517e+01 0.000000000000000000e+00
5.953932584269662698e+01 0.000000000000000000e+00
5.963939193654989879e+01 0.000000000000000000e+00
5.973945803040317060e+01 0.000000000000000000e+00
5.983952412425644241e+01 0.000000000000000000e+00
5.993959021810971421e+01 0.000000000000000000e+00
6.003965631196298602e+01 0.000000000000000000e+00
6.013972240581625783e+01 0.000000000000000000e+00
6.023978849966952964e+01 0.000000000000000000e+00
6.033985459352280145e+01 0.000000000000000000e+00
6.043992068737607326e+01 0.000000000000000000e+00
6.053998678122934507e+01 0.000000000000000000e+00
6.064005287508261688e+01 0.000000000000000000e+00
6.074011896893588869e+01 0.000000000000000000e+00
6.084018506278916050e+01 0.000000000000000000e+00
6.094025115664243231e+01 0.000000000000000000e+00
6.104031725049570412e+01 0.000000000000000000e+00
6.114038334434897592e+01 0.000000000000000000e+00
6.124044943820224773e+01 0.000000000000000000e+00
6.134051553205551954e+01 0.000000000000000000e+00
6.144058162590879135e+01 0.000000000000000000e+00
6.154064771976206316e+01 0.000000000000000000e+00
6.164071381361533497e+01 0.000000000000000000e+00
6.174077990746860678e+01 0.000000000000000000e+00
6.184084600132187859e+01 0.000000000000000000e+00
6.194091209517514329e+01 0.000000000000000000e+00
6.204097818902841510e+01 0.000000000000000000e+00
6.214104428288168691e+01 0.000000000000000000e+00
6.224111037673495872e+01 0.000000000000000000e+00
6.234117647058823053e+01 0.000000000000000000e+00
6.244124256444150234e+01 0.000000000000000000e+00
6.254130865829477415e+01 0.000000000000000000e+00
6.264137475214804596e+01 0.000000000000000000e+00
6.274144084600131777e+01 0.000000000000000000e+00
6.284150693985458958e+01 0.000000000000000000e+00
6.294157303370786138e+01 0.000000000000000000e+00
6.304163912756113319e+01 0.000000000000000000e+00
6.314170522141440500e+01 0.000000000000000000e+00
6.324177131526767681e+01 0.000000000000000000e+00
6.334183740912094862e+01 0.000000000000000000e+00
6.344190350297422043e+01 0.000000000000000000e+00
6.354196959682749224e+01 0.000000000000000000e+00
6.364203569068076405e+01 0.000000000000000000e+00
6.374210178453403586e+01 0.000000000000000000e+00
6.384216787838730767e+01 0.000000000000000000e+00
6.394223397224057948e+01 0.000000000000000000e+00
6.404230006609384418e+01 0.000000000000000000e+00
6.414236615994711599e+01 0.000000000000000000e+00
6.424243225380038780e+01 0.000000000000000000e+00
6.434249834765365961e+01 0.000000000000000000e+00
6.444256444150693142e+01 0.000000000000000000e+00
6.454263053536020323e+01 0.000000000000000000e+00
6.464269662921347503e+01 0.000000000000000000e+00
6.474276272306674684e+01 0.000000000000000000e+00
6.484282881692001865e+01 0.000000000000000000e+00
6.494289491077329046e+01 0.000000000000000000e+00
6.504296100462656227e+01 0.000000000000000000e+00
6.514302709847983408e+01 0.000000000000000000e+00
6.524309319233310589e+01 0.000000000000000000e+00
6.534315928618637770e+01 0.000000000000000000e+00
6.544322538003964951e+01 0.000000000000000000e+00
6.554329147389292132e+01 0.000000000000000000e+00
6.564335756774619313e+01 0.000000000000000000e+00
6.574342366159946494e+01 0.000000000000000000e+00
6.584348975545273674e+01 0.000000000000000000e+00
6.594355584930600855e+01 0.000000000000000000e+00
6.604362194315928036e+01 0.000000000000000000e+00
6.614368803701255217e+01 0.000000000000000000e+00
6.624375413086582398e+01 0.000000000000000000e+00
6.634382022471909579e+01 0.000000000000000000e+00
6.644388631857236760e+01 0.000000000000000000e+00
6.654395241242563941e+01 0.000000000000000000e+00
6.664401850627891122e+01 0.000000000000000000e+00
6.674408460013218303e+01 0.000000000000000000e+00
6.684415069398545484e+01 0.000000000000000000e+00
6.694421678783872665e+01 0.000000000000000000e+00
6.704428288169199845e+01 0.000000000000000000e+00
6.714434897554527026e+01 0.000000000000000000e+00
6.724441506939854207e+01 0.000000000000000000e+00
6.734448116325181388e+01 0.000000000000000000e+00
6.744454725710508569e+01 0.000000000000000000e+00
6.754461335095835750e+01 0.000000000000000000e+00
6.764467944481162931e+01 0.000000000000000000e+00
6.774474553866490112e+01 0.000000000000000000e+00
6.784481163251817293e+01 0.000000000000000000e+00
6.794487772637144474e+01 0.000000000000000000e+00
6.804494382022471655e+01 0.000000000000000000e+00
6.814500991407798836e+01 0.000000000000000000e+00
6.824507600793126016e+01 0.000000000000000000e+00
6.834514210178453197e+01 0.000000000000000000e+00
6.844520819563780378e+01 0.000000000000000000e+00
6.854527428949107559e+01 0.000000000000000000e+00
6.864534038334434740e+01 0.000000000000000000e+00
6.874540647719761921e+01 0.000000000000000000e+00
6.884547257105089102e+01 0.000000000000000000e+00
6.894553866490416283e+01 0.000000000000000000e+00
6.904560475875743464e+01 0.000000000000000000e+00
6.914567085261070645e+01 0.000000000000000000e+00
6.924573694646397826e+01 0.000000000000000000e+00
6.934580304031725007e+01 0.000000000000000000e+00
6.944586913417052187e+01 0.000000000000000000e+00
6.954593522802379368e+01 0.000000000000000000e+00
6.964600132187706549e+01 0.000000000000000000e+00
6.974606741573033730e+01 0.000000000000000000e+00
6.984613350958360911e+01 0.000000000000000000e+00
6.994619960343688092e+01 0.000000000000000000e+00
7.004626569729015273e+01 0.000000000000000000e+00
7.014633179114342454e+01 0.000000000000000000e+00
7.024639788499669635e+01 0.000000000000000000e+00
7.034646397884996816e+01 0.000000000000000000e+00
7.044653007270323997e+01 0.000000000000000000e+00
7.054659616655651178e+01 0.000000000000000000e+00
7.064666226040978358e+01 0.000000000000000000e+00
7.074672835426305539e+01 0.000000000000000000e+00
7.084679444811632720e+01 0.000000000000000000e+00
7.094686054196959901e+01 0.000000000000000000e+00
7.104692663582287082e+01 0.000000000000000000e+00
7.114699272967614263e+01 0.000000000000000000e+00
7.124705882352941444e+01 0.000000000000000000e+00
7.134712491738268625e+01 0.000000000000000000e+00
7.144719101123595806e+01 0.000000000000000000e+00
7.154725710508922987e+01 0.000000000000000000e+00
7.164732319894250168e+01 0.000000000000000000e+00
7.174738929279577349e+01 0.000000000000000000e+00
7.184745538664904529e+01 0.000000000000000000e+00
7.194752148050231710e+01 0.000000000000000000e+00
7.204758757435558891e+01 0.000000000000000000e+00
7.214765366820886072e+01 0.000000000000000000e+00
7.224771976206213253e+01 0.000000000000000000e+00
7.234778585591540434e+01 0.000000000000000000e+00
7.244785194976867615e+01 0.000000000000000000e+00
7.254791804362194796e+01 0.000000000000000000e+00
7.264798413747520556e+01 0.000000000000000000e+00
7.274805023132847737e+01 0.000000000000000000e+00
7.284811632518174918e+01 0.000000000000000000e+00
7.294818241903502098e+01 0.000000000000000000e+00
7.304824851288829279e+01 0.000000000000000000e+00
7.314831460674156460e+01 0.000000000000000000e+00
7.324838070059483641e+01 0.000000000000000000e+00
7.334844679444810822e+01 0.000000000000000000e+00
7.344851288830138003e+01 0.000000000000000000e+00
7.354857898215465184e+01 0.000000000000000000e+00
7.364864507600792365e+01 0.000000000000000000e+00
7.374871116986119546e+01 0.000000000000000000e+00
7.384877726371446727e+01 0.000000000000000000e+00
7.394884335756773908e+01 0.000000000000000000e+00
7.404890945142101089e+01 0.000000000000000000e+00
7.414897554527428269e+01 0.000000000000000000e+00
7.424904163912755450e+01 0.000000000000000000e+00
7.434910773298082631e+01 0.000000000000000000e+00
7.444917382683409812e+01 0.000000000000000000e+00
7.454923992068736993e+01 0.000000000000000000e+00
7.464930601454064174e+01 0.000000000000000000e+00
7.474937210839391355e+01 0.000000000000000000e+00
7.484943820224718536e+01 0.000000000000000000e+00
7.494950429610045717e+01 0.000000000000000000e+00
7.504957038995372898e+01 0.000000000000000000e+00
7.514963648380700079e+01 0.000000000000000000e+00
7.524970257766027260e+01 0.000000000000000000e+00
7.534976867151354440e+01 0.000000000000000000e+00
7.544983476536681621e+01 0.000000000000000000e+00
7.554990085922008802e+01 0.000000000000000000e+00
7.564996695307335983e+01 0.000000000000000000e+00
7.575003304692663164e+01 0.000000000000000000e+00
7.585009914077990345e+01 0.000000000000000000e+00
7.595016523463317526e+01 0.000000000000000000e+00
7.605023132848644707e+01 0.000000000000000000e+00
7.615029742233971888e+01 0.000000000000000000e+00
7.625036351619299069e+01 0.000000000000000000e+00
7.635042961004626250e+01 0.000000000000000000e+00
7.645049570389953431e+01 0.000000000000000000e+00
7.655056179775280611e+01 0.000000000000000000e+00
7.665062789160607792e+01 0.000000000000000000e+00
7.675069398545934973e+01 0.000000000000000000e+00
7.685076007931262154e+01 0.000000000000000000e+00
7.695082617316589335e+01 0.000000000000000000e+00
7.705089226701916516e+01 0.000000000000000000e+00
7.715095836087243697e+01 0.000000000000000000e+00
7.725102445472570878e+01 0.000000000000000000e+00
7.735109054857898059e+01 0.000000000000000000e+00
7.745115664243225240e+01 0.000000000000000000e+00
7.755122273628552421e+01 0.000000000000000000e+00
7.765128883013879602e+01 0.000000000000000000e+00
7.775135492399206782e+01 0.000000000000000000e+00
7.785142101784533963e+01 0.000000000000000000e+00
7.795148711169861144e+01 0.000000000000000000e+00
7.805155320555188325e+01 0.000000000000000000e+00
7.815161929940515506e+01 0.000000000000000000e+00
7.825168539325842687e+01 0.000000000000000000e+00
7.835175148711169868e+01 0.000000000000000000e+00
7.845181758096497049e+01 0.000000000000000000e+00
7.855188367481824230e+01 0.000000000000000000e+00
7.865194976867151411e+01 0.000000000000000000e+00
7.875201586252478592e+01 0.000000000000000000e+00
7.885208195637805773e+01 0.000000000000000000e+00
7.895214805023132953e+01 0.000000000000000000e+00
7.905221414408460134e+01 0.000000000000000000e+00
7.915228023793787315e+01 0.000000000000000000e+00
7.925234633179114496e+01 0.000000000000000000e+00
7.935241242564441677e+01 0.000000000000000000e+00
7.945247851949768858e+01 0.000000000000000000e+00
7.955254461335096039e+01 0.000000000000000000e+00
7.965261070720423220e+01 0.000000000000000000e+00
7.975267680105750401e+01 0.000000000000000000e+00
7.985274289491077582e+01 0.000000000000000000e+00
7.995280898876404763e+01 0.000000000000000000e+00
8.005287508261731944e+01 0.000000000000000000e+00
8.015294117647059124e+01 0.000000000000000000e+00
8.025300727032386305e+01 0.000000000000000000e+00
8.035307336417713486e+01 0.000000000000000000e+00
8.045313945803040667e+01 0.000000000000000000e+00
8.055320555188367848e+01 0.000000000000000000e+00
8.065327164573695029e+01 0.000000000000000000e+00
8.075333773959022210e+01 0.000000000000000000e+00
8.085340383344349391e+01 0.000000000000000000e+00
8.095346992729676572e+01 0.000000000000000000e+00
8.105353602115003753e+01 0.000000000000000000e+00
8.115360211500329513e+01 0.000000000000000000e+00
8.125366820885656693e+01 0.000000000000000000e+00
8.135373430270983874e+01 0.000000000000000000e+00
8.145380039656311055e+01 0.000000000000000000e+00
8.155386649041638236e+01 0.000000000000000000e+00
8.165393258426965417e+01 0.000000000000000000e+00
8.175399867812292598e+01 0.000000000000000000e+00
8.185406477197619779e+01 0.000000000000000000e+00
8.195413086582946960e+01 0.000000000000000000e+00
8.205419695968274141e+01 0.000000000000000000e+00
8.215426305353601322e+01 0.000000000000000000e+00
8.225432914738928503e+01 0.000000000000000000e+00
8.235439524124255684e+01 0.000000000000000000e+00
8.245446133509582864e+01 0.000000000000000000e+00
8.255452742894910045e+01 0.000000000000000000e+00
8.265459352280237226e+01 0.000000000000000000e+00
8.275465961665564407e+01 0.000000000000000000e+00
8.285472571050891588e+01 0.000000000000000000e+00
8.295479180436218769e+01 0.000000000000000000e+00
8.305485789821545950e+01 0.000000000000000000e+00
8.315492399206873131e+01 0.000000000000000000e+00
8.325499008592200312e+01 0.000000000000000000e+00
8.335505617977527493e+01 0.000000000000000000e+00
8.345512227362854674e+01 0.000000000000000000e+00
8.355518836748181855e+01 0.000000000000000000e+00
8.365525446133509035e+01 0.000000000000000000e+00
8.375532055518836216e+01 0.000000000000000000e+00
8.385538664904163397e+01 0.000000000000000000e+00
8.395545274289490578e+01 0.000000000000000000e+00
8.405551883674817759e+01 0.000000000000000000e+00
8.415558493060144940e+01 0.000000000000000000e+00
8.425565102445472121e+01 0.000000000000000000e+00
8.435571711830799302e+01 0.000000000000000000e+00
8.445578321216126483e+01 0.000000000000000000e+00
8.455584930601453664e+01 0.000000000000000000e+00
8.465591539986780845e+01 0.000000000000000000e+00
8.475598149372108026e+01 0.000000000000000000e+00
8.485604758757435206e+01 0.000000000000000000e+00
8.495611368142762387e+01 0.000000000000000000e+00
8.505617977528089568e+01 0.000000000000000000e+00
8.515624586913416749e+01 0.000000000000000000e+00
8.525631196298743930e+01 0.000000000000000000e+00
8.535637805684071111e+01 0.000000000000000000e+00
8.545644415069398292e+01 0.000000000000000000e+00
8.555651024454725473e+01 0.000000000000000000e+00
8.565657633840052654e+01 0.000000000000000000e+00
8.575664243225379835e+01 0.000000000000000000e+00
8.585670852610707016e+01 0.000000000000000000e+00
8.595677461996034197e+01 0.000000000000000000e+00
8.605684071381361377e+01 0.000000000000000000e+00
8.615690680766688558e+01 0.000000000000000000e+00
8.625697290152015739e+01 0.000000000000000000e+00
8.635703899537342920e+01 0.000000000000000000e+00
8.645710508922670101e+01 0.000000000000000000e+00
8.655717118307997282e+01 0.000000000000000000e+00
8.665723727693324463e+01 0.000000000000000000e+00
8.675730337078651644e+01 0.000000000000000000e+00
8.685736946463978825e+01 0.000000000000000000e+00
8.695743555849306006e+01 0.000000000000000000e+00
8.705750165234633187e+01 0.000000000000000000e+00
8.715756774619960368e+01 0.000000000000000000e+00
8.725763384005287548e+01 0.000000000000000000e+00
8.735769993390614729e+01 0.000000000000000000e+00
8.745776602775941910e+01 0.000000000000000000e+00
8.755783212161269091e+01 0.000000000000000000e+00
8.765789821546596272e+01 0.000000000000000000e+00
8.775796430931923453e+01 0.000000000000000000e+00
8.785803040317250634e+01 0.000000000000000000e+00
8.795809649702577815e+01 0.000000000000000000e+00
8.805816259087904996e+01 0.000000000000000000e+00
8.815822868473232177e+01 0.000000000000000000e+00
8.825829477858559358e+01 0.000000000000000000e+00
8.835836087243886539e+01 0.000000000000000000e+00
8.845842696629213719e+01 0.000000000000000000e+00
8.855849306014540900e+01 0.000000000000000000e+00
8.865855915399868081e+01 0.000000000000000000e+00
8.875862524785195262e+01 0.000000000000000000e+00
8.885869134170522443e+01 0.000000000000000000e+00
8.895875743555849624e+01 0.000000000000000000e+00
8.905882352941176805e+01 0.000000000000000000e+00
8.915888962326503986e+01 0.000000000000000000e+00
8.925895571711831167e+01 0.000000000000000000e+00
8.935902181097158348e+01 0.000000000000000000e+00
8.945908790482485529e+01 0.000000000000000000e+00
8.955915399867812710e+01 0.000000000000000000e+00
8.965922009253139890e+01 0.000000000000000000e+00
8.975928618638465650e+01 0.000000000000000000e+00
8.985935228023792831e+01 0.000000000000000000e+00
8.995941837409120012e+01 0.000000000000000000e+00
9.005948446794447193e+01 0.000000000000000000e+00
9.015955056179774374e+01 0.000000000000000000e+00
9.025961665565101555e+01 0.000000000000000000e+00
9.035968274950428736e+01 0.000000000000000000e+00
9.045974884335755917e+01 0.000000000000000000e+00
9.055981493721083098e+01 0.000000000000000000e+00
9.065988103106410279e+01 0.000000000000000000e+00
9.075994712491737459e+01 0.000000000000000000e+00
9.086001321877064640e+01 0.000000000000000000e+00
9.096007931262391821e+01 0.000000000000000000e+00
9.106014540647719002e+01 0.000000000000000000e+00
9.116021150033046183e+01 0.000000000000000000e+00
9.126027759418373364e+01 0.000000000000000000e+00
9.136034368803700545e+01 0.000000000000000000e+00
9.146040978189027726e+01 0.000000000000000000e+00
9.156047587574354907e+01 0.000000000000000000e+00
9.166054196959682088e+01 0.000000000000000000e+00
9.176060806345009269e+01 0.000000000000000000e+00
9.186067415730336450e+01 0.000000000000000000e+00
9.196074025115663630e+01 0.000000000000000000e+00
9.206080634500990811e+01 0.000000000000000000e+00
9.216087243886317992e+01 0.000000000000000000e+00
9.226093853271645173e+01 0.000000000000000000e+00
9.236100462656972354e+01 0.000000000000000000e+00
9.246107072042299535e+01 0.000000000000000000e+00
9.256113681427626716e+01 0.000000000000000000e+00
9.266120290812953897e+01 0.000000000000000000e+00
9.276126900198281078e+01 0.000000000000000000e+00
9.286133509583608259e+01 0.000000000000000000e+00
9.296140118968935440e+01 0.000000000000000000e+00
9.306146728354262621e+01 0.000000000000000000e+00
9.316153337739589801e+01 0.000000000000000000e+00
9.326159947124916982e+01 0.000000000000000000e+00
9.336166556510244163e+01 0.000000000000000000e+00
9.346173165895571344e+01 0.000000000000000000e+00
9.356179775280898525e+01 0.000000000000000000e+00
9.366186384666225706e+01 0.000000000000000000e+00
9.376192994051552887e+01 0.000000000000000000e+00
9.386199603436880068e+01 0.000000000000000000e+00
9.396206212822207249e+01 0.000000000000000000e+00
9.406212822207534430e+01 0.000000000000000000e+00
9.416219431592861611e+01 0.000000000000000000e+00
9.426226040978188792e+01 0.000000000000000000e+00
9.436232650363515972e+01 0.000000000000000000e+00
9.446239259748843153e+01 0.000000000000000000e+00
9.456245869134170334e+01 0.000000000000000000e+00
9.466252478519497515e+01 0.000000000000000000e+00
9.476259087904824696e+01 0.000000000000000000e+00
9.486265697290151877e+01 0.000000000000000000e+00
9.496272306675479058e+01 0.000000000000000000e+00
9.506278916060806239e+01 0.000000000000000000e+00
9.516285525446133420e+01 0.000000000000000000e+00
9.526292134831460601e+01 0.000000000000000000e+00
9.536298744216787782e+01 0.000000000000000000e+00
9.546305353602114963e+01 0.000000000000000000e+00
9.556311962987442143e+01 0.000000000000000000e+00
9.566318572372769324e+01 0.000000000000000000e+00
9.576325181758096505e+01 0.000000000000000000e+00
9.586331791143423686e+01 0.000000000000000000e+00
9.596338400528750867e+01 0.000000000000000000e+00
9.606345009914078048e+01 0.000000000000000000e+00
9.616351619299405229e+01 0.000000000000000000e+00
9.626358228684732410e+01 0.000000000000000000e+00
9.636364838070059591e+01 0.000000000000000000e+00
9.646371447455386772e+01 0.000000000000000000e+00
9.656378056840713953e+01 0.000000000000000000e+00
9.666384666226041134e+01 0.000000000000000000e+00
9.676391275611368314e+01 0.000000000000000000e+00
9.686397884996695495e+01 0.000000000000000000e+00
9.696404494382022676e+01 0.000000000000000000e+00
9.706411103767349857e+01 0.000000000000000000e+00
9.716417713152677038e+01 0.000000000000000000e+00
9.726424322538004219e+01 0.000000000000000000e+00
9.736430931923331400e+01 0.000000000000000000e+00
9.746437541308658581e+01 0.000000000000000000e+00
9.756444150693985762e+01 0.000000000000000000e+00
9.766450760079312943e+01 0.000000000000000000e+00
9.776457369464640124e+01 0.000000000000000000e+00
9.786463978849967305e+01 0.000000000000000000e+00
9.796470588235294485e+01 0.000000000000000000e+00
9.806477197620621666e+01 0.000000000000000000e+00
9.816483807005948847e+01 0.000000000000000000e+00
9.826490416391274607e+01 0.000000000000000000e+00
9.836497025776601788e+01 0.000000000000000000e+00
9.846503635161928969e+01 0.000000000000000000e+00
9.856510244547256150e+01 0.000000000000000000e+00
9.866516853932583331e+01 0.000000000000000000e+00
9.876523463317910512e+01 0.000000000000000000e+00
9.886530072703237693e+01 0.000000000000000000e+00
9.896536682088564874e+01 0.000000000000000000e+00
9.906543291473892054e+01 0.000000000000000000e+00
9.916549900859219235e+01 0.000000000000000000e+00
9.926556510244546416e+01 0.000000000000000000e+00
9.936563119629873597e+01 0.000000000000000000e+00
9.946569729015200778e+01 0.000000000000000000e+00
9.956576338400527959e+01 0.000000000000000000e+00
9.966582947785855140e+01 0.000000000000000000e+00
9.976589557171182321e+01 0.000000000000000000e+00
9.986596166556509502e+01 0.000000000000000000e+00
9.996602775941836683e+01 0.000000000000000000e+00
1.000660938532716386e+02 0.000000000000000000e+00
1.001661599471249104e+02 0.000000000000000000e+00
1.002662260409781823e+02 0.000000000000000000e+00
1.003662921348314541e+02 0.000000000000000000e+00
1.004663582286847259e+02 0.000000000000000000e+00
1.005664243225379977e+02 0.000000000000000000e+00
1.006664904163912695e+02 0.000000000000000000e+00
1.007665565102445413e+02 0.000000000000000000e+00
1.008666226040978131e+02 0.000000000000000000e+00
1.009666886979510849e+02 0.000000000000000000e+00
1.010667547918043567e+02 0.000000000000000000e+00
1.011668208856576285e+02 0.000000000000000000e+00
1.012668869795109003e+02 0.000000000000000000e+00
1.013669530733641722e+02 0.000000000000000000e+00
1.014670191672174440e+02 0.000000000000000000e+00
1.015670852610707158e+02 0.000000000000000000e+00
1.016671513549239876e+02 0.000000000000000000e+00
1.017672174487772594e+02 0.000000000000000000e+00
1.018672835426305312e+02 0.000000000000000000e+00
1.019673496364838030e+02 0.000000000000000000e+00
1.020674157303370748e+02 0.000000000000000000e+00
1.021674818241903466e+02 0.000000000000000000e+00
1.022675479180436184e+02 0.000000000000000000e+00
1.023676140118968902e+02 0.000000000000000000e+00
1.024676801057501621e+02 0.000000000000000000e+00
1.025677461996034339e+02 0.000000000000000000e+00
1.026678122934567057e+02 0.000000000000000000e+00
1.027678783873099775e+02 0.000000000000000000e+00
1.028679444811632493e+02 0.000000000000000000e+00
1.029680105750165211e+02 0.000000000000000000e+00
1.030680766688697929e+02 0.000000000000000000e+00
1.031681427627230647e+02 0.000000000000000000e+00
1.032682088565763365e+02 0.000000000000000000e+00
1.033682749504296083e+02 0.000000000000000000e+00
1.034683410442828801e+02 0.000000000000000000e+00
1.035684071381361520e+02 0.000000000000000000e+00
1.036684732319894238e+02 0.000000000000000000e+00
1.037685393258426956e+02 0.000000000000000000e+00
1.038686054196959674e+02 0.000000000000000000e+00
1.039686715135492392e+02 0.000000000000000000e+00
1.040687376074025110e+02 0.000000000000000000e+00
1.041688037012557828e+02 0.000000000000000000e+00
1.042688697951090546e+02 0.000000000000000000e+00
1.043689358889623264e+02 0.000000000000000000e+00
1.044690019828155982e+02 0.000000000000000000e+00
1.045690680766688700e+02 0.000000000000000000e+00
1.046691341705221419e+02 0.000000000000000000e+00
1.047692002643754137e+02 0.000000000000000000e+00
1.048692663582286855e+02 0.000000000000000000e+00
1.049693324520819573e+02 0.000000000000000000e+00
1.050693985459352291e+02 0.000000000000000000e+00
1.051694646397885009e+02 0.000000000000000000e+00
1.052695307336417727e+02 0.000000000000000000e+00
1.053695968274950445e+02 0.000000000000000000e+00
1.054696629213483163e+02 0.000000000000000000e+00
1.055697290152015881e+02 0.000000000000000000e+00
1.056697951090548599e+02 0.000000000000000000e+00
1.057698612029081318e+02 0.000000000000000000e+00
1.058699272967614036e+02 0.000000000000000000e+00
1.059699933906146754e+02 0.000000000000000000e+00
1.060700594844679472e+02 0.000000000000000000e+00
1.061701255783212190e+02 0.000000000000000000e+00
1.062701916721744908e+02 0.000000000000000000e+00
1.063702577660277626e+02 0.000000000000000000e+00
1.064703238598810344e+02 0.000000000000000000e+00
1.065703899537343062e+02 0.000000000000000000e+00
1.066704560475875780e+02 0.000000000000000000e+00
1.067705221414408356e+02 0.000000000000000000e+00
1.068705882352941074e+02 0.000000000000000000e+00
1.069706543291473793e+02 0.000000000000000000e+00
1.070707204230006511e+02 0.000000000000000000e+00
1.071707865168539229e+02 0.000000000000000000e+00
1.072708526107071947e+02 0.000000000000000000e+00
1.073709187045604665e+02 0.000000000000000000e+00
1.074709847984137383e+02 0.000000000000000000e+00
1.075710508922670101e+02 0.000000000000000000e+00
1.076711169861202819e+02 0.000000000000000000e+00
1.077711830799735537e+02 0.000000000000000000e+00
1.078712491738268255e+02 0.000000000000000000e+00
1.079713152676800973e+02 0.000000000000000000e+00
1.080713813615333692e+02 0.000000000000000000e+00
1.081714474553866410e+02 0.000000000000000000e+00
1.082715135492399128e+02 0.000000000000000000e+00
1.083715796430931846e+02 0.000000000000000000e+00
1.084716457369464564e+02 0.000000000000000000e+00
1.085717118307997282e+02 0.000000000000000000e+00
1.086717779246530000e+02 0.000000000000000000e+00
1.087718440185062718e+02 0.000000000000000000e+00
1.088719101123595436e+02 0.000000000000000000e+00
1.089719762062128154e+02 0.000000000000000000e+00
1.090720423000660873e+02 0.000000000000000000e+00
1.091721083939193591e+02 0.000000000000000000e+00
1.092721744877726309e+02 0.000000000000000000e+00
1.093722405816259027e+02 0.000000000000000000e+00
1.094723066754791745e+02 0.000000000000000000e+00
1.095723727693324463e+02 0.000000000000000000e+00
1.096724388631857181e+02 0.000000000000000000e+00
1.097725049570389899e+02 0.000000000000000000e+00
1.098725710508922617e+02 0.000000000000000000e+00
1.099726371447455335e+02 0.000000000000000000e+00
1.100727032385988053e+02 0.000000000000000000e+00
1.101727693324520772e+02 0.000000000000000000e+00
1.102728354263053490e+02 0.000000000000000000e+00
1.103729015201586208e+02 0.000000000000000000e+00
1.104729676140118926e+02 0.000000000000000000e+00
1.105730337078651644e+02 0.000000000000000000e+00
1.106730998017184362e+02 0.000000000000000000e+00
1.107731658955717080e+02 0.000000000000000000e+00
1.108732319894249798e+02 0.000000000000000000e+00
1.109732980832782516e+02 0.000000000000000000e+00
1.110733641771315234e+02 0.000000000000000000e+00
1.111734302709847952e+02 0.000000000000000000e+00
1.112734963648380671e+02 0.000000000000000000e+00
1.113735624586913389e+02 0.000000000000000000e+00
1.114736285525446107e+02 0.000000000000000000e+00
1.115736946463978825e+02 0.000000000000000000e+00
1.116737607402511543e+02 0.000000000000000000e+00
1.117738268341044261e+02 0.000000000000000000e+00
1.118738929279576979e+02 0.000000000000000000e+00
1.119739590218109697e+02 0.000000000000000000e+00
1.120740251156642415e+02 0.000000000000000000e+00
1.121740912095175133e+02 0.000000000000000000e+00
1.122741573033707851e+02 0.000000000000000000e+00
1.123742233972240570e+02 0.000000000000000000e+00
1.124742894910773288e+02 0.000000000000000000e+00
1.125743555849306006e+02 0.000000000000000000e+00
1.126744216787838724e+02 0.000000000000000000e+00
1.127744877726371442e+02 0.000000000000000000e+00
1.128745538664904160e+02 0.000000000000000000e+00
1.129746199603436878e+02 0.000000000000000000e+00
1.130746860541969596e+02 0.000000000000000000e+00
1.131747521480502314e+02 0.000000000000000000e+00
1.132748182419035032e+02 0.000000000000000000e+00
1.133748843357567750e+02 0.000000000000000000e+00
1.134749504296100469e+02 0.000000000000000000e+00
1.135750165234633187e+02 0.000000000000000000e+00
1.136750826173165905e+02 0.000000000000000000e+00
1.137751487111698623e+02 0.000000000000000000e+00
1.138752148050231341e+02 0.000000000000000000e+00
1.139752808988764059e+02 0.000000000000000000e+00
1.140753469927296777e+02 0.000000000000000000e+00
1.141754130865829495e+02 0.000000000000000000e+00
1.142754791804362213e+02 0.000000000000000000e+00
1.143755452742894931e+02 0.000000000000000000e+00
1.144756113681427649e+02 0.000000000000000000e+00
1.145756774619960368e+02 0.000000000000000000e+00
1.146757435558493086e+02 0.000000000000000000e+00
1.147758096497025804e+02 0.000000000000000000e+00
1.148758757435558522e+02 0.000000000000000000e+00
1.149759418374091240e+02 0.000000000000000000e+00
1.150760079312623958e+02 0.000000000000000000e+00
1.151760740251156676e+02 0.000000000000000000e+00
1.152761401189689252e+02 0.000000000000000000e+00
1.153762062128221970e+02 0.000000000000000000e+00
1.154762723066754688e+02 0.000000000000000000e+00
1.155763384005287406e+02 0.000000000000000000e+00
1.156764044943820124e+02 0.000000000000000000e+00
1.157764705882352843e+02 0.000000000000000000e+00
1.158765366820885561e+02 0.000000000000000000e+00
1.159766027759418279e+02 0.000000000000000000e+00
1.160766688697950997e+02 0.000000000000000000e+00
1.161767349636483715e+02 0.000000000000000000e+00
1.162768010575016433e+02 0.000000000000000000e+00
1.163768671513549151e+02 0.000000000000000000e+00
1.164769332452081869e+02 0.000000000000000000e+00
1.165769993390614587e+02 0.000000000000000000e+00
1.166770654329147305e+02 0.000000000000000000e+00
1.167771315267680023e+02 0.000000000000000000e+00
1.168771976206212742e+02 0.000000000000000000e+00
1.169772637144745460e+02 0.000000000000000000e+00
1.170773298083278178e+02 0.000000000000000000e+00
1.171773959021810896e+02 0.000000000000000000e+00
1.172774619960343614e+02 0.000000000000000000e+00
1.173775280898876332e+02 0.000000000000000000e+00
1.174775941837409050e+02 0.000000000000000000e+00
1.175776602775941768e+02 0.000000000000000000e+00
1.176777263714474486e+02 0.000000000000000000e+00
1.177777924653007204e+02 0.000000000000000000e+00
1.178778585591539922e+02 0.000000000000000000e+00
1.179779246530072641e+02 0.000000000000000000e+00
1.180779907468605359e+02 0.000000000000000000e+00
1.181780568407138077e+02 0.000000000000000000e+00
1.182781229345670795e+02 0.000000000000000000e+00
1.183781890284203513e+02 0.000000000000000000e+00
1.184782551222736231e+02 0.000000000000000000e+00
1.185783212161268949e+02 0.000000000000000000e+00
1.186783873099801667e+02 0.000000000000000000e+00
1.187784534038334385e+02 0.000000000000000000e+00
1.188785194976867103e+02 0.000000000000000000e+00
1.189785855915399821e+02 0.000000000000000000e+00
1.190786516853932540e+02 0.000000000000000000e+00
1.191787177792465258e+02 0.000000000000000000e+00
1.192787838730997976e+02 0.000000000000000000e+00
1.193788499669530694e+02 0.000000000000000000e+00
1.194789160608063412e+02 0.000000000000000000e+00
1.195789821546596130e+02 0.000000000000000000e+00
1.196790482485128848e+02 0.000000000000000000e+00
1.197791143423661566e+02 0.000000000000000000e+00
1.198791804362194284e+02 0.000000000000000000e+00
1.199792465300727002e+02 0.000000000000000000e+00
1.200793126239259720e+02 0.000000000000000000e+00
1.201793787177792439e+02 0.000000000000000000e+00
1.202794448116325157e+02 0.000000000000000000e+00
1.203795109054857875e+02 0.000000000000000000e+00
1.204795769993390593e+02 0.000000000000000000e+00
1.205796430931923311e+02 0.000000000000000000e+00
1.206797091870456029e+02 0.000000000000000000e+00
1.207797752808988747e+02 0.000000000000000000e+00
1.208798413747521465e+02 0.000000000000000000e+00
1.209799074686054183e+02 0.000000000000000000e+00
1.210799735624586901e+02 0.000000000000000000e+00
1.211800396563119619e+02 0.000000000000000000e+00
1.212801057501652338e+02 0.000000000000000000e+00
1.213801718440185056e+02 0.000000000000000000e+00
1.214802379378717774e+02 0.000000000000000000e+00
1.215803040317250492e+02 0.000000000000000000e+00
1.216803701255783210e+02 0.000000000000000000e+00
1.217804362194315928e+02 0.000000000000000000e+00
1.218805023132848646e+02 0.000000000000000000e+00
1.219805684071381364e+02 0.000000000000000000e+00
1.220806345009914082e+02 0.000000000000000000e+00
1.221807005948446800e+02 0.000000000000000000e+00
1.222807666886979518e+02 0.000000000000000000e+00
1.223808327825512237e+02 0.000000000000000000e+00
1.224808988764044955e+02 0.000000000000000000e+00
1.225809649702577673e+02 0.000000000000000000e+00
1.226810310641110391e+02 0.000000000000000000e+00
1.227810971579643109e+02 0.000000000000000000e+00
1.228811632518175827e+02 0.000000000000000000e+00
1.229812293456708545e+02 0.000000000000000000e+00
1.230812954395241263e+02 0.000000000000000000e+00
1.231813615333773981e+02 0.000000000000000000e+00
1.232814276272306699e+02 0.000000000000000000e+00
1.233814937210839418e+02 0.000000000000000000e+00
1.234815598149372136e+02 0.000000000000000000e+00
1.235816259087904854e+02 0.000000000000000000e+00
1.236816920026437572e+02 0.000000000000000000e+00
1.237817580964970290e+02 0.000000000000000000e+00
1.238818241903502866e+02 0.000000000000000000e+00
1.239818902842035584e+02 0.000000000000000000e+00
1.240819563780568302e+02 0.000000000000000000e+00
1.241820224719101020e+02 0.000000000000000000e+00
1.242820885657633738e+02 0.000000000000000000e+00
1.243821546596166456e+02 0.000000000000000000e+00
1.244822207534699174e+02 0.000000000000000000e+00
1.245822868473231892e+02 0.000000000000000000e+00
1.246823529411764611e+02 0.000000000000000000e+00
1.247824190350297329e+02 0.000000000000000000e+00
1.248824851288830047e+02 0.000000000000000000e+00
1.249825512227362765e+02 0.000000000000000000e+00
1.250826173165895483e+02 0.000000000000000000e+00
1.251826834104428201e+02 0.000000000000000000e+00
1.252827495042960919e+02 0.000000000000000000e+00
1.253828155981493637e+02 0.000000000000000000e+00
1.254828816920026355e+02 0.000000000000000000e+00
1.255829477858559073e+02 0.000000000000000000e+00
1.256830138797091792e+02 0.000000000000000000e+00
1.257830799735624510e+02 0.000000000000000000e+00
1.258831460674157228e+02 0.000000000000000000e+00
1.259832121612689946e+02 0.000000000000000000e+00
1.260832782551222664e+02 0.000000000000000000e+00
1.261833443489755382e+02 0.000000000000000000e+00
1.262834104428288100e+02 0.000000000000000000e+00
1.263834765366820818e+02 0.000000000000000000e+00
1.264835426305353536e+02 0.000000000000000000e+00
1.265836087243886254e+02 0.000000000000000000e+00
1.266836748182418972e+02 0.000000000000000000e+00
1.267837409120951691e+02 0.000000000000000000e+00
1.268838070059484409e+02 0.000000000000000000e+00
1.269838730998017127e+02 0.000000000000000000e+00
1.270839391936549845e+02 0.000000000000000000e+00
1.271840052875082563e+02 0.000000000000000000e+00
1.272840713813615281e+02 0.000000000000000000e+00
1.273841374752147999e+02 0.000000000000000000e+00
1.274842035690680717e+02 0.000000000000000000e+00
1.275842696629213435e+02 0.000000000000000000e+00
1.276843357567746153e+02 0.000000000000000000e+00
1.277844018506278871e+02 0.000000000000000000e+00
1.278844679444811590e+02 0.000000000000000000e+00
1.279845340383344308e+02 0.000000000000000000e+00
1.280846001321876884e+02 0.000000000000000000e+00
1.281846662260409744e+02 0.000000000000000000e+00
1.282847323198942320e+02 0.000000000000000000e+00
1.283847984137475180e+02 0.000000000000000000e+00
1.284848645076007756e+02 0.000000000000000000e+00
1.285849306014540616e+02 0.000000000000000000e+00
1.286849966953073192e+02 0.000000000000000000e+00
1.287850627891606052e+02 0.000000000000000000e+00
1.288851288830138628e+02 0.000000000000000000e+00
1.289851949768671489e+02 0.000000000000000000e+00
1.290852610707204065e+02 0.000000000000000000e+00
1.291853271645736925e+02 0.000000000000000000e+00
1.292853932584269501e+02 0.000000000000000000e+00
1.293854593522802361e+02 0.000000000000000000e+00
1.294855254461334937e+02 0.000000000000000000e+00
1.295855915399867797e+02 0.000000000000000000e+00
1.296856576338400373e+02 0.000000000000000000e+00
1.297857237276933233e+02 0.000000000000000000e+00
1.298857898215465809e+02 0.000000000000000000e+00
1.299858559153998669e+02 0.000000000000000000e+00
1.300859220092531245e+02 0.000000000000000000e+00
1.301859881031064106e+02 0.000000000000000000e+00
1.302860541969596682e+02 0.000000000000000000e+00
1.303861202908129542e+02 0.000000000000000000e+00
1.304861863846662118e+02 0.000000000000000000e+00
1.305862524785194978e+02 0.000000000000000000e+00
1.306863185723727554e+02 0.000000000000000000e+00
1.307863846662260414e+02 0.000000000000000000e+00
1.308864507600792990e+02 0.000000000000000000e+00
1.309865168539325850e+02 0.000000000000000000e+00
1.310865829477858426e+02 0.000000000000000000e+00
1.311866490416391287e+02 0.000000000000000000e+00
1.312867151354923863e+02 0.000000000000000000e+00
1.313867812293456723e+02 0.000000000000000000e+00
1.314868473231989299e+02 0.000000000000000000e+00
1.315869134170522159e+02 0.000000000000000000e+00
1.316869795109054735e+02 0.000000000000000000e+00
1.317870456047587595e+02 0.000000000000000000e+00
1.318871116986120171e+02 0.000000000000000000e+00
1.319871777924653031e+02 0.000000000000000000e+00
1.320872438863185607e+02 0.000000000000000000e+00
1.321873099801718467e+02 0.000000000000000000e+00
1.322873760740251043e+02 0.000000000000000000e+00
1.323874421678783904e+02 0.000000000000000000e+00
1.324875082617316480e+02 0.000000000000000000e+00
1.325875743555849340e+02 0.000000000000000000e+00
1.326876404494381916e+02 0.000000000000000000e+00
1.327877065432914776e+02 0.000000000000000000e+00
1.328877726371447352e+02 0.000000000000000000e+00
1.329878387309980212e+02 0.000000000000000000e+00
1.330879048248512788e+02 0.000000000000000000e+00
1.331879709187045648e+02 0.000000000000000000e+00
1.332880370125578224e+02 0.000000000000000000e+00
1.333881031064111085e+02 0.000000000000000000e+00
1.334881692002643661e+02 0.000000000000000000e+00
1.335882352941176521e+02 0.000000000000000000e+00
1.336883013879709097e+02 0.000000000000000000e+00
1.337883674818241957e+02 0.000000000000000000e+00
1.338884335756774533e+02 0.000000000000000000e+00
1.339884996695307393e+02 0.000000000000000000e+00
1.340885657633839969e+02 0.000000000000000000e+00
1.341886318572372829e+02 0.000000000000000000e+00
1.342886979510905405e+02 0.000000000000000000e+00
1.343887640449438265e+02 0.000000000000000000e+00
1.344888301387970841e+02 0.000000000000000000e+00
1.345888962326503702e+02 0.000000000000000000e+00
1.346889623265036278e+02 0.000000000000000000e+00
1.347890284203569138e+02 0.000000000000000000e+00
1.348890945142101714e+02 0.000000000000000000e+00
1.349891606080634574e+02 0.000000000000000000e+00
1.350892267019167150e+02 0.000000000000000000e+00
1.351892927957700010e+02 0.000000000000000000e+00
1.352893588896232586e+02 0.000000000000000000e+00
1.353894249834765446e+02 0.000000000000000000e+00
1.354894910773298022e+02 0.000000000000000000e+00
1.355895571711830883e+02 0.000000000000000000e+00
1.356896232650363459e+02 0.000000000000000000e+00
1.357896893588896319e+02 0.000000000000000000e+00
1.358897554527428895e+02 0.000000000000000000e+00
1.359898215465961755e+02 0.000000000000000000e+00
1.360898876404494331e+02 0.000000000000000000e+00
1.361899537343027191e+02 0.000000000000000000e+00
1.362900198281559767e+02 0.000000000000000000e+00
1.363900859220092627e+02 0.000000000000000000e+00
1.364901520158625203e+02 0.000000000000000000e+00
1.365902181097158063e+02 0.000000000000000000e+00
1.366902842035690639e+02 0.000000000000000000e+00
1.367903502974223215e+02 0.000000000000000000e+00
1.368904163912756076e+02 0.000000000000000000e+00
1.369904824851288652e+02 0.000000000000000000e+00
1.370905485789821512e+02 0.000000000000000000e+00
1.371906146728354088e+02 0.000000000000000000e+00
1.372906807666886948e+02 0.000000000000000000e+00
1.373907468605419524e+02 0.000000000000000000e+00
1.374908129543952384e+02 0.000000000000000000e+00
1.375908790482484960e+02 0.000000000000000000e+00
1.376909451421017820e+02 0.000000000000000000e+00
1.377910112359550396e+02 0.000000000000000000e+00
1.378910773298083257e+02 0.000000000000000000e+00
1.379911434236615833e+02 0.000000000000000000e+00
1.380912095175148693e+02 0.000000000000000000e+00
1.381912756113681269e+02 0.000000000000000000e+00
1.382913417052214129e+02 0.000000000000000000e+00
1.383914077990746705e+02 0.000000000000000000e+00
1.384914738929279565e+02 0.000000000000000000e+00
1.385915399867812141e+02 0.000000000000000000e+00
1.386916060806345001e+02 0.000000000000000000e+00
1.387916721744877577e+02 0.000000000000000000e+00
1.388917382683410437e+02 0.000000000000000000e+00
1.389918043621943013e+02 0.000000000000000000e+00
1.390918704560475874e+02 0.000000000000000000e+00
1.391919365499008450e+02 0.000000000000000000e+00
1.392920026437541310e+02 0.000000000000000000e+00
1.393920687376073886e+02 0.000000000000000000e+00
1.394921348314606746e+02 0.000000000000000000e+00
1.395922009253139322e+02 0.000000000000000000e+00
1.396922670191672182e+02 0.000000000000000000e+00
1.397923331130204758e+02 0.000000000000000000e+00
1.398923992068737618e+02 0.000000000000000000e+00
1.399924653007270194e+02 0.000000000000000000e+00
1.400925313945803055e+02 0.000000000000000000e+00
1.401925974884335631e+02 0.000000000000000000e+00
1.402926635822868491e+02 0.000000000000000000e+00
1.403927296761401067e+02 0.000000000000000000e+00
1.404927957699933927e+02 0.000000000000000000e+00
1.405928618638466503e+02 0.000000000000000000e+00
1.406929279576999363e+02 0.000000000000000000e+00
1.407929940515531939e+02 0.000000000000000000e+00
1.408930601454064799e+02 0.000000000000000000e+00
1.409931262392597375e+02 0.000000000000000000e+00
1.410931923331130236e+02 0.000000000000000000e+00
1.411932584269662811e+02 0.000000000000000000e+00
1.412933245208195672e+02 0.000000000000000000e+00
1.413933906146728248e+02 0.000000000000000000e+00
1.414934567085261108e+02 0.000000000000000000e+00
1.415935228023793684e+02 0.000000000000000000e+00
1.416935888962326544e+02 0.000000000000000000e+00
1.417936549900859120e+02 0.000000000000000000e+00
1.418937210839391980e+02 0.000000000000000000e+00
1.419937871777924556e+02 0.000000000000000000e+00
1.420938532716457416e+02 0.000000000000000000e+00
1.421939193654989992e+02 0.000000000000000000e+00
1.422939854593522853e+02 0.000000000000000000e+00
1.423940515532055429e+02 0.000000000000000000e+00
1.424941176470588289e+02 0.000000000000000000e+00
1.425941837409120865e+02 0.000000000000000000e+00
1.426942498347653725e+02 0.000000000000000000e+00
1.427943159286186301e+02 0.000000000000000000e+00
1.428943820224719161e+02 0.000000000000000000e+00
1.429944481163251737e+02 0.000000000000000000e+00
1.430945142101784597e+02 0.000000000000000000e+00
1.431945803040317173e+02 0.000000000000000000e+00
1.432946463978850034e+02 0.000000000000000000e+00
1.433947124917382610e+02 0.000000000000000000e+00
1.434947785855915470e+02 0.000000000000000000e+00
1.435948446794448046e+02 0.000000000000000000e+00
1.436949107732980906e+02 0.000000000000000000e+00
1.437949768671513482e+02 0.000000000000000000e+00
1.438950429610046342e+02 0.000000000000000000e+00
1.439951090548578918e+02 0.000000000000000000e+00
1.440951751487111778e+02 0.000000000000000000e+00
1.441952412425644354e+02 0.000000000000000000e+00
1.442953073364177214e+02 0.000000000000000000e+00
1.443953734302709790e+02 0.000000000000000000e+00
1.444954395241242651e+02 0.000000000000000000e+00
1.445955056179775227e+02 0.000000000000000000e+00
1.446955717118308087e+02 0.000000000000000000e+00
1.447956378056840663e+02 0.000000000000000000e+00
1.448957038995373523e+02 0.000000000000000000e+00
1.449957699933906099e+02 0.000000000000000000e+00
1.450958360872438959e+02 0.000000000000000000e+00
1.451959021810971535e+02 0.000000000000000000e+00
1.452959682749504111e+02 0.000000000000000000e+00
1.453960343688036971e+02 0.000000000000000000e+00
1.454961004626569547e+02 0.000000000000000000e+00
1.455961665565102408e+02 0.000000000000000000e+00
1.456962326503634984e+02 0.000000000000000000e+00
1.457962987442167844e+02 0.000000000000000000e+00
1.458963648380700420e+02 0.000000000000000000e+00
1.459964309319233280e+02 0.000000000000000000e+00
1.460964970257765856e+02 0.000000000000000000e+00
1.461965631196298716e+02 0.000000000000000000e+00
1.462966292134831292e+02 0.000000000000000000e+00
1.463966953073364152e+02 0.000000000000000000e+00
1.464967614011896728e+02 0.000000000000000000e+00
1.465968274950429588e+02 0.000000000000000000e+00
1.466968935888962164e+02 0.000000000000000000e+00
1.467969596827495025e+02 0.000000000000000000e+00
1.468970257766027601e+02 0.000000000000000000e+00
1.469970918704560461e+02 0.000000000000000000e+00
1.470971579643093037e+02 0.000000000000000000e+00
1.471972240581625897e+02 0.000000000000000000e+00
1.472972901520158473e+02 0.000000000000000000e+00
1.473973562458691333e+02 0.000000000000000000e+00
1.474974223397223909e+02 0.000000000000000000e+00
1.475974884335756769e+02 0.000000000000000000e+00
1.476975545274289345e+02 0.000000000000000000e+00
1.477976206212822206e+02 0.000000000000000000e+00
1.478976867151354782e+02 0.000000000000000000e+00
1.479977528089887642e+02 0.000000000000000000e+00
1.480978189028420218e+02 0.000000000000000000e+00
1.481978849966953078e+02 0.000000000000000000e+00
1.482979510905485654e+02 0.000000000000000000e+00
1.483980171844018514e+02 0.000000000000000000e+00
1.484980832782551090e+02 0.000000000000000000e+00
1.485981493721083950e+02 0.000000000000000000e+00
1.486982154659616526e+02 0.000000000000000000e+00
1.487982815598149386e+02 0.000000000000000000e+00
1.488983476536681962e+02 0.000000000000000000e+00
1.489984137475214823e+02 0.000000000000000000e+00
1.490984798413747399e+02 0.000000000000000000e+00
1.491985459352280259e+02 0.000000000000000000e+00
1.492986120290812835e+02 0.000000000000000000e+00
1.493986781229345695e+02 0.000000000000000000e+00
1.494987442167878271e+02 0.000000000000000000e+00
1.495988103106411131e+02 0.000000000000000000e+00
1.496988764044943707e+02 0.000000000000000000e+00
1.497989424983476567e+02 0.000000000000000000e+00
1.498990085922009143e+02 0.000000000000000000e+00
1.499990746860542004e+02 0.000000000000000000e+00
1.500991407799074580e+02 0.000000000000000000e+00
1.501992068737607440e+02 0.000000000000000000e+00
1.502992729676140016e+02 0.000000000000000000e+00
1.503993390614672876e+02 0.000000000000000000e+00
1.504994051553205452e+02 0.000000000000000000e+00
1.505994712491738312e+02 0.000000000000000000e+00
1.506995373430270888e+02 0.000000000000000000e+00
1.507996034368803748e+02 0.000000000000000000e+00
1.508996695307336324e+02 0.000000000000000000e+00
1.509997356245869184e+02 0.000000000000000000e+00
1.510998017184401760e+02 0.000000000000000000e+00
1.511998678122934621e+02 0.000000000000000000e+00
1.512999339061467197e+02 0.000000000000000000e+00
1.514000000000000057e+02 0.000000000000000000e+00
