   -0.359426     0.777771     -1.66164    0.0763995
    -0.37648     0.574262     -1.64768    0.0609497
   -0.391196     0.367383     -1.63638    0.0484306
   -0.403918     0.158778     -1.62739    0.0378451
   -0.414984    -0.049912     -1.62048     0.028432
   -0.424735    -0.257045     -1.61551    0.0195463
   -0.433514    -0.460978     -1.61243    0.0105611
   -0.441659    -0.660069     -1.61127   0.00076487
   -0.449513    -0.852677     -1.61219   -0.0107778
   -0.457415     -1.03716     -1.61546   -0.0254548
   -0.465706     -1.21187     -1.62155    -0.045531
   -0.474727     -1.37517     -1.63121   -0.0750178
   -0.487514      -1.5605     -1.64953    -0.117243
   -0.510795     -1.80545     -1.68325    -0.157594
   -0.537844     -2.01236     -1.71927     -0.18362
   -0.567829     -2.19231     -1.75198    -0.164559
   -0.599915      -2.3564     -1.77353    -0.082687
   -0.633271     -2.51573     -1.77765    0.0324172
   -0.666589     -2.67896     -1.76436     0.103645
   -0.697002     -2.84014     -1.75149    0.0568274
    -0.72791     -3.01318     -1.74458    0.0238755
    -0.75995      -3.1972     -1.74251 -0.000310441
   -0.793754     -3.39133     -1.74449   -0.0188106
   -0.829957      -3.5947     -1.74996   -0.0335549
   -0.869194     -3.80643     -1.75855   -0.0457936
    -0.91025      -4.0165     -1.76926   -0.0497378
   -0.950694     -4.21283      -1.7784   -0.0419368
   -0.993308     -4.41115     -1.78633   -0.0366659
    -1.03737     -4.60899     -1.79339   -0.0332564
    -1.08214     -4.80387     -1.79983   -0.0313661
    -1.12691     -4.99331     -1.80587   -0.0309023
    -1.17094     -5.17484     -1.81171   -0.0320327
    -1.21352     -5.34597     -1.81761   -0.0353079
    -1.25676     -5.51527     -1.82444   -0.0442961
    -1.30055     -5.68139     -1.83276    -0.051177
    -1.34459     -5.84288     -1.84121   -0.0479961
    -1.39113     -6.00833     -1.84852   -0.0361301
    -1.44243     -6.18633     -1.85384   -0.0216714
    -1.50074     -6.38547     -1.85702  -0.00989084
     -1.5683     -6.61433     -1.85839  -0.00248042
    -1.62363     -6.80129     -1.85863 -0.000987043
     -1.6718     -6.96395     -1.85881  -0.00115708
    -1.72309     -7.13701     -1.85903  -0.00131344
    -1.77698     -7.31866      -1.8593  -0.00147592
    -1.83293     -7.50708     -1.85961  -0.00165902
    -1.89042     -7.70045     -1.85996  -0.00187622
    -1.94892     -7.89694     -1.86037  -0.00214278
     -2.0079     -8.09474     -1.86085  -0.00247838
    -2.06685     -8.29204      -1.8614  -0.00291046
    -2.12522     -8.48701     -1.86205   -0.0034793
     -2.1825     -8.67783     -1.86281  -0.00424664
    -2.23816     -8.86268     -1.86373  -0.00531108
    -2.30262     -9.07582     -1.86549   -0.0126932
    -2.37122     -9.30022     -1.87008   -0.0272692
    -2.43688     -9.51027     -1.87807   -0.0463646
    -2.50045     -9.70681     -1.89005     -0.07084
    -2.56281     -9.89063     -1.90664    -0.101478
    -2.62483     -10.0626     -1.92846    -0.138795
    -2.68738     -10.2234     -1.95609    -0.182752
    -2.75133      -10.374     -1.98995    -0.232385
    -2.81754     -10.5152     -2.03026    -0.285411
     -2.9072     -10.6843     -2.08536    -0.266048
     -3.0111      -10.858      -2.1317    -0.186505
    -3.11735     -11.0216     -2.15822    -0.080893
    -3.22323     -11.1793     -2.16204    0.0435671
    -3.32603     -11.3352      -2.1415     0.177198
    -3.42303     -11.4933     -2.09643     0.306665
    -3.51107     -11.6568     -2.03295     0.312778
    -3.59033     -11.8263     -1.98769     0.173332
    -3.66525     -12.0013     -1.96705    0.0457908
    -3.73975     -12.1796     -1.96975   -0.0721114
     -3.8177     -12.3591     -1.99486    -0.183341
    -3.90301     -12.5376      -2.0417    -0.288927
    -3.99938     -12.7127      -2.1093    -0.374242
    -4.10585     -12.8782     -2.17228    -0.268482
    -4.22199     -13.0392     -2.21618    -0.175643
     -4.3437      -13.196     -2.24249    -0.089866
    -4.46686     -13.3491     -2.25176  -0.00352679
    -4.58737     -13.4986     -2.24347    0.0929899
    -4.70113      -13.645      -2.2157     0.212663
    -4.80369     -13.7878      -2.1704     0.244609
    -4.89663      -13.929     -2.13879     0.122677
    -4.98715     -14.0729     -2.12976   -0.0144623
    -5.08205      -14.223     -2.14274    -0.123171
    -5.18812     -14.3827     -2.17286    -0.181319
    -5.31215     -14.5557     -2.21338    -0.192652
    -5.46094     -14.7454     -2.25798    -0.174464
    -5.58214     -14.8886     -2.28604    -0.122105
    -5.70711     -15.0295     -2.30543   -0.0868169
    -5.84088     -15.1753     -2.32018   -0.0639372
    -5.98086      -15.324     -2.33152   -0.0481004
    -6.12443     -15.4735     -2.34022   -0.0363571
    -6.26899     -15.6217     -2.34674   -0.0268929
    -6.41194     -15.7667     -2.35135   -0.0183841
    -6.55068     -15.9063     -2.35412  -0.00956763
    -6.68259     -16.0387     -2.35496   0.00123448
    -6.80509     -16.1616      -2.3535    0.0170051
    -6.96445     -16.3226     -2.34795    0.0263378
    -7.12195     -16.4837     -2.34234    0.0213623
    -7.25592     -16.6219     -2.33987  0.000844297
    -7.37591     -16.7456      -2.3426   -0.0345678
    -7.49146     -16.8634     -2.35121   -0.0672679
    -7.61211     -16.9838     -2.36393    -0.077441
    -7.72709     -17.0958     -2.37399   -0.0418094
     -7.8475     -17.2114      -2.3782   -0.0110931
    -7.97736     -17.3356     -2.37816    0.0100977
    -8.11561     -17.4683     -2.37466    0.0254908
    -8.26118     -17.6094     -2.36824    0.0372533
    -8.41299     -17.7589     -2.35926    0.0467038
    -8.56997     -17.9166     -2.34795    0.0546777
    -8.70516     -18.0555     -2.33942    0.0131493
    -8.82852     -18.1828     -2.34279   -0.0496294
    -8.95612     -18.3123     -2.35698    -0.105184
    -9.08928     -18.4422     -2.38126    -0.154598
    -9.22933     -18.5712     -2.41496    -0.198331
    -9.37758     -18.6976     -2.45741    -0.236225
    -9.53538     -18.8199     -2.50784    -0.267603
    -9.70403     -18.9367     -2.56533    -0.291466
    -9.88488     -19.0462     -2.62876    -0.306781
    -10.0761     -19.1457     -2.69566    -0.306907
    -10.2434     -19.2204     -2.74591    -0.243855
    -10.4189     -19.2893     -2.78684     -0.19229
    -10.6008     -19.3532     -2.81967     -0.14959
    -10.7879     -19.4128      -2.8454     -0.11345
    -10.9786     -19.4689     -2.86475   -0.0819068
    -11.1715     -19.5222     -2.87823   -0.0532669
     -11.365     -19.5734     -2.88616   -0.0260024
    -11.5578     -19.6234     -2.88863   0.00137438
    -11.7482     -19.6729     -2.88555    0.0304536
    -11.9349     -19.7225      -2.8766    0.0631027
    -12.1164     -19.7732      -2.8612     0.101699
    -12.3013     -19.8287     -2.83748      0.13259
    -12.5032     -19.8951     -2.81058     0.119286
    -12.6958     -19.9638     -2.78813    0.0989953
    -12.8809      -20.034      -2.7711    0.0718393
      -13.06     -20.1047     -2.76037    0.0385453
    -13.2349     -20.1754     -2.75662  0.000458421
    -13.4072     -20.2449     -2.76031    -0.040507
    -13.5787     -20.3127     -2.77161   -0.0819786
    -13.7511     -20.3778      -2.7904    -0.121312
     -13.926     -20.4395     -2.81619    -0.155858
    -14.1036     -20.4964     -2.84615    -0.148928
    -14.2844     -20.5489     -2.87096     -0.11528
    -14.4689     -20.5981     -2.89002   -0.0849065
    -14.6562     -20.6448     -2.90368   -0.0570312
    -14.8456     -20.6898     -2.91222   -0.0309079
    -15.0363     -20.7339      -2.9158  -0.00582664
    -15.2274     -20.7778     -2.91452    0.0188923
    -15.4183     -20.8225     -2.90837    0.0439105
    -15.6081     -20.8686     -2.89728     0.069883
    -15.7961      -20.917     -2.88107    0.0974674
    -15.9837      -20.969     -2.86123    0.0971251
    -16.1697     -21.0244     -2.84381     0.082039
    -16.3537     -21.0823     -2.82954      0.06574
    -16.5363     -21.1424     -2.81854    0.0485589
     -16.718      -21.204     -2.81092    0.0308291
    -16.8993     -21.2668     -2.80673    0.0128786
    -17.0809     -21.3301     -2.80597  -0.00497504
    -17.2633     -21.3935     -2.80863    -0.022428
    -17.4471     -21.4565     -2.81463   -0.0391922
    -17.6328     -21.5186     -2.82387   -0.0549974
     -17.814     -21.5772     -2.83361   -0.0470537
    -17.9971     -21.6345     -2.84189   -0.0393895
    -18.1817     -21.6909     -2.84879   -0.0322085
    -18.3675     -21.7463     -2.85437   -0.0253972
    -18.5542      -21.801     -2.85867   -0.0188507
    -18.7413      -21.855     -2.86172   -0.0124702
    -18.9284     -21.9086     -2.86353  -0.00616013
    -19.1152     -21.9619     -2.86412  0.000174807
    -19.3013     -22.0149     -2.86346   0.00663208
    -19.4863     -22.0679     -2.86155    0.0133145
    -19.6744     -22.1222      -2.8596   0.00532679
    -19.8617     -22.1765     -2.85949   -0.0043254
     -20.048     -22.2304     -2.86129   -0.0142194
    -20.2337     -22.2835       -2.865   -0.0242533
    -20.4191     -22.3356     -2.87064   -0.0343177
    -20.6045     -22.3864      -2.8782   -0.0442966
    -20.7902     -22.4355     -2.88765   -0.0540685
    -20.9766     -22.4828     -2.89896   -0.0635083
     -21.164     -22.5279     -2.91208   -0.0724893
    -21.3522     -22.5705     -2.92686   -0.0783414
    -21.5381     -22.6097     -2.94036   -0.0639314
    -21.7253     -22.6468     -2.95122   -0.0499099
    -21.9138     -22.6822     -2.95948   -0.0362548
    -22.1032     -22.7165     -2.96517   -0.0229307
    -22.2936     -22.7501     -2.96834   -0.0098941
    -22.4847     -22.7834     -2.96901   0.00290256
    -22.6764      -22.817     -2.96722    0.0155074
    -22.8685     -22.8512     -2.96297    0.0279658
    -23.0609     -22.8866     -2.95629    0.0403174
     -23.253     -22.9234     -2.94722    0.0508904
    -23.4413     -22.9614     -2.93831    0.0418444
    -23.6296      -23.001     -2.93113    0.0328851
    -23.8179     -23.0418     -2.92565    0.0240103
    -24.0064     -23.0835     -2.92186    0.0152137
    -24.1949     -23.1258     -2.91977   0.00648604
    -24.3837     -23.1685     -2.91935  -0.00218355
    -24.5727     -23.2111     -2.92061   -0.0108067
    -24.7619     -23.2534     -2.92354   -0.0193945
    -24.9515     -23.2949     -2.92813   -0.0279567
    -25.1415     -23.3355     -2.93439   -0.0365004
    -25.3291     -23.3743     -2.94141    -0.034967
    -25.5166     -23.4117     -2.94774   -0.0312716
    -25.7046      -23.448     -2.95337   -0.0275417
    -25.8932     -23.4834      -2.9583   -0.0237956
    -26.0824     -23.5181     -2.96252   -0.0200507
    -26.2723     -23.5521     -2.96602   -0.0163237
    -26.4631     -23.5857     -2.96883   -0.0126303
    -26.6546     -23.6189     -2.97093  -0.00898546
    -26.8471     -23.6519     -2.97233  -0.00540297
    -27.0405     -23.6849     -2.97304  -0.00189581
    -27.2323     -23.7175     -2.97322   -0.0022837
     -27.421     -23.7495     -2.97426  -0.00848251
    -27.6106     -23.7813     -2.97648   -0.0145759
    -27.8009     -23.8127     -2.97987   -0.0206059
    -27.9919     -23.8434     -2.98444   -0.0266123
    -28.1834     -23.8732     -2.99018   -0.0326326
    -28.3753     -23.9019      -2.9971   -0.0387022
    -28.5676     -23.9291     -3.00521   -0.0448547
    -28.7602     -23.9546     -3.01453   -0.0511216
    -28.9528     -23.9782     -3.02507   -0.0575326
    -29.1455     -23.9996     -3.03686    -0.064115
    -29.3437     -24.0192     -3.04985    -0.063204
    -29.5454     -24.0365     -3.06204   -0.0572931
    -29.7462     -24.0513     -3.07301   -0.0517214
    -29.9457      -24.064     -3.08281   -0.0463946
    -30.1433     -24.0748     -3.09148   -0.0412172
    -30.3386     -24.0838     -3.09904    -0.036089
     -30.531     -24.0914     -3.10549      -0.0309
    -30.7202     -24.0977     -3.11084   -0.0255244
    -30.9057      -24.103     -3.11506   -0.0198127
    -31.0869     -24.1075     -3.11809   -0.0135799
    -31.2693     -24.1116     -3.11997  -0.00781305
    -31.4606     -24.1156     -3.12113  -0.00419856
     -31.648     -24.1194     -3.12153 -1.94303e-05
    -31.8335     -24.1232     -3.12113   0.00438809
    -32.0189      -24.127     -3.11992   0.00863313
     -32.206     -24.1313     -3.11794    0.0123447
    -32.3967      -24.136      -3.1153    0.0152416
    -32.5929     -24.1415      -3.1121    0.0171754
    -32.7965     -24.1479     -3.10848    0.0181367
    -33.0072     -24.1553     -3.10464    0.0176996
    -33.1895     -24.1622     -3.10225   0.00885089
    -33.3778     -24.1698     -3.10129   0.00154519
     -33.571     -24.1775     -3.10163  -0.00485879
    -33.7676     -24.1853     -3.10318   -0.0108281
    -33.9665     -24.1927     -3.10592   -0.0167399
    -34.1664     -24.1994     -3.10988   -0.0229385
     -34.366     -24.2052     -3.11513   -0.0297812
     -34.564     -24.2099     -3.12179   -0.0376845
    -34.7591     -24.2129     -3.13003   -0.0471802
    -34.9502     -24.2142     -3.14013   -0.0589965
    -35.1358     -24.2134      3.13077   -0.0741834
    -35.3435     -24.2095      3.11458   -0.0786285
    -35.5499     -24.2022      3.09843   -0.0772325
    -35.7489     -24.1921      3.08343   -0.0727568
    -35.9421     -24.1796      3.07004   -0.0650237
    -36.1308     -24.1649      3.05871   -0.0541831
    -36.3166     -24.1486      3.04982   -0.0407428
     -36.501      -24.131      3.04366   -0.0255292
    -36.6854     -24.1126      3.04041  -0.00958127
    -36.8713     -24.0936      3.04009   0.00600043
    -37.0646     -24.0741       3.0424    0.0139134
    -37.2663     -24.0543      3.04521    0.0138939
    -37.4695      -24.035      3.04809     0.014386
    -37.6724     -24.0163      3.05111    0.0154257
    -37.8729     -23.9984      3.05438    0.0171206
    -38.0694     -23.9816      3.05799     0.019675
    -38.2597      -23.966      3.06208     0.023444
    -38.4422     -23.9519      3.06684    0.0290437
    -38.6148     -23.9394      3.07255    0.0375776
    -38.8034     -23.9271      3.07901    0.0161008
    -38.9987     -23.9147      3.07581   -0.0537041
    -39.1825     -23.9012      3.05826    -0.137836
    -39.3616     -23.8836      3.02657    -0.209801
     -39.543     -23.8589      2.98428    -0.244536
    -39.7334      -23.824      2.93714    -0.236041
    -39.9398     -23.7761      2.89087    -0.198276
    -40.1279     -23.7244      2.85868    -0.130999
    -40.3202     -23.6661      2.83708   -0.0881317
    -40.5188     -23.6019      2.82171   -0.0610475
    -40.7189     -23.5343      2.81094   -0.0417475
    -40.9156      -23.466      2.80394   -0.0255911
    -41.1041     -23.3994      2.80045  -0.00867381
    -41.2794     -23.3371      2.80081    0.0145912
    -41.4368     -23.2817      2.80627    0.0568982
    -41.6131     -23.2216      2.81904    0.0079393
    -41.7902       -23.16       2.7768    -0.571981
    -41.9331     -23.0948      2.63453     -1.10782
    -42.0744     -22.9994      2.47469    -0.676719
    -42.2469     -22.8475      2.38193    -0.214759
    -42.3707     -22.7265      2.35763   -0.0783592
    -42.4774     -22.6192      2.35047   -0.0228798
    -42.5952     -22.4999      2.34961   0.00965237
     -42.723     -22.3708      2.35349    0.0316296
    -42.8599     -22.2341      2.36132    0.0487392
    -43.0048     -22.0923      2.37278    0.0639926
    -43.1566     -21.9475       2.3878    0.0792752
    -43.3144     -21.8021      2.40658    0.0960371
    -43.4771     -21.6582       2.4295     0.115664
    -43.6437     -21.5183      2.45719     0.139737
    -43.8132     -21.3845      2.49051     0.170282
    -43.9971     -21.2501      2.53077     0.171156
    -44.1882     -21.1217      2.56819     0.153753
    -44.3779     -21.0036       2.6006      0.13608
    -44.5645      -20.895        2.628     0.117491
    -44.7459     -20.7954      2.65025    0.0968778
    -44.9203     -20.7041      2.66702    0.0723943
    -45.0858     -20.6202       2.6777    0.0408726
    -45.2406     -20.5433      2.68123  -0.00339311
    -45.3827     -20.4725      2.67581   -0.0713562
    -45.5102     -20.4072      2.65831    -0.185711
    -45.6626      -20.323      2.60982    -0.366814
    -45.8049     -20.2322      2.53396    -0.512993
    -45.9306     -20.1371      2.45454    -0.454461
    -46.0551     -20.0281      2.39695    -0.236743
    -46.1941     -19.8959      2.37094   -0.0565974
    -46.3632     -19.7308      2.36914    0.0240213
    -46.5288     -19.5707      2.37704    0.0337446
    -46.6515     -19.4536      2.38188    0.0244596
    -46.7852     -19.3271      2.38586    0.0192767
    -46.9277     -19.1933      2.38931    0.0163285
    -47.0769     -19.0542      2.39246    0.0147565
    -47.2305     -18.9117      2.39547    0.0141588
    -47.3863     -18.7681      2.39848    0.0143772
    -47.5423     -18.6252      2.40162    0.0154221
    -47.6962     -18.4852      2.40502     0.017469
    -47.8458       -18.35      2.40886    0.0209245
     -47.989     -18.2217      2.41338    0.0266064
    -48.1236     -18.1024      2.41894    0.0361816
    -48.2541     -17.9881       2.4266    0.0533135
    -48.4562     -17.8155      2.44391    0.0783084
     -48.623     -17.6782      2.46315    0.0977571
    -48.7655     -17.5655      2.48054    0.0855335
    -48.8945     -17.4663      2.49009    0.0238076
     -49.021     -17.3698      2.48746   -0.0539392
    -49.1557     -17.2652       2.4741   -0.0932443
    -49.2885     -17.1588      2.45918   -0.0707646
    -49.4216     -17.0495      2.44935   -0.0462791
    -49.5649     -16.9298      2.44212   -0.0325446
    -49.7154     -16.8024      2.43659   -0.0242023
    -49.8704     -16.6699      2.43225   -0.0188211
     -50.027     -16.5349      2.42876    -0.015182
    -50.1825     -16.4001      2.42591   -0.0126208
    -50.3339     -16.2682      2.42357   -0.0107441
     -50.485     -16.1359      2.42155  -0.00961569
    -50.6385      -16.001      2.41968  -0.00849903
    -50.7846     -15.8722      2.41822  -0.00637266
    -50.9258     -15.7474      2.41729  -0.00337088
    -51.0648     -15.6243      2.41698  0.000118975
    -51.2042      -15.501      2.41733   0.00355228
    -51.3465     -15.3751      2.41829   0.00640684
    -51.4933     -15.2458      2.41975    0.0077959
    -51.6309     -15.1247      2.42068   0.00264517
    -51.7734     -14.9996      2.42077  -0.00161137
    -51.9193     -14.8713      2.42008  -0.00543318
    -52.0673      -14.741      2.41864  -0.00916143
    -52.2159     -14.6095      2.41644   -0.0130939
    -52.3638     -14.4781      2.41342   -0.0175405
    -52.5096     -14.3476      2.40948   -0.0228787
    -52.6519     -14.2191      2.40448   -0.0296267
    -52.7962     -14.0874      2.39847   -0.0309462
    -52.9371     -13.9571      2.39259   -0.0300642
    -53.0751      -13.828       2.3871    -0.027809
    -53.2119     -13.6988      2.38218   -0.0243308
    -53.3488     -13.5683      2.37798   -0.0199542
    -53.4875     -13.4351      2.37461   -0.0151126
    -53.6293      -13.298      2.37211    -0.010258
    -53.7726      -13.159      2.37052  -0.00509709
    -53.8923     -13.0426      2.37051   0.00461112
    -54.0161     -12.9224      2.37203    0.0128024
    -54.1445     -12.7984      2.37495     0.019657
    -54.2775     -12.6708      2.37912    0.0253376
    -54.4157     -12.5395      2.38441      0.02999
    -54.5592     -12.4047       2.3907    0.0337442
    -54.7085     -12.2664      2.39788    0.0367161
    -54.8637     -12.1247      2.40586    0.0390081
    -55.0253     -11.9796      2.41452    0.0407113
    -55.1874     -11.8368      2.42338    0.0389888
    -55.3367     -11.7072      2.43017     0.030041
    -55.4896     -11.5761      2.43545    0.0226704
    -55.6446     -11.4444       2.4394    0.0163063
    -55.8007     -11.3128      2.44213    0.0105099
    -55.9564     -11.1821       2.4437   0.00490589
    -56.1105     -11.0529      2.44411 -0.000872273
    -56.2618      -10.926      2.44333  -0.00723703
     -56.409     -10.8022      2.44124   -0.0147169
    -56.5508     -10.6823      2.43768    -0.024064
     -56.686      -10.567      2.43237    -0.036441
    -56.8132      -10.457      2.42489   -0.0537733
    -56.9819      -10.308      2.41068   -0.0708192
    -57.1449     -10.1594      2.39332    -0.086657
    -57.2913     -10.0209      2.37452   -0.0992093
    -57.4248     -9.88979      2.35535    -0.103985
     -57.549     -9.76302       2.3373   -0.0972281
    -57.6678     -9.63772      2.32198   -0.0783409
    -57.7847     -9.51099      2.31076    -0.051057
    -57.9007     -9.38299      2.30431   -0.0255238
    -58.0175     -9.25297      2.30154   -0.0068396
    -58.1384     -9.11808      2.30177   0.00882442
    -58.2638      -8.9786       2.3047    0.0219349
    -58.3941      -8.8348      2.31006    0.0328793
    -58.5299     -8.68699       2.3176    0.0419777
    -58.6715     -8.53545      2.32712    0.0494944
    -58.8193     -8.38045      2.33841    0.0556479
     -58.953     -8.24338      2.34869    0.0497066
    -59.0864     -8.10916      2.35741    0.0428113
    -59.2232     -7.97375       2.3651    0.0372333
    -59.3627     -7.83769      2.37189    0.0326539
    -59.5041     -7.70154      2.37791     0.028839
    -59.6466     -7.56584      2.38326    0.0256119
    -59.7894     -7.43115      2.38801    0.0228359
     -59.932     -7.29801      2.39223    0.0204008
    -60.0733     -7.16696      2.39595    0.0182135
    -60.2256     -7.02685      2.39926    0.0129028
    -60.3808     -6.88476      2.40121   0.00544574
    -60.5324     -6.74635      2.40149  -0.00297206
    -60.6797     -6.61167      2.39996   -0.0126745
    -60.8221     -6.48075      2.39644   -0.0240896
    -60.9592     -6.35362       2.3907   -0.0377934
    -61.0903     -6.23031      2.38245   -0.0545739
    -61.2149     -6.11085      2.37131   -0.0755288
    -61.3501     -5.97776      2.35745   -0.0533109
    -61.4877     -5.83955      2.35297    0.0102224
    -61.6213     -5.70591      2.36174    0.0836379
    -61.7554     -5.57594      2.38413     0.154572
    -61.8945     -5.44876      2.41881     0.209791
    -62.0428     -5.32347      2.46297     0.240116
       -62.2      -5.2029      2.51106     0.226627
    -62.3438     -5.10157      2.54212     0.131624
    -62.4967     -4.99928      2.55928    0.0581956
    -62.6561     -4.89509      2.56444  -0.00196415
    -62.8199     -4.78802       2.5588    -0.054638
    -62.9855     -4.67713      2.54295    -0.103983
    -63.1508     -4.56144      2.51703    -0.153111
    -63.3133        -4.44      2.48082    -0.204387
    -63.4693     -4.31306      2.43479    -0.236585
    -63.6143     -4.18368      2.39314    -0.191723
    -63.7544     -4.04907      2.36031    -0.146311
    -63.8905      -3.9106      2.33631    -0.100943
    -64.0237      -3.7696      2.32111   -0.0557018
    -64.1552     -3.62741      2.31471   -0.0103163
    -64.2861     -3.48537      2.31714    0.0356865
    -64.4173     -3.34483      2.32851    0.0828352
    -64.5501     -3.20712      2.34899     0.131559
    -64.6962     -3.06263       2.3728    0.0964831
    -64.8441     -2.92199      2.38848    0.0568914
    -64.9914      -2.7851       2.3958    0.0152926
    -65.1362     -2.65132      2.39442   -0.0303423
    -65.2767     -2.52001      2.38371    -0.082655
    -65.4109     -2.39055       2.3627    -0.145087
    -65.5369     -2.26228      2.32998    -0.222067
    -65.6567     -2.13028      2.28302    -0.284143
    -65.7726     -1.98891      2.23257    -0.262315
      -65.88     -1.84451      2.18957    -0.211433
    -65.9828     -1.69468      2.15723    -0.143082
     -66.085     -1.53702      2.13709   -0.0727295
    -66.1906     -1.36914       2.1289   -0.0129001
    -66.3034     -1.18864      2.13112    0.0302252
     -66.411     -1.01861      2.13894    0.0284748
    -66.5028    -0.875113      2.14039  -0.00947641
     -66.599    -0.724296      2.13591   -0.0393666
     -66.698     -0.56658      2.12616   -0.0645324
    -66.7983    -0.402378      2.11153    -0.087127
    -66.8984    -0.232107      2.09219    -0.108624
    -66.9968   -0.0561818      2.06813    -0.130095
    -67.0918     0.124983      2.03925    -0.152355
    -67.1821     0.310971      2.00533    -0.176047
    -67.2661     0.501369      1.96606    -0.201655
    -67.3398     0.689132      1.92368    -0.204696
     -67.403     0.871104      1.88712     -0.17494
    -67.4601      1.05558      1.85618    -0.145516
    -67.5122      1.24209      1.83081    -0.116684
    -67.5601      1.43016      1.81091   -0.0884992
    -67.6049      1.61931       1.7964   -0.0608672
    -67.6475      1.80906      1.78722   -0.0335829
    -67.6887      1.99894      1.78333  -0.00636872
    -67.7297      2.18848      1.78475    0.0210959
    -67.7713       2.3772      1.79153    0.0491485
    -67.8144      2.56463      1.80375    0.0781169
    -67.8614      2.75555      1.82062    0.0830954
    -67.9122      2.94817      1.83587     0.069907
    -67.9653      3.13879      1.84836    0.0562902
    -68.0201      3.32753      1.85805    0.0422364
     -68.076      3.51447      1.86489    0.0277152
    -68.1326      3.69974      1.86881    0.0126771
    -68.1892      3.88343      1.86976  -0.00294294
    -68.2452      4.06565      1.86766   -0.0192209
       -68.3      4.24651      1.86243   -0.0362391
    -68.3532      4.42611      1.85399   -0.0540786
    -68.4051      4.60846      1.84211   -0.0662195
    -68.4576      4.80182      1.82969   -0.0576764
    -68.5073      4.99387      1.81914   -0.0485655
    -68.5548      5.18458      1.81053   -0.0389102
    -68.6004       5.3739      1.80393     -0.02873
    -68.6445      5.56183      1.79941   -0.0180418
    -68.6876      5.74831      1.79702   -0.0068604
    -68.7302      5.93334      1.79681   0.00479971
    -68.7725      6.11686      1.79885    0.0169224
    -68.8151      6.29886      1.80318    0.0294872
    -68.8591        6.482      1.80902    0.0294186
     -68.904      6.66491      1.81414    0.0248408
    -68.9497      6.84747      1.81835    0.0198717
    -68.9963      7.03043      1.82161    0.0146815
    -69.0437       7.2145      1.82391   0.00944739
    -69.0919      7.40043      1.82523    0.0043407
     -69.141      7.58893      1.82559 -0.000484961
    -69.1909      7.78075      1.82505  -0.00490252
    -69.2417       7.9766      1.82365  -0.00881712
    -69.2904      8.16595      1.82166   -0.0106881
    -69.3364      8.34616      1.81967   -0.0107522
    -69.3828      8.52958      1.81762   -0.0109251
    -69.4295      8.71567       1.8155   -0.0112043
    -69.4763      8.90391      1.81329   -0.0115917
     -69.523      9.09374      1.81098   -0.0120927
    -69.5695      9.28464      1.80854    -0.012717
    -69.6157      9.47606      1.80597   -0.0134784
    -69.6613      9.66748      1.80323   -0.0143961
    -69.7061      9.85835       1.8003   -0.0154951
    -69.7502      10.0481      1.79716   -0.0168083
    -69.7937      10.2385      1.79414   -0.0135066
    -69.8364      10.4276      1.79192  -0.00935255
    -69.8786      10.6158      1.79054  -0.00499257
    -69.9204      10.8031      1.79001 -0.000501332
     -69.962      10.9901      1.79035   0.00404104
    -70.0039      11.1771      1.79155   0.00855196
    -70.0461      11.3643      1.79362    0.0129495
    -70.0889      11.5522      1.79653    0.0171557
    -70.1326      11.7411      1.80024    0.0210991
    -70.1775      11.9313      1.80472    0.0247178
    -70.2224      12.1178      1.80962    0.0240563
     -70.267      12.2994       1.8136     0.018659
    -70.3127      12.4824      1.81664    0.0135475
    -70.3592      12.6669      1.81875   0.00868037
    -70.4064      12.8528      1.81996      0.00402
    -70.4541        13.04       1.8203 -0.000467927
     -70.502      13.2283      1.81978  -0.00481487
    -70.5501      13.4178      1.81843  -0.00904981
    -70.5981      13.6084      1.81624   -0.0131996
    -70.6457      13.7999      1.81323   -0.0172892
     -70.693      13.9924       1.8094    -0.021342
     -70.739      14.1835      1.80491   -0.0220945
    -70.7832      14.3704      1.80129   -0.0155867
     -70.827       14.558      1.79891  -0.00917303
    -70.8705      14.7459      1.79775  -0.00283347
    -70.9139      14.9342      1.79781   0.00345187
    -70.9576      15.1227      1.79909   0.00970262
    -71.0016      15.3113      1.80157    0.0159379
    -71.0463      15.4998      1.80526     0.022176
    -71.0917      15.6883      1.81017    0.0284341
    -71.1382      15.8764      1.81629    0.0347279
     -71.186      16.0642      1.82363    0.0410715
    -71.2352      16.2515       1.8322    0.0474767
    -71.2862      16.4386      1.84115    0.0418963
    -71.3387      16.6252      1.84835    0.0324026
    -71.3923      16.8114      1.85371    0.0228687
    -71.4467      16.9973      1.85721       0.0133
    -71.5016      17.1828      1.85886   0.00369825
    -71.5565      17.3682      1.85864  -0.00593677
    -71.6112      17.5535      1.85656   -0.0156059
    -71.6653      17.7389      1.85261    -0.025309
    -71.7184      17.9244      1.84679   -0.0350436
    -71.7703      18.1101      1.83909    -0.044803
    -71.8205      18.2962      1.82951    -0.054575
    -71.8692      18.4842      1.81802   -0.0616693
    -71.9167      18.6777      1.80587   -0.0604253
    -71.9619      18.8713      1.79395   -0.0595021
    -72.0046      19.0648      1.78223   -0.0588942
    -72.0449      19.2578      1.77065   -0.0586012
    -72.0827      19.4501      1.75916   -0.0586284
     -72.118      19.6415      1.74773   -0.0589871
    -72.1509      19.8314      1.73629   -0.0596955
    -72.1812      20.0198      1.72481   -0.0607793
    -72.2091      20.2062      1.71322   -0.0622731
    -72.2344      20.3905      1.70146   -0.0642224
    -72.2575      20.5748       1.6893   -0.0670933
    -72.2802      20.7781      1.67492   -0.0736186
    -72.2996      20.9781      1.65947   -0.0801185
    -72.3155      21.1752      1.64299   -0.0864752
    -72.3279      21.3698      1.62553   -0.0925595
    -72.3367      21.5622      1.60715   -0.0982355
    -72.3418      21.7527      1.58793    -0.103366
    -72.3431      21.9417      1.56797    -0.107819
    -72.3407      22.1295      1.54736    -0.111474
    -72.3343      22.3164      1.52624     -0.11423
    -72.3238      22.5058      1.50464    -0.107755
     -72.309      22.7012      1.48591   -0.0834353
    -72.2909      22.8961      1.47195     -0.05927
    -72.2707      23.0904      1.46273   -0.0351103
    -72.2492       23.284      1.45826   -0.0107443
    -72.2273      23.4767      1.45857    0.0140839
    -72.2062      23.6684      1.46374    0.0396554
    -72.1866      23.8591      1.47386    0.0662582
    -72.1695      24.0485      1.48909    0.0941627
     -72.156      24.2366      1.50959     0.123591
    -72.1455       24.443      1.52816    0.0549308
    -72.1374       24.647        1.532   -0.0182547
    -72.1287      24.8478      1.52051   -0.0976442
    -72.1164      25.0446      1.49275    -0.185662
    -72.0973      25.2369      1.44759     -0.28403
    -72.0684      25.4238      1.38381    -0.392107
    -72.0266      25.6046      1.30061    -0.504383
     -71.969      25.7787       1.1983     -0.60796
    -71.8879      25.9543      1.07951    -0.565944
     -71.783      26.1277     0.977908    -0.439572
    -71.6622      26.2919     0.899701    -0.330292
    -71.5309      26.4474     0.842287    -0.235788
    -71.3944      26.5942     0.803772    -0.148543
     -71.258      26.7324     0.783555   -0.0570652
     -71.127      26.8624     0.782895    0.0570258
    -71.0068      26.9842     0.805904     0.228433
    -70.8669      27.1369     0.848485     0.130041
    -70.7413      27.2809     0.849688    -0.142178
    -70.6197      27.4131     0.794537    -0.467842
    -70.4869      27.5355     0.689331    -0.658399
    -70.3279      27.6501     0.561111     -0.61475
    -70.1576      27.7445     0.456732    -0.432862
    -70.0026      27.8145     0.395758    -0.299947
    -69.8307      27.8813     0.347903    -0.226508
    -69.6455      27.9442     0.308092    -0.184892
    -69.4509      28.0023     0.273101    -0.162418
    -69.2508      28.0549     0.240648     -0.15329
     -69.049       28.101      0.20888    -0.155492
    -68.8493        28.14      0.17602    -0.169855
    -68.6568      28.1708     0.140268    -0.200618
    -68.4774      28.1926     0.100837    -0.233502
     -68.302      28.2066    0.0580969    -0.248925
     -68.127       28.213     0.014753    -0.242401
    -67.9487      28.2118   -0.0263556    -0.215881
    -67.7633      28.2035   -0.0628773    -0.176644
    -67.5671       28.188   -0.0933514    -0.133583
    -67.3564      28.1655    -0.117277   -0.0937491
    -67.1275      28.1364    -0.134916   -0.0609461
    -66.9338       28.109    -0.144949   -0.0442246
    -66.7613      28.0832    -0.151933    -0.036383
    -66.5809       28.055    -0.158044   -0.0309105
    -66.3939      28.0247    -0.163511   -0.0270511
    -66.2017      27.9925    -0.168502   -0.0243441
    -66.0055      27.9586    -0.173152   -0.0225035
    -65.8067      27.9234    -0.177568   -0.0213538
    -65.6066       27.887    -0.181846   -0.0207944
    -65.4064      27.8498     -0.18607   -0.0207813
    -65.2075      27.8119    -0.190322   -0.0213194
    -65.0111      27.7736     -0.19469   -0.0224642
    -64.8186      27.7352    -0.199269   -0.0243326
    -64.6314      27.6969    -0.204169   -0.0271268
    -64.4163      27.6517    -0.210569   -0.0310547
    -64.1891      27.6022    -0.218313   -0.0356784
    -63.9734      27.5535    -0.226771   -0.0409768
    -63.7688      27.5053    -0.236001    -0.047032
    -63.5748      27.4576    -0.246062   -0.0539279
     -63.391      27.4104    -0.257014   -0.0617459
     -63.217      27.3636    -0.268915   -0.0705594
    -63.0522      27.3171    -0.281819   -0.0804255
    -62.8962      27.2707    -0.295774   -0.0913735
    -62.7486      27.2246    -0.310819    -0.103392
    -62.6053      27.1772    -0.329401    -0.151294
    -62.4658      27.1275    -0.355537    -0.198345
     -62.327      27.0735    -0.386952    -0.218016
    -62.1843      27.0126    -0.420291    -0.207353
    -62.0335      26.9422    -0.452311    -0.175447
    -61.8702      26.8598    -0.480733    -0.135651
    -61.6899      26.7629    -0.504488   -0.0981654
    -61.4884      26.6489    -0.523473   -0.0677946
    -61.2611      26.5154    -0.538151     -0.04532
    -61.0316      26.3767    -0.548219   -0.0304762
    -60.8895      26.2895    -0.552641   -0.0230488
    -60.7397      26.1967    -0.556207   -0.0177625
    -60.5832      26.0991    -0.559103   -0.0138636
     -60.421      25.9974     -0.56146   -0.0108916
     -60.254      25.8921    -0.563369  -0.00855215
    -60.0832       25.784    -0.564899  -0.00664942
    -59.9094      25.6737    -0.566098  -0.00504708
    -59.7336      25.5619    -0.567001  -0.00364544
    -59.5568      25.4492    -0.567629  -0.00236699
    -59.3799      25.3363    -0.567998  -0.00114648
    -59.2038      25.2239     -0.56811  7.65962e-05
    -59.0295      25.1127    -0.567963   0.00136478
    -58.8578      25.0032    -0.567544   0.00279001
    -58.6898      24.8962    -0.566829    0.0044431
    -58.5264      24.7923    -0.565782   0.00644782
    -58.3685      24.6922    -0.564351   0.00898333
    -58.2171      24.5965     -0.56246     0.012323
     -58.073      24.5059    -0.559998     0.016905
    -57.8816      24.3864    -0.555742    0.0184914
    -57.6629      24.2513    -0.551579     0.012947
    -57.4674      24.1313    -0.549794   0.00115776
    -57.2916      24.0234    -0.551443   -0.0189988
    -57.1319      23.9246     -0.55758   -0.0481803
    -56.9846      23.8317    -0.568979   -0.0837535
    -56.8462      23.7417    -0.585752    -0.118844
    -56.7131      23.6514    -0.607086    -0.144155
    -56.5818      23.5578    -0.631274    -0.152586
    -56.4485      23.4578    -0.656141    -0.143292
    -56.3114      23.3496    -0.679291    -0.116204
    -56.1732      23.2359     -0.69633   -0.0772275
    -56.0292      23.1139    -0.708197   -0.0502202
    -55.8807      22.9857    -0.715974   -0.0300054
    -55.7291      22.8532    -0.720307   -0.0135308
    -55.5758      22.7184    -0.721545   0.00123149
    -55.4221      22.5833    -0.719807    0.0158738
    -55.2693        22.45    -0.715001    0.0319436
    -55.1189      22.3203    -0.706815    0.0513118
    -54.9721      22.1964    -0.694659    0.0766758
    -54.8302      22.0801    -0.677555     0.112443
    -54.6785      21.9611    -0.651487     0.144248
    -54.5018      21.8305    -0.622043     0.118724
    -54.3363      21.7145    -0.603066    0.0631584
      -54.18      21.6077    -0.598674   -0.0218005
    -54.0306      21.5047    -0.611743    -0.123974
     -53.886      21.4001    -0.642779    -0.220706
    -53.7438      21.2886    -0.689318    -0.287509
    -53.6019      21.1648    -0.746349    -0.310463
    -53.4746      21.0405    -0.799313    -0.263053
     -53.361      20.9189    -0.837189     -0.19629
    -53.2457      20.7869    -0.867012    -0.146645
    -53.1286      20.6455    -0.890278    -0.108804
    -53.0099      20.4961     -0.90809    -0.079157
    -52.8896      20.3397    -0.921257   -0.0552186
    -52.7678      20.1776    -0.930366   -0.0352375
    -52.6444       20.011    -0.935836   -0.0179414
    -52.5195       19.841    -0.937951  -0.00236926
    -52.3932      19.6689    -0.936883    0.0122436
    -52.2661      19.4967    -0.933233    0.0169337
    -52.1388      19.3254    -0.930174    0.0117882
    -52.0118      19.1554    -0.928198   0.00683563
    -51.8861      18.9876     -0.92729   0.00176177
    -51.7628      18.8232    -0.927485  -0.00378727
    -51.6429      18.6631    -0.928866   -0.0102643
    -51.5275      18.5084    -0.931586   -0.0183127
    -51.4178      18.3602    -0.935885   -0.0289264
    -51.3147      18.2194    -0.942134   -0.0437514
    -51.2194      18.0871    -0.950909   -0.0657026
    -51.1109      17.9328    -0.966916     -0.10527
    -50.9853      17.7451    -0.997641    -0.170844
    -50.8812      17.5767     -1.03836    -0.240152
    -50.7933      17.4194      -1.0859    -0.279539
    -50.7164      17.2645     -1.13335    -0.258477
    -50.6453      17.1038     -1.17273    -0.184345
     -50.582      16.9473     -1.19905    -0.151269
    -50.5239      16.7924      -1.2249    -0.160376
    -50.4663      16.6252     -1.25378    -0.165717
    -50.4105      16.4456     -1.28524    -0.168432
    -50.3576      16.2535     -1.31891    -0.169204
    -50.3088      16.0488     -1.35446    -0.168458
    -50.2652      15.8314     -1.39161    -0.166466
    -50.2311      15.6225     -1.42568    -0.142237
    -50.2058      15.4329     -1.44857   -0.0990255
    -50.1835       15.238     -1.46446   -0.0642373
    -50.1634        15.04     -1.47421   -0.0342712
    -50.1447      14.8409     -1.47825  -0.00635112
    -50.1262      14.6427     -1.47673    0.0219946
    -50.1072      14.4475     -1.46942    0.0533854
    -50.0866      14.2573     -1.45575     0.091102
    -50.0636      14.0741     -1.43468     0.139825
    -50.0354      13.8881     -1.40512     0.141743
    -50.0015      13.6986     -1.38623    0.0489261
    -49.9673      13.5161     -1.38759   -0.0666416
    -49.9357      13.3362      -1.4108    -0.186431
    -49.9102      13.1545     -1.45475    -0.287434
    -49.8939      12.9666     -1.51561    -0.349733
      -49.89      12.7681     -1.58738    -0.364977
    -49.9018      12.5544     -1.66334    -0.339658
    -49.9244      12.3705        -1.72    -0.252639
    -49.9534      12.2003     -1.75617     -0.17169
    -49.9893      12.0221     -1.78174     -0.11287
    -50.0307      11.8372     -1.79867   -0.0679198
    -50.0759      11.6468     -1.80827   -0.0314975
    -50.1234      11.4524     -1.81135  3.44339e-05
    -50.1716      11.2551     -1.80834    0.0293581
    -50.2189      11.0563     -1.79936    0.0586774
    -50.2637      10.8572     -1.78424     0.090055
    -50.3045      10.6592     -1.76253     0.125686
    -50.3397      10.4635     -1.73346     0.168155
    -50.3689      10.2622     -1.69562      0.18586
    -50.3911      10.0543     -1.65954     0.157942
    -50.4061      9.85105     -1.63075     0.123393
    -50.4158      9.65214     -1.61011     0.082822
    -50.4222      9.45713     -1.59834    0.0368322
    -50.4271       9.2656     -1.59606   -0.0139704
    -50.4325      9.07716      -1.6038   -0.0688798
    -50.4401      8.89138     -1.62195    -0.126894
     -50.452      8.70786     -1.65075    -0.186453
      -50.47      8.52619     -1.69018    -0.245165
    -50.4956      8.34831     -1.73826     -0.26598
    -50.5286      8.17616     -1.77996    -0.209292
    -50.5682      8.00359     -1.81183    -0.150747
    -50.6132      7.82948     -1.83374   -0.0936401
    -50.6621      7.65271     -1.84594   -0.0402735
    -50.7135      7.47216     -1.84887   0.00788579
     -50.766      7.28671     -1.84317     0.049974
    -50.8182      7.09522      -1.8296    0.0855277
    -50.8687      6.89659     -1.80898      0.11435
    -50.9161      6.68968     -1.78223     0.136443
     -50.959      6.47337      -1.7503     0.151996
    -50.9932      6.26683     -1.71989     0.131159
    -51.0216      6.05965     -1.69502     0.107996
    -51.0457      5.84816     -1.67393    0.0911106
    -51.0657      5.63475      -1.6558    0.0786306
    -51.0822      5.42179     -1.64005    0.0693531
    -51.0953      5.21165      -1.6262     0.062501
    -51.1053       5.0067     -1.61391    0.0575844
    -51.1128      4.80931     -1.60288    0.0543288
    -51.1178      4.62186     -1.59287     0.052654
    -51.1209      4.44672     -1.58367    0.0527134
    -51.1223      4.28626     -1.57506    0.0550444
    -51.1223      4.14286     -1.56681    0.0610085
    -51.1194        3.911      -1.5479     0.108517
    -51.1128      3.72086     -1.52296     0.143849
    -51.1037      3.56351     -1.50495    0.0603407
    -51.0931      3.40616     -1.50636   -0.0642598
    -51.0823        3.216     -1.52216    -0.084771
    -51.0739      3.01034      -1.5369   -0.0511428
     -51.069        2.848     -1.54284   -0.0255809
    -51.0642      2.66681     -1.54614   -0.0122743
    -51.0596      2.47115     -1.54767  -0.00403767
    -51.0549      2.26542     -1.54785   0.00206361
    -51.0499      2.05401     -1.54683   0.00754331
    -51.0446      1.84133     -1.54461    0.0134848
    -51.0388      1.63177     -1.54104    0.0210617
    -51.0323      1.42972     -1.53575    0.0320854
    -51.0249      1.23959     -1.52811     0.050065
    -51.0154       1.0443     -1.51513    0.0856811
    -50.9975     0.787102      -1.4838     0.166998
    -50.9745     0.576132     -1.43657     0.286557
    -50.9451     0.398116     -1.37397     0.402238
    -50.9079     0.239781     -1.30513     0.420778
    -50.8614    0.0878558     -1.24633     0.300837
    -50.8061   -0.0664645      -1.2098     0.173882
    -50.7433    -0.225995     -1.18323     0.139695
    -50.6716    -0.395639     -1.15951     0.119891
    -50.5918    -0.573238     -1.13736     0.108853
    -50.5045    -0.756638     -1.11585     0.103772
    -50.4105    -0.943681     -1.09426      0.10327
     -50.312     -1.12942     -1.07236    0.0993744
    -50.2172     -1.30018     -1.05691    0.0593797
      -50.12     -1.47052     -1.04901    0.0213329
    -50.0222     -1.64031     -1.04852   -0.0164416
    -49.9255     -1.80944      -1.0555    -0.055665
    -49.8316     -1.97776     -1.07025    -0.098181
    -49.7424     -2.14516      -1.0933    -0.146029
    -49.6592     -2.31209     -1.12406      -0.1461
     -49.581     -2.47936     -1.13818  -0.00426516
    -49.5033     -2.64579     -1.12548     0.141678
    -49.4206     -2.81163     -1.08665      0.27286
    -49.3272     -2.97714     -1.02478     0.370719
    -49.2177     -3.14257     -0.94528     0.421502
    -49.0863     -3.30817    -0.855237     0.422397
    -48.9536     -3.44913    -0.778289     0.341856
    -48.8282     -3.56639    -0.728734     0.241893
    -48.6911     -3.68412    -0.691984     0.168897
    -48.5442     -3.80242    -0.665591     0.113648
    -48.3895     -3.92144    -0.647854    0.0698792
    -48.2293     -4.04128    -0.637639    0.0332444
    -48.0655     -4.16207    -0.634249  0.000577278
    -47.9002     -4.28395    -0.637343   -0.0306235
    -47.7354     -4.40702    -0.646892   -0.0625638
    -47.5733     -4.53141    -0.663166   -0.0974469
    -47.4007      -4.6693    -0.684411   -0.0894517
    -47.2323     -4.80928     -0.70247   -0.0754718
    -47.0708     -4.94809    -0.717039   -0.0611577
    -46.9166     -5.08415    -0.728057   -0.0455657
      -46.77     -5.21588    -0.735313   -0.0273338
    -46.6314      -5.3417    -0.738394  -0.00433455
    -46.5013     -5.46003     -0.73659    0.0270018
      -46.38      -5.5693    -0.728735    0.0730962
    -46.2613     -5.67367     -0.71177     0.141801
    -46.1271     -5.78612    -0.681609     0.199722
     -45.998     -5.88722    -0.646929     0.213256
    -45.8647      -5.9845    -0.614794     0.168402
    -45.7176      -6.0855    -0.591101    0.0981031
    -45.5475     -6.19777     -0.57752    0.0405829
    -45.3449     -6.32883    -0.572293   0.00756804
    -45.1644     -6.44502    -0.571683   0.00461056
    -45.0113      -6.5434     -0.57023    0.0109352
    -44.8473      -6.6483    -0.567594    0.0159927
    -44.6751     -6.75765    -0.563833    0.0208923
    -44.4975     -6.86937    -0.558886    0.0263979
    -44.3171      -6.9814    -0.552584    0.0332627
    -44.1368     -7.09165    -0.544635    0.0424791
    -43.9592     -7.19804    -0.534576    0.0556096
    -43.7872     -7.29851    -0.521682    0.0754029
    -43.6233     -7.39097    -0.504792     0.107149
    -43.4704     -7.47336    -0.481949     0.162043
    -43.3259     -7.54612    -0.448093     0.266871
    -43.1199     -7.63625    -0.370937     0.426218
    -42.9459     -7.69549    -0.282837     0.504435
    -42.7876     -7.73495    -0.210307     0.338669
    -42.6288     -7.76573    -0.181204     0.022881
    -42.4533     -7.79891    -0.198594    -0.180985
    -42.2448     -7.84562    -0.243222    -0.213867
    -42.0406     -7.90098    -0.283812    -0.142185
     -41.881     -7.94915    -0.300496   -0.0664208
    -41.7074      -8.0038    -0.308059    -0.020522
    -41.5224     -8.06284    -0.308752    0.0116045
    -41.3287     -8.12419    -0.303662    0.0377682
    -41.1288     -8.18574    -0.293174     0.062539
    -40.9256     -8.24543     -0.27715    0.0893549
    -40.7216     -8.30114    -0.254975     0.121674
    -40.5196      -8.3508    -0.225495     0.163938
    -40.3221     -8.39231    -0.186858       0.2228
    -40.1318     -8.42358    -0.136202     0.309124
    -39.9514     -8.44253   -0.0691506     0.441414
    -39.7626     -8.44658    0.0315648     0.601653
     -39.563     -8.42754       0.1612     0.679242
    -39.3808     -8.38581     0.288596     0.665398
    -39.2109     -8.32456      0.40015     0.555092
    -39.0482     -8.24694     0.485385     0.385294
    -38.8879     -8.15613     0.539425      0.20334
    -38.7247      -8.0553     0.562314    0.0415945
    -38.5536     -7.94762     0.557128   -0.0853801
    -38.3697     -7.83625      0.52845     -0.17398
    -38.1842     -7.73299     0.486432    -0.195561
     -38.024     -7.65153     0.456202    -0.144128
    -37.8546     -7.57094     0.432897    -0.106319
    -37.6777     -7.49117     0.415206   -0.0773079
    -37.4951     -7.41219     0.402233   -0.0539475
    -37.3088     -7.33395     0.393386   -0.0340662
    -37.1204      -7.2564     0.388304   -0.0160387
    -36.9319     -7.17951     0.386819   0.00149831
     -36.745     -7.10322     0.388946    0.0198666
    -36.5616     -7.02749     0.394881    0.0405626
    -36.3835     -6.95228     0.405036    0.0655302
    -36.2125     -6.87755     0.420096    0.0975763
    -36.0505     -6.80324     0.441121     0.141085
    -35.8523     -6.70569     0.473672     0.147561
    -35.6654     -6.60628     0.504068     0.137278
    -35.4922     -6.50775     0.529206     0.112118
     -35.329     -6.41021     0.546935    0.0717003
    -35.1724     -6.31375     0.555442    0.0189384
    -35.0188     -6.21849     0.553583   -0.0399949
    -34.8649     -6.12451     0.541138   -0.0969209
    -34.7072     -6.03191     0.518898     -0.14381
    -34.5421      -5.9408     0.488541    -0.175029
    -34.3863     -5.86107     0.458369    -0.162242
    -34.2283     -5.78576     0.431645    -0.143965
    -34.0628     -5.71205     0.406908    -0.129806
    -33.8905     -5.64018     0.383746     -0.11883
     -33.712     -5.57039     0.361816    -0.110369
    -33.5278     -5.50291     0.340834     -0.10394
    -33.3387       -5.438     0.320551   -0.0991921
    -33.1452     -5.37589     0.300752   -0.0958755
    -32.9479     -5.31682     0.281243   -0.0938133
    -32.7475     -5.26102     0.261842   -0.0928875
    -32.5442     -5.20866     0.242354   -0.0921941
    -32.3358     -5.15925     0.223387   -0.0852767
    -32.1269     -5.11376     0.205699   -0.0805647
    -31.9192     -5.07223     0.188951   -0.0778444
     -31.714     -5.03471      0.17283   -0.0770698
    -31.5129     -5.00124     0.157025   -0.0783742
    -31.3174     -4.97186     0.141208   -0.0821181
     -31.129     -4.94661     0.125007   -0.0889942
    -30.9492     -4.92554     0.107965    -0.100238
    -30.7795     -4.90869    0.0894804    -0.118049
    -30.6213     -4.89609    0.0687049    -0.146486
    -30.4325     -4.88607     0.035102     -0.21629
    -30.2386     -4.88389   -0.0154585     -0.30372
    -30.0602     -4.89181   -0.0747066    -0.349149
    -29.8875     -4.90996     -0.13377    -0.317929
    -29.7108     -4.93843    -0.182928     -0.22595
    -29.5202     -4.97735    -0.216525    -0.123465
    -29.3059     -5.02682    -0.234423   -0.0466596
    -29.1172     -5.07252    -0.240096   -0.0184496
    -28.9358     -5.11719    -0.242403  -0.00717042
    -28.7435     -5.16482    -0.242993  0.000798088
     -28.544     -5.21421    -0.242131   0.00746833
    -28.3409     -5.26416    -0.239883    0.0140977
    -28.1378     -5.31347    -0.236162    0.0217902
    -27.9383     -5.36095    -0.230715    0.0319295
    -27.7459      -5.4054    -0.223064    0.0467646
    -27.5644     -5.44562     -0.21237    0.0706217
    -27.3973     -5.48043    -0.197132     0.113019
     -27.198     -5.51732    -0.166468     0.187651
    -26.9987     -5.54642    -0.121059     0.259516
    -26.8242     -5.56352   -0.0742825     0.255056
    -26.6578     -5.57277   -0.0400516     0.141971
    -26.4831     -5.57835   -0.0278452   0.00578401
    -26.2833     -5.58444   -0.0354423   -0.0671941
     -26.078     -5.59329   -0.0507965   -0.0665785
    -25.9142     -5.60237    -0.059381   -0.0410464
    -25.7356     -5.61356   -0.0652741   -0.0262194
    -25.5453     -5.62641   -0.0693023   -0.0167116
    -25.3461     -5.64053   -0.0719316  -0.00999634
    -25.1411     -5.65547   -0.0734262  -0.00472928
    -24.9334     -5.67082   -0.0739216 -7.84901e-05
    -24.7259     -5.68615   -0.0734581   0.00459378
    -24.5216     -5.70105   -0.0719902   0.00993452
    -24.3236      -5.7151   -0.0693748    0.0168094
    -24.1348     -5.72786   -0.0653358    0.0266455
    -23.9228     -5.74094   -0.0568216    0.0560753
    -23.7221     -5.75098   -0.0418885    0.0938404
    -23.5323       -5.757   -0.0202905     0.133644
    -23.3491     -5.75827    0.0074469     0.167663
    -23.1684     -5.75406     0.039832     0.187898
    -22.9861     -5.74362      0.07462     0.189893
    -22.7979     -5.72621     0.109311     0.174854
    -22.5997     -5.70111     0.141716     0.148515
     -22.407     -5.67094      0.16788     0.118656
    -22.2333     -5.63977     0.186735    0.0967754
     -22.052     -5.60392     0.203169    0.0820714
    -21.8645     -5.56383     0.217884    0.0721705
    -21.6726     -5.51995     0.231405    0.0656889
    -21.4778     -5.47274     0.244142      0.06182
    -21.2818     -5.42263     0.256441    0.0601246
    -21.0863     -5.37007     0.268614    0.0604271
    -20.8927     -5.31552     0.280965    0.0627782
    -20.7029     -5.25942     0.293814    0.0674679
    -20.5183     -5.20221      0.30753    0.0750962
    -20.3324      -5.1416     0.323323     0.087282
    -20.1415     -5.07566     0.342379     0.101327
    -19.9584     -5.00826     0.363372     0.113465
    -19.7814     -4.93869     0.385856     0.122319
    -19.6088     -4.86622     0.409244     0.126746
    -19.4389     -4.79015     0.432855     0.126112
    -19.2702     -4.70976     0.455978     0.120465
    -19.1008     -4.62433     0.477945     0.110524
    -18.9291     -4.53315     0.498194    0.0974943
    -18.7535      -4.4355     0.516314    0.0827895
    -18.5816     -4.33611     0.531514    0.0720616
    -18.4116      -4.2346     0.545257    0.0673586
    -18.2392     -4.12843     0.558677    0.0656803
    -18.0662     -4.01865      0.57219    0.0666477
    -17.8944     -3.90627       0.5862    0.0702599
    -17.7255     -3.79231     0.601131    0.0768746
    -17.5613     -3.67779     0.617483    0.0872862
    -17.4037     -3.56375     0.635875     0.102932
    -17.2545      -3.4512     0.657138      0.12632
    -17.1154     -3.34115     0.682441     0.161901
    -16.9882     -3.23465     0.713519     0.217917
    -16.8167     -3.07743     0.773925     0.302618
     -16.669     -2.92247      0.84791     0.387713
    -16.5468     -2.77237     0.928816     0.440191
    -16.4444     -2.62326      1.00839     0.426429
     -16.356      -2.4713      1.07668      0.33949
    -16.2758     -2.31262      1.12571     0.209259
    -16.2021     -2.15192      1.15223      0.12074
     -16.137     -2.00148      1.17339     0.136331
     -16.072     -1.84129      1.19794     0.146963
    -16.0081     -1.67093      1.22536     0.153715
     -15.946     -1.48999      1.25516     0.157364
    -15.8866     -1.29805      1.28693     0.158489
     -15.831      -1.0947      1.32028     0.157537
    -15.7799    -0.879531      1.35485     0.154877
    -15.7374    -0.669557      1.38729     0.140247
    -15.7052    -0.483316      1.41094     0.111483
    -15.6763    -0.291514      1.43032    0.0892427
    -15.6502   -0.0957622      1.44612    0.0714642
    -15.6267     0.102328      1.45886    0.0566965
    -15.6054     0.301147      1.46889     0.043856
     -15.586     0.499083      1.47643    0.0320584
     -15.568     0.694525      1.48159    0.0204878
    -15.5512     0.885862      1.48438   0.00826848
    -15.5352      1.07148      1.48466  -0.00569494
    -15.5188       1.2593      1.48219   -0.0148746
    -15.5003      1.46495      1.48066   0.00092344
    -15.4827      1.66138      1.48273     0.020713
    -15.4664      1.85128      1.48876    0.0428719
     -15.452      2.03735      1.49883    0.0649069
    -15.4399      2.22227       1.5127    0.0839714
    -15.4306      2.40873      1.52975    0.0976205
    -15.4246      2.59944      1.54915     0.104485
    -15.4224      2.79708      1.56991     0.104555
     -15.424      2.98757      1.58755    0.0808134
    -15.4287      3.18332       1.6015    0.0626357
     -15.436      3.38298      1.61257    0.0488502
    -15.4453       3.5843      1.62127    0.0378051
    -15.4561      3.78503       1.6279    0.0283427
    -15.4679      3.98294      1.63265    0.0195267
    -15.4802      4.17578      1.63556    0.0104307
    -15.4924      4.36132      1.63656 -0.000101293
    -15.5039      4.53732      1.63541   -0.0138445
    -15.5182      4.75928      1.63649    0.0317924
    -15.5331      4.96767       1.6504     0.106274
     -15.551      5.16088      1.67981     0.200088
     -15.575      5.34322      1.72563     0.297602
    -15.6077      5.51901      1.78617     0.373814
     -15.652      5.69257      1.85677     0.405525
    -15.7053      5.85334      1.92382     0.366176
     -15.764      6.00034      1.97569     0.290151
    -15.8333      6.15254      2.01816     0.219822
     -15.913      6.31148      2.05164     0.159221
    -16.0031      6.47868      2.07694     0.109622
    -16.1035      6.65569      2.09506    0.0705748
    -16.2141      6.84404      2.10703    0.0407737
    -16.3347      7.04528      2.11383    0.0186347
    -16.4459      7.22884      2.11662    0.0117668
    -16.5467      7.39434      2.11909    0.0138206
    -16.6512      7.56489      2.12208    0.0161362
    -16.7583      7.73845      2.12565    0.0189243
     -16.867      7.91299      2.12989    0.0224388
    -16.9761      8.08648      2.13493    0.0270302
    -17.0847      8.25689      2.14099    0.0332255
    -17.1915      8.42218      2.14832    0.0418674
    -17.2955      8.58033      2.15735     0.054378
    -17.3957       8.7293      2.16867    0.0733039
    -17.4909      8.86706      2.18323     0.103526
    -17.6332      9.06369      2.21248     0.133237
     -17.773      9.24464      2.24515     0.149684
    -17.8986      9.39713      2.27401     0.134995
    -18.0132      9.52959      2.29275    0.0680557
    -18.1202      9.65044      2.29482   -0.0498513
    -18.2227       9.7681      2.27682    -0.177617
    -18.3354      9.90456      2.24714    -0.126454
    -18.4517      10.0522      2.23122   -0.0456124
    -18.5697      10.2048      2.22933    0.0243704
    -18.6909      10.3601      2.24049     0.088016
    -18.8167      10.5154      2.26419     0.148681
    -18.9413      10.6607       2.2948     0.138131
    -19.0649      10.7975      2.31364    0.0667833
    -19.1924      10.9353      2.31978 -8.70826e-05
    -19.3231      11.0764      2.31389   -0.0593936
     -19.456      11.2233      2.29701    -0.109089
    -19.5902      11.3783      2.27044    -0.147946
    -19.7125      11.5279      2.24265    -0.123869
    -19.8299      11.6787      2.22273   -0.0862261
    -19.9469      11.8344      2.20905   -0.0550671
    -20.0633      11.9928      2.20099   -0.0274043
    -20.1789      12.1519      2.19821 -0.000794377
    -20.2933      12.3094      2.20072    0.0271051
    -20.4061      12.4629      2.20882    0.0585517
    -20.5111      12.6029      2.22098    0.0797537
    -20.6176      12.7409      2.23627    0.0941941
    -20.7284      12.8796      2.25358    0.0992391
    -20.8464      13.0219      2.27166     0.095103
    -20.9742      13.1706      2.28933    0.0843117
    -21.1148      13.3287      2.30568    0.0702294
    -21.2709      13.4989      2.32019      0.05574
    -21.4032      13.6396      2.32954    0.0418297
    -21.5401      13.7829      2.33691     0.033324
    -21.6825        13.93      2.34317    0.0282102
     -21.828      14.0785       2.3487    0.0253449
     -21.974      14.2259      2.35381    0.0242144
    -22.1178      14.3698      2.35876    0.0247221
    -22.2571      14.5076      2.36381    0.0271839
    -22.3891       14.637      2.36927     0.032555
    -22.5114      14.7554       2.3756    0.0431521
    -22.6531      14.8904      2.38512    0.0429126
    -22.8109      15.0385      2.38783   -0.0343996
     -22.943      15.1643      2.36867    -0.187069
    -23.0611      15.2842      2.32516    -0.312149
    -23.1772      15.4148      2.27013    -0.293589
    -23.3031      15.5727      2.22145    -0.187809
    -23.3929      15.6934      2.20229   -0.0799631
    -23.4908      15.8286      2.19456   -0.0186144
    -23.5967      15.9758      2.19506    0.0212957
    -23.7101      16.1322      2.20218    0.0510653
    -23.8307       16.295      2.21516    0.0765008
     -23.958      16.4614      2.23377     0.101083
    -24.0917      16.6286      2.25818     0.127335
    -24.2315      16.7937       2.2889     0.157499
    -24.3705      16.9474      2.32301     0.146147
    -24.5054      17.0882      2.34476    0.0766188
     -24.642      17.2266       2.3528   0.00585887
    -24.7784      17.3643      2.34699   -0.0660354
    -24.9125      17.5033      2.32721    -0.139011
    -25.0425      17.6455      2.29335    -0.212424
    -25.1665      17.7928      2.24548    -0.284378
    -25.2825       17.947      2.18402    -0.351204
    -25.3886        18.11      2.10999    -0.407389
     -25.483      18.2837      2.02523    -0.446445
     -25.553      18.4414      1.95519    -0.365625
    -25.6144      18.6072      1.89731    -0.290736
    -25.6684      18.7806      1.85069    -0.224296
    -25.7165      18.9607      1.81443     -0.16627
      -25.76      19.1468      1.78761    -0.115695
    -25.8002      19.3381      1.76944   -0.0712507
    -25.8384      19.5338      1.75927   -0.0315786
     -25.876      19.7331      1.75659   0.00457544
    -25.9143      19.9352      1.76104    0.0382998
    -25.9547      20.1393      1.77239    0.0704979
    -25.9985      20.3446       1.7905     0.101879
    -26.0467      20.5502      1.81053    0.0827861
    -26.0985      20.7552      1.82555    0.0595895
    -26.1527      20.9588      1.83576    0.0373417
     -26.208      21.1599      1.84122    0.0148755
    -26.2629      21.3576      1.84186  -0.00911545
    -26.3163       21.551      1.83739   -0.0362375
    -26.3667      21.7391      1.82731   -0.0686332
     -26.413      21.9209       1.8108    -0.109349
    -26.4536      22.0954      1.78667     -0.16293
    -26.4874      22.2618      1.75318    -0.236397
    -26.5129       22.419      1.70781    -0.340828
     -26.534      22.6404       1.6217     -0.41424
     -26.535      22.8593      1.52784    -0.434487
    -26.5179       23.058      1.44427    -0.390358
    -26.4883      23.2417      1.38137    -0.272632
    -26.4516      23.4153       1.3481   -0.0929482
    -26.4131      23.5838       1.3502     0.120469
    -26.3781      23.7528      1.38877     0.282381
    -26.3496      23.9293      1.43045     0.184833
    -26.3266      24.1107      1.45572    0.0932412
    -26.3061      24.2979      1.46539    0.0117576
    -26.2854      24.4912      1.46068   -0.0577476
    -26.2617      24.6914      1.44305    -0.114596
    -26.2321      24.8991      1.41414    -0.158648
    -26.1992      25.0885      1.38392    -0.138146
    -26.1624      25.2713      1.36182    -0.100292
    -26.1211      25.4581      1.34571   -0.0691308
    -26.0766      25.6477      1.33492   -0.0423277
    -26.0299      25.8391        1.329   -0.0180793
    -25.9823      26.0312      1.32773   0.00511471
     -25.935      26.2231      1.33104    0.0286326
    -25.8891      26.4137      1.33909    0.0538916
    -25.8466       26.598      1.34876    0.0430099
    -25.8061      26.7803      1.35507       0.0243
    -25.7665      26.9626      1.35778   0.00475565
    -25.7267      27.1462      1.35687   -0.0142803
    -25.6859      27.3323      1.35246   -0.0315753
    -25.6431      27.5223      1.34483   -0.0461661
    -25.5972      27.7173      1.33439   -0.0574559
    -25.5473      27.9187       1.3216    -0.065236
     -25.503       28.089      1.31027    -0.061881
    -25.4575      28.2562      1.29996   -0.0572062
    -25.4088       28.428      1.29012   -0.0530846
     -25.357      28.6045       1.2807   -0.0494357
    -25.3021      28.7855      1.27166   -0.0461926
     -25.244      28.9711      1.26297   -0.0432995
    -25.1827       29.161      1.25459   -0.0407096
    -25.1182      29.3554       1.2465   -0.0383833
    -25.0505      29.5542      1.23867   -0.0362874
    -24.9796      29.7572      1.23107   -0.0343935
    -24.9104       29.951      1.22442   -0.0276734
    -24.8433      30.1355      1.22001    -0.017466
    -24.7747      30.3221      1.21748  -0.00819215
    -24.7054      30.5098      1.21672  0.000597468
    -24.6359      30.6981      1.21771   0.00930094
    -24.5669      30.8859      1.22047    0.0183047
    -24.4991      31.0726      1.22505    0.0280211
    -24.4332      31.2573      1.23159    0.0389291
    -24.3699      31.4392      1.24027    0.0516271
    -24.3098      31.6176      1.25137    0.0669059
    -24.2535      31.7916      1.26527    0.0858574
    -24.2017      31.9605      1.28246     0.110046
     -24.145      32.1605      1.30578     0.106351
    -24.0924      32.3627      1.32596    0.0851354
    -24.0454      32.5571      1.34011    0.0546272
     -24.002      32.7452      1.34704     0.015687
    -23.9603      32.9284      1.34583   -0.0295019
    -23.9184      33.1082      1.33597   -0.0775022
    -23.8742      33.2862      1.31744    -0.123984
    -23.8258      33.4637      1.29078    -0.164387
    -23.7713      33.6422      1.25707    -0.194792
    -23.7123      33.8136      1.22287    -0.170306
    -23.6477      33.9841      1.19522    -0.134121
    -23.5774      34.1567      1.17322    -0.102743
    -23.5022      34.3314      1.15636   -0.0751906
    -23.4231      34.5081      1.14423   -0.0505961
    -23.3411      34.6865      1.13653   -0.0282058
    -23.2571      34.8665      1.13302  -0.00736395
    -23.1722       35.048      1.13355    0.0125053
    -23.0871      35.2308      1.13803    0.0319164
     -23.003       35.415      1.14646    0.0507992
    -22.9164       35.609      1.15571    0.0364927
    -22.8319      35.8025      1.16197    0.0227434
    -22.7494      35.9941      1.16527     0.008721
    -22.6688       36.182      1.16553  -0.00651348
    -22.5901      36.3648      1.16254   -0.0241561
    -22.5133      36.5409      1.15591   -0.0458872
    -22.4384      36.7087      1.14501   -0.0742589
    -22.3653      36.8667      1.12891    -0.113403
     -22.294      37.0134      1.10614    -0.170403
    -22.2085      37.1768      1.07016    -0.207838
    -22.1187      37.3337       1.0324    -0.202647
     -22.027      37.4816      1.00066    -0.155928
    -21.9308      37.6279      0.97955    -0.083639
    -21.8272      37.7804     0.970842   -0.0143126
    -21.7135      37.9467     0.973205    0.0325357
     -21.587      38.1346     0.983511    0.0542652
     -21.479      38.2987     0.993448     0.037566
    -21.3804      38.4509     0.998259    0.0170594
    -21.2766      38.6124      1.00005   0.00241439
    -21.1687      38.7804     0.999315  -0.00946025
    -21.0577      38.9524     0.996249   -0.0204416
    -20.9449      39.1258      0.99085   -0.0319563
    -20.8312      39.2979     0.982922   -0.0454269
    -20.7179       39.466     0.972054   -0.0626738
    -20.6061      39.6275     0.957552    -0.086478
    -20.4968      39.7799     0.938301    -0.121623
    -20.3911      39.9205     0.912493    -0.177132
    -20.2552      40.0885     0.867884    -0.229178
    -20.1186      40.2419     0.817243    -0.259833
    -19.9862      40.3763     0.768135    -0.253061
    -19.8547       40.498     0.726917    -0.198942
    -19.7206      40.6136     0.699241    -0.110366
    -19.5808      40.7295     0.687901   -0.0170173
    -19.4318      40.8522     0.692087    0.0544431
    -19.2775       40.982      0.70707    0.0754995
    -19.1329       41.107     0.718101    0.0428839
    -18.9815      41.2402     0.724422    0.0211351
    -18.8261      41.3782     0.726996   0.00413512
    -18.6693      41.5176     0.726203   -0.0117831
    -18.5142      41.6549     0.721972   -0.0297569
    -18.3634      41.7867     0.713768   -0.0538413
    -18.2199      41.9095     0.700401   -0.0912462
    -18.0863      42.0199     0.679535    -0.157803
    -17.9483      42.1275     0.640461      -0.2934
    -17.7662      42.2525     0.555946     -0.47193
    -17.6101      42.3402     0.468224    -0.448315
    -17.4599      42.4107     0.419635    -0.107465
    -17.2955      42.4842     0.430095     0.175355
    -17.1116      42.5733     0.472922     0.191662
     -16.959       42.654      0.49652    0.0964428
    -16.7912      42.7465     0.509999    0.0495039
    -16.6137      42.8467      0.51696    0.0207614
    -16.4319      42.9504     0.518901  -0.00178652
    -16.2512      43.0533     0.516167    -0.025347
    -16.0772      43.1513      0.50812   -0.0579768
    -15.9152      43.2401     0.492769     -0.11556
    -15.7245      43.3386     0.457526    -0.203425
     -15.534      43.4268     0.407757    -0.261849
    -15.3672      43.4943     0.363192    -0.207541
    -15.2069      43.5528     0.341601    -0.036559
    -15.0357       43.614     0.349468     0.103533
    -14.8698      43.6761     0.363714    0.0381331
    -14.6936      43.7434     0.364992   -0.0200048
    -14.5069       43.814     0.356324     -0.06613
    -14.3156      43.8834     0.337914    -0.116694
    -14.1254      43.9473     0.307921    -0.187755
    -13.9416      44.0015     0.261751    -0.302119
    -13.7532      44.0462     0.205687    -0.264496
    -13.5721      44.0799     0.165631    -0.160723
    -13.3908      44.1083     0.148451   -0.0262365
    -13.2019      44.1368     0.155137    0.0881959
    -12.9979      44.1712     0.181076     0.152453
    -12.8044      44.2096     0.208136     0.101564
    -12.6098      44.2523     0.222764    0.0493387
    -12.4096      44.2984      0.22881    0.0107014
    -12.2101      44.3449     0.227232   -0.0269803
    -12.0173      44.3886     0.217405    -0.076131
    -11.8375      44.4266     0.196706    -0.159114
    -11.6584      44.4588     0.153583    -0.310105
    -11.4534      44.4831    0.0804009    -0.374863
    -11.2746       44.492    0.0238919    -0.212927
    -11.0969      44.4944     0.011621    0.0638254
    -10.8963      44.4993     0.040777     0.187381
    -10.7319       44.508    0.0621914    0.0870789
    -10.5493      44.5205    0.0728084    0.0343655
    -10.3536      44.5352    0.0759872  0.000149335
      -10.15      44.5505    0.0731138   -0.0277759
    -9.94337      44.5648    0.0644487   -0.0565736
    -9.73895      44.5766    0.0493484   -0.0930086
    -9.54357      44.5844    0.0312948   -0.0875531
    -9.35307      44.5889    0.0159649   -0.0722636
    -9.16445      44.5907   0.00420378   -0.0517556
    -8.97488      44.5907  -0.00343508   -0.0287175
    -8.78153      44.5897  -0.00676966  -0.00620514
     -8.5816      44.5883  -0.00598964    0.0131928
    -8.38051      44.5873  -0.00470477  -0.00935146
    -8.17623       44.586  -0.00990506   -0.0414503
    -7.97115      44.5828   -0.0219105   -0.0767783
    -7.77002      44.5766   -0.0417363     -0.12318
     -7.5776      44.5659   -0.0716371    -0.193239
    -7.39864      44.5494    -0.115874     -0.31213
    -7.22115      44.5226     -0.18895    -0.465814
    -7.02832      44.4768    -0.273777    -0.346602
    -6.85446      44.4237    -0.308987   -0.0145771
     -6.6809      44.3702    -0.278716     0.323734
    -6.48896      44.3231    -0.197362     0.456079
    -6.30743      44.2943     -0.12451     0.279205
    -6.12741      44.2753   -0.0897121     0.121414
    -5.93419      44.2595   -0.0766658    0.0196939
    -5.73316      44.2439   -0.0810947   -0.0618909
    -5.52974      44.2255    -0.101998    -0.144447
    -5.32933      44.2014     -0.14093     -0.24671
    -5.13123      44.1674    -0.203816    -0.363599
    -4.92544      44.1162    -0.284201    -0.392886
    -4.73464      44.0521    -0.365216    -0.409555
     -4.5574      43.9761    -0.444577    -0.410571
    -4.39225      43.8896    -0.519948    -0.394999
    -4.23775      43.7938    -0.589186    -0.364113
    -4.09946      43.6953    -0.646766    -0.302532
    -3.96953      43.5926    -0.688603    -0.199389
    -3.83748      43.4808    -0.713531   -0.0917428
    -3.69751      43.3582    -0.722053  -0.00604436
    -3.54382      43.2233    -0.717111     0.048205
    -3.37058      43.0743    -0.702581    0.0744715
    -3.20802      42.9389    -0.687125    0.0557943
     -3.0646      42.8221    -0.680184    0.0217003
    -2.91325         42.7     -0.67853  -0.00356986
    -2.75706      42.5738    -0.681463   -0.0252774
     -2.5991      42.4448    -0.688802   -0.0469142
    -2.44245      42.3144    -0.700797   -0.0715848
    -2.29019      42.1838    -0.718145    -0.103023
    -2.14541      42.0544    -0.742117    -0.146851
    -2.01117      41.9274    -0.774833    -0.212819
    -1.86847      41.7805    -0.828166    -0.292882
    -1.71791      41.6041    -0.901844    -0.340923
    -1.59502      41.4364    -0.975737    -0.364457
    -1.49429      41.2761     -1.04375    -0.344767
    -1.41024      41.1216     -1.09867     -0.26955
    -1.33737      40.9719     -1.13354    -0.140246
    -1.27046       40.826     -1.14511    -0.048922
    -1.20564      40.6811      -1.1563   -0.0891948
    -1.14035      40.5294     -1.17296    -0.108463
    -1.07277      40.3641     -1.19236     -0.10568
    -1.00104      40.1783     -1.21189   -0.0893181
    -0.92333      39.9651     -1.22979   -0.0688994
   -0.845918      39.7417     -1.24401   -0.0544501
   -0.792932       39.583     -1.25333   -0.0570838
   -0.738079      39.4131     -1.26383   -0.0606393
   -0.682389      39.2338     -1.27564   -0.0653369
   -0.626891      39.0468     -1.28895   -0.0714422
   -0.572613       38.854     -1.30402   -0.0793122
   -0.520585      38.6572     -1.32116   -0.0894455
   -0.471835       38.458     -1.34078     -0.10255
   -0.427392      38.2583     -1.36343    -0.119644
   -0.388285      38.0599      -1.3898    -0.142219
   -0.355544      37.8644     -1.42082    -0.172495
   -0.328149      37.6565     -1.45884    -0.179673
   -0.308461      37.4463     -1.49556    -0.167111
   -0.296461      37.2421     -1.52799    -0.148953
   -0.290751      37.0435     -1.55533    -0.125266
   -0.289932        36.85     -1.57687   -0.0962667
   -0.292607      36.6609     -1.59195    -0.062282
   -0.297378      36.4757     -1.59999   -0.0237291
   -0.302847       36.294      -1.6005    0.0188679
   -0.307617      36.1152     -1.59307    0.0648179
   -0.310363      35.9307     -1.57738    0.0913751
    -0.30996      35.7354     -1.56037    0.0825313
   -0.306459      35.5419     -1.54537    0.0722267
   -0.300302      35.3496     -1.53257    0.0607226
   -0.291929       35.158      -1.5221    0.0483255
   -0.281783      34.9664     -1.51406    0.0353694
   -0.270303      34.7744     -1.50853    0.0221978
   -0.257932      34.5814      -1.5055   0.00914655
   -0.245169      34.3876     -1.50495  -0.00257368
   -0.232849      34.1998     -1.50575  -0.00592051
   -0.220628      34.0102     -1.50718  -0.00913704
   -0.208639       33.819     -1.50923    -0.012255
   -0.197016      33.6265     -1.51189   -0.0153032
   -0.185895      33.4327     -1.51516   -0.0183079
   -0.175407      33.2378     -1.51902   -0.0212939
   -0.165689      33.0419     -1.52349   -0.0242843
   -0.156872      32.8454     -1.52856   -0.0273013
   -0.149273      32.6532     -1.53394   -0.0263724
   -0.142835      32.4672     -1.53827   -0.0200788
   -0.137064      32.2802     -1.54143   -0.0137744
   -0.131736      32.0917     -1.54344  -0.00758189
    -0.12663      31.9014     -1.54431  -0.00161428
   -0.121524      31.7088     -1.54407   0.00402916
   -0.116196      31.5136     -1.54277   0.00926548
   -0.110424      31.3154     -1.54045    0.0140298
   -0.103985      31.1137     -1.53718    0.0182757
  -0.0967788      30.9113     -1.53314    0.0199442
  -0.0891413      30.7176     -1.52985    0.0141176
  -0.0808666      30.5214      -1.5276   0.00891526
  -0.0721836      30.3239     -1.52632   0.00407472
  -0.0633209      30.1258     -1.52598 -0.000630236
  -0.0545074      29.9284     -1.52657  -0.00541344
  -0.0459719      29.7324     -1.52812    -0.010498
  -0.0379432       29.539     -1.53069     -0.01614
  -0.0306499       29.349     -1.53436   -0.0226578
   -0.024321      29.1636     -1.53926   -0.0304745
  -0.0189148      28.9728     -1.54589   -0.0363311
  -0.0143602      28.7579      -1.5531    -0.030334
  -0.0112995      28.5515     -1.55857   -0.0222608
 -0.00924422      28.3525     -1.56202   -0.0120062
 -0.00770576        28.16     -1.56318  0.000411357
 -0.00619567      27.9733     -1.56179    0.0148156
 -0.00422547      27.7913     -1.55766    0.0308487
 -0.00130664      27.6131     -1.55066    0.0479644
  0.00301409       27.439     -1.54093    0.0586104
  0.00884368      27.2699     -1.53216    0.0444385
   0.0160041      27.0993     -1.52597    0.0279957
   0.0241855      26.9246     -1.52252    0.0117068
   0.0330782      26.7429     -1.52173  -0.00238312
   0.0423722      26.5512     -1.52328   -0.0130775
   0.0517577      26.3469     -1.52674   -0.0200924
   0.0609249      26.1271     -1.53163   -0.0238197
   0.0695639       25.889     -1.53749   -0.0249929
   0.0747593      25.7236     -1.54113   -0.0192014
   0.0796195       25.551     -1.54404   -0.0148234
   0.0842086      25.3712     -1.54639   -0.0114454
   0.0885664      25.1853     -1.54826  -0.00876127
   0.0927327       24.994     -1.54972  -0.00656439
   0.0967474      24.7981     -1.55082  -0.00471029
     0.10065      24.5987     -1.55159  -0.00309389
    0.104481      24.3964     -1.55207  -0.00163528
     0.10828      24.1923     -1.55226 -0.000270241
    0.112087      23.9871     -1.55218   0.00105634
    0.115941      23.7818     -1.55183   0.00239561
    0.119882      23.5772     -1.55119   0.00379915
    0.123979      23.3728     -1.55028   0.00460026
    0.128309       23.166      -1.5495   0.00295403
    0.132712      22.9616     -1.54907   0.00120868
    0.137112      22.7597     -1.54901 -0.000643992
    0.141434      22.5602     -1.54933  -0.00261298
    0.145599      22.3631     -1.55005  -0.00470817
    0.149533      22.1686     -1.55118  -0.00694039
    0.153158      21.9765     -1.55274  -0.00932156
    0.156397       21.787     -1.55475   -0.0118647
    0.159176         21.6     -1.55722   -0.0145843
    0.161416      21.4155     -1.56017   -0.0174959
    0.163042      21.2337     -1.56363   -0.0206169
    0.163977      21.0544     -1.56763   -0.0239662
    0.164135      20.8581     -1.57231   -0.0229654
    0.163404      20.6608     -1.57662   -0.0206912
    0.161892       20.466      -1.5804   -0.0180365
    0.159721       20.273      -1.5836    -0.015046
     0.15701      20.0813     -1.58617   -0.0117798
    0.153883      19.8906     -1.58809  -0.00831115
    0.150459      19.7001     -1.58934  -0.00472228
     0.14686      19.5095     -1.58989  -0.00110078
    0.143207      19.3181     -1.58976   0.00246532
    0.139622      19.1255     -1.58895   0.00589209
    0.136225      18.9311     -1.58749   0.00910392
    0.133279      18.7452     -1.58584   0.00828457
    0.130608      18.5585      -1.5844   0.00712373
    0.128163        18.37     -1.58316   0.00603351
    0.125913      18.1797     -1.58211   0.00500469
    0.123828      17.9879     -1.58125   0.00402905
    0.121877      17.7945     -1.58056   0.00309922
    0.120029      17.5998     -1.58004   0.00220853
    0.118254      17.4038     -1.57969   0.00135091
     0.11652      17.2067     -1.57951  0.000520821
    0.114799      17.0085     -1.57949 -0.000286886
    0.113058      16.8094     -1.57962    -0.001077
    0.111285      16.6115     -1.57991  -0.00162391
    0.109493      16.4181     -1.58021  -0.00156947
    0.107638      16.2243     -1.58051  -0.00152047
    0.105722      16.0301     -1.58081  -0.00147652
     0.10375      15.8357     -1.58109  -0.00143729
    0.101722      15.6414     -1.58136  -0.00140249
    0.099643      15.4471     -1.58163   -0.0013719
   0.0975152      15.2532      -1.5819  -0.00134532
   0.0953418      15.0596     -1.58216  -0.00132259
   0.0931254      14.8667     -1.58241  -0.00130361
   0.0908692      14.6745     -1.58266   -0.0012883
    0.088576      14.4831      -1.5829  -0.00127661
   0.0862306      14.2913     -1.58315  -0.00147946
   0.0837783      14.0957     -1.58353  -0.00242464
   0.0812465       13.901      -1.5841  -0.00338583
   0.0785982      13.7071     -1.58485  -0.00435579
   0.0757963       13.514     -1.58578  -0.00532696
   0.0728036      13.3213      -1.5869  -0.00629159
   0.0695831       13.129     -1.58821  -0.00724188
   0.0660976      12.9368     -1.58969  -0.00817009
   0.0623102      12.7446     -1.59134  -0.00906873
   0.0581836      12.5523     -1.59317  -0.00993061
   0.0536808      12.3596     -1.59517   -0.0107491
   0.0487646      12.1663     -1.59732    -0.011518
   0.0435007      11.9758     -1.59947   -0.0101225
   0.0379254      11.7871      -1.6011  -0.00717448
   0.0320694      11.5976     -1.60219  -0.00428152
   0.0260329      11.4073     -1.60273  -0.00144751
   0.0199159      11.2161     -1.60274   0.00132402
   0.0138187       11.024     -1.60223   0.00402979
  0.00784143       10.831     -1.60119   0.00666681
  0.00208413      10.6369     -1.59965   0.00923228
 -0.00335302      10.4419      -1.5976    0.0117236
 -0.00836987      10.2458     -1.59506    0.0141385
  -0.0128663      10.0485     -1.59204    0.0164746
  -0.0167422      9.85015     -1.58855    0.0187299
  -0.0198689       9.6531     -1.58482     0.017537
  -0.0223056      9.45714     -1.58176     0.013721
  -0.0242201      9.26057     -1.57943    0.0100593
  -0.0257475      9.06374      -1.5778   0.00649272
  -0.0270227      8.86698     -1.57687   0.00296457
  -0.0281807      8.67064     -1.57663 -0.000581099
  -0.0293565      8.47508      -1.5771  -0.00420156
  -0.0306851      8.28064     -1.57828  -0.00795739
  -0.0323015      8.08767     -1.58019   -0.0119147
  -0.0343407      7.89651     -1.58287   -0.0161476
  -0.0369378      7.70751     -1.58635   -0.0207417
  -0.0402276      7.52102     -1.59068   -0.0257975
  -0.0444609      7.33275       -1.596   -0.0286125
  -0.0500115      7.13353      -1.6011    -0.022445
  -0.0563474      6.93736     -1.60484   -0.0154903
  -0.0631894      6.74363     -1.60711  -0.00788829
  -0.0702582      6.55173     -1.60786  0.000182813
  -0.0772749      6.36106     -1.60703   0.00851445
  -0.0839602      6.17101     -1.60462    0.0168781
   -0.090035      5.98098     -1.60063    0.0250381
  -0.0952202      5.79035     -1.59511     0.032765
  -0.0992365      5.59854     -1.58813    0.0398496
   -0.101805      5.40492     -1.57979    0.0461144
   -0.102647      5.20979     -1.57028    0.0493926
   -0.101753      5.02025     -1.56235    0.0344635
  -0.0995872      4.82852     -1.55709    0.0206771
    -0.09663      4.63508     -1.55435   0.00768786
   -0.093362      4.44036     -1.55408  -0.00481095
  -0.0902639      4.24484     -1.55622   -0.0170998
  -0.0878163      4.04897     -1.56078   -0.0294436
  -0.0864998      3.85321     -1.56778   -0.0421016
  -0.0867951      3.65801     -1.57727    -0.055336
  -0.0891828      3.46385     -1.58937   -0.0694196
  -0.0941434      3.27116     -1.60419   -0.0846431
   -0.102158      3.08043     -1.62192    -0.101321
   -0.113827      2.89023     -1.64243    -0.106427
   -0.129349      2.69983     -1.66137    -0.091423
   -0.148027      2.51123     -1.67711   -0.0744349
   -0.169263      2.32372     -1.68944   -0.0560091
   -0.192458      2.13659     -1.69819   -0.0367394
   -0.217014      1.94913     -1.70329   -0.0172309
   -0.242333      1.76064     -1.70474   0.00193183
   -0.267817      1.57039     -1.70259    0.0202113
   -0.292866       1.3777     -1.69699    0.0371375
   -0.316883      1.18183     -1.68813    0.0523234
   -0.339269     0.982093     -1.67625    0.0654755
   -0.359426     0.777771     -1.66164    0.0763995