   -0.359426     0.777771     -1.66164    0.0763995
   -0.382869     0.488472     -1.64268    0.0554473
    -0.40191     0.193786     -1.62875    0.0395185
   -0.417518    -0.101622     -1.61907    0.0261974
   -0.430659    -0.393087     -1.61325    0.0136245
   -0.442302    -0.675946     -1.61127 -9.08137e-05
   -0.453415    -0.945532      -1.6135   -0.0175709
   -0.464965     -1.19718      -1.6209    -0.043497
    -0.47792     -1.42623     -1.63537   -0.0879424
   -0.493168     -1.62858      -1.6579    -0.127823
   -0.510813     -1.80562     -1.68327    -0.157622
   -0.530524     -1.96181     -1.70998    -0.179884
   -0.551962     -2.10166     -1.73589    -0.181959
   -0.574788     -2.22966       -1.758    -0.151663
   -0.598665     -2.35031       -1.773   -0.0867645
   -0.623255     -2.46812     -1.77841  -0.00172163
   -0.648219     -2.58759     -1.77355    0.0778826
   -0.673229     -2.71315     -1.76096    0.0918543
    -0.69826     -2.84704     -1.75109    0.0552408
   -0.723645     -2.98893     -1.74522     0.027764
   -0.749735     -3.13832      -1.7427   0.00655103
   -0.776884     -3.29474     -1.74305     -0.01029
   -0.805446      -3.4577     -1.74593   -0.0240371
   -0.835773     -3.62671     -1.75108   -0.0355737
   -0.868218     -3.80129     -1.75831   -0.0455239
   -0.903134     -3.98095     -1.76742   -0.0515231
    -0.94063      -4.1648      -1.7763   -0.0435668
   -0.980199     -4.35094     -1.78403   -0.0380445
    -1.02124     -4.53732     -1.79091   -0.0343072
    -1.06315     -4.72189     -1.79716   -0.0319923
    -1.10532     -4.90257     -1.80298   -0.0309447
    -1.14715     -5.07732     -1.80855   -0.0311988
    -1.18804     -5.24408     -1.81403   -0.0330257
    -1.22739     -5.40079     -1.81966   -0.0370834
     -1.2648     -5.54617     -1.82589   -0.0461404
    -1.30111     -5.68349     -1.83287   -0.0512046
    -1.33762     -5.81768     -1.83994   -0.0491771
    -1.37562     -5.95369     -1.84634   -0.0405951
     -1.4164     -6.09644     -1.85149   -0.0287182
    -1.46125     -6.25087     -1.85514   -0.0172304
    -1.51147     -6.42192     -1.85736  -0.00832935
    -1.56836     -6.61451     -1.85839  -0.00247649
    -1.63309     -6.83323     -1.85866  -0.00102382
     -1.7053       -7.077     -1.85895  -0.00126031
    -1.78341     -7.34032     -1.85933  -0.00149596
    -1.86576     -7.61756      -1.8598  -0.00177858
    -1.95075     -7.90309     -1.86039  -0.00215206
    -2.03673     -8.19127     -1.86111  -0.00267523
    -2.12207      -8.4765     -1.86201  -0.00344396
    -2.20515     -8.75313     -1.86316  -0.00463243
    -2.28435     -9.01556      -1.8648  -0.00956626
    -2.35902     -9.26057     -1.86902   -0.0243124
    -2.43008      -9.4888     -1.87706   -0.0441143
    -2.49862     -9.70126     -1.88964   -0.0700428
    -2.56573     -9.89898     -1.90755    -0.103082
    -2.63249      -10.083     -1.93154    -0.143863
    -2.69999     -10.2543     -1.96233     -0.19225
    -2.76931     -10.4138     -2.00041    -0.246796
    -2.84154     -10.5627     -2.04596    -0.301717
    -2.91734     -10.7021     -2.09075    -0.259469
     -2.9959     -10.8336     -2.12616    -0.199735
    -3.07602     -10.9591     -2.15049    -0.124546
    -3.15654     -11.0802     -2.16238   -0.0367809
    -3.23628     -11.1988     -2.16082    0.0599714
    -3.31406     -11.3166     -2.14524     0.161229
    -3.38871     -11.4355     -2.11554      0.26124
    -3.45904     -11.5571     -2.07224     0.352769
    -3.52408     -11.6832     -2.02408      0.28989
    -3.58466     -11.8135     -1.99018     0.183231
    -3.64252     -11.9472     -1.97084    0.0837072
    -3.69942     -12.0832     -1.96546  -0.00956498
    -3.75712     -12.2206     -1.97354   -0.0980362
    -3.81738     -12.3584     -1.99471    -0.182912
    -3.88197     -12.4956      -2.0287    -0.264543
    -3.95263     -12.6313     -2.07517    -0.341936
    -4.03108     -12.7645     -2.13096    -0.339844
    -4.11726     -12.8948     -2.17757    -0.258551
    -4.20925     -13.0222     -2.21235    -0.185102
      -4.305     -13.1471     -2.23604    -0.116562
    -4.40247     -13.2694     -2.24904   -0.0493183
    -4.49962     -13.3895     -2.25131    0.0209084
    -4.59443     -13.5075     -2.24238    0.0993667
    -4.68485     -13.6234     -2.22116     0.192812
    -4.76884     -13.7376     -2.18634     0.275974
    -4.84588     -13.8507     -2.15369     0.195111
    -4.91896     -13.9642     -2.13439     0.088344
    -4.99156     -14.0799     -2.12991   -0.0206184
    -5.06717     -14.1998     -2.13953    -0.109778
     -5.1493     -14.3255     -2.16078    -0.166926
    -5.24142     -14.4589     -2.19026    -0.191323
    -5.34703     -14.6018     -2.22445    -0.190094
    -5.46963     -14.7559     -2.26036    -0.173035
    -5.61167     -14.9224     -2.29129    -0.111908
    -5.77013     -15.0988     -2.31297    -0.074739
     -5.9401     -15.2811     -2.32855   -0.0521368
    -6.11669     -15.4655     -2.33981   -0.0369152
      -6.295     -15.6482     -2.34771   -0.0253208
    -6.47015     -15.8254     -2.35272   -0.0148447
    -6.63722     -15.9932      -2.3549  -0.00292744
    -6.79134     -16.1478     -2.35381    0.0147461
    -6.92792     -16.2856     -2.34932    0.0261082
    -7.04696     -16.4068     -2.34488    0.0253525
    -7.15178     -16.5144     -2.34148     0.018529
    -7.24578     -16.6114      -2.3399   0.00315994
    -7.33237     -16.7008     -2.34089    -0.020454
    -7.41495     -16.7856     -2.34489   -0.0471453
    -7.49691     -16.8689     -2.35174   -0.0683342
    -7.58166     -16.9537     -2.36061   -0.0773983
    -7.67257      -17.043     -2.37008   -0.0619032
    -7.77151     -17.1385     -2.37615   -0.0287182
    -7.87797     -17.2405     -2.37854  -0.00529213
    -7.99126     -17.3489     -2.37794    0.0119091
    -8.11072     -17.4636     -2.37483    0.0250298
    -8.23563     -17.5845     -2.36954    0.0354214
    -8.36533     -17.7117      -2.3623    0.0439645
    -8.49912      -17.845     -2.35329    0.0512502
    -8.63631     -17.9844     -2.34264    0.0527258
    -8.77675     -18.1295     -2.34003    -0.024465
    -8.92209     -18.2781     -2.35224   -0.0912057
    -9.07436      -18.428     -2.37812    -0.149457
     -9.2356     -18.5767     -2.41663    -0.200104
    -9.40783      -18.722     -2.46672    -0.242941
    -9.59309     -18.8615     -2.52721    -0.276865
    -9.79342     -18.9928     -2.59659    -0.300297
    -10.0108     -19.1136     -2.67299    -0.311823
    -10.2469     -19.2218     -2.74683     -0.24271
    -10.4992     -19.3183      -2.8024    -0.172311
    -10.7636     -19.4053     -2.84245    -0.117811
    -11.0357      -19.485     -2.86934     -0.07318
    -11.3113     -19.5594     -2.88451   -0.0335267
     -11.586     -19.6307     -2.88853   0.00551735
    -11.8558     -19.7013     -2.88117    0.0485884
    -12.1162     -19.7731     -2.86123     0.101636
    -12.3631     -19.8484     -2.82899     0.129311
    -12.5957     -19.9275      -2.7993     0.110529
    -12.8167     -20.0092      -2.7764    0.0821164
    -13.0287     -20.0922     -2.76178    0.0448169
    -13.2345     -20.1752     -2.75662  0.000545741
    -13.4368     -20.2568     -2.76171   -0.0476813
    -13.6383     -20.3356     -2.77729   -0.0959861
    -13.8418     -20.4104       -2.803    -0.140059
    -14.0499     -20.4798     -2.83748    -0.159825
    -14.2644     -20.5433     -2.86852    -0.118806
    -14.4841      -20.602     -2.89133    -0.082555
    -14.7077     -20.6572     -2.90651   -0.0497636
     -14.934     -20.7103     -2.91449    -0.019181
    -15.1615     -20.7626     -2.91551    0.0103735
    -15.3891     -20.8155     -2.90963    0.0400305
    -15.6153     -20.8704     -2.89676    0.0708995
    -15.8389     -20.9285     -2.87661     0.104092
    -16.0587     -20.9909     -2.85386    0.0912274
    -16.2754     -21.0573     -2.83524    0.0728257
    -16.4897     -21.1268     -2.82104    0.0530196
    -16.7026     -21.1988     -2.81144     0.032344
     -16.915     -21.2722     -2.80653    0.0113278
    -17.1278     -21.3464     -2.80633  -0.00951939
    -17.3419     -21.4206      -2.8108   -0.0297138
    -17.5582     -21.4939     -2.81979   -0.0488024
    -17.7776     -21.5655     -2.83178   -0.0486574
    -17.9999     -21.6354     -2.84201   -0.0392742
    -18.2246     -21.7038      -2.8502   -0.0306032
    -18.4509     -21.7708     -2.85645   -0.0224424
    -18.6782     -21.8369     -2.86083   -0.0146071
    -18.9057     -21.9022     -2.86338   -0.0069233
    -19.1329     -21.9669     -2.86411  0.000780193
    -19.3589     -22.0314       -2.863   0.00867886
    -19.5831     -22.0958     -2.86032   0.00989411
    -19.8054     -22.1602     -2.85933  -0.00138794
    -20.0262     -22.2241     -2.86098   -0.0130493
     -20.246      -22.287     -2.86532   -0.0249238
    -20.4655     -22.3485     -2.87235   -0.0368302
    -20.6851      -22.408     -2.88207   -0.0485745
    -20.9053      -22.465     -2.89443   -0.0599527
    -21.1268     -22.5192     -2.90934   -0.0707557
      -21.35       -22.57     -2.92668   -0.0785104
    -21.5754     -22.6172     -2.94274   -0.0610995
    -21.8027     -22.6615     -2.95493   -0.0442532
    -22.0316     -22.7037     -2.96332   -0.0279244
    -22.2619     -22.7446     -2.96798   -0.0120422
    -22.4934     -22.7849     -2.96898   0.00347607
    -22.7257     -22.8257     -2.96636    0.0187159
    -22.9585     -22.8676     -2.96015    0.0337563
    -23.1916     -22.9115     -2.95037    0.0486628
    -23.4247      -22.958     -2.93903    0.0426369
    -23.6578      -23.007      -2.9302    0.0315479
     -23.891     -23.0579     -2.92398    0.0205871
    -24.1244       -23.11     -2.92035   0.00974098
    -24.3581     -23.1627     -2.91931  -0.00100982
     -24.592     -23.2154     -2.92083    -0.011687
    -24.8264     -23.2676     -2.92492   -0.0223116
    -25.0613     -23.3185     -2.93155   -0.0329009
    -25.2968     -23.3677     -2.94025   -0.0355984
     -25.533     -23.4149     -2.94826   -0.0309458
      -25.77     -23.4604     -2.95516   -0.0262411
     -26.008     -23.5046     -2.96094   -0.0215203
    -26.2471     -23.5476      -2.9656   -0.0168176
    -26.4873     -23.5899     -2.96913    -0.012165
    -26.7289     -23.6317     -2.97155  -0.00759212
     -26.972     -23.6732     -2.97287  -0.00312632
    -27.2166     -23.7148     -2.97319  -0.00176258
    -27.4629     -23.7566     -2.97465  -0.00984003
    -27.7106     -23.7979     -2.97812    -0.017754
    -27.9595     -23.8383     -2.98358    -0.025596
    -28.2093     -23.8772     -2.99105   -0.0334508
    -28.4599      -23.914     -3.00052   -0.0413974
     -28.711     -23.9483     -3.01203   -0.0495088
    -28.9623     -23.9793     -3.02562   -0.0578527
    -29.2137     -24.0066     -3.04134   -0.0664902
    -29.4648     -24.0298     -3.05731   -0.0596122
    -29.7148     -24.0491     -3.07137   -0.0525769
    -29.9628      -24.065     -3.08361   -0.0459429
    -30.2079     -24.0779     -3.09409   -0.0395265
    -30.4492     -24.0883     -3.10287   -0.0331313
    -30.6857     -24.0966     -3.10994   -0.0265331
    -30.9166     -24.1033     -3.11527    -0.019459
    -31.1409     -24.1088     -3.11877   -0.0115567
    -31.3578     -24.1135     -3.12059  -0.00623889
    -31.5688     -24.1178     -3.12146  -0.00184442
    -31.7762      -24.122     -3.12134   0.00302291
    -31.9828     -24.1263     -3.12021   0.00784035
    -32.1911     -24.1309     -3.11812    0.0120794
    -32.4038     -24.1362     -3.11519    0.0153301
    -32.6234     -24.1424     -3.11157    0.0173829
    -32.8525     -24.1498     -3.10747    0.0182403
    -33.0936     -24.1585     -3.10331    0.0132209
    -33.3469     -24.1685     -3.10136    0.0026533
    -33.6095     -24.1791     -3.10184  -0.00605861
    -33.8782     -24.1894     -3.10456   -0.0141043
    -34.1496     -24.1989      -3.1095    -0.022399
    -34.4207     -24.2067     -3.11681   -0.0318327
    -34.6883      -24.212     -3.12682   -0.0434878
    -34.9491     -24.2142     -3.14006   -0.0589199
    -35.1999     -24.2125      3.12584   -0.0780421
    -35.4388     -24.2065      3.10709   -0.0783499
    -35.6673     -24.1966      3.08947   -0.0750007
    -35.8876     -24.1834      3.07367   -0.0675561
    -36.1016     -24.1673      3.06032   -0.0560605
    -36.3116     -24.1491      3.05002   -0.0411309
    -36.5198     -24.1292       3.0432   -0.0239149
    -36.7282     -24.1082      3.04007  -0.00590745
     -36.939     -24.0867      3.04068    0.0113235
    -37.1539     -24.0653      3.04364    0.0138412
    -37.3717     -24.0442      3.04669    0.0140846
    -37.5901     -24.0238      3.04986    0.0149321
    -37.8068     -24.0042      3.05326    0.0164758
    -38.0194     -23.9858      3.05702    0.0189204
    -38.2256     -23.9687      3.06129    0.0226437
     -38.423     -23.9533      3.06629    0.0283265
    -38.6094     -23.9398      3.07234    0.0372338
    -38.7824     -23.9284      3.07862    0.0218001
    -38.9431     -23.9183      3.07816   -0.0309237
    -39.0949     -23.9081      3.06858   -0.0969615
    -39.2415     -23.8961      3.04931     -0.16426
    -39.3865     -23.8807      3.02122    -0.217229
    -39.5336     -23.8603      2.98661    -0.243859
    -39.6864     -23.8335      2.94861    -0.241509
    -39.8486     -23.7985      2.91037    -0.216797
    -40.0237     -23.7538      2.87475    -0.168032
    -40.2127     -23.6993      2.84811    -0.109139
    -40.4109     -23.6372      2.82936   -0.0743352
    -40.6134     -23.5703      2.81612   -0.0512903
     -40.815     -23.5011      2.80711   -0.0337535
    -41.0108     -23.4325      2.80176    -0.017536
    -41.1956     -23.3669      2.80011   0.00189353
    -41.3644     -23.3071       2.8029    0.0329368
    -41.5121     -23.2557      2.81231    0.0988094
    -41.6354     -23.2142       2.8188   -0.0292502
    -41.7385      -23.179      2.80142    -0.329516
    -41.8271     -23.1454       2.7503    -0.765223
    -41.9073     -23.1086      2.66669     -1.08202
     -41.985     -23.0637      2.56912     -1.02699
    -42.0662     -23.0058      2.48192     -0.71026
    -42.1569     -22.9303      2.41811    -0.396235
    -42.2629     -22.8322      2.37743    -0.192941
    -42.3899     -22.7074      2.35569   -0.0651542
    -42.5382     -22.5576      2.34935  -0.00387408
    -42.7055     -22.3884      2.35273    0.0290752
    -42.8892     -22.2052       2.3634    0.0519678
    -43.0869     -22.0135      2.38053    0.0722338
    -43.2961     -21.8187      2.40422    0.0939955
    -43.5143     -21.6264      2.43528     0.120622
     -43.739     -21.4419      2.47522     0.156015
    -43.9678     -21.2708      2.52459     0.173827
    -44.1978     -21.1155      2.56994     0.152873
    -44.4257     -20.9751      2.60804     0.131476
    -44.6483     -20.8484      2.63884      0.10839
    -44.8622     -20.7341      2.66199    0.0812656
    -45.0642     -20.6311      2.67665    0.0456844
    -45.2509     -20.5382      2.68117  -0.00717723
     -45.419     -20.4542       2.6724   -0.0965847
    -45.5653     -20.3778      2.64438    -0.255832
    -45.6889     -20.3073      2.59806    -0.399492
    -45.7955     -20.2387       2.5398    -0.507891
    -45.8919     -20.1681      2.47823    -0.498571
    -45.9848     -20.0912      2.42529    -0.365147
    -46.0811      -20.004      2.38934    -0.193407
    -46.1874     -19.9024       2.3715   -0.0623924
    -46.3105     -19.7823      2.36787   0.00924548
    -46.4573     -19.6395      2.37333    0.0379515
     -46.633     -19.4712      2.38125    0.0254834
    -46.8339     -19.2813      2.38711     0.018055
    -47.0527     -19.0767      2.39197    0.0149355
    -47.2822      -18.864      2.39647    0.0141435
    -47.5151     -18.6501      2.40106    0.0151743
    -47.7442     -18.4417      2.40618    0.0183848
    -47.9624     -18.2455      2.41245    0.0252937
    -48.1622     -18.0684       2.4209    0.0403016
     -48.337     -17.9166      2.43293    0.0625883
    -48.4863     -17.7904      2.44706    0.0824876
    -48.6152     -17.6846      2.46217    0.0972654
    -48.7289     -17.5941      2.47636    0.0936175
    -48.8326     -17.5137      2.48679    0.0594384
    -48.9314     -17.4382      2.49064 -0.000155433
    -49.0306     -17.3624      2.48678   -0.0586516
    -49.1354     -17.2811      2.47648     -0.09081
    -49.2509     -17.1893      2.46286   -0.0818327
    -49.3795     -17.0843      2.45204   -0.0522702
     -49.519     -16.9683      2.44417   -0.0361067
    -49.6665     -16.8439      2.43822   -0.0264728
    -49.8193     -16.7137      2.43356   -0.0203477
    -49.9747     -16.5801      2.42984   -0.0162534
    -50.1298     -16.4459      2.42682   -0.0134016
    -50.2818     -16.3136      2.42433   -0.0113376
    -50.4281     -16.1858      2.42229  -0.00978268
    -50.5666     -16.0642      2.42053  -0.00915469
    -50.6984     -15.9483      2.41904  -0.00775875
    -50.8252     -15.8363      2.41789  -0.00559421
    -50.9488      -15.727      2.41719  -0.00281468
    -51.0711     -15.6188      2.41698  0.000280553
    -51.1937     -15.5102      2.41728   0.00331157
    -51.3186     -15.3998      2.41806    0.0059176
    -51.4474     -15.2862      2.41925   0.00784778
    -51.5817      -15.168      2.42045   0.00433216
    -51.7212     -15.0454      2.42083 -0.000138851
    -51.8647     -14.9193      2.42042  -0.00403856
    -52.0107     -14.7909      2.41928  -0.00773029
    -52.1578      -14.661      2.41739   -0.0115123
    -52.3047     -14.5307      2.41473   -0.0156749
    -52.4502     -14.4009      2.41122   -0.0205517
    -52.5927     -14.2727      2.40672     -0.02658
     -52.731     -14.1471      2.40121   -0.0308988
    -52.8649      -14.024      2.39559   -0.0306917
    -52.9957     -13.9025      2.39022   -0.0292744
    -53.1245     -13.7815      2.38525   -0.0266828
    -53.2526     -13.6601      2.38085   -0.0231018
    -53.3813     -13.5371      2.37711   -0.0188369
    -53.5118     -13.4116      2.37411   -0.0142585
    -53.6454     -13.2824      2.37189   -0.0097342
    -53.7833     -13.1486      2.37045  -0.00414748
    -53.9265     -13.0093      2.37079   0.00704959
    -54.0758     -12.8647      2.37324    0.0161746
    -54.2315     -12.7148      2.37756    0.0235194
    -54.3943     -12.5597      2.38354    0.0293416
    -54.5646     -12.3997      2.39095    0.0338664
     -54.743     -12.2346      2.39962    0.0372898
      -54.93     -12.0649      2.40937    0.0397816
    -55.1262     -11.8904      2.42006    0.0414891
    -55.3316     -11.7116      2.42996    0.0303156
    -55.5437       -11.53      2.43698      0.02035
    -55.7593     -11.3477      2.44152    0.0120129
    -55.9749     -11.1665      2.44381    0.0042327
    -56.1872     -10.9886      2.44387  -0.00397637
    -56.3928     -10.8159      2.44154   -0.0138053
    -56.5884     -10.6504      2.43642   -0.0270764
    -56.7706      -10.494      2.42773    -0.047105
    -56.9362     -10.3488      2.41488   -0.0666159
    -57.0854     -10.2142      2.40009   -0.0808373
    -57.2206     -10.0884      2.38395   -0.0936734
    -57.3443     -9.96946      2.36707    -0.102229
     -57.459     -9.85528      2.35031    -0.103398
    -57.5674      -9.7439      2.33475   -0.0950901
    -57.6719     -9.63333      2.32152   -0.0774958
    -57.7751     -9.52157      2.31151   -0.0534732
    -57.8794     -9.40664      2.30519   -0.0293788
    -57.9867     -9.28735      2.30196   -0.0113989
    -58.0974     -9.16383      2.30138    0.0038788
    -58.2118     -9.03629      2.30319    0.0168444
    -58.3304     -8.90497      2.30718    0.0278271
    -58.4533     -8.77009      2.31313    0.0371032
    -58.5811     -8.63186      2.32087     0.044904
     -58.714     -8.49053      2.33024    0.0514233
    -58.8524     -8.34632      2.34107    0.0562388
    -58.9963     -8.19954      2.35167    0.0472769
    -59.1451     -8.05087      2.36085    0.0402648
    -59.2975     -7.90103      2.36883    0.0346765
    -59.4528     -7.75076      2.37582    0.0301427
    -59.6097     -7.60081      2.38194     0.026397
    -59.7673      -7.4519      2.38732    0.0232405
    -59.9247     -7.30478      2.39202    0.0205187
    -60.0807     -7.16018      2.39613    0.0181043
    -60.2344     -7.01879      2.39941    0.0125057
    -60.3851     -6.88086      2.40124   0.00522613
    -60.5323     -6.74642      2.40149   -0.0029677
    -60.6755     -6.61549      2.40003   -0.0123739
    -60.8141     -6.48812      2.39669   -0.0233835
    -60.9477     -6.36432      2.39128   -0.0365174
    -61.0757     -6.24412      2.38353   -0.0524821
    -61.1976     -6.12755      2.37308   -0.0722503
     -61.313     -6.01464      2.36061   -0.0671485
    -61.4225     -5.90519      2.35354    -0.022087
    -61.5282     -5.79879      2.35417    0.0318293
    -61.6324     -5.69501      2.36309    0.0897973
     -61.737     -5.59343      2.38032     0.145575
    -61.8443     -5.49363      2.40525      0.19271
    -61.9563     -5.39517      2.43668     0.226051
    -62.0752     -5.29763      2.47298     0.242981
    -62.2031     -5.20058      2.51195     0.224132
     -62.341     -5.10349      2.54167     0.133193
    -62.4872     -5.00555      2.55859    0.0622111
    -62.6395      -4.9059      2.56443   0.00378258
     -62.796     -4.80371      2.56026   -0.0473191
    -62.9546     -4.69812      2.54667   -0.0948892
    -63.1132      -4.5883      2.52384    -0.141789
    -63.2698      -4.4734      2.49163    -0.190225
    -63.4223     -4.35257      2.44966    -0.241829
     -63.569     -4.22525      2.40537    -0.206026
    -63.7104      -4.0923      2.36978    -0.160745
    -63.8475     -3.95507        2.343    -0.115382
    -63.9814     -3.81488      2.32501    -0.070166
    -64.1132     -3.67308      2.31581   -0.0249212
     -64.244       -3.531      2.31539     0.020775
    -64.3748     -3.38998      2.32385    0.0674478
    -64.5068     -3.25137      2.34134     0.115575
     -64.641     -3.11641       2.3648     0.111129
    -64.7769     -2.98536      2.38239    0.0750192
    -64.9129     -2.85773      2.39295    0.0378554
    -65.0478     -2.73302      2.39633  -0.00174849
    -65.1799     -2.61074      2.39216    -0.045561
    -65.3079      -2.4904      2.37988   -0.0958377
    -65.4301     -2.37148      2.35863    -0.155453
    -65.5452     -2.25351      2.32727    -0.228016
    -65.6518     -2.13597      2.28516    -0.284349
    -65.7497     -2.01801      2.24242    -0.269372
    -65.8411     -1.89828      2.20433    -0.233015
    -65.9283     -1.77538      2.17301     -0.18076
    -66.0136     -1.64791      2.14983    -0.121326
    -66.0994     -1.51447      2.13527   -0.0636159
    -66.1878     -1.37365      2.12898   -0.0142536
    -66.2812     -1.22405         2.13    0.0233895
    -66.3819     -1.06428        2.137    0.0436079
    -66.4911    -0.893371      2.14055   -0.0052803
     -66.607    -0.711751      2.13531   -0.0415498
    -66.7267    -0.520152      2.12246   -0.0711982
    -66.8477    -0.319302       2.1026   -0.0977716
    -66.9673    -0.109927       2.0759    -0.123555
    -67.0828     0.107244      2.04226    -0.150149
    -67.1916     0.331485      2.00132    -0.178733
    -67.2909     0.562067      1.95256    -0.210156
    -67.3786     0.798236      1.90102    -0.186785
    -67.4553      1.03902      1.85872    -0.148121
    -67.5231      1.28337      1.82596    -0.110426
    -67.5842       1.5302      1.80256    -0.073811
    -67.6407      1.77846      1.78834   -0.0379674
    -67.6948      2.02707      1.78321  -0.00232209
    -67.7486      2.27497      1.78718    0.0338389
    -67.8042      2.52109       1.8004    0.0712679
    -67.8637       2.7644      1.82138    0.0825016
    -67.9276      3.00447      1.83983    0.0659441
    -67.9948      3.24147      1.85397     0.048717
    -68.0643      3.47562       1.8637    0.0307853
    -68.1349       3.7071       1.8689    0.0120649
    -68.2054      3.93615      1.86947  -0.00756777
    -68.2748      4.16294      1.86524   -0.0282629
     -68.342       4.3877      1.85607   -0.0501804
    -68.4057      4.61063      1.84196   -0.0661272
    -68.4655      4.83185      1.82792   -0.0562926
    -68.5218      5.05135      1.81634    -0.045719
    -68.5753      5.26907      1.80734   -0.0344399
    -68.6266      5.48497      1.80101   -0.0224833
    -68.6763      5.69901      1.79744  -0.00987251
    -68.7251      5.91113      1.79672   0.00337063
    -68.7736       6.1213      1.79893    0.0172226
    -68.8224      6.32947      1.80414    0.0316529
    -68.8721      6.53574      1.81061    0.0281255
    -68.9229      6.74093      1.81601    0.0228096
    -68.9747      6.94608      1.82023    0.0170879
    -69.0276      7.15221      1.82324    0.0112079
    -69.0815      7.36036      1.82502   0.00541706
    -69.1365      7.57158       1.8256 -5.90739e-05
    -69.1925      7.78688      1.82502  -0.00503443
    -69.2496       8.0073      1.82336   -0.0093733
    -69.3078      8.23377      1.82092   -0.0106992
    -69.3668      8.46601      1.81834   -0.0108534
    -69.4263      8.70291      1.81565   -0.0111819
    -69.4861      8.94335      1.81282   -0.0116865
    -69.5456      9.18622      1.80982   -0.0123793
    -69.6047       9.4304       1.8066   -0.0132835
     -69.663      9.67477      1.80312   -0.0144345
    -69.7201      9.91822      1.79934   -0.0158835
    -69.7757      10.1596       1.7953   -0.0151524
    -69.8299      10.3987      1.79221    -0.010006
    -69.8831      10.6359      1.79044  -0.00451563
    -69.9357       10.872      1.79003   0.00116964
    -69.9883      11.1077      1.79101   0.00688796
    -70.0414      11.3437      1.79335    0.0124741
    -70.0955      11.5807      1.79704    0.0177696
     -70.151      11.8193      1.80199    0.0226323
    -70.2085      12.0602      1.80814     0.025847
    -70.2682       12.304      1.81369     0.018526
    -70.3298      12.5505      1.81752    0.0117202
    -70.3929      12.7996       1.8197   0.00533069
    -70.4569      13.0511      1.82029 -0.000729459
    -70.5214      13.3047      1.81934  -0.00653763
     -70.586      13.5604      1.81687   -0.0121631
    -70.6502      13.8178      1.81291   -0.0176685
    -70.7134      14.0769      1.80747   -0.0231109
    -70.7754      14.3374      1.80184   -0.0167282
    -70.8365       14.599      1.79855  -0.00778257
    -70.8971      14.8614      1.79765   0.00102726
    -70.9579      15.1243       1.7991   0.00975504
    -71.0195      15.3874      1.80291    0.0184529
    -71.0825      15.6503      1.80908    0.0271698
    -71.1474      15.9127      1.81761    0.0359501
    -71.2148      16.1744      1.82852    0.0448317
    -71.2852       16.435        1.841    0.0420755
    -71.3585      16.6945      1.85056    0.0288616
    -71.4337      16.9532      1.85655    0.0155741
      -71.51      17.2113      1.85895   0.00222202
    -71.5863      17.4691      1.85774   -0.0111948
    -71.6618      17.7269      1.85292   -0.0246775
    -71.7355      17.9849      1.84449    -0.038221
    -71.8065      18.2434      1.83242   -0.0518053
    -71.8738      18.5027      1.81685   -0.0615361
    -71.9369      18.7628       1.8006   -0.0599803
    -71.9956      19.0229      1.78475   -0.0589991
    -72.0498      19.2824      1.76918   -0.0585867
    -72.0997      19.5405      1.75377   -0.0587554
     -72.145      19.7965       1.7384   -0.0595376
    -72.1858      20.0497      1.72296   -0.0609893
    -72.2221      20.2993      1.70732   -0.0631947
    -72.2539      20.5446      1.69133   -0.0662744
     -72.281      20.7851      1.67439   -0.0738476
    -72.3033      21.0211      1.65598   -0.0815148
    -72.3209      21.2532      1.63614   -0.0889434
    -72.3334      21.4819      1.61496   -0.0959161
    -72.3409      21.7077      1.59256    -0.102207
    -72.3432      21.9313      1.56908    -0.107594
    -72.3401      22.1533       1.5447    -0.111876
    -72.3316      22.3741      1.51963    -0.114887
    -72.3176      22.5943      1.49557   -0.0967237
    -72.2989       22.814      1.47726   -0.0694474
    -72.2769       23.033      1.46496   -0.0422672
    -72.2529      23.2511      1.45868   -0.0149103
    -72.2283      23.4682      1.45845    0.0129751
    -72.2045      23.6841      1.46438    0.0417869
    -72.1828      23.8985       1.4766    0.0719345
    -72.1646      24.1114      1.49533     0.103796
    -72.1511      24.3225      1.51905    0.0957667
    -72.1419      24.5313      1.53165    0.0239743
    -72.1338      24.7373       1.5288   -0.0528711
    -72.1236      24.9396      1.50972    -0.137259
    -72.1082      25.1375      1.47332    -0.231553
    -72.0843      25.3303      1.41833    -0.336654
    -72.0488      25.5173       1.3436    -0.449753
    -71.9983      25.6976      1.24879    -0.561388
    -71.9298      25.8705       1.1355    -0.628936
    -71.8417      26.0356      1.02946    -0.505577
    -71.7374      26.1928     0.944748    -0.394854
    -71.6213      26.3424     0.879281     -0.29889
    -71.4976      26.4843     0.831096    -0.213997
    -71.3705      26.6189     0.798924    -0.133306
    -71.2443      26.7461     0.782548   -0.0468446
    -71.1232      26.8662     0.783213    0.0611226
    -71.0116      26.9792     0.804373     0.219353
    -70.9128      27.0854     0.837333     0.190151
    -70.8246      27.1853     0.854544    0.0554872
    -70.7427      27.2794     0.849982    -0.138456
    -70.6626      27.3682     0.820288    -0.359323
    -70.5799      27.4525     0.765962    -0.550922
    -70.4903      27.5327     0.692212    -0.656648
    -70.3893      27.6095     0.607933    -0.654171
    -70.2725      27.6835     0.522819    -0.568253
    -70.1357      27.7551     0.446529    -0.407424
     -69.979      27.8243     0.388267    -0.286711
    -69.8061      27.8902     0.342077    -0.219333
    -69.6206      27.9521     0.303311    -0.181049
    -69.4263      28.0092     0.268973    -0.160629
     -69.227      28.0606     0.236899    -0.152969
    -69.0265      28.1057     0.205297     -0.15645
    -68.8286      28.1436      0.17241    -0.172211
    -68.6368      28.1735     0.136177    -0.204829
    -68.4525       28.195    0.0949626    -0.236893
     -68.272      28.2082    0.0506052    -0.249397
    -68.0912      28.2133   0.00613446    -0.238454
     -67.906      28.2105   -0.0353943    -0.207496
    -67.7124         28.2   -0.0715938    -0.165243
    -67.5063       28.182    -0.101132    -0.121195
    -67.2836      28.1567    -0.123722    -0.082126
    -67.0402      28.1243    -0.139846   -0.0511363
    -66.7735      28.0851    -0.151479   -0.0368406
    -66.4872        28.04    -0.160873   -0.0287943
    -66.1862      27.9898    -0.168882   -0.0241692
    -65.8757      27.9357     -0.17606   -0.0216811
    -65.5608      27.8786    -0.182812   -0.0207439
    -65.2465      27.8194    -0.189477   -0.0211678
     -64.938      27.7592    -0.196388   -0.0230754
    -64.6403      27.6988    -0.203923   -0.0269664
    -64.3581      27.6392     -0.21245   -0.0321573
    -64.0928      27.5807    -0.221942   -0.0379213
    -63.8435      27.5231    -0.232478   -0.0446892
    -63.6095      27.4663    -0.244158   -0.0526008
      -63.39      27.4101    -0.257081   -0.0617946
    -63.1842      27.3545    -0.271345   -0.0723947
    -62.9914      27.2993     -0.28704   -0.0844921
    -62.8108      27.2443    -0.304242   -0.0981178
    -62.6415      27.1894    -0.323898    -0.136518
    -62.4801      27.1328    -0.352551     -0.19459
    -62.3201      27.0707    -0.388579    -0.218166
    -62.1547      26.9992    -0.426942    -0.202202
    -61.9774      26.9145    -0.462858    -0.161629
    -61.7813      26.8127    -0.493363     -0.11597
    -61.5599      26.6899    -0.517502   -0.0772636
    -61.3063      26.5423     -0.53567   -0.0490108
     -61.014      26.3659    -0.548839   -0.0293734
    -60.6805      26.1599    -0.557387   -0.0161358
     -60.315      25.9305    -0.562725  -0.00933931
     -59.928      25.6855    -0.565985  -0.00520638
    -59.5304      25.4324    -0.567701  -0.00218282
     -59.133      25.1787    -0.568082  0.000586106
    -58.7465      24.9322    -0.567107   0.00384861
    -58.3817      24.7005    -0.564489    0.0087423
    -58.0492       24.491     -0.55951    0.0178588
    -57.7581        24.31    -0.553214    0.0160708
    -57.5055      24.1546    -0.549915   0.00417863
    -57.2846      24.0191    -0.551604   -0.0200516
    -57.0883      23.8974    -0.560303   -0.0579946
    -56.9099      23.7835    -0.577293    -0.103127
    -56.7422      23.6715     -0.60207    -0.139859
    -56.5784      23.5553    -0.631909    -0.152558
    -56.4115      23.4291    -0.662728    -0.138306
     -56.235      23.2872    -0.689529   -0.0925342
    -56.0475      23.1296    -0.706952   -0.0531517
    -55.8519      22.9606    -0.717053   -0.0266411
    -55.6515       22.785     -0.72131  -0.00593252
    -55.4492      22.6071    -0.720331    0.0132339
    -55.2481      22.4315    -0.714069    0.0344056
    -55.0514      22.2629    -0.701809     0.061929
     -54.862      22.1058     -0.68195     0.103063
    -54.6831      21.9646    -0.652315     0.144549
    -54.5159      21.8407    -0.624145     0.121921
     -54.359      21.7302    -0.604943    0.0728885
    -54.2105      21.6284     -0.59822  -0.00297218
    -54.0685       21.531    -0.606643   -0.0972238
    -53.9311      21.4335    -0.631162    -0.192427
    -53.7966      21.3313    -0.670433    -0.267344
    -53.6631        21.22    -0.720886    -0.306136
    -53.5288       21.095    -0.777568    -0.303617
    -53.3921      20.9531    -0.827742    -0.212507
    -53.2529      20.7954    -0.865363    -0.149341
    -53.1111      20.6239     -0.89324    -0.103963
     -52.967      20.4407    -0.913311   -0.0700215
    -52.8205      20.2481    -0.926906   -0.0434569
    -52.6718      20.0481    -0.934925   -0.0215821
    -52.5208      19.8428    -0.937945  -0.00252602
    -52.3678      19.6344    -0.936296    0.0151076
    -52.2129      19.4249    -0.931818    0.0147363
    -52.0574      19.2163    -0.928786   0.00861427
    -51.9033      19.0106    -0.927351   0.00248157
    -51.7526      18.8096    -0.927553  -0.00428636
    -51.6071      18.6153    -0.929546   -0.0125183
    -51.4689      18.4294    -0.933635    -0.023503
    -51.3399       18.254    -0.940354   -0.0395013
    -51.2221      18.0909    -0.950606   -0.0649089
    -51.1173       17.942    -0.965753     -0.10267
    -51.0257      17.8069    -0.985932    -0.146759
    -50.9456      17.6827     -1.01122    -0.196773
    -50.8753      17.5666     -1.04119    -0.243907
    -50.8127      17.4557     -1.07445    -0.275017
    -50.7563      17.3471     -1.10864    -0.277876
     -50.704      17.2377     -1.14085    -0.248669
    -50.6542      17.1247     -1.16842    -0.195341
    -50.6049      17.0053     -1.18977    -0.146233
    -50.5551      16.8771     -1.21061    -0.156054
    -50.5052      16.7399     -1.23389     -0.16244
     -50.456      16.5936     -1.25929    -0.166378
    -50.4083      16.4382     -1.28654    -0.168496
    -50.3628      16.2736      -1.3154    -0.169201
    -50.3202      16.0996     -1.34568    -0.168762
    -50.2812      15.9163     -1.37719    -0.167364
    -50.2467      15.7236     -1.40976    -0.165138
    -50.2171      15.5217     -1.43888    -0.117768
    -50.1917      15.3125     -1.45919   -0.0767174
    -50.1692      15.0988     -1.47193   -0.0428078
    -50.1486      14.8831     -1.47786   -0.0122139
    -50.1286      14.6679     -1.47724    0.0182697
     -50.108      14.4559     -1.46986    0.0519206
    -50.0857      14.2497     -1.45504    0.0928359
    -50.0605      14.0518     -1.43145     0.147011
    -50.0314      13.8646     -1.40186     0.132126
    -49.9994      13.6871     -1.38569     0.042259
    -49.9672      13.5156     -1.38763   -0.0670002
    -49.9374      13.3463     -1.40892    -0.179981
    -49.9128      13.1757     -1.44873    -0.277457
     -49.896      13.0001     -1.50402    -0.342213
    -49.8897      12.8156     -1.56999    -0.365506
    -49.8965      12.6188     -1.64105    -0.350407
    -49.9193      12.4058      -1.7106     -0.27404
     -49.958      12.1757     -1.76035    -0.162334
    -50.0092      11.9312      -1.7911   -0.0892609
    -50.0689      11.6757     -1.80726   -0.0365694
    -50.1333      11.4121     -1.81122   0.00615056
    -50.1983      11.1439     -1.80406    0.0456446
      -50.26      10.8742     -1.78578    0.0872517
    -50.3146      10.6061     -1.75545      0.13635
    -50.3581      10.3429     -1.71113     0.194655
    -50.3881      10.0871     -1.66483     0.162852
    -50.4068      9.83839      -1.6292     0.121009
    -50.4179       9.5961     -1.60582    0.0702216
    -50.4248      9.35945     -1.59596    0.0115929
    -50.4309       9.1277      -1.6007   -0.0537148
    -50.4397      8.90011     -1.62086    -0.124102
    -50.4546      8.67592     -1.65689     -0.19688
    -50.4793      8.45439     -1.70875    -0.267557
    -50.5165      8.23464     -1.76688    -0.228957
    -50.5655      8.01484     -1.81006    -0.154538
    -50.6232      7.79265      -1.8371   -0.0820732
    -50.6868      7.56576     -1.84848   -0.0162202
    -50.7534      7.33184     -1.84529     0.040432
      -50.82      7.08856       -1.829    0.0866248
    -50.8838      6.83359     -1.80133      0.12189
    -50.9418      6.56461     -1.76415     0.146298
    -50.9913      6.27948     -1.72158     0.132861
    -51.0311      5.98046     -1.68669     0.101026
    -51.0623       5.6744     -1.65897    0.0806757
    -51.0858      5.36835     -1.63638    0.0674167
    -51.1025      5.06937     -1.61756    0.0589183
    -51.1135      4.78452     -1.60153    0.0540233
    -51.1198      4.52086     -1.58757    0.0524522
    -51.1223      4.28544     -1.57502    0.0550649
     -51.122       4.0853     -1.56311    0.0687679
    -51.1197      3.92275     -1.54916     0.105374
    -51.1157      3.78967     -1.53279     0.138783
    -51.1105      3.67657     -1.51672     0.135553
    -51.1043      3.57395     -1.50563    0.0699177
    -51.0975      3.47232     -1.50334   -0.0229466
    -51.0904      3.36218     -1.50956   -0.0794135
    -51.0832      3.23402     -1.52062   -0.0862247
    -51.0764      3.07836     -1.53279   -0.0687897
    -51.0701      2.88801     -1.54173   -0.0300531
    -51.0642      2.66749     -1.54613   -0.0123108
    -51.0585      2.42502     -1.54782   -0.0025276
    -51.0526      2.16879     -1.54753   0.00458796
    -51.0463      1.90703     -1.54544    0.0115325
    -51.0393      1.64793     -1.54137    0.0203757
    -51.0312      1.39971     -1.53476    0.0342633
    -51.0219      1.17057     -1.52432     0.060255
    -51.0109     0.968163     -1.50792     0.103971
     -50.998     0.792988     -1.48478     0.164419
    -50.9827     0.640598     -1.45381     0.244663
    -50.9644      0.50645      -1.4147     0.334638
    -50.9427     0.386001     -1.36896     0.408085
    -50.9171     0.274707     -1.32051       0.4294
    -50.8872     0.168025     -1.27509     0.378426
    -50.8524    0.0614113     -1.23834      0.27149
    -50.8124   -0.0496352     -1.21297      0.17893
    -50.7669    -0.167501     -1.19234     0.149873
    -50.7162     -0.29151     -1.17366     0.130603
    -50.6606    -0.420749     -1.15625     0.117851
    -50.6005    -0.554304     -1.13964     0.109697
    -50.5361     -0.69126     -1.12343     0.104996
    -50.4678    -0.830703     -1.10731     0.103069
    -50.3959    -0.971718     -1.09099     0.103545
    -50.3207     -1.11339     -1.07421     0.103286
    -50.2426     -1.25498     -1.06025    0.0697154
    -50.1626     -1.39631     -1.05154    0.0377882
    -50.0815     -1.53731     -1.04794   0.00655134
    -50.0006     -1.67789     -1.04942   -0.0249552
    -49.9206       -1.818     -1.05606   -0.0577266
    -49.8427     -1.95755     -1.06805   -0.0928242
    -49.7678     -2.09647     -1.08568    -0.131404
     -49.697      -2.2347     -1.10938    -0.174735
    -49.6307     -2.37217     -1.13216   -0.0968633
    -49.5673     -2.50897     -1.13789    0.0218799
    -49.5035     -2.64523     -1.12556     0.141201
    -49.4364      -2.7811     -1.09566     0.250664
    -49.3629     -2.91671     -1.04976     0.339884
    -49.2798     -3.05221    -0.990491      0.40008
    -49.1842     -3.18773    -0.921437     0.426485
     -49.073     -3.32341    -0.846698     0.420246
    -48.9431      -3.4594    -0.773351     0.331703
    -48.7949     -3.59586    -0.718428     0.221482
    -48.6314     -3.73299     -0.67992     0.144299
    -48.4558     -3.87097    -0.654388    0.0873159
    -48.2714        -4.01    -0.639619    0.0422831
    -48.0815     -4.15029    -0.634291    0.0036518
    -47.8893     -4.29201    -0.637771   -0.0326791
     -47.698     -4.43536    -0.650007   -0.0702031
    -47.5109     -4.58053    -0.671112   -0.0984851
    -47.3304     -4.72711    -0.692288   -0.0836728
    -47.1571     -4.87342    -0.709611   -0.0689731
    -46.9915     -5.01766     -0.72309   -0.0534683
    -46.8341     -5.15799    -0.732575   -0.0358721
    -46.6854     -5.29261    -0.737709   -0.0142109
    -46.5457     -5.41969    -0.737835    0.0148033
    -46.4156     -5.53743    -0.731834    0.0570847
    -46.2955     -5.64399     -0.71782     0.124136
    -46.1851     -5.73839    -0.695804     0.177265
    -46.0806     -5.82338    -0.669324     0.211513
    -45.9772     -5.90283    -0.641428     0.209605
    -45.8702     -5.98061    -0.615935     0.170977
    -45.7546     -6.06059    -0.595839     0.114819
    -45.6256     -6.14662    -0.582298    0.0628806
    -45.4785     -6.24258    -0.574812    0.0259463
    -45.3084     -6.35233    -0.572039   0.00421168
    -45.1112     -6.47926     -0.57131   0.00711475
    -44.8895     -6.62134    -0.568364    0.0147664
    -44.6507     -6.77304    -0.563221    0.0216033
    -44.4021     -6.92878    -0.555734    0.0298089
    -44.1511     -7.08297    -0.545339    0.0416266
     -43.905     -7.23003    -0.530912    0.0608741
    -43.6711     -7.36437     -0.51034    0.0959435
    -43.4568     -7.48042    -0.479424      0.16903
    -43.2694     -7.57269    -0.430224     0.306264
    -43.1095     -7.64029    -0.366114     0.434514
    -42.9695     -7.68849    -0.295269     0.505777
    -42.8411     -7.72298    -0.231332     0.424732
    -42.7159     -7.74947    -0.190659     0.195106
    -42.5856     -7.77365      -0.1818    -0.047857
    -42.4419     -7.80122    -0.200732    -0.187099
    -42.2765     -7.83788    -0.236209    -0.216321
     -42.081     -7.88933    -0.277232    -0.171865
    -41.8507     -7.95856    -0.302444   -0.0566002
    -41.5919     -8.04064    -0.309209  0.000737102
    -41.3127     -8.12918    -0.303014    0.0397713
    -41.0211     -8.21781    -0.285379    0.0763209
    -40.7254     -8.30016    -0.255443     0.121007
    -40.4335     -8.36985    -0.210065     0.186824
    -40.1537     -8.42051    -0.142903     0.297048
     -39.894     -8.44575   -0.0421227     0.500606
    -39.6612     -8.44018    0.0952416     0.649331
    -39.4525     -8.40519     0.238337     0.683457
    -39.2613     -8.34498     0.368768     0.597009
    -39.0807     -8.26378     0.470607     0.421972
    -38.9041     -8.16583     0.535404     0.221215
    -38.7247     -8.05534     0.562311    0.0416494
    -38.5358     -7.93655     0.555225   -0.0960129
    -38.3306     -7.81367     0.520298    -0.187273
    -38.1028     -7.69082     0.469856    -0.166911
    -37.8523      -7.5699     0.432634    -0.105895
    -37.5853     -7.45083     0.408049   -0.0648514
    -37.3076     -7.33347     0.393343   -0.0339507
    -37.0255     -7.21766     0.387111  -0.00724144
    -36.7451     -7.10326     0.388943    0.0198548
    -36.4725     -6.99013     0.399355     0.052264
    -36.2137      -6.8781     0.419964    0.0973036
     -35.975     -6.76704     0.453374     0.147633
    -35.7588     -6.65688     0.489082     0.144249
    -35.5613     -6.54775     0.519747      0.12425
    -35.3778     -6.43977     0.542445    0.0855048
    -35.2035     -6.33307     0.554538    0.0302925
    -35.0339      -6.2278     0.554239   -0.0341501
    -34.8642     -6.12408     0.541057   -0.0971662
    -34.6898     -6.02204     0.515985    -0.147987
     -34.506     -5.92182     0.481323    -0.179354
    -34.3091     -5.82362     0.444866     -0.15261
    -34.0993     -5.72787     0.412119    -0.132575
    -33.8779     -5.63508     0.382131    -0.118144
    -33.6462     -5.54579     0.354158    -0.107838
    -33.4056     -5.46048     0.327606    -0.100685
    -33.1574     -5.37969      0.30198   -0.0960446
    -32.9029     -5.30391     0.276855   -0.0935079
    -32.6434     -5.23367     0.251847   -0.0928292
    -32.3803     -5.16946     0.227312   -0.0865562
    -32.1161      -5.1115     0.204808   -0.0803753
    -31.8538      -5.0599     0.183785   -0.0773855
    -31.5963     -5.01472     0.163607   -0.0775596
    -31.3468     -4.97607     0.143634   -0.0813671
    -31.1083     -4.94403     0.123137   -0.0900135
    -30.8838     -4.91867     0.101187    -0.106033
    -30.6763     -4.90009    0.0764493    -0.134739
    -30.4889     -4.88838    0.0465948    -0.191709
    -30.3206      -4.8836   0.00800705     -0.26784
    -30.1661     -4.88583   -0.0384637    -0.329607
    -30.0197     -4.89513   -0.0888884    -0.349087
    -29.8758     -4.91156     -0.13751    -0.313119
    -29.7285     -4.93519    -0.178764    -0.236234
    -29.5722     -4.96608    -0.209282    -0.148865
    -29.4013     -5.00431    -0.228505   -0.0754499
    -29.2099     -5.04992    -0.237939   -0.0272617
    -28.9955     -5.10245    -0.241868      -0.0103
    -28.7631     -5.15996    -0.243002  8.40786e-05
    -28.5195     -5.22027    -0.241932    0.0082539
    -28.2711      -5.2812    -0.238782    0.0165563
    -28.0245     -5.34057    -0.233325    0.0270973
    -27.7863     -5.39619    -0.224923    0.0430243
    -27.5631      -5.4459    -0.212277    0.0708483
    -27.3615      -5.4875    -0.192752     0.127299
    -27.1865     -5.51923    -0.164264     0.192048
    -27.0346     -5.54188    -0.130274     0.249078
    -26.8986     -5.55724   -0.0940908     0.271107
    -26.7714     -5.56709    -0.061434     0.228977
    -26.6459     -5.57324   -0.0384164     0.131612
    -26.5149     -5.57746    -0.028348    0.0262371
    -26.3713     -5.58155    -0.030367   -0.0457539
     -26.208     -5.58731    -0.040889   -0.0761986
    -26.0183     -5.59643   -0.0544196   -0.0551466
    -25.8022     -5.60927   -0.0633771   -0.0308091
    -25.5657       -5.625   -0.0689516   -0.0175467
    -25.3147     -5.64279   -0.0722321  -0.00911263
    -25.0553     -5.66179   -0.0737482  -0.00276799
    -24.7934     -5.68117    -0.073716   0.00302736
    -24.5352     -5.70007   -0.0721229   0.00953827
    -24.2865     -5.71766   -0.0687211    0.0184091
    -24.0534     -5.73309   -0.0628122    0.0361724
    -23.8382     -5.74553   -0.0514501    0.0710438
    -23.6371     -5.75418   -0.0331564     0.111598
    -23.4455     -5.75824  -0.00793828     0.150895
    -23.2589      -5.7569    0.0231487     0.179881
    -23.0728     -5.74937    0.0580361     0.191282
    -22.8825     -5.73485     0.094065     0.183341
    -22.6836     -5.71253     0.128634     0.160376
    -22.4715     -5.68162     0.159762     0.129814
    -22.2431     -5.64162     0.185764    0.0977687
    -22.0009     -5.59329     0.207365    0.0789402
    -21.7487     -5.53768     0.226187    0.0678983
    -21.4903     -5.47585     0.243343    0.0619994
    -21.2296     -5.40885     0.259685    0.0600118
    -20.9704     -5.33772     0.275944    0.0615711
    -20.7165     -5.26354     0.292855    0.0670371
    -20.4718     -5.18735     0.311257    0.0776537
    -20.2397     -5.11006     0.332214    0.0941794
    -20.0195     -5.03125     0.356086     0.109664
    -19.8087     -4.94973     0.382266     0.121203
    -19.6045     -4.86434     0.409844     0.126794
     -19.404     -4.77389     0.437706      0.12534
    -19.2045     -4.67719     0.464688     0.117053
    -19.0033     -4.57308     0.489735     0.103381
    -18.7975     -4.46036     0.512035    0.0865163
    -18.5846     -4.33791     0.531258    0.0721797
    -18.3648     -4.20609     0.548927    0.0666251
    -18.1418     -4.06699     0.566249    0.0659076
    -17.9193     -3.92283     0.584104    0.0695569
    -17.7014     -3.77578     0.603392    0.0781179
    -17.4918     -3.62806      0.62519    0.0933334
    -17.2945     -3.48187      0.65096     0.118927
    -17.1132     -3.33939     0.682896      0.16262
    -16.9518     -3.20282      0.72451     0.235588
    -16.8125      -3.0733     0.775721     0.304951
     -16.693     -2.94926     0.834217     0.374036
    -16.5904     -2.82875     0.897889     0.426623
    -16.5017     -2.70981     0.962993     0.443767
    -16.4241     -2.59047       1.0246     0.413157
    -16.3546     -2.46877      1.07766      0.33759
    -16.2903     -2.34275      1.11829     0.234628
    -16.2284     -2.21046       1.1446     0.127407
    -16.1662      -2.0701      1.16345     0.130034
    -16.1038     -1.92095      1.18553     0.142302
    -16.0418     -1.76263      1.21048     0.150562
    -15.9812     -1.59479      1.23785      0.15562
    -15.9226     -1.41705      1.26724     0.158072
    -15.8669     -1.22905       1.2983     0.158374
    -15.8149     -1.03044      1.33069     0.156893
    -15.7673    -0.820841      1.36412     0.153932
    -15.7249    -0.600011      1.39678     0.128456
    -15.6876    -0.369462      1.42296    0.0975794
    -15.6548    -0.132077      1.44345    0.0744787
    -15.6259     0.109225      1.45925    0.0562241
    -15.6003     0.351526      1.47103    0.0407958
    -15.5773     0.591907      1.47917    0.0266095
    -15.5563      0.82745      1.48378    0.0121615
    -15.5366      1.05524      1.48474   -0.0043458
    -15.5176      1.27238        1.482   -0.0140265
    -15.4991        1.478      1.48068   0.00210394
    -15.4815      1.67453      1.48301    0.0221753
    -15.4653      1.86466      1.48934     0.044483
     -15.451      2.05114      1.49974    0.0664648
    -15.4391      2.23666      1.51392    0.0852507
      -15.43      2.42394      1.53124    0.0984357
    -15.4243      2.61572      1.55085     0.104743
    -15.4224      2.81469      1.57174     0.103331
    -15.4246      3.02254      1.59031    0.0771052
    -15.4304      3.23722      1.60476    0.0585414
    -15.4391      3.45582      1.61598    0.0446015
      -15.45      3.67542      1.62452     0.033382
    -15.4625      3.89312      1.63071    0.0235262
    -15.4757      4.10602      1.63471     0.013853
    -15.4891       4.3112      1.63649   0.00302079
    -15.5018      4.50575       1.6358   -0.0109576
    -15.5135      4.68712      1.63491    0.0126534
    -15.5247      4.85579      1.64101    0.0626035
    -15.5369      5.01379      1.65579     0.126737
    -15.5513      5.16316      1.68027       0.2013
    -15.5693      5.30596      1.71478     0.278163
    -15.5924      5.44424      1.75867     0.345497
    -15.6218      5.58003      1.81015     0.390836
    -15.6588      5.71539      1.86643     0.405773
    -15.7049      5.85235      1.92343     0.366697
    -15.7607      5.99263      1.97324     0.293992
    -15.8261      6.13757      2.01445     0.226232
    -15.9011      6.28852      2.04742     0.167135
    -15.9855      6.44681       2.0728      0.11804
    -16.0794      6.61379      2.09146    0.0787312
    -16.1825      6.79079      2.10428    0.0481723
    -16.2949      6.97915      2.11215    0.0250072
    -16.4164       7.1802      2.11596    0.0111671
    -16.5463      7.39369      2.11908    0.0138123
    -16.6824      7.61569      2.12307    0.0168967
    -16.8225      7.84176      2.12807    0.0208972
    -16.9641      8.06746      2.13433    0.0264568
    -17.1048      8.28834      2.14225    0.0346273
    -17.2424      8.49997      2.15246    0.0473354
    -17.3743       8.6979      2.16598     0.068464
    -17.4983      8.87769      2.18459     0.106724
    -17.6125      9.03585      2.20792     0.129751
    -17.7172      9.17393      2.23184     0.145327
    -17.8138      9.29517      2.25489     0.149568
    -17.9034      9.40279      2.27501     0.133414
    -17.9873      9.50002      2.28965     0.088901
    -18.0667      9.59009      2.29618     0.014661
     -18.143      9.67622      2.29261   -0.0791146
    -18.2172      9.76164       2.2783    -0.171441
    -18.2907      9.84943      2.25734    -0.161738
    -18.3641      9.94054      2.24181    -0.105124
    -18.4378      10.0344      2.23235   -0.0545364
    -18.5121      10.1303      2.22857  -0.00853135
    -18.5875      10.2278      2.23018     0.034134
    -18.6642      10.3262      2.23698    0.0745069
    -18.7426      10.4248      2.24883      0.11345
    -18.8231      10.5231      2.26568     0.151647
     -18.906      10.6204      2.28683     0.159307
    -18.9914      10.7168      2.30407     0.108632
     -19.079      10.8129      2.31495    0.0590027
    -19.1685      10.9096      2.31957    0.0118114
    -19.2597      11.0077      2.31818   -0.0318627
    -19.3522      11.1081      2.31108   -0.0712044
    -19.4456      11.2116      2.29868    -0.105619
    -19.5398      11.3191      2.28144    -0.134703
    -19.6344      11.4313      2.25988    -0.154477
     -19.729      11.5488      2.23944    -0.118044
    -19.8237      11.6706      2.22362   -0.0880247
    -19.9181      11.7957      2.21189   -0.0623196
    -20.0122      11.9229      2.20387   -0.0393096
    -20.1058      12.0511      2.19936   -0.0176541
    -20.1987      12.1793      2.19826   0.00386733
    -20.2909      12.3062      2.20062    0.0264964
    -20.3822      12.4307       2.2066    0.0516481
    -20.4726      12.5521      2.21612    0.0725575
    -20.5633      12.6711       2.2282    0.0879517
    -20.6562      12.7896      2.24222    0.0971008
    -20.7529      12.9095      2.25742    0.0990681
    -20.8553      13.0325      2.27298    0.0945007
    -20.9652      13.1604      2.28818    0.0851769
    -21.0844       13.295      2.30243    0.0732639
    -21.2147      13.4382      2.31538    0.0606843
    -21.3578      13.5916      2.32665    0.0459175
    -21.5126      13.7543      2.33556    0.0346813
    -21.6754      13.9227      2.34288    0.0284052
    -21.8423       14.093      2.34921    0.0251624
    -22.0095      14.2616      2.35503    0.0241829
    -22.1732      14.4247      2.36072    0.0254214
    -22.3295      14.5787      2.36668     0.029622
    -22.4744      14.7197      2.37349    0.0390374
    -22.6043      14.8442      2.38194    0.0511578
    -22.7173      14.9507      2.38812    0.0230608
    -22.8161      15.0434      2.38756   -0.0388546
    -22.9041      15.1267      2.37738     -0.13538
    -22.9846      15.2054       2.3561    -0.241602
    -23.0609       15.284      2.32525    -0.312044
    -23.1363      15.3671      2.28934    -0.316147
    -23.2142      15.4595      2.25393    -0.264629
    -23.2977      15.5656      2.22313    -0.192208
    -23.3898      15.6892      2.20271   -0.0825632
    -23.4908      15.8285      2.19456   -0.0186386
    -23.6002      15.9807      2.19519    0.0223582
    -23.7176      16.1425      2.20284    0.0527807
    -23.8427       16.311      2.21671    0.0788631
    -23.9749      16.4829      2.23658      0.10432
    -24.1138      16.6554      2.26268     0.131868
    -24.2591      16.8252      2.29563     0.163975
    -24.4102      16.9896      2.33089     0.125664
    -24.5652      17.1491      2.34998    0.0457392
    -24.7213      17.3064      2.35113   -0.0356899
    -24.8755      17.4644      2.33413    -0.118592
     -25.025      17.6258      2.29882    -0.202389
     -25.167      17.7935      2.24523    -0.284692
    -25.2987      17.9702      2.17396    -0.360221
    -25.4171      18.1588      2.08661    -0.420656
    -25.5194      18.3619      1.98844    -0.405561
    -25.6053      18.5806      1.90562    -0.301947
    -25.6777      18.8131      1.84329    -0.213039
    -25.7398      19.0575      1.79925    -0.138925
    -25.7949      19.3119      1.77143   -0.0769729
    -25.8461      19.5743      1.75813     -0.02393
    -25.8967       19.843      1.75815    0.0231975
    -25.9499      20.1158      1.77074     0.066864
     -26.009      20.3911      1.79543     0.102117
    -26.0757      20.6667      1.81966    0.0694357
    -26.1477      20.9404      1.83503    0.0393508
    -26.2218      21.2099      1.84185   0.00905531
    -26.2948      21.4728      1.83986   -0.0246871
    -26.3635      21.7269      1.82816   -0.0662852
    -26.4248      21.9698      1.80497    -0.122601
    -26.4753      22.1992      1.76724    -0.205353
     -26.512      22.4128      1.70994    -0.335753
    -26.5322      22.6087      1.63474    -0.407771
    -26.5369      22.7881      1.55878    -0.433837
     -26.529      22.9536      1.48719    -0.423082
    -26.5111      23.1077      1.42529    -0.366381
    -26.4862      23.2529      1.37831    -0.262889
    -26.4568      23.3919      1.35065     -0.12032
    -26.4259      23.5272      1.34535    0.0470038
    -26.3961      23.6614      1.36375     0.220028
    -26.3702       23.797      1.40088     0.257518
    -26.3488      23.9353      1.43157     0.181618
    -26.3306      24.0767      1.45225     0.109537
    -26.3143      24.2215      1.46329    0.0433301
    -26.2985      24.3699      1.46523   -0.0158818
     -26.282      24.5223      1.45871   -0.0675576
    -26.2633      24.6789      1.44448    -0.111476
    -26.2412      24.8401      1.42329    -0.147583
    -26.2143       25.006      1.39634    -0.158621
     -26.182      25.1767      1.37239    -0.118765
    -26.1451      25.3513       1.3542   -0.0862219
    -26.1047      25.5289      1.34107   -0.0586778
    -26.0618      25.7087      1.33251   -0.0343735
    -26.0173      25.8899      1.32822   -0.0118987
    -25.9723      26.0715      1.32804   0.00996561
    -25.9278      26.2526      1.33197    0.0323757
    -25.8847      26.4325      1.34015    0.0565455
    -25.8438      26.6105      1.34931    0.0417816
    -25.8046      26.7874      1.35525    0.0235438
    -25.7661      26.9643      1.35779   0.00456877
    -25.7275      27.1425      1.35692   -0.0139149
     -25.688      27.3231      1.35275   -0.0307785
    -25.6465      27.5072      1.34554   -0.0451304
    -25.6023      27.6959      1.33564   -0.0564021
    -25.5545      27.8905      1.32348   -0.0643708
    -25.5021      28.0921      1.31007   -0.0617876
     -25.445      28.3009      1.29733   -0.0560721
    -25.3829       28.517      1.28529   -0.0511791
     -25.316      28.7401      1.27388   -0.0469638
    -25.2442      28.9703      1.26301   -0.0433111
    -25.1675      29.2073      1.25262   -0.0401285
    -25.0858      29.4511      1.24267   -0.0373415
    -24.9992      29.7016      1.23311   -0.0348892
    -24.9076      29.9587       1.2242    -0.027217
    -24.8118      30.2213      1.21862   -0.0131032
    -24.7137      30.4873      1.21672 -0.000446028
    -24.6152      30.7543      1.21835    0.0119415
    -24.5181        31.02      1.22356    0.0251788
    -24.4244      31.2823      1.23264    0.0405409
    -24.3361      31.5388      1.24612    0.0597313
    -24.2549      31.7872      1.26487    0.0853093
    -24.1828      32.0252      1.29018     0.115206
    -24.1207      32.2516      1.31544     0.098049
    -24.0666      32.4678      1.33438    0.0699033
    -24.0179      32.6757      1.34537    0.0310866
     -23.972      32.8771      1.34704   -0.0162932
    -23.9265       33.074      1.33854   -0.0682849
    -23.8788      33.2683      1.31969    -0.119499
    -23.8263      33.4619      1.29109    -0.164023
    -23.7666      33.6567      1.25408     -0.19672
    -23.6974      33.8545      1.21567    -0.161097
    -23.6192      34.0554      1.18544     -0.12058
    -23.5336      34.2594       1.1627   -0.0861143
    -23.4421       34.466       1.1467   -0.0562027
    -23.3463      34.6752      1.13689   -0.0295669
    -23.2477      34.8866      1.13288  -0.00512244
    -23.1479         35.1      1.13443    0.0180612
    -23.0484      35.3151      1.14141    0.0408017
    -22.9506      35.5317       1.1524    0.0420752
    -22.8554      35.7485      1.16052    0.0265855
    -22.7626      35.9632      1.16493    0.0110506
    -22.6723      36.1738      1.16558  -0.00579848
    -22.5844       36.378      1.16218   -0.0255927
    -22.4988      36.5737      1.15417   -0.0507097
    -22.4155      36.7587      1.14064   -0.0849693
    -22.3346      36.9309       1.1201    -0.135012
    -22.2559       37.088      1.09053    -0.195795
    -22.1788      37.2302      1.05733    -0.210677
    -22.1017       37.362      1.02582    -0.196884
    -22.0229      37.4881     0.999472    -0.153056
    -21.9406      37.6133     0.981088   -0.0911128
    -21.8531      37.7424     0.971841   -0.0294952
    -21.7588      37.8804     0.971162     0.017627
    -21.6557       38.032     0.977284    0.0455655
    -21.5422      38.2021     0.988031    0.0570567
    -21.4173      38.3937     0.996878    0.0236905
    -21.2827      38.6028      1.00002   0.00316616
     -21.141      38.8235      0.99876   -0.0122488
    -20.9945      39.0498     0.993513    -0.026754
    -20.8459      39.2759     0.984097   -0.0435245
    -20.6976      39.4958     0.969726   -0.0663895
    -20.5521      39.7036     0.948792    -0.101882
    -20.4119      39.8935     0.918291     -0.16374
    -20.2792      40.0601     0.876272    -0.221709
    -20.1532      40.2046     0.830352    -0.254752
    -20.0315      40.3318     0.784463    -0.260643
    -19.9114      40.4467     0.743293    -0.227786
    -19.7905      40.5542     0.711614    -0.158852
    -19.6662      40.6591     0.692768   -0.0722275
    -19.5359      40.7664      0.68766   0.00824206
    -19.3972       40.881     0.694809    0.0659699
    -19.2475      41.0077     0.709884    0.0671825
    -19.0871      41.1471     0.720482    0.0354181
    -18.9195      41.2952     0.725872     0.013982
    -18.7484      41.4473     0.727019  -0.00369303
    -18.5775       41.599     0.724147   -0.0219114
    -18.4104      41.7458     0.716847   -0.0452291
    -18.2509      41.8832     0.703907    -0.081207
    -18.1027      42.0066     0.682742    -0.146689
    -17.9694      42.1116      0.64798    -0.274732
    -17.8528      42.1959     0.600585    -0.388357
    -17.7492       42.263     0.546378    -0.484349
    -17.6543      42.3172     0.491828    -0.493288
    -17.5637       42.363     0.447033    -0.365149
    -17.4729      42.4049     0.421412    -0.140678
    -17.3777      42.4472     0.418454    0.0704945
    -17.2736      42.4944     0.434548     0.191637
    -17.1561      42.5509     0.462354     0.222025
    -17.0219      42.6202     0.488657     0.125595
    -16.8729      42.7011     0.504523    0.0685145
    -16.7136      42.7901     0.513758    0.0354661
    -16.5481      42.8841     0.518203    0.0122976
    -16.3806      42.9797     0.518612  -0.00803637
    -16.2154      43.0737      0.51501   -0.0308715
    -16.0567      43.1627     0.506699   -0.0631817
    -15.9087      43.2436     0.491911    -0.118985
    -15.7755      43.3131     0.468558    -0.183724
    -15.6571      43.3711     0.441317    -0.229352
    -15.5503      43.4197     0.412397    -0.259766
    -15.4518      43.4612     0.384516    -0.254523
    -15.3584      43.4977     0.361277    -0.200287
    -15.2668      43.5314     0.346116    -0.105609
    -15.1738      43.5646     0.340952 -0.000852128
     -15.076      43.5994     0.345476    0.0814389
    -14.9704      43.6381      0.35694    0.0922224
    -14.8553      43.6816     0.364259    0.0320871
    -14.7326      43.7286     0.365604  -0.00923451
    -14.6041      43.7775     0.361972   -0.0427052
    -14.4719       43.827     0.353692   -0.0746864
    -14.3379      43.8755     0.340597    -0.110113
    -14.2042      43.9216     0.322044    -0.154314
    -14.0727      43.9638     0.296819    -0.214789
    -13.9453      44.0005     0.262901     -0.30216
    -13.8234      44.0309     0.225575    -0.287216
    -13.7057      44.0558     0.193355    -0.243051
    -13.5901      44.0769      0.16868    -0.173322
    -13.4748      44.0955     0.153305   -0.0885995
    -13.3577      44.1132     0.147965  -0.00295605
     -13.237      44.1314     0.152306    0.0707536
    -13.1107      44.1515     0.165059     0.124448
    -12.9768      44.1751     0.184386     0.155887
    -12.8337      44.2034     0.204937     0.112093
    -12.6828      44.2359     0.218456    0.0662301
     -12.527      44.2712     0.226223    0.0324704
    -12.3694      44.3078     0.229102   0.00342746
    -12.2129      44.3442      0.22731   -0.0263897
    -12.0606       44.379     0.220482   -0.0629791
    -11.9153      44.4106     0.207525    -0.115733
    -11.7802      44.4377     0.186194    -0.203493
    -11.6581      44.4588     0.153507    -0.310239
    -11.5491      44.4737     0.116276    -0.362921
      -11.45      44.4834     0.079122    -0.374241
    -11.3575      44.4892    0.0463723    -0.320649
    -11.2684      44.4922     0.022615    -0.203291
    -11.1794      44.4936    0.0110542   -0.0557266
    -11.0871      44.4946    0.0122999    0.0754439
    -10.9883      44.4963    0.0244085     0.159433
    -10.8796         44.5    0.0437889     0.172491
    -10.7592      44.5063    0.0596574    0.0985538
    -10.6286      44.5148    0.0693526    0.0533637
    -10.4897      44.5249    0.0744993    0.0225045
    -10.3447      44.5358    0.0759826  -0.00117027
    -10.1954      44.5471    0.0742429   -0.0217459
     -10.044       44.558    0.0694113   -0.0420443
    -9.89245       44.568    0.0613605   -0.0645677
    -9.74272      44.5764    0.0496978   -0.0922063
    -9.59648      44.5826    0.0360129   -0.0905905
    -9.45328      44.5869    0.0236656   -0.0811217
    -9.31195      44.5895    0.0130761   -0.0681634
    -9.17132      44.5907   0.00456187   -0.0525649
    -9.03021      44.5909  -0.00165884   -0.0354893
    -8.88747      44.5903  -0.00548408   -0.0182254
    -8.74191      44.5894  -0.00693133  -0.00198295
    -8.59237      44.5884  -0.00612682    0.0122766
     -8.4378      44.5876  -0.00443859    0.0001358
    -8.27904      44.5868  -0.00647221   -0.0253774
    -8.11833      44.5853   -0.0125735   -0.0507783
    -7.95796      44.5825   -0.0229403   -0.0793467
     -7.8002      44.5778   -0.0381413    -0.114991
    -7.64733      44.5704   -0.0592115    -0.163439
    -7.50164      44.5598   -0.0878596    -0.234303
    -7.36541      44.5453    -0.126865    -0.345303
    -7.24088      44.5263    -0.179603    -0.465144
     -7.1283      44.5027    -0.232416    -0.441149
    -7.02471      44.4758    -0.275067    -0.341686
    -6.92689      44.4466    -0.301824     -0.17174
    -6.83161      44.4164    -0.308724    0.0364936
    -6.73565      44.3863    -0.294762     0.234787
    -6.63578      44.3576    -0.262189      0.37946
    -6.52877      44.3315      -0.2158     0.449092
     -6.4114      44.3091    -0.161558     0.439404
    -6.28153      44.2911    -0.117617     0.249692
    -6.14088      44.2765   -0.0914133     0.130304
    -5.99199       44.264   -0.0785679    0.0463092
    -5.83741      44.2521   -0.0767547   -0.0208886
     -5.6797      44.2395   -0.0849742   -0.0827633
    -5.52139      44.2247    -0.103226    -0.148131
    -5.36505      44.2063    -0.132416    -0.225825
    -5.21321       44.183    -0.174446    -0.326924
    -5.06822      44.1536    -0.227592    -0.373407
    -4.93053      44.1177    -0.282117    -0.392274
    -4.79973      44.0759    -0.336963    -0.405391
    -4.67534      44.0285    -0.391429    -0.411701
    -4.55694      43.9759    -0.444787    -0.410551
    -4.44406      43.9185    -0.496314    -0.401771
    -4.33626      43.8566    -0.545328    -0.385665
    -4.23309      43.7907    -0.591221    -0.362935
    -4.13408      43.7211    -0.633222    -0.324549
    -4.03785      43.6477    -0.668574    -0.256477
    -3.94213      43.5699    -0.695282    -0.176008
     -3.8446      43.4869    -0.712643   -0.0970349
    -3.74293      43.3982    -0.720987   -0.0298325
     -3.6348       43.303    -0.721395    0.0206388
    -3.51789      43.2007    -0.715352    0.0540204
    -3.38987      43.0906    -0.704444    0.0727822
    -3.24843      42.9721    -0.690377    0.0687995
    -3.09308      42.8452    -0.681082    0.0273955
    -2.92737      42.7114    -0.678485  -0.00146401
    -2.75543      42.5725    -0.681516   -0.0254957
    -2.58139      42.4302    -0.689908   -0.0494728
    -2.40936      42.2864    -0.704029   -0.0775975
    -2.24346      42.1427    -0.724928     -0.11519
    -2.08782      42.0009     -0.75457    -0.170948
    -1.94656      41.8628    -0.796391    -0.261479
    -1.82298      41.7299    -0.848595    -0.307801
    -1.71628      41.6021    -0.902738    -0.341388
    -1.62432      41.4789    -0.957002     -0.36182
    -1.54494      41.3597     -1.00908    -0.361535
      -1.476      41.2442     -1.05624    -0.334135
    -1.41536      41.1316     -1.09561    -0.276256
    -1.36089      41.0217     -1.12446    -0.188856
    -1.31043      40.9137     -1.14056   -0.0774986
     -1.2619      40.8071     -1.14619   -0.0550295
      -1.214      40.7001     -1.15449    -0.084995
    -1.16598      40.5898     -1.16598    -0.103812
     -1.1171      40.4736     -1.17958    -0.109678
     -1.0666      40.3485     -1.19412    -0.104623
    -1.01375       40.212     -1.20861   -0.0926505
   -0.957809      40.0611     -1.22231   -0.0777586
   -0.898029      39.8932     -1.23481   -0.0628396
    -0.83369      39.7055      -1.2461   -0.0549977
   -0.765173      39.4978     -1.25852   -0.0587654
   -0.694477      39.2733     -1.27296   -0.0642097
    -0.62373      39.0359     -1.28977   -0.0718426
    -0.55506      38.7891     -1.30945   -0.0823921
   -0.490596      38.5367     -1.33272   -0.0969724
   -0.432466      38.2823     -1.36053    -0.117337
   -0.382799      38.0295     -1.39425    -0.146314
   -0.343722      37.7821     -1.43579    -0.184454
   -0.316526      37.5427     -1.47907    -0.173613
   -0.299789      37.3113     -1.51743    -0.155794
   -0.291546      37.0871     -1.54974    -0.130987
   -0.289832      36.8694     -1.57497   -0.0994424
   -0.292682      36.6573     -1.59216   -0.0615955
   -0.298129      36.4503     -1.60052   -0.0180285
   -0.304209      36.2474     -1.59935    0.0305038
   -0.308955       36.048      -1.5881    0.0829629
   -0.310601      35.8513     -1.57026    0.0879807
   -0.308888      35.6567     -1.55404    0.0785138
   -0.304255      35.4637      -1.5399    0.0676849
   -0.297143      35.2717     -1.52803    0.0557757
   -0.287993      35.0801     -1.51853    0.0431064
   -0.277248      34.8884     -1.51151    0.0300174
   -0.265349       34.696     -1.50699    0.0168514
   -0.252738      34.5023     -1.50498   0.00393685
    -0.23985      34.3068     -1.50522  -0.00403585
   -0.226981      34.1093     -1.50636  -0.00747369
   -0.214291      33.9099     -1.50818   -0.0107858
   -0.201932       33.709     -1.51068   -0.0140067
    -0.19006      33.5066     -1.51384    -0.017168
   -0.178827      33.3029     -1.51767   -0.0202985
   -0.168387      33.0981     -1.52215   -0.0234256
   -0.158895      32.8925     -1.52729   -0.0265749
   -0.150502      32.6862     -1.53306   -0.0274787
   -0.143224      32.4791     -1.53803   -0.0204823
    -0.13679      32.2708     -1.54156   -0.0134624
   -0.130892      32.0607     -1.54366  -0.00658836
   -0.125225      31.8483     -1.54436 -1.42719e-05
   -0.119481      31.6329     -1.54369   0.00612756
   -0.113354      31.4141     -1.54172    0.0117307
   -0.106538      31.1912     -1.53854    0.0167171
  -0.0987247      30.9637     -1.53422     0.021037
  -0.0897078      30.7314     -1.53005    0.0145077
  -0.0797466      30.4956     -1.52737   0.00826513
  -0.0692384      30.2579      -1.5261   0.00250216
  -0.0585809        30.02     -1.52618  -0.00316801
  -0.0481716      29.7836     -1.52762  -0.00912139
  -0.0384078      29.5505      -1.5305   -0.0157793
  -0.0296872      29.3224     -1.53497   -0.0236771
  -0.0224072      29.1009     -1.54126   -0.0335656
  -0.0169245      28.8877      -1.5489   -0.0342222
  -0.0131149      28.6829     -1.55528    -0.027682
  -0.0105406      28.4856     -1.55994   -0.0191496
 -0.00875861      28.2951     -1.56262  -0.00856373
 -0.00732589      28.1104     -1.56307   0.00401739
 -0.00579942      27.9309     -1.56109    0.0183898
 -0.00373616      27.7556      -1.5565    0.0341866
-0.000693062      27.5837      -1.5492    0.0508767
  0.00376598      27.4144     -1.53951    0.0567818
  0.00977604      27.2461     -1.53113     0.042211
   0.0170612       27.076     -1.52534    0.0257243
   0.0253161      26.9013     -1.52227   0.00970152
   0.0342353      26.7193      -1.5218  -0.00393404
   0.0435133      26.5272     -1.52361   -0.0141229
   0.0528446      26.3221     -1.52725   -0.0206845
   0.0619239      26.1014     -1.53225   -0.0240631
   0.0704459      25.8622     -1.53815   -0.0239793
   0.0782047      25.6031     -1.54324   -0.0160032
   0.0852913      25.3264     -1.54689    -0.010736
   0.0918515      25.0355     -1.54944  -0.00700334
   0.0980313      24.7334      -1.5511  -0.00416099
    0.103976      24.4233     -1.55202  -0.00182185
    0.109833      24.1085     -1.55226  0.000273686
    0.115746      23.7921     -1.55185   0.00232748
    0.121862      23.4772     -1.55078    0.0045289
    0.128291      23.1669      -1.5495   0.00296098
    0.134884      22.8619     -1.54899  0.000310166
    0.141387      22.5623     -1.54933  -0.00259092
    0.147544      22.2683     -1.55055  -0.00577464
    0.153097      21.9799     -1.55271   -0.0092782
    0.157791      21.6971     -1.55587   -0.0131444
    0.161369        21.42     -1.56009   -0.0174224
    0.163575      21.1487     -1.56545   -0.0221688
    0.164166      20.8832     -1.57173   -0.0232231
    0.163168      20.6229      -1.5774   -0.0202051
    0.160851      20.3666     -1.58212   -0.0165387
    0.157494      20.1132     -1.58579   -0.0123398
    0.153374      19.8613     -1.58833  -0.00776658
     0.14877        19.61     -1.58968   -0.0030075
    0.143962      19.3578     -1.58984   0.00173567
    0.139227      19.1037     -1.58882   0.00626625
    0.134844      18.8464     -1.58671   0.00895199
    0.130973      18.5852     -1.58459   0.00728436
    0.127557      18.3204     -1.58287   0.00575887
    0.124509      18.0522     -1.58152   0.00435012
    0.121746      17.7811     -1.58052   0.00303644
    0.119182      17.5072     -1.57986   0.00179914
    0.116733       17.231     -1.57952  0.000621802
    0.114314      16.9527     -1.57951 -0.000510156
     0.11184      16.6727     -1.57981  -0.00160996
     0.10924      16.3914     -1.58026  -0.00156238
    0.106508      16.1091     -1.58069   -0.0014938
    0.103652      15.8263      -1.5811  -0.00143549
     0.10068      15.5434      -1.5815  -0.00138656
   0.0976027      15.2611     -1.58189  -0.00134632
    0.094428      14.9796     -1.58226  -0.00131428
    0.091165      14.6994     -1.58263  -0.00129009
   0.0878229      14.4211     -1.58298  -0.00127359
   0.0844045       14.145     -1.58342  -0.00218381
   0.0808468       13.871      -1.5842  -0.00353498
    0.077047      13.5987     -1.58535  -0.00490118
   0.0729018      13.3274     -1.58687  -0.00626118
   0.0683078      13.0568     -1.58874  -0.00759329
   0.0631618      12.7865     -1.59097   -0.0088761
   0.0573603      12.5158     -1.59354   -0.0100892
   0.0508001      12.2443     -1.59643   -0.0112141
   0.0433824      11.9717     -1.59951   -0.0100574
   0.0351809      11.6974     -1.60168   -0.0057973
   0.0264879      11.4215     -1.60271  -0.00165712
   0.0176096      11.1438     -1.60261   0.00235197
  0.00885252      10.8641      -1.6014   0.00622008
 0.000522932      10.5823     -1.59912   0.00993845
 -0.00707277      10.2984     -1.59579    0.0134992
  -0.0136282      10.0121     -1.59143    0.0168953
  -0.0188373      9.72346     -1.58611    0.0189613
  -0.0225717      9.43251     -1.58143    0.0132544
  -0.0251909      9.14029     -1.57835   0.00787202
  -0.0271377      8.84795     -1.57682   0.00262309
  -0.0288547      8.55662     -1.57682  -0.00267687
  -0.0307845      8.26745     -1.57839  -0.00821961
  -0.0333698      7.98157     -1.58158   -0.0142194
  -0.0370533      7.70011      -1.5865   -0.0209314
  -0.0422777      7.42423     -1.59331   -0.0286765
  -0.0493724      7.15478     -1.60062   -0.0231476
  -0.0579432      6.89097     -1.60552   -0.0137304
  -0.0673102      6.63132     -1.60774  -0.00321636
  -0.0767927      6.37434     -1.60714   0.00792923
  -0.0857103      6.11857     -1.60367    0.0191614
  -0.0933825      5.86252     -1.59737     0.029909
  -0.0991286      5.60472     -1.58837     0.039634
   -0.102268       5.3437     -1.57691    0.0478883
   -0.102181      5.07805     -1.56447    0.0388582
  -0.0992989      4.80781     -1.55667    0.0192489
  -0.0949439      4.53424     -1.55391   0.00116415
  -0.0904664      4.25863     -1.55599   -0.0162354
  -0.0872167      3.98225     -1.56289   -0.0337069
  -0.0865451      3.70641     -1.57468   -0.0519812
  -0.0898021      3.43238     -1.59159   -0.0718114
  -0.0983378      3.16145       -1.614   -0.0940138
   -0.113492      2.89491     -1.64193    -0.106765
   -0.135624      2.63297     -1.66731   -0.0856158
   -0.163347      2.37397     -1.68648   -0.0610613
   -0.195097      2.11605     -1.69893   -0.0345997
   -0.229306      1.85736     -1.70445  -0.00780588
    -0.26441      1.59605     -1.70308    0.0178279
   -0.298842      1.33025     -1.69512    0.0410145
   -0.331036      1.05811     -1.68108    0.0607569
   -0.359426     0.777771     -1.66164    0.0763995