1.584746999999999950e+01 0.000000000000000000e+00
1.853108444444444558e+01 0.000000000000000000e+00
2.121469888888888988e+01 0.000000000000000000e+00
2.389831333333333419e+01 0.000000000000000000e+00
2.658192777777777849e+01 0.000000000000000000e+00
2.926554222222222279e+01 0.000000000000000000e+00
3.194915666666666709e+01 0.000000000000000000e+00
3.463277111111111140e+01 0.000000000000000000e+00
3.731638555555555570e+01 0.000000000000000000e+00
4.000000000000000000e+01 0.000000000000000000e+00
