0.000000000000000000e+00 0.000000000000000000e+00
1.788888888888888973e+00 0.000000000000000000e+00
3.577777777777777946e+00 0.000000000000000000e+00
5.366666666666667140e+00 0.000000000000000000e+00
7.155555555555555891e+00 0.000000000000000000e+00
8.944444444444444642e+00 0.000000000000000000e+00
1.073333333333333428e+01 0.000000000000000000e+00
1.252222222222222214e+01 0.000000000000000000e+00
1.431111111111111178e+01 0.000000000000000000e+00
1.610100000000000142e+01 0.000000000000000000e+00
1.981147186806667904e+01 7.888976990112688270e-01
2.288119653248122276e+01 3.019183216975418915e+00
2.477839071119327841e+01 6.305219926328605951e+00
2.517501229523549711e+01 1.007882222731733712e+01
2.400248180953300547e+01 1.368750000000000000e+01
2.146354042716881949e+01 1.650728007367139583e+01
1.799719417871205707e+01 1.805059685669597513e+01
1.420280582128794933e+01 1.805059685669597513e+01
1.073645957283118335e+01 1.650728007367139583e+01
8.197518190467000920e+00 1.368750000000000355e+01
7.024987704764507512e+00 1.007882222731734423e+01
7.421609288806724436e+00 6.305219926328605951e+00
9.318803467518776529e+00 3.019183216975421580e+00
1.238852813193331848e+01 7.888976990112688270e-01
1.610200000000000142e+01 0.000000000000000000e+00
1.981147186806667904e+01 7.888976990112688270e-01
2.288119653248122276e+01 3.019183216975418915e+00
2.477839071119327841e+01 6.305219926328605951e+00
2.517501229523549711e+01 1.007882222731733712e+01
2.400248180953300547e+01 1.368750000000000000e+01
2.146354042716881949e+01 1.650728007367139583e+01
1.799719417871205707e+01 1.805059685669597513e+01
1.420280582128794933e+01 1.805059685669597513e+01
1.073645957283118335e+01 1.650728007367139583e+01
8.197518190467000920e+00 1.368750000000000355e+01
7.024987704764507512e+00 1.007882222731734423e+01
7.421609288806724436e+00 6.305219926328605951e+00
9.318803467518776529e+00 3.019183216975421580e+00
1.238852813193331848e+01 7.888976990112688270e-01
1.610300000000000142e+01 0.000000000000000000e+00
1.981147186806667904e+01 -7.888976990112670507e-01
2.288119653248122276e+01 -3.019183216975418915e+00
2.477839071119327485e+01 -6.305219926328604174e+00
2.517501229523549711e+01 -1.007882222731733712e+01
2.400248180953300547e+01 -1.368749999999999822e+01
2.146354042716881949e+01 -1.650728007367139583e+01
1.799719417871206062e+01 -1.805059685669597513e+01
1.420280582128794933e+01 -1.805059685669597513e+01
1.073645957283118513e+01 -1.650728007367139583e+01
8.197518190467000920e+00 -1.368750000000000355e+01
7.024987704764507512e+00 -1.007882222731734423e+01
7.421609288806724436e+00 -6.305219926328605951e+00
9.318803467518776529e+00 -3.019183216975422468e+00
1.238852813193331848e+01 -7.888976990112706034e-01
1.610400000000000142e+01 0.000000000000000000e+00
1.981147186806667904e+01 -7.888976990112670507e-01
2.288119653248122276e+01 -3.019183216975418915e+00
2.477839071119327485e+01 -6.305219926328604174e+00
2.517501229523549711e+01 -1.007882222731733712e+01
2.400248180953300547e+01 -1.368749999999999822e+01
2.146354042716881949e+01 -1.650728007367139583e+01
1.799719417871206062e+01 -1.805059685669597513e+01
1.420280582128794933e+01 -1.805059685669597513e+01
1.073645957283118513e+01 -1.650728007367139583e+01
8.197518190467000920e+00 -1.368750000000000355e+01
7.024987704764507512e+00 -1.007882222731734423e+01
7.421609288806724436e+00 -6.305219926328605951e+00
9.318803467518776529e+00 -3.019183216975422468e+00
1.238852813193331848e+01 -7.888976990112706034e-01
1.610000000000000142e+01 0.000000000000000000e+00
1.875555555555555642e+01 0.000000000000000000e+00
2.141111111111111143e+01 0.000000000000000000e+00
2.406666666666666998e+01 0.000000000000000000e+00
2.672222222222222143e+01 0.000000000000000000e+00
2.937777777777777999e+01 0.000000000000000000e+00
3.203333333333333144e+01 0.000000000000000000e+00
3.468888888888888999e+01 0.000000000000000000e+00
3.734444444444444855e+01 0.000000000000000000e+00
4.000000000000000000e+01 0.000000000000000000e+00
