189
-1.2053545713424683 -2.4342195987701416 1
3.178107500076294 -1.932328701019287 1
7.485589504241943 -1.813536524772644 1
12.131684303283691 -1.6839693784713745 1
16.790725708007812 -1.6339786052703857 1
21.015966415405273 -1.5776764154434204 1
25.94927406311035 -1.684433937072754 1
29.048070907592773 -1.7288788557052612 1
32.611961364746094 -1.8369622230529785 1
35.958824157714844 -2.02518367767334 1
39.90827178955078 -3.046914577484131 1
42.197879791259766 -5.731150150299072 1
42.643951416015625 -7.45758581161499 1
42.62221145629883 -9.845609664916992 1
42.52406692504883 -11.47083854675293 1
42.15972900390625 -13.486030578613281 1
41.45615005493164 -15.18188762664795 1
40.532562255859375 -16.87975311279297 1
38.5180549621582 -18.998863220214844 1
36.203975677490234 -20.470911026000977 1
32.758670806884766 -21.973819732666016 1
28.473556518554688 -23.481792449951172 1
25.443721771240234 -24.17145347595215 1
22.964296340942383 -24.4952335357666 1
18.79351806640625 -23.467641830444336 1
16.173812866210938 -21.452484130859375 1
13.563885688781738 -18.866912841796875 1
11.889633178710938 -17.364273071289062 1
10.303607940673828 -16.09937858581543 1
6.79945707321167 -13.866070747375488 1
4.328303813934326 -13.511563301086426 1
1.123018741607666 -13.71390151977539 1
-2.753823757171631 -14.165826797485352 1
-4.8145432472229 -15.676466941833496 1
-7.1526875495910645 -19.083581924438477 1
-8.184141159057617 -23.216394424438477 1
-7.907784938812256 -27.239025115966797 1
-7.008912086486816 -31.04509925842285 1
-8.421164512634277 -34.92124938964844 1
-10.343802452087402 -39.310264587402344 1
-9.215775489807129 -43.81499481201172 1
-6.920363426208496 -47.6307487487793 1
-4.605972766876221 -50.54775619506836 1
-2.3527348041534424 -51.88927459716797 1
-0.16583850979804993 -52.89080810546875 1
2.041154146194458 -53.27228546142578 1
4.1573920249938965 -53.36496353149414 1
8.751763343811035 -53.05743408203125 1
12.996903419494629 -52.164520263671875 1
16.446369171142578 -52.551719665527344 1
19.58946418762207 -54.87992477416992 1
21.404584884643555 -57.288639068603516 1
23.000000000000000 -60.000000000000000 1
25.262435913085938 -63.392913818359375 1
25.753060913086 -65.97672271728516 1
26.147523880004883 -68.3555679321289 1
24.710147857666016 -69.91590118408203 1
21.122005462646484 -70.25959014892578 1
16.89297866821289 -69.46488952636719 1
12.550552368164062 -68.42035675048828 1
8.614106178283691 -67.52450561523438 1
5.129886627197266 -66.63642120361328 1
1.2918307781219482 -65.51882934570312 1
-0.911457359790802 -64.00048828125 1
-3.1927506923675537 -61.75905227661133 1
-4.889761447906494 -59.921844482421875 1
-7.342668056488037 -57.37907791137695 1
-9.3245267868042 -55.3648567199707 1
-11.927055358886719 -52.585880279541016 1
-13.990721702575684 -50.405086517333984 1
-15.85561752319336 -48.29188537597656 1
-17.421369552612305 -46.340396881103516 1
-18.96347999572754 -44.47200393676758 1
-20.869033813476562 -41.12173080444336 1
-21.783098220825195 -39.55352020263672 1
-22.118432998657227 -36.980892181396484 1
-22.37822914123535 -33.375526428222656 1
-22.28916358947754 -29.805479049682617 1
-21.683494567871094 -25.67263412475586 1
-20.83962059020996 -21.799604415893555 1
-19.733856201171875 -18.06720542907715 1
-18.799781799316406 -14.369050979614258 1
-17.489906311035156 -10.844764709472656 1
-15.561161041259766 -8.869563102722168 1
-13.941559791564941 -7.278768062591553 1
-11.831618309020996 -5.82119607925415 1
-9.602931022644043 -4.786125183105469 1
-6.357803821563721 -3.6278462409973145 1
-3.796358585357666 -2.9046835899353027 1
-1.2053545713424683 -2.4342195987701416 1
-1.7667433023452759 1.4703056812286377 0
2.7608964443206787 1.715367317199707 0
7.278649806976318 1.7270327806472778 0
12.03497314453125 1.7770155668258667 0
16.539243698120117 1.857517957687378 0
21.033550262451172 1.9057978391647339 0
25.82454490661621 1.823697805404663 0
29.008146286010742 1.6881827116012573 0
32.85398864746094 1.5323630571365356 0
36.05413055419922 1.4059867858886719 0
39.64032745361328 1.332922339439392 0
41.84113693237305 0.4617002308368683 0
43.79493713378906 -0.8243304491043091 0
45.312129974365234 -2.631239175796509 0
46.155391693115234 -4.62501859664917 0
46.42206573486328 -7.102548599243164 0
46.53215026855469 -9.607141494750977 0
46.37611389160156 -11.95250415802002 0
45.840171813964844 -14.408729553222656 0
45.09238052368164 -16.519775390625 0
43.66311264038086 -19.095273971557617 0
41.371543884277344 -21.7454833984375 0
37.8901481628418 -24.08298683166504 0
34.6198616027832 -25.537734985351562 0
31.2377872467041 -26.407459259033203 0
27.435110092163086 -27.594654083251953 0
24.48672103881836 -28.271196365356445 0
21.939889907836914 -28.539289474487305 0
17.776226043701172 -27.49943733215332 0
14.972742080688477 -25.15460777282715 0
13.464027404785156 -23.703035354614258 0
11.351754188537598 -21.9376277923584 0
9.284819602966309 -20.39031410217285 0
7.483360290527344 -18.919614791870117 0
4.7759575843811035 -17.49811553955078 0
1.2875914573669434 -17.333209991455078 0
-1.633889079093933 -18.27589225769043 0
-3.179487466812134 -21.729055404663086 0
-3.273709774017334 -25.020490646362305 0
-3.0779802799224854 -27.428274154663086 0
-2.7758777141571045 -30.082868576049805 0
-3.418095827102661 -34.08241271972656 0
-5.170421123504639 -37.14822769165039 0
-6.550363063812256 -40.39131546020508 0
-5.864469528198242 -42.861595153808594 0
-4.377575874328613 -44.94874954223633 0
-2.172990322113037 -47.4768180847168 0
0.14787301421165466 -48.763973236083984 0
4.088644981384277 -48.87944412231445 0
8.054802894592285 -47.91603088378906 0
11.959933280944824 -47.655147552490234 0
14.95924186706543 -47.93500518798828 0
17.607585906982422 -48.6755485534668 0
19.57051658630371 -49.775543212890625 0
22.60651397705078 -52.183685302734375 0
25.34033966064453 -55.39107131958008 0
27.526002883911133 -58.727699279785156 0
29.16377067565918 -62.03339767456055 0
30.100679397583008 -65.72196960449219 0
30.184701919555664 -69.02237701416016 0
29.283241271972656 -72.07379150390625 0
26.989700317382812 -73.96245574951172 0
23.76495361328125 -74.3958969116211 0
19.983386993408203 -74.25006103515625 0
15.700919151306152 -73.0300064086914 0
11.52437686920166 -71.98556518554688 0
7.554224491119385 -71.01436614990234 0
3.993138313293457 -70.14752960205078 0
-0.06681021302938461 -69.10287475585938 0
-3.442270517349243 -67.23098754882812 0
-5.490409851074219 -65.11196899414062 0
-7.245910167694092 -62.59615707397461 0
-9.361226081848145 -60.31473922729492 0
-11.545180320739746 -58.31230545043945 0
-14.415183067321777 -54.93426513671875 0
-16.5186710357666 -52.561187744140625 0
-18.57950210571289 -50.13944625854492 0
-21.812421798706055 -46.62108612060547 0
-24.726701736450195 -43.47515106201172 0
-25.750303268432617 -40.39811325073242 0
-26.047666549682617 -36.970062255859375 0
-25.931560516357422 -32.619327545166016 0
-25.726341247558594 -28.64410400390625 0
-25.001352310180664 -24.676288604736328 0
-24.292245864868164 -20.863292694091797 0
-23.305007934570312 -17.20359230041504 0
-22.131742477416992 -13.64236831665039 0
-20.788522720336914 -9.280586242675781 0
-18.463239669799805 -6.412536144256592 0
-15.602277755737305 -3.6869914531707764 0
-13.574502944946289 -2.1660451889038086 0
-11.514601707458496 -0.8928627371788025 0
-7.043397903442383 0.44019073247909546 0
-4.10932731628418 1.1095694303512573 0
-1.7667433023452759 1.4703056812286377 0
4.7 2.5 3
4.7 -2.5 3
7.3 2.5 3
7.3 -2.5 3

