149
2.500000000000000000e+00 -1.500000000000000000e+00 0.000000000000000000e+00
5.000000000000000000e+00 -1.500000000000000000e+00 0.000000000000000000e+00
7.500000000000000000e+00 -1.500000000000000000e+00 0.000000000000000000e+00
1.000000000000000000e+01 -8.000000000000000444e-01 0.000000000000000000e+00
1.250000000000000000e+01 2.000000000000000111e-01 0.000000000000000000e+00
1.500000000000000000e+01 -8.000000000000000444e-01 0.000000000000000000e+00
1.750000000000000000e+01 -1.500000000000000000e+00 0.000000000000000000e+00
2.000000000000000000e+01 -1.500000000000000000e+00 0.000000000000000000e+00
2.500000000000000000e+01 -1.500000000000000000e+00 0.000000000000000000e+00
3.000000000000000000e+01 -1.500000000000000000e+00 0.000000000000000000e+00
3.500000000000000000e+01 -1.500000000000000000e+00 0.000000000000000000e+00
3.750000000000000000e+01 -1.500000000000000000e+00 0.000000000000000000e+00
3.750000000000000000e+01 -4.250000000000000000e+00 0.000000000000000000e+00
3.750000000000000000e+01 -5.799999999999999822e+00 0.000000000000000000e+00
3.500000000000000000e+01 -6.799999999999999822e+00 0.000000000000000000e+00
3.000000000000000000e+01 -6.799999999999999822e+00 0.000000000000000000e+00
2.500000000000000000e+01 -6.799999999999999822e+00 0.000000000000000000e+00
2.000000000000000000e+01 -6.799999999999999822e+00 0.000000000000000000e+00
1.500000000000000000e+01 -6.799999999999999822e+00 0.000000000000000000e+00
1.000000000000000000e+01 -6.799999999999999822e+00 0.000000000000000000e+00
5.000000000000000000e+00 -6.799999999999999822e+00 0.000000000000000000e+00
0.000000000000000000e+00 -6.799999999999999822e+00 0.000000000000000000e+00
-2.500000000000000000e+00 -5.799999999999999822e+00 0.000000000000000000e+00
-5.000000000000000000e+00 -5.099999999999999645e+00 0.000000000000000000e+00
-7.690000000000000391e+00 -4.360000000000000320e+00 0.000000000000000000e+00
-1.185999999999999943e+01 -6.309999999999999609e+00 0.000000000000000000e+00
-1.324000000000000021e+01 -8.269999999999999574e+00 0.000000000000000000e+00
-1.328999999999999915e+01 -1.215499999999999936e+01 0.000000000000000000e+00
-1.192999999999999972e+01 -1.449499999999999922e+01 0.000000000000000000e+00
-8.154999999999999361e+00 -1.651500000000000057e+01 0.000000000000000000e+00
-5.599999999999999645e+00 -1.694000000000000128e+01 0.000000000000000000e+00
-2.629999999999999893e+00 -1.733999999999999986e+01 0.000000000000000000e+00
-1.300000000000000044e-01 -1.733999999999999986e+01 0.000000000000000000e+00
2.370000000000000107e+00 -1.733999999999999986e+01 0.000000000000000000e+00
7.370000000000000107e+00 -1.733999999999999986e+01 0.000000000000000000e+00
1.236999999999999922e+01 -1.733999999999999986e+01 0.000000000000000000e+00
1.486999999999999922e+01 -1.733999999999999986e+01 0.000000000000000000e+00
1.737000000000000099e+01 -1.633999999999999986e+01 0.000000000000000000e+00
1.987000000000000099e+01 -1.533999999999999986e+01 0.000000000000000000e+00
2.237000000000000099e+01 -1.433999999999999986e+01 0.000000000000000000e+00
2.487000000000000099e+01 -1.383999999999999986e+01 0.000000000000000000e+00
2.987000000000000099e+01 -1.383999999999999986e+01 0.000000000000000000e+00
3.307000000000000028e+01 -1.383999999999999986e+01 0.000000000000000000e+00
-3.450000000000000178e+00 9.506000000000000227e+00 0.000000000000000000e+00
-9.500000000000001776e-01 9.506000000000000227e+00 0.000000000000000000e+00
4.049999999999999822e+00 9.810000000000000497e+00 0.000000000000000000e+00
9.050000000000000711e+00 9.509999999999999787e+00 0.000000000000000000e+00
1.155000000000000071e+01 9.509999999999999787e+00 0.000000000000000000e+00
1.405000000000000071e+01 8.710000000000000853e+00 0.000000000000000000e+00
1.655000000000000071e+01 7.709999999999999964e+00 0.000000000000000000e+00
1.905000000000000071e+01 8.310000000000000497e+00 0.000000000000000000e+00
2.155000000000000071e+01 9.509999999999999787e+00 0.000000000000000000e+00
2.655000000000000071e+01 9.509999999999999787e+00 0.000000000000000000e+00
3.155000000000000071e+01 9.509999999999999787e+00 0.000000000000000000e+00
3.654999999999999716e+01 9.509999999999999787e+00 0.000000000000000000e+00
3.904999999999999716e+01 9.509999999999999787e+00 0.000000000000000000e+00
4.154999999999999716e+01 9.509999999999999787e+00 0.000000000000000000e+00
-5.950000000000000178e+00 1.060999999999999943e+01 0.000000000000000000e+00
-9.028000000000000469e+00 8.266000000000000014e+00 0.000000000000000000e+00
-1.010200000000000031e+01 7.068999999999999950e+00 0.000000000000000000e+00
-1.122400000000000020e+01 4.056000000000000050e+00 0.000000000000000000e+00
-1.044699999999999918e+01 4.081000000000000183e-01 0.000000000000000000e+00
-2.500000000000000000e+00 -1.500000000000000000e+00 0.000000000000000000e+00
-5.000000000000000000e+00 -1.500000000000000000e+00 0.000000000000000000e+00
-7.500000000000000000e+00 -1.500000000000000000e+00 0.000000000000000000e+00
4.442799999999999727e+01 7.716000000000000192e+00 0.000000000000000000e+00
4.500000000000000000e+01 4.016799999999999926e+00 0.000000000000000000e+00
4.500000000000000000e+01 -1.300000000000000044e-01 0.000000000000000000e+00
4.471600000000000108e+01 -2.459999999999999964e+00 0.000000000000000000e+00
4.535000000000000142e+01 -4.750000000000000000e+00 0.000000000000000000e+00
3.662365362977785566e+01 -1.194020767462160038e+01 0.000000000000000000e+00
3.932845003445473253e+01 -1.167881677843984711e+01 0.000000000000000000e+00
4.228856185545384960e+01 -1.000643509169715095e+01 0.000000000000000000e+00
4.391805332359386682e+01 -8.355217745715910027e+00 0.000000000000000000e+00
2.500000000000000000e+00 1.500000000000000000e+00 1.000000000000000000e+00
5.000000000000000000e+00 1.500000000000000000e+00 1.000000000000000000e+00
7.500000000000000000e+00 1.500000000000000000e+00 1.000000000000000000e+00
1.000000000000000000e+01 2.600000000000000089e+00 1.000000000000000000e+00
1.250000000000000000e+01 3.600000000000000089e+00 1.000000000000000000e+00
1.500000000000000000e+01 2.500000000000000000e+00 1.000000000000000000e+00
1.750000000000000000e+01 1.500000000000000000e+00 1.000000000000000000e+00
2.000000000000000000e+01 1.500000000000000000e+00 1.000000000000000000e+00
2.500000000000000000e+01 1.500000000000000000e+00 1.000000000000000000e+00
3.000000000000000000e+01 1.500000000000000000e+00 1.000000000000000000e+00
3.500000000000000000e+01 1.500000000000000000e+00 1.000000000000000000e+00
3.750000000000000000e+01 1.500000000000000000e+00 1.000000000000000000e+00
4.089999999999999858e+01 -5.999999999999999778e-01 1.000000000000000000e+00
4.161999999999999744e+01 -2.459999999999999964e+00 1.000000000000000000e+00
4.165999999999999659e+01 -4.750000000000000000e+00 1.000000000000000000e+00
4.135000000000000142e+01 -6.929999999999999716e+00 1.000000000000000000e+00
3.979999999999999716e+01 -8.226000000000000867e+00 1.000000000000000000e+00
3.750000000000000000e+01 -9.000000000000000000e+00 1.000000000000000000e+00
3.500000000000000000e+01 -9.800000000000000711e+00 1.000000000000000000e+00
3.000000000000000000e+01 -9.800000000000000711e+00 1.000000000000000000e+00
2.500000000000000000e+01 -9.800000000000000711e+00 1.000000000000000000e+00
2.000000000000000000e+01 -9.800000000000000711e+00 1.000000000000000000e+00
1.500000000000000000e+01 -9.800000000000000711e+00 1.000000000000000000e+00
1.000000000000000000e+01 -9.800000000000000711e+00 1.000000000000000000e+00
5.000000000000000000e+00 -9.800000000000000711e+00 1.000000000000000000e+00
0.000000000000000000e+00 -9.800000000000000711e+00 1.000000000000000000e+00
-2.500000000000000000e+00 -8.800000000000000711e+00 1.000000000000000000e+00
-5.000000000000000000e+00 -8.800000000000000711e+00 1.000000000000000000e+00
-7.790000000000000036e+00 -8.660000000000000142e+00 1.000000000000000000e+00
-8.980000000000000426e+00 -8.789999999999999147e+00 1.000000000000000000e+00
-9.560000000000000497e+00 -9.835000000000000853e+00 1.000000000000000000e+00
-9.560000000000000497e+00 -1.103500000000000014e+01 1.000000000000000000e+00
-9.250000000000000000e+00 -1.153500000000000014e+01 1.000000000000000000e+00
-8.119999999999999218e+00 -1.250999999999999979e+01 1.000000000000000000e+00
-6.509999999999999787e+00 -1.303999999999999915e+01 1.000000000000000000e+00
-2.629999999999999893e+00 -1.433999999999999986e+01 1.000000000000000000e+00
-1.300000000000000044e-01 -1.433999999999999986e+01 1.000000000000000000e+00
2.370000000000000107e+00 -1.433999999999999986e+01 1.000000000000000000e+00
7.370000000000000107e+00 -1.433999999999999986e+01 1.000000000000000000e+00
1.236999999999999922e+01 -1.433999999999999986e+01 1.000000000000000000e+00
1.486999999999999922e+01 -1.433999999999999986e+01 1.000000000000000000e+00
1.737000000000000099e+01 -1.333999999999999986e+01 1.000000000000000000e+00
1.987000000000000099e+01 -1.233999999999999986e+01 1.000000000000000000e+00
2.237000000000000099e+01 -1.133999999999999986e+01 1.000000000000000000e+00
2.487000000000000099e+01 -1.083999999999999986e+01 1.000000000000000000e+00
2.987000000000000099e+01 -1.083999999999999986e+01 1.000000000000000000e+00
3.307000000000000028e+01 -1.043999999999999950e+01 1.000000000000000000e+00
-3.450000000000000178e+00 6.509999999999999787e+00 1.000000000000000000e+00
-9.500000000000001776e-01 6.509999999999999787e+00 1.000000000000000000e+00
4.049999999999999822e+00 6.509999999999999787e+00 1.000000000000000000e+00
9.050000000000000711e+00 6.509999999999999787e+00 1.000000000000000000e+00
1.155000000000000071e+01 6.509999999999999787e+00 1.000000000000000000e+00
1.405000000000000071e+01 5.509999999999999787e+00 1.000000000000000000e+00
1.655000000000000071e+01 4.709999999999999964e+00 1.000000000000000000e+00
1.905000000000000071e+01 5.309999999999999609e+00 1.000000000000000000e+00
2.155000000000000071e+01 6.509999999999999787e+00 1.000000000000000000e+00
2.655000000000000071e+01 6.509999999999999787e+00 1.000000000000000000e+00
3.155000000000000071e+01 6.509999999999999787e+00 1.000000000000000000e+00
3.654999999999999716e+01 6.509999999999999787e+00 1.000000000000000000e+00
3.904999999999999716e+01 6.509999999999999787e+00 1.000000000000000000e+00
4.154999999999999716e+01 6.509999999999999787e+00 1.000000000000000000e+00
-5.950000000000000178e+00 6.509999999999999787e+00 1.000000000000000000e+00
-7.131999999999999673e+00 6.041999999999999815e+00 1.000000000000000000e+00
-7.892999999999999794e+00 5.155000000000000249e+00 1.000000000000000000e+00
-8.300000000000000711e+00 3.982000000000000206e+00 1.000000000000000000e+00
-8.279299999999999216e+00 2.373200000000000198e+00 1.000000000000000000e+00
-2.500000000000000000e+00 1.500000000000000000e+00 1.000000000000000000e+00
-5.000000000000000000e+00 1.500000000000000000e+00 1.000000000000000000e+00
-7.500000000000000000e+00 1.500000000000000000e+00 1.000000000000000000e+00
4.212100000000000222e+01 4.065000000000000391e+00 1.000000000000000000e+00
4.202199999999999847e+01 -1.670000000000000095e-01 1.000000000000000000e+00
4.110099999999999909e+01 -2.516000000000000014e+00 1.000000000000000000e+00
3.500000000000000000e+01 -9.800000000000000711e+00 1.000000000000000000e+00
4.000000000000000222e-01 1.500000000000000000e+00 3.000000000000000000e+00
4.000000000000000222e-01 -1.500000000000000000e+00 3.000000000000000000e+00
-4.000000000000000222e-01 1.500000000000000000e+00 3.000000000000000000e+00
-4.000000000000000222e-01 -1.500000000000000000e+00 3.000000000000000000e+00