77
0.000000000000000000e+00 1.675000000000000000e+01 0 
2.917961171783809426e+00 1.616958143539856252e+01 0 
5.391689206547424007e+00 1.451668920654742578e+01 0 
7.044581435398561631e+00 1.204296117178381031e+01 0 
7.625000000000000000e+00 9.125000000000000000e+00 0 
7.044581435398561631e+00 6.207038828216191462e+00 0 
5.391689206547424895e+00 3.733310793452575993e+00 0 
2.917961171783810315e+00 2.080418564601438369e+00 0 
9.337931843498568852e-16 1.500000000000000000e+00 0 
-2.917961171783808538e+00 2.080418564601437481e+00 0 
-5.391689206547424007e+00 3.733310793452574217e+00 0 
-7.044581435398559854e+00 6.207038828216186133e+00 0 
-7.625000000000000000e+00 9.124999999999998224e+00 0 
-7.044581435398560743e+00 1.204296117178381209e+01 0 
-5.391689206547425783e+00 1.451668920654742223e+01 0 
-2.917961171783814311e+00 1.616958143539855897e+01 0  
7.399324293474371039e+00 -1.500000000000000000e+00 0 
9.816220032932420736e+00 -5.058988531120920840e+00 0 
1.062500000000000000e+01 -9.125000000000000000e+00 0 
9.816220032932420736e+00 -1.319101146887907916e+01 0 
7.513009550107067724e+00 -1.663800955010706772e+01 0 
4.066011468879075608e+00 -1.894122003293242074e+01 0 
1.301187224094062724e-15 -1.975000000000000000e+01 0 
-4.066011468879077384e+00 -1.894122003293242074e+01 0 
-7.513009550107069501e+00 -1.663800955010706417e+01 0 
-9.816220032932422512e+00 -1.319101146887907561e+01 0 
-1.062500000000000000e+01 -9.125000000000001776e+00 0 
-9.816220032932420736e+00 -5.058988531120919063e+00 0 
-7.399324293474371039e+00 -1.500000000000000000e+00 0 
0.000000000000000000e+00 -1.500000000000000000e+00 1 
2.917961171783809426e+00 -2.080418564601438369e+00 1 
5.391689206547424007e+00 -3.733310793452575105e+00 1 
7.044581435398561631e+00 -6.207038828216189685e+00 1 
7.625000000000000000e+00 -9.125000000000000000e+00 1 
7.044581435398561631e+00 -1.204296117178380854e+01 1 
5.391689206547424895e+00 -1.451668920654742401e+01 1 
2.917961171783810315e+00 -1.616958143539856252e+01 1 
9.337931843498568852e-16 -1.675000000000000000e+01 1 
-2.917961171783808538e+00 -1.616958143539856252e+01 1 
-5.391689206547424007e+00 -1.451668920654742578e+01 1 
-7.044581435398559854e+00 -1.204296117178381387e+01 1 
-7.625000000000000000e+00 -9.125000000000001776e+00 1 
-7.044581435398560743e+00 -6.207038828216188797e+00 1 
-5.391689206547425783e+00 -3.733310793452576881e+00 1 
-2.917961171783814311e+00 -2.080418564601440146e+00 1 
-7.399324293474371039e+00 1.500000000000000000e+00 1 
-9.816220032932420736e+00 5.058988531120921728e+00 1 
-1.062500000000000000e+01 9.125000000000000000e+00 1 
-9.816220032932420736e+00 1.319101146887907916e+01 1 
-7.513009550107066836e+00 1.663800955010706772e+01 1 
-4.066011468879079160e+00 1.894122003293242074e+01 1 
0.000000000000000000e+00 1.975000000000000000e+01 1 
4.066011468879079160e+00 1.894122003293242074e+01 1 
7.513009550107066836e+00 1.663800955010706772e+01 1 
9.816220032932420736e+00 1.319101146887907916e+01 1 
1.062500000000000000e+01 9.125000000000000000e+00 1 
9.816220032932420736e+00 5.058988531120921728e+00 1 
7.399324293474371039e+00 1.500000000000000000e+00 1 
-15 1.5 2 
-15 -1.5 2 
-12 1.5 2 
-12 -1.5 2 
10 1.5 2 
10 -1.5 2 
15 1.5 2 
15 -1.5 2 
20 -1.5 2 
20 1.5 2 
25 -1.5 2 
25 -0.5 2 
25 0.5 2 
25 1.5 2 
0.5 1.5 3 
0.5 -1.5 3 
-0.5 1.5 3 
-0.5 -1.5 3 