0.0 0.0 2.0
0.0 2.5 2.0
0.0 5.0 2.0
0.0 7.5 2.0
0.0 10.0 2.0
0.0 12.5 2.0
0.0 12.5 -2.0
0.0 12.5 -4.5
0.0 12.5 -7.0
0.0 12.5 -9.5
0.0 12.5 -12.0
0.0 12.5 -14.5
0.0 12.5 -17.0
0.0 12.5 -19.5
0.0 12.5 -22.0
0.0 10.0 -22.0
0.0 7.5 -22.0
0.0 5.0 -22.0
0.0 2.5 -22.0
0.0 0.0 -22.0
0.0 0.0 -24.5
0.0 0.0 -27.0
0.0 0.0 -29.5
0.0 0.0 -32.0
0.0 0.0 -34.5
0.0 0.0 -37.0
0.0 -2.5 -37.0
0.0 -5.0 -37.0
0.0 -7.5 -37.0
0.0 -10.0 -37.0
0.0 -10.0 -37.0
0.0 -10.0 -34.5
0.0 -10.0 -32.0
0.0 -10.0 -29.5
0.0 -10.0 -27.0
0.0 -10.0 -24.5
0.0 -10.0 -22.0
0.0 -10.0 -19.5
0.0 -10.0 -17.0
0.0 -10.0 -14.5
0.0 -10.0 -12.0
0.0 -10.0 -9.5
0.0 -10.0 -7.0
0.0 -10.0 -4.5
0.0 -10.0 -2.0
0.0 -10.0 2.0
0.0 -7.5 2.0
0.0 -5.0 2.0
0.0 -2.5 2.0
1.0 0.0 -2.0
1.0 2.5 -2.0
1.0 5.0 -2.0
1.0 7.5 -2.0
1.0 7.5 -4.5
1.0 7.5 -7.0
1.0 7.5 -9.5
1.0 7.5 -12.0
1.0 7.5 -14.5
1.0 7.5 -17.0
1.0 5.0 -17.0
1.0 2.5 -17.0
1.0 0.0 -17.0
1.0 -2.5 -17.0
1.0 -5.0 -17.0
1.0 -5.0 -19.5
1.0 -5.0 -22.0
1.0 -5.0 -24.5
1.0 -5.0 -27.0
1.0 -5.0 -29.5
1.0 -5.0 -32.0
1.0 -5.0 -14.5
1.0 -5.0 -12.0
1.0 -5.0 -9.5
1.0 -5.0 -7.0
1.0 -5.0 -4.5
1.0 -5.0 -2.0
1.0 -2.5 -2.0